F53BC038EAC4D2EDACEC9CEE047D5EB3,227,res/animation/artifact_girl/ui_wuzhuangji_anmietianleijie.atlas.gz,e5e672f2376252919e29d9565c3d8725
84F61FA02A95FA1FEC210CBAA316AC79,133,res/animation/artifact_girl/ui_wuzhuangji_anmietianleijie.json.gz,fe9edbbfdcccb6919e5de7f14f365c66
8931B424572CB06A039D9BBEABB3E00C,211564,res/animation/artifact_girl/ui_wuzhuangji_anmietianleijie.pkm.gz,77df47b3857be503f83ac0de0e4a07e3
7D47CB9D4DA8CB7DD938FDF268ABF75D,83793,res/animation/artifact_girl/ui_wuzhuangji_anmietianleijie.pkm@alpha.gz,f13f83e04a8c79956b4dd8911f1e2336
E28C6B9B3E7E67197BC11CE35A338FD7,224,res/animation/artifact_girl/ui_wuzhuangji_cangyanpo.atlas.gz,c6bd4ce9b829eec3c32b902e2096c469
0D2E6E38669596013D7C6FAD162BF0B4,130,res/animation/artifact_girl/ui_wuzhuangji_cangyanpo.json.gz,8405c5fb31649f930a289c2090386b00
878E34038B0DDDC112882EF8DC809037,232381,res/animation/artifact_girl/ui_wuzhuangji_cangyanpo.pkm.gz,0309567a0b167a33bde584d3ca397fbb
B85B23C6A9ECB8903B6ABBC93D57AAC8,128026,res/animation/artifact_girl/ui_wuzhuangji_cangyanpo.pkm@alpha.gz,86fe8c913c4c1c61e5696050ef56ee73
943C7951434B1BF896FD87605EB05D36,226,res/animation/artifact_girl/ui_wuzhuangji_daizuiyan_huajia.atlas.gz,a63912eae7d4c4c6cc7adbda7c95b76f
4DE27AE325BA8046BE93BDB0BDC1169C,135,res/animation/artifact_girl/ui_wuzhuangji_daizuiyan_huajia.json.gz,5292149b8683434c99b69483da0981ce
8D6DB8AEE39A2D986B58E4B7DAE93944,197049,res/animation/artifact_girl/ui_wuzhuangji_daizuiyan_huajia.pkm.gz,50d8912ab00cae72e3388ea1b084b03e
465EFD3F790648D99A9E3D47FCCEDB72,77961,res/animation/artifact_girl/ui_wuzhuangji_daizuiyan_huajia.pkm@alpha.gz,75afd08dab1a23bf9c489f61b6deb153
6B56D26B7E10507970D16C796CB7861F,228,res/animation/artifact_girl/ui_wuzhuangji_huanyuyingshazhen.atlas.gz,cf7fc1792520fbe085da1d0d87854f12
B063DD7E9BB6013453A5904E376D97ED,129,res/animation/artifact_girl/ui_wuzhuangji_huanyuyingshazhen.json.gz,a21afa067eef18e4aa3c21440b5bb4d2
6E560B6518F7A7F3F2C711B5405DFBBA,606556,res/animation/artifact_girl/ui_wuzhuangji_huanyuyingshazhen.pkm.gz,bfc2b76890affc61c0469dba45bb92da
E54E82FFA42ABAD57A00DC77A5794F32,226343,res/animation/artifact_girl/ui_wuzhuangji_huanyuyingshazhen.pkm@alpha.gz,fcfb29b19cc7a35abd3919398e7e6c08
D48ABAFE3C178F068513B34F4B5E290D,231,res/animation/artifact_girl/ui_wuzhuangji_qingdianshuangtian.atlas.gz,98ac5a8264de8a6c4bd6a1b870681e53
FF89494983AE282216A0CA7DB9E322AC,131,res/animation/artifact_girl/ui_wuzhuangji_qingdianshuangtian.json.gz,207f56bfa8a7df2dc2e791b7283bcc20
5002CDFF63DD40AC8857655ACD836AB4,325649,res/animation/artifact_girl/ui_wuzhuangji_qingdianshuangtian.pkm.gz,6a92cb9e23ebc3f4873b4ca28ac5ab30
689D81D768DBB8F8C718EDDF28294DD3,126633,res/animation/artifact_girl/ui_wuzhuangji_qingdianshuangtian.pkm@alpha.gz,94529cba4d9099bf529ca1929b694ceb
E403060CF5CFF5CCFEAC5267536AE574,227,res/animation/artifact_girl/ui_wuzhuangji_shixueheiwan.atlas.gz,621db1a2f72bf0645a89278e0e0d882d
58136ED3EB545E59021B0543A4D478DF,131,res/animation/artifact_girl/ui_wuzhuangji_shixueheiwan.json.gz,fefa2ce6f3fdc6784415cf2f73357728
81A7E78F695916A3415CC250B8F97EC0,405007,res/animation/artifact_girl/ui_wuzhuangji_shixueheiwan.pkm.gz,f83b2b50992e09c7aaf3c78ec6730750
3012819B6C7298C86FDFB3E504BE9C4F,50350,res/animation/artifact_girl/ui_wuzhuangji_shixueheiwan.pkm@alpha.gz,64a154114aa4b336a1832eb896210d04
DD6C60B814BB2E029BEB622FCA4E830E,227,res/animation/artifact_girl/ui_wuzhuangji_wanxiangtianxing.atlas.gz,8532c6001116e870110f6c5ecffa5756
D5FA1C8B70C8ACEB7C55DAB098FDD0EB,125,res/animation/artifact_girl/ui_wuzhuangji_wanxiangtianxing.json.gz,86110f4b6cd2ff6b9265c6fe4305a792
316535B040DE080BE3B608D65E20A899,454699,res/animation/artifact_girl/ui_wuzhuangji_wanxiangtianxing.pkm.gz,a55f8cfdeccbdffeaa5d3fb075977d26
A7C0062728DE81A62047FD9C72012573,100943,res/animation/artifact_girl/ui_wuzhuangji_wanxiangtianxing.pkm@alpha.gz,2d79840fe38675c8ce45f75891b18013
BC67824815D4E2EBCFA245565C17FD55,228,res/animation/artifact_girl/ui_wuzhuangji_youmingzanghun.atlas.gz,12572b77560449c1c5f22a755dbf26fb
891E105CAAE6B0E264F7081C9739C6DD,131,res/animation/artifact_girl/ui_wuzhuangji_youmingzanghun.json.gz,e30b2d0e3711dd050434b6d369110435
CF5CD072E7F6CDE1E8EAC1CEC3928180,209687,res/animation/artifact_girl/ui_wuzhuangji_youmingzanghun.pkm.gz,b6948645d2909c3df6ada928b20b8d06
47D79303DC79B8A4132D771A8A55700A,86575,res/animation/artifact_girl/ui_wuzhuangji_youmingzanghun.pkm@alpha.gz,d355523e2ebee9ae7035abaa5305c9df
07CE366490C8ABD0467FCE90E88E123C,221,res/animation/artifact_girl/ui_wuzhuangji_yuanzidaji.atlas.gz,da9af741eb80a693463984da6a07b536
D54730EBF9F3D4CF238A6282EBCCC48E,129,res/animation/artifact_girl/ui_wuzhuangji_yuanzidaji.json.gz,9ae8cdafa0ede9020a56d6de0fef347f
601F7E82A28D85A85EF3918E008C1572,323584,res/animation/artifact_girl/ui_wuzhuangji_yuanzidaji.pkm.gz,f170ee8ec1cd3090020bc9539ac76bd4
6346C7A86C8E049A6080E960958C4F39,106756,res/animation/artifact_girl/ui_wuzhuangji_yuanzidaji.pkm@alpha.gz,3f1397e8dd7cf568da1aec38d1c364a0
A75A700BE25B709893786813D9A174BF,231,res/animation/artifact_girl/ui_wuzhuangji_zhutianshenyao.atlas.gz,f45f3e4463ded0bbc7cb277f0db7dacb
1BFA29719AFB6DBA462602385F52078E,130,res/animation/artifact_girl/ui_wuzhuangji_zhutianshenyao.json.gz,5be1356d0895a1d9b66b201e567f7c95
8AD00DB095569BEC962A4CCBD0F67B27,209727,res/animation/artifact_girl/ui_wuzhuangji_zhutianshenyao.pkm.gz,58ebb87ea5eabcb6845e3ad671a603eb
94474C862FEC3288E3A06ADE23109D9F,111080,res/animation/artifact_girl/ui_wuzhuangji_zhutianshenyao.pkm@alpha.gz,f0f7c24a79c4d32bfd5dea251029695f
7BCA7300DBBA6EE6A47CCA78EE643CCD,227,res/animation/artifact_girl/ui_wuzhuangji_ziyunmeiying.atlas.gz,559cbefaf3c84affb4c6bcf94f061ab9
7C697086E6AF4060260030279FCC5A8E,125,res/animation/artifact_girl/ui_wuzhuangji_ziyunmeiying.json.gz,86110f4b6cd2ff6b9265c6fe4305a792
0686C41989A40EF9BE56AC23DA3E3BDF,314975,res/animation/artifact_girl/ui_wuzhuangji_ziyunmeiying.pkm.gz,e6052a45a89f0515c874fa0261b5257e
9A97657F15EC1861DBFC4DA2998A2C51,51618,res/animation/artifact_girl/ui_wuzhuangji_ziyunmeiying.pkm@alpha.gz,23157acb8391cf917394782441a52019
D62F888C036DDF6FE4B7E561032224CD,370,res/animation/artifact_girl/godweapon_city_girl/banner_wuzhungji01_hou.atlas.gz,633b97584c58c342904eeb14bc79f3cc
EF4161B2A3618DACF50DC04161880480,801,res/animation/artifact_girl/godweapon_city_girl/banner_wuzhungji01_hou.json.gz,33dfdf19dcb674365f284271c71dd26e
F978B6D5D0A0437A536EB36BC6FACDB5,34958,res/animation/artifact_girl/godweapon_city_girl/banner_wuzhungji01_hou.pkm.gz,ebae27da566b96806eabd82be847dd07
7CEFA77EF7A36F0F0754AE6CB6D4FACF,8638,res/animation/artifact_girl/godweapon_city_girl/banner_wuzhungji01_hou.pkm@alpha.gz,a2b0d6af3578b780953f3ddf6a2b933d
130A5EEC4B13BC52A8184DD38B96A59A,762,res/animation/artifact_girl/godweapon_city_girl/banner_wuzhungji01_qian.atlas.gz,5e84e4340153c1264cc952a87af03ee6
21AD4EDBC06DF425CDE438F99659427A,2509,res/animation/artifact_girl/godweapon_city_girl/banner_wuzhungji01_qian.json.gz,e6e1006d28b0c8cabfb7544a58f4e06e
EAF81C5F7187721C5A8130F7D90CA049,9657,res/animation/artifact_girl/godweapon_city_girl/banner_wuzhungji01_qian.pkm.gz,e673490971c26733f2f4eecad441a4c7
50BD31E6AB1E69B573E9877D54F4AC6B,42149,res/animation/artifact_girl/godweapon_city_girl/banner_wuzhungji01_qian.pkm@alpha.gz,1ca357c451b1f3238045a320cccf504d
E7BB3CC879D9E673A61D3F7B560DAC07,632,res/animation/artifact_girl/godweapon_city_girl/ui_wuzhuangji_fenlierzhihun_huajia_zhucheng.atlas.gz,ed0305e48525e29ce20f169b116c0ace
3F57920621BF3FCF134F91DC44C56D18,17881,res/animation/artifact_girl/godweapon_city_girl/ui_wuzhuangji_fenlierzhihun_huajia_zhucheng.json.gz,89e22af5d2dace15bddad928e67b53d2
DB41F70E2ECD71A6EB4E3DACF552B89E,56057,res/animation/artifact_girl/godweapon_city_girl/ui_wuzhuangji_fenlierzhihun_huajia_zhucheng.pkm.gz,76c6bf44fdcf948730686f0cd2549d6c
30B908107EFF3988ACCAC243D5448D25,20539,res/animation/artifact_girl/godweapon_city_girl/ui_wuzhuangji_fenlierzhihun_huajia_zhucheng.pkm@alpha.gz,0f4847bf4c2e018ed81a46c08dbfe9fc
ABD6D1295A88C8644C065943BB4DDA44,543,res/animation/artifact_girl/godweapon_city_girl/ui_wuzhuangji_jiabailizhiyu_huajia_zhucheng.atlas.gz,eee157a5d0a7c944d64bc1fa5e1b3f7a
54681BA4D83C6C37E4553365B665E4CB,9427,res/animation/artifact_girl/godweapon_city_girl/ui_wuzhuangji_jiabailizhiyu_huajia_zhucheng.json.gz,7d00cf6c29a62780ed8b88e28ef39dac
288D449467F6267138E182230D5501BE,26050,res/animation/artifact_girl/godweapon_city_girl/ui_wuzhuangji_jiabailizhiyu_huajia_zhucheng.pkm.gz,3d2158c74425e5db9796402d3f5c28e9
AB53C4CB8B1F434FE9ECA7ED32BD8C2F,7348,res/animation/artifact_girl/godweapon_city_girl/ui_wuzhuangji_jiabailizhiyu_huajia_zhucheng.pkm@alpha.gz,4c08388f6e7a85a4d833259aa779fa0a
4EED108F5B5EB958BA2433D25EF29AAB,1247,res/animation/aureole/tx_guanghuan3.atlas.gz,5224e8dd7816604cebbbe893837eb540
1A236B0A529C8F98392901C5FBBD961B,5617,res/animation/aureole/tx_guanghuan3.json.gz,d3e06fdab9df98189eee0096265356c9
B9EE55F27E9082694A5137ADD3EACE96,296091,res/animation/aureole/tx_guanghuan3.pkm.gz,a7f19e54dc51be4ee4ec73a5a95f9f3b
AF84951DBD7B101359CD5AF48BA4FD14,238979,res/animation/aureole/tx_guanghuan3.pkm@alpha.gz,d4384d2a052cb1d138315376050c5d55
A44CAB9EEB5343BBD57AA8698A72C7D7,1746,res/animation/aureole/tx_guanghuan_ailin.atlas.gz,f0ed9e56e1b41bbdfd27df2f7dd4bdba
BA86490777931A9F14B4F1CBB84C3D32,4031,res/animation/aureole/tx_guanghuan_ailin.json.gz,93c6fc34d73073febe59b5fbc51a0a55
1E48FAD4BFE790AEF4738C452FED7901,1093396,res/animation/aureole/tx_guanghuan_ailin.pkm.gz,2c147a00f3a6992e7ca658b7ce6afd6a
8C285850AA829222FB476D9ED9F208F9,719847,res/animation/aureole/tx_guanghuan_ailin.pkm@alpha.gz,be1325f7b765430df2000a330ebbd007
3ADB2BA15CD383CBFC7B83DA437FF174,1144,res/animation/aureole/tx_guanghuan_bianyuhaike.atlas.gz,51de086291e5382061f9e3105b736e6a
06A9F579CA0F24454456A50342595D6F,2531,res/animation/aureole/tx_guanghuan_bianyuhaike.json.gz,9e6f4172d9b274106fb36d99f975cfee
0AE830B645A4A17AFD3C67202F02C1F8,356916,res/animation/aureole/tx_guanghuan_bianyuhaike.pkm.gz,d60aaa96c886cd9bfa95d55eddc1b090
C4466702D45D330E709A5FA06E01E27B,291344,res/animation/aureole/tx_guanghuan_bianyuhaike.pkm@alpha.gz,0fdbd96283a428ee5fdc5698cdcbe06c
A86BC963E694E0303B6E05EEA7C080A7,1277,res/animation/aureole/tx_guanghuan_heiyan.atlas.gz,6305dd0983ffbd481baf3aed350fffa3
22731DEE32F37B2455FBC41D9FE80AEF,1896,res/animation/aureole/tx_guanghuan_heiyan.json.gz,5b8923f6f8df7a25ea4476e4bca7522e
DF86AAA666AC859D291D5AEBFB3585CF,906527,res/animation/aureole/tx_guanghuan_heiyan.pkm.gz,beb3361775becd1388f2c62fcb29d90b
BF80794D06214032CBFFB2B34472E508,468723,res/animation/aureole/tx_guanghuan_heiyan.pkm@alpha.gz,ef2836c83ba4a7aec1b116591ad37196
B414DBCBD78E3AD518B43BBA28B4FEAC,1396,res/animation/aureole/ui_guanghuan_shuanaiqi.atlas.gz,36e88937de7a3564312c5a6293e1262e
C526CDDFDA357E9FE54E0D9F83EFC359,31111,res/animation/aureole/ui_guanghuan_shuanaiqi.json.gz,5a3f77a9c4b575a1c5f6eff8a5bb6ee3
DA4A713A654B6CC18114CC01838E3ADD,107137,res/animation/aureole/ui_guanghuan_shuanaiqi.pkm.gz,4393e7df88ff9e7580951c01d0250691
C53E49BCF890F66B9EB1EE21E28562A8,76424,res/animation/aureole/ui_guanghuan_shuanaiqi.pkm@alpha.gz,59c2d70cd8e0520c7c90c6b3b60d2b20
8092FE9988037AA4E133B66BE9C0B575,1344,res/animation/aureole/ui_gunghuan_haitun.atlas.gz,b27b74c761294a4572ecd1a8dca51d80
74B617CC4419FA0B6E506853886AAD81,40068,res/animation/aureole/ui_gunghuan_haitun.json.gz,4d393f1f377e352ef595a3d145c5dc86
6C2A7C91022EB8053D83D66979C5A4C1,270137,res/animation/aureole/ui_gunghuan_haitun.pkm.gz,6f97e9a7d96eaf970285d6db2b59c91f
55DEB689D4461B5F0BD4E928BBAAAF84,194195,res/animation/aureole/ui_gunghuan_haitun.pkm@alpha.gz,1988874e1ec1e604d331d3ba15d8ffe4
B44EA58398E5B19CF36E427908403522,1665,res/animation/aureole/ui_tx_guanghuan_2022.atlas.gz,77659e0074e4382741cfc8354acf46fe
877E64DC43EFB8B944ABB78A0B725546,17547,res/animation/aureole/ui_tx_guanghuan_2022.json.gz,985897ecf8088ba32b98e3445a4ca147
CB1D10CAA7091D32F4130605E477658D,532376,res/animation/aureole/ui_tx_guanghuan_2022.pkm.gz,2858839ff0390eafdf20b38c90c19f2e
94BF56D72F82436A10DA353068182504,411821,res/animation/aureole/ui_tx_guanghuan_2022.pkm@alpha.gz,b71d75bddf6e17ccd9c9e87d9f9fc4ac
484DD32E0F4DDADA8E5ECFCC96C09F52,993,res/animation/aureole/ui_tx_guanghuan_aixin.atlas.gz,3440081d98d9153a14d8211e25987664
A882E7D65DEB4DA8677AE9D70476096F,2274,res/animation/aureole/ui_tx_guanghuan_aixin.json.gz,fcfd3c5bcacb304dbd05d4ef0ff35566
017469F54543AF571821BF3E045F66D8,202913,res/animation/aureole/ui_tx_guanghuan_aixin.pkm.gz,bc02553c2ade44c012ec6dcdfec94785
10AD1951291837F6745F33C695C306B3,169472,res/animation/aureole/ui_tx_guanghuan_aixin.pkm@alpha.gz,a50410342ccc874fd7f348539dfde170
FDD2566E86A8DAA4E5957C2932D01217,1002,res/animation/aureole/ui_tx_guanghuan_aixin1.atlas.gz,1b0de241b1d7beb26f93f147c6bbbc99
71C4FD2F9BE12A6691259D8C65CAE97F,2271,res/animation/aureole/ui_tx_guanghuan_aixin1.json.gz,803552ef2f9f15fd20c6b7806f0df066
C8AA41FB017E00B4206F1702F8012ECD,340924,res/animation/aureole/ui_tx_guanghuan_aixin1.pkm.gz,43b5a30b48557828d78e67814a543bc0
66B36E7686F74A5F5679EFBE7A933FC6,265124,res/animation/aureole/ui_tx_guanghuan_aixin1.pkm@alpha.gz,929dbff5a4603ea78077a48cfe9f96f6
63A1C46BF28F7A9E9DFB312725EFF7B8,970,res/animation/aureole/ui_tx_guanghuan_heiyan.atlas.gz,f8715fde68751f9af26e5a790432ebb5
90C0A544528BCCDF9167F426DFC9DD04,2313,res/animation/aureole/ui_tx_guanghuan_heiyan.json.gz,f787c42a6e4b301119431094e274ce6b
43AED7317D7D0605C41CF3D458E3BC75,206923,res/animation/aureole/ui_tx_guanghuan_heiyan.pkm.gz,d2dd9278836e6ce6b0bd8469a2b0b2ca
1F7182C5887C1B8A3C527DB97BE819EC,187662,res/animation/aureole/ui_tx_guanghuan_heiyan.pkm@alpha.gz,57573f2e1a5c9e722f7d56f2d51cf6aa
7184D96C7519FE28422EB4175895D504,1020,res/animation/aureole/ui_tx_guanghuan_heiyan3.atlas.gz,4e420f3c1a04b0f779e6cfbe741b18d5
8989343A997A6F26C1CC6878D40FF1A7,2232,res/animation/aureole/ui_tx_guanghuan_heiyan3.json.gz,950880b21acfbebc2ba13546b719c316
E0E954DCF4532E570CEF7256D99B3E1C,274613,res/animation/aureole/ui_tx_guanghuan_heiyan3.pkm.gz,dc6e45c2134b3e6089d8fe849e9cc2e5
22A7BE1985C24DB8F5560BEB36AE67FB,218641,res/animation/aureole/ui_tx_guanghuan_heiyan3.pkm@alpha.gz,b523899200ce8b7bd321209ad4fc8949
8AFAA4AF6DF15A7110E4AF6EB5C4E7D8,1076,res/animation/aureole/ui_tx_guanghuan_shengyuzhiguang.atlas.gz,3b8f332a7ebd2c9b8244bf0eb642ce16
FB81691CE14CB1EF707AD499B2E8DEAD,1492,res/animation/aureole/ui_tx_guanghuan_shengyuzhiguang.json.gz,63800ee5e662354ce6acc6f08cd4e5dc
88AD07DA0ADE5508533CC4BCD853201B,258919,res/animation/aureole/ui_tx_guanghuan_shengyuzhiguang.pkm.gz,f86be1a2cbbf68cf452ed672575d1bb3
BBBBCA6E7B1083BD9218388E89915E1C,216862,res/animation/aureole/ui_tx_guanghuan_shengyuzhiguang.pkm@alpha.gz,e02870cb95ac29b6e8993cc35df322b9
C56153C020CA794E1A2C34CA8F35E0D1,620,res/animation/aureole/ui_tx_guanghuan_yurenjie.atlas.gz,c0ec6ab9059a9fa4b09a95696f4669d3
7200F6702385E489457AF0ED2F0ADE5A,1438,res/animation/aureole/ui_tx_guanghuan_yurenjie.json.gz,9e71d7c3ad3036d222defb33bdc1f16a
239200FA74A434BFD1D50B4CB77F793F,28066,res/animation/aureole/ui_tx_guanghuan_yurenjie.pkm.gz,669a3d4daecf1035f3e1d39018ba8679
ACEA725C6D90C7D05C2BD411194AEFD2,15207,res/animation/aureole/ui_tx_guanghuan_yurenjie.pkm@alpha.gz,7f61e0431547c0bc961ed15a35066542
B9C527E84F9624E9A3AEC31C7E5E7579,1684,res/animation/aureole/ui_tx_guanghuan_yurenjie.skel.gz,957717a95c607f46b30c6ed5fac76898
5A45323FD1135ED74DCDBEFCB760A4CF,624,res/animation/aureole/ui_tx_guanghuan_yurenjie1.atlas.gz,fdf0bc81b2f3d49f86f8318467c1c6e5
124F44295E5CE85A2FFB00CF6D4C5D2C,1438,res/animation/aureole/ui_tx_guanghuan_yurenjie1.json.gz,9e71d7c3ad3036d222defb33bdc1f16a
F38D5305DF27434D212894FD04DE9EBF,21343,res/animation/aureole/ui_tx_guanghuan_yurenjie1.pkm.gz,7c834f7700b98eaaaa9efc65049b6230
2317252F63FF82909CEA7CE4FD35EC7E,15096,res/animation/aureole/ui_tx_guanghuan_yurenjie1.pkm@alpha.gz,808ea2c44fe8b344cf56ae150b263f59
F4CC2A2F41452E3C74813EDEE1A37401,1098,res/animation/buff/tx_boss_youlingheiqi.atlas.gz,6e23c739aa9ad0cb4680a77b61f7914e
37741D63FEDC360D4A6ACE44F4770407,1529,res/animation/buff/tx_boss_youlingheiqi.json.gz,69df5b17a1ab347d328229cc5425dc0d
771D2145BB607D7A69E818EAEAF9A7D7,161352,res/animation/buff/tx_boss_youlingheiqi.pkm.gz,262f8309321621c4254470914617a398
AF72052A6A4F88B758140D1F26B44616,175974,res/animation/buff/tx_boss_youlingheiqi.pkm@alpha.gz,5c151073cae4dbb31ac8b3a5987e2cdb
F2498375D1C1604590A3F4C79F1FB439,1098,res/animation/buff/tx_boss_youlingheiqi1.atlas.gz,9859d4acd78968ace5b35b92d329e8ee
195B43152E53BAD5435FB54ADA057AA2,1535,res/animation/buff/tx_boss_youlingheiqi1.json.gz,a5b8661a057ee900675889d9fc85b578
424C9903CA657A0E28BEFE1FCB631574,31173,res/animation/buff/tx_boss_youlingheiqi1.pkm.gz,7d26d70e36d223b3862d3d7714b3d2f2
03E1E12AFEB9D937C39DC96B6B9AC4F7,175974,res/animation/buff/tx_boss_youlingheiqi1.pkm@alpha.gz,5c151073cae4dbb31ac8b3a5987e2cdb
696CE73747F2D6389728D301269A0680,668,res/animation/buff/tx_buff_anju.atlas.gz,562e8d02bb01a484a163583fa7b936d8
FBD10ADA586E1E9F5404D45A5D057474,474,res/animation/buff/tx_buff_anju.json.gz,c20810a673c04ca09787d14f3331fc82
B48DDECCBCC29D489C4EAB5A224B0463,108570,res/animation/buff/tx_buff_anju.pkm.gz,10cbb71d6a892503b477e7d6cc3575f6
2F07C1EE653E08143EE71B466B4948A3,76059,res/animation/buff/tx_buff_anju.pkm@alpha.gz,9332fb136f2b4bbcc061c54697e77675
C941012484066DFBE0CE2C4087EF242A,608,res/animation/buff/tx_buff_anjumo.atlas.gz,af77b6023575d5ed8975bb8ff097466f
ECD99DA3BD3387CB77813D8FB2F06A36,6572,res/animation/buff/tx_buff_anjumo.json.gz,9327e0de75fb665a051552a2cbf44691
3DC1B3037DD403AAC68A47F89D006A76,82750,res/animation/buff/tx_buff_anjumo.pkm.gz,1550fd718f14794542bedc0a6a09ea47
71929B6979D847159D97514A1F4EB43F,81044,res/animation/buff/tx_buff_anjumo.pkm@alpha.gz,89aac778fedfe7b7e71eaf208a19e32a
7EFA11C47D4335928E74BB03FFF638D0,628,res/animation/buff/tx_buff_boss_dadunlong_wudi.atlas.gz,86e995004e0de0472a4108a0818dd0da
7FDF2152FC6175390676BCACABF352C4,356,res/animation/buff/tx_buff_boss_dadunlong_wudi.json.gz,cc398f3efd2abb8634c76557d16a5a77
942E0560AE18E7D4CF85D3D469B19B9C,205478,res/animation/buff/tx_buff_boss_dadunlong_wudi.pkm.gz,ad9ceffc2fde2aedac5705349e1bb04e
51DD5443293D4B131D6278DB13E49A89,134306,res/animation/buff/tx_buff_boss_dadunlong_wudi.pkm@alpha.gz,6ea121f10facb4de9b2c81bca538bcd7
2D3100E1149F307409EA2EFD4295472E,290,res/animation/buff/tx_buff_boss_dadunlong_wudiguanghuan.atlas.gz,b6ba3e93fcf456ac02de5aae612a3555
6C71F0505DD8CCA3772D8CDF209D26CC,628,res/animation/buff/tx_buff_boss_dadunlong_wudiguanghuan.json.gz,5486c162a4047eee905502b9b126dfa7
B683C61332D90853DEDAC30BF28BCE69,30358,res/animation/buff/tx_buff_boss_dadunlong_wudiguanghuan.pkm.gz,4e55bbdd9ed764acd450f59a7cc9a219
76DDAA1DDCFEA60D66A4FF06DABD0114,30764,res/animation/buff/tx_buff_boss_dadunlong_wudiguanghuan.pkm@alpha.gz,dd59e952d538458a8808320d3238f924
C95F74D4BF2FEDB5541E17F25049BFE6,515,res/animation/buff/tx_buff_caisehudun.atlas.gz,9d32bf2c3cfc140103ad608763883a7f
06F37E222A7EBC40483B17209A1FE693,322,res/animation/buff/tx_buff_caisehudun.json.gz,6cfde05497e7cc409c1751bc6e488220
AC44878F4C9D19BEFAD1A83854A46FAE,34939,res/animation/buff/tx_buff_caisehudun.pkm.gz,216d40d0aa2231c59f7de120690de174
D6538C4093E89E7E783FB3DC5DEB2014,30993,res/animation/buff/tx_buff_caisehudun.pkm@alpha.gz,b9d43eb9b86ad23b4b218acf96725b0c
D481F385EE3ACB580D7C237CA9873FFE,974,res/animation/buff/tx_buff_cangyanzhuoshao.atlas.gz,4a79702e1eb35b43715260b158b8c049
8DFBFCA5180AD923AAA777092F3AB377,1601,res/animation/buff/tx_buff_cangyanzhuoshao.json.gz,cbb7fcf2144445d9cd077f6475d197f6
B4AD0CFC3F732047B6A0D7ABF0773E86,34267,res/animation/buff/tx_buff_cangyanzhuoshao.pkm.gz,ea15b39533dd12f213afefef19347eb2
036160DEB0E5A60542B6406EE46BD2BD,79526,res/animation/buff/tx_buff_cangyanzhuoshao.pkm@alpha.gz,d247a12e90ce136b638ce9df8101f1ba
7EDAC8B43EC854E9D13EB909518939DB,936,res/animation/buff/tx_buff_cdjianshao.atlas.gz,afb64d5709433ebd16eaa88bb64f0558
E391A542F620E9C26C671EA39A4A3F00,1003,res/animation/buff/tx_buff_cdjianshao.json.gz,d81a667d44e624993f215a1a196d4d0a
83FBA412E315C78FE3ECC1D49E5B2185,82663,res/animation/buff/tx_buff_cdjianshao.pkm.gz,32b7847daf27c4fbc4045f503cefcf92
8CF2E35AD1B373A84ED71F09C94031B6,53368,res/animation/buff/tx_buff_cdjianshao.pkm@alpha.gz,da38e3e76dc5315abf85dccd64c5fd3a
C83BB6DBB5FC2E5AB1125314FF5AE9BD,471,res/animation/buff/tx_buff_chanhui.atlas.gz,dd7c263c49117e1b728d3dba6d49f132
D86855680F53DB0F00EF9C4B47EDD305,587,res/animation/buff/tx_buff_chanhui.json.gz,0630d8bdc0d8ba8d72a263a949b1f9a7
CC905EF6EFEDB4F81AAF013CFE313FBC,68559,res/animation/buff/tx_buff_chanhui.pkm.gz,bb71bb4e1102a7f456b6c6673122baa3
68E8BC3B2A353C9EC453086211647A89,38653,res/animation/buff/tx_buff_chanhui.pkm@alpha.gz,f50d315fcb0843ec7206a5d039133a30
00A50702CD7F13C22BCAAF9DDE92FA7E,213,res/animation/buff/tx_buff_chaosuanzhili.atlas.gz,802d1c45ce4232940ce0d4440b4eb03d
38784A80EFD2BD87177974777340799E,326,res/animation/buff/tx_buff_chaosuanzhili.json.gz,b24de774aa2c9bfab16c668571be9c29
515CFCB9B3BF40DEF51BB6551E26D8DC,2768,res/animation/buff/tx_buff_chaosuanzhili.pkm.gz,a37bb81d88c63444ad5515f124121ba9
EBB9CD5BA4861DAEDC54525863964FCE,2430,res/animation/buff/tx_buff_chaosuanzhili.pkm@alpha.gz,1234211ecc1ec1f2742d2b4d12f3508c
936DAB33B5B755B6CF7BF7ACAC265B86,517,res/animation/buff/tx_buff_chengsehudun.atlas.gz,582882b39273f21cc8747b97c6f23b11
DFE6F6115AEF13915997B7BE821612CB,323,res/animation/buff/tx_buff_chengsehudun.json.gz,c2186d5acc9804496e40579c08068e91
2BFA33D8A5E0D500C758BC106A233482,30314,res/animation/buff/tx_buff_chengsehudun.pkm.gz,eed01078cf7e5cf03e57e6186c3325b1
09C1BE75D35A524DAFEE265353E34E52,32200,res/animation/buff/tx_buff_chengsehudun.pkm@alpha.gz,64d9dcbfddd2ddf18cbc95d85d93e868
3C3091319A7BC02D4C731126F13E601B,521,res/animation/buff/tx_buff_chenmo.atlas.gz,e9cc8075959dd23895379bd53dd5fcc8
8C60196C257A7B4429459F794BA9422A,628,res/animation/buff/tx_buff_chenmo.json.gz,f9d11abdb89049e3f00afa6a75c82ea3
86E15639734D7567E387AD2F9A58423C,58981,res/animation/buff/tx_buff_chenmo.pkm.gz,bafa3866846d747839b3ba23f4c9c084
6FE8B49EEAFCDA8A53FCEC72A0AC705F,35077,res/animation/buff/tx_buff_chenmo.pkm@alpha.gz,a5701604baf20dd3fe140832c35cf21f
A27DEDC61D1D2B8C296F35BF5ABA916B,548,res/animation/buff/tx_buff_dianyan.atlas.gz,75702177f0497a25a632de7b07f2e81b
4588D6E11E21EE27DCD260BB4388D1E4,1250,res/animation/buff/tx_buff_dianyan.json.gz,9c362864c12e116cc2d466c6007cced4
3C8E2CE2419319B4F7611DA75D0D0BB2,15323,res/animation/buff/tx_buff_dianyan.pkm.gz,95aaacaaf70482da25344c0509402796
3283AB8B5695C6DCF2FBE24FF1C986F7,10525,res/animation/buff/tx_buff_dianyan.pkm@alpha.gz,f83001b205e30d9b559a2f38e0eb7a82
9D6BE5FD0CBF1334B21224C2D1DFDCE3,1209,res/animation/buff/tx_buff_du1.atlas.gz,b56d49aa858bbb6033215bfc04a29d77
CEFF49A86618196119874F5FFF976E55,1039,res/animation/buff/tx_buff_du1.json.gz,bc0de73b65184645714401a3a244ac2d
352C1813BBF03CFF13F132FE759B25C3,293272,res/animation/buff/tx_buff_du1.pkm.gz,00b360d1a2bb74947e009508513e771b
59DDBF8407FBDA804933EE3AB39D8472,218108,res/animation/buff/tx_buff_du1.pkm@alpha.gz,20c1f983a73d0921bcdfbb308bc21357
BF86C53E97A8E2FF68ECB79436DD5111,1206,res/animation/buff/tx_buff_dushouji.atlas.gz,0ca5b80e2e2c7e7b0237cad58bb2ec5e
F2395992FD0F0157488D42826BA74C50,1009,res/animation/buff/tx_buff_dushouji.json.gz,ee178e63a8416adf20943f33219fbf06
BB342150EFE352E068CA7958BF30CC9C,293272,res/animation/buff/tx_buff_dushouji.pkm.gz,00b360d1a2bb74947e009508513e771b
CBC702AF2E37B7F4706B2882369D700A,218108,res/animation/buff/tx_buff_dushouji.pkm@alpha.gz,20c1f983a73d0921bcdfbb308bc21357
1EF1F82F0F9346EB218DA3E1D2D7B8B6,951,res/animation/buff/tx_buff_ephuifu.atlas.gz,c274f2a6a3fc435ba932ed554d169550
7985A82DF026CD6A7BC2FCBBAAF693EB,1009,res/animation/buff/tx_buff_ephuifu.json.gz,029b9771400c07d50e0596c1a390c57a
5F505B2768ABD0408F6257BD0BFEB744,77947,res/animation/buff/tx_buff_ephuifu.pkm.gz,b0b4fe44ecc63d446cfa29218d1a6231
5BC1E27DD2638657F0B084D0C59C46F6,53368,res/animation/buff/tx_buff_ephuifu.pkm@alpha.gz,da38e3e76dc5315abf85dccd64c5fd3a
0D5063314B991A10ED5B4869DD2FFB6E,290,res/animation/buff/tx_buff_fangyuliBuff.atlas.gz,1872f86c6a5edaefa6822014e559a8b7
538E14F426864FCBBF71F9C6791EFE91,754,res/animation/buff/tx_buff_fangyuliBuff.json.gz,4d53fdc46be17866990ca57dea102b1b
2A1AC2E4DAA8CBE918045FE8F733685B,25264,res/animation/buff/tx_buff_fangyuliBuff.pkm.gz,896b04985746ec0348993e54e4e4ce9c
269D89CE424A1C9754CE38C6F0E3CAB8,32100,res/animation/buff/tx_buff_fangyuliBuff.pkm@alpha.gz,10cf085dbf6046c914cb51c58d63800e
DA9A649F3ACD5A99283A92ADD702E1D0,799,res/animation/buff/tx_buff_fengshenjiasu.atlas.gz,adddf693358e6cebdde2e82b62670bd4
7F3C2C1CA0B810B17423DF72DCAFBD06,614,res/animation/buff/tx_buff_fengshenjiasu.json.gz,0b20006a689e9726d018639b7833360b
6AE19FE75521F48D8E5B080C11BFB4F6,154708,res/animation/buff/tx_buff_fengshenjiasu.pkm.gz,8253af129aa386b8a6eb981141a5ab1d
1AAD45FAFF511A26A78834EDE61732DF,115171,res/animation/buff/tx_buff_fengshenjiasu.pkm@alpha.gz,c110484bd9e2e3851909731dd1b6096a
C59F30D3B0FEA0948F3076B4D23972AB,551,res/animation/buff/tx_buff_firesnake.atlas.gz,ca0baed0a663e86a95f4c7fe81231e9f
31794A5C261366057AAF4F45D76B3413,351,res/animation/buff/tx_buff_firesnake.json.gz,868451426b9e0459fb2bca1ada3fd8fd
410F57060D1374F6D878A20A8F993668,99570,res/animation/buff/tx_buff_firesnake.pkm.gz,5cabab505befbe9c8b807c8f259bd95d
EA2318817558DB2014DE025E767EF60D,58365,res/animation/buff/tx_buff_firesnake.pkm@alpha.gz,ab5b0cfcf8501a19e5ef02e297e0a5f1
E08827CB20F6C367A0C1F92BF3463401,873,res/animation/buff/tx_buff_fuhuo.atlas.gz,8b916acc1518b5234387bb8dd1cbee7e
0F968A4FCABDD80773D5FD964A933B47,669,res/animation/buff/tx_buff_fuhuo.json.gz,9a2e94ae119352f00efb201f32553dc3
2191A2253F759B0D0033A9630B6062EA,70120,res/animation/buff/tx_buff_fuhuo.pkm.gz,7df316c192c6556b05e67492b3b508a6
BD2CEB0D42E5A1E9B236255134C6076B,60848,res/animation/buff/tx_buff_fuhuo.pkm@alpha.gz,0c10479d1b113a7a0b19472940dc8bad
A612B51856D61C51D785E83416C55910,699,res/animation/buff/tx_buff_fumiandebuff.atlas.gz,426a654e692f49a2283b6d99ad8f463e
8DF48A95C9189125EF247437247A3CC3,474,res/animation/buff/tx_buff_fumiandebuff.json.gz,c20810a673c04ca09787d14f3331fc82
695FE852A45A120687388D1F8066BCAA,55815,res/animation/buff/tx_buff_fumiandebuff.pkm.gz,965ffc7d885c7d29aae4e8aa8f66c352
4B83F79471C8E45AC4ABBB031423B482,76059,res/animation/buff/tx_buff_fumiandebuff.pkm@alpha.gz,9332fb136f2b4bbcc061c54697e77675
1218B27CF282B11CDBDFAD0F16749823,813,res/animation/buff/tx_buff_fuyoupao.atlas.gz,7c5c7fbae45446dc67ee1f0a3505e32b
4D892EA31580587FC36A42F48E62AD4E,1361,res/animation/buff/tx_buff_fuyoupao.json.gz,ce6c13cf042c8adf48584a952d2e8d05
27C05B47AC8422664123BCFB2560EEA1,37228,res/animation/buff/tx_buff_fuyoupao.pkm.gz,9c85eb5f6edef60f1921b07be5c8f09b
F5FA8A11A067692CF76F44636EE8DB80,26409,res/animation/buff/tx_buff_fuyoupao.pkm@alpha.gz,3879e04a7ba35af869478add62cc763a
FC7FD23766139ACB66A449EC5CA0BEA5,814,res/animation/buff/tx_buff_fuyoupao2.atlas.gz,c0beeedc62eb71fc2d9268567c41c132
CC0E054F80DD095F4DA3D4D05B8DAE75,1361,res/animation/buff/tx_buff_fuyoupao2.json.gz,ce6c13cf042c8adf48584a952d2e8d05
D4D8DE333AA19B85BEA53603DAB42D1F,37228,res/animation/buff/tx_buff_fuyoupao2.pkm.gz,9c85eb5f6edef60f1921b07be5c8f09b
0345A043A60975FDC6E5D9DC2284EEAC,26409,res/animation/buff/tx_buff_fuyoupao2.pkm@alpha.gz,3879e04a7ba35af869478add62cc763a
898A344D3BC225161147EF806A8EE1E5,664,res/animation/buff/tx_buff_gandian.atlas.gz,9f74b604e3cee2ec485ea45a8875a90d
1CE2FEB86DD3FE13A45F8AFE1FB463FA,474,res/animation/buff/tx_buff_gandian.json.gz,c20810a673c04ca09787d14f3331fc82
28D045C28ECE5B1F95C78F83F2AF3CDF,55815,res/animation/buff/tx_buff_gandian.pkm.gz,965ffc7d885c7d29aae4e8aa8f66c352
38C786176B329A83E7F976A4672C261E,76059,res/animation/buff/tx_buff_gandian.pkm@alpha.gz,9332fb136f2b4bbcc061c54697e77675
61C38A0E5A88AF134BE3E448940B60F0,291,res/animation/buff/tx_buff_gongjiliBuff.atlas.gz,1e3a1ff67265931b2c930e336e2e23f2
25C3A79CE2664842F2FAEBC59AC2FAA4,686,res/animation/buff/tx_buff_gongjiliBuff.json.gz,a27ea767ef891bdec60695c153ac7432
141C6AF73357D45653AFE8BD8A7829A8,27853,res/animation/buff/tx_buff_gongjiliBuff.pkm.gz,78871ebf3c918c78ee11453e5f0d890d
4A9911F7A959A43F0FEEC6087096E920,30392,res/animation/buff/tx_buff_gongjiliBuff.pkm@alpha.gz,7ee9b2c3446a6075b0b102a3d582a875
E03D06EA5A16283283F1A667BAB4FF27,616,res/animation/buff/tx_buff_gongjiqianghua.atlas.gz,f979d57cd12e2de27226cf7253a8261c
0C4EA1D9D692F5FE8BC7ACE59FA896EC,498,res/animation/buff/tx_buff_gongjiqianghua.json.gz,2ed4668d6758a6e0813948014f1734db
771EE40BD17D66DBA51E5C86915C4179,45747,res/animation/buff/tx_buff_gongjiqianghua.pkm.gz,518dce132f48b78d0941a8c105bbc6dc
E0EABE74222567120A4594279C9805C1,50535,res/animation/buff/tx_buff_gongjiqianghua.pkm@alpha.gz,72df4a5e9d11ae4fe82f13b0645e4f7d
5F9A8F4819DB9286DF469A51CEDEBF8D,788,res/animation/buff/tx_buff_gongjixiajiang.atlas.gz,75907430b97c45c3a2b73cd5982a22c0
A7AA62EE027B86A0D1627203B3CD2812,1658,res/animation/buff/tx_buff_gongjixiajiang.json.gz,a9ed22d51e6e840b04241b9873e1999d
DDD3E00EA70D4B3E7254AE6298EC48D4,37984,res/animation/buff/tx_buff_gongjixiajiang.pkm.gz,13f0e877cc03cfc0839756796eba3d71
D5A77B10617106EAA7EBB952E9B636F9,32297,res/animation/buff/tx_buff_gongjixiajiang.pkm@alpha.gz,67c12f061e006113ddf668e8f23cb04b
BC10C5A86F760A739806688A5205C6DA,539,res/animation/buff/tx_buff_gouhuo.atlas.gz,044c6c77241bc8ea83bc6a8487dda0c2
C2807CFA3654093AEDED5BA588DFB7B0,2963,res/animation/buff/tx_buff_gouhuo.json.gz,f9f4fc7210bccc8c8d31825f1462ba67
99D85E86757D3DF583586DC89A552560,52034,res/animation/buff/tx_buff_gouhuo.pkm.gz,d7a3356036c138ddbc3f0d89dc12f7d2
80F60D3D279E1258E1627DAA3478004F,27130,res/animation/buff/tx_buff_gouhuo.pkm@alpha.gz,21aee55ea2cc5b49c08dbf1423c853cb
922EAAE57B47540471E13AB293B95159,1109,res/animation/buff/tx_buff_goutourensanmiaotexiao.atlas.gz,702332d837525b85e6d58205faa5b42e
397828459BA06F62CF019628845B51A2,953,res/animation/buff/tx_buff_goutourensanmiaotexiao.json.gz,e35772853b400e9a7f3bb5848026f901
F813D6D6961ED676E6A2BC88649939A2,172875,res/animation/buff/tx_buff_goutourensanmiaotexiao.pkm.gz,5e2c576104edc33e2c77340cd3284a13
C4EE0CA2916AB68CDB51939402EE8232,110996,res/animation/buff/tx_buff_goutourensanmiaotexiao.pkm@alpha.gz,cbdb2c06a2b6a12a91b02ded7051a667
95EAF027336A50554199D3637A559A1F,668,res/animation/buff/tx_buff_guiyingbu.atlas.gz,2f5197e3878736f7bdcdb29f2ea193d9
724F243CCF13B45771E223109253C449,3429,res/animation/buff/tx_buff_guiyingbu.json.gz,a830e58f7099624a0d9b5e7284b514f3
1FD41F8F41ACCEF4A4B1C48AF32DAA1F,31025,res/animation/buff/tx_buff_guiyingbu.pkm.gz,d4905cbc2f23aeb969ce1062b6a287af
279081907FEC87DAA19946A09CFFDFE6,23337,res/animation/buff/tx_buff_guiyingbu.pkm@alpha.gz,0e0f517f6a2de5fb2883db2f86ae0d29
B01941948F827F503EC58A52A0284562,586,res/animation/buff/tx_buff_hanbingdun.atlas.gz,68bba77df38d0675cf2ef74bb3533935
B43ACD8EF04CF56D6F2E14ECADB8CFA1,1270,res/animation/buff/tx_buff_hanbingdun.json.gz,30308152129fb656933843781928915d
2E2C3FCDB91809EFBEC99FCFBD19A012,36032,res/animation/buff/tx_buff_hanbingdun.pkm.gz,15fea9a8a621f11ca9459c3a87cf0117
7479D0152EA7D775526D33D9C4F17390,29112,res/animation/buff/tx_buff_hanbingdun.pkm@alpha.gz,320a73bad63ed73eddb2cf89592c767a
74222B1984915101F20900A7B5633911,649,res/animation/buff/tx_buff_hanqi.atlas.gz,c576e704e6377600451bc9aa15a71b24
D2924CE42D0F731380E69A6D9C3A75DA,988,res/animation/buff/tx_buff_hanqi.json.gz,e9db057afecc939ffeccbe243179010c
1BA4A14D15D04726EFA4D4AA28CE3965,57263,res/animation/buff/tx_buff_hanqi.pkm.gz,a6dd19ed378071255491471f9b1e4350
F375DB98C5E56C04A5E69AA23748B8BC,45719,res/animation/buff/tx_buff_hanqi.pkm@alpha.gz,f64cf142678a6a84a363758366d38a75
8F9299033643ACC088CD3EFBF6821910,541,res/animation/buff/tx_buff_hejindianju.atlas.gz,bde0cfd847831107a976ef46d0f3837c
8BC1D37B8BA0E0550787E1359B780C33,288,res/animation/buff/tx_buff_hejindianju.json.gz,40f1c41cd871de3b6082ffea786ea483
A861A4D67AFA2433D28D6EA96741E314,78940,res/animation/buff/tx_buff_hejindianju.pkm.gz,e318cb75a49608f63cb8ac0c4429165a
ABFB41681371E256F96185E12C03806F,47601,res/animation/buff/tx_buff_hejindianju.pkm@alpha.gz,619e421974a6b2ec0e1416e251c3783c
8EE9004A33F27D40F84AB297D0291C6D,983,res/animation/buff/tx_buff_huansu.atlas.gz,61c97b63520d7610707548b2dd103e3b
30B2022951CC7F25F2E14507A2C789C0,1160,res/animation/buff/tx_buff_huansu.json.gz,4e919422f85923565a0a9e514730da7e
FE1800BF686C3A1D4AEBBC6F44C3A549,44067,res/animation/buff/tx_buff_huansu.pkm.gz,6c6b53ab2f492af3b7e311f027fcc643
FBB1B1A7B75AC77AEFD1D08B995A206C,43919,res/animation/buff/tx_buff_huansu.pkm@alpha.gz,ed3e4b446f62a8514e3c56220aa6fffd
7C19306C8BE6FA76651C3DAFB7A59E0F,746,res/animation/buff/tx_buff_huifu.atlas.gz,ed8c700f9b2d410785534d006dbbb113
FB04AFFDC539591C4643130B5CE263B6,1628,res/animation/buff/tx_buff_huifu.json.gz,22ccc8a3e0de37027541257ad6357457
F2B695F6DA68DE4560111A56A915BE53,31804,res/animation/buff/tx_buff_huifu.pkm.gz,dcac128f9881b8b42c9515e0cb084ba9
7D6A2533EB4963C248484B2D8B6A35BA,40260,res/animation/buff/tx_buff_huifu.pkm@alpha.gz,77fe55e8d292822274833e8a650a55aa
2156071DF5A5FAAD9D2E4899EB9A944D,611,res/animation/buff/tx_buff_huilan.atlas.gz,2d35dc53cb67b36bac9b33aecc57e3b8
0ADB8BA90497AC7696AF813729F414BE,409,res/animation/buff/tx_buff_huilan.json.gz,6ec4570f60c8b793817d52de25008dea
60C39371820546A9CE2CED4DFAE3DE1F,26264,res/animation/buff/tx_buff_huilan.pkm.gz,ceb59cd603875b1c9c139e5bc1ade063
91DBC8B718F2E8924C4C73B2AE9D24F6,32930,res/animation/buff/tx_buff_huilan.pkm@alpha.gz,93c5568c16d5e0cfe665a62f13e1503d
7A147DBF2102C10A29B248FD33CC61D3,586,res/animation/buff/tx_buff_huixue.atlas.gz,e85a300acac75076b16346ff108807dc
121969A6CB207A3F967DA26976C70E1B,403,res/animation/buff/tx_buff_huixue.json.gz,4adb68152218912243cd605c8a109ab8
64A07C018E6AD451D400FCB495044A3E,59987,res/animation/buff/tx_buff_huixue.pkm.gz,4035a656b5aea6d9c15dd3d9bf8246f5
EA4D84677C4B148FC09C07ED71BA5D52,47414,res/animation/buff/tx_buff_huixue.pkm@alpha.gz,d98e4e8ad99ef27a67efa4aebcdf88a7
009FD6D3922690DCEA31E1B1F638A999,951,res/animation/buff/tx_buff_huixue2.atlas.gz,2d25fc787c5b60ecdd8f16ca8e855073
4FCDA397F617D82111E3AC08790EF814,1038,res/animation/buff/tx_buff_huixue2.json.gz,f08c5a04babb7f9d42e150cd4e346ec6
63A506AF32D0F8FE0A613BD15DA21C47,77947,res/animation/buff/tx_buff_huixue2.pkm.gz,b0b4fe44ecc63d446cfa29218d1a6231
07A7A939C42A9A0E4C570A8AE48224A8,53368,res/animation/buff/tx_buff_huixue2.pkm@alpha.gz,da38e3e76dc5315abf85dccd64c5fd3a
5B03E8DA6FEE4B81893486C6ECC16618,780,res/animation/buff/tx_buff_huixuechuxian.atlas.gz,72302e2add6e80711659b2d8de6ab12c
77126AE55C65EB59031CF7EEB5D4C9A1,545,res/animation/buff/tx_buff_huixuechuxian.json.gz,296e00ed33686ec0914ce67512d5844f
76328A0FA44BDE672792E9BE7E90B97F,157107,res/animation/buff/tx_buff_huixuechuxian.pkm.gz,2e9632911020de16edf8be2ce0389cf1
A7144A3EDDE2129B877D7FA80C374693,83621,res/animation/buff/tx_buff_huixuechuxian.pkm@alpha.gz,4985a0712fc388233dd3e7e402c89ca4
77CCA36CFEAEFE6F5BAD1DDD457C158D,594,res/animation/buff/tx_buff_huoyandun.atlas.gz,c903675c49e3df7dfac5595f3af17d4a
543A0FA09FB70338DA45D61DBE2C4C91,3488,res/animation/buff/tx_buff_huoyandun.json.gz,ead14daeaee4cab65f88356de4a04100
F036ABA4BBFC91AE00DB1DE86B3420FB,25699,res/animation/buff/tx_buff_huoyandun.pkm.gz,7cd42265f2333a8e0b75e06b6e4ecb02
2F72785DA9BEC6D77EA7B31659C7AB5A,18939,res/animation/buff/tx_buff_huoyandun.pkm@alpha.gz,d29af132dc3d63e27d87588f41505e78
A240718D2591FDCF0703A7E232128536,866,res/animation/buff/tx_buff_huoyanganzhi.atlas.gz,290174f5af53387063f9e2cfd6ef8daf
F7A1D686C791170885191DAF229A952A,966,res/animation/buff/tx_buff_huoyanganzhi.json.gz,86ff94598b4b72ac5869a0e6b5bdf0cc
D97F4B31FB80E8473C9AAABE86C35E03,96277,res/animation/buff/tx_buff_huoyanganzhi.pkm.gz,22b0d0e6a379b77ddfdd1aa18506486c
484828B7FFC4F26CC8588DEA3C9F3F03,72624,res/animation/buff/tx_buff_huoyanganzhi.pkm@alpha.gz,34f9b5645a7a6ea2afe6437f80f9e8d5
013EB95F4FC9E317E7BC14E6DECD4F52,699,res/animation/buff/tx_buff_jiansu.atlas.gz,fd1fdbade667a821625fc31fd0e0c49b
CE92604B48BE03147FF95876D4198A96,709,res/animation/buff/tx_buff_jiansu.json.gz,66dc5d01dec0290166594290dbf21dd9
492B91AF0F70B4B8C24B8C7FBDBB091B,26944,res/animation/buff/tx_buff_jiansu.pkm.gz,759a24c6353ab1f65739145b3b9deb9a
9CDF4B1428E3EC9182711177C0E13B34,23460,res/animation/buff/tx_buff_jiansu.pkm@alpha.gz,bd367406387e8248c52bdc8c7b6f9074
502D150FA21BDA2E4E2C31D14DF42E06,825,res/animation/buff/tx_buff_jiasulingyu.atlas.gz,3b5ad050d0a2c3266024bd7afbbe4eb7
C41C46BC872A4A74D807B7AAD30154D3,2636,res/animation/buff/tx_buff_jiasulingyu.json.gz,8c19b62cae9a5be63061217ab86aeed2
905F289F4ECF5113E6E7CAA8FF35632E,5521,res/animation/buff/tx_buff_jiasulingyu.pkm.gz,6c2fe8835512fa7cbf53183e0ecee727
C8AC8DEF112F63A98465C0CF6A25B8A2,4083,res/animation/buff/tx_buff_jiasulingyu.pkm@alpha.gz,281a31feb46875fe8a925d0a34532916
B3FF02F1BBB237B87C628DF263860F21,637,res/animation/buff/tx_buff_jinengqianghua.atlas.gz,87c9ad15da726bff0d550c2a1212b543
BA540FCFD354D83DBF0554470F1BA57B,487,res/animation/buff/tx_buff_jinengqianghua.json.gz,14c68bde8989fca9aae2a5a23b8be5fa
8C327DA356F5C1FAA2D29334C35BF9CC,44258,res/animation/buff/tx_buff_jinengqianghua.pkm.gz,e129ac5de7eb30f7f931ad2f25546a41
1769D1A84068B8B7C4C1B08ECD60CF3E,49426,res/animation/buff/tx_buff_jinengqianghua.pkm@alpha.gz,d72f8fa5cdd3c78a5f1a98eb092a0bac
4D5C24130116C4F3B3A45DE21FCF6595,951,res/animation/buff/tx_buff_jinghua.atlas.gz,7c43df1b0e0df50718af316ecb1ae90d
B6584EC316F60D04E910085AEA2AB95D,1032,res/animation/buff/tx_buff_jinghua.json.gz,5f70557b02de47528aa5571214463f83
EF9F63064064D042485AFBF8B09C1FF6,77947,res/animation/buff/tx_buff_jinghua.pkm.gz,b0b4fe44ecc63d446cfa29218d1a6231
A4B0A5678DBD6FB6BE7C8320457B3293,53368,res/animation/buff/tx_buff_jinghua.pkm@alpha.gz,da38e3e76dc5315abf85dccd64c5fd3a
275DFCB3A6180916F42F5BF6D631D6E5,1144,res/animation/buff/tx_buff_jingjizhifu.atlas.gz,e7531bd595195684c3b799fa679cf9c3
756AE7465787D85504DE5EAD219E4585,1096,res/animation/buff/tx_buff_jingjizhifu.json.gz,c17ce5820e8e8f17dce6a0bdafa1f9dd
07C0D5215117C42DA39F01A1E3E06677,136924,res/animation/buff/tx_buff_jingjizhifu.pkm.gz,8877bfda75f430118058ca16d7dc6b79
6F2ADAF84976912FC9C2CDE6B0C3AC7F,88971,res/animation/buff/tx_buff_jingjizhifu.pkm@alpha.gz,7f3d260e6ed962f9b0b54495838c8285
F87CAB81D0A04818886C0032B602F025,587,res/animation/buff/tx_buff_jiuhui1.atlas.gz,c9b472ee3092ac10d8d0525137811dd8
E2165FF51467586171169FFD30454720,343,res/animation/buff/tx_buff_jiuhui1.json.gz,b42866c8601b70dcb9785d5433364151
6CE7EE76793CAB55C1C08A611A1FD340,262111,res/animation/buff/tx_buff_jiuhui1.pkm.gz,f7971c21c5afadb877ded768a10817eb
55FDB6CF7C2FB1424B71FB07B90DD4BF,178921,res/animation/buff/tx_buff_jiuhui1.pkm@alpha.gz,60cff3c43ef69de317d2590637424f9a
AEB20EDFB4A1EA433B6CCF929B05B868,767,res/animation/buff/tx_buff_kuangbao.atlas.gz,00133a2369a9e56d971f5c04308c9466
9C7C68290D973D9271D661CC5304B9FF,1325,res/animation/buff/tx_buff_kuangbao.json.gz,17fbcae534ac0b2a7eaffa8a39bb2062
A5FCF9EB1188230E975CFDA8BE8A6D3D,71643,res/animation/buff/tx_buff_kuangbao.pkm.gz,dfd6750089a773ed8b2628d78b5d3d2e
5BA6F89579ABE86CBDBCABEC620C6D4A,63788,res/animation/buff/tx_buff_kuangbao.pkm@alpha.gz,dc69ccf3433bc2552c8396a7f87e0a41
0B86E85A508EF7469CB46D93D938EECB,847,res/animation/buff/tx_buff_kuangbaobingqi.atlas.gz,8593ec8973ab4b19e8d9c7ed49171c5a
3AA4B5D65E15A282DDDED6530E5893BB,792,res/animation/buff/tx_buff_kuangbaobingqi.json.gz,64d472db282b780080847c41f5bcead0
D35C6BD9CC8870AA402C1466BD8F72BE,59322,res/animation/buff/tx_buff_kuangbaobingqi.pkm.gz,fa8aa6e0efca9c3d7c1d8f405ab21b2d
B3696BC95703596F71BA4EB942FD7D52,35288,res/animation/buff/tx_buff_kuangbaobingqi.pkm@alpha.gz,29e45ff582669723eb45fcd8f8c1d842
28C3400477BC4D9722ACBD7F66795F45,510,res/animation/buff/tx_buff_liujimiezhiyan.atlas.gz,27a76cce7517dea99404459c007af265
537996B9ABC7DFA369887A295EBB86AB,895,res/animation/buff/tx_buff_liujimiezhiyan.json.gz,725c9a9b74a0bb41e0fbe8e5968044ff
38FB403746932096118D7EEDD3ACCF7D,46547,res/animation/buff/tx_buff_liujimiezhiyan.pkm.gz,4e346e846178ded952f31868d59d1f8e
6E9E4977B25DF735BC863950A191DAAF,32189,res/animation/buff/tx_buff_liujimiezhiyan.pkm@alpha.gz,c70177d33354a79250b6acd1c0026d88
FDD0D131B0214FEDFFF2A5CFAD39B7BB,734,res/animation/buff/tx_buff_mubei.atlas.gz,b14dd0066560b9f58c0925da22174931
46005F2EACC8A8C3ADE88E63A2EBAA2A,2151,res/animation/buff/tx_buff_mubei.json.gz,7d6fb4621c2165d756b0f1c8fff47d3e
748B24CD2F0C52379AD616939D228F8E,56665,res/animation/buff/tx_buff_mubei.pkm.gz,92022409f608b65ffd86cc03adb5d9bd
63212BA9DDB5499B97FB1D4271708C75,25409,res/animation/buff/tx_buff_mubei.pkm@alpha.gz,ab70283bf3a741021e09781d3e2a5f4b
9D9EEEBBE56B0A4FFD44BD87272A13E5,393,res/animation/buff/tx_buff_penxie.atlas.gz,122f93ec811b88165accbb1b08b80947
0AB80D10F3243774D912D3651DFE47BD,256,res/animation/buff/tx_buff_penxie.json.gz,a1f35a17fb38ef82043276bb014ade45
7E68CAA7B93A1243F4BB1F4B2DFB4F81,5013,res/animation/buff/tx_buff_penxie.pkm.gz,e13b4e4ca9a71421a6fe37032a492dd5
06D522C8F072F8DEABF6DD4857B49754,5479,res/animation/buff/tx_buff_penxie.pkm@alpha.gz,35ce7ba129938647c422ef00cdb93e96
F1E5405721CED05BA9CF7659A92CFA9D,656,res/animation/buff/tx_buff_podun.atlas.gz,43f85b74f9cc98770898a8c86ca5ee1c
A22E57D176271F4204C7A843BE8F631F,882,res/animation/buff/tx_buff_podun.json.gz,33aae94771bd0c5d44de586a58f10981
0B5B37364682C06B90AD3185B996F29D,48187,res/animation/buff/tx_buff_podun.pkm.gz,6a1ddae231fe6350dd77a7c7c9a01c22
640D621122DFD26B58F9F5933D7B5990,31974,res/animation/buff/tx_buff_podun.pkm@alpha.gz,d634a755b211bc281f9f3f4ad926917a
0C3EC61A5C8412AA96BE14AE4D81A642,1020,res/animation/buff/tx_buff_quanshenguanzhu.atlas.gz,9bfccdbac6dd2da7132592bf3b5278ac
379FD43D4515B53AA76129543F5C1C35,1224,res/animation/buff/tx_buff_quanshenguanzhu.json.gz,8764f76e1657f2f23eb68f23336fd8ed
8E942A6CEE41A6FE5E8DC253DB72D5A8,129596,res/animation/buff/tx_buff_quanshenguanzhu.pkm.gz,8da57ccacfba1edd799c419d6bcba043
D2D40A15DCCCF4C0F8E79A792CB68624,84823,res/animation/buff/tx_buff_quanshenguanzhu.pkm@alpha.gz,e613920b5aa5c7c8d18534429b2adebd
A2D41504194A40389EAA06E3A3940008,1093,res/animation/buff/tx_buff_ranshao.atlas.gz,c5acec33f52815490f0758b215d8b150
14B97FE1D648D289F70B015379E14568,1076,res/animation/buff/tx_buff_ranshao.json.gz,49961726afc3ba14b6b5ea8acf5c41b9
320BC16144B2E12F2B0D63A85416ECA1,64817,res/animation/buff/tx_buff_ranshao.pkm.gz,f671f819408e34ed4c21f9c8de2400d5
FD461C71FB067F362763A68F1A78E620,89714,res/animation/buff/tx_buff_ranshao.pkm@alpha.gz,230659fb38d9002418b2acbca5c2b103
E9B719D29F4E7E88629E4C05BA8C26EF,1066,res/animation/buff/tx_buff_ranshao2.atlas.gz,5b5f5162a4650fc3bd164b3b54db7993
54C15CFB908126A7590E0BC93B414DD0,1721,res/animation/buff/tx_buff_ranshao2.json.gz,57a28640c12ff75f8a28a5e973617741
69A51802FC56122CFE41AFBA97CF52E0,44180,res/animation/buff/tx_buff_ranshao2.pkm.gz,34e54d819bd8b7039e5d57986ed3d630
65E8F07B6D560A8338DC98A5F487C8CE,47248,res/animation/buff/tx_buff_ranshao2.pkm@alpha.gz,f860d3ccecc427562504c9a48a435766
CECE490CD1A34A5F6D68074936123EFC,951,res/animation/buff/tx_buff_rongyanxianjin.atlas.gz,a6bdfd4a1c03bfd260b4e281283173b3
2D33E9325D46AEB4D427EAE3ADDE9C11,3088,res/animation/buff/tx_buff_rongyanxianjin.json.gz,fe73360b731eb61f88839fd9f940d8c7
291B5936760B601F1D934FD92B2D4586,17908,res/animation/buff/tx_buff_rongyanxianjin.pkm.gz,e55b049f9d14d8f6be2cefa541c46e73
1765A54010E7BD67DD33167A9036F05A,9632,res/animation/buff/tx_buff_rongyanxianjin.pkm@alpha.gz,ca110c4547b0e0820a8b6ac5ec4f546d
69F76F7C37170D05F3574387F55B3680,691,res/animation/buff/tx_buff_ruodianfangda.atlas.gz,a571380dd6fe63dadac047cf19ab4aab
08ED83445AC3C2F89CBC139FB6F48598,600,res/animation/buff/tx_buff_ruodianfangda.json.gz,ad3a2619acb74d4eb89cf0fe160f0b6f
658948D21C169B35D12DBD32E25E7C6B,42016,res/animation/buff/tx_buff_ruodianfangda.pkm.gz,a423766402b95930851db61219985035
21ED7E4F69DA1A181582D4233E725F2E,56468,res/animation/buff/tx_buff_ruodianfangda.pkm@alpha.gz,e54c1c536e4c73ec5181a99a31a4258b
BF154DA5C13B190C323E1418435D5FD6,768,res/animation/buff/tx_buff_shengminghuifu.atlas.gz,b28b162a404e8448216a7ed9b964985c
EE32C6FD5B3B5EB9B23F14083A95DD60,616,res/animation/buff/tx_buff_shengminghuifu.json.gz,7fa0d2be3dceddfff736ea456a9df2c2
B0F3AD6A3541C4B5BAA6EEB85A04FF1C,21485,res/animation/buff/tx_buff_shengminghuifu.pkm.gz,af47b2cbdf374eacfa85c8146559463b
EC15554DA1004A7A8EB185725F7A93FE,20961,res/animation/buff/tx_buff_shengminghuifu.pkm@alpha.gz,79a747606cf64a6257956f28c5cbaa1d
6D756E2E9C05033CF273CBB48F09C2E1,286,res/animation/buff/tx_buff_shiming.atlas.gz,1bf232e7ebc0a5bbdc2e8e2aac997cb4
F6C6C1043BC3D1729764D27CC23106B2,496,res/animation/buff/tx_buff_shiming.json.gz,8dc305be48b12b3040b1152d9733ae21
5A2A8B50F46A27E591B93BD41B25234E,3474,res/animation/buff/tx_buff_shiming.pkm.gz,685be45c9cce6f22d15fbe7e60c64263
18A79CBB104308168E30B221DAA29D5F,3040,res/animation/buff/tx_buff_shiming.pkm@alpha.gz,7488a147d9c02ca740d667874eeced22
4333925B91738ED5C6BB3A80ED421692,1099,res/animation/buff/tx_buff_shizhuangheiqi.atlas.gz,146d1197c2e901f3bc68d58ccf271288
7C17F9DFCEF6F6C2DF7F22A779F2D8FA,1278,res/animation/buff/tx_buff_shizhuangheiqi.json.gz,10282656763e7cf30b266a9ee2b90a48
93ABD28AA91F46E0DA021114DE38BBBE,31173,res/animation/buff/tx_buff_shizhuangheiqi.pkm.gz,7d26d70e36d223b3862d3d7714b3d2f2
CC9F250E87CCAB682AD04F9BF2C30A61,175974,res/animation/buff/tx_buff_shizhuangheiqi.pkm@alpha.gz,5c151073cae4dbb31ac8b3a5987e2cdb
34E30FD08A1AE43C46305912E42F3B0B,989,res/animation/buff/tx_buff_shufu.atlas.gz,84eda0f9082618d685d6572432850632
2ADA4C4344444DE27A83F90C6AFFF054,1178,res/animation/buff/tx_buff_shufu.json.gz,2428ca8838db18aa90a7b46b8c2f6c39
506638AC961266F31D7B6A03E701401A,44067,res/animation/buff/tx_buff_shufu.pkm.gz,6c6b53ab2f492af3b7e311f027fcc643
32EEEE303F7DD216D5C724FE00C07D38,43919,res/animation/buff/tx_buff_shufu.pkm@alpha.gz,ed3e4b446f62a8514e3c56220aa6fffd
8893BE69FC347A4F61C4C45C3EBA808D,330,res/animation/buff/tx_buff_sunshine.atlas.gz,9524fc02452c1471de548b2b17c7aca5
1D70E53173EF18538906D707423F7C03,1629,res/animation/buff/tx_buff_sunshine.json.gz,21f48a05811b2cfa851a45b54c972e32
5D3BEC39D13F5D7F3833786563FC3708,371297,res/animation/buff/tx_buff_sunshine.pkm.gz,1ad71c0ffb76101fc808e99c627ceaa9
3713DC47CB065C8CBEB1DB93232383D9,96286,res/animation/buff/tx_buff_sunshine.pkm@alpha.gz,37fd4bd12e123350c0d44eef7365945b
BDEC09B4B99A9039FB5C2F90FA251851,951,res/animation/buff/tx_buff_tongyongshanghai.atlas.gz,ac86b31cc1e97709bbb3cd04db89cd9c
26033C5E1EB58846ABA6D2C59D1F4F3A,794,res/animation/buff/tx_buff_tongyongshanghai.json.gz,d19fcdd0fd1f492f5b159ccd00310d35
E4A4A1612E61A3CB51A5DB12644DED30,34606,res/animation/buff/tx_buff_tongyongshanghai.pkm.gz,3d917154b84595c889bf6efc8984e2f1
1223C195081FC60CFE4DFD4AE0D93FDE,136991,res/animation/buff/tx_buff_tongyongshanghai.pkm@alpha.gz,6b52d78d3070c48dc46e11be5484e00a
FDA8AE0D3CB285DD0ADB3C4841717EC3,951,res/animation/buff/tx_buff_tphuifu.atlas.gz,413b361f5299f644b831ffa45c1f23c2
68815817B90F6ED7AB556700F83EE3FA,1022,res/animation/buff/tx_buff_tphuifu.json.gz,fad5c9ff023ba1f4f94a757a1564aec4
441596378A79C8970D44DADF5091523B,77947,res/animation/buff/tx_buff_tphuifu.pkm.gz,b0b4fe44ecc63d446cfa29218d1a6231
A94FF60068439058DF359D001F3D709D,53368,res/animation/buff/tx_buff_tphuifu.pkm@alpha.gz,da38e3e76dc5315abf85dccd64c5fd3a
EB4ED914702E1EE43BF45F7DA1B89D71,533,res/animation/buff/tx_buff_wenyimo.atlas.gz,75db2d742bf57afd5a8e0efa0be1a351
47ABE0F06A6F985F9E6DDC39D1165A37,623,res/animation/buff/tx_buff_wenyimo.json.gz,65c6b2b386a08f6b9d55b1ad4b8323b4
7C8E4070F7871AF405E48F3192EF0F69,20583,res/animation/buff/tx_buff_wenyimo.pkm.gz,0f0a7cddc5e21b2d6f85e9090f967bec
A9F0D6C66391DE5966B53899C2F346F0,20102,res/animation/buff/tx_buff_wenyimo.pkm@alpha.gz,de1d1d0db22c56446064e09d8b9d2d5d
493B7596C3CA666590233EC385DE418A,580,res/animation/buff/tx_buff_wudi.atlas.gz,95913292d6401be54a3508b80ce15632
04096A8CEFD981353D0D2DC45B46F46D,414,res/animation/buff/tx_buff_wudi.json.gz,e4c0b7129ab346a32bd51122f499fd97
A4D4F328384139C6D5E67A79F6C7D0BD,205478,res/animation/buff/tx_buff_wudi.pkm.gz,ad9ceffc2fde2aedac5705349e1bb04e
0459CA329829B624D3FB8C0D2CB024F4,134306,res/animation/buff/tx_buff_wudi.pkm@alpha.gz,6ea121f10facb4de9b2c81bca538bcd7
9471EDF7E5C4B12E8B855B64BC739B3A,580,res/animation/buff/tx_buff_wudihuzhao.atlas.gz,371cf2a7b1f0aab54fb6ae567f010d3d
4D70667633F1641414E4DDD49B558C82,805,res/animation/buff/tx_buff_wudihuzhao.json.gz,28d9bfb5abd30d36fbb92b808acc341a
A1FF53D65DDDEF38BA6C0C4D5F17EE18,82747,res/animation/buff/tx_buff_wudihuzhao.pkm.gz,7aa5735b4f87debf3d380cfc4f3ba0ed
C6DA124D799CD7FB4C3FDB28A5E9DD96,67863,res/animation/buff/tx_buff_wudihuzhao.pkm@alpha.gz,6949a20662c7c650dcbdd298328861e2
40CBB8B88589412E70AC78D2CB450C20,886,res/animation/buff/tx_buff_xianluo.atlas.gz,b9b7bee96c7976f1e30888760bed6d3e
12592A3C1AA13C8ABD3961CFD0885032,1375,res/animation/buff/tx_buff_xianluo.json.gz,44510da7e3ebef4c193b832db759f279
28622355CCA8B23DAE4E3F0A0D396FA9,21364,res/animation/buff/tx_buff_xianluo.pkm.gz,944e65bd8e0bb2cadfdbbcceed321607
3B55FE52B8A48CBB1E8180C21B31F1B6,17690,res/animation/buff/tx_buff_xianluo.pkm@alpha.gz,9fbca6147e81d89f18e9df1006a58185
98CB25EB4451907CCFC6D0092969013C,538,res/animation/buff/tx_buff_xingguang.atlas.gz,58925d10a863509cc46e4f90d7c847d5
A9CD62C953343080EE188A5C2337F75F,291,res/animation/buff/tx_buff_xingguang.json.gz,04c6dc77efff618757b0e9e3db2df0c2
A359E39FDB046A559E5082F63AEDCF08,54555,res/animation/buff/tx_buff_xingguang.pkm.gz,829f3a46d49f0ad397a9a214d188a85d
18E3F5F8D9B2596AC7DAB8204146F927,36706,res/animation/buff/tx_buff_xingguang.pkm@alpha.gz,dae5c081d4b88845da228e00779901a4
D670375AA0DAD2DF51E10E951C5E4D17,799,res/animation/buff/tx_buff_xinshou.atlas.gz,02b9f0832d594610c9ccb84c2ec34634
F48D52BAE8FD0F499010CCDA3A7E3434,1338,res/animation/buff/tx_buff_xinshou.json.gz,486e43a4864cfb4b435118801b4e86bc
3E68E815BDA996FDD265375A7C161E22,140951,res/animation/buff/tx_buff_xinshou.pkm.gz,4ad1a53b64981167f1220902629a0580
CAAF5ABAF72C4EB78B76E096B21CC8C7,117688,res/animation/buff/tx_buff_xinshou.pkm@alpha.gz,47be5d11f01771337a6e0a1fed76d6a1
AF80028D40E97D3DFD0C7CD6460B45DA,922,res/animation/buff/tx_buff_xixue.atlas.gz,6492675d230345cf2e03d57e92d930cc
BD33ECAC5617FE823BC1D31BA63EE88E,729,res/animation/buff/tx_buff_xixue.json.gz,a60f423ece81580123297f9b47520bcc
B74EB8B27CB4CF729791863778BEA05E,70035,res/animation/buff/tx_buff_xixue.pkm.gz,6597bb7786d7c04c3358631961c2d782
491D35961B297659D1B0C8CDD5934D4E,52821,res/animation/buff/tx_buff_xixue.pkm@alpha.gz,706b5df5c127bf930db57b065da2ba06
A7BE59E50C9F63D4C0BC6DE0DD7C3178,929,res/animation/buff/tx_buff_xixue_demo.atlas.gz,4ebfedf38aafe2a5347fd2a0357ff0bb
29E56FEA64F990D48D44E8613FE14160,636,res/animation/buff/tx_buff_xixue_demo.json.gz,9bf85a36b1fa5628d1725577683509bc
AEC394824C13C59D454E2DF012C9B4D4,40076,res/animation/buff/tx_buff_xixue_demo.pkm.gz,53ec9a98f7a91cb69d9195d49a5aba6d
35832306DBACC7B349AEF0D498C938D0,52821,res/animation/buff/tx_buff_xixue_demo.pkm@alpha.gz,706b5df5c127bf930db57b065da2ba06
AC540B101D3ED5018E0239C5F2C5B5D3,617,res/animation/buff/tx_buff_xuanyue.atlas.gz,924d6b35e64889707b70c3089e9535c4
D3C0D307D838B3AAA2A197585816185A,562,res/animation/buff/tx_buff_xuanyue.json.gz,271aed97a1cf86bd9bf99dab36d1d057
664A90012886C22A3224D028530FFA05,17053,res/animation/buff/tx_buff_xuanyue.pkm.gz,26cd2e2c07b6c3ab33d325444d50c935
62FFF38E65539EB3C862EDAB5AC469B0,8218,res/animation/buff/tx_buff_xuanyue.pkm@alpha.gz,17cd0da970ff91d549bd6059f2f9cb67
7CF636F48D4D3A0B0066A27C5BD7AA4E,755,res/animation/buff/tx_buff_xuanyun.atlas.gz,02d71335a7f756b7f30839e5017f7233
BFD2976FD24882298E5B6285B84E5840,593,res/animation/buff/tx_buff_xuanyun.json.gz,93baac2b23e72a0e00a0af8793b19c65
3F8AFC3DCAC41076E139926613412C43,37507,res/animation/buff/tx_buff_xuanyun.pkm.gz,a178755423abea8ab28df9c77f550c8b
521A6590A1E0831B01C55AE13FD8E4F2,37885,res/animation/buff/tx_buff_xuanyun.pkm@alpha.gz,e4f810ccc4e239e39c625dd1a4ceb0d7
D58E7FC49DE0B2EA70E885F164166298,611,res/animation/buff/tx_buff_xueyue.atlas.gz,6fa7e74e3bf4e7f1b13a7691f30d7bdb
35A38B80B1926386D4FB6EA88DDE661C,517,res/animation/buff/tx_buff_xueyue.json.gz,59ebc095dde21c91357fad6699db9194
506828D6F2E8C19109872897C625EAE9,30049,res/animation/buff/tx_buff_xueyue.pkm.gz,ec31c324d973f4a8f07ec9e4d16106dc
EB7503FF918152761C34D0C6017F4164,7878,res/animation/buff/tx_buff_xueyue.pkm@alpha.gz,415c58f62cb3786ef1f5d287406d9471
0A12C7198D2AF761C8B8D2026314E5EB,526,res/animation/buff/tx_buff_yinghuadao.atlas.gz,2bd0c34c190a54135aa025582b3a0dac
AC86C49A1362BA60593DFD2D3A93DFEF,470,res/animation/buff/tx_buff_yinghuadao.json.gz,dbd03645cb73137f5aa5692db7ba4378
14DDDB79C031704177CDF97FDF22C921,12826,res/animation/buff/tx_buff_yinghuadao.pkm.gz,0d5df38f5d9a04fb2e21fc37e2612d3e
275B25F14A36B5F9FF79BE9018E7E7C7,8419,res/animation/buff/tx_buff_yinghuadao.pkm@alpha.gz,2c05fab9429ca7647ad19d14b3788991
4FAA93D74013B1F24370116755B93AAB,545,res/animation/buff/tx_buff_yongbingbenneng.atlas.gz,c2c080652dc940048b6fdeea2c24c7aa
453C7676E54EB49C574DE2AE2DEE605D,359,res/animation/buff/tx_buff_yongbingbenneng.json.gz,56a773591ed24502c399c673c325657e
A60E43AFCCE8E0652D8AA31989EA28D0,5701,res/animation/buff/tx_buff_yongbingbenneng.pkm.gz,58caa72308b7a2c6c1b9bb9f22de298a
1AD90B6E74B9994FB74CD7EB6AC72CC2,5486,res/animation/buff/tx_buff_yongbingbenneng.pkm@alpha.gz,aa3b40727f5edf11257cb3782efae681
08E2382F0D762084DD654601CA9AA153,664,res/animation/buff/tx_buff_zengyibuff.atlas.gz,9571d98883e4f7a882a64b1d00dd59b7
84C5336FDFA88E75D3135DD92156ACC9,475,res/animation/buff/tx_buff_zengyibuff.json.gz,c0fec7e54a50fc448098a4413c2adeae
CE761823257CE88CF4376FBAD41D2A09,34846,res/animation/buff/tx_buff_zengyibuff.pkm.gz,6e5db55bf5ac42ed2fc2c680f8ee276c
45F11AC548B943E103EF8157AA716288,72936,res/animation/buff/tx_buff_zengyibuff.pkm@alpha.gz,da286436172b046acedfd61853f59f2a
D0A5A5AA303C18356CFC598FFA4B2B5E,577,res/animation/buff/tx_buff_zhenwudi.atlas.gz,d992d7b483f8c8c5eee690a8f61f9ded
AC7B7F94B0130C0DED91314453D4DBC7,414,res/animation/buff/tx_buff_zhenwudi.json.gz,e4c0b7129ab346a32bd51122f499fd97
A441A9495E367E610C50AD6F20CCD96A,59838,res/animation/buff/tx_buff_zhenwudi.pkm.gz,59cb8e6b0b77fba690a855d812477b7f
4C91B9C4A1D8AA86956DE4D0ED23D883,43322,res/animation/buff/tx_buff_zhenwudi.pkm@alpha.gz,bd03a5f4322d76eb5722d11a37b2db1f
110DA7BF3EF9DF9760D184B5B39ADAB8,943,res/animation/buff/tx_buff_zhuoshao.atlas.gz,a0d8c01156c23816423d8f0c55663bc5
E89E538789AE1091565B078B2D05FEA9,1533,res/animation/buff/tx_buff_zhuoshao.json.gz,53a35d8356cec32895c714e24287f947
3861814389D8CD6639D7D5B36CDE9FDD,20538,res/animation/buff/tx_buff_zhuoshao.pkm.gz,513bc639acf24eb4107e230cde35ae3e
8D6031B3F25DF2784D291762D7430BED,27855,res/animation/buff/tx_buff_zhuoshao.pkm@alpha.gz,c9ea78437b1756ae9df8e31700ea0ab4
D764AC8EABAB7394E684859D3B578FF3,681,res/animation/buff/tx_buff_zidutong.atlas.gz,176d0c1f7699a662ec69d7259f64ada3
3A6038F0730908B59C143EE347D89A08,648,res/animation/buff/tx_buff_zidutong.json.gz,c8f859821359e2280c5ec88a31923325
463DD2BC77A4612C20A5BFD82C7A1B3E,33069,res/animation/buff/tx_buff_zidutong.pkm.gz,d68d47f4018252187999ce40fcaa71d1
F9EDDFB30A77C74C7BD38B39B12395C6,24396,res/animation/buff/tx_buff_zidutong.pkm@alpha.gz,a779749e44f9120d3296684c2235faf1
8E40F479C621529253C075E3C66E6C19,607,res/animation/buff/tx_chognwu_shishi02qian.atlas.gz,c43ccff4010940055e1bacf9d298620e
D8CA8232BA3132A99AEACA09300603C6,344,res/animation/buff/tx_chognwu_shishi02qian.json.gz,a89045a28a292be2b2c6bface02065c1
F96F8C410D90CA2E2C92F8FD9DDA2E7E,192503,res/animation/buff/tx_chognwu_shishi02qian.pkm.gz,edf7b79153eed3a2693a2ce571f3354f
5585035ADD8E8A683F38E808A597FD65,193126,res/animation/buff/tx_chognwu_shishi02qian.pkm@alpha.gz,da50bd6b821e2b37ed583f9cb08cd794
3CF1ED5C1F4A5051E1C7D013A2DD3853,1038,res/animation/buff/tx_lilimu_buff_xieshenfu.atlas.gz,3db1e343f513277059571a56e5427797
92850475168C6123C6292BDD5F17DBC0,2111,res/animation/buff/tx_lilimu_buff_xieshenfu.json.gz,941e37117832029feb2f0ed28a8c334e
F3473749309D85E4345BD9915D6E79AC,135279,res/animation/buff/tx_lilimu_buff_xieshenfu.pkm.gz,e871ca1005f875dcbbc826d8aa78943b
2B827CDB7B66A991C9C2103BFE241249,92071,res/animation/buff/tx_lilimu_buff_xieshenfu.pkm@alpha.gz,73f76f14b016c77e3a15f647d78b466e
5CEA585D704C860EA735F3D4DA50EC91,872,res/animation/buff/tx_lilimu_cdguanghuan.atlas.gz,8820697ff8c92f2e29482654c67172ea
519EBB75E7B304097D9B32C99D92047B,1088,res/animation/buff/tx_lilimu_cdguanghuan.json.gz,946a8fe5768235d4fce4d742a57736c6
B6A08118D53418F5479E610D58AB062B,50811,res/animation/buff/tx_lilimu_cdguanghuan.pkm.gz,398153207b3c519cb86d5ed337ef638d
E075215677982D330C3878CFBC070318,16301,res/animation/buff/tx_lilimu_cdguanghuan.pkm@alpha.gz,63bb1b43cc5d74e9a8b51c7dabcecd1f
4E2AC238F91C2E7B9E0CE6CF14D3047B,1119,res/animation/buff/tx_lilimu_guangzhifuchou.atlas.gz,a089e7ab0760a571d531e1ac8854453e
5BF0D6FC0A9E6A4810757B5468941FE1,1219,res/animation/buff/tx_lilimu_guangzhifuchou.json.gz,28cbfeed9cf68058d996f0cea93ced95
E0DF7055471A529D6744390D6BDBCA3F,167028,res/animation/buff/tx_lilimu_guangzhifuchou.pkm.gz,f8019563479ba4f64dede72dae5830f0
963E6532D7C1C76C1A85C2AA3F837A14,108308,res/animation/buff/tx_lilimu_guangzhifuchou.pkm@alpha.gz,bed2155d986c0f87b603ecbc0553a846
C3E34EAC74A099B831AFDCD54C327973,1188,res/animation/buff/tx_lilimu_leijingling_chui.atlas.gz,fae402e76579ab15bb6bc4a0cbb05eca
F2239B9963C5EE2A32C42B5FCBE7EF72,20881,res/animation/buff/tx_lilimu_leijingling_chui.json.gz,828dfc7ecb51fda8ff64cb338b71000f
5290B7AD413B44FB3F133FEC6C124F72,125192,res/animation/buff/tx_lilimu_leijingling_chui.pkm.gz,fafde4cab023ddef818dde90c2bee3b1
0EB711040752934149075E6F9E9AB77A,118049,res/animation/buff/tx_lilimu_leijingling_chui.pkm@alpha.gz,8cd1bfaffda8c92bbc20ec6f108c02d5
00B0FA138B3465D79286434B966A0C8E,1237,res/animation/buff/tx_lilimu_leijingling_futou.atlas.gz,5a41cfc0da9d170f9a02bfb356dc1de8
5C012D1302CA2FB6D20F02C83E9E65F3,21631,res/animation/buff/tx_lilimu_leijingling_futou.json.gz,63bc648974c17af5bd6d1f93aab93a48
04EF1299CC677F45EAE9E1C67DAA23AC,120808,res/animation/buff/tx_lilimu_leijingling_futou.pkm.gz,fef481849a3f737cf1e5dd4a83a50d63
884EE37EC228D94BF6BDEDF796D8385F,116638,res/animation/buff/tx_lilimu_leijingling_futou.pkm@alpha.gz,fe691dc4c39c8ed2544fd46e926f1644
8F9071794A72EE53449FA1DE852F41D0,1444,res/animation/buff/tx_lilimu_leijingling_gong.atlas.gz,4895f2f72ec3cb614e171ce3c061fce0
E0505C4310B96AF586B32BE341CFF90E,24205,res/animation/buff/tx_lilimu_leijingling_gong.json.gz,c0051714a45f97a41cdba8e7080f164d
EE6011FB7729ECDDD79B1DD16F21C2C2,193667,res/animation/buff/tx_lilimu_leijingling_gong.pkm.gz,d346f8d01d01180e7093147fdcae3ac7
E1AE0BBE2D6C958758891F28E3A6C0C7,190643,res/animation/buff/tx_lilimu_leijingling_gong.pkm@alpha.gz,1a1b0eee2d8a87cc940191a91ab9e033
DB26ECCB9FF4EB745B3E837478580729,1158,res/animation/buff/tx_lilimu_leijingling_jian.atlas.gz,c9756c6a3ac4d69e40e46babe730aa7e
9947C6D2AF5FFB1A1DF9B02B35404F1E,21753,res/animation/buff/tx_lilimu_leijingling_jian.json.gz,c65234a8f18b625d26af03deddabca6e
203527753181EEE29706BFB7D8D70189,121116,res/animation/buff/tx_lilimu_leijingling_jian.pkm.gz,6f7464acf3c1e23cf546c9a625da5b19
99CC9FD262BC670F16F1690199AE0130,117420,res/animation/buff/tx_lilimu_leijingling_jian.pkm@alpha.gz,54bcd82cbbc79c466a165bc25e71449d
FB06EC7BD825B7D8918A5B1D59AC89F9,1257,res/animation/buff/tx_lilimu_leijingling_mofa.atlas.gz,c5a1c0baf44d6743786369e1e4d71c47
9E1953CDE2EE9DE709316BCBBD17847C,23038,res/animation/buff/tx_lilimu_leijingling_mofa.json.gz,f31e954a9225329bb908ad67ab265997
3561920308737E4D0C052FF234B75DAC,125600,res/animation/buff/tx_lilimu_leijingling_mofa.pkm.gz,9b2f523807af11676f9a11e3b81f8a06
52A09EE3605F5ABD3748944A4B0AF2E3,121452,res/animation/buff/tx_lilimu_leijingling_mofa.pkm@alpha.gz,22984a3176296097de84d85f10f8d8e3
CDC790C448C2525B73E90762AE7A788B,1535,res/animation/buff/tx_lilimu_leijingling_zhang.atlas.gz,1faafb6056674736412aec79d2fcf5e2
117FE8565D8F1690A595540138892806,22878,res/animation/buff/tx_lilimu_leijingling_zhang.json.gz,2e91612264832e0cf132edc145a18901
46E6BED26A149C647F25537AC736B404,192685,res/animation/buff/tx_lilimu_leijingling_zhang.pkm.gz,58a96f97a7eda0bce520a987552989ce
C7C7E2815C0766606E72AABAEE37DC97,188993,res/animation/buff/tx_lilimu_leijingling_zhang.pkm@alpha.gz,3d959f636891498f7766fa97262cf8fa
6BBB4642EFD6E4989861FF203BA3EEEA,932,res/animation/buff/tx_lilimu_molizengfu.atlas.gz,0e651e8160507bbeb84e50b463a5aa11
54EEBC795A1CBAA723B342A0C1A853EB,1022,res/animation/buff/tx_lilimu_molizengfu.json.gz,6cd4cd5d8e0ab4238d76729d9eddfbb8
2C0EA05BA527CED9C710E175D2090628,156692,res/animation/buff/tx_lilimu_molizengfu.pkm.gz,2898c8463ef45fc45bd7817a84e18eef
086C21980A2E431641C1C909630EAFAD,110185,res/animation/buff/tx_lilimu_molizengfu.pkm@alpha.gz,6b5b1df8f4d1554bb4ce5ce0eb5653ea
A31ECD175D0676239F6DBA08BC41B96A,865,res/animation/buff/tx_lilimu_nengliangwaitao.atlas.gz,fe4f375c1aafbdfa8701594cbb7599d0
B514211CD3D222B5BF5C25075F91BDE0,726,res/animation/buff/tx_lilimu_nengliangwaitao.json.gz,327bd5baf69cd3ad71f1eb3a3d205611
EBE86420C58710CB38E31B734F95DA94,275655,res/animation/buff/tx_lilimu_nengliangwaitao.pkm.gz,deb65799907307375b26bd3914a0dfbf
B2109B2C135982ECA82AE812DC31F38A,215892,res/animation/buff/tx_lilimu_nengliangwaitao.pkm@alpha.gz,b4d81b02e33e46df89bdf546e6d3ebc5
4A2E8C6A63AC21E3D0733520B72EDF54,638,res/animation/buff/tx_lilimu_shengguangbuff.atlas.gz,2e0af71ed49c04b73419a1282eb94383
91C11112AABB02F446029ED424F9D833,677,res/animation/buff/tx_lilimu_shengguangbuff.json.gz,ec4ea74309f4e9955eb208aac7031cca
75350DBF736462180AD8CEBEFB23D5B7,49799,res/animation/buff/tx_lilimu_shengguangbuff.pkm.gz,b0c8316b1766cf5e88456075380d59e8
96D63D839D48F9F077FEBEE3D8A97FE4,36032,res/animation/buff/tx_lilimu_shengguangbuff.pkm@alpha.gz,e8914c64c6b9688c5fdcc7e240ef4fe9
0DC94669AF7F89900DD2624BEFE3B488,1022,res/animation/buff/tx_lilimu_xukongbuff.atlas.gz,0e29880802be4ba1a01375b48781f47f
20FF0CCA4A5317DE9919F46ED2A8174E,1090,res/animation/buff/tx_lilimu_xukongbuff.json.gz,3d6ebeb530d432389e4b85b30e503730
F0922F5F249BFB8A2E0DF9765FCA7F2F,52394,res/animation/buff/tx_lilimu_xukongbuff.pkm.gz,7a04c729453de1b2bc1997c002832b5e
5601844F7036A7D4B0949F0AD07F4CDA,118893,res/animation/buff/tx_lilimu_xukongbuff.pkm@alpha.gz,3727d6eaf7e9e8b8a32f862fd175e633
B1AFBC7FE56E0B8D0139789F66C8E574,1038,res/animation/buff/tx_lilimu_xukongzhaoze.atlas.gz,2e504cf345dd7d461a02b23c0f9f7981
DF8AA8B3F296FCE25BBC2B701783E757,2170,res/animation/buff/tx_lilimu_xukongzhaoze.json.gz,bd4b37317ffef9667b0f6ce3e248ff22
C2A87BF3E934EC365D25F0AEC0F5D714,135279,res/animation/buff/tx_lilimu_xukongzhaoze.pkm.gz,e871ca1005f875dcbbc826d8aa78943b
37CD778FAD39A3F2523FC869DB56CE9B,92071,res/animation/buff/tx_lilimu_xukongzhaoze.pkm@alpha.gz,73f76f14b016c77e3a15f647d78b466e
967143AB70E9EDED7B25D926B0076D72,278,res/animation/buff/tx_ling_tuijinchilun_buff.atlas.gz,760768f2ab24daca5276e2ff8528c76e
03D8E55E5B92E72E2C6F44C3C559A112,499,res/animation/buff/tx_ling_tuijinchilun_buff.json.gz,78c6672ccd31745aa81f61650a1cb9fa
6FB3992996DCACCAA4617DE2CB956B97,11167,res/animation/buff/tx_ling_tuijinchilun_buff.pkm.gz,ad2c134b810540c4b3cfccff61acdb8b
DDF923839A39BF21440454468FAEA361,9598,res/animation/buff/tx_ling_tuijinchilun_buff.pkm@alpha.gz,ba26540ed4fd3181101052980bbc27f3
D02C8CBF0467E51CFCDAB1E634CA4EB3,290,res/animation/buff/tx_shenqitexiao_buff.atlas.gz,7d93814d38a8290c824e1b9bbff866ac
6CF3344026213B1B313817D057223CC1,990,res/animation/buff/tx_shenqitexiao_buff.json.gz,5b31349aa9ae74e3ae1a4a73e8edd078
3E8ED4FA9F1371E4DA717FD5B7FB3113,1170,res/animation/buff/tx_shenqitexiao_buff.pkm.gz,1c6f66a431ec22d09fab96ea85d838c2
027346E5294D76E13C613EABA30CCF19,1915,res/animation/buff/tx_shenqitexiao_buff.pkm@alpha.gz,20a07c1d1ff34a05651c26d61e87b875
52ACF8EC4360AE7F281090BF761615AE,828,res/animation/buff/tx_shenyue_lanyanhuti.atlas.gz,e166a7e9ec6239ad86f42958075317c5
E12C3933D844A88A49EC958F2D502D77,691,res/animation/buff/tx_shenyue_lanyanhuti.json.gz,080a24218a5077977a492c0a7dbb620d
FE6E28C742F31615DAB0B066219ADBC0,123802,res/animation/buff/tx_shenyue_lanyanhuti.pkm.gz,230a3932d15ab9ba7265bf636ed75f7a
E35E86D1E84CF582692497D301CB912D,139781,res/animation/buff/tx_shenyue_lanyanhuti.pkm@alpha.gz,0669573e64012d9dde38ae9453f8368c
E0FB36C59D10846D6C6166006D887638,1148,res/animation/buff/tx_shenyue_yinbao.atlas.gz,29f11ce8bc95af7f8fbe67b5dff09ecb
D0242D9DDDF248B31EE8C8980F5ECF8C,2940,res/animation/buff/tx_shenyue_yinbao.json.gz,5405757797d37b18e64f08c0993b4d70
F84A38125A10CE8CC8AB9F680C24DF28,382615,res/animation/buff/tx_shenyue_yinbao.pkm.gz,7d9284cc1e0cdf59969539332669aa3f
D553BD67C974666FEF3A6EB4665CBC66,258965,res/animation/buff/tx_shenyue_yinbao.pkm@alpha.gz,b8bfbdf55d03a42acdb139f575e3367d
0FF657E0990308239DCEA98BD72BB144,365,res/animation/buff/tx_wuqibuff_guitou.atlas.gz,8c5c789bb078aee7dee870e5b75806ba
88E9DF0DE6784BAB3A5D979BACF4EE15,815,res/animation/buff/tx_wuqibuff_guitou.json.gz,b3757a9149fcb0a5eb8ffe482eb9bf8e
06F59ABEA95E5F99FBFED56757E05E41,15808,res/animation/buff/tx_wuqibuff_guitou.pkm.gz,9eb657b0ca0f5d09cbbb76acf8e93420
F847BB68695C097490196831C7E7E304,11702,res/animation/buff/tx_wuqibuff_guitou.pkm@alpha.gz,909de0027758f4e4178607a031d7d678
8B3BE6E20EFB51A8E9BAC9D01B80331C,371,res/animation/buff/tx_wuqibuff_guitou_cheng.atlas.gz,63dbc6e75fabf0c6a45064cc80e7e421
B5EED94846C72EDD88D2A6F56B3A95C3,815,res/animation/buff/tx_wuqibuff_guitou_cheng.json.gz,b3757a9149fcb0a5eb8ffe482eb9bf8e
0AD1F0C2063FDD0020D82098724DAF37,16026,res/animation/buff/tx_wuqibuff_guitou_cheng.pkm.gz,5531f902ba2490f8cba8eba6d214bb70
652E5FE5B5B4C64504995FA43C6C8CEB,11702,res/animation/buff/tx_wuqibuff_guitou_cheng.pkm@alpha.gz,909de0027758f4e4178607a031d7d678
E9BAD80CF24C58E25D0F28C19C45F67E,365,res/animation/buff/tx_wuqibuff_shizhong.atlas.gz,d13e3303bf3d0430907ae77dcf776f5b
7526B41823EEA6A668026C79899F682F,943,res/animation/buff/tx_wuqibuff_shizhong.json.gz,fffaedf77b7ebab55c955eb523c229ac
99FB9200B1CB4E2057CA3ECB620F3803,2265,res/animation/buff/tx_wuqibuff_shizhong.pkm.gz,4e541fdb72769294a6dcb069a8f56cd1
89DD9B6485BEBD0C0D1654AD4EAFACE5,3706,res/animation/buff/tx_wuqibuff_shizhong.pkm@alpha.gz,58969c9fcee707a992323f0841b65d2f
608902882A7DB763385AE27ACF94C764,671,res/animation/buff/tx_wuqicuidu.atlas.gz,f8df7c100220bee68262bf744a92869e
31726B4125BA25D5AF86BE800D5106D2,636,res/animation/buff/tx_wuqicuidu.json.gz,a79a9ae976017e56d1eca9e5aff4d510
6740CB2E1A84939CB13CB6DBCC350F43,3572,res/animation/buff/tx_wuqicuidu.pkm.gz,8874ac836a4db86a1dcb74ceb4677a62
8D6145FDA77799EB1B778A39689470A3,3008,res/animation/buff/tx_wuqicuidu.pkm@alpha.gz,90dd4aa55f9f29be809f10a2f805715a
E183186400C84D8489A48F7D5982691C,843,res/animation/buff/tx_wuqijineng_qunxingshouhu2.atlas.gz,ef1f9cf5abeb20b2d959ee03629c7a55
C86480F5EF74F82E0FD5F66C2AF454BC,1911,res/animation/buff/tx_wuqijineng_qunxingshouhu2.json.gz,f8145afe0d413c9580359773492fa857
20ADBEFB3F4E6A40969872914A74E840,161156,res/animation/buff/tx_wuqijineng_qunxingshouhu2.pkm.gz,bb8d12674759c5c20cce30e152d27ff8
5B05F036F7B7C2D0830DABD12A1AE5AE,177636,res/animation/buff/tx_wuqijineng_qunxingshouhu2.pkm@alpha.gz,b69bc22dc68b91a128d280146c7382e6
B5959429E5D13E806F504D97D487B5BD,289,res/animation/buff/tx_wuqitebuff_bingjian.atlas.gz,5e3fa654fb2bd764c855d6c3ef69a18f
04D583E6ECC7C313B1858645EC67EC46,825,res/animation/buff/tx_wuqitebuff_bingjian.json.gz,7dbee1fc3475d4b08e7cd5b375209850
6D35169B3B7716905ADDB9ED191675BC,2155,res/animation/buff/tx_wuqitebuff_bingjian.pkm.gz,8b380a0033aa3873e0ee81c577e57dd3
2086D7C9F7082EE03D5E018BAD0F537E,2812,res/animation/buff/tx_wuqitebuff_bingjian.pkm@alpha.gz,34d61f5cc6dd554bb712a7f0f7ec7720
812CC779209C2889D1730C0FE3EDD782,700,res/animation/buff/tx_wuqitexiao_buff_langtou.atlas.gz,8662654b17f6c47f0b4640be26d185e6
96B706B8D99F5666E99F786EA985ADFD,1700,res/animation/buff/tx_wuqitexiao_buff_langtou.json.gz,7d44fdb1638ff7f681d654946cbd843b
85146B6ACDB21A68A1DDCE312A07D97E,13845,res/animation/buff/tx_wuqitexiao_buff_langtou.pkm.gz,4c05c2dd97ae9df851bd2fb4232e63ee
A5478F0D6638A5DC4971FD076C483B58,30630,res/animation/buff/tx_wuqitexiao_buff_langtou.pkm@alpha.gz,a0a4b24b6bd2c26f2ad1bb4589c4288c
DE85BF606EFDAB8A08EC90BF9B85B04F,616,res/animation/buff/tx_wuqitexiao_buff_langtou_zi.atlas.gz,0fc50bacc03ceec7a5fc8094ae6dfa09
BCA4985628C5D6C63E5A22C3E07885F5,1700,res/animation/buff/tx_wuqitexiao_buff_langtou_zi.json.gz,c1bc9d9114a6f0174d182ea7b6977b1e
C20AD9F4558D979F76E51344BF710BBC,17154,res/animation/buff/tx_wuqitexiao_buff_langtou_zi.pkm.gz,8d804b4ec70843d525b3adc4ea5b9b5c
97B39978845A1231AD562E88E33D77BE,30630,res/animation/buff/tx_wuqitexiao_buff_langtou_zi.pkm@alpha.gz,a0a4b24b6bd2c26f2ad1bb4589c4288c
8459C237433B17621FB957514D7EA7D3,781,res/animation/buff/tx_wuqitexiao_jiabailizhiyu_buff.atlas.gz,dfdf3cf9112a9c57d2b1341f41db7f0b
0F08D8BD3B1C64E7E6BF80C0E423677C,524,res/animation/buff/tx_wuqitexiao_jiabailizhiyu_buff.json.gz,946c265d553acf19798c14e625f2676b
B4676417916CF9AAEAC130C8D627363F,38408,res/animation/buff/tx_wuqitexiao_jiabailizhiyu_buff.pkm.gz,be48b2282f7c9ab00e6e8ebdaa0f190f
1123D3AFF3914C27A3A208A91F95B5A2,35137,res/animation/buff/tx_wuqitexiao_jiabailizhiyu_buff.pkm@alpha.gz,b298fba37f05a9217d720c8162d2222a
3D15D5F8B0768D219498D01F2EC3F1C4,1206,res/animation/buff/tx_wuqitexiao_sishen_buff_renwu.atlas.gz,70f8e3d35c80e2773f0ffac88cc48ec3
B931E7D59B714238AD7404F485B8531E,8242,res/animation/buff/tx_wuqitexiao_sishen_buff_renwu.json.gz,f5cbb3aa52fde8503ed0aa737c888e0a
0356CF35869DA99272495DDFC60D8E34,15296,res/animation/buff/tx_wuqitexiao_sishen_buff_renwu.pkm.gz,2d7460c108279c9e052e4d077194fd85
2B3A4CA10007F2C855B5B2033A48C901,14030,res/animation/buff/tx_wuqitexiao_sishen_buff_renwu.pkm@alpha.gz,f1f67dc50700c726f24321e0077acde8
5CA0B74E8D253B495CEF419DDC713A70,524,res/animation/buff/tx_wuqitexiao_sishen_buff_wuqi.atlas.gz,40d644ff5f10c88ce2dc875544349620
D4E652F715F33CF2FECC4137EB1D5BD3,1656,res/animation/buff/tx_wuqitexiao_sishen_buff_wuqi.json.gz,81cc0d5715810f960729347496fab6a2
02763A8BEFD3EC5DD47A6BE816177B6C,9165,res/animation/buff/tx_wuqitexiao_sishen_buff_wuqi.pkm.gz,2b5163b4a80f1237f2487ac8ea730ee6
0A3AE679E338BB517CEE0820461F44DA,13994,res/animation/buff/tx_wuqitexiao_sishen_buff_wuqi.pkm@alpha.gz,53e4186d8ac5516561b009a30516c7b3
36C917B05E43877EB4E504E9D9443CD5,758,res/animation/buff/tx_wuqi_jimiezhiyan_buff.atlas.gz,afe0075b70d603528510be5ac33a8e35
2F3EB203BE1C5B9BB6D953571B5F0EC4,488,res/animation/buff/tx_wuqi_jimiezhiyan_buff.json.gz,32a288031861af28d2043ac0bc6b578c
1F9BCB802A7E88E529F259606A92399A,2572,res/animation/buff/tx_wuqi_jimiezhiyan_buff.pkm.gz,2a9abb4a1b4be668cf6bb5b4541438fe
4D83241DA7CD1FFB19EBF01080D10B1A,69669,res/animation/buff/tx_wuqi_jimiezhiyan_buff.pkm@alpha.gz,f75be0db8ca70a4bd7d01dadafeecd29
7257C5A59F5A560F24A6A6C0D630FD17,759,res/animation/buff/tx_wuqi_liujimiezhiyan_buff.atlas.gz,fd848a020c420606ba3bd405aa586162
23D00C47F931E4577785CFF515ACF6C2,547,res/animation/buff/tx_wuqi_liujimiezhiyan_buff.json.gz,226e4bc27c20318b6cda69533727afbb
32B5F1B4D64D400EDE1ACC67E907E3A3,45839,res/animation/buff/tx_wuqi_liujimiezhiyan_buff.pkm.gz,78b4dce52a5f89e7a96b185a9277af74
E554D3DCDEAA22208BBBA77E8D7064A7,69669,res/animation/buff/tx_wuqi_liujimiezhiyan_buff.pkm@alpha.gz,f75be0db8ca70a4bd7d01dadafeecd29
9F8160D29A84363390AC2B36964842C3,801,res/animation/buff/tx_wuxianlan.atlas.gz,eb52903a56d4de8c987cbc7855030249
E1ECB96F74264A6C504F076EA5985972,586,res/animation/buff/tx_wuxianlan.json.gz,2f92312bbf42f4368553861baf6e2a3d
50B15A08354B9CFD3C8BD5BA9462FC38,147900,res/animation/buff/tx_wuxianlan.pkm.gz,4d1c51866ef864c584cebbc14e24d234
090EDC5745C3F6A2053C98341E7835DC,115171,res/animation/buff/tx_wuxianlan.pkm@alpha.gz,c110484bd9e2e3851909731dd1b6096a
F76CC1EBE45938B26AC64E6D8035A740,1182,res/animation/buff/ui_tx_buff_mozhi2.atlas.gz,3441f31d38dca7be7fd45dc5307f2c7c
416556A8B8E4CA54B4587AF3A3937972,2135,res/animation/buff/ui_tx_buff_mozhi2.json.gz,dc83e226ade9b2f0706819ad8e0359fd
35C9CED710A18F2FE2E09AA2B1CF497A,77397,res/animation/buff/ui_tx_buff_mozhi2.pkm.gz,1e2050e23f1308dd34a75cf66555ac47
FEA16D7729C102104FF61985483D2C20,75861,res/animation/buff/ui_tx_buff_mozhi2.pkm@alpha.gz,fa8c720560623914ab9d5e553620f301
9859AD970C711DB70FF5F61C1EC8975D,219,res/animation/dialogue/rw_duihua_ailinjiqi_1.atlas.gz,7e63824a2b85e08849982d7a721cb758
5889448BFE78F0EBEFC6C9D70274051F,214,res/animation/dialogue/rw_duihua_ailinjiqi_1.json.gz,0a676ef9e0e62b1d499d96c88bd746f4
FD6485D2A9DFFD2EF6A79CE2B6A33D8D,104138,res/animation/dialogue/rw_duihua_ailinjiqi_1.pkm.gz,52b824b2db70af7d3ab32d5226cdbb24
DC672196ABBFF1B15207438080DA2266,27761,res/animation/dialogue/rw_duihua_ailinjiqi_1.pkm@alpha.gz,6d2b4e00b93d9026810751251a050db1
4C5C7C6798AC18E5DD73CE26CE93D69D,492,res/animation/dialogue/rw_duihua_ailin_1.atlas.gz,41727f322fd9a159bf8e60fe21f70843
11537159F0EBAE91C3FD93990154397A,350,res/animation/dialogue/rw_duihua_ailin_1.json.gz,91e60949abfe980ca365990ac5841c23
B84C5BD7298F5CCA3DB43DEA3BD322A5,173538,res/animation/dialogue/rw_duihua_ailin_1.pkm.gz,ab0f6cdd0754ebcd80fbc933e56bd280
CB48A20B04E37ED2C13F4593FF3DBC3C,38035,res/animation/dialogue/rw_duihua_ailin_1.pkm@alpha.gz,e0b56cf586c11f5812169b54bbbf9744
30E4CEA633702726AF6B0BC36C8EA1E3,473,res/animation/dialogue/rw_duihua_aiweier.atlas.gz,c3bf1c43b0e2f26428304fd6037b2732
1FF170AB4664026291F5808E5973DF9E,410,res/animation/dialogue/rw_duihua_aiweier.json.gz,4800f4e91869279d5801cdf63d3ac78c
7232FD1911C9AC69704327DAC73F6A51,188977,res/animation/dialogue/rw_duihua_aiweier.pkm.gz,b09dd7bf07d8be55b89b0541b6cc0896
8434E82458DC0544A453DD9FE25C105B,51833,res/animation/dialogue/rw_duihua_aiweier.pkm@alpha.gz,b2e3f5bd5b6f76c088923a0ca1ea1ef7
FF1FCB644B02884D045BB9AF1E669000,208,res/animation/dialogue/rw_duihua_asilan.atlas.gz,6319bed8a7c453b45bc6c49e09d73dba
137928E72DE9EB07B7ED9FF57F68992B,221,res/animation/dialogue/rw_duihua_asilan.json.gz,5842c9891889b4fc0645f363ad03bf4a
75C7DB98DE00BE8AC8F06F20CB31BAF6,152210,res/animation/dialogue/rw_duihua_asilan.pkm.gz,696bae9307df2f7477fb665ad5908ca6
56A8E85528934D3E999F360A33BA11F4,46017,res/animation/dialogue/rw_duihua_asilan.pkm@alpha.gz,c1fd987ac5f361d22b2583dfcd90e2b5
1E3F1B7221FD76283A1FBDFDC4DC7F85,470,res/animation/dialogue/rw_duihua_baifalaotou.atlas.gz,05fc443ec1689dc563f10657927c827d
B7A50F2E2C2A6338E7FA49A1EFB81C25,341,res/animation/dialogue/rw_duihua_baifalaotou.json.gz,7fbf8cd6c9c0f075c3f721ec03ccd5ee
92959FF1C54DB06F215C1907D05CDEDF,176987,res/animation/dialogue/rw_duihua_baifalaotou.pkm.gz,d240ce22fcbeb079a53c12bbc7caf859
2835540555A3050C3B5ED0B117F27F6A,46161,res/animation/dialogue/rw_duihua_baifalaotou.pkm@alpha.gz,79a05459ac70a6e36d1f161515b5cb61
57C2F89D47ABE4765B642AD8522ECBB2,489,res/animation/dialogue/rw_duihua_benjieming.atlas.gz,f33b1fb213bf05897e12bddecdce2af7
4C2B078DD8A5CF3A14462DFFD7F6DAF4,401,res/animation/dialogue/rw_duihua_benjieming.json.gz,16e4068ebf3a34c13639d2c20bbb8fa9
EE6976F55C251CA9D67514DA2F10B54B,181635,res/animation/dialogue/rw_duihua_benjieming.pkm.gz,9b6ff4fb14d6201dfe18d014f21ddd74
8FB3655CF7414EDA67C9CDE03D927A07,28573,res/animation/dialogue/rw_duihua_benjieming.pkm@alpha.gz,ccb39e9397c2f0f9a7d850f9d0711e1b
F7887FAA9A0894C65EB633CCBBCA8CE1,221,res/animation/dialogue/rw_duihua_cangyanqishi.atlas.gz,da14d740f199ccdf6e596478401ac47b
0FB7768C99A4C687FEAE494BCDD1429A,263,res/animation/dialogue/rw_duihua_cangyanqishi.json.gz,8084204a02673aac67e1253f4b329337
58E42FA67D750C71F07A00703705DA86,251132,res/animation/dialogue/rw_duihua_cangyanqishi.pkm.gz,0d4bdbab02e1345209c34dc7cf6cdac0
996EC7D0F666C7A4BA3E74E00EBBB4A3,40377,res/animation/dialogue/rw_duihua_cangyanqishi.pkm@alpha.gz,89f7acdb1e5388a51f331ea453e9ce52
0F125729E3644F030AE8744B20F8FFFC,224,res/animation/dialogue/rw_duihua_ciyuanlingzhu.atlas.gz,e5f8895e09da58a39c39aa416d84165d
891B722592E08F87D3D03A515E2450E5,263,res/animation/dialogue/rw_duihua_ciyuanlingzhu.json.gz,d5ce4d3c281c8f9a066832f32e09bc7f
1D9829DD1A8C3DA53F5951B22B355226,287440,res/animation/dialogue/rw_duihua_ciyuanlingzhu.pkm.gz,6c86017c0a600cbdd10f71a29f88d34a
494C3B5C9002A2F9E89DD12BA48C2BA9,55518,res/animation/dialogue/rw_duihua_ciyuanlingzhu.pkm@alpha.gz,39260c64d61324628414bb56d4fefd12
09D04216F896C4C9C4AEB37324A34225,476,res/animation/dialogue/rw_duihua_futounan.atlas.gz,d5c191024f618f7e91c8557b83c8d535
B100F60DD6062C0997D18A3FE6AC8F17,360,res/animation/dialogue/rw_duihua_futounan.json.gz,a581cc9e7ae97630882e38b7d8dcc561
6C296F01D040178DB8E4BB36671A8B8F,233104,res/animation/dialogue/rw_duihua_futounan.pkm.gz,215a13d703cb87cd4a20b285bd9e1c66
55837CE84A91AFBBF8D847C7CEC8AC0C,52617,res/animation/dialogue/rw_duihua_futounan.pkm@alpha.gz,161dc710db1c3a1ee136b66d2b718449
DF002BF7660EE2D82403E8C231FC4C44,364,res/animation/dialogue/rw_duihua_heisesanjiao.atlas.gz,262e152fb4761e606204120b50210a98
DB2A4C1560F4ADC454E4E837D2C36071,360,res/animation/dialogue/rw_duihua_heisesanjiao.json.gz,246e00987ae7694f086d1ed380b8b7c3
322B2684894AEE7348DE1FD101F7EF63,596459,res/animation/dialogue/rw_duihua_heisesanjiao.pkm.gz,c9eedbb8103a3fe1fec8b44937f60a36
CFBD06C0EC05F13A70C39FA9673BD3CD,64857,res/animation/dialogue/rw_duihua_heisesanjiao.pkm@alpha.gz,97b834b30be2f09555c2dc0104e420a3
70F764DA7C7B3A60485AE65C9A1133DE,414,res/animation/dialogue/rw_duihua_heiyanyouti_1.atlas.gz,f993160b4a38b117ef829d64850fbd15
372EF1EB55B5E021944EA2AAAB7A62F3,415,res/animation/dialogue/rw_duihua_heiyanyouti_1.json.gz,3eb681180822ea4947993427bd452505
D46A5D8F90AFB31901C415C461031BA9,271903,res/animation/dialogue/rw_duihua_heiyanyouti_1.pkm.gz,b9a0aab27773ddcb03aaa7dc91137242
AFD089366CBA043D5226F8B45F3340E4,79587,res/animation/dialogue/rw_duihua_heiyanyouti_1.pkm@alpha.gz,c130765bf48d4bc1c986a446edc2db29
F22F019CE0ECFD8DCCB235A5736BC3BB,414,res/animation/dialogue/rw_duihua_heiyanyouti_2.atlas.gz,09ea35939c8ccbc09273752817f6cbd9
0A011515F0E552EEB1BB072ABE4D5FB7,415,res/animation/dialogue/rw_duihua_heiyanyouti_2.json.gz,3eb681180822ea4947993427bd452505
4EF12EE1623B93B12A3C6F25E1A473FF,258507,res/animation/dialogue/rw_duihua_heiyanyouti_2.pkm.gz,eacaab9882cf7cd57fbb2ca07a95fb33
D1C6C9A0418172B2915568C82A3B4366,67927,res/animation/dialogue/rw_duihua_heiyanyouti_2.pkm@alpha.gz,9d1e60827d240b0bdd6d8446b789167b
3100E5F47ED801FDE6835F929C819E4F,212,res/animation/dialogue/rw_duihua_heyiren_01.atlas.gz,2ca302ce924730ae4fa6631f5f886515
613BA798462B3CCBB5FABCBB26B5264D,217,res/animation/dialogue/rw_duihua_heyiren_01.json.gz,f1197bda358fc94c4582def569b26f5b
80490A5B21E07864E5E6638E2CD9EDCF,935,res/animation/dialogue/rw_duihua_heyiren_01.pkm.gz,b7c02a2486ba420efe799d73a2368771
3A4806E995DBB74947533D1E4E828E89,12255,res/animation/dialogue/rw_duihua_heyiren_01.pkm@alpha.gz,23b1ae229f943caca3c592fbf1af2ed2
16CD67B1167A0F954B943988E428AA92,211,res/animation/dialogue/rw_duihua_heyiren_02.atlas.gz,f5824d879ea9e12d8d9c3000e0358a68
6E5AB750706EADB22398C5F6289741BB,218,res/animation/dialogue/rw_duihua_heyiren_02.json.gz,f7006e03b97d5da5302954f4ac4f14ba
8236566DC393B603BC0849CD547D628D,935,res/animation/dialogue/rw_duihua_heyiren_02.pkm.gz,b7c02a2486ba420efe799d73a2368771
36F899B457F493D829BE54E24D98F747,12357,res/animation/dialogue/rw_duihua_heyiren_02.pkm@alpha.gz,d538d8e102f409b15488d328ffc1be47
0C58439B3EC12B95664416F45A9B2BF0,211,res/animation/dialogue/rw_duihua_heyiren_03.atlas.gz,0387a57dc1fb25c3a6347e609ace036a
85159EB6E3AC9B6A849112874AE288B2,218,res/animation/dialogue/rw_duihua_heyiren_03.json.gz,42295efd8ba9e53a4cfbe7c3db23cad0
832D7E0F1684203FEC421BF60128A51F,935,res/animation/dialogue/rw_duihua_heyiren_03.pkm.gz,b7c02a2486ba420efe799d73a2368771
F3ABE8822C37DC7E8B528619DF2447E8,12138,res/animation/dialogue/rw_duihua_heyiren_03.pkm@alpha.gz,78d938596d8b38ee9f1b6722d46e43d9
FE454CE3E49274511EAB08B62EE6C326,212,res/animation/dialogue/rw_duihua_heyiren_04.atlas.gz,9177e72e0d86fd33d17872960d52b992
8A778808D7245AF99BA0A49F68C809E7,217,res/animation/dialogue/rw_duihua_heyiren_04.json.gz,6428b4a92ba1ffe5973ae6a167dc8c0b
A1D4D9EDCBFAF54AF56B6D33BB26B95E,935,res/animation/dialogue/rw_duihua_heyiren_04.pkm.gz,b7c02a2486ba420efe799d73a2368771
F52BE0AD87310636E506F645554DBF69,12492,res/animation/dialogue/rw_duihua_heyiren_04.pkm@alpha.gz,c8e042f716efbe7f584571be8737c7c2
539DCAD51EA2AD9277B75D9941761E5B,464,res/animation/dialogue/rw_duihua_hongfaluoli.atlas.gz,3a04992238adc049ecaffea278caaa2e
D108B560BDA9C2B538A5B5E51B548283,346,res/animation/dialogue/rw_duihua_hongfaluoli.json.gz,d8c1e0857f519f50a189b4159d7b8634
C99FC6583996A1889BBDF6A79163B834,225186,res/animation/dialogue/rw_duihua_hongfaluoli.pkm.gz,a212b2e09837e444ce511914e98153d4
90AB4B7F6698E6B3797D6F923F763295,61772,res/animation/dialogue/rw_duihua_hongfaluoli.pkm@alpha.gz,cc8bea6ea3ee69c2911939c2f47bd4e7
E392D5BAE7EB056A081F30F31640686C,539,res/animation/dialogue/rw_duihua_hongfayujie.atlas.gz,39d3f31f09084e212d226bb65c3e1d89
F69B8C9D798525428C8A2A6C98878734,512,res/animation/dialogue/rw_duihua_hongfayujie.json.gz,fa157b51c78c93c060d1edb2496d0893
FBA95B93EE57A9F76D060E9297BCE929,510069,res/animation/dialogue/rw_duihua_hongfayujie.pkm.gz,795f161cd5ce9be82edad418c62ed78d
96C08FF72D683332EA56EEAD63B6C97D,160920,res/animation/dialogue/rw_duihua_hongfayujie.pkm@alpha.gz,10e07994827b0c207cf479c672a5914b
5E529DD03BAB39B5DC11F5E3B19F1377,206,res/animation/dialogue/rw_duihua_huangfa.atlas.gz,049f9a4e591618181d86758fb9298559
6CE7507E98C327CAE5754BABF4647738,221,res/animation/dialogue/rw_duihua_huangfa.json.gz,5a3924a6613b19fc3862440104d758f6
637B6FBA38E28DE4D35C6215F314F76C,152029,res/animation/dialogue/rw_duihua_huangfa.pkm.gz,6c8003d832c203616f7ff9f3d03144bb
6C2B9D2CAD78A43C74A3D883DAFE30EA,17908,res/animation/dialogue/rw_duihua_huangfa.pkm@alpha.gz,7a5f9e3ac6613b0f48c8ded90e4961d3
E6EE0997DFB8835B5F5EFDF668F9C3E5,476,res/animation/dialogue/rw_duihua_huangfaweiyinv.atlas.gz,9f78a176b50fee832970520c8ffc273a
00BDA6165F939C85B0CAC1E11DAC41F7,415,res/animation/dialogue/rw_duihua_huangfaweiyinv.json.gz,a7251c591ae86024a024926f3eef8083
EA50AD85E9FF56C7A9D3758826BFE108,280891,res/animation/dialogue/rw_duihua_huangfaweiyinv.pkm.gz,6939f89ae609d8e1b06b26e00fd07d95
E8E648138BE5D5846601DAF14B64F312,46405,res/animation/dialogue/rw_duihua_huangfaweiyinv.pkm@alpha.gz,15aafa068b2a78ecb82089a7e78b8343
A673AE9FCA7EDFCADE75DD751554BE6E,458,res/animation/dialogue/rw_duihua_jiqi_1.atlas.gz,46c339175636d96d9d1b2609ebe2ffb7
058EDA7EC01AF0446D4C74DF7B90180E,316,res/animation/dialogue/rw_duihua_jiqi_1.json.gz,612b6fecb26de00f9faf1706383cafd0
78E9FE193BA1D085E0592B0762554BE6,26517,res/animation/dialogue/rw_duihua_jiqi_1.pkm.gz,0d78dee3b54bc3f3f5ffd6c6a5133a98
7B37406CD5DD5E62F1C0730E3ED78E63,8974,res/animation/dialogue/rw_duihua_jiqi_1.pkm@alpha.gz,4b7c4888b775ad62525a75aa1bdefc12
9A030389E8CB618890D6E34506B8EADA,208,res/animation/dialogue/rw_duihua_jiubao.atlas.gz,057e57c8b8dcf7161da061bb552b62b7
4BAF1A7FFCFC8649A447831C4B8BE1BE,242,res/animation/dialogue/rw_duihua_jiubao.json.gz,d944c13331df3e4387412d663c6cee42
4DE3EA48CE5D9B27FF29DE14D07CF6CE,119279,res/animation/dialogue/rw_duihua_jiubao.pkm.gz,886d94dd0bac1c1cd196ab05831b748d
C162E478FB163FD2E114917E3E6E85E5,14961,res/animation/dialogue/rw_duihua_jiubao.pkm@alpha.gz,5c5a68c77591dcd4cee773ef0198daa2
DF39FAF5A272E1424173D98CD44589FE,397,res/animation/dialogue/rw_duihua_junrenA.atlas.gz,4c42664a6f4f2824ddef63253db3a29e
CBA5D7AAE30831B8242308BE7F1823B6,304,res/animation/dialogue/rw_duihua_junrenA.json.gz,775b5d09f2eb1500554c738cd92a41de
BA0B77B805821F648686E3D043DA2008,138822,res/animation/dialogue/rw_duihua_junrenA.pkm.gz,520613dbe65fd75d0eebc42e305ee2cd
35FE6BF4A222E8F4547046130333392E,26135,res/animation/dialogue/rw_duihua_junrenA.pkm@alpha.gz,8db8b9f0503ce24968ffc91791e90e58
2867AEC0D759C4D51FF33BD0FA076A80,489,res/animation/dialogue/rw_duihua_junrenB.atlas.gz,02f78508eec3b5f40cc58c1b2f00cf2d
75C6D820EC312BC451EC5B2235C02D4D,479,res/animation/dialogue/rw_duihua_junrenB.json.gz,1c36369e0c1ea5748b0854460c7eff17
DDD92FA8A1287B962D55DCD6021DF508,166222,res/animation/dialogue/rw_duihua_junrenB.pkm.gz,8b26215cd2ab619e8e343b38c45430cf
7D54DECBC0D3FF901CF4A1CF0C3FC4F6,43296,res/animation/dialogue/rw_duihua_junrenB.pkm@alpha.gz,64fe6dce9c69dcb3da31863a4d3caf22
EBE302CCAAE24EC64C46505523BF4123,437,res/animation/dialogue/rw_duihua_junrenC.atlas.gz,3a5dd0f991b6639675692feefc5e7c6d
78943CD5AE774B556CFFF5E7CDBE1D0E,325,res/animation/dialogue/rw_duihua_junrenC.json.gz,37d35f559e994a9f263073037a79d564
477E914DADB2BB37B51CE1F99123D080,124869,res/animation/dialogue/rw_duihua_junrenC.pkm.gz,0b991e0a76614b9c2e3361e33e0dd2f2
2FD7CF23C1DAB87B6B80DA5FD6A93D1B,24460,res/animation/dialogue/rw_duihua_junrenC.pkm@alpha.gz,30bf81c8506d651b4d90ae4e7b0c18d6
AEDF3071E8030EC9D298F2B7E166FB0C,325,res/animation/dialogue/rw_duihua_junrenD.atlas.gz,93eea9e704789bf42820707669b90d0d
FF7B95C0AD6724F6CF771EAA84E8F37A,284,res/animation/dialogue/rw_duihua_junrenD.json.gz,28374e15fc8e9ce909ee91b73c2caed0
03650437FFC5EB7928CC13DC6ED1B293,120228,res/animation/dialogue/rw_duihua_junrenD.pkm.gz,5a3109cdfc165cddebe4500955ad8ec8
9143664F65F29F1B05B293D99FFCAD1D,20969,res/animation/dialogue/rw_duihua_junrenD.pkm@alpha.gz,094888cca3f43e96473ab4c56dbf39d9
9D772078D1E1161960AFF9C5FC7B3324,506,res/animation/dialogue/rw_duihua_kanbanniang.atlas.gz,9320435cb666f4617f8974d44b99276a
2B4478E7FFAAD77615FCADE5AB9906BD,488,res/animation/dialogue/rw_duihua_kanbanniang.json.gz,851e4d8254e9b6ab81f9881d01cf42f7
E0EDE3682D01F577F90F80743AB5008D,156842,res/animation/dialogue/rw_duihua_kanbanniang.pkm.gz,09bfd356aff4d3615d714c72fd4e56bd
B651192E515814E0B599B1D41606B87F,40950,res/animation/dialogue/rw_duihua_kanbanniang.pkm@alpha.gz,ff78bc5742542693d0ef955b5b0f2c54
741FE2DC0C0F2C6AE5672C9E2EE3AB3B,480,res/animation/dialogue/rw_duihua_keyan4.atlas.gz,48ada4d4ba2261593211611dfe99ebe4
5BF150D267DE627B4AA8B5FD0BA90DA5,518,res/animation/dialogue/rw_duihua_keyan4.json.gz,1014ade5cf48c8ac22a5e1edc5e2cec9
0885B5B1770F69C1469B1D4CCE952FD2,316683,res/animation/dialogue/rw_duihua_keyan4.pkm.gz,79e0990a2123b16d23045c2415972f38
E018193EE36694BC7F62771D578648AB,55606,res/animation/dialogue/rw_duihua_keyan4.pkm@alpha.gz,6c78fe98e06d6ed6677a03791e4857fc
B2CB14A930413D5015A8510642AB568B,423,res/animation/dialogue/rw_duihua_keyanrenyuanA.atlas.gz,662e259b7b71be5ee20bb388fcd88fae
F983EA7053337A9F27B5F7D00BBBEE58,366,res/animation/dialogue/rw_duihua_keyanrenyuanA.json.gz,a93fa2f1447be97a71b984c8ce1fd49c
E1BAB911421356CC4B8589094ACEE860,131009,res/animation/dialogue/rw_duihua_keyanrenyuanA.pkm.gz,0d06e10fab80355ebf04f788a9ef46c0
41FFFD7596F59BCFCD485510CA79F6FF,34313,res/animation/dialogue/rw_duihua_keyanrenyuanA.pkm@alpha.gz,d0645af3b475f399536a652ab9e6122d
79091E77A371DD5B312CD4626283AC00,229,res/animation/dialogue/rw_duihua_keyanrenyuanB.atlas.gz,fb68c299c0a34255f770a229863818c3
FF4FEB8A86ED4B0BF1BEE1E8725A0E24,227,res/animation/dialogue/rw_duihua_keyanrenyuanB.json.gz,9a0fada892abf715b924ab3bc9328c48
295095AA204AD37D77D5629481B08036,115167,res/animation/dialogue/rw_duihua_keyanrenyuanB.pkm.gz,4f6f601c6177d5d0d12fe648214f40f6
8C29CA7D800E2F24E17E622844833F3D,22749,res/animation/dialogue/rw_duihua_keyanrenyuanB.pkm@alpha.gz,655e72f4237e5ada421c7017d98ea59b
9654B621B4D8C3B114FC0C38ED0AA6A4,421,res/animation/dialogue/rw_duihua_keyanrenyuanC.atlas.gz,d36668aaa7a4438eafa6ae41c13c7fbc
4928B501016CADA78300A0B5737772A0,328,res/animation/dialogue/rw_duihua_keyanrenyuanC.json.gz,fecfe9f09f1b8feb09a0fd23f12f12cf
934DCAAEFF431C8F23887CFCE1B6EC4F,116631,res/animation/dialogue/rw_duihua_keyanrenyuanC.pkm.gz,a1fe0b85b0a5f644cb2c1000a11dcdf2
B6D293489EABEBF3A5CEFCF0FF65F941,19794,res/animation/dialogue/rw_duihua_keyanrenyuanC.pkm@alpha.gz,6f1a3f01898129a8aa4d9a90ba59fa30
A474D0487096D4B54D9753FDA3796555,451,res/animation/dialogue/rw_duihua_leien.atlas.gz,2c93425e88ac28d287ef177c5f29e27a
79B7979E6E36313E59039B5E3C867C5A,348,res/animation/dialogue/rw_duihua_leien.json.gz,d3c3240a804f4eaadb1ef89d862c12b9
E49D321C9A42089EDA41AC8D978F721E,119574,res/animation/dialogue/rw_duihua_leien.pkm.gz,0ce28a14c25027d0b40e1baebf1dbc11
6552C2BE277B063B42ED080F284C92F6,28090,res/animation/dialogue/rw_duihua_leien.pkm@alpha.gz,4a7a074630180cb2249bf669753f9724
3A16F4BDB45114ABFC113862281EC5DD,225,res/animation/dialogue/rw_duihua_leiguangshenshi.atlas.gz,e43b10a53b748b337dc9bbf9823be2ab
B44830370A9AD1D502C2E415292ABA37,294,res/animation/dialogue/rw_duihua_leiguangshenshi.json.gz,c707ed25f80975205face716247a03f9
5DADC0CC79CC8463F385FF8216C5244F,179433,res/animation/dialogue/rw_duihua_leiguangshenshi.pkm.gz,f66e7dcb43f935f1ac8f79b41e41555b
3EB8C7AB3493633F55BCB6305A2E5BBB,49457,res/animation/dialogue/rw_duihua_leiguangshenshi.pkm@alpha.gz,cd1178ef16cd4f7c04ce8f8f2b3ba066
FFE96720D3954F14A14C2A9B89935B28,398,res/animation/dialogue/rw_duihua_leiya.atlas.gz,892a6a6610b346815d4104daa508ffce
5A476393F34D04ABAD850E1883F8DCE1,300,res/animation/dialogue/rw_duihua_leiya.json.gz,69474857ddc014c3edcd1e6d02e59efb
6A225B9173C426A568261BFE5917C7D0,474533,res/animation/dialogue/rw_duihua_leiya.pkm.gz,1dd377279254a2dcc3ec3b9f3492ffae
53BBF6B1518785AC5F1313B41C55712A,77050,res/animation/dialogue/rw_duihua_leiya.pkm@alpha.gz,65158f4a04f5cebce6aa79fe5cfda275
535E30678D96BCFCE40AF5A90407A963,496,res/animation/dialogue/rw_duihua_lilimu.atlas.gz,46a8029dd214ad314da607a5c70d1afa
CBF58BA3378263BD0776EC1D20704195,463,res/animation/dialogue/rw_duihua_lilimu.json.gz,e9c6825192606540de686a2ee1fae510
F140092F207FD82EA6834D02BE0D2BD1,210654,res/animation/dialogue/rw_duihua_lilimu.pkm.gz,41cae47862892622b38c140623e68a9b
34B8D56E1113E07B1D36AA63C3C725A8,45928,res/animation/dialogue/rw_duihua_lilimu.pkm@alpha.gz,ac820b9a7917bba194c94f7afa60cb2d
5974A61D9C87444EB699C7F9789704A1,229,res/animation/dialogue/rw_duihua_lilimuzhongjixingtai.atlas.gz,37e1e7d2e97e878b51d1ef139799d793
F8E13DAECD344C8D4FF65213D3C9E46D,257,res/animation/dialogue/rw_duihua_lilimuzhongjixingtai.json.gz,8bed25c69c07ef2f54b6c4ebd3750b0c
FD399F038370B9E26AAF5AB5B71C6A5F,262768,res/animation/dialogue/rw_duihua_lilimuzhongjixingtai.pkm.gz,811fa01434438d18581c25b67bde7cca
4B0F9187E699863396C83D4AE6EB6D8A,54225,res/animation/dialogue/rw_duihua_lilimuzhongjixingtai.pkm@alpha.gz,5eb5deb5efd017e04b48e1a3631d9b8e
BA1CA1E68F3C6ED4A7E87F1E7A0787C6,508,res/animation/dialogue/rw_duihua_ling.atlas.gz,ce4ad725961928fb80b87be1e53dac4f
B09D07D80D1250AC8094FBE9315FF62D,1063,res/animation/dialogue/rw_duihua_ling.json.gz,6152846b8e2597654d9f716390127948
FF767B8166505C5575456C037613D121,130625,res/animation/dialogue/rw_duihua_ling.pkm.gz,fa6f3bd17869f63d922e092301987565
401F3B9FC1F7E2BC57BEA851C631B741,32688,res/animation/dialogue/rw_duihua_ling.pkm@alpha.gz,eacd6013a7dbddc14439515de8def0a9
ACCA74EB2AD14C8BC75FC6BB4B1ADCA7,446,res/animation/dialogue/rw_duihua_linghan.atlas.gz,94bd2a2e97fef4025816ad2d19d78bcf
1A9A68A67AE0557EABF359CE11E8514A,416,res/animation/dialogue/rw_duihua_linghan.json.gz,f06e6fc023ece7272e5e7bb5f8abfd0a
211B7DDF69DCFDA66E93C297DCFEF89E,136142,res/animation/dialogue/rw_duihua_linghan.pkm.gz,1bd961568dfdfb14b14fe6259ff04c94
EB3024305CC4B1DE6CE21E05B1FBD328,32691,res/animation/dialogue/rw_duihua_linghan.pkm@alpha.gz,83b1177acbf73212ee508561b0a2ba00
9451A100C46A9B5A042125C89D67DF16,227,res/animation/dialogue/rw_duihua_lingzhongjixingtai.atlas.gz,44a2ef323a929e13b36e6eeb1ac6991e
193C110AD19E3715DF7FF45235DE05D6,257,res/animation/dialogue/rw_duihua_lingzhongjixingtai.json.gz,53d23e890328e69c9b3823e34e22ae20
CC0D3A7E66B9E139261DC6244EE5BBBC,276422,res/animation/dialogue/rw_duihua_lingzhongjixingtai.pkm.gz,0a6c7dbb6e814ae33d77bc05e79c69ba
F8525499BD6BD619275B19F0878E2172,53171,res/animation/dialogue/rw_duihua_lingzhongjixingtai.pkm@alpha.gz,b800dd4c2236e4c5cd7f1c850b126d47
66978A7A45199D25A3D056DEF8BAFF46,553,res/animation/dialogue/rw_duihua_luoruisi.atlas.gz,57581a620934aee8a0c5209229f85ed7
B70628A3EF9E17BAA3204223592169F0,529,res/animation/dialogue/rw_duihua_luoruisi.json.gz,ff31949ae74aef5a5699a25ec2af1419
EEB9AA338BA4D43B8FE875A17F7DF134,402961,res/animation/dialogue/rw_duihua_luoruisi.pkm.gz,1eecdabf5e952e6d54c7930304385b13
218ADC63FE5F5BCC46DFC42C38AAD73C,87582,res/animation/dialogue/rw_duihua_luoruisi.pkm@alpha.gz,4e860b1e0b7f0a690051665c8bae24df
58FAC792B980B5B9DA928B55601312C8,511,res/animation/dialogue/rw_duihua_luren.atlas.gz,b1c3b0d755a3568b31d8ef6bbff36b15
A4E9085254BD672FD96C5330F017EDCB,418,res/animation/dialogue/rw_duihua_luren.json.gz,0e01f2eca9e08ccfdf89dfbb24f935eb
EF6C87CE3E36BD9CB2F1A48E94FE030B,4994,res/animation/dialogue/rw_duihua_luren.pkm.gz,16a5871313334738e7fd38f7313fff4a
A18381F7060BCF5A80BAF22BDFD81CC6,64890,res/animation/dialogue/rw_duihua_luren.pkm@alpha.gz,2c02e93641bc6568e6e95cc576121422
64330729879B748A7BF14A4AD990FB19,465,res/animation/dialogue/rw_duihua_mengluo.atlas.gz,66a2b1d3780e735b26d14ccdb2f9ea27
35E51EC514D320C65D211EEFB953DD3C,435,res/animation/dialogue/rw_duihua_mengluo.json.gz,c473437c881ec4405c2b0390fad03ec6
9081E200BB9FDE31AF6A3AB00B8CFF12,120262,res/animation/dialogue/rw_duihua_mengluo.pkm.gz,b19abc39ef0b26b11591cf7f324ce176
673FB4D07ADDE23A751A8C9B0B993E7A,36334,res/animation/dialogue/rw_duihua_mengluo.pkm@alpha.gz,9579f74da0b5a652a6c2c53741d5ec98
5E93EEDDDFA5F9998D6CD3B6B28D3AC6,482,res/animation/dialogue/rw_duihua_miusi.atlas.gz,7320f7ada0a4aea7460b649d9728b40f
221CB8059B40159EDF9D5DC19AD76B21,594,res/animation/dialogue/rw_duihua_miusi.json.gz,5307374f992d6da3e628dc159f6af525
F3BDC28200B2DDE6F693209F1A27D5BA,257866,res/animation/dialogue/rw_duihua_miusi.pkm.gz,5a465ace6daf350d7e3d52b7b11571f0
C15078D5E204238A9ECD58FCF35A9684,74017,res/animation/dialogue/rw_duihua_miusi.pkm@alpha.gz,bdd608fed470fc16a1f409ae9552c403
2EFB2C2202015F140D03545996FD9270,533,res/animation/dialogue/rw_duihua_nanjiqiren.atlas.gz,69e135cef6f4845602e6cc9db219b3e6
522755E8670A1B95A1C646FB507D8DC9,442,res/animation/dialogue/rw_duihua_nanjiqiren.json.gz,29a0c7651f1cb4431a2496b1d4b00207
3A3DAC03FBD271FFA5E67B1CF0B53F45,139757,res/animation/dialogue/rw_duihua_nanjiqiren.pkm.gz,ea89bf347c45cd55993f848e4aa1ee17
2CEB3209D3010BFFA73A137549B0A115,59309,res/animation/dialogue/rw_duihua_nanjiqiren.pkm@alpha.gz,4469bf6f1e1c95c471cf17da7ef5d010
4F7BB00355DB13017BF82F46564D947F,531,res/animation/dialogue/rw_duihua_nvjiqiren.atlas.gz,438bcb508087985877bb671aef84b43e
42D47688461DFC4F1E537BBC33B3E59C,428,res/animation/dialogue/rw_duihua_nvjiqiren.json.gz,03a9c3519e033228df39c119b591c9c6
0A94DAEF8D8CAFEA75E160FE2DDCA714,140976,res/animation/dialogue/rw_duihua_nvjiqiren.pkm.gz,b6b26f96d6ab1727488dd0621e7572ce
FF04D4946CC773BFA66EE1BD6F962843,59433,res/animation/dialogue/rw_duihua_nvjiqiren.pkm@alpha.gz,cda7784cd5898c0d0bad431e4216887c
DAC78E6D84ED7B36BD7400E9DA910512,203,res/animation/dialogue/rw_duihua_pangbai.atlas.gz,edb8cd4b36553e9ae2389d30ad45e5b2
08FD3828216C1B4107488D371432219F,216,res/animation/dialogue/rw_duihua_pangbai.json.gz,ba401ef764162c6e0adf0f798ba1b5ab
0AFFD57AED66058EDB0899ABC9B18CB3,209,res/animation/dialogue/rw_duihua_pangbai.pkm.gz,1913f0f881e0d6c53180fc0d33c8989c
0FBDD13ABC612516C5BF89F628F99360,214,res/animation/dialogue/rw_duihua_pangbai.pkm@alpha.gz,c3d20dde33959903dfd89ea44a82a29b
4BF57A7E817AF51A4A71323E16B186C8,391,res/animation/dialogue/rw_duihua_qianye.atlas.gz,f2e9c3129913a1365d207857d3b89b74
F2D1F3BA7E538F662D636780F669127E,367,res/animation/dialogue/rw_duihua_qianye.json.gz,29cc809207812d35cba18739cdbf35a9
8F780BA5AED668202D65130513CD72D8,109282,res/animation/dialogue/rw_duihua_qianye.pkm.gz,d8225938088d915525f30b25f9f6e9e9
6DEC7C373A7F320BF1144F65DC9ABC01,19691,res/animation/dialogue/rw_duihua_qianye.pkm@alpha.gz,3647609050555be221a8e78c293680b3
658FBC8A673D5A1C367C5EA012031D84,439,res/animation/dialogue/rw_duihua_qiguaideyanjiuyuan.atlas.gz,0297e7cae73bd11040f9bd1016e523b0
FCB615310391D48C189BB6A1B8C15316,338,res/animation/dialogue/rw_duihua_qiguaideyanjiuyuan.json.gz,7450abc0a582fb142472448fe039c4d4
97AC5B4A429B5E3CBD4EBE04C5346AF8,121487,res/animation/dialogue/rw_duihua_qiguaideyanjiuyuan.pkm.gz,8b6b02a05447b6a5a2e07e0caf495e9c
77DF84EF314413AEDD22C618C414D950,28333,res/animation/dialogue/rw_duihua_qiguaideyanjiuyuan.pkm@alpha.gz,b24ee7a636eb2cc10445a70771a314d2
7A61819ED034FF5AE15BD769ACD229BF,222,res/animation/dialogue/rw_duihua_sangeheyiren_1.atlas.gz,4e99fa40c8c9272e1e7e74c77d774d87
950673AA9DA839B3B6B649F12C7FD6F4,212,res/animation/dialogue/rw_duihua_sangeheyiren_1.json.gz,653b12d6c4d2f536c2a58e6f58f96b67
848090F312E956FF29732BD10A90F46D,3222,res/animation/dialogue/rw_duihua_sangeheyiren_1.pkm.gz,e5452e0153755402a4da10f85ab3e102
CC2BABDAFE38003D36E7A73186232C51,30412,res/animation/dialogue/rw_duihua_sangeheyiren_1.pkm@alpha.gz,dd443987c8ac781a09175a69718dd3a8
ACDE5ED139679F3F821C5CC979ED5E51,221,res/animation/dialogue/rw_duihua_shadiyangui.atlas.gz,21ce15294f0dcbd5c0fd5777ef53af52
F402519EECF9FDA340785F13DD50C5C4,244,res/animation/dialogue/rw_duihua_shadiyangui.json.gz,f2538e3246603ca94cee4fbcbf2c602c
6EBAE42AC15CFC23E76AF93B989FA37C,429633,res/animation/dialogue/rw_duihua_shadiyangui.pkm.gz,db22983ab0a257324f0ac9a744724899
E1BCEA725F9326F8041849A7A7B13A56,35994,res/animation/dialogue/rw_duihua_shadiyangui.pkm@alpha.gz,9e512bbe760d9591ed769e48b920480c
60800FFF0B1AA37F7134417C6AF04BAE,215,res/animation/dialogue/rw_duihua_shenbing.atlas.gz,736926dd9a0f62da68810e3beaf04eea
7BC8424B67A67699B23C4FF77E908B68,294,res/animation/dialogue/rw_duihua_shenbing.json.gz,b33b561e8dfc7f8674eff4ad5f1e9a54
1D15108F7D143F2839490190FA1006A5,216102,res/animation/dialogue/rw_duihua_shenbing.pkm.gz,ccb5b7274b3545d14f8f5d8513f1ce69
20AE266039DCF5DD5AEC518A33673342,44930,res/animation/dialogue/rw_duihua_shenbing.pkm@alpha.gz,fc611e123dbb2ff8b89d5cc1d93b559c
55F06E17975D2E8ECD0794A164FEF688,287,res/animation/dialogue/rw_duihua_shenmijianshi.atlas.gz,c0474fd4c13c1773b6286876b354fc24
FD81E36B093C4BEC118E5257D41FE556,284,res/animation/dialogue/rw_duihua_shenmijianshi.json.gz,26d9b16df40e4c651ccb138deff6e178
3E74CE8B868877DF04508B2C143CE28C,143931,res/animation/dialogue/rw_duihua_shenmijianshi.pkm.gz,69311be88daa07c7473c41cada097b04
4022159D83FEF993795A271DFED12CF6,21690,res/animation/dialogue/rw_duihua_shenmijianshi.pkm@alpha.gz,83bf3eeb9f3c2750d50b4b1fc2b79c5d
9B1435532C28AECEA1D9D65DE2A83134,441,res/animation/dialogue/rw_duihua_shenyejiexuan.atlas.gz,75e97ce837a2645ea073db4505d6d1b1
6D7CB68BB2037E9D6D3720BEFAD0A4B0,664,res/animation/dialogue/rw_duihua_shenyejiexuan.json.gz,ab5259a9fa8043bc9a5e182715b6e865
FD2358C46BA29B4F97C926869A73EDE6,705588,res/animation/dialogue/rw_duihua_shenyejiexuan.pkm.gz,befb05b64b57d1a796bf70b73536bf73
72CA8230184918DAE3AF7DDA7DF02777,213582,res/animation/dialogue/rw_duihua_shenyejiexuan.pkm@alpha.gz,be582ac390442c85645b073b76adea27
150E717B3EF7FD01F68FBCB13C13E87D,493,res/animation/dialogue/rw_duihua_shenyue.atlas.gz,89d2cc6a84158f56018b51a7e6a2367e
F74E633EF51259715ECB8CD8D1141214,439,res/animation/dialogue/rw_duihua_shenyue.json.gz,8c779db51ed2b90817959598e2c345f0
01080AFAE92C9F05BDCE76C761E5B673,192433,res/animation/dialogue/rw_duihua_shenyue.pkm.gz,1f0bf6bdd4d08d26f421d8bc34d27d12
E4B302FD72523185648CA2DBDED09707,38242,res/animation/dialogue/rw_duihua_shenyue.pkm@alpha.gz,54ea4b96842ece5f51fa482a39332b06
272236442B46584BB2D148AF0EBD197C,214,res/animation/dialogue/rw_duihua_shishenzhe.atlas.gz,6600e42de6a34f570332b0be7c91e505
7482C2DB1161B36335A3021F843F4273,257,res/animation/dialogue/rw_duihua_shishenzhe.json.gz,7947ae283a957dd28b8df002de4e8371
0AC271225AC1002D4E88CEBBF6BEEC17,242546,res/animation/dialogue/rw_duihua_shishenzhe.pkm.gz,7e2395492b2e1efeb791e2faefeed483
61BA4F7913272C1C60A85ECE468E1DBD,41865,res/animation/dialogue/rw_duihua_shishenzhe.pkm@alpha.gz,d9370dcd36b8dd80f94842b84e8da8cb
157B68F211E0901151C12AD1D164C795,503,res/animation/dialogue/rw_duihua_sitanli.atlas.gz,4ad4655210589dfb94f768cb4b32a825
2F7AD6FA8EE8FA918CDC3E3FF93F8E83,455,res/animation/dialogue/rw_duihua_sitanli.json.gz,7047d4f5f14392c1a80801294d50fa82
1CDFDEC854BC8CE4A422A66005575812,417694,res/animation/dialogue/rw_duihua_sitanli.pkm.gz,daa6ace8daf53672427f341587c5effc
F15A5E5F55C16141B16152304B672CF9,106799,res/animation/dialogue/rw_duihua_sitanli.pkm@alpha.gz,935c07e570516b71ed094d781b76fec2
1C96781364005099BF493A3BDDCEC938,874,res/animation/dialogue/rw_duihua_tongxin.atlas.gz,9887d322d07fe7e6657d1f17ffd60106
ED2B3BC3D80C2113F46F7E297E9FB9AE,1058,res/animation/dialogue/rw_duihua_tongxin.json.gz,49e0c94414e0875e83f7a185c05030ff
D1D7002A9079C68259AF07658CC3CB18,281473,res/animation/dialogue/rw_duihua_tongxin.pkm.gz,5e6f399c0bdbc51719c3da96afbb24ee
843DB6FABAB538193EB162D706DF5B2A,52662,res/animation/dialogue/rw_duihua_tongxin.pkm@alpha.gz,0f4475587e8e2f7c3886524da15bfd38
C37DD2FA2D126F15DFAFAEDDFBAC870D,504,res/animation/dialogue/rw_duihua_tx_hongfayujie.atlas.gz,9139577abf566708582aadd3517b54d2
B66E55FD9C573B28DA21C45320F7217F,506,res/animation/dialogue/rw_duihua_tx_hongfayujie.json.gz,f19f5f53be822dbce554ac3f7cd0177c
F2A1F963909DB5904C23885A4BCE93F9,162669,res/animation/dialogue/rw_duihua_tx_hongfayujie.pkm.gz,a4d941ce7b904ed6758b40a186bc2469
1B07900F78F4DF44C01646D0C84BA003,33572,res/animation/dialogue/rw_duihua_tx_hongfayujie.pkm@alpha.gz,a8da8773b24ac3c014fa47aae6564659
54A4350611B27714BC958D7D2C459162,285,res/animation/dialogue/rw_duihua_weisilai.atlas.gz,bda46234608a57bc6a99f5ceaff6278a
0530003E33BE813EE6F1D80302763D01,394,res/animation/dialogue/rw_duihua_weisilai.json.gz,9845087594a74ecbdaba74edc1edce38
4C3DD2748CA58CEED6FA038F56C40ED3,563828,res/animation/dialogue/rw_duihua_weisilai.pkm.gz,d27068dd7560976dfe53082303c61850
8AA065E56E9523C4E0883EF5969FD618,78006,res/animation/dialogue/rw_duihua_weisilai.pkm@alpha.gz,f487ac6e43ba4701f3594ddb26a29af6
BC25B206D371A2A44D6109E55AA24B07,439,res/animation/dialogue/rw_duihua_wenyu.atlas.gz,0d76ca6d1aa8fa72f0339b6cc5256ee5
BD1E009EBF9F21F00746BDD81C208F6E,339,res/animation/dialogue/rw_duihua_wenyu.json.gz,3e8167dd66ff0a0492c38719f9900943
5EEE58EF246DCEBE5F59D7F808811E5A,216808,res/animation/dialogue/rw_duihua_wenyu.pkm.gz,23a395d6df0081180b10d10d0168ea2c
4DC04E857996398B9A07847089F2BE0B,30171,res/animation/dialogue/rw_duihua_wenyu.pkm@alpha.gz,f13c7be7edfa2451fcb495bec3bff54d
F2B7AEF43B55CED34126752B4F0A9D69,205,res/animation/dialogue/rw_duihua_wulala.atlas.gz,d6cce806fe0e83d9a2539d617afe5784
E8363EBA070CBFE6742F802DCF1DF716,212,res/animation/dialogue/rw_duihua_wulala.json.gz,7ed09d04105b2e94386e7c173157116e
32DE4E5ACAC2FE229E08B76324462129,318,res/animation/dialogue/rw_duihua_wulala.pkm.gz,ccb45649ef922011f89ac55da397b201
08CACE5FA2D3C489F5F46BAB2B2FCD76,310,res/animation/dialogue/rw_duihua_wulala.pkm@alpha.gz,cb39ba3dfd53a023470f8c2d1b462867
04837E864547B1E998E8F28FDFA843D7,664,res/animation/dialogue/rw_duihua_xiaodui.atlas.gz,5f986b9b41d8ee710903a7bf9400db8f
FD8368E1E3B5E123DD23D5BCA3800F1B,635,res/animation/dialogue/rw_duihua_xiaodui.json.gz,21267035bd8300d0c0410be4059a2d94
F35406466A6D6B5E533050BD1803FFB2,320273,res/animation/dialogue/rw_duihua_xiaodui.pkm.gz,72db8d516af1a569ae9c70e5525cd543
21627CADEC2FA18A1012CA70F1DBD30D,68795,res/animation/dialogue/rw_duihua_xiaodui.pkm@alpha.gz,958acc19eeec312628e4f75e89d90c67
7B858623FDBD563788675C9A8CBEB61D,274,res/animation/dialogue/rw_duihua_xiaofan.atlas.gz,b357502092d6d15761464918b1223ade
C4925A2331B0ED9C9113A4C9D2D235C2,269,res/animation/dialogue/rw_duihua_xiaofan.json.gz,b543120286d16a86d0545e6a1fc18d6a
4CE28520F56B95DCDFA7E802111C9FB7,114206,res/animation/dialogue/rw_duihua_xiaofan.pkm.gz,e4228be2c9c9b1cd8158550aa8137f17
C4C20828047A10D09210AA41B2871576,15648,res/animation/dialogue/rw_duihua_xiaofan.pkm@alpha.gz,670fd092930bf63646b35ce766b91c18
161B7ACC759CC837E433581F5A1E0AC1,216,res/animation/dialogue/rw_duihua_xiehuiluren1.atlas.gz,bf28d1e742f7986876ab38de9fb86cd3
D1B69B4732C162C6996DAC1526C865FE,215,res/animation/dialogue/rw_duihua_xiehuiluren1.json.gz,12e8d99ae7c316ab28ef0afe9d8a771e
D63105181673F31D50C8419E74F5F72A,123954,res/animation/dialogue/rw_duihua_xiehuiluren1.pkm.gz,bade65ba70d3dc91bf1652548a150e9d
0C09B0AFA86A596E7D2C0DBA9AA3EF88,16246,res/animation/dialogue/rw_duihua_xiehuiluren1.pkm@alpha.gz,0ed7f1002d0360c9bfed8542cde00e77
18245F6334C855B4BEA10E5A022FE285,476,res/animation/dialogue/rw_duihua_xiehuiluren2.atlas.gz,83bd60d2520fe8f4bfa14eb1fee66e68
41BE3DD1ABAD24CE76676497741A16EF,460,res/animation/dialogue/rw_duihua_xiehuiluren2.json.gz,5ad80562e96fee8f03a436ca51abe62d
CA4CAE0BD12EC4C466231D519DACD8F6,139998,res/animation/dialogue/rw_duihua_xiehuiluren2.pkm.gz,dd2b3062fa446673ba36be7f61b5fd70
7442C4078DA0F133B6CBF03B8FC47CE9,34367,res/animation/dialogue/rw_duihua_xiehuiluren2.pkm@alpha.gz,891f95349aa00e503843d56c60d6e01d
48A94026C497ABE2361694DC44A5C919,470,res/animation/dialogue/rw_duihua_xiehuiluren3.atlas.gz,6c63f841048844bb4a458b21dc4e6fe3
0DD22893E8EB82D3B652027AFD9A1222,434,res/animation/dialogue/rw_duihua_xiehuiluren3.json.gz,72c9d891f0394687d6fb54f1b3c1bc44
49CB7DCDC0791279078093BCC6105BE5,134672,res/animation/dialogue/rw_duihua_xiehuiluren3.pkm.gz,54d2a9e4b4942affbb5f74d938ed38ad
7B6B4CC1C400F81111847E902A8FEB98,29636,res/animation/dialogue/rw_duihua_xiehuiluren3.pkm@alpha.gz,61988229aa17f461e5ec64ded446f0cc
86EBE3101345AA050FFD8D5E0CB9F6C7,215,res/animation/dialogue/rw_duihua_xiehuiluren4.atlas.gz,b3b95e1e244581a393ca818b575154cf
36B9EFDCB956865096F481AA4A867E4A,222,res/animation/dialogue/rw_duihua_xiehuiluren4.json.gz,87327660c6ac33445cb95d5e44e3f050
24CAFBB7C719929C1007BBA7B1D99134,138216,res/animation/dialogue/rw_duihua_xiehuiluren4.pkm.gz,b9666640686116c4d08576fe5b2c7111
30F8D0A352DE8D2F0E0DD35579736FF2,16993,res/animation/dialogue/rw_duihua_xiehuiluren4.pkm@alpha.gz,e7330cbad518dda625f83b414ebff7e7
6E806797B2E26931FFCA9B1E46A917C9,521,res/animation/dialogue/rw_duihua_xingye.atlas.gz,201f1fb2f5d138818b18d3457d98b102
2B63DD29E69A0164EAD8C61BA0C2ADAA,510,res/animation/dialogue/rw_duihua_xingye.json.gz,f16a7dd601ab6577d2f1f570096c12d8
DBACA4964113D330A91A59EC31798973,119267,res/animation/dialogue/rw_duihua_xingye.pkm.gz,ec257422218da4330c36490d17c61e2d
9447040081F2289DFDE7DB507AB3CD0B,33443,res/animation/dialogue/rw_duihua_xingye.pkm@alpha.gz,c84981d89b171a1ffc2278f77c9a886f
10596CCE8C13B328AFF31C04E5BDF717,448,res/animation/dialogue/rw_duihua_xueshi.atlas.gz,ebb42ebcc99380c164768f41d9b504b5
D146843E28F7B8FEB46E1810C033278E,417,res/animation/dialogue/rw_duihua_xueshi.json.gz,e005e34f5b5d9fdedbe2e4d9f56a7a45
079555E540C1FD05E4DE168B72074AA3,162357,res/animation/dialogue/rw_duihua_xueshi.pkm.gz,ae4c615385fbe6d9586c3340e86e20d5
1CEB2E31F18B12753825E7EE841A4E06,31072,res/animation/dialogue/rw_duihua_xueshi.pkm@alpha.gz,642499b8e975ffbfce0677a05ff9cc6f
D7F6DF3D1A3BDB971A0F03BDAE5D8E4A,214,res/animation/dialogue/rw_duihua_xukongmonv.atlas.gz,37cd5cb5e69eed313445fd400ac84033
68E2D70A736F0A2A7627C27AF69F5648,299,res/animation/dialogue/rw_duihua_xukongmonv.json.gz,ae8fa0087a9e8f4b6942a866f6ada486
5C4B752D01800B9E45DFBE66E1957719,256731,res/animation/dialogue/rw_duihua_xukongmonv.pkm.gz,e5ee6284ede29b5c5655b7cd29c40fc7
4A82AA5BFE852155DF8B7D9EDE99E737,45513,res/animation/dialogue/rw_duihua_xukongmonv.pkm@alpha.gz,d883b45ab675f81ae70c1dec2b2dc742
2EB4B859A4D10EA749D4BFD2A8DCC985,439,res/animation/dialogue/rw_duihua_yemei.atlas.gz,5176405370a823231dc9e75ca81c5afe
84AA465DEE41E85FC5A0842D9D39979C,418,res/animation/dialogue/rw_duihua_yemei.json.gz,92b9f1ed9940980dedc43be0e6a9b5c1
80BB134CBF870FADCCC955ECA7654633,114711,res/animation/dialogue/rw_duihua_yemei.pkm.gz,8cd775d8d86839e71eab2edab0dc23d0
A6D09D6095D2A833D2815B5BB55EABC6,22785,res/animation/dialogue/rw_duihua_yemei.pkm@alpha.gz,cccdccb55298f4949a6371906ac1a6aa
EC9964FC0F3DE79D7E08A41C08F2C9CA,506,res/animation/dialogue/rw_duihua_yeshen.atlas.gz,bcd0f8abeae04e34d1ae0610feb3b054
1677D0DB42DC738C61CEF256C48CAA8D,633,res/animation/dialogue/rw_duihua_yeshen.json.gz,270b11f5e7c9117e5d40ac46e7bc8248
537B836C4B88E73338D9AE0CB8144FF8,240529,res/animation/dialogue/rw_duihua_yeshen.pkm.gz,3ec8af5648d179ab8efcd1cbf96cabe1
7B3CE94CE0A58C5986C95753F89A353B,58531,res/animation/dialogue/rw_duihua_yeshen.pkm@alpha.gz,116ec57ffa968e4f71fd603cd010ee32
4ECCFA134FED962025A2E1F43CA83617,482,res/animation/dialogue/rw_duihua_yunji.atlas.gz,df2a47f90e35b17cc04f567a8ca6f3db
BF4283D6A92BBD13DA0130787C646FC2,472,res/animation/dialogue/rw_duihua_yunji.json.gz,74e95eb26652c61b497f9ed183089976
2D7481A31634E090367E5AD6D84BBFA0,200749,res/animation/dialogue/rw_duihua_yunji.pkm.gz,8ef12a33828ab6bb7a8c57f905c94050
8A2153A4479541249B3A734B3698B5AB,56029,res/animation/dialogue/rw_duihua_yunji.pkm@alpha.gz,569d7879827d76e39307171ddf5baac0
F542E12CF02AA563C347C7EAB7E6DD0C,482,res/animation/dialogue/rw_duihua_yunjin.atlas.gz,e01900a92018161fbf8af8fea5166e1c
C866ECCE5BDE14BF5F82766FBF5ADAF5,597,res/animation/dialogue/rw_duihua_yunjin.json.gz,10ffcec462728a2004efa67e2eec25dc
5EC95EC4E7D17EDF655C50268C1EECB9,188263,res/animation/dialogue/rw_duihua_yunjin.pkm.gz,d6c8571a3f4cb31b35e85f9e1cf38cda
A37C04DD0F17BFD8AEC50C0450D8142A,34365,res/animation/dialogue/rw_duihua_yunjin.pkm@alpha.gz,37b18aab84bb6dd2d74733a4a26966e9
238B060447093F7877A5E53931540491,569,res/animation/dialogue/rw_duihua_yunjin_boss.atlas.gz,b992461c5f476d261f8f503b6eda0f61
D2C63329DA8E0637279968E7AAC05A0C,677,res/animation/dialogue/rw_duihua_yunjin_boss.json.gz,b11c0b41c408c70fab0ed6261e4cb18c
79C3227C6A9F4AA8C14527F91D2116BB,421032,res/animation/dialogue/rw_duihua_yunjin_boss.pkm.gz,c39ec1ae42732721306aebd85025e944
08597C780EF12CA0AC3CD2A1A21FE2F6,184874,res/animation/dialogue/rw_duihua_yunjin_boss.pkm@alpha.gz,c8fbc7b44cb434ab4bd3b6acde4a3a62
19194AC970A94A8EC57513A434DFD5CC,538,res/animation/dialogue/rw_duihua_zaochuanyoujie.atlas.gz,2ff685ff749c4c6eb3b6154676fa77a3
A89C76F52ADEEB253D36145C597A1BA7,619,res/animation/dialogue/rw_duihua_zaochuanyoujie.json.gz,c13f2f2c5c67d463cfcce5c6c3a25570
70A76A53F4A738258A90EAFA0EB73C60,291972,res/animation/dialogue/rw_duihua_zaochuanyoujie.pkm.gz,4de6911848f3d67df8fe59e743774a14
DF7B8EFF967DAA3766AE1960D1808071,70837,res/animation/dialogue/rw_duihua_zaochuanyoujie.pkm@alpha.gz,9f262fb9169776339801e3ebbe280f9b
630CDA6D1148554E10D6B61737F4A509,317,res/animation/dialogue/rw_duihua_zhengkehuwei.atlas.gz,3161753832d1159633a1fccdcd85ef66
FDD4260AA8C712FFEA0E9A455E057753,311,res/animation/dialogue/rw_duihua_zhengkehuwei.json.gz,d2fc4a72f6b66f0c15e96e5b18a4a563
09032C546C6F5752A128F04CF3C27C2D,138212,res/animation/dialogue/rw_duihua_zhengkehuwei.pkm.gz,f65acb396ef991c99dd013ebb1b808fa
7D7429D0A840A985055AA7F0589B2C96,21407,res/animation/dialogue/rw_duihua_zhengkehuwei.pkm@alpha.gz,dc931bd9816dd0d1a9a7146bfc05c8d4
690A962EB931E189AE2889DF558EECA0,493,res/animation/dialogue/rw_duihua_zhengkeyinyi.atlas.gz,3edffeabfd6482b5a37c62ab26a97311
20B95653ED95F9C2A03E1907A0D7B1F7,442,res/animation/dialogue/rw_duihua_zhengkeyinyi.json.gz,49331fcb98bd3e3c611778cd0432c6f5
90178C2DDE2392F9CA631694BFD2BC65,170635,res/animation/dialogue/rw_duihua_zhengkeyinyi.pkm.gz,eea4e89d5b223760eea371372bfdafad
2FA1BD0BCFCAE318E215F961DADB3764,27633,res/animation/dialogue/rw_duihua_zhengkeyinyi.pkm@alpha.gz,57979765fb1e6ee2b709867de16f9785
575F633844BD6D5BEF64F310F88379ED,215,res/animation/dialogue/rw_duihua_zhizuoren.atlas.gz,f5fd5ea9f28a8b99731cfd44ba955db7
1FA17E65C4E6473384D018E0D1F0CBE7,251,res/animation/dialogue/rw_duihua_zhizuoren.json.gz,b40402ec69137ba51589e4f1274bfd79
B9FEDB91646980AF678EB40FCDEB7859,59079,res/animation/dialogue/rw_duihua_zhizuoren.pkm.gz,a39239388c449f8b769d9903b7d429b9
8AE90C74E94C6AB3803B43590C8FDCB0,16519,res/animation/dialogue/rw_duihua_zhizuoren.pkm@alpha.gz,d4764887cf078018eae64476fa326ae1
BD909A92835D41214334C66AC84BAC2F,218,res/animation/dialogue/rw_duihua_zhizuoren2.atlas.gz,be7adfe8f213df2e0be8119241359dea
9F846658F939D1B83993496C896339DF,251,res/animation/dialogue/rw_duihua_zhizuoren2.json.gz,b40402ec69137ba51589e4f1274bfd79
4E2E819D845048869A0A386569DF87E4,18550,res/animation/dialogue/rw_duihua_zhizuoren2.pkm.gz,31ed4ce2fffbea86681f3bcd6929936c
BEA48E7BD99C22C814F1C39B9B2E13FA,9647,res/animation/dialogue/rw_duihua_zhizuoren2.pkm@alpha.gz,ebd6a2921923f803d299786e62345e37
B07EA32B13EEA5CB8835956C4A3AF8E7,218,res/animation/dialogue/rw_duihua_zhizuoren3.atlas.gz,760fccb98ea4946af4488898909c2bbc
A2F13F7A39104DE6053AFC6BE81E1337,251,res/animation/dialogue/rw_duihua_zhizuoren3.json.gz,b40402ec69137ba51589e4f1274bfd79
B6420146D8A6787EF5AB58E0A12641DB,17810,res/animation/dialogue/rw_duihua_zhizuoren3.pkm.gz,7f9b98bbe4eda1a2d6fbf767de1dca75
9E56F53501BF39FF8AEC75EC4C9A8ACF,7572,res/animation/dialogue/rw_duihua_zhizuoren3.pkm@alpha.gz,c499b696e8ff9fd882f4adca21d0db23
4301F454FBE55FC2FF52A164FACD639D,216,res/animation/dialogue/rw_duihua_zhuying.atlas.gz,7c3bc95744444473ccd8bc9797801661
5858D62D50443191BD15F0081C400D53,294,res/animation/dialogue/rw_duihua_zhuying.json.gz,d1b56ca3fa0392e3b2e01e322c3725d9
C795F535E759F99865EE1FE2A65F0E4D,214859,res/animation/dialogue/rw_duihua_zhuying.pkm.gz,3a8f1bb798d575c899186c6fae7c6f9a
5FA3A4CB5E20733D2CADF94973AED7C2,50107,res/animation/dialogue/rw_duihua_zhuying.pkm@alpha.gz,23da08631ddea39c952396710045dacd
003AA39F77EDD332E5A4DC2699F17D05,474,res/animation/dialogue/rw_duihua_zifaluoli.atlas.gz,ae2e445406f9eade2c1eeee348c4a152
A5E4041D6EC132A340487E32232A60D0,366,res/animation/dialogue/rw_duihua_zifaluoli.json.gz,dacc5618dbb0c67578a96d1b75c75099
3A1E26298F7CA0A60ECE3B5DC284460C,176019,res/animation/dialogue/rw_duihua_zifaluoli.pkm.gz,c59493c0268f725e399cf22fb313402c
0D3A4F728F581C78D6D4876AC6A191E0,49118,res/animation/dialogue/rw_duihua_zifaluoli.pkm@alpha.gz,2d82afa66ce35c4a6219a7da566d502a
539D8712614CD575F00140D721F8A760,370,res/animation/dialogue/rw_qipaoduihua.atlas.gz,b53ec4e9be2219033085fe6d57d72de7
0BF45412E6A7BB3453B39C68CEC0B152,2106,res/animation/dialogue/rw_qipaoduihua.json.gz,8ba3d96e4f1aa5d8d744937c59654723
9002EC12080A0EEE34FF0146D22482F2,27694,res/animation/dialogue/rw_qipaoduihua.pkm.gz,8398a66232b70c9eab56f10a0e4e63bd
467C794FA6FC3862A585FA6461E8875E,7918,res/animation/dialogue/rw_qipaoduihua.pkm@alpha.gz,ca7f11a0560fcc1df3e3653f6edf169d
B9D657E430B7AF021503E02756FA1BB7,657,res/animation/effect/bg_huoban_01xueshi.atlas.gz,47650505f0c5d83f4bd56f5575c198cf
E4FC5CEF9E15A0B5D8EC3D033D725816,912,res/animation/effect/bg_huoban_01xueshi.json.gz,3b6033e1a85c4c348929863db088bc17
3086CF1E2108FAF0E98A91A9E6FC54D0,138898,res/animation/effect/bg_huoban_01xueshi.pkm.gz,b23d962487e4c5f441b6ef440cc4cc8b
05529812D2B5840213632383C42FDE7C,103393,res/animation/effect/bg_huoban_01xueshi.pkm@alpha.gz,a96fc27b4a5bbb8bf05cb5de3d6a191f
9FAD26A714E997FEA611A022EDF3FE0C,489,res/animation/effect/boss_ailin_shouji.atlas.gz,ff01ae296e4d4ed39443820c23db6627
82A640611F86B96EF4A5C223C727F6FE,373,res/animation/effect/boss_ailin_shouji.json.gz,949b5e27d090217ac32546b21a7932e7
AB909433C044548CA81970A7758FAAF2,33325,res/animation/effect/boss_ailin_shouji.pkm.gz,07a771778500b4945966ced0ec1a9129
5FBDAC73ED03F7ADAF83FC083D1D33F0,21659,res/animation/effect/boss_ailin_shouji.pkm@alpha.gz,c1c1298e6003f2aa64e16a9661a1e712
1A6BF2D5DED036E87DC70588B18901AC,2150,res/animation/effect/boss_ailin_texiao.atlas.gz,1c2de7f239c1c7a3a8d53288ace0f769
A042B9BC7EB2EFA9B9A536EA027C6A76,9009,res/animation/effect/boss_ailin_texiao.json.gz,6f2755fb41d9fc87bcc3142b63126760
0042779E5EA4AB5AB8035904593D4981,449527,res/animation/effect/boss_ailin_texiao.pkm.gz,d52944f851e84da0f8ac493b98936237
A9E919BF3797B714F18167ABB70EA67C,300681,res/animation/effect/boss_ailin_texiao.pkm@alpha.gz,11e7a0d80c1c1e620017286f2e9d822b
7B479D4CCD67046FA541A7D0DE8AFEC0,1296,res/animation/effect/boss_ailin_tx_zhengqi.atlas.gz,ac376d6ee29b6726ce434b61989f8848
19DCDFB52FE2226E85A81C004591367A,2849,res/animation/effect/boss_ailin_tx_zhengqi.json.gz,e5feccd1d488695f19321e7b4c761d70
DAC4F971AB1A553E45CEF8C8F6EA2A1F,51769,res/animation/effect/boss_ailin_tx_zhengqi.pkm.gz,7a9acf849a41a5c3cd0143bd87296cbc
B0C88C679E4C59865818544A301AF624,67685,res/animation/effect/boss_ailin_tx_zhengqi.pkm@alpha.gz,6e9c1a509d99b3e5ee83c026a3b01c74
560D91551BED74C02E6A5A0C0008C32A,1206,res/animation/effect/boss_jixiejiaofu_1_tx.atlas.gz,56703f37637e29b798167d1f5bb9f841
A65652BFEDEA2979303E95477740702E,13082,res/animation/effect/boss_jixiejiaofu_1_tx.json.gz,32c14b8b994c60260cb17caf6fe16fc5
2C40228E32C3945A0720AEB4F7A93ADF,1044821,res/animation/effect/boss_jixiejiaofu_1_tx.pkm.gz,fac475ec4213f5053af9aaa5843d3b9f
7D4A874DBAA8DB69B60E1DD00F73EB7B,654615,res/animation/effect/boss_jixiejiaofu_1_tx.pkm@alpha.gz,4ab0629718f84fe4f2a3ed7d3f4992f1
8B37B41C42F2B29337D69D62FB3218EC,2367,res/animation/effect/boss_jixiejiaofu_2_tx.atlas.gz,aece7f26ea7236586b432de57b66b99e
0638CD5BDB6EA281262516ED49FF42F4,7991,res/animation/effect/boss_jixiejiaofu_2_tx.json.gz,a6d5a77e2c178f826147910fd94c28a6
151AC9005D13CDB009052BB18C4629B2,1178978,res/animation/effect/boss_jixiejiaofu_2_tx.pkm.gz,4c9911192e69ddd883ba978a0b4e40aa
3EBD841D9A9E7B3F9B74BB2AAEFCF78A,891713,res/animation/effect/boss_jixiejiaofu_2_tx.pkm@alpha.gz,aeece2827c5e51a6bbc95f90ab05f3e6
8631B8FBC4814ED18078FE725CB1A58A,619,res/animation/effect/GVG_huo.atlas.gz,b9afa60bc5fc486fcd931d180a4004fd
4740D0DCA172E5AEDA450F04523EC425,1192,res/animation/effect/GVG_huo.json.gz,259f8c4005f2c610f0b0430a6f6bd6f5
58B00DEB50523908CF58CC1072E0E177,16166,res/animation/effect/GVG_huo.pkm.gz,e6e2f1d0f0c80b8eabd25d76624aff2e
A76C7A963A2061715B0FF3BD0CAEBB35,15050,res/animation/effect/GVG_huo.pkm@alpha.gz,cd19e248354a44ad7dae1b9062083de3
1ED8128A63C8F2C7D3AA4119BA9F7F40,851,res/animation/effect/gw_chushou.atlas.gz,706e260c1c8348a9af18f3819debb215
DBA0EE83C102DF819495A6F26A35B980,7821,res/animation/effect/gw_chushou.json.gz,cd59f5ce5f142203e06ecfb1c425d30f
FFB32658205F93FDEDA63BFA035C48B1,36047,res/animation/effect/gw_chushou.pkm.gz,54bb6c0e66fbbcb7b05609a4f03133fa
96A2F0308B1130A9EFD43EC022D0847D,35820,res/animation/effect/gw_chushou.pkm@alpha.gz,6e7ad7485344b6bea6eab34ae984e1f9
DC8011597C1BF2A347C71316FD74C5B1,1672,res/animation/effect/gw_s1_robot1_tx.atlas.gz,7fa8b30aae87b4f193d4be14cb27aaf4
CFF7B81531D8DA384D9C9D95553E6511,4230,res/animation/effect/gw_s1_robot1_tx.json.gz,b9fcdca7accbcf0073fe748d021521ed
E3401FC83A857CE01A7E65D8EBFE191C,422469,res/animation/effect/gw_s1_robot1_tx.pkm.gz,aea0a77e1d862ca9752ba15b26bfbe53
E1FA2E8D4D88C546BF0B61B841CEFE1A,284922,res/animation/effect/gw_s1_robot1_tx.pkm@alpha.gz,f7cf9ade6b3a51fdd6c290362d2aadd5
3ECFCC874702225C063E2D6BD8513FFF,1062,res/animation/effect/honghei_00000.atlas.gz,708d60cdbcf6286cd36d3ca771a472fe
8E5B7B88A92B84F7E0C642007297B733,1916,res/animation/effect/honghei_00000.json.gz,ac9c6e9b6ce13a3813f2cb5359aa6cf0
EC3FC487DFE19F7DDBCEA58792B6CA85,160925,res/animation/effect/honghei_00000.pkm.gz,31009e6cbe3d850de9c8efa3d71879ff
20EEFB939F7E52D8C85021D192C70058,172876,res/animation/effect/honghei_00000.pkm@alpha.gz,46e808d768b88837ea8ddd72e5bc01cd
0559BED563358B68A9BF6254F1EA8827,930,res/animation/effect/huozhu0001.atlas.gz,a52ca367742ed8c495eeb8fb9889f81f
2641FCE2CD746396A7F3C1FFBEDDF1F2,1699,res/animation/effect/huozhu0001.json.gz,d88b24df3201e092da4eb2314be6a8e5
385AA4A4B2CE0627A742D2CBA141B2C1,144765,res/animation/effect/huozhu0001.pkm.gz,15d2fc440d507573da049b3686d66e21
672EAC5F808BECF8D81C52C90913CDEB,91655,res/animation/effect/huozhu0001.pkm@alpha.gz,10da98b1006860a071c6925ddcfe6929
655C9F9E309CF177FE49D2EE4BE1B95D,1408,res/animation/effect/s1_tx_wuzhung1.atlas.gz,d52558a1555494da3ea5a19b4e2a5fab
24FA4F305F6F16313A6C5535EA0B8578,5720,res/animation/effect/s1_tx_wuzhung1.json.gz,e0e605fcc9fc605186183225c2c2e887
C19CAD3D650955CFC27B2557F68BFAE7,929028,res/animation/effect/s1_tx_wuzhung1.pkm.gz,943d70bee0602741ece3594185b7833f
BB7FACC93ED849399CFAEB012DDB352F,484886,res/animation/effect/s1_tx_wuzhung1.pkm@alpha.gz,a15a4647242bad595d9d6bfc3c3c0d46
26701620747D984B57DBDDEF37F51ED2,1771,res/animation/effect/tx-wuqitexiao-cheguhanbing.atlas.gz,510e45057791207fb9d9362625716039
6B0B41EEB238D5CB548CE9FB1FBB2491,3033,res/animation/effect/tx-wuqitexiao-cheguhanbing.json.gz,fcd81ed6b02b486b430c1d8915638fdb
632268587BBB54DFB2BF190B4545A8DB,1903157,res/animation/effect/tx-wuqitexiao-cheguhanbing.pkm.gz,ff6af2667f2881286b02cc969c199829
3B265DE1BA3D74064FA5B22E653F28A5,875049,res/animation/effect/tx-wuqitexiao-cheguhanbing.pkm@alpha.gz,b752f70be1eae0177d6137b101ad8481
31CF91E97953BC23805DB7EB52F4B01B,335461,res/animation/effect/tx-wuqitexiao-cheguhanbing2.pkm.gz,c514ae2a872c6989db5c5d6f162ce59a
92B74DA44D68E9136462BF69D628BC6C,176684,res/animation/effect/tx-wuqitexiao-cheguhanbing2.pkm@alpha.gz,dc62c931e8e821e0a373a7a2630eb6ad
92A813F3BBA27288F1CA1F5F44F10656,1033,res/animation/effect/tx-wuqi_dichi.atlas.gz,5d4b980cb3ef95e8c16ec7342b130d1b
63466A8ACE7BD89D39412F5456A97940,4170,res/animation/effect/tx-wuqi_dichi.json.gz,fe1e83a45ea972a5c59b69cde976764b
79CB6C31E6230EA721AAF3ECCD2F3485,663807,res/animation/effect/tx-wuqi_dichi.pkm.gz,57854faaa0d77f9875034e9f97b927d5
6D752670654548A68F5C34FEFC6D135E,447952,res/animation/effect/tx-wuqi_dichi.pkm@alpha.gz,23cfe2adb17b64f96f555cf20d2d81a5
8C0BA2E4C4D8A3CB21B12F206FF27F15,926,res/animation/effect/tx_aoyijineng_qunxingshouhu.atlas.gz,3f98a78aeaf6770e78342564d51645e9
AEFB59A3BB3DCD847F94C1D5A0BF1EC3,3023,res/animation/effect/tx_aoyijineng_qunxingshouhu.json.gz,fe8fa5c13be0dd76a58021b76dc6eded
491766579F7163A5A1FE1C36401D4000,374368,res/animation/effect/tx_aoyijineng_qunxingshouhu.pkm.gz,7277e8744cbb2629f37d2baadca5a732
922489937AA9B18DEDA4E34AC219F5C0,278902,res/animation/effect/tx_aoyijineng_qunxingshouhu.pkm@alpha.gz,ffa6ee2a00113fa720d7d2c483a11b18
E5B59956E65265459482CF1BDA592750,1230,res/animation/effect/tx_aoyiji_leiqie.atlas.gz,cada947eafb4440cbff01430caf28a61
BE756A36F1CC24A4084BB9FF1F0C4D3A,3222,res/animation/effect/tx_aoyiji_leiqie.json.gz,5cb9ae33c2a245f13fbea663027270b2
6CCD9678A5063A5361807BAC8655F4DA,288963,res/animation/effect/tx_aoyiji_leiqie.pkm.gz,6f73c68ba9b68a08e36788f752c5d547
A43F6DDBA65675ED767962DD46E84FA4,235392,res/animation/effect/tx_aoyiji_leiqie.pkm@alpha.gz,3501e4dd986de02e7f5e94ce6d7635e4
F4297C7E652495066DF6ABDC64D02018,1959,res/animation/effect/tx_aoyi_ailin.atlas.gz,cfe874258c0ea9c1cdf5cb4f4dd5f343
07AB0D7AE18C84492FDAA7E3E2DB67ED,7166,res/animation/effect/tx_aoyi_ailin.json.gz,68050b917d7b811a300e94ceaa55e69d
BE59AA561A3FFBC18FC426A8A2B0F535,480303,res/animation/effect/tx_aoyi_ailin.pkm.gz,f6653b541f326df9bb249af9b5576614
EC85ADB522EA5AD5DDC516F5A36B448F,328907,res/animation/effect/tx_aoyi_ailin.pkm@alpha.gz,8ee893627fae7ff846970928f9171be0
01A4DCD6208241CF0B85002BCB580290,1715,res/animation/effect/tx_aoyi_heiyansheshou.atlas.gz,36be752d961daab31971aa0963fc7823
73F1D21BC45A5BB7FCB8C8AD75E1B5DF,10871,res/animation/effect/tx_aoyi_heiyansheshou.json.gz,9d8b7e00cafe5b953114e2e3a3e0bdb6
0A6DCFD1A492247D6BFD64EDE010DAD4,1161631,res/animation/effect/tx_aoyi_heiyansheshou.pkm.gz,7bb1ff081879c6ac0a7c37bebe8bc958
70D6A2DCA30ACF1F9C96398B0C20FD4D,748491,res/animation/effect/tx_aoyi_heiyansheshou.pkm@alpha.gz,b5b48a6057968e91d35959739a5c3899
FDFF10590C2B1683861D9B086B3B81BE,1282,res/animation/effect/tx_aoyi_jiuhuiaoyi.atlas.gz,d874400085745332644707414f400d7f
DDEED1CF6EB6AE9377161F62F4C8A406,7941,res/animation/effect/tx_aoyi_jiuhuiaoyi.json.gz,41568d122a17c3f96334e3090edcae03
4DF889E88DB71386D71565CCD2C1812D,2136615,res/animation/effect/tx_aoyi_jiuhuiaoyi.pkm.gz,b937fe9bfb3068ee266727c8a252474a
1DCED391B7AAAA6597DEF30034B0F688,1513294,res/animation/effect/tx_aoyi_jiuhuiaoyi.pkm@alpha.gz,7d14771efd43eb22c607c978e362b464
7D8D2143F2FA150672A28CA335F15CA5,1012,res/animation/effect/tx_asilan_kuaisusheji.atlas.gz,12047ff0f96345c04352bcd02e5a9117
11B6A86FBD1695B658D04BE2038CA3A8,1313,res/animation/effect/tx_asilan_kuaisusheji.json.gz,0eb45c674316d771b37a209201422470
2EFC4A44E957DB334AAADB0CCD2B5043,120968,res/animation/effect/tx_asilan_kuaisusheji.pkm.gz,e9648663023e45c0943816e546b1a0c7
0E9CD5D42CE411EFD32AD19ED866D687,102863,res/animation/effect/tx_asilan_kuaisusheji.pkm@alpha.gz,a76fe7d9e9b67b63f4cfc926603367b6
E842BCD7BBE4CE2392DB2096CA2BA9CF,1600,res/animation/effect/tx_asilan_qishensheji.atlas.gz,93a047ce1625c11e823b5d676f1c5b74
B69F1C63E3ACB49BFFCC4B8AB2A3FF6E,2982,res/animation/effect/tx_asilan_qishensheji.json.gz,459381a9026caa181fc8e58458d28289
04B778A40E6304F475BD98B8550B2926,282356,res/animation/effect/tx_asilan_qishensheji.pkm.gz,f265f0cd28d754614cf5d5f1d3cf132b
245E6372E28E3E2ED67F5E95B113317A,221659,res/animation/effect/tx_asilan_qishensheji.pkm@alpha.gz,ee75d1073e3feb74ae0893ba8f47b081
04E4D33434146CAB2C8F4C9C5A57B834,2337,res/animation/effect/tx_asilan_shanshen_fanshensheji.atlas.gz,b561807cb6ba7c25f0d0f8a9511eec2b
72764D19A777A6983042C901A5231D17,3025,res/animation/effect/tx_asilan_shanshen_fanshensheji.json.gz,81d691a2a9435745d292687edf0ac87d
26A6557677040BAB619211A69F76AF7E,404222,res/animation/effect/tx_asilan_shanshen_fanshensheji.pkm.gz,f55ecc42deadb1d9e9a627660ee32cb2
53FB3FAAE16BABF60A7D7563DC944A8F,297788,res/animation/effect/tx_asilan_shanshen_fanshensheji.pkm@alpha.gz,27b834137802fdf3464ae64483fdc47f
3CBB477EFE8BCB5669F6FF5197BBDB76,2124,res/animation/effect/tx_asilan_tishusanlian.atlas.gz,141cdb4899072cb02631cd9d360d775a
B124A6298F154BD08A29B50E9C46981C,2670,res/animation/effect/tx_asilan_tishusanlian.json.gz,b5bc9d063d65da8ff8aa487b4d73bb93
54456079E234EBA2A3149ACB82E38EB1,395943,res/animation/effect/tx_asilan_tishusanlian.pkm.gz,35ae01d69596ac963b2b457ef7bf09ac
CF0A2655EA96FD5EAB7CCDD12E2DE54D,377331,res/animation/effect/tx_asilan_tishusanlian.pkm@alpha.gz,8a7883e47d53965a7e3f6189df6cfce5
28F862BF1A5EA9537D8D017EEC159BBB,609,res/animation/effect/tx_banmeib_chongfeng.atlas.gz,4453946e44302893d975e0b47620b066
2D6F124E2DC8B1BB98B17B77C307D650,834,res/animation/effect/tx_banmeib_chongfeng.json.gz,e2001874a28d08e1f2ca4322b7f3505b
6925E491AC527497D76CB953FC5C5547,59462,res/animation/effect/tx_banmeib_chongfeng.pkm.gz,8f02ad65ba35bc13b8d78536864021a3
C7D443B7051DE0598E052B6D734F59B0,37687,res/animation/effect/tx_banmeib_chongfeng.pkm@alpha.gz,adee2e96d1d3c4838612d1015fc4ca76
2676ECC53022BFD6C201A8BE4792232D,754,res/animation/effect/tx_banmeib_huanraojituiqiu.atlas.gz,56649842380e4ab0d3cec0fceffd90ec
E8EA3C43AFA7D4E448816E213434D1C1,2573,res/animation/effect/tx_banmeib_huanraojituiqiu.json.gz,19e0da70aaa486086e8e573435d82044
5C58F31DEACC114E9D57A3FDF8643A1D,71174,res/animation/effect/tx_banmeib_huanraojituiqiu.pkm.gz,3e4d2cd556e122c7914178980df1cd9e
D1DC7D97D5E82BDE40844683516C4A40,45756,res/animation/effect/tx_banmeib_huanraojituiqiu.pkm@alpha.gz,2c676898d045f0efa3bf7c31f215e134
840F9FD8424E7182A85EAA8123B8C209,383,res/animation/effect/tx_banmei_heianbodong.atlas.gz,74db0f7ed756100089616267c9c35772
1AA2FECD16619803CA9C96AA0AB69B78,472,res/animation/effect/tx_banmei_heianbodong.json.gz,91abe3ef9efc8cdcea158d9f44385335
9BB9B7564A99E56BB3BB8F631FEE74A7,15978,res/animation/effect/tx_banmei_heianbodong.pkm.gz,5d545e358ccdab73411247e6964338d7
13FFF4434896D5304957B9093AEC39FF,10774,res/animation/effect/tx_banmei_heianbodong.pkm@alpha.gz,2e683dc17522bc0d66232bb550b2a9a3
492B713DACB13A9BD145B0B72DCF978A,2819,res/animation/effect/tx_boss_ailin_main.atlas.gz,9da38b49a3fd25fc4bd2e2a2394cbb0e
533AF67CD78A6831A67EA4AD44D389AB,13216,res/animation/effect/tx_boss_ailin_main.json.gz,9b4e7b0190d5850e2164f510dbc2f3b2
3814776F9827228FB8E13CF960F18403,313765,res/animation/effect/tx_boss_ailin_main.pkm.gz,f1c1d25d0450259e8719768742b73cc2
C573B63817FE022DF7665F9B09380C37,297002,res/animation/effect/tx_boss_ailin_main.pkm@alpha.gz,b28883d203dde58743cad78d8fda2ae8
B7B751982B4F3608A68F1644CB58A632,665,res/animation/effect/tx_boss_baiduizhang_zhendi.atlas.gz,9fae6e0211816009120cbb42cdfa8129
177A5295748A8D9ABCE699B84E48401D,742,res/animation/effect/tx_boss_baiduizhang_zhendi.json.gz,48a3b2bdbe6de533a33a4d16742aa051
4D19D8A37348665C3DBEC0D0AAA9D931,188557,res/animation/effect/tx_boss_baiduizhang_zhendi.pkm.gz,55cc819f5ae5974149ca2c2a0c1544cc
72803515829357C7E5BB4A1776E82F16,141090,res/animation/effect/tx_boss_baiduizhang_zhendi.pkm@alpha.gz,6dfc7f2016b6f0bc3db2e51b6d291a69
94B3033932A8FEE2F63987EF56E28A66,1137,res/animation/effect/tx_boss_bingzhangyu.atlas.gz,17174e434e4d7f58311e7009c4478f9c
C0C54A930E45184EDE0C895A27DE3F79,2899,res/animation/effect/tx_boss_bingzhangyu.json.gz,d3554352736f32a86e73e29e341b730c
64FB72D2F2DFC2A5951A1119DBE5EE7E,55942,res/animation/effect/tx_boss_bingzhangyu.pkm.gz,452b32c9842e62a8ec1aa4bc7c2bc2b5
637BAD3EF442202E59512F9690D7EC85,42680,res/animation/effect/tx_boss_bingzhangyu.pkm@alpha.gz,8ece171c2480534e23cc2941abb81954
CC3C22D974B3F93F340D5604950222E2,1196,res/animation/effect/tx_boss_changdaoshishiguichongjibo.atlas.gz,08037461ccff5fcc2ceaf594901595f0
4A6B0E8C123EF60AE0FC6F18C0271AC4,2947,res/animation/effect/tx_boss_changdaoshishiguichongjibo.json.gz,5b4670dd3241b0e1571d72056bcf7d44
7CDC3B97F64D200C49F1A88A5867CBC1,171984,res/animation/effect/tx_boss_changdaoshishiguichongjibo.pkm.gz,552c95d0cd76bc2d5ccab6a21cd52b83
FFEB7A95D68732D0FDACBA3372079B10,129077,res/animation/effect/tx_boss_changdaoshishiguichongjibo.pkm@alpha.gz,019b7a8d198ebb2a5c7e25fede7eece8
49DB15491EE9D88558D02AB1527863AD,1236,res/animation/effect/tx_boss_changdaoshishiguidaoguang.atlas.gz,91253d76f7d5d390233f4a7a8e36563d
67082714BE54C197C90CDA05A7DBF728,2073,res/animation/effect/tx_boss_changdaoshishiguidaoguang.json.gz,2e7029696dc067d4d451d03df0cdbcf7
822280FD6E807BF2D17A619F314F803D,198685,res/animation/effect/tx_boss_changdaoshishiguidaoguang.pkm.gz,a0ed207d5cfa155da040dd50d162e7ae
D1F79EFEA70B907B19C6F6D3F3207AE1,154894,res/animation/effect/tx_boss_changdaoshishiguidaoguang.pkm@alpha.gz,139c41747aa967da4ea04f626a9e0083
CEA94D645D811A6C30E492B22932C324,866,res/animation/effect/tx_boss_changdaoshishiguixuanfeng.atlas.gz,7177053fb8d5b6d3a400b3d339a6f12d
3B215966E5D2E7CAA23A0B366A67172A,1161,res/animation/effect/tx_boss_changdaoshishiguixuanfeng.json.gz,17191b45c4afabb9ef958d2a90587602
4286479AD7A580E113A0ED8537C09D36,44878,res/animation/effect/tx_boss_changdaoshishiguixuanfeng.pkm.gz,38ddca72610c16011ee5cd7a5becafd9
DC16578DB49F1B99220BA8297A222ADA,78032,res/animation/effect/tx_boss_changdaoshishiguixuanfeng.pkm@alpha.gz,96c9ba9bde8142100372b242fc467909
94ECB2DCE0A7AC8E83D322C3B4DF3297,2395,res/animation/effect/tx_boss_chaqijumo.atlas.gz,4af345163b7240abd0dc78be0bf773a5
9647B44E2DC6B5072AC2305232B7EF01,5231,res/animation/effect/tx_boss_chaqijumo.json.gz,3ba3c1d78f4072d987b30dd2f4aad9db
3B6FD0EE771A1123FB39B141BE0FAFFA,471243,res/animation/effect/tx_boss_chaqijumo.pkm.gz,1cbc8c27d133fa3117c6499200596443
4B7867CB75337447F173E91E4BAD180E,355363,res/animation/effect/tx_boss_chaqijumo.pkm@alpha.gz,673707556b58e0cded1301ce465d8e9a
2FAC79FF8A0E0BDB431CA7FD0C5F2287,2392,res/animation/effect/tx_boss_chaqijumo1.atlas.gz,390bea73e53c18fc937c13d595c5a172
395DF4B0ED795911B462876C85208D7A,5337,res/animation/effect/tx_boss_chaqijumo1.json.gz,5b67b8863adb11dca82dc9ac75a1c2ec
E369A7CE7772F45EDF82A9D68FBCD6C6,471243,res/animation/effect/tx_boss_chaqijumo1.pkm.gz,1cbc8c27d133fa3117c6499200596443
ECF81178720DF7FF697ECA6A56691361,355363,res/animation/effect/tx_boss_chaqijumo1.pkm@alpha.gz,673707556b58e0cded1301ce465d8e9a
88CEB94CF4771E7EB9B6D8E0CC11A6E2,568,res/animation/effect/tx_boss_chixuhuixue.atlas.gz,b56f0e2d3f72b3a4d1ed12ead4f94354
A9081467D3CB23EADDDAE94D026457F4,395,res/animation/effect/tx_boss_chixuhuixue.json.gz,5a59236ea1f213c506461431bfb61b6f
F36B06398A322B1F2928C94A44554F64,59987,res/animation/effect/tx_boss_chixuhuixue.pkm.gz,4035a656b5aea6d9c15dd3d9bf8246f5
47E8680F25414282FCDA8EA3D1F90A2F,47414,res/animation/effect/tx_boss_chixuhuixue.pkm@alpha.gz,d98e4e8ad99ef27a67efa4aebcdf88a7
F557C5A1B1B3E920FF316F5FB3BEFBF0,626,res/animation/effect/tx_boss_chongfeng.atlas.gz,2b07739ece3751a12c8af10d2f8da329
90A34906071488BC059CA30A6FBE8937,921,res/animation/effect/tx_boss_chongfeng.json.gz,197265b0d4d78b1a16355770bf0cd282
831B15BCC720108EDF620981C5226289,61780,res/animation/effect/tx_boss_chongfeng.pkm.gz,03a63063c4b34769e67048d9765cd319
B2CD8F9F0E5438C66A3FD5F4CC8E9D56,54309,res/animation/effect/tx_boss_chongfeng.pkm@alpha.gz,087de3042c33600acc638c951bdd2845
34E21758D5927BF0882C23379E6F1BA1,1535,res/animation/effect/tx_boss_chongji.atlas.gz,272bb16c60789326a72fb6c9263d2631
A0ACA41C6AF49860D2B85A99A3813DDB,2452,res/animation/effect/tx_boss_chongji.json.gz,0c5ab028843c673bea93f9055eb2f37c
34E36515EE1E9CAD493E843FBF1773AD,221831,res/animation/effect/tx_boss_chongji.pkm.gz,9542eec0e666a053eaba7b9e133e4ae0
615E9B5FF3C5FEB178E3FD374FE5D591,169273,res/animation/effect/tx_boss_chongji.pkm@alpha.gz,f29b5ec87214fc9ab2ad84b600453864
D47ACDE8824855E5F62C63625331C62F,1079,res/animation/effect/tx_boss_chongtian.atlas.gz,7e630246d176dcd78d325e7490e9856c
087C2134E238B354E8259B3A6054516D,5515,res/animation/effect/tx_boss_chongtian.json.gz,55e2dee23d27855bc59cdef706a43ee2
4D9FDB4CB5A9624E867B929BF92C0306,235293,res/animation/effect/tx_boss_chongtian.pkm.gz,d6ac69854bc9862322dfb14aff5bf462
6E74494F44168D17ABB29872AA25B57A,128582,res/animation/effect/tx_boss_chongtian.pkm@alpha.gz,dafd6bf011cf04b4a43851c9d4663bc6
08158FB53C507F9E5960B0315FC867C4,1436,res/animation/effect/tx_boss_ciyuanpao.atlas.gz,af6e792723212f9e23f4f246bf29e13b
45384E14955CBCBCD968BD41CB55D56B,3248,res/animation/effect/tx_boss_ciyuanpao.json.gz,3bed27ee08745be7072331f51b0d102b
AA12E63E1D9C66B6BD24F2119B1088FB,513559,res/animation/effect/tx_boss_ciyuanpao.pkm.gz,e50423157107905f15093a8eb9483816
04D2D597A8EEBBE0DCBD8F6389CE575D,450963,res/animation/effect/tx_boss_ciyuanpao.pkm@alpha.gz,0a8ef4925e7ea06abf6eee75cd1d4dfe
F0701EEF3AD06CCECF2B7B853E9B2E6E,1795,res/animation/effect/tx_boss_dachuigoutourenpugong.atlas.gz,f7c79f0d95325bc35c526856473be4ea
8B878941F0A0AF08F76887B92E2881DB,2865,res/animation/effect/tx_boss_dachuigoutourenpugong.json.gz,c41e39905c8ea498b7fcfcb94c357b9c
00B8ACEDB905C41E183A7B84985B73E0,192179,res/animation/effect/tx_boss_dachuigoutourenpugong.pkm.gz,404a0be1516c8187736348d9174ba2f4
D85E685F2AB8F4105C970D02856AB6D8,354632,res/animation/effect/tx_boss_dachuigoutourenpugong.pkm@alpha.gz,434818dfee97ce3d1493b3bcf8e21af7
70FD8A662E80F85522C48D7D3634679B,477,res/animation/effect/tx_boss_dachuilong_daoguang.atlas.gz,a0d550117345a22b0fcb8a21441dace6
C97108F73F58883539F5BAC2F0EE7E21,480,res/animation/effect/tx_boss_dachuilong_daoguang.json.gz,6f553c3d4977e8747417ed633ed9f40a
0842F8921832D632C906BFFD59E42275,60883,res/animation/effect/tx_boss_dachuilong_daoguang.pkm.gz,2e222449985584ebd89d8592d030598d
2426B4F83501A28FF972691DC950FD5A,39114,res/animation/effect/tx_boss_dachuilong_daoguang.pkm@alpha.gz,3e25f03b4d824f880226aa930719224f
11D665F020AE094C7F96E209D4348EFD,842,res/animation/effect/tx_boss_dadunlong_addbuff.atlas.gz,1b96caa90b000eee1b16ddf10cc41979
BAB65439DD85A9017D4C4D168821D97C,1954,res/animation/effect/tx_boss_dadunlong_addbuff.json.gz,a5dcb6e60c64060e02149aee83bc7ca9
F7990331B61C473D6AB3C70FBB051035,84602,res/animation/effect/tx_boss_dadunlong_addbuff.pkm.gz,918ef7726b2597acbe08a2f2f8144377
E248309228D49EF900CF43BFF28273B5,65305,res/animation/effect/tx_boss_dadunlong_addbuff.pkm@alpha.gz,b38fbec61c549f5dec33b13b5a922169
52E7F086E1FB38F8F934A87E79370DAA,389,res/animation/effect/tx_boss_diyanxukong_huixue.atlas.gz,8d008e7e9326838b071a7d23699c092a
B799DF8A677EE5C2A2A557011D162B83,3182,res/animation/effect/tx_boss_diyanxukong_huixue.json.gz,ad9b8cf9beb66ab458f94d59c068a9fc
AD2491942AC57909CEDE2378DC9E065E,63112,res/animation/effect/tx_boss_diyanxukong_huixue.pkm.gz,58b171f67540ac098bc0d1735d408fb1
35A4FFF977BE55D2642FF7487A157739,57208,res/animation/effect/tx_boss_diyanxukong_huixue.pkm@alpha.gz,e0f7925cb751c58d38838f73420d4604
79468441EA5B4742B9C1160AC685329C,460,res/animation/effect/tx_boss_duizhang_chngjibo.atlas.gz,7650d639d85393073e52461fff7c1a01
2D0239C182B7CFC091027CC1FE31FF84,443,res/animation/effect/tx_boss_duizhang_chngjibo.json.gz,713a5bb32f3b5f872920a25c93426ace
377FC8AAB3B758B8EE2D5C556A674A20,57189,res/animation/effect/tx_boss_duizhang_chngjibo.pkm.gz,ce34fec19b6c081fcf4d3bb2c1f0c78c
093C19394A7F07C83EC2E06638DFDF72,56745,res/animation/effect/tx_boss_duizhang_chngjibo.pkm@alpha.gz,14a386968bdb24f9d2e1ed51620c6103
B0366E459423105BAC40CADBA8FFB6B3,665,res/animation/effect/tx_boss_duizhang_jiuzhendi.atlas.gz,d7e647fbce85590a7313f7a8cf890be2
BA48521D87FAE57D766E2CCAD4403205,742,res/animation/effect/tx_boss_duizhang_jiuzhendi.json.gz,48a3b2bdbe6de533a33a4d16742aa051
18026ED0C3CF12D6B5C47D29A8FF6886,188557,res/animation/effect/tx_boss_duizhang_jiuzhendi.pkm.gz,55cc819f5ae5974149ca2c2a0c1544cc
27CFE9E860F54ED74039F93C871F2307,141090,res/animation/effect/tx_boss_duizhang_jiuzhendi.pkm@alpha.gz,6dfc7f2016b6f0bc3db2e51b6d291a69
3F14C83D9DF9EB88E45D4BAEA06CB59C,656,res/animation/effect/tx_boss_duizhang_zhendi.atlas.gz,10fc9d59919cb5c4abf98172da144413
4C45EB78A04873FB0B515F8A48C0F4C0,679,res/animation/effect/tx_boss_duizhang_zhendi.json.gz,bc52b7e8ac2d92407906dd9fd348b369
A53466F1A1C49CFE3EFFE238FBE8ABB7,188557,res/animation/effect/tx_boss_duizhang_zhendi.pkm.gz,55cc819f5ae5974149ca2c2a0c1544cc
EEAAC326095041B25F0B5BE823989E2C,141090,res/animation/effect/tx_boss_duizhang_zhendi.pkm@alpha.gz,6dfc7f2016b6f0bc3db2e51b6d291a69
1EE951178C9DCD2713D19AF275CFE2E3,1013,res/animation/effect/tx_boss_dundaolong_baohu.atlas.gz,6abb165968811ee1a4b3381de8ad0b19
A28FF3FA9F9AD4DA1E795EE0B1758A7E,4024,res/animation/effect/tx_boss_dundaolong_baohu.json.gz,76c8409479380d38076b6d4a9efc3062
DA34AABE43D44670AC30A62DFFA7734E,116419,res/animation/effect/tx_boss_dundaolong_baohu.pkm.gz,445426a527c87b81bd5d14d38515e226
4D86A4A1C0B8410A9C04A792B2A23648,120311,res/animation/effect/tx_boss_dundaolong_baohu.pkm@alpha.gz,8829fd5c03d9eae9937a79bf3f0a8729
D5652EAC6814B3925CB607695987DB22,798,res/animation/effect/tx_boss_dundaolong_chaojie.atlas.gz,1111870129dcf3fa086f88a8755f4c7f
9CBFDC659426659810EA636237CC95A6,1037,res/animation/effect/tx_boss_dundaolong_chaojie.json.gz,fae331fd9bb7339656b0ec541ab861be
4B045BDCE8FDD4B389242EADAE715255,70103,res/animation/effect/tx_boss_dundaolong_chaojie.pkm.gz,4c26d0fb8dc29db425d37ac7b1e73a37
CDADC3C866F9FB8AC5A06979477E486C,86954,res/animation/effect/tx_boss_dundaolong_chaojie.pkm@alpha.gz,1e97c9ef19880a6722133d93232aab31
5C68F7EFA3D4F3AAAA99C9F158AD7A74,842,res/animation/effect/tx_boss_dundigoutouren.atlas.gz,80445023fedc65977b0ae58871461901
44ABCC9EAB461055B374455B97B29F87,825,res/animation/effect/tx_boss_dundigoutouren.json.gz,f7ad6257121f10f268db40aa0b114af7
B5A9D4FE8509662E9BECEDB0DD1CE4FA,238644,res/animation/effect/tx_boss_dundigoutouren.pkm.gz,e183780e6a3eb41e5c7cc138e8162bb9
BA8E6A6B1C2C38D4CFCB8517483294AA,251102,res/animation/effect/tx_boss_dundigoutouren.pkm@alpha.gz,1a134d136c8fa8908c7dc0d06f7191bf
2273274AC299FCD23AD6FDEEBBB14343,1191,res/animation/effect/tx_boss_duyanxukong_ditupao.atlas.gz,a42e1da39cd289698d1de5482104a214
A3E1CCBB03DD45928C43F41CCA6ECFCE,2246,res/animation/effect/tx_boss_duyanxukong_ditupao.json.gz,db1a9aba2461a39eed0ae491dddc6de3
4F2B345EFE8B270CD427490C81D2FE42,351809,res/animation/effect/tx_boss_duyanxukong_ditupao.pkm.gz,434a339d563422459a71ecc307071bb6
386533CAA076F4519FFEAE777C5B2B14,288797,res/animation/effect/tx_boss_duyanxukong_ditupao.pkm@alpha.gz,2cc997522325256e8f39cef6cfb21e74
9CC43D5DAC34EB121CB485D0D659F832,824,res/animation/effect/tx_boss_gongjianlong_jianguang.atlas.gz,6bfdd41143f53162fb9f64b217cc206c
2FE4C37B65E266B533271565DCA11A44,2173,res/animation/effect/tx_boss_gongjianlong_jianguang.json.gz,5334025d45e4574cfe3a494b8ae051da
5796053D89552A1B49232D6FA3A29D41,30902,res/animation/effect/tx_boss_gongjianlong_jianguang.pkm.gz,f0e8ce0f961ee41e7bbcde6109ed5d33
3BDA442DC946301EC3DCDD39D7611693,57429,res/animation/effect/tx_boss_gongjianlong_jianguang.pkm@alpha.gz,eef350685b25f5814126dfcaa5c28068
F352B4C85F6ED94D8B764E7F1A70BA56,518,res/animation/effect/tx_boss_goutoubang.atlas.gz,dfd7cb0a6c56152af49c8654c9ee5971
B2F07EABB4785B23BE553D6BF3121229,477,res/animation/effect/tx_boss_goutoubang.json.gz,c5ab8cbad5f942e1f99b648cf82f4483
7060A1B31AFDB48EE596FEAC6FF4BBFB,9884,res/animation/effect/tx_boss_goutoubang.pkm.gz,97c966ae6798580f8ded4ddfed1b5f8b
8BF44E3EAA7945EEB0982243F5DA842D,7545,res/animation/effect/tx_boss_goutoubang.pkm@alpha.gz,43f94951201b2dade86cea70714a5bb6
F5E29F07753888A1E9929CD6B3B95054,1037,res/animation/effect/tx_boss_guangqiu.atlas.gz,9b71b2f4857743d8cdf8825aaa7a933b
265A6CBE15D008820B1109C394E329B4,1184,res/animation/effect/tx_boss_guangqiu.json.gz,1905246552c6e553a3368e94d00cbac1
3BB514C1617214687643F1199AC0D807,275867,res/animation/effect/tx_boss_guangqiu.pkm.gz,33319dfe1e89461886f1ee63e244fd6a
1E04050104AF70BDC5710B4DFA787D47,215141,res/animation/effect/tx_boss_guangqiu.pkm@alpha.gz,c37fc909a1076b41ef1ef773e953baef
C4A55E63983445AF11D3A99388BAD340,1177,res/animation/effect/tx_boss_guangyigou_chongfeng.atlas.gz,d0116c33cc5968b97dec0786812b40a8
405C0069F24BEE9EF05EA954FD2EAEA3,2332,res/animation/effect/tx_boss_guangyigou_chongfeng.json.gz,1fbd0c864e91e40f709f32215f7f0bc2
86D74A65151353F1C9C2BEDA778971E5,334765,res/animation/effect/tx_boss_guangyigou_chongfeng.pkm.gz,dba55515d0afbd4bda969f602c0eb871
2065196A5A0312185C2DC1EA13143B30,288808,res/animation/effect/tx_boss_guangyigou_chongfeng.pkm@alpha.gz,7178cb85927619b8785257c59fc28717
81D92B6D66EDD625F0DFA49639775FA6,1203,res/animation/effect/tx_boss_guangyigou_hebao.atlas.gz,7d7293ff860dae2f3b05d3cc4f7bc2e5
7E10EAE71B7F0C5AD1D93B104A19C17F,1965,res/animation/effect/tx_boss_guangyigou_hebao.json.gz,5e307f1362e769fbc72e1d9565569a97
4815FF3C0B037C8F088CFDC00C2B7794,563382,res/animation/effect/tx_boss_guangyigou_hebao.pkm.gz,27e2d6c06716c42bcf93f6f8820f2c2a
F40E669AF81B9459E25BDD45F9769B47,317818,res/animation/effect/tx_boss_guangyigou_hebao.pkm@alpha.gz,d38be15c1ae0b0666d92b46f7601f621
48093A2318C89844380DE21EFD382951,443,res/animation/effect/tx_boss_guangyigou_pugong.atlas.gz,d71dd8a6ce33d0465be6a518a9956484
9917275CABF3C7002B141473774EFD6A,651,res/animation/effect/tx_boss_guangyigou_pugong.json.gz,a3461aaf3c28b044a55d0e69feb2bcd1
A20FBAA566BC35A8D2768DF3BEF5C564,143257,res/animation/effect/tx_boss_guangyigou_pugong.pkm.gz,7e8187a66a1f994d4bebe26b1b33546d
AA4F36B5502A642CFE3D743E77C027D9,75761,res/animation/effect/tx_boss_guangyigou_pugong.pkm@alpha.gz,c79b2a71f3790020e8bf663b87b4c512
AA24E02798766E0DA37FA5B42A45D0E4,1042,res/animation/effect/tx_boss_heianzhiqiu.atlas.gz,416c5d713c0a2706f1dae57f1a384de1
15E1DBB31B3193C986A5288DD1FC76E7,2692,res/animation/effect/tx_boss_heianzhiqiu.json.gz,d1bdb8f9b05be8f2cfc2eee98646f071
EFA6EA306D861BFFF0B72EC0205F6E4A,158240,res/animation/effect/tx_boss_heianzhiqiu.pkm.gz,fc2ea15da477662b8d32fec80595c72e
C67D56917412BB8140672084E8C8BE10,164189,res/animation/effect/tx_boss_heianzhiqiu.pkm@alpha.gz,d6d7826445ad0ec845e311bd7957926a
8E34B36C3FF7A8CF230F51B7BB787CB7,800,res/animation/effect/tx_boss_hongfujumo_jianqi.atlas.gz,f083dcb1f28f78fc0a4a6a4e1f1e1ac5
97120F381BA5C3C53C36B84BB19B0EBB,902,res/animation/effect/tx_boss_hongfujumo_jianqi.json.gz,3f0924b02d1d2aa9979a90b4512a0392
00EA16A135BC89B990D27A3B84D69F65,87405,res/animation/effect/tx_boss_hongfujumo_jianqi.pkm.gz,0772f49f115d0bfb94e2ce3f33baee9f
AB947B583FC4B33B32667F04F6A8AFB9,82965,res/animation/effect/tx_boss_hongfujumo_jianqi.pkm@alpha.gz,8a559c890e63e8e791d829ecde0dcdfb
BE13C7E2C03D4AB5013F1F9C9989D84A,1476,res/animation/effect/tx_boss_huoyandimian.atlas.gz,a6088d2495b16fd0cfedbe273ca56b74
A2E0580763E94109B837CB648E85F50F,1649,res/animation/effect/tx_boss_huoyandimian.json.gz,f4ad0797eaef082d5b589c00c674bbb3
757F6B59D28319E1182DE2BF745AB0C5,322178,res/animation/effect/tx_boss_huoyandimian.pkm.gz,a121839512431addfe04abb2efdedc8d
75DCA6589642A5C55D73BB6B83966AAB,243865,res/animation/effect/tx_boss_huoyandimian.pkm@alpha.gz,47e286391679e6510d152377c8be2289
A3B993E10767D9856109301BD069E4D5,1000,res/animation/effect/tx_boss_jiguang.atlas.gz,25691ffd3e7b1e1b55e919447f9bc3f0
EC0F47C809F027A231D3A8DF41DDC882,5326,res/animation/effect/tx_boss_jiguang.json.gz,72e677e4907e772198d81d109e0ac43f
DBE2B7B72A93D9439FE95472C6FFA6A8,117075,res/animation/effect/tx_boss_jiguang.pkm.gz,e5d750c13e8bdb01ecc354627c853aea
C812EC35F054EA5861DCADA98ABB0BE5,121552,res/animation/effect/tx_boss_jiguang.pkm@alpha.gz,de4aabf0e9029e909fe4e1cf80960368
539F6AD791B91AF347E75A793DAAEE41,688,res/animation/effect/tx_boss_jinzhangou_siyaodaohuang.atlas.gz,3bbc651e3d7a5cbfe4b7c67a7beb5cb4
9B7A0D0A29C190066E9F78698324C91D,1057,res/animation/effect/tx_boss_jinzhangou_siyaodaohuang.json.gz,9cf4a932e7f919fdcba902992a0c2772
FF5DC57536EB6102F1502B0FB7726598,64644,res/animation/effect/tx_boss_jinzhangou_siyaodaohuang.pkm.gz,637e52d2823baf52d54b771b5258f293
C787EC0A6B356CEA291813DAB2DB05F0,52643,res/animation/effect/tx_boss_jinzhangou_siyaodaohuang.pkm@alpha.gz,02258f470c0fcc522c0b400e430aecaa
1067F90B66C8E5BBE16AEA5E94C6D0D0,1843,res/animation/effect/tx_boss_jujishouduizhangxianjing.atlas.gz,ee765710ddf9e3a41855dccbf57f3a7b
8C660190207C3469C6C7CAF52F2B2C09,3692,res/animation/effect/tx_boss_jujishouduizhangxianjing.json.gz,8bf12aea323bc24e57a8abf37ec8d71c
F0ADDE8C9A440FBC5A1DA9AD49579B62,232503,res/animation/effect/tx_boss_jujishouduizhangxianjing.pkm.gz,79637c19d47780bc5e32871b84412fe5
5ADA96E4FC1A8EE6D14DF42A77103B84,263054,res/animation/effect/tx_boss_jujishouduizhangxianjing.pkm@alpha.gz,a22e6f58adfb93ab73d7945fc0af4e7e
08E74873EB1213693AFAC95E4858F2BA,376,res/animation/effect/tx_boss_jumoguanghuan.atlas.gz,a907780c2b53ed2ccd63b6be8efdbaeb
1ABE90DEDC1EAF6B0928139C10A3DD13,1091,res/animation/effect/tx_boss_jumoguanghuan.json.gz,33748f1e0a8724f2aa3b296ec9d0342f
E2E4CF116DE95AE3518E746A141AFCD6,9419,res/animation/effect/tx_boss_jumoguanghuan.pkm.gz,e3514bde5a8bac659160c17daf5f298b
23637776BC81DB14931D3B3D3FDD0D0E,25671,res/animation/effect/tx_boss_jumoguanghuan.pkm@alpha.gz,3de71c79e4ebc924fba1dfcae5781d61
437A81B21E21F637FD96EFFD9F64DF3F,206,res/animation/effect/tx_boss_kongbai.atlas.gz,862ceacaa05d653b8f7cda3a4e136852
BF88DCE1F9464CA22650173968612834,618,res/animation/effect/tx_boss_kongbai.json.gz,26909eff7e93efdd4c1337e4f8ae8ef7
AFF8DC13BD0F9C0ECBAF521720F41862,277,res/animation/effect/tx_boss_kongbai.pkm.gz,d5e40d07f10d331aaec6f0907cf3d4e2
62C154318751311707E79C87BDC3CB73,281,res/animation/effect/tx_boss_kongbai.pkm@alpha.gz,1d2b2c4114c49f452017600b03cbcbcd
F0CB1B22C94F646803F27F05A8D9A66B,855,res/animation/effect/tx_boss_kuloufashian.atlas.gz,1351bb011ecdac8b740b0d8094ec47b1
986B90D2246008A3ABFEDAC6EE19A70A,1843,res/animation/effect/tx_boss_kuloufashian.json.gz,7658311f881b94398c5f95764a2def23
C63ECD2C827F942D3817F335F296F7F2,65614,res/animation/effect/tx_boss_kuloufashian.pkm.gz,55348d4b168474748c8021bddd777df3
194D57C5FACF2FF74AD471699CAA71EA,60597,res/animation/effect/tx_boss_kuloufashian.pkm@alpha.gz,9ba745ff34c5a5fde3f5d757c5ec7ccb
348C01495E60D94B8E25BCAAEAE9F2A7,829,res/animation/effect/tx_boss_leidianbbq.atlas.gz,942ea8fc744ae5042c92d93e98b33f75
B8BEAD0DD3F7CC2A5CCB1AF26C6BF459,880,res/animation/effect/tx_boss_leidianbbq.json.gz,563f64a05ac99b9b52c3ce5d085a8d3e
3790739F3A137E58A3C8EF218EC5C5BB,99901,res/animation/effect/tx_boss_leidianbbq.pkm.gz,c78dce5d19e6f573b37ea825981932bd
740C40AFE4FE0F71F4B67519024B8125,81938,res/animation/effect/tx_boss_leidianbbq.pkm@alpha.gz,4e981793dd5f2b5efebb0e799ff06586
3C8A75518F78D9C5B72D78522E8B898D,1428,res/animation/effect/tx_boss_leiguang.atlas.gz,b2a176b5c41c422fdbeba85e4573449c
8677F04924C089DDBFDB447CE3CA6E92,4908,res/animation/effect/tx_boss_leiguang.json.gz,18af4062649b83faa39f5ebd6caf5bd9
6327F46EB96D355FF4F67C4D4F7416D1,309779,res/animation/effect/tx_boss_leiguang.pkm.gz,f86557ec1843bcfdbdecb75a9fbac37a
2B97D8426F5AE65389459BB53650EBEC,284272,res/animation/effect/tx_boss_leiguang.pkm@alpha.gz,0126d8a94e41b43d677cd5283703ccff
209D6E570152288CF5BDCC51F381B92C,1340,res/animation/effect/tx_boss_leiguangfan.atlas.gz,b2d1090386162847625cbed10dc7e8a8
5D720D50CCE53E5E64A1CF9B369B3A60,4877,res/animation/effect/tx_boss_leiguangfan.json.gz,2e293578cae13c33e1eb9a83e6905d62
0B24971188F85B8655FF35A777025838,304901,res/animation/effect/tx_boss_leiguangfan.pkm.gz,bad66d8e1ba25f5d5b8138553977b639
89FB71D43684B1F810CD96AE8F8021D8,288343,res/animation/effect/tx_boss_leiguangfan.pkm@alpha.gz,3d472a2ae2c35ffd3c92c0bc9ead52ac
C9F25D9FD792466576822D80C1013921,865,res/animation/effect/tx_boss_liandaolong_longjuanfeng.atlas.gz,d40a2004017a742efc0a634623cdb75e
E50E3DC5B209000C976B2A4ABE3280EF,1066,res/animation/effect/tx_boss_liandaolong_longjuanfeng.json.gz,7094bdf3bc68e1cfba5f4b0890bd24a8
5ED264915A40F5777252EC05C484F4B1,44878,res/animation/effect/tx_boss_liandaolong_longjuanfeng.pkm.gz,38ddca72610c16011ee5cd7a5becafd9
3DC5B88D6563AA2275691924386D73E3,78032,res/animation/effect/tx_boss_liandaolong_longjuanfeng.pkm@alpha.gz,96c9ba9bde8142100372b242fc467909
F633E7687207A18A071033DB1803C506,885,res/animation/effect/tx_boss_liandaolong_xuanfeng.atlas.gz,afd4524834a4f165f62c911662ace48e
F26B27D99EB2576230F28E1B3EB22C0A,2704,res/animation/effect/tx_boss_liandaolong_xuanfeng.json.gz,57e7098fef833cd8fb699b1e0e48b1e0
6829DFF633E1E0F81B86AC6E3D5007AF,38358,res/animation/effect/tx_boss_liandaolong_xuanfeng.pkm.gz,66e7cec2c5a57b1ad2e754493af507a3
AA0AE85D01B8378A416A68B5BF1D5495,62918,res/animation/effect/tx_boss_liandaolong_xuanfeng.pkm@alpha.gz,216a7e78284dbdd1941a7d285a0f6645
404FBEF27D4BB3011AA4368904C695FC,1891,res/animation/effect/tx_boss_longdajian_baozha.atlas.gz,d3d706990c1bf9c64baee816d8740eaf
F2CDAFE00642F4E59552FDB8B9E03022,3957,res/animation/effect/tx_boss_longdajian_baozha.json.gz,f92806fa8266eeccf2487f6ec9da1bc7
7520517C4203250868926C404378894C,344910,res/animation/effect/tx_boss_longdajian_baozha.pkm.gz,9d448e53e1c3e85f8a800d37daf61b48
A4C436678873CD2E35CB3EFBB0EC54F1,121481,res/animation/effect/tx_boss_longdajian_baozha.pkm@alpha.gz,0cc2125b5967054c66f1aa07c650e232
CEE3B7FA3BBC40C8692A435FE3B33EE5,1196,res/animation/effect/tx_boss_longdajian_daoguang.atlas.gz,86da80966518f320a3592da0e9ab3b19
21AD24DD64303B6A6DC8524959AC8E00,1901,res/animation/effect/tx_boss_longdajian_daoguang.json.gz,e7ca4de3c153390990eb376123c72357
C50A210CC1777A7BBA680A9029E1159F,198685,res/animation/effect/tx_boss_longdajian_daoguang.pkm.gz,a0ed207d5cfa155da040dd50d162e7ae
A74021F904FFF70D230B777FF5833FE7,154894,res/animation/effect/tx_boss_longdajian_daoguang.pkm@alpha.gz,139c41747aa967da4ea04f626a9e0083
5F6583147283DC6C9FF8F4162A6AB5D1,1745,res/animation/effect/tx_boss_longdajian_huozhu.atlas.gz,8f97dc93096e487729e8a39999d26ab9
955CFB850224A49CDC35E533F487CCD2,2379,res/animation/effect/tx_boss_longdajian_huozhu.json.gz,e042c30b18f7dd5d124dcf9fa70f384e
22D194A0F4B04C65303673F25B165F74,360741,res/animation/effect/tx_boss_longdajian_huozhu.pkm.gz,2d616a7864ad2c4b96bb974f88e8a29d
837FB383E3ECD81612BD0930AD79340B,242007,res/animation/effect/tx_boss_longdajian_huozhu.pkm@alpha.gz,b937e2dba5ee3457088f214f47d601ad
23106A0CD6FBB2904F13C509E979AA1A,565,res/animation/effect/tx_boss_longshuangjian_daoguang.atlas.gz,806291369f35c4345cbe9b02aa3e5ccd
1AF603FCB133C8998A1282A9E84BCBBF,881,res/animation/effect/tx_boss_longshuangjian_daoguang.json.gz,0c3f4ce46a1aa16cbbefbc6467c124ef
5BF6E667D176530BF987A199FC5D6AB4,39114,res/animation/effect/tx_boss_longshuangjian_daoguang.pkm.gz,7a11fc37d3105dcba2d0613835b596b2
2A414D36DAB8F94EB77A2554FBD00973,31276,res/animation/effect/tx_boss_longshuangjian_daoguang.pkm@alpha.gz,a83addc3577115861a0818ed30b83138
03E5FF07014B0C76ACBEDDFC0679EFDA,513,res/animation/effect/tx_boss_longshuangjian_jianqi.atlas.gz,7644f2c850dd157b154f59a9490747ad
E073F809941B3C0E151D451B2BA2C3FA,373,res/animation/effect/tx_boss_longshuangjian_jianqi.json.gz,9b864189cfaee651d0f74800c1eb01af
F9189BACF43EC6772FD1CE68332E7747,94577,res/animation/effect/tx_boss_longshuangjian_jianqi.pkm.gz,2353b8dbe2c2f0fec46f5e8d0a5b9542
9E07B599D0F71217895E9461AB175B84,59065,res/animation/effect/tx_boss_longshuangjian_jianqi.pkm@alpha.gz,daf9ac59c9c74400f4240bd9da1c4497
3FEC4E2F7749CB1A4A99020DBC3257FD,580,res/animation/effect/tx_boss_lvdunjumo.atlas.gz,19b5f03c26016ebd77b76f4675c97196
C7B4869DF196AB2B343EB4DBCDEC6673,789,res/animation/effect/tx_boss_lvdunjumo.json.gz,1c13ed22a7f4e0aaffb1491524e984be
A68C3107BA0832DF35A32898B7C3396C,108532,res/animation/effect/tx_boss_lvdunjumo.pkm.gz,39b8f0f79fd4a4daa9a98ba8a84fe9c1
8BA3E20438A829F942B930AC63AE5728,67863,res/animation/effect/tx_boss_lvdunjumo.pkm@alpha.gz,6949a20662c7c650dcbdd298328861e2
B3B3F65D2FE69158A92BD6290010ECEA,942,res/animation/effect/tx_boss_miyeshasaoshe.atlas.gz,7f468370ffb17b86104a0fcffe3bf5f0
DBC3DF072BC0FB543BB03A5542E7D1EF,1653,res/animation/effect/tx_boss_miyeshasaoshe.json.gz,f3e1f190d297db173e654202707901dd
405F293C23DACF77EA032314888006F5,70213,res/animation/effect/tx_boss_miyeshasaoshe.pkm.gz,3c5557b4850c318567441a44a9cc7d93
20BA750CF57DBBA6840FD95BEFE539DC,67930,res/animation/effect/tx_boss_miyeshasaoshe.pkm@alpha.gz,96ce2b656f27c8249b5f1519f4ac0b41
7C1903B30A0FB05B1D743BCD3CE93DA0,1242,res/animation/effect/tx_boss_nengliang.atlas.gz,3c038c26fa42784a10d7435ff517014a
735CFBE14CB7A860768787FB7B2E7F01,1837,res/animation/effect/tx_boss_nengliang.json.gz,a4317edee32a81accf04a9f5564917d5
308EE68B2B633C32AD1F1BFE4F79A4C0,169374,res/animation/effect/tx_boss_nengliang.pkm.gz,0020553c9ce646d593e18830c05004f6
2E69EAFA2106918C6AE4893E80002D6B,202339,res/animation/effect/tx_boss_nengliang.pkm@alpha.gz,5909070313bfd24654e84b6dc0a4c952
BB8A88D07847CD6BC4BFF888C04139DC,750,res/animation/effect/tx_boss_penfa.atlas.gz,eb2bb08c8ca2edff2ea5522145cf6670
7C64CE4B61DAEE5F051C134CAACA0751,3044,res/animation/effect/tx_boss_penfa.json.gz,14b690f3729e3e2f437736d7850b4ca6
1E603C8ADA7CF49A00775BE8ADF237BB,40758,res/animation/effect/tx_boss_penfa.pkm.gz,380e2bc197b558790434751f1385d110
3CC4A4B3492B084DF2944DB75F67EC5F,63565,res/animation/effect/tx_boss_penfa.pkm@alpha.gz,f953046fb4ce2ba74773c6b303062946
3468838984C8AD23A145DFCE74E74674,1018,res/animation/effect/tx_boss_rongyanlong.atlas.gz,20296467d02c187e47c7fb638eba2c98
9EF4BBB9BA743AC88EC7ED13A061F03C,3070,res/animation/effect/tx_boss_rongyanlong.json.gz,f6127768197694cdb070cb379ca885e0
259CAF7BB07845BFAA93AEF29B167896,399240,res/animation/effect/tx_boss_rongyanlong.pkm.gz,12e849d0d7803412316652aaea242310
5F14E8566D066F6FEBE682C76760723E,162921,res/animation/effect/tx_boss_rongyanlong.pkm@alpha.gz,4cde69f57ac0a0e01a41bf668c7478d7
27B70D4AA2851CB0F5A3C1BA3B967BF4,1107,res/animation/effect/tx_boss_shabidaoguang.atlas.gz,d4640b6a52c210574b5900f809246269
C978575148E81E787E5CA127AA13A378,2674,res/animation/effect/tx_boss_shabidaoguang.json.gz,b26d83e7d1260e9b3d213bc522ef32f2
5ECAB97389D86F1F2B358E7EF654D541,49016,res/animation/effect/tx_boss_shabidaoguang.pkm.gz,1bdf73d5ca910cd06e3690ee2d663cc9
234FFACE36FD37298472391D1800C67D,86976,res/animation/effect/tx_boss_shabidaoguang.pkm@alpha.gz,550dd057a471e82b98b35f1b4f82b84d
9F5E2827BA879D2483DE9AB0934BB6DD,530,res/animation/effect/tx_boss_shenyulong_ciji.atlas.gz,058ad83af6c6a4e4027fe647fb9b32fa
14D9088918D946FC919AA17B271B505F,2257,res/animation/effect/tx_boss_shenyulong_ciji.json.gz,a218e76d4261cb73b868045b1601b682
246B634E472E702A3A06E8FF748F2E32,80038,res/animation/effect/tx_boss_shenyulong_ciji.pkm.gz,0c996d959baa7fef13628efdd181db60
88A3585D51A4FB4957B6557117506B9E,171476,res/animation/effect/tx_boss_shenyulong_ciji.pkm@alpha.gz,9fb7480f307903ce22631f4cfd65e59b
4518013A0BF879C9469CCFE0A2D85E9C,1805,res/animation/effect/tx_boss_shixianzhadanbaozhao.atlas.gz,744667ab529f3a1c7cf69c88e951883b
999F1B1EBAD3F125DC168C195BA556B3,2419,res/animation/effect/tx_boss_shixianzhadanbaozhao.json.gz,69920672877776032e04a1ace7d242af
F3DFAC58A405BA608B3746861A89F303,368822,res/animation/effect/tx_boss_shixianzhadanbaozhao.pkm.gz,54820c7252c8befb59366c381cf80bb1
3C33F2CB89EC75EE1D5A073E7CA0A9E5,316205,res/animation/effect/tx_boss_shixianzhadanbaozhao.pkm@alpha.gz,f45809f1bec1b1ec8300d584f91bbdb3
81783782B61631C909C1AE394165A387,380,res/animation/effect/tx_boss_shuangzhualong_daoguang.atlas.gz,8621b9b0b4ed910799508078b063faa6
D0D5DABB215581143E82CDCF16C3B643,562,res/animation/effect/tx_boss_shuangzhualong_daoguang.json.gz,bc70bd59335b123ba8126a520f8b192b
93F198D89AECB542076C58042B391C05,15978,res/animation/effect/tx_boss_shuangzhualong_daoguang.pkm.gz,5d545e358ccdab73411247e6964338d7
5EC3A69EE838821F0AFF26C2318BCF52,10774,res/animation/effect/tx_boss_shuangzhualong_daoguang.pkm@alpha.gz,2e683dc17522bc0d66232bb550b2a9a3
BD7111F6F16AA7A8E705BD4DA536B241,1833,res/animation/effect/tx_boss_shuijing_jifei.atlas.gz,695a4fb4cc0705214604b980670e34d9
B0877A2C17E6950A57DC60542E83DEDA,3758,res/animation/effect/tx_boss_shuijing_jifei.json.gz,2029672867c62dfb067ecca81fb00430
F93FEC969F4A3021599D975DE600AD8E,232503,res/animation/effect/tx_boss_shuijing_jifei.pkm.gz,79637c19d47780bc5e32871b84412fe5
6A6E7454B0402470E210421636A0935E,263054,res/animation/effect/tx_boss_shuijing_jifei.pkm@alpha.gz,a22e6f58adfb93ab73d7945fc0af4e7e
1593482EE2605CDCF88E1486577FC147,1594,res/animation/effect/tx_boss_tongyongxuli.atlas.gz,2f12a359b4f0471e7e9dbbc3e1377ac0
1177554D949F44829848B0EFFF6BA0DB,2233,res/animation/effect/tx_boss_tongyongxuli.json.gz,571612ec45bb7e27530b4fdb962c7165
09AFB8AE7E05F2BA619CE9CC8EBBC8DE,104907,res/animation/effect/tx_boss_tongyongxuli.pkm.gz,b39c75aed1a79969297258f4a349d137
77FB9E1E49E9BC214E118783E5C38254,86093,res/animation/effect/tx_boss_tongyongxuli.pkm@alpha.gz,361251603d5fc899081886f7263258da
D76FB536C16527008AC3C32541C8D190,1525,res/animation/effect/tx_boss_yeshenjiexian02.atlas.gz,3b9984505f5da3819dd57815f34ee5fe
BC9D1DACCCFB7996A3ED0CE9B4BBC4CF,5296,res/animation/effect/tx_boss_yeshenjiexian02.json.gz,b94cd4a5f2ccd8e56ce6b30171867722
0B6C89B2B930A959450CBD16D82B152A,109342,res/animation/effect/tx_boss_yeshenjiexian02.pkm.gz,7a8ea6327800f33546d8322eb50baf2e
38DFF22656FC3ECD30D6C40589231E32,78597,res/animation/effect/tx_boss_yeshenjiexian02.pkm@alpha.gz,520db61f4a473ce940920e1179b82282
B7F99EDE501AAF0E40E0EB146683E4B9,736,res/animation/effect/tx_boss_yeshenzhongjixingtai.atlas.gz,b483dda03e0a6555237320b7b7786400
3CFAF222EACD8B2D4A981B294D7E6354,2985,res/animation/effect/tx_boss_yeshenzhongjixingtai.json.gz,15e96753a750cae58edf1db47803e93b
12ACEE9673523364D38EC123633E5C81,74765,res/animation/effect/tx_boss_yeshenzhongjixingtai.pkm.gz,94d3417c056f05f4610126dde996e357
6F546D945C06C1DC5396A693E108B7A8,52334,res/animation/effect/tx_boss_yeshenzhongjixingtai.pkm@alpha.gz,5137e5057a506df60470facd8d51cb76
73C61B867F703FE686070EE1C2740971,1176,res/animation/effect/tx_boss_yinglie_luolei.atlas.gz,725fbd146b22390d85e055626fada0c9
218ADB48726B50F6F172C79C7CFDCA9F,1884,res/animation/effect/tx_boss_yinglie_luolei.json.gz,070a2c92a207735f40a0643200bb3cce
B7C2F5E89EA1E376C142A4CC22CFB3E7,171447,res/animation/effect/tx_boss_yinglie_luolei.pkm.gz,2b8c5d3425e96c80d0aac5dac2934c09
AF72160F13BF8105712E6E3342A20E1F,129451,res/animation/effect/tx_boss_yinglie_luolei.pkm@alpha.gz,55d7e70cfc6e59760e3c7645a5160ecc
1AC5D6DE51DF967D2B4C091E7B2A3C0A,1223,res/animation/effect/tx_boss_yuanchenggou_fengren.atlas.gz,28f80a93ae381bf3b79673e72b8b3489
9EB04DAEF6FA5C2D723E269210E8C7CB,2208,res/animation/effect/tx_boss_yuanchenggou_fengren.json.gz,c1577ea2edc531d870340c65372e8568
B85E546A2B5BB2B63F42AF5C6A8A3295,396281,res/animation/effect/tx_boss_yuanchenggou_fengren.pkm.gz,da4ebd023c1a757a4cb1340b4d8c0481
3A3505F018919E39802D1CA665E2FBAC,320904,res/animation/effect/tx_boss_yuanchenggou_fengren.pkm@alpha.gz,d7f197fc320e5c5000c6912c55e2b240
620E9C9ADF10F4DCC00F798F41D778D2,372,res/animation/effect/tx_boss_yuanchenggou_huoqiu.atlas.gz,01c0cf65770cc5af10c705f2be38e03d
D435151B51E0FD660CB13F2C1696BD2F,556,res/animation/effect/tx_boss_yuanchenggou_huoqiu.json.gz,be58c21855eded6183967ba6d793b369
29C7EFCA7081D68C1A76F1C01AFBCF27,16245,res/animation/effect/tx_boss_yuanchenggou_huoqiu.pkm.gz,9c4072f471b337471ecba982d8648fd9
7BA7C63844B26C0DC28240B340E24F01,13406,res/animation/effect/tx_boss_yuanchenggou_huoqiu.pkm@alpha.gz,1af8b930b5abb729b250aa3a199d69ee
1B7CBEE781817B0BD1A2263470F4B2C1,2271,res/animation/effect/tx_boss_yulei.atlas.gz,132c2c872a0aa824e8355c57eb572eb0
FA16E6BB4B68D867977B523DBFC20398,6550,res/animation/effect/tx_boss_yulei.json.gz,9480d2010115180e4f8cbc0f97814b52
3E912D77D27D02D28A628F1213122F40,536302,res/animation/effect/tx_boss_yulei.pkm.gz,31d282b3e3501a1b1b92fb8a99f304c5
B1A3F44A5EC9881872EF12505BE90E81,548238,res/animation/effect/tx_boss_yulei.pkm@alpha.gz,e67301f3195fd5e41e2f67958ab81d78
9DBE0AE9A4CAB4E6535384A7C239D687,1888,res/animation/effect/tx_boss_zaochuanlian_yunshiheidong.atlas.gz,33177d84f2a82e0f5272fdf9f459ce5a
10A53A82EC95904AC6E868D5CE77E80C,3775,res/animation/effect/tx_boss_zaochuanlian_yunshiheidong.json.gz,df786de09b9fa83279c7d181d92928b4
620A2252C88FEBAE07DA97B192794798,344910,res/animation/effect/tx_boss_zaochuanlian_yunshiheidong.pkm.gz,9d448e53e1c3e85f8a800d37daf61b48
075AE666ABA903EDB529EBE14C72E545,121481,res/animation/effect/tx_boss_zaochuanlian_yunshiheidong.pkm@alpha.gz,0cc2125b5967054c66f1aa07c650e232
6B9D8BDB3E39F9EA7F80D155E31E8DFA,1839,res/animation/effect/tx_boss_zhangyu_quanpingmiaosha.atlas.gz,03943d330446f12c3a56d31c75e06acd
11747078D010CC9D570C9AB446B291DF,3760,res/animation/effect/tx_boss_zhangyu_quanpingmiaosha.json.gz,7ffc11d44098b2045690554918117818
D1CE6B8ABC89174CF34819F23D106A72,232503,res/animation/effect/tx_boss_zhangyu_quanpingmiaosha.pkm.gz,79637c19d47780bc5e32871b84412fe5
DD2929F2DA436B00B35706746DA5E864,263054,res/animation/effect/tx_boss_zhangyu_quanpingmiaosha.pkm@alpha.gz,a22e6f58adfb93ab73d7945fc0af4e7e
FE9134ACC908FEC1531BA5980781D07D,776,res/animation/effect/tx_boss_zhangyu_weixingbaozha.atlas.gz,7b94854811983f237a442627c7e796ce
43525FCC11E2A545DF574DA6BDF3CAAE,1237,res/animation/effect/tx_boss_zhangyu_weixingbaozha.json.gz,6f1554faee2222091cd595b2c203a360
21D8D03E1C34C125ACCB23ECF9509A27,101519,res/animation/effect/tx_boss_zhangyu_weixingbaozha.pkm.gz,ac4457a87c84d00e9d015117200f60e8
D36733382B75BAED7E86F838855B45E7,80923,res/animation/effect/tx_boss_zhangyu_weixingbaozha.pkm@alpha.gz,fed80e6593e660176290e423a24aa844
055818AD89EC24F5D51BC94BCDE4F98D,1416,res/animation/effect/tx_boss_zhangyu_weixingxialuo.atlas.gz,26787587d78fe97379ce650677a5e65c
E532023528BD33098235C19E5F95FD22,7693,res/animation/effect/tx_boss_zhangyu_weixingxialuo.json.gz,8c8fec904116fb6a8795a00461a33a3c
8C97CEAFE9D96FE88261CAADE02D1B6F,219094,res/animation/effect/tx_boss_zhangyu_weixingxialuo.pkm.gz,ce06c2e7cd39077acc661ae41d386cec
77124A098E97EB5D382F7A22B516ECC9,179435,res/animation/effect/tx_boss_zhangyu_weixingxialuo.pkm@alpha.gz,c9a3092ebad02962168c72e79110c2c1
E9281B6189F29B92AB1CD618245E02FE,342,res/animation/effect/tx_boss_zuandilongshixianzhadan.atlas.gz,4f5efd3378e9ab99cde70a44a4371e59
AFFF8197399E3F1DD8750274E9FD88C6,930,res/animation/effect/tx_boss_zuandilongshixianzhadan.json.gz,11aaa13f5b16ec6775f7da29d0336f64
DFB981C3A12041E11598DED0818DFED0,25609,res/animation/effect/tx_boss_zuandilongshixianzhadan.pkm.gz,c81f76ee51a6590b767d3d675cf6473b
1E920309E70C3B2EFFE6FCC53ADD5AF5,39528,res/animation/effect/tx_boss_zuandilongshixianzhadan.pkm@alpha.gz,8cbbf5dfbcbd665c9f7a89cb71680b22
3A3CFEAE39F01A18818B7D4B18F21E94,822,res/animation/effect/tx_buff_boss_dadunlong_zhaohuan.atlas.gz,26fd063cb8615b4a288ac879b40b396f
07E64C738B4623EA1ADCD9D0179D7C6C,1352,res/animation/effect/tx_buff_boss_dadunlong_zhaohuan.json.gz,f30b727707f57b2715338558269e9423
6438B11AFE2F745115BFC3C2DD274A25,38779,res/animation/effect/tx_buff_boss_dadunlong_zhaohuan.pkm.gz,5126c8af2b683f064c00ca1d824db0a1
84EB431FA8FE81A0F314436F70261B53,29171,res/animation/effect/tx_buff_boss_dadunlong_zhaohuan.pkm@alpha.gz,d5df4e6e09305e84d12fb95a7f615fdf
6FE85BBEE2A421C879D26728B23633A7,1347,res/animation/effect/tx_buff_canglangdichen.atlas.gz,fc73cdee0c7a390c5397c6a4b8da4d6e
25DF4ACAB66C8A60C146DD7009F6C631,2389,res/animation/effect/tx_buff_canglangdichen.json.gz,0e621ff457e61163f04309f8d247f755
1AE582555AC5B966B3DB2F80F4AF5F1D,526162,res/animation/effect/tx_buff_canglangdichen.pkm.gz,48acfec819e890c73b09b146fc77c7f8
D659ABEE176378FCC56838FAA8F9DADB,424656,res/animation/effect/tx_buff_canglangdichen.pkm@alpha.gz,3e3dd8c539cfe614d76c218c38f60247
CFF028DF8C33793B668DF16517C36C75,370,res/animation/effect/tx_buff_dalanping.atlas.gz,ca8a81842bbd6490759ecf15c6560acf
334A41468184E25E95766A0A5DB0B7AB,1263,res/animation/effect/tx_buff_dalanping.json.gz,5d9780cd78d8c982af57a38be850a319
3C22812AC6DA353ED29FDA071C5C063B,3930,res/animation/effect/tx_buff_dalanping.pkm.gz,20a491ec1fd62f9c146560636b8d661f
6BA80EBAA115C15BD1FF0EAE98A4DD45,4311,res/animation/effect/tx_buff_dalanping.pkm@alpha.gz,69a41694935cb8cb87c19c4c5b6c496b
E7D5FECFED15F973679045DBE1AF91C2,921,res/animation/effect/tx_buff_dalanping_newbird.atlas.gz,03390fd11493ca091fec991768a8c0d5
108146A990CF80FD8803F2D2D41D7DE7,4863,res/animation/effect/tx_buff_dalanping_newbird.json.gz,e99857a800749adf66a440c300ed56fe
48BBE9C941B678C53CC6A13263BDB0ED,16369,res/animation/effect/tx_buff_dalanping_newbird.pkm.gz,c8f033ee049820a3f799613ba8048fa0
25009B5430AF51E2D87CBE3E1CDDD713,24072,res/animation/effect/tx_buff_dalanping_newbird.pkm@alpha.gz,3e3d46b668e9dc82ca8ad5fd138b13f5
685DD7A062F367BA53B295091C6146D7,388,res/animation/effect/tx_buff_daxueping.atlas.gz,73bf0812dea2fb9565f38ef9e0ddf970
911D2C6D407DAFCEA3A9B1DD0FEE63B8,971,res/animation/effect/tx_buff_daxueping.json.gz,8d86537a772a40e2a53abc3781e2e997
23EBD4E943162B8978AE060C4D83AF49,4036,res/animation/effect/tx_buff_daxueping.pkm.gz,238bac53578eca126693aff878a1aca5
4F2492D8707F7AE574346B3A66BE4BD5,4540,res/animation/effect/tx_buff_daxueping.pkm@alpha.gz,d51f7760deed9b7cc4f065cbe7dee3d9
D829E49DA02C6AC98E05DCDFAE35E8BC,629,res/animation/effect/tx_buff_dianbo.atlas.gz,eddd9092b10a7cdb8b1d76a4aa5d009a
8FCF270E51A11A876CF91A1DDD589843,628,res/animation/effect/tx_buff_dianbo.json.gz,756bc4756c96680c135f94f4dd9a952a
2D6A7F7D81AC6EC0DD35287AF0C2C1B8,344946,res/animation/effect/tx_buff_dianbo.pkm.gz,3c1fb40088f796d04f9272a903b11443
FC37B9B1BA641C5BDB80094A0B8E5FF0,240575,res/animation/effect/tx_buff_dianbo.pkm@alpha.gz,1a086481e8a9d7fd288d92d693e48f41
50EF5179DF248C6E9A5094E656E5C66C,1473,res/animation/effect/tx_buff_dongshang.atlas.gz,82f711644ca2862d7d7ba32a258257ae
BF4EE3171A5A95B562B08F98F1639EB1,1455,res/animation/effect/tx_buff_dongshang.json.gz,d3875b78394015312f4ba2d79b058b76
FB34F9782C18DAEFA76B5E3B2D9DFE85,155641,res/animation/effect/tx_buff_dongshang.pkm.gz,6e9e6121f44033e1532d0e50880681d6
7F81F595CD90A35D06C59B9020433508,129850,res/animation/effect/tx_buff_dongshang.pkm@alpha.gz,7b1b9960d30ee5e7af272ad92473f297
96E4BF9DFB765D0C2F2059C3ED9E6DCB,365,res/animation/effect/tx_buff_lanping.atlas.gz,a337ffd423809b030c580e10686729e7
9B81B7BFBF5065A88BA0DC8BCBCD3AF7,1284,res/animation/effect/tx_buff_lanping.json.gz,79a82f58f033b024cdad87f7d1318d3f
1A47AEBD81E4EAFC78F8830909F1C06C,3930,res/animation/effect/tx_buff_lanping.pkm.gz,20a491ec1fd62f9c146560636b8d661f
2CF0D91AE97D6C33E3C08571385CD529,4311,res/animation/effect/tx_buff_lanping.pkm@alpha.gz,69a41694935cb8cb87c19c4c5b6c496b
18DB9569B1E585F96DA44E2645B9CD47,920,res/animation/effect/tx_buff_motuo.atlas.gz,7108108c48f0bcafb2cc9af1b4959606
B01024888F00B63ED47510436AE7D0CA,9481,res/animation/effect/tx_buff_motuo.json.gz,05a764c23be5fc9b4d91b2da235b851e
FB6DCEA8AADF540050816B561E88F406,244393,res/animation/effect/tx_buff_motuo.pkm.gz,cfda1c824a904ad41ae22752c5a9b942
31754CEEE5D4DEE5FBAC102794EAE736,199621,res/animation/effect/tx_buff_motuo.pkm@alpha.gz,5e7f5b7760172d59c398bd6771e27994
8DD49F2F30DBFD34F09A80C5DB221D95,1433,res/animation/effect/tx_buff_mozhi.atlas.gz,1688530cac133691728dfdd2a97c0f6e
AFA9F29C2C0F1D042513B0F45B324C40,8409,res/animation/effect/tx_buff_mozhi.json.gz,5b4956912817ee98e9eb46fcce4b70c9
991A034988B99EC8371F7E72A200BA65,234127,res/animation/effect/tx_buff_mozhi.pkm.gz,87b56f42f4acd96d5693b2e80823e8df
063E16741267D59787AA5B16BF40E5E6,271050,res/animation/effect/tx_buff_mozhi.pkm@alpha.gz,7d82f40cff212a4da8e57769c49d53d9
9330C69EC1F5DB0F4937C5376914ADF8,915,res/animation/effect/tx_buff_shianaiqi.atlas.gz,a571bfda4e46c862ec000485aafc9df0
DD87B41194D75711954DD35845A81128,4846,res/animation/effect/tx_buff_shianaiqi.json.gz,afab9b7cd63612e39b035200ba71de5b
FC5BA0A71672D3A71B258310FF776AD0,66951,res/animation/effect/tx_buff_shianaiqi.pkm.gz,69ea0967914680c44d67a8f743900eb8
A03B2BE90450DC82A8EE1C299853B678,81293,res/animation/effect/tx_buff_shianaiqi.pkm@alpha.gz,653cad122ba9bb64925228f2913fe6ca
7533EB231A3DEF44A0E74B97A6DE1BA3,285,res/animation/effect/tx_buff_wudiguanghuan.atlas.gz,28d0b545b7f6b867d958f41b75cc3857
B74BFA63BFD7E0C852BCB65AF3974392,647,res/animation/effect/tx_buff_wudiguanghuan.json.gz,aac3766fb3a5dd3e33246ede2c36cfac
FAB3D86B003CA576D54FC7CBE5DF7595,26235,res/animation/effect/tx_buff_wudiguanghuan.pkm.gz,0a4abe0f7506b2baae477991df536068
9BCE8CFBD431A80ED3DF5BA76F0E0C0C,30764,res/animation/effect/tx_buff_wudiguanghuan.pkm@alpha.gz,dd59e952d538458a8808320d3238f924
9AB6905411764043FCBBEF005B56D51C,386,res/animation/effect/tx_buff_xueping.atlas.gz,18567b7cd0f3203369827494cedf571e
C9FE3FFF6F856A1C332F2B1575FC00C6,971,res/animation/effect/tx_buff_xueping.json.gz,8d86537a772a40e2a53abc3781e2e997
A5C429A059DE423F47B53573BD6C075C,4036,res/animation/effect/tx_buff_xueping.pkm.gz,238bac53578eca126693aff878a1aca5
5B5EE94F449DD43E3195570975A0124F,4540,res/animation/effect/tx_buff_xueping.pkm@alpha.gz,d51f7760deed9b7cc4f065cbe7dee3d9
6510D29701345F454ED7C55E4A2C505B,664,res/animation/effect/tx_buff_zengyibuff.atlas.gz,9571d98883e4f7a882a64b1d00dd59b7
DA35CD5E5CA1AF1D5BF2319153CEE577,451,res/animation/effect/tx_buff_zengyibuff.json.gz,d240528a5392d0398458858478726234
B601AB9E46F00E24802B11C559E0F66C,34846,res/animation/effect/tx_buff_zengyibuff.pkm.gz,6e5db55bf5ac42ed2fc2c680f8ee276c
826C874FEA602BBBEEBE068E4B4B3E7B,72936,res/animation/effect/tx_buff_zengyibuff.pkm@alpha.gz,da286436172b046acedfd61853f59f2a
6459A1532B02F1B9D22EE24CF6AA1DC4,811,res/animation/effect/tx_canquepin_pugong.atlas.gz,ac417f64d4327ebe8ac0f253d2458383
FA60A228B8AD7985FD150DE45962DE33,861,res/animation/effect/tx_canquepin_pugong.json.gz,2c32f0a228985eb48cf324f5195e2c1f
A59ABB65AEB48A752C12FB5DECE50325,73659,res/animation/effect/tx_canquepin_pugong.pkm.gz,b95d993f54f0af96038e90be80847f9e
B3F49AEF45D5560561269D253A664258,89933,res/animation/effect/tx_canquepin_pugong.pkm@alpha.gz,7e9d02d01dcef970567984767c98e135
FA1F9BB2100B7DCAA961277C499C4D15,1061,res/animation/effect/tx_changqiang_chadi.atlas.gz,a110a3b167eea74d1adcc393ea87e430
B27323ECA3802B00E8F1EE38EEF7B2E7,1389,res/animation/effect/tx_changqiang_chadi.json.gz,21b183e8e84a76e2cd6a6033345f1c39
E09169F93AC9BACD122D914511C03A19,78320,res/animation/effect/tx_changqiang_chadi.pkm.gz,5056d45b003586cc0cecd0b1bf58a391
B7954D37A82B696C5E1747ECF4581D26,58221,res/animation/effect/tx_changqiang_chadi.pkm@alpha.gz,4cc4e72f70dde77c2dee01579ec55869
4004B52068E5A774F595EEF94B97253E,818,res/animation/effect/tx_changqiang_texiao.atlas.gz,5c56afa07a378ca6e7e72594d8f31453
ACB8030831DD7933D645DD8B2EA328B8,3052,res/animation/effect/tx_changqiang_texiao.json.gz,2559b355062e83a4b4467b51f2d6773e
C693F8596A4E2216DC049BF6F74A30F1,349446,res/animation/effect/tx_changqiang_texiao.pkm.gz,3a04f9690dbe323b99954344e64e01c6
8EA9578E053A7084A24437D5AA1E20E9,187624,res/animation/effect/tx_changqiang_texiao.pkm@alpha.gz,60426048a4d7a67c3fab769f26283827
972A39D90EE706A6DEC2959432632028,647,res/animation/effect/tx_chognwu_shishi01.atlas.gz,b6d168a746e5b052c5e0a94f3371d6d6
FCE2A1AE90EE49405394A631F815D08C,2921,res/animation/effect/tx_chognwu_shishi01.json.gz,52a573d7e9fa32b835920bb2ae3cb372
062FC7657E72D7458607365E3FADDF78,51543,res/animation/effect/tx_chognwu_shishi01.pkm.gz,53168b3ffa67adfdcbb12ef31fad300c
C1552B9AA69415E4BCB1ED1E9F3D785F,64023,res/animation/effect/tx_chognwu_shishi01.pkm@alpha.gz,f217f5f368178124949f406af9c036dd
E8182820347C82B77B8F87711897523C,285,res/animation/effect/tx_chongwunengli_ganghu.atlas.gz,3763ed3045c856ee38b13b557240b4e6
B08988BCC902A22B268940A7BF3952CC,378,res/animation/effect/tx_chongwunengli_ganghu.json.gz,c589a62b719d94d397fd334a68a3b8ae
34A5E7F6D1DF24BD2E0220FF9D247FF4,33325,res/animation/effect/tx_chongwunengli_ganghu.pkm.gz,182ab7ff8c66bf4652e041b50b64f45c
302041FBF0AA3E729DA876F1C1321EF3,30728,res/animation/effect/tx_chongwunengli_ganghu.pkm@alpha.gz,81c9d8cd172a70c6412bbdb572d0f697
6B484E479DCCE2716B36C78D45E54385,2182,res/animation/effect/tx_chongwunengli_heidong.atlas.gz,e5f74cc0bde14928ee6cc9081f2319ef
BFBD026CCE6BFB70802CA851AE64D054,5451,res/animation/effect/tx_chongwunengli_heidong.json.gz,7d55431e1bfe9cd5af2305c72169c838
6BC179E2CFB32704528CFE0C6FB3B03A,648868,res/animation/effect/tx_chongwunengli_heidong.pkm.gz,803002a3d4e2cadb7a370ad2d0a8f3c0
DFCD6F18EEF28DC41C3AB48E613D0FE0,489326,res/animation/effect/tx_chongwunengli_heidong.pkm@alpha.gz,a54448979802b285a90bbe003e0bb8e1
B8FCAB5E166F8ADF5895965C2D5B4FD0,820,res/animation/effect/tx_chongwunengli_zhiyu.atlas.gz,b7b4c0813ac691ec6dc372b9ee1879ed
0973A983C6D6427E6EC91EB38DBF4891,1064,res/animation/effect/tx_chongwunengli_zhiyu.json.gz,b76e1cb149fb6eb36342764212472044
40275579C10AFA8D90DF684CFE52BA85,177604,res/animation/effect/tx_chongwunengli_zhiyu.pkm.gz,ad753a2519caf25539b8edc58d5aaa16
41A667143718C29094E062B9463D64A8,94205,res/animation/effect/tx_chongwunengli_zhiyu.pkm@alpha.gz,7185ca6465b30b40f54f06ca4835765e
A4276F6312F42DD7C7B4BE4CE15A538A,317,res/animation/effect/tx_chongwu_gongheng.atlas.gz,fd7544a413d1b1d2be615fac0c638698
3F1781D60B9A7F29E870B1E282D9FC6B,643,res/animation/effect/tx_chongwu_gongheng.json.gz,a04dc424a19103a58c28830a59ccb3ee
742163BE2ACF8D4AD9358434D9A6EBDA,3134,res/animation/effect/tx_chongwu_gongheng.pkm.gz,077ae98a45329a3c2f4557fc35d00d7b
A6066334DA6FB23D12A8A5E59E1A0547,10833,res/animation/effect/tx_chongwu_gongheng.pkm@alpha.gz,bcc659f4dd4b23d5e5a749b04437e624
9573BD315AEF896C28AEC83A230F0D5A,441,res/animation/effect/tx_chongwu_huanhuzhenji_hong.atlas.gz,a8aec34280b303affae1fca9c7e63dd7
DFC7ECC6DCAA97BFA426E1B65071BE02,688,res/animation/effect/tx_chongwu_huanhuzhenji_hong.json.gz,ec9a646219662967c679a919012b74ef
CF73B2D2EBC399287C36B7172EE35728,2595,res/animation/effect/tx_chongwu_huanhuzhenji_hong.pkm.gz,0b408193ceaf301e94dc14e6e0fd154a
3B94AEC1784EF713A75FAB5F6FB7EF98,1825,res/animation/effect/tx_chongwu_huanhuzhenji_hong.pkm@alpha.gz,53bc7be2dbed973945e14afa5feb65dd
95B52EE6F9A3CA5BF0602FC5160A8E33,439,res/animation/effect/tx_chongwu_huanhuzhenji_huang.atlas.gz,5f4b4847eee05a806e0abb5c499f3ead
0E024974A391692419A0F30598DBE948,724,res/animation/effect/tx_chongwu_huanhuzhenji_huang.json.gz,87f0d4f2a08c73cbce6a1a1fc1e5431e
38DDA47418B630DD0FB6B1B6DFA92A9A,2587,res/animation/effect/tx_chongwu_huanhuzhenji_huang.pkm.gz,dc4ed0a59e4afc042e07d18a3d44ab52
3934A17F3DD8070AD7B67CE4968F7A0F,1796,res/animation/effect/tx_chongwu_huanhuzhenji_huang.pkm@alpha.gz,f0a842655311d1b0fcdf1b23f55ded94
4098B0897EA670877F46643FA5C16BC6,436,res/animation/effect/tx_chongwu_huanhuzhenji_lv.atlas.gz,6d1cee8a19b486753efb1debcfe31057
117D443EB5818B0C7D0EB1B586DEDB39,692,res/animation/effect/tx_chongwu_huanhuzhenji_lv.json.gz,1fc0b65d9a9d5dde44bc507ad2acd181
9B606008346DF526F4FA64FBC2666475,2578,res/animation/effect/tx_chongwu_huanhuzhenji_lv.pkm.gz,09bb98aa9a40850e2ec22419157643bf
61B4388C6D5734D7637C8A695F2FD16F,1800,res/animation/effect/tx_chongwu_huanhuzhenji_lv.pkm@alpha.gz,3c57593b782479ffaacaaf3c95268e60
A681E6D92B259F85F09D957215F5ABC1,2017,res/animation/effect/tx_chongwu_monvshandian.atlas.gz,ec34b369a79aa87bd43d937dabc7fd2f
220224FE170307CA255221C57A1BC720,10731,res/animation/effect/tx_chongwu_monvshandian.json.gz,41467abb1e3a0c5cbc056dc0f1cec412
71F316565B6296B64B514B664DEA0BF1,302151,res/animation/effect/tx_chongwu_monvshandian.pkm.gz,af3b245f787148d2ed21894f02841ad3
5C96D915B9986B621428A1F4E55B440C,244164,res/animation/effect/tx_chongwu_monvshandian.pkm@alpha.gz,988c05b96849c553a7074fe8b6e74a0e
289EFA389964768E28B516A825F40C2D,765,res/animation/effect/tx_chongwu_tianshijiahu.atlas.gz,58c0e5d01bd673f6523577fe9aebf0d0
11C89BFD37252F16A193C7DE12304AE2,1059,res/animation/effect/tx_chongwu_tianshijiahu.json.gz,8a2552215474213de2cd84db433fc1a5
4379CF87DCD10B6C21435FC0699B1EDC,136067,res/animation/effect/tx_chongwu_tianshijiahu.pkm.gz,e99d0b258ff75b9f920065c7b9bd4bda
A14DC7A1D314FFEFAA114F008EA36F1A,80376,res/animation/effect/tx_chongwu_tianshijiahu.pkm@alpha.gz,b3b6446d7f934f9e6db78dc2cb5a5748
7F729E11918D1BF6A9021F7AE0098A03,583,res/animation/effect/tx_chongwu_zhansha.atlas.gz,6935108ad3b0acf192b17ba431003a7c
1FF555080437CBBE905CE7C6BE5E556F,813,res/animation/effect/tx_chongwu_zhansha.json.gz,7fa1ec0511604431d76ddb4c477bf34a
275DFB2F596D2851BF45B3E981B3211E,170940,res/animation/effect/tx_chongwu_zhansha.pkm.gz,e1bf6f7400dbde5ee80f01044affdca0
068D51B1A1D5F5A50823D8F53F25DFA6,120267,res/animation/effect/tx_chongwu_zhansha.pkm@alpha.gz,a929e9a11adf2cef63809499214e17f1
1F7F801D88EFD0B0CDB9BA153D845C48,895,res/animation/effect/tx_chushou.atlas.gz,47938395de4e55a9deaaa05d507917c2
79BDA3804A5575A00627CD9FD02EEB5E,8050,res/animation/effect/tx_chushou.json.gz,6f1ac96120790a24d1b99d62358a7c89
A3C5AE0E89A52F75D6DFE0621FC45568,78264,res/animation/effect/tx_chushou.pkm.gz,28a022f7248b5577f704d58672819754
C53DAF9038718369F030A1331DE31B88,112542,res/animation/effect/tx_chushou.pkm@alpha.gz,63f414230006e5cc974f220866b53d0a
F131AD9C38850DD4ABB25F640CEF7C3A,565,res/animation/effect/tx_chushou_bing_daoguang.atlas.gz,2e5da124968f5c25c687b0a6ec6e21d9
B634BB0FAA673B3E82448E48B7D8A783,1189,res/animation/effect/tx_chushou_bing_daoguang.json.gz,5080822deb24c744604eac35ea8ed7ae
2C7D803145C08D8701E2E8274D65E2A4,47556,res/animation/effect/tx_chushou_bing_daoguang.pkm.gz,cccd37f6582d001ee1e477aada68c7d2
1CD62D3B1B77FA172DE6FF2E4469B322,43538,res/animation/effect/tx_chushou_bing_daoguang.pkm@alpha.gz,0940e6816ed0f74513885c259fb426b8
9B89B11BE0DEBA0A26BDE4A2DE3B020C,570,res/animation/effect/tx_chushou_huo_daoguang.atlas.gz,779d8640c5397c4b0bc980117efb700d
B900BF526D099D9930E1F8496C6CDDF7,1072,res/animation/effect/tx_chushou_huo_daoguang.json.gz,917274ca14a1d2e765b667015d8f22cb
5D41514A10356FB6024EF7FB1B2EAB19,52494,res/animation/effect/tx_chushou_huo_daoguang.pkm.gz,744aeea531c9b051a3eaebe80336fdb6
6428E5FA7C325000E1026FC4B8227CF5,43538,res/animation/effect/tx_chushou_huo_daoguang.pkm@alpha.gz,0940e6816ed0f74513885c259fb426b8
A31607D99E93A485371B0D854E8E68CA,336,res/animation/effect/tx_daoke_juhezhantishi.atlas.gz,6c3dd49ea7245782cc5cdd9098e5ac84
DFEC7217E0077A03406187483FB7F8D2,687,res/animation/effect/tx_daoke_juhezhantishi.json.gz,10762c9c8b53d3960e98bdd9d4215f59
C4A28047F0C79F85FDFB97A57C91C0E1,28644,res/animation/effect/tx_daoke_juhezhantishi.pkm.gz,0eee73e34767c70f7775c6dfe3b0c693
D6E96D231D5AD05F4BDEA90CABAE82A0,39231,res/animation/effect/tx_daoke_juhezhantishi.pkm@alpha.gz,e725ce9dc563537ff48564213952d992
EFF8D28DA3810D715915571575284717,484,res/animation/effect/tx_dimianyujing_chang.atlas.gz,1501ce1aa369f486cc0fb9a9e73e3ba9
E0BD1FE2DC233167838ED3E09ED94A59,1529,res/animation/effect/tx_dimianyujing_chang.json.gz,9ce66551cc3acb83fb834eb90a22f6f8
1D010DCFB021B4ECAA592943FD4A2666,10641,res/animation/effect/tx_dimianyujing_chang.pkm.gz,c71604e7174ddf54320660e641e4c712
7C0795436CE813F5B1946566D14A1184,54106,res/animation/effect/tx_dimianyujing_chang.pkm@alpha.gz,5d5e6d4cf795cacc6831d35b45864f77
B73544BA94D88834D763D3DFC3CC032C,825,res/animation/effect/tx_diren_daodan.atlas.gz,59c15c1211f5a1733b86932911ccda64
91B6E9904B3928AA9CD16DE4521D6F8A,1542,res/animation/effect/tx_diren_daodan.json.gz,cddf5cfacd4b8a741ca2f5a7345b3594
2B41A493A59C177B1F21C3E8F53A2621,418613,res/animation/effect/tx_diren_daodan.pkm.gz,62ec908673839e91f4e2772611678a16
E4CA3DBFD763D65E9D8BC9F787F23F6E,261636,res/animation/effect/tx_diren_daodan.pkm@alpha.gz,b4ee230b9d96e9fd2183c72ef967ac33
273563CC7D3417665609CEE3F0795114,886,res/animation/effect/tx_dundigoutouren.atlas.gz,e95377a09c741284049e4737fa85ea40
B149AF1570174B1022BEDCBD0E21A603,825,res/animation/effect/tx_dundigoutouren.json.gz,f7ad6257121f10f268db40aa0b114af7
6568EF6F9C137C60744099D730AEAA76,195651,res/animation/effect/tx_dundigoutouren.pkm.gz,80c879bdb2332459b3e5be1cf2b0009f
361C01B20C05762791E35E52B907767F,251102,res/animation/effect/tx_dundigoutouren.pkm@alpha.gz,1a134d136c8fa8908c7dc0d06f7191bf
85C030B4EC5D0B0E310CBAF30BD3D915,1766,res/animation/effect/tx_duyanxukong_dimianpenshe.atlas.gz,d1a0aa0e793dff70d98c7dc7d688950a
2E853FF443E07F1655D3C9E94FCCE32F,2543,res/animation/effect/tx_duyanxukong_dimianpenshe.json.gz,f3d4d9db16a6a3f5803a890b55bd501b
4BB8FD684FA64C76725CCA88F064DDB3,367272,res/animation/effect/tx_duyanxukong_dimianpenshe.pkm.gz,080a276cc5c9ad1a71c3df613f59b51d
4B6AFCEE19DDF754D819F176A540E99E,250999,res/animation/effect/tx_duyanxukong_dimianpenshe.pkm@alpha.gz,9cfd2e1c22265d066cf04f44cbb27ff1
7400E98E21AC31461BC917002DD889C0,1047,res/animation/effect/tx_duyanxukong_guihuo.atlas.gz,3470548712a16ef1def8156261397a1d
F5AFDE6172D1C6EB8D57B74C3C47E556,1126,res/animation/effect/tx_duyanxukong_guihuo.json.gz,486f97e6b319e375bd981c1f7c4796d6
CA349780B68A0390A0C50E82EF716C4E,216357,res/animation/effect/tx_duyanxukong_guihuo.pkm.gz,1e1f05e5cd4fa86cdfe5f7a5504ae7c6
43DBE3B583CB7A89EEBFD66F760440C4,151132,res/animation/effect/tx_duyanxukong_guihuo.pkm@alpha.gz,6926806da430926fc7fc279458dc519c
2DD6C1DB2A1B289D0E78468192308FCA,2490,res/animation/effect/tx_duyanxukong_heidong.atlas.gz,4d329f26aba252768786e8c21e7510bd
1E2DF3FF51FF7BF432F243B4A95CC45D,6207,res/animation/effect/tx_duyanxukong_heidong.json.gz,22c333097aaac4b31ed67a54d26d6539
806DB9A9EF4DA73E5ADE7E456B6DB155,290586,res/animation/effect/tx_duyanxukong_heidong.pkm.gz,a1c57c54a4e8a05d630ebb637449eb9a
F145507F46B75FC0265A9ED576341AD2,343985,res/animation/effect/tx_duyanxukong_heidong.pkm@alpha.gz,91aa34024a1c67b9be4b0bd6da968e77
8C74CAC5613A9EE84EA605799ABFF05A,1594,res/animation/effect/tx_duyanxukong_xuli.atlas.gz,e1af04d64792017770b403b30bed2077
53C8A5286969ECF1EE3FF62B7CBD1A7A,2139,res/animation/effect/tx_duyanxukong_xuli.json.gz,cdb8635eb6e8686700334e2162ee2558
5A3543AFFCDCF59AC5114CFAE22E3593,104907,res/animation/effect/tx_duyanxukong_xuli.pkm.gz,b39c75aed1a79969297258f4a349d137
C6902A6733824B9BE79697B1BAA8B915,86093,res/animation/effect/tx_duyanxukong_xuli.pkm@alpha.gz,361251603d5fc899081886f7263258da
F45D66633D062A02F040D9A5102478EB,1123,res/animation/effect/tx_feilong_bianshenyanwu.atlas.gz,b7d74e83569ad6700ea179a359ae3dee
F6E75666CEA51E0A231F4C8CB11DB0FA,1913,res/animation/effect/tx_feilong_bianshenyanwu.json.gz,30977f93bd5ba8e50eabf81b5d07cb6a
FB884DD81EBDE1D0915F1B65BF70967E,104546,res/animation/effect/tx_feilong_bianshenyanwu.pkm.gz,8c1b059ce2991e2d8d87f8a30c2498e9
0533B7FD7F7798FB1113BA6618769F6C,70361,res/animation/effect/tx_feilong_bianshenyanwu.pkm@alpha.gz,fbb49f65d815895fdb928ed6f07cfa01
1BCF57B9B36C89F91A6C7FB2EF200D9A,804,res/animation/effect/tx_feilong_dimianhenji.atlas.gz,60cad8583de656a1243d9a6ed992a01c
CB5422704E3C01BD982964B34A8C1D92,832,res/animation/effect/tx_feilong_dimianhenji.json.gz,bf1d39cf1dde7436010288c8d7efe777
F244EF13DE178629587296F7FC93D78F,206147,res/animation/effect/tx_feilong_dimianhenji.pkm.gz,15241909f11d6e9abcb407ed1e5be2ef
64708E364B75612D3FD697F9573E397B,218211,res/animation/effect/tx_feilong_dimianhenji.pkm@alpha.gz,78786ba65a37132120da4688fcf05e48
2F440AFB0A37274B0BCEAE79E9345D4A,998,res/animation/effect/tx_feilong_dimianpenhuo.atlas.gz,445ee5de9352a034bcb69b0479e4bb3a
DC321FE98495A982069D3E6A5145C541,5315,res/animation/effect/tx_feilong_dimianpenhuo.json.gz,be6200de6663823c60d76b4606fd9c3e
7B3F4EF2D3C9DDB3AEEE58DA82D3D785,311622,res/animation/effect/tx_feilong_dimianpenhuo.pkm.gz,0299e0888ab2564e5f0a74aaa9957623
2C3C139CB35DECC20D728EABCE0E0B3E,245727,res/animation/effect/tx_feilong_dimianpenhuo.pkm@alpha.gz,38ba0858dad347bd3ef55e394a1290d0
20CAB74274317C4D5184EAC85E3A3C92,1455,res/animation/effect/tx_feilong_gaokonghuoqiu.atlas.gz,fe434ad50643eb942f46f5da2fad9954
EC775105163724D4AB96CF0D73C694D1,7576,res/animation/effect/tx_feilong_gaokonghuoqiu.json.gz,f96d113eb0c6c02b7c139b579c166522
A43155F76C65AA2D7D25A44AFF7EFD09,219094,res/animation/effect/tx_feilong_gaokonghuoqiu.pkm.gz,ce06c2e7cd39077acc661ae41d386cec
44DE65D2C26340490C8454D4F8CB0102,179435,res/animation/effect/tx_feilong_gaokonghuoqiu.pkm@alpha.gz,c9a3092ebad02962168c72e79110c2c1
EAEE067FC5C1A8DD09BFC8A724FECF41,2427,res/animation/effect/tx_feilong_gaokongxiazabaozha.atlas.gz,862d8e38e90efdb7b72565b79ea29ef5
65716DD74DCE5067ECD3D05CF9E1B66E,5366,res/animation/effect/tx_feilong_gaokongxiazabaozha.json.gz,aa7e8ebf8855c6e8fc4ed209221e2642
ABF2B901E34EA9CEC9D43BF1CF7EC5F2,471321,res/animation/effect/tx_feilong_gaokongxiazabaozha.pkm.gz,7e446db58ef398cacd0f35bb211c1f6e
E0F8FCAB104DE8DCDCCF80D0FB12CCDC,352963,res/animation/effect/tx_feilong_gaokongxiazabaozha.pkm@alpha.gz,737ba7e6c127db1824d11f3a30201a01
9F1D6F7ACA9D4DACDA392801E1E3D167,1614,res/animation/effect/tx_feilong_gaokongxiaza_qifei.atlas.gz,bb4bedab654b41162c02b254513f676b
8EAFE778C8E234C17FE909CFCE1EF3A2,2229,res/animation/effect/tx_feilong_gaokongxiaza_qifei.json.gz,8b394f3f60241b8fb8d870cca6245fe2
026D6CAAB86174A7B91671F0860B0BBD,621247,res/animation/effect/tx_feilong_gaokongxiaza_qifei.pkm.gz,305b3c48619c1c5ac6f9a77c1255e94c
4ABD528D9DC9ECA89ECC6EFFCDC33960,543768,res/animation/effect/tx_feilong_gaokongxiaza_qifei.pkm@alpha.gz,3e89f5682f16b35f4da2aad6192e4820
E10D6B8A340B146DC5C2CE2604059776,1023,res/animation/effect/tx_feilong_houdifeipenhuo.atlas.gz,8d4747eecf242a8c4b9a0301031cdbc7
F69B1F49B7FCE61168761EFC3A964C00,5288,res/animation/effect/tx_feilong_houdifeipenhuo.json.gz,0e870251106b53e70436d0498d0327b2
974FFE406E116F4AE86ED9B136EC1B5F,311622,res/animation/effect/tx_feilong_houdifeipenhuo.pkm.gz,0299e0888ab2564e5f0a74aaa9957623
48EB8551C150B9B6FAF9F839A384B6AA,245727,res/animation/effect/tx_feilong_houdifeipenhuo.pkm@alpha.gz,38ba0858dad347bd3ef55e394a1290d0
775A6F7A46522034346311E6B3E32331,1459,res/animation/effect/tx_feilong_jiaoxiahuoyan.atlas.gz,19945a43d7c7f1c891a41ddb910a041a
B04F5D217A46CB9FBEB4C3CA7C0906D2,1427,res/animation/effect/tx_feilong_jiaoxiahuoyan.json.gz,1ccd0c39bbe9499fcf2ce8efc3814c4e
51EFCFB5F3C06A922C872D9CE0F3E330,315589,res/animation/effect/tx_feilong_jiaoxiahuoyan.pkm.gz,13abc457f5123abeb9894c3b92aea70f
0E078C719086C0F4097259776E40B9A3,233375,res/animation/effect/tx_feilong_jiaoxiahuoyan.pkm@alpha.gz,00c2737e9f029232bc846cb99472178f
149458DF596AB2DE9B05E018AC968394,1631,res/animation/effect/tx_feilong_yanwu.atlas.gz,2fe6b37fabc92e2096522f391c65d620
A06EC3E46C74A453BBC4CF762B3A4467,1977,res/animation/effect/tx_feilong_yanwu.json.gz,0634ecdd9a5907cb47d37530b88088a1
B8C50403D0014C4A8C2914221C53787C,406756,res/animation/effect/tx_feilong_yanwu.pkm.gz,d78af02e97faed02c5186c62066f1956
5F606C116741EFE071D05E6D8945A935,308651,res/animation/effect/tx_feilong_yanwu.pkm@alpha.gz,4fac07ade3906a2f8c78b4d3db846b02
DB6901BF72F7920681AECA97560BB335,1310,res/animation/effect/tx_feilong_yuandongzuo.atlas.gz,3da9509462cb2484c454ae92a2956ba1
EA02F9BB85C936C306C870A201201AE7,35500,res/animation/effect/tx_feilong_yuandongzuo.json.gz,e8e4e0b9856ff37745405cde57e8de6b
4252ECC0DEE6967529491D49012CDC18,243965,res/animation/effect/tx_feilong_yuandongzuo.pkm.gz,71a088e7f16d0b2b132fa13f7f49b2fe
11A53B55A1E6ADBF066A0C9757F68CD2,127267,res/animation/effect/tx_feilong_yuandongzuo.pkm@alpha.gz,c63d425ad5d496678f827dce03ca04e2
583B6CC1BEE30917AACB1890D7A1A67E,813,res/animation/effect/tx_fuyoupaozidan.atlas.gz,1e5fe8a314e42d0d7a50f42febee3e89
3A3CBD7C277532B640EB105FE824D0D2,955,res/animation/effect/tx_fuyoupaozidan.json.gz,b0fef641dc8f653daddf3cebd832699f
667BC9476F614C4834E6CDEDFBC46E64,37228,res/animation/effect/tx_fuyoupaozidan.pkm.gz,9c85eb5f6edef60f1921b07be5c8f09b
BCDAE71AF45D166E42F469FE83BB4A64,26409,res/animation/effect/tx_fuyoupaozidan.pkm@alpha.gz,3879e04a7ba35af869478add62cc763a
243A890D632A6C25A6F1DED51B6483CF,334,res/animation/effect/tx_gongjitishikuang.atlas.gz,b32550963a88dd9d932533cba1df06f8
46BD097195D84A6774FC76E5DC3405FE,706,res/animation/effect/tx_gongjitishikuang.json.gz,9dac80548763b6226d2ccbba1ae18512
5F9E4A03886150C56FE2A38D3144C789,28933,res/animation/effect/tx_gongjitishikuang.pkm.gz,2d129fd7f5d350c86f9295fc29b280ca
839F602B6FF9295933BB40F93FAA1567,39528,res/animation/effect/tx_gongjitishikuang.pkm@alpha.gz,8cbbf5dfbcbd665c9f7a89cb71680b22
4C5193FDA91012081C5C73C951BF0894,356,res/animation/effect/tx_gongjitishikuang_asilanqishensheji.atlas.gz,cf2817fbf998db9b42049edf81c1a528
10E7A7D21EC6037E6195E85F6A69BBAF,667,res/animation/effect/tx_gongjitishikuang_asilanqishensheji.json.gz,b8a62f01e1635979b7a355ca5c4e320b
B1B617FCE4F3F818D81F32DD6333D182,25609,res/animation/effect/tx_gongjitishikuang_asilanqishensheji.pkm.gz,c81f76ee51a6590b767d3d675cf6473b
2B13B832EBCBCD2B8527A39FB2480D32,39528,res/animation/effect/tx_gongjitishikuang_asilanqishensheji.pkm@alpha.gz,8cbbf5dfbcbd665c9f7a89cb71680b22
5DE99648C80E0FCE8E066D795AB61750,350,res/animation/effect/tx_gongjitishikuang_asilan_fanshensheji.atlas.gz,61db11fa7d3e59cccebaa84cb7a74641
26008B4D2D57A2051ED5E05606BFA661,747,res/animation/effect/tx_gongjitishikuang_asilan_fanshensheji.json.gz,571fecbca868306e02b8ed4845887574
D291B25F0E122A9C18504AAC7F1C74FE,25609,res/animation/effect/tx_gongjitishikuang_asilan_fanshensheji.pkm.gz,c81f76ee51a6590b767d3d675cf6473b
0CD150A00101AA12DEA4F44811886A5B,39528,res/animation/effect/tx_gongjitishikuang_asilan_fanshensheji.pkm@alpha.gz,8cbbf5dfbcbd665c9f7a89cb71680b22
2741B16717B72EED64E3A44C37675204,341,res/animation/effect/tx_gongjitishikuang_daoke_yatu.atlas.gz,2aaaaed7747fea32ad1d327cff713c88
B8AFEA8EFCD4DBFEE28E1393C9FE9766,683,res/animation/effect/tx_gongjitishikuang_daoke_yatu.json.gz,f7475c69c0243ea3c1f98bd6a465fbb7
70A9309FA31FDD9D4CABE50B3BC88877,25609,res/animation/effect/tx_gongjitishikuang_daoke_yatu.pkm.gz,c81f76ee51a6590b767d3d675cf6473b
A4A5BF5BED6B959B8B19795261BB1B5B,39528,res/animation/effect/tx_gongjitishikuang_daoke_yatu.pkm@alpha.gz,8cbbf5dfbcbd665c9f7a89cb71680b22
07F9688DFFC95EE1DC382F45D97FD642,336,res/animation/effect/tx_gongjitishikuang_duizhangkongbai.atlas.gz,18829f897e2ef9f29fe2ae619ca7304d
672B694D938F0408E28C0539741A2DC6,667,res/animation/effect/tx_gongjitishikuang_duizhangkongbai.json.gz,b8a62f01e1635979b7a355ca5c4e320b
7A1611CEB7328B4E89E5F55B3FC8F4A9,28644,res/animation/effect/tx_gongjitishikuang_duizhangkongbai.pkm.gz,0eee73e34767c70f7775c6dfe3b0c693
07037489FEED80B85AF8729C0D5B827F,39231,res/animation/effect/tx_gongjitishikuang_duizhangkongbai.pkm@alpha.gz,e725ce9dc563537ff48564213952d992
1A725E325050B03BDEAF9AFA101572AE,334,res/animation/effect/tx_gongjitishikuang_dundaolong_cj.atlas.gz,dd16768bd82aeccd77dffe500552d949
C6E6A8931ACEF51E341BD8CC8A44F181,664,res/animation/effect/tx_gongjitishikuang_dundaolong_cj.json.gz,aa042c4351922e1a2adea963cfe0209c
67E71BECBADF7A797155AB59E4105049,28644,res/animation/effect/tx_gongjitishikuang_dundaolong_cj.pkm.gz,0eee73e34767c70f7775c6dfe3b0c693
CEA25BECFC42F24CE77720F787B7900A,39231,res/animation/effect/tx_gongjitishikuang_dundaolong_cj.pkm@alpha.gz,e725ce9dc563537ff48564213952d992
D54819999769D6E5B7ACBB83FAAA8866,337,res/animation/effect/tx_gongjitishikuang_dundaolong_cjz.atlas.gz,14262c6979345c8ee264e66b9ca514eb
21871E824B87DF914113E865670555D9,655,res/animation/effect/tx_gongjitishikuang_dundaolong_cjz.json.gz,dd88ee5b16217ff414292d31777dcd50
5986C8ADD639BC6A7B0E87D53A1F5104,28644,res/animation/effect/tx_gongjitishikuang_dundaolong_cjz.pkm.gz,0eee73e34767c70f7775c6dfe3b0c693
F4FA3D42B53BA68D868FFB1351E5A0E9,39231,res/animation/effect/tx_gongjitishikuang_dundaolong_cjz.pkm@alpha.gz,e725ce9dc563537ff48564213952d992
6D4AD190F724220DA68D339A87A5BE70,335,res/animation/effect/tx_gongjitishikuang_dundaolong_qs.atlas.gz,efc3c97a0a8805f17c9d4b39bf4cd00e
EB21F83DF3FF4E937678BC2922DE0A94,648,res/animation/effect/tx_gongjitishikuang_dundaolong_qs.json.gz,d755787aa9d9ef6e515facac20d8abb0
D169D067CAC567892FCCBB47FE29A508,28644,res/animation/effect/tx_gongjitishikuang_dundaolong_qs.pkm.gz,0eee73e34767c70f7775c6dfe3b0c693
372FA1C3E33852C1FA2BEF0607F72120,39231,res/animation/effect/tx_gongjitishikuang_dundaolong_qs.pkm@alpha.gz,e725ce9dc563537ff48564213952d992
42BDD78BDAC1315B2DBC67EA0F89B689,341,res/animation/effect/tx_gongjitishikuang_yeyuan.atlas.gz,3076f2e6c1d5353000b36135460e6e12
86175C5DB8DBC04E9C3159D685498D43,671,res/animation/effect/tx_gongjitishikuang_yeyuan.json.gz,b2d4b00bd4ec946242258e356d8efae7
F7FA5A7EF5ADDF19B0C8060FAF9E89E0,28644,res/animation/effect/tx_gongjitishikuang_yeyuan.pkm.gz,0eee73e34767c70f7775c6dfe3b0c693
0B770C07BCA0385080532E3AE8F1521E,39231,res/animation/effect/tx_gongjitishikuang_yeyuan.pkm@alpha.gz,e725ce9dc563537ff48564213952d992
FC3DF4A1016AF2F5A177129F5AB33755,348,res/animation/effect/tx_gongjitishikuang_yinglie_yingfenshen.atlas.gz,31c3d2882baf212d446a1f82760cda13
F0B06EBBC69056A4AE6A180FCBA5F699,683,res/animation/effect/tx_gongjitishikuang_yinglie_yingfenshen.json.gz,63d078546423d2a1eb942e33267eebe2
F22776C5D72139571ACE4EF50D4C39C9,25609,res/animation/effect/tx_gongjitishikuang_yinglie_yingfenshen.pkm.gz,c81f76ee51a6590b767d3d675cf6473b
9C1A3A5C0BEE598BFDE2B52E6594B55F,39528,res/animation/effect/tx_gongjitishikuang_yinglie_yingfenshen.pkm@alpha.gz,8cbbf5dfbcbd665c9f7a89cb71680b22
B24A4CD8147DF02809DC59C824E0203F,354,res/animation/effect/tx_gongjitishikuang_zaochuanlian_dajitui.atlas.gz,7f44e53ef70bbcac830569b6f7841958
0B6562C80635BC1E02481D718E6E9990,696,res/animation/effect/tx_gongjitishikuang_zaochuanlian_dajitui.json.gz,7f7069b8eff6ae2c653987dbbf46d654
22B0B4C4B19A2211F6EFBD70EFE31A39,25609,res/animation/effect/tx_gongjitishikuang_zaochuanlian_dajitui.pkm.gz,c81f76ee51a6590b767d3d675cf6473b
6443FD41F9994D1379303724D0ED5566,39528,res/animation/effect/tx_gongjitishikuang_zaochuanlian_dajitui.pkm@alpha.gz,8cbbf5dfbcbd665c9f7a89cb71680b22
03BFF0CD625F1CA586D4AB495FCA8F69,1276,res/animation/effect/tx_gongyong_baoqi.atlas.gz,ac0efc9fbc3aad0d2c174c005895f719
5D75F4C3DDEA86128709A2DF9645D031,1927,res/animation/effect/tx_gongyong_baoqi.json.gz,4eb9da8f1ca770bb6614ef3037b11936
14AEE33A303CEC5E40B1B2A61E77BF09,114653,res/animation/effect/tx_gongyong_baoqi.pkm.gz,a3634e1d92944dae6765574514063561
C1A5C42B92D85C2F13F7B3EB8293D7F1,117207,res/animation/effect/tx_gongyong_baoqi.pkm@alpha.gz,9ae2fc843b8ae809bfffcd13d37ae1bb
9EA6FBE31976A3F59E3E6294E68DD06D,374,res/animation/effect/tx_gongyong_baoqibeijing.atlas.gz,4270f955291a40a81b91b1c1cf91d968
D15B28C2ACC21B38C3A63A8C1D7218D7,1238,res/animation/effect/tx_gongyong_baoqibeijing.json.gz,93994253cdd09bc4a816c835bd39542e
A0716BB073C48818FF4CAA052B8A60CF,14083,res/animation/effect/tx_gongyong_baoqibeijing.pkm.gz,d5f95ea3afc942c25c3715c5d72321a4
FCF73148DD3CE6294F831C2CF9FDEF5A,9970,res/animation/effect/tx_gongyong_baoqibeijing.pkm@alpha.gz,9046b0a4eb4123d9b932ec3752344b30
8EF8AA6E61ACBA7A255A8CAF8DAF4C83,375,res/animation/effect/tx_gongyong_baoqibeijing_zi.atlas.gz,69588d586aa79fff9ee4946e75b311be
D3574DCAAA14174634FF65BC5C2610BD,1238,res/animation/effect/tx_gongyong_baoqibeijing_zi.json.gz,93994253cdd09bc4a816c835bd39542e
7C91F1F870DA3FB7E978E8FD67E8B870,12289,res/animation/effect/tx_gongyong_baoqibeijing_zi.pkm.gz,b591d33b03324956a87b3b7088eff5c1
1B57A396D5F15B268ACF31487CA61C80,7483,res/animation/effect/tx_gongyong_baoqibeijing_zi.pkm@alpha.gz,30187dae797c63d2ac1164f725cf3eb7
F3B538D09B717B36C9115DFA3C67102D,492,res/animation/effect/tx_gongyong_bossxuli.atlas.gz,e8378d7a24b4763892b7edc63fa9b64c
C0DADD320426F0CD4B6DA3758A01CD0D,349,res/animation/effect/tx_gongyong_bossxuli.json.gz,6dace27f50482c7e30527c56efe3e98b
18208B1BB7E9CC924C824F4A6BA97D81,116430,res/animation/effect/tx_gongyong_bossxuli.pkm.gz,549184facc6efde25039cccf06674988
2C4925F769E6F0B9D7A15EE762E4781C,87970,res/animation/effect/tx_gongyong_bossxuli.pkm@alpha.gz,7b1e1d934a553d3d3993c3ed900c8d25
FE4E11450490675FF5A0D5A283401961,437,res/animation/effect/tx_gongyong_gongjitishi.atlas.gz,f09b5cabc455f9e92fdc71af90502875
94C7141D43CC372F66807E5794EFDF0F,412,res/animation/effect/tx_gongyong_gongjitishi.json.gz,3544109ec2bb4d032c111731fe15559c
A0353C6E88231B29DD081CE692D904B8,4720,res/animation/effect/tx_gongyong_gongjitishi.pkm.gz,5079afc7b83a0cf4a36625f68926a05f
74524B730C6AC30C479F6C3997A8FC60,5814,res/animation/effect/tx_gongyong_gongjitishi.pkm@alpha.gz,cfb56ce39af3abe7c8feca17edbfa021
E5EDB6D97B8400DECC22E4F6758641F2,297,res/animation/effect/tx_gongyong_jinenglengque.atlas.gz,ba794f3293b84631ca646a3a18831088
B2F2339F59B1750C262F5D13BDF0F87D,836,res/animation/effect/tx_gongyong_jinenglengque.json.gz,41cc22fd68f47dee43f4e38bf7bbef0b
D3D8FBC5039BBC244C9073A43338EA21,4260,res/animation/effect/tx_gongyong_jinenglengque.pkm.gz,d597e5e1d345f83b811a54145ed3d51d
A36D05A25FCB0F7197839748F1B218DF,2800,res/animation/effect/tx_gongyong_jinenglengque.pkm@alpha.gz,3003c40bdde39ff68c2b2c25c7687ee0
52603573B382D62DDA87EA3A927DD785,436,res/animation/effect/tx_gongyong_siwang.atlas.gz,1ca21c98f83d3a07a865ad1ef3179aca
D58A6BAB8524AADB4C77C296CF7F5F35,2751,res/animation/effect/tx_gongyong_siwang.json.gz,01f20fec4ca9cac64329100c8a216e6b
BB14810E4B54916F6008B0DA42DB417D,15014,res/animation/effect/tx_gongyong_siwang.pkm.gz,8e0cf17799a2437ab10383056607c1e0
3514CF946697E3D5F7F2E273A9E60B8C,16529,res/animation/effect/tx_gongyong_siwang.pkm@alpha.gz,bf940035c001d236236f182d970c0f93
8BFA94EFF6D9B32D5B154D47AC9EF7CE,223,res/animation/effect/tx_gongyong_ziseduwu_zhangyu.atlas.gz,8ed0cb2e0a98c9c921cd2dab06ba35c7
664A2A561A96DF272492E5E530F88666,1402,res/animation/effect/tx_gongyong_ziseduwu_zhangyu.json.gz,23afc57055b65c1572733e576d3e9973
AF2BFEC3D9834917FF77F4F039850A18,52516,res/animation/effect/tx_gongyong_ziseduwu_zhangyu.pkm.gz,9a5b057db3e1ad0d267767000e9bd675
42DC24D531E5D91C87BE5BEB27759E49,42966,res/animation/effect/tx_gongyong_ziseduwu_zhangyu.pkm@alpha.gz,b7805b28a8473c3eb77ea7a75d50b44e
2FAD3D4C24E79612F93368DF2E45C1AC,953,res/animation/effect/tx_goods_luoxuanchongfeng.atlas.gz,9b1b11b8f21692b00d22c8915b7e3050
8024E30EE76CC39CB0CB55DAF61E7E0F,848,res/animation/effect/tx_goods_luoxuanchongfeng.json.gz,687a122bd4ef3249685b70d22db6653f
64C74325B531DEC88D83563A18ED9361,393935,res/animation/effect/tx_goods_luoxuanchongfeng.pkm.gz,503c3714579075e6693da8399b0361c8
528B4A2793BD42A2047392A99C489204,241594,res/animation/effect/tx_goods_luoxuanchongfeng.pkm@alpha.gz,320fa138d587946fa264613f9864f013
0D1399C0E39BC49251999EDD154C7DCE,849,res/animation/effect/tx_guai_bingjingyu.atlas.gz,bc3b1d368084fb5262fec6d09e514284
E338CD1E623C493C05F279CBDA0069B4,2866,res/animation/effect/tx_guai_bingjingyu.json.gz,5111c0cf3317a19ae7093e037fb8ed9f
35B1CFC73BAF94698520FA265FE00E61,146577,res/animation/effect/tx_guai_bingjingyu.pkm.gz,b8a32dfcbad54a8ad30b3b47fe981d9b
809FED79DFC025ABA7D9CB1E109ACD05,98546,res/animation/effect/tx_guai_bingjingyu.pkm@alpha.gz,d7982a64c43c6640ec92ba542dc23a4f
36A0848C83827B0993506FADB82DE213,789,res/animation/effect/tx_guai_chixuxuli.atlas.gz,52e2642295d5a05de8154daad8dac990
78070E0E43E15AC6621E1300FD39DDF6,2632,res/animation/effect/tx_guai_chixuxuli.json.gz,d96ba131dab3be7d5d6cd6f308187a42
EC387A0BC364C37B1961F1A92D6AA05F,89343,res/animation/effect/tx_guai_chixuxuli.pkm.gz,8cafd2b8a1f02749d2a3e7dc8ebbff85
2D8EE9091F761A0F3FD55581A1BCAC63,90809,res/animation/effect/tx_guai_chixuxuli.pkm@alpha.gz,b65dc4b5d56858f6ba3ee6dd31dbb65a
159CFA1A7E738EEDD84456D573ED9120,1084,res/animation/effect/tx_guai_dundaoerlian.atlas.gz,3b093cc6565783ac4446e3063ee2710f
1F400DA2315AB55607CE96E396DDCFEA,2319,res/animation/effect/tx_guai_dundaoerlian.json.gz,73e9d10b7daab5b0bbf145b1f41b4405
A50E7AFD79CEB8FBD532568BD122A5A2,162204,res/animation/effect/tx_guai_dundaoerlian.pkm.gz,9ec88c87a86dc3d86229b75c07cf2fe3
F5CCE508440EFCC23F95CA55AC8BD449,145886,res/animation/effect/tx_guai_dundaoerlian.pkm@alpha.gz,4e85208a062e235d5ef5bba4e29a9b4d
26200E5BFAF7BC732A0C92A8310C3F4D,776,res/animation/effect/tx_guai_gongbing.atlas.gz,0fd1505725c4e1977ff5249cdf094d07
0BF91FE09D8A0EBDF0D0D3784C245ADF,2173,res/animation/effect/tx_guai_gongbing.json.gz,79c6639003984aaf217392e4f9cdfaf8
BEEB31EFF5F53FBD53C5DCDDC8A7ABDB,54561,res/animation/effect/tx_guai_gongbing.pkm.gz,14eea171ecb0a58ce8b954fffea3ca96
8045C3A3A4E8B2E86792134EF33F78AC,54169,res/animation/effect/tx_guai_gongbing.pkm@alpha.gz,fa6b6c944c5b662f626f1040b0659614
5A05C36B382E867CC3E5F3C676332EB9,634,res/animation/effect/tx_guai_goutourenchuizi.atlas.gz,b99440f93a97803500fa10f179058d18
72A05BF791D0DCF90FB67B5D6358B463,621,res/animation/effect/tx_guai_goutourenchuizi.json.gz,ee400978b9bad34ff735ff090771cb84
93A376C45F39B68E0886BFB37C31F6AD,24623,res/animation/effect/tx_guai_goutourenchuizi.pkm.gz,70243de2797e25e9a325790e462f2070
FB5B2F8DD906AEE2243AFA325D9A012B,16663,res/animation/effect/tx_guai_goutourenchuizi.pkm@alpha.gz,a1516198ebfce42d853674d25b6ad05c
145DDBA971C0D9DB9DAEDEF56D942381,1109,res/animation/effect/tx_guai_goutourensanmiaotexiao.atlas.gz,084bc46074aa638a95fd8ed3fb61260d
191011A1BF2266BCF581C7DEEB28AC1C,1231,res/animation/effect/tx_guai_goutourensanmiaotexiao.json.gz,3e75cb025f15dc24a78abfdf264b344b
674AB8BB8DB7AC4721AF83F9B0C9F09D,100339,res/animation/effect/tx_guai_goutourensanmiaotexiao.pkm.gz,02894ba47cc03d721c51c0dca81da5c7
AE5C98AF3497B6F73FC7406AE4588D04,110996,res/animation/effect/tx_guai_goutourensanmiaotexiao.pkm@alpha.gz,cbdb2c06a2b6a12a91b02ded7051a667
3F989C3389E5C80B8C4A3E4EE1918A99,1647,res/animation/effect/tx_guai_goutourenshoulei.atlas.gz,f342eecf824a8ae1a9355b4c12ed357c
2B1EF8A934B1BA6A6FB2A260079A8C6E,2364,res/animation/effect/tx_guai_goutourenshoulei.json.gz,7d47da7f490c9ea75847b8566ab26694
0ABF3FE387B750A55548AEA6309B76DF,115801,res/animation/effect/tx_guai_goutourenshoulei.pkm.gz,77afd8c1c20fbe29e59b613ff264dcd2
0262BE29AF11939EB7EA3E17A72069A2,94268,res/animation/effect/tx_guai_goutourenshoulei.pkm@alpha.gz,ab0bf6c4f78c07812cafdee74f10376b
558F119085FD05FB1EB3CF4AE76510AE,852,res/animation/effect/tx_guai_goutourenzhaohuan.atlas.gz,3fd57e2a5ca7578c2606e2996cfc66c4
A854DD544404ADED69A1989322224156,1352,res/animation/effect/tx_guai_goutourenzhaohuan.json.gz,f30b727707f57b2715338558269e9423
40792E4DBC0EC940BED25EC65EBC0DC2,19878,res/animation/effect/tx_guai_goutourenzhaohuan.pkm.gz,ce9a60de4ff4e48239cfdd2b32cc8bca
B236D9FF2A67F681AF26601A36A076B7,27670,res/animation/effect/tx_guai_goutourenzhaohuan.pkm@alpha.gz,50f327d1b16382d2b6be5fe723cd4c32
2D3C836CCCCC9ADB4F09890B932D59AE,858,res/animation/effect/tx_guai_goutourenzhiyuan.atlas.gz,6c7e432f0f8e031a94b884f957b8e9ae
7FAE898FEFD568B1BDCA2C979A1DC95E,1715,res/animation/effect/tx_guai_goutourenzhiyuan.json.gz,40dc86345387b815cf16170abe98579c
D00A8598E131C22125ADBBB97D23352E,41820,res/animation/effect/tx_guai_goutourenzhiyuan.pkm.gz,9c6fa6201d72e1c8422e62bfdcdf1126
A33E296E4DE12768CF70D58C0F3372B0,42251,res/animation/effect/tx_guai_goutourenzhiyuan.pkm@alpha.gz,da14b92f4aeb4fe9e7f943454e2e52fc
23FFE2F31CB5772669E2A6CBD9C7878E,441,res/animation/effect/tx_guai_goutoushouji.atlas.gz,b8a41b880223c1a9406a8d3c1be23680
C63B340E6C6ABE7338461BA81BA6D26E,242,res/animation/effect/tx_guai_goutoushouji.json.gz,75cfc22aea40e1f33dacba21b018280a
8577301CC5052F644384A64C83418F97,9773,res/animation/effect/tx_guai_goutoushouji.pkm.gz,96827efeb27899ef569bdd2a065f8e7b
19D1750CC48E59EC65E0DDBAD6BF03B3,11812,res/animation/effect/tx_guai_goutoushouji.pkm@alpha.gz,c308dc952e86e32a97cf1fd0e1e1da78
E64F88BE333D9C2D602053BE4EDE661D,214,res/animation/effect/tx_guai_guyongbingshoulei.atlas.gz,f40a8beb0c6920de5cae860917ada35b
D16F54D2FDAB0A9275317CED9516FF15,518,res/animation/effect/tx_guai_guyongbingshoulei.json.gz,0730502348fda8d07b1e1c9903b70d57
076F1D8058D7B600C8AB9BFBDADABE52,2548,res/animation/effect/tx_guai_guyongbingshoulei.pkm.gz,51434b1d641cf3e6e2c3dd2ab572bd6e
27237DE0C84FD8C913C7B03C14AA6B8D,1429,res/animation/effect/tx_guai_guyongbingshoulei.pkm@alpha.gz,acd801a29fe91f9c213abb6d53afba0b
DF597740BB46466D2C89AC90C2E603D0,855,res/animation/effect/tx_guai_guyongjunhuojian.atlas.gz,2521f748737e113c96f619d1021af958
47262E2F22CDE74C4E70C193A3F40393,1475,res/animation/effect/tx_guai_guyongjunhuojian.json.gz,d876e35cbba0d75e398b160a4e35ad77
BC11F3D2F6C352EBA720A343DAA1FCAC,88911,res/animation/effect/tx_guai_guyongjunhuojian.pkm.gz,89f23f15508c436919191eee7b272887
8667D8F0F3A2105080907BC511C1B985,54433,res/animation/effect/tx_guai_guyongjunhuojian.pkm@alpha.gz,a4471e9281a37c27dee6b908264d127a
C34F5FB4560273D13DFD9F41DB73C1CC,672,res/animation/effect/tx_guai_hengsaodaoguang.atlas.gz,e8b22ca47fb7d79b65dd2c4bc4d3ffca
5D790532F558FA8AE49794DE30B6CEFF,682,res/animation/effect/tx_guai_hengsaodaoguang.json.gz,acc37113afcf3c800d882adf878acb52
D66B84055A8DF71C3EBF261993554AC7,98021,res/animation/effect/tx_guai_hengsaodaoguang.pkm.gz,a78480f089551906ccf7e33ffac745d4
B879DBADA3B5604988A2DDE107CCCD71,76357,res/animation/effect/tx_guai_hengsaodaoguang.pkm@alpha.gz,ea228f0d1ced9ee9a8fec5bee6c213a8
043700937EC309B3B0678549E4E3239D,1578,res/animation/effect/tx_guai_jixiehuashibingsandan.atlas.gz,5783c3486481ff5edbb894694bf50b2c
3F453BAE4B447904C331261FE881CC48,2924,res/animation/effect/tx_guai_jixiehuashibingsandan.json.gz,2b6bf93f9f58792a22cfbcecc75451b7
D9ECB8341245F78FBB401C3148C4F001,146733,res/animation/effect/tx_guai_jixiehuashibingsandan.pkm.gz,4e8d4bdebebdf2c8c19972920607b1d4
6AD5ADB979B5598BF753045EEE264D3C,126604,res/animation/effect/tx_guai_jixiehuashibingsandan.pkm@alpha.gz,d88fabf0362bf64132b7c136ce293b7e
4F0850497883554C798A769BF8C3E46D,1973,res/animation/effect/tx_guai_jixieshibingquanji.atlas.gz,74f267917b4ec27e9ee9f9ddd3354741
72844B585B32B237F360275B086A7578,2796,res/animation/effect/tx_guai_jixieshibingquanji.json.gz,06b09637889e1532799215ea4e55af93
30D9FE9EAF2B93451F5DB9ED951BFDAF,107597,res/animation/effect/tx_guai_jixieshibingquanji.pkm.gz,f768050824132eb0afc62cb2b4b48b9f
0CCF092A2D3FFC269FD1325AABAA57D5,101482,res/animation/effect/tx_guai_jixieshibingquanji.pkm@alpha.gz,d9916a76c6c98f3e0368bbb04476300d
64A2C67465C7AAB0F3F1A94274ACEA59,1070,res/animation/effect/tx_guai_jumochaqi.atlas.gz,985876fd9ea2c18e0cd684a49a40b012
FD8BC04AE075788477C5337EEAF850D9,2132,res/animation/effect/tx_guai_jumochaqi.json.gz,c83f86a0aa2a475f24a1f5304dc262aa
0B4384EBD10531DB64411ED6BB661942,120268,res/animation/effect/tx_guai_jumochaqi.pkm.gz,d1476c806a3b2dc2333878217a84fccf
741441D77137E727CA2D073CB6772F66,103374,res/animation/effect/tx_guai_jumochaqi.pkm@alpha.gz,03fdd68985f8eb57e87e99f02fc6c96f
3A9021A244E2DE090B504EFFA047CDA4,881,res/animation/effect/tx_guai_jumodoushichongzhuang.atlas.gz,21f6b4efa81d61184fae521c448850a2
A2E2C5E201CC711E474A12099AD5AB11,1456,res/animation/effect/tx_guai_jumodoushichongzhuang.json.gz,a7628e25c6270031801c5987cfbf2681
FB0AB56E62B7027A368DB95855CA9918,56467,res/animation/effect/tx_guai_jumodoushichongzhuang.pkm.gz,206136f8b6543760dae5e4ba9ca5a491
9210681D5CF8FCAA57359037EDD52CB9,48570,res/animation/effect/tx_guai_jumodoushichongzhuang.pkm@alpha.gz,c6b1ca24146c30f1e49cdd68c33e574e
B23757830F7D501FF783BAC143871B65,676,res/animation/effect/tx_guai_jumodoushiquanji.atlas.gz,480c953b7137be581de67324a0e46f83
AE9579B0B2A075236DF2F15113E382C6,647,res/animation/effect/tx_guai_jumodoushiquanji.json.gz,20a11c1113efd683a689968cca2ea1da
662375C6493E5F9273FF0BB18D98F0C6,25574,res/animation/effect/tx_guai_jumodoushiquanji.pkm.gz,e0317ebee3f80dbc7797354038a6a8eb
840DEBD41275FBA8865A314EBA8DA01D,18226,res/animation/effect/tx_guai_jumodoushiquanji.pkm@alpha.gz,784a0a80b4907b24bbc61d1388b63e42
884D0713CE0A34939D02846ADF926C1A,511,res/animation/effect/tx_guai_jumoduizhangjianqi.atlas.gz,d7b09aaa562a6c3b0b191de50aa35dc5
AD83A1FD81DFAC5DB61815B863986AC6,381,res/animation/effect/tx_guai_jumoduizhangjianqi.json.gz,5d82e2b604d8a0d22fe3e3a466162b6b
B6E6FCDBAE31FC21E96CA306D1CDAC75,79205,res/animation/effect/tx_guai_jumoduizhangjianqi.pkm.gz,49d94a494eafdd0e16b735bb84e6d5ca
6066244E9DDC9A43BD4E288789F7DEE2,59065,res/animation/effect/tx_guai_jumoduizhangjianqi.pkm@alpha.gz,daf9ac59c9c74400f4240bd9da1c4497
804A6661C0F7570DF095B6C58E6C2488,697,res/animation/effect/tx_guai_jumoshouji.atlas.gz,5d0e1a615c269c14e6ea0b891168d8ba
02BC9BD7FCA889CFB83A5C1932AFD96B,689,res/animation/effect/tx_guai_jumoshouji.json.gz,27a9743ed1b5e4795f4e3d799ddd5d65
B15A80DCF84F5993B2C5D2D8FBA47BF1,23043,res/animation/effect/tx_guai_jumoshouji.pkm.gz,8c5cac9bf7dfb119394aa6754f79bc51
D70674C0406E88ECA2BAEF9A110BFD73,27418,res/animation/effect/tx_guai_jumoshouji.pkm@alpha.gz,ba344a8d2319bcd4b8a98ec944ed3051
9208C5E92BE54CBEC3B89D1FCB238D3B,1785,res/animation/effect/tx_guai_jumotouzhi.atlas.gz,9beb2c7be5065d20195e94a25c69493f
7C9EE51894C8582CF36362A2D5CF6660,3860,res/animation/effect/tx_guai_jumotouzhi.json.gz,82838edfb726e657614994cfc8acc77e
36766A609D58FC5499E515467F543122,171167,res/animation/effect/tx_guai_jumotouzhi.pkm.gz,7414e5b754318683d8038c48c0bbba1e
3CCA618B762B21BF7A0D4F4B24CDE69C,107893,res/animation/effect/tx_guai_jumotouzhi.pkm@alpha.gz,eed4e22891d0486ec21e6089c2fbb8f6
798F6377FE5FF0A077372588EF765F80,1368,res/animation/effect/tx_guai_jumozhanshi.atlas.gz,b70eeda04060f2159d95f15a9c8f05a8
9909283BA2E3C84A5F7B49D5AD14512F,2359,res/animation/effect/tx_guai_jumozhanshi.json.gz,1eb5a488b2ab15613f76d8dbaa91b5e2
A53F3274B8FB413F26ED7BB7E73FFD9B,67830,res/animation/effect/tx_guai_jumozhanshi.pkm.gz,6d3966ac5ec58fa9f78e5dde5d4da622
692C300934D2A5665A2A8E08B43DB429,47811,res/animation/effect/tx_guai_jumozhanshi.pkm@alpha.gz,4d5370afe03bd48d7a12cd1ee0c97873
1AC91480309DFF3F3B3C7537A1AA9A99,789,res/animation/effect/tx_guai_xulichongzhuang.atlas.gz,f3aecd255af0d2189e0752578f02ecf1
2AACEE431D3AA27DCACEAE9D4198AB09,773,res/animation/effect/tx_guai_xulichongzhuang.json.gz,43888e1e4e61816966a84f96e1a8c582
E720AABDB36CCA39F2DEA1E5C53B20AB,88945,res/animation/effect/tx_guai_xulichongzhuang.pkm.gz,0d80238db31251668eddd39faea46483
1206D59C9C224C32B8AD2B9E247F1FE3,54973,res/animation/effect/tx_guai_xulichongzhuang.pkm@alpha.gz,6b57a9748643135cbaf9f340bedf6181
3DA5D9B8DE0D7E682FD0DC98E43458C1,1032,res/animation/effect/tx_guimeitezhongbing.atlas.gz,1e3955461f62a6091eb119061aac48e3
F02070969BBF51A4C01D620E0BBFAFF5,1093,res/animation/effect/tx_guimeitezhongbing.json.gz,b09a579152883dc724928022b494d3ab
8B488C535FCC2C0E132881062C0BCCB4,80528,res/animation/effect/tx_guimeitezhongbing.pkm.gz,18196b6ade8ea02778332a6514401e13
56DF4071CEE64A83173DC16D62D87C4F,84550,res/animation/effect/tx_guimeitezhongbing.pkm@alpha.gz,a4c5c9721e2b78e132fa30c7c110d43c
E3475085BB6659D249D8F432635F16A3,802,res/animation/effect/tx_gw_zhonglichang.atlas.gz,01bfafb7a235a297980d00d390cae0b2
6386387BE3DA4D6ABCA39B0C1E6E4392,1391,res/animation/effect/tx_gw_zhonglichang.json.gz,9fd762e536fa0ecd249913712f4cfa37
41330B9C44EA5AD5C1C9F268C010966C,56875,res/animation/effect/tx_gw_zhonglichang.pkm.gz,f5dae4f3f763d7770097717c17c49700
9F8445883941ED4001BA5B777177627C,63668,res/animation/effect/tx_gw_zhonglichang.pkm@alpha.gz,d133d323339e3de88dae3df621ac8398
2B75AF193A734114BAED1A4AEEA11EAF,944,res/animation/effect/tx_hongjianqi.atlas.gz,de73316128380e835b13d0980dba8b2d
7CF6E9412856E2350D8CFFF780852A3F,1020,res/animation/effect/tx_hongjianqi.json.gz,2a8a17ab7e0e304e2ee386963b4e3d24
EFEFB616F4372D136484B713A003E2F1,225443,res/animation/effect/tx_hongjianqi.pkm.gz,4ed2be0a091f13240528c2d07f29906c
D6B89FBB8CEDB2CCD4377FCE49293980,225056,res/animation/effect/tx_hongjianqi.pkm@alpha.gz,cff54103365ca0fa3058ee29685fe58f
7F539B6D3FA49C0BB11FED5217E7727B,4203,res/animation/effect/tx_huoban04_heiyan.atlas.gz,04cd487b2b7a70a2dd706f23a234f00f
A4C4AA95E7FA46EB5091127F1702EA3B,27860,res/animation/effect/tx_huoban04_heiyan.json.gz,adf703ef46b6d2c012a685be4156e4f3
D8BF1522A7BA6CC211EA6D2CE5BCE9A1,2556235,res/animation/effect/tx_huoban04_heiyan.pkm.gz,7b9101395f61f8f2eddf8a43af73045a
8CEB5DF6FBE5F44217527A39056B16F4,1558035,res/animation/effect/tx_huoban04_heiyan.pkm@alpha.gz,2418efb28b68dd51a5084c6100925bfd
AF24C42D67BF6ACB8C2A18BCF979F8D4,2461632,res/animation/effect/tx_huoban04_heiyan2.pkm.gz,4e11a4bcb351d88127500aa3d6114067
E816B9F00B2170712C240DFBFD36545A,1660116,res/animation/effect/tx_huoban04_heiyan2.pkm@alpha.gz,ef36547b32170cf9de15fc8110c48cc3
7406D63DF331DB55329DE5DF8A30ABE1,7408,res/animation/effect/tx_huoban05_ailin.atlas.gz,89fd292b02a06085549ad42d091162f3
899C708A456DD276F23B08866E66150B,39996,res/animation/effect/tx_huoban05_ailin.json.gz,602765afa7afed762c12b12a776a3ad9
F98F26EF4D2B52F0B135BBEB5F78EE2E,3363636,res/animation/effect/tx_huoban05_ailin.pkm.gz,2d627586b21f4272c2aec39e60949207
20117D8791BCE870BAD1BDA71ED9C87B,2042381,res/animation/effect/tx_huoban05_ailin.pkm@alpha.gz,25f9dfcf6cfe7c73cb98204ae955af3a
379B8F513BEDEDCC2D20933DBC73AC8F,863371,res/animation/effect/tx_huoban05_ailin2.pkm.gz,73e22512313589ea1a35865b1efac5e8
367CAC2E5847C4F9CD007B33BBDE111A,576248,res/animation/effect/tx_huoban05_ailin2.pkm@alpha.gz,ffe00b676743002bc6c52e011a0d50a2
11466FEBEF5027EF662C5DBBABC0B2A0,669,res/animation/effect/tx_huoban05_ailingbaopo.atlas.gz,9d809136ef1d6ba32823dddadd848bd2
6F771D1DFCB71530CD3EDE89C6DAD831,1195,res/animation/effect/tx_huoban05_ailingbaopo.json.gz,159c2d0c68c2eae50825e547c54ed184
D920B339B3F17AAC93C7BC8190ACD1C4,149785,res/animation/effect/tx_huoban05_ailingbaopo.pkm.gz,d3dda603bb0d9d91a850d5988642e4e8
86FAE47FCF3928F17D320BBE5671EE4C,90523,res/animation/effect/tx_huoban05_ailingbaopo.pkm@alpha.gz,10bbe36db8f2496c6ba607f37fd90d3c
641EDCE1B60510FC40765A96794997A9,296,res/animation/effect/tx_huoban05_ailinghuanying.atlas.gz,1010b9c4bd448e6342258af33f744177
938B556F796131375FF44CCE7256D91E,986,res/animation/effect/tx_huoban05_ailinghuanying.json.gz,589db6084de8e77d60c7efbd1f532371
DD6A8A8EECD39AED1A9EB851BF38B481,53274,res/animation/effect/tx_huoban05_ailinghuanying.pkm.gz,921921f8dd1753e75145048a6d6c90b2
DDB5B735CECF59063F9E25792F08047B,33325,res/animation/effect/tx_huoban05_ailinghuanying.pkm@alpha.gz,bfb6ba4660b2dfc1f43d6954def4bd94
77EC62E8D66BCBDEFAA7281F4FEF5B61,7387,res/animation/effect/tx_huoban05_ailinrobot.atlas.gz,812c514008ea3ca92ff5938400a6093a
C8E51754D681A1A8246AFA4BE82D92FF,39626,res/animation/effect/tx_huoban05_ailinrobot.json.gz,2739a4ec305bdaff01d54faecb76672e
945C607ADE5D2AA5B7C50C1D50DEBD3E,3233090,res/animation/effect/tx_huoban05_ailinrobot.pkm.gz,ad9672bbc7b6caa42926a79a8d8f27ae
E8273E920E285A57B5E337E298278208,1926632,res/animation/effect/tx_huoban05_ailinrobot.pkm@alpha.gz,fd67a09360932cb796a3af5c58e1f13a
AEF63A6302C93D4EEF1BFEC5695482ED,1377406,res/animation/effect/tx_huoban05_ailinrobot2.pkm.gz,cbf24cf1a71a6fa134f7609ebf68ab3d
F813BFA52B3B6D489F692B9FCE4F3292,852854,res/animation/effect/tx_huoban05_ailinrobot2.pkm@alpha.gz,973c15ab1e7c997d0813ce22c587fad8
0AA228BE49EA59CF47E050E4D6770F0A,1613,res/animation/effect/tx_huoban05_ailinrobot_bg.atlas.gz,503691d11aeefbd619207d0a73411e7e
D40A895F16E66A5463BAC22DFB85E5E9,3022,res/animation/effect/tx_huoban05_ailinrobot_bg.json.gz,06ac9655aed8d7f47e92ddd4f37ee85a
C1190BC7A995914BF198B0730758FDB8,570197,res/animation/effect/tx_huoban05_ailinrobot_bg.pkm.gz,42a02786c8dfbcfdbbf8aa858c1751c9
23B06A8F3283D7157BBECC90C678687F,410092,res/animation/effect/tx_huoban05_ailinrobot_bg.pkm@alpha.gz,8c1c96010fe8051be488d40183a6b2ac
43BAD9A44ABD73F5F07919FF00292E95,1730,res/animation/effect/tx_huoban05_ailin_bg.atlas.gz,34ad559e14fa423748a0a4e11b50ba94
062B4DA4AD86A59D6F84336812CF2A3B,2871,res/animation/effect/tx_huoban05_ailin_bg.json.gz,3a94efe3981ec0b5222cd598b1f46616
54D51FCECD03489BB8CADD53FEAC4FE5,918793,res/animation/effect/tx_huoban05_ailin_bg.pkm.gz,5b2aa3c9c025abdad456c99064e63f55
CF5A7919F3C40F646BE413A7BDC82759,653805,res/animation/effect/tx_huoban05_ailin_bg.pkm@alpha.gz,c0bef66d0bb745000f1fdd588622412f
C4FD1DD8EBEF738AD98D4DED0FE22FA0,4532,res/animation/effect/tx_huoban_01xueshi.atlas.gz,b7646b7964b4cace01b445f956e41308
48A999388786DB60B604579A9360069D,32769,res/animation/effect/tx_huoban_01xueshi.json.gz,eea54581d0da74d28e05a92c9293d5e2
650FA1F96F9D0FA412A4EA4851F8B658,2580918,res/animation/effect/tx_huoban_01xueshi.pkm.gz,0109b736512e3cc9e32ca8ca30b0bf46
EC7AC0C3859885A0F15E83177A867A27,1823267,res/animation/effect/tx_huoban_01xueshi.pkm@alpha.gz,f710b00ef613d2d977fa288bdbe71d1e
C1093A884C4800AED305D16CA289983C,1585,res/animation/effect/tx_huojianfengzi_fenliedan.atlas.gz,abd1907ff0f5c0f5ffe0a57be022a979
44FE86B4E6CC458ABC2D71DD3B3BDFD6,1760,res/animation/effect/tx_huojianfengzi_fenliedan.json.gz,9de61a3ed281b24224c0150917bfe1d6
7FD09CDCE350A112668BD336E0D6C476,341533,res/animation/effect/tx_huojianfengzi_fenliedan.pkm.gz,d2e2d0317c327874290a4c300ba11a41
C88EBEE09265ADB9F09A28C7C50C0190,318017,res/animation/effect/tx_huojianfengzi_fenliedan.pkm@alpha.gz,9517c6be7730084825ed5b4acf6eae99
677DFAAFE125C40369C4272F4D4DB65A,450,res/animation/effect/tx_huojianfengzi_huijijitui.atlas.gz,81a355243771937fea85f917ba87fe6b
6040C233BA09A224BDF7D55FF30ABA2B,535,res/animation/effect/tx_huojianfengzi_huijijitui.json.gz,2dcf8f53238b35b9aacbb5999f891f50
05177409AE821E4AD1B108C606D84BCF,59476,res/animation/effect/tx_huojianfengzi_huijijitui.pkm.gz,f58476431f3b2882377aeb8f9bb56c97
0C853482F5F772156BB725AA378E4B84,37264,res/animation/effect/tx_huojianfengzi_huijijitui.pkm@alpha.gz,20859841ca14b570523f01208bd89db3
69C05939A60F3628BDB46F23C6BAD840,779,res/animation/effect/tx_huojianfengzi_xulichongzhuang.atlas.gz,ec7dd0779fbb92d4045f1aacff1e90a7
5C9F740F4137CE05F894A38EF568F47D,773,res/animation/effect/tx_huojianfengzi_xulichongzhuang.json.gz,77bc516a104d351fe2ea705ab8cd4196
9CE7D685CA3B50C032BBFF3303A52AD6,88945,res/animation/effect/tx_huojianfengzi_xulichongzhuang.pkm.gz,0d80238db31251668eddd39faea46483
A71315CED90BC45DC5EB1200DFD657E1,54973,res/animation/effect/tx_huojianfengzi_xulichongzhuang.pkm@alpha.gz,6b57a9748643135cbaf9f340bedf6181
715D598A708AFEAF7E37D0A67074E49A,835,res/animation/effect/tx_huojianfengzi_zhixiandaodan.atlas.gz,e4380e2eeef2db7a9a995ebe28c43510
BDE6B4499B999DC493CFF626E1066CB3,1432,res/animation/effect/tx_huojianfengzi_zhixiandaodan.json.gz,b4a4f7c115e653bd03e29ad6f665e1f9
6E22721414F2728D3DDEA8F20617E1A5,418613,res/animation/effect/tx_huojianfengzi_zhixiandaodan.pkm.gz,62ec908673839e91f4e2772611678a16
8381970EDDDD7FEF09793FC53341C6FC,261636,res/animation/effect/tx_huojianfengzi_zhixiandaodan.pkm@alpha.gz,b4ee230b9d96e9fd2183c72ef967ac33
876BFF49CDC95577F0E69684B32D2656,1143,res/animation/effect/tx_huoyanchongji.atlas.gz,7ec4d653f3563658f98ae8718c44ca92
C9CF463D5532527E450793F57F735EDA,1507,res/animation/effect/tx_huoyanchongji.json.gz,73826f003fa1f977a297f82bfc9f1865
1B12140E5E091CFFBA79128EE22A0B3C,215866,res/animation/effect/tx_huoyanchongji.pkm.gz,3c3d95876d408c5d6a8b1baee9cc6d64
08AF23C8C0A4E068468A434DA9E115BC,225009,res/animation/effect/tx_huoyanchongji.pkm@alpha.gz,48333cd6ba594f945f64b7a684e8cc01
C1AB75EB6A9FF87BC1035A56CF0ECB52,1506,res/animation/effect/tx_jiabali_aoyi.atlas.gz,d81116ff44e67c0d0a7af5e3433d67e1
3DE8427E4488D654DB46ED5B4F1FD2AD,5171,res/animation/effect/tx_jiabali_aoyi.json.gz,6520f8a162933474647764556131147c
69A84EF1867B37C323ACA69ABFCB6AB1,1884297,res/animation/effect/tx_jiabali_aoyi.pkm.gz,323f797e6fd841d7645ff9fcc6aaafbd
6C3D73963DE1777FAE938FD849BB3011,1019704,res/animation/effect/tx_jiabali_aoyi.pkm@alpha.gz,d41fcb8bd60080fac2160f64477fe254
A0F730BDF3EFA3921208D41BEF0AFB75,309,res/animation/effect/tx_jiaodiguangxiao.atlas.gz,cba5839c355fe267ad6cd124e2fe3edc
0B7EF22AB5CB9F38FDD8DBF1F59402CD,737,res/animation/effect/tx_jiaodiguangxiao.json.gz,fb7e55af982838bc1f397c8e4e98e2f4
44E2664DCE524B961527056D2F020996,76222,res/animation/effect/tx_jiaodiguangxiao.pkm.gz,2cf33ec639c39a78e716550849919e2b
5D7873BA22EBF9D24817CA5CBA81007D,70746,res/animation/effect/tx_jiaodiguangxiao.pkm@alpha.gz,ecd7f976fb45e04f33204569d622e10a
70101302DD6F01BC5F492E0D317AEDA8,767,res/animation/effect/tx_jidaoke_shangtiao.atlas.gz,6d4df37402202bc0cdc772822a2cc3ae
1A931D9A51641D1FCF0302AA2058C12D,747,res/animation/effect/tx_jidaoke_shangtiao.json.gz,4cf640a1343913afe10364ad0789d7ef
A4BD2004ADF15ACD01BEFBE3E50DB224,148862,res/animation/effect/tx_jidaoke_shangtiao.pkm.gz,e1471e6654862d3f86f266e479f50eec
9D2FFCAABFB9B85FF46EE2B6D0149206,150311,res/animation/effect/tx_jidaoke_shangtiao.pkm@alpha.gz,db74f314c4650b960ead0001eb2dc7a7
B79E711DED8A47AF2EC86215DEA7B473,1024,res/animation/effect/tx_jidaoke_zadi.atlas.gz,a7479b410c93caea84d21c9dc2db2c93
C452CAE9A3E828C076D569A0FE3728BF,1879,res/animation/effect/tx_jidaoke_zadi.json.gz,dcebab1cf93e99f0679762f50a1c044c
C4C7019AF55EC649166CCA99A8F5098E,202152,res/animation/effect/tx_jidaoke_zadi.pkm.gz,959ff23f9baee9167f0dfbfa1ac54e6f
B1051B6D40B8AAF9899183F705E28FD2,207273,res/animation/effect/tx_jidaoke_zadi.pkm@alpha.gz,4e1bd2b89fa2076a6e384c9c457ad719
C375A379882A6BAFAF1E02249E553743,1947,res/animation/effect/tx_jidaoke_zhenya.atlas.gz,b03b9957726456fe42b780bc979b1e41
978C87D933878172450F60F4B0CCDFAB,6222,res/animation/effect/tx_jidaoke_zhenya.json.gz,e3fa7ec812fb2ab48bfcfb0aab3b3a52
3BFF209809102E2E8CAF83F036EBEFD0,374319,res/animation/effect/tx_jidaoke_zhenya.pkm.gz,33377a365eb63b09d69e047addf5ba62
1451345FA83F75A847F37B39B1E24D80,463837,res/animation/effect/tx_jidaoke_zhenya.pkm@alpha.gz,cb9403d237de5c7b89c0351820da10d4
EE3DB159A606010C51276E3FD808EB2C,1609,res/animation/effect/tx_jujibing.atlas.gz,945a906c3ac73bc3b159d908178df544
D614AFFB440EDA590C7958489981FF6E,2056,res/animation/effect/tx_jujibing.json.gz,926d34313924e8af5340511cb68d21a7
9197457D0B9B1C668BA430BE2CEFBEC7,403363,res/animation/effect/tx_jujibing.pkm.gz,5283de1827f67a0217a8003166971215
C5324D64DA52CC2BD0AE2F60B737DEEF,304087,res/animation/effect/tx_jujibing.pkm@alpha.gz,eba4bd1512ecaaeb41d85e1b483d32bc
4CA1E074CF141D39D14938495038A91E,479,res/animation/effect/tx_jumoduizhang_xinshou_bai_dimianyujing.atlas.gz,1cdae1301ef215f91b7932e9cc261deb
6E1F7D9CF1443F83917C4029AE84519C,909,res/animation/effect/tx_jumoduizhang_xinshou_bai_dimianyujing.json.gz,1aaa672f87609179a9e90c5a58adedaa
A8E249F81281996A7EB3C98E85395739,10641,res/animation/effect/tx_jumoduizhang_xinshou_bai_dimianyujing.pkm.gz,c71604e7174ddf54320660e641e4c712
A4D16323F96411BE1A5B2F9347F3F869,54106,res/animation/effect/tx_jumoduizhang_xinshou_bai_dimianyujing.pkm@alpha.gz,5d5e6d4cf795cacc6831d35b45864f77
78A5B639F0A3E555E5C0AD35167A67FA,479,res/animation/effect/tx_jumoduizhang_xinshou_hei_dimianyujing.atlas.gz,7f0f94fa98db3d18a4c59ca40c8d32f0
07BD87655ACCB8778FBA5C0890DF9AEA,916,res/animation/effect/tx_jumoduizhang_xinshou_hei_dimianyujing.json.gz,b908324f2aba200277ce05e239e6c399
7191D8A3547329090EAA18A261BBE785,10641,res/animation/effect/tx_jumoduizhang_xinshou_hei_dimianyujing.pkm.gz,c71604e7174ddf54320660e641e4c712
B591E77FB24B16630F9F561AF55B6935,54106,res/animation/effect/tx_jumoduizhang_xinshou_hei_dimianyujing.pkm@alpha.gz,5d5e6d4cf795cacc6831d35b45864f77
B7B4536C20DB2E8C6FBC2FED0D334C67,1593,res/animation/effect/tx_jumodun.atlas.gz,2df010f3df26122279c599330a3343db
433E4CB182F9A8164289F49E691B78A5,2261,res/animation/effect/tx_jumodun.json.gz,9b25a35b79be472e28e60e26c78d9521
0DD1C8BDD1EEC6D69B540D025C2058CC,641059,res/animation/effect/tx_jumodun.pkm.gz,e51c3172c18f37ebed96c4d2b225709a
759B1C3D3FA1593AB359AEDC121B1F14,572273,res/animation/effect/tx_jumodun.pkm@alpha.gz,1e574d7b005d1061878525ded1eb952e
C8A196266DA470908B998AD65EC26C20,340,res/animation/effect/tx_jumo_chongcitishi.atlas.gz,89e5f10ad438b5f58fea3d5d1f8ab6d7
ED77154149B7761D842856C7CA212F27,678,res/animation/effect/tx_jumo_chongcitishi.json.gz,6643e9a1e1ccbd1aa2e5a8cb997fba11
2F87484BD3ADC9950DBD23A440B40E39,28644,res/animation/effect/tx_jumo_chongcitishi.pkm.gz,0eee73e34767c70f7775c6dfe3b0c693
1D16824B50C326242CC46F9815E4550E,39231,res/animation/effect/tx_jumo_chongcitishi.pkm@alpha.gz,e725ce9dc563537ff48564213952d992
E3B0AEC5FDF306B7552BEF593B32AD40,1388,res/animation/effect/tx_leidianqiang.atlas.gz,355b041dc4ddc56c9fbf8216666ee2f4
2290E33A94E6C7DB83A3D265B2F648CC,4465,res/animation/effect/tx_leidianqiang.json.gz,0518c58b50c0cb36d5f881fc73ff5c83
D145D994701D133B3448AA5A7DD4C0F5,269437,res/animation/effect/tx_leidianqiang.pkm.gz,1b2388066fa27c3d30e362737b678b8b
D85D5318A42EC69BBBF5C4BDF9F83CCD,288343,res/animation/effect/tx_leidianqiang.pkm@alpha.gz,3d472a2ae2c35ffd3c92c0bc9ead52ac
393D85F25C9CEB80320E22355BE5E08A,1096,res/animation/effect/tx_leishou_erlianji.atlas.gz,70523b6fd7aee8ea9208177cef79aacb
A57E97A25005166B03C0C3DB271B2494,1352,res/animation/effect/tx_leishou_erlianji.json.gz,7d4da53616521f95263d3e04429840e6
836B4697D83FE39A2CD9A29B9E7BD032,167436,res/animation/effect/tx_leishou_erlianji.pkm.gz,4705eaad6d7dbbfea78ed8adf82218e8
9CE71C02909B78BE91B4C9AF62C18156,196530,res/animation/effect/tx_leishou_erlianji.pkm@alpha.gz,16cff612fd72851d680810b210c97924
60D20AAA21D462A6F6B49082339027C8,1434,res/animation/effect/tx_leishou_quanpingdaji.atlas.gz,10a7c395d43594cea12d915d3b56bffc
22A4449ADF8FF22C1E20097FB8501EF0,2127,res/animation/effect/tx_leishou_quanpingdaji.json.gz,90a517d6603381fefcfacc8d09723c34
A302C8EE658525E90685642E7B0F6A59,338110,res/animation/effect/tx_leishou_quanpingdaji.pkm.gz,6d2f2a8c34871fa557dd812e5098d685
D5688C600958AEAEB3F8B8E6F0DAC442,347564,res/animation/effect/tx_leishou_quanpingdaji.pkm@alpha.gz,cdb1a96f68034ab6a6ac705344ee2fd0
793F93F8CB148B51372BD085CD8941F9,1826,res/animation/effect/tx_lilimu_anheipugong.atlas.gz,e24976e45891a24963dd606e1479a72f
F5D7B57757DEC41D8308EB2EAD89A3B8,2880,res/animation/effect/tx_lilimu_anheipugong.json.gz,2241f48d77438192a0370bcf10628824
857E56B0C432B1696AA0085978401C68,373727,res/animation/effect/tx_lilimu_anheipugong.pkm.gz,c71425b553243b16672a9c198fb984bd
F015F6C6C9859AC87BE65DD1D432705F,231508,res/animation/effect/tx_lilimu_anheipugong.pkm@alpha.gz,67c56682841e91e3b9b5fc9e95600bd1
311838CD80C50E6FA8DBDCF4AB82629F,1463,res/animation/effect/tx_lilimu_baoqipugong.atlas.gz,4654f1b0b254d5049786332b8b61face
7A4A376597D8D26E459FC9203F734F4A,2574,res/animation/effect/tx_lilimu_baoqipugong.json.gz,8baf9325f1c58dbc777a7560b77678d8
D719DC1110A7FC2F257A9B4DBDA8C33B,1397214,res/animation/effect/tx_lilimu_baoqipugong.pkm.gz,310de7a4aba46d4c0644984e99314f8f
E31CAC9BE9C01A59A79E3EB1137AD7D1,955040,res/animation/effect/tx_lilimu_baoqipugong.pkm@alpha.gz,da8cf04ab47589bf963d12f51d148b99
D54E0EAD085CFA769461D435202481C9,1539,res/animation/effect/tx_lilimu_elingchanrao.atlas.gz,9caada7ac6dce377e33a3f52266ddd26
73FCBD64FAC73E4D8E98D8B701FEB169,3980,res/animation/effect/tx_lilimu_elingchanrao.json.gz,b1d3fef220e1eb127201d70b8d9ea894
50F98EE517FEC330F705DED8B5112F15,1183842,res/animation/effect/tx_lilimu_elingchanrao.pkm.gz,f99ed4931ed46e86f73a6f5875e9ba27
99FA96DE708133295D2D07CB29E14157,717728,res/animation/effect/tx_lilimu_elingchanrao.pkm@alpha.gz,8258fe8309c8ee0d48b8bb0dec8bf089
B03AA2D8FE41802585F24C2D56C9CCCA,626346,res/animation/effect/tx_lilimu_elingchanrao2.pkm.gz,635817ba822180e29a66875efc8d2890
4B5C33C4C78E0EFD01BF1A3E101E5891,439012,res/animation/effect/tx_lilimu_elingchanrao2.pkm@alpha.gz,a981aefe6093c6dfd7c2f1a1d292dbcf
4A1CBD780DEB3D4E007CE1BD422B416F,1906,res/animation/effect/tx_lilimu_fengyin.atlas.gz,e3fbcfc45d038e1f26f060abfc88d18c
56324DC77436A1D95FC8EC96F5823F6A,3088,res/animation/effect/tx_lilimu_fengyin.json.gz,feaf7c93216c4c5c59a7c52fe4445f3b
7E704492486F945B99C4956500825AE1,847022,res/animation/effect/tx_lilimu_fengyin.pkm.gz,cf1dda3255bb16f091e12c5860d6c71f
6959400B31D386CFA58C0B033ECF076E,421447,res/animation/effect/tx_lilimu_fengyin.pkm@alpha.gz,df6615267e6210651d371f2dc60edc5a
300ACA2392C75DEF80A799727DA2DA87,134584,res/animation/effect/tx_lilimu_fengyin2.pkm.gz,caa1ac9ad283a5ba5720222b57af8d38
EA8B39906727131860A5A630EF484402,95257,res/animation/effect/tx_lilimu_fengyin2.pkm@alpha.gz,72b11941e7a5b13f8da8593d1dcd8326
F883C3848CEF37625B0401C257B77379,151155,res/animation/effect/tx_lilimu_fengyin3.pkm.gz,dd950316df8bd1ee00019ddbf4cb649e
438DE162BE802F4C77F5395F35703A71,85496,res/animation/effect/tx_lilimu_fengyin3.pkm@alpha.gz,c0b3d2ff0e75c27d3fd7e246a745c841
75E69F68D9344A53386A3208FD226335,194566,res/animation/effect/tx_lilimu_fengyin4.pkm.gz,2cd6ab53af19d39f4f310e82183e074d
D4E375ADDFF3193B91A38336BC4A5DCD,73061,res/animation/effect/tx_lilimu_fengyin4.pkm@alpha.gz,dd0632df3f8cea25aaeeb7ad7d8a5351
1ED925B4BE8DDB3666BA02E06E3EDD9F,56351,res/animation/effect/tx_lilimu_fengyin5.pkm.gz,e2a82c59923070f7fe448698227f8c6d
6B15D601F34BA9F9880B14D660E53AD6,30206,res/animation/effect/tx_lilimu_fengyin5.pkm@alpha.gz,2bd557f4282ce0f03b69395ff89f3777
1285621ADC5FFC001A1D2EF54CBEBA03,1777,res/animation/effect/tx_lilimu_genzongheilei.atlas.gz,7e97295fb16d24e98b486b5413a63533
ECF0AB43F364AA6FA120B6484DA24CEB,3337,res/animation/effect/tx_lilimu_genzongheilei.json.gz,5ad4a8eb2d4a14fe2fde8a5253afa1f1
1E110EA6737E399E42BFFE04303ED401,361831,res/animation/effect/tx_lilimu_genzongheilei.pkm.gz,3bbd8f873f02a215334fff41c8be8614
D731C87C3AE64E3E2646EE44ED8C1751,219918,res/animation/effect/tx_lilimu_genzongheilei.pkm@alpha.gz,292ebdc50316261cdd93f0faf93b31fe
BF77441AF35FC7A7ED14C1CD38394B85,137441,res/animation/effect/tx_lilimu_genzongheilei2.pkm.gz,1700d8927dda82d4df528bd79d446adf
1704ECDBA71CCC85A7494653F51C08EF,91268,res/animation/effect/tx_lilimu_genzongheilei2.pkm@alpha.gz,699e16a0d65c93f19884ae7e36db5f84
B638EBFDDFFFE48D00A5DD29AD15B5BE,30360,res/animation/effect/tx_lilimu_genzongheilei3.pkm.gz,bb36882e20b4162a3dbe66e94b919331
CCC10B9EF20B96665552C7CCE2A3BA2D,30117,res/animation/effect/tx_lilimu_genzongheilei3.pkm@alpha.gz,0010d619c06dc825b7a484c8d65486f7
1BFFEC72FE57D2C3A2CB71892B72DD86,1119,res/animation/effect/tx_lilimu_guangzhifuchou.atlas.gz,a089e7ab0760a571d531e1ac8854453e
EF5E49B03EBEE775C2A73438807CB498,1219,res/animation/effect/tx_lilimu_guangzhifuchou.json.gz,28cbfeed9cf68058d996f0cea93ced95
FA189730F2B8A5D2EFCA39B921CB2D32,167028,res/animation/effect/tx_lilimu_guangzhifuchou.pkm.gz,f8019563479ba4f64dede72dae5830f0
94D2A58F50CAAE116071E4CFFB7B06BD,108308,res/animation/effect/tx_lilimu_guangzhifuchou.pkm@alpha.gz,bed2155d986c0f87b603ecbc0553a846
E2641AAB5077640373F715819EEDAAC6,955,res/animation/effect/tx_lilimu_guangzhileiyun.atlas.gz,132fdbd642c489d411c1c4d8863188e2
1DDA481154A614393FF4D49E23643B1D,2902,res/animation/effect/tx_lilimu_guangzhileiyun.json.gz,e29e0ceb40756bbabb4f3f296c1d08f0
1FBECAE9F7EA4455606AA5D5C7A7E296,83345,res/animation/effect/tx_lilimu_guangzhileiyun.pkm.gz,03b39d7086bc51b0c6f253708354aaf9
1698F7FA36895E6D11DF987313837691,60097,res/animation/effect/tx_lilimu_guangzhileiyun.pkm@alpha.gz,fce1424828b1eb71d25dbdde111f6338
561D582F7B4100E838FD190EDD23A42A,1756,res/animation/effect/tx_lilimu_guangzishexian_heimoshexian.atlas.gz,deb079dbaba44457035629fac9f455e6
545E6DB27C7268A24A795942504E2488,6090,res/animation/effect/tx_lilimu_guangzishexian_heimoshexian.json.gz,85509407447e33464befc132554ed574
7D5502BF0107B867053C6A93EC7BFAFF,372689,res/animation/effect/tx_lilimu_guangzishexian_heimoshexian.pkm.gz,6d0d8e8872a0b1ecf1bc29e5ac510897
41FE5338C8B54EA2F0940AC3E739B516,230554,res/animation/effect/tx_lilimu_guangzishexian_heimoshexian.pkm@alpha.gz,44943d78afdd84f871dcffe637629843
80BD874695686F0B402CD3D30B74EBE7,1227,res/animation/effect/tx_lilimu_guishou.atlas.gz,41e98c5aea60a6a64e5b91798d2b8772
5409B39F48358CA1A237963EAE6E43A5,2254,res/animation/effect/tx_lilimu_guishou.json.gz,b40e6756fd4969fd90c2a31accc748bf
2636664FBD1EE9973EFDDEDA80111E47,258858,res/animation/effect/tx_lilimu_guishou.pkm.gz,b13ec22c59ec8a6d7e0ba8631a216604
57145F51812A32366929F48A5C34F3EC,186706,res/animation/effect/tx_lilimu_guishou.pkm@alpha.gz,b6362181205eab394928a1a3c865cdbe
49E5494E830BF9A83BB432FFF7F35E9C,2086,res/animation/effect/tx_lilimu_heianpenquan.atlas.gz,adbe8c8a3e896b5a8de726d97adee00e
CEB3901FDEEF285C545CAC754C8DAB0E,4198,res/animation/effect/tx_lilimu_heianpenquan.json.gz,74891fb74068f2bfe248e9c0f0b2ba2f
AD797A1ACBE6CA29FB08CDD2B661D203,607962,res/animation/effect/tx_lilimu_heianpenquan.pkm.gz,78235e1af2dc29ed5c88431f5678586b
E13E84540D501C9500F55D4AA20A7842,438885,res/animation/effect/tx_lilimu_heianpenquan.pkm@alpha.gz,5521a12fb3965d51abf43921395b90fb
35C0BFC02245AEC926697E44CCF12B0F,2513,res/animation/effect/tx_lilimu_hongtianzha.atlas.gz,4e5a407a9f192b5b64b1b2e9f9d9c42a
45D66A900BEDAF0EC0BA48C0F5A7A972,5259,res/animation/effect/tx_lilimu_hongtianzha.json.gz,e92ebc87b57adc3d86d8ee8043fa4dcd
698E431464B403BC10A1B9BAAE4C245E,531742,res/animation/effect/tx_lilimu_hongtianzha.pkm.gz,5630c162a2f201e7e5a8659dc59d14ad
BF59884D4A255F010B1FF95F33617637,362090,res/animation/effect/tx_lilimu_hongtianzha.pkm@alpha.gz,d80d267a712a16deef4d5e1afc3afe3b
325F2F1F519F608E774E52859227B81D,1370,res/animation/effect/tx_lilimu_huimieleiqiu.atlas.gz,54e0c3ecae87f64bf2a70b315cb0fe9c
2EBED5771AD6D6091AB011B15EC12DED,2064,res/animation/effect/tx_lilimu_huimieleiqiu.json.gz,95e4c81762078b1089df6bb1c0e22b6d
385251E238529A04E8459F6EA1D00AD3,900997,res/animation/effect/tx_lilimu_huimieleiqiu.pkm.gz,ff97d90d15e3afc8b5efd801677be072
49CEF8E04ADB50FB0EF54FD7E1D067F3,587116,res/animation/effect/tx_lilimu_huimieleiqiu.pkm@alpha.gz,49199afbee853a5fa6575d940c6c4077
EE267BE56C46A73975774711ABCCDB6F,1991,res/animation/effect/tx_lilimu_hundunnengliang.atlas.gz,bc02da7eb701416cf12315d9e3a24a6f
BEB3547A746D7C956C2A2D4FE41BD9D4,4787,res/animation/effect/tx_lilimu_hundunnengliang.json.gz,4215755614e6d5768e5428cafba6e16c
79A38BC13FF825763F422907BEAC1770,583588,res/animation/effect/tx_lilimu_hundunnengliang.pkm.gz,0969b18ee28def21197189847c839da8
29D56DFDAE336A8A149A663192237FBF,392650,res/animation/effect/tx_lilimu_hundunnengliang.pkm@alpha.gz,51452c24469da06035eb880b1a26e364
A17F48B8F1C6977743AD3D11976511B8,1480,res/animation/effect/tx_lilimu_leidianguangqiu.atlas.gz,b5ecc0bf99bf746afea555cb56f9ddf9
B45F43BC9666B3C3FE5B41C89BBA3054,3582,res/animation/effect/tx_lilimu_leidianguangqiu.json.gz,f7664e8ae25d7a92a47fa4ed256f380c
66B74D9B58CCF8CB49AE2B64733DDD18,205238,res/animation/effect/tx_lilimu_leidianguangqiu.pkm.gz,4919d89335c3e4333c09e52cbc1e492e
865C4444F84183FF82278A95B772B60D,173927,res/animation/effect/tx_lilimu_leidianguangqiu.pkm@alpha.gz,911cc60914753bf94573725748741347
AF8397D7C0CFAFB475F6F6A0AF17DA8E,2203,res/animation/effect/tx_lilimu_liangziheiqiu.atlas.gz,a632e8f29806421496348fc6dfda80f2
FCA7F41D3C8506BEFD5A452624AD30B4,5183,res/animation/effect/tx_lilimu_liangziheiqiu.json.gz,e7028bfbe5b953d9ea1a037649c0e0ee
09C344BA409AB86ACA2EEB80C86C3B69,458827,res/animation/effect/tx_lilimu_liangziheiqiu.pkm.gz,04e97d1e9cca3722cd4e85b72b3ae06f
861A2E1923CF16E68AE5AA4390AAB22A,370466,res/animation/effect/tx_lilimu_liangziheiqiu.pkm@alpha.gz,c27643363c3894f158744f6b0c4c3644
679F0E5182EE68FDE29DBD2CB01F7A23,1797,res/animation/effect/tx_lilimu_liangziqiu.atlas.gz,f7b2fc769d90e0f978406ca8d70dc1f5
DA3B15D04B7AC5232A3A8EDBE7B50FF5,5067,res/animation/effect/tx_lilimu_liangziqiu.json.gz,d1592dd0cf8c5aa25c039dd7bfe451d0
DA7745D53FB82EBECB33C305DEF2B37C,271108,res/animation/effect/tx_lilimu_liangziqiu.pkm.gz,a8f1639b7e53b7899825075d395c8d90
45B53B6587FF6126FF6282D511C5DD01,178323,res/animation/effect/tx_lilimu_liangziqiu.pkm@alpha.gz,121a428110eb9ffe01888a744744a703
0B59B94BFAB858B2F8F747B98780545A,1507,res/animation/effect/tx_lilimu_linghunjingshi.atlas.gz,07b03b73b3e26469f7227fadca7cce30
4F393F7C1D91F95BDCCE23C555BABB32,2395,res/animation/effect/tx_lilimu_linghunjingshi.json.gz,835c3eb37a27b125f21d2967bae2d195
6293DB000BC07276A72C86E92ED34935,542497,res/animation/effect/tx_lilimu_linghunjingshi.pkm.gz,f3399b0b51014be779f69a884ca113ac
CFB3FDDFA255F09CFCEEFD6990C6A987,397136,res/animation/effect/tx_lilimu_linghunjingshi.pkm@alpha.gz,93bc9f952ff542a1ab15acb8d46156d4
BB0DCD6A217E760EB3C6554D81E47A05,1685,res/animation/effect/tx_lilimu_liudanhongzha.atlas.gz,ecfea21aa61153fec78c02446249fdf8
A546FA2D9880CBEAE89206DFC59038BC,5031,res/animation/effect/tx_lilimu_liudanhongzha.json.gz,6feb091cb21bcc1da7dc261d4666a770
5781049AC2736800CFB4227AD451B670,271438,res/animation/effect/tx_lilimu_liudanhongzha.pkm.gz,4914ac88fad357eefcc04ab95a04c002
D19B4D4CCE1611111BD129490D122666,217581,res/animation/effect/tx_lilimu_liudanhongzha.pkm@alpha.gz,7e80f572ead4605ce2e68aea37a033be
FE1BE2F9423F2E99BCA59AD74B5374F3,1844,res/animation/effect/tx_lilimu_luoleichongji.atlas.gz,bd9c60142e153dab62863dad015440ee
DCD64FD691A3F556DC915E058825C964,4341,res/animation/effect/tx_lilimu_luoleichongji.json.gz,4d2127038751ae3ea870e96b8e7ff4de
E281815261DEA0B32A4020B2E325689C,360198,res/animation/effect/tx_lilimu_luoleichongji.pkm.gz,260bcc109584005518131680400db20c
62CE0740A1ADA1031BB00ACE58CAB5F1,254047,res/animation/effect/tx_lilimu_luoleichongji.pkm@alpha.gz,040c01a38dc107737ea715468afc1e57
FDD8F699793C3832B9146BBEFBBC2A4B,1703,res/animation/effect/tx_lilimu_luoleihongzha.atlas.gz,b8f102774d92164a329a6505dd8c1e61
C89C38ADE246EA9148FD9B035570A91D,2608,res/animation/effect/tx_lilimu_luoleihongzha.json.gz,c4fbd7e601344e32d9fba76c681a6e22
0EF65F44F6EC53354316D05CA7937929,445213,res/animation/effect/tx_lilimu_luoleihongzha.pkm.gz,bd0e453b177060adf8b34289dc6cf748
157DA82D10032E81228652FABA148107,295353,res/animation/effect/tx_lilimu_luoleihongzha.pkm@alpha.gz,77ac01b38cce23442174ca7944c16091
7E66DA9381CD6F0FFB9C998F1B596D0F,1149,res/animation/effect/tx_lilimu_luoleilingyu.atlas.gz,353d35c82f311fca9bf8f7b802c8b17c
EA3408D49238A0260281B475EE8E788F,3018,res/animation/effect/tx_lilimu_luoleilingyu.json.gz,38097749259069f88d4a11cc8653695f
2DAA2B5C0D40ACE7E34888D10F515D00,161605,res/animation/effect/tx_lilimu_luoleilingyu.pkm.gz,2d55acb7a0a46773107a97fc94114640
22A0B5B9E7E28C4C2661547F84EFE0E7,79627,res/animation/effect/tx_lilimu_luoleilingyu.pkm@alpha.gz,4bc92e012e6ad5205b3768543d677a63
486C2588A5B08FA95E6883F7F8AAA918,923,res/animation/effect/tx_lilimu_molizengfu.atlas.gz,4cbe4a5b2f0c4954c43fc3cf10dab186
4AB31BDEF791407E0A97D667F9A15D82,1120,res/animation/effect/tx_lilimu_molizengfu.json.gz,6933557267d425f3c8c4b6e48dcc5af9
0A8E1B628123C245CAF151E6C2A8CF1B,157916,res/animation/effect/tx_lilimu_molizengfu.pkm.gz,2c138e0018b4fd58b70b7149865333d3
22C0F9EC932006CC42D99664328D824F,112205,res/animation/effect/tx_lilimu_molizengfu.pkm@alpha.gz,aa910ed4f37d9e38745cd70dd84c82f8
D6098A14CC58198784E1300F78C7F178,1318,res/animation/effect/tx_lilimu_nianlijiejie.atlas.gz,e36563d68ae01e5290b3fda8a15b5d84
1FF20F9C02B612A18563B3BA269BC8D3,2894,res/animation/effect/tx_lilimu_nianlijiejie.json.gz,300c775c35d78a5a98b520bc86d39268
2D4B9E18576E6632567259BDD5326EB9,214542,res/animation/effect/tx_lilimu_nianlijiejie.pkm.gz,b288469b5ab54412430c2c5f1aea90eb
8BD7F2C5758DD45E04D7D4545E7FE200,185874,res/animation/effect/tx_lilimu_nianlijiejie.pkm@alpha.gz,8238352c0b787d6db32850d2fd8e4239
A76E2AD984374187FD63EAFBBCC4EF51,1170,res/animation/effect/tx_lilimu_pugong.atlas.gz,a774f25a28417c5669febc247a348b8e
D2E2701378FBC0D2F8CDE29F3248B292,3061,res/animation/effect/tx_lilimu_pugong.json.gz,583789ce60b1203b92b5d3e0f002d53f
9FE08A64D1EFA1FDA9FC7CE76C201FE1,68994,res/animation/effect/tx_lilimu_pugong.pkm.gz,89499659c2d74d474380b114669fc2f9
72CE116B94FEC4D8F4358AB6CE5E95E9,50357,res/animation/effect/tx_lilimu_pugong.pkm@alpha.gz,2cafbcdedf571434d01496b4141f745f
7DCD0B71B642770268DDFF3A20ABE704,981,res/animation/effect/tx_lilimu_qianchonggongji.atlas.gz,7622f86d7b8eea2fd76ee8f9cbda4e34
056AD29005AEC82D9E32749F5939774A,1020,res/animation/effect/tx_lilimu_qianchonggongji.json.gz,6a0eac9454156a45ba6f6e0bc658b32d
A4985064DD63CF400096F36F803A7960,134943,res/animation/effect/tx_lilimu_qianchonggongji.pkm.gz,b9613064e616cd39d27d3c8ae727b014
1E48D9D527795F2CC66C5D1A053C7511,81388,res/animation/effect/tx_lilimu_qianchonggongji.pkm@alpha.gz,2ddd76cfc001c78d892c176d47520150
2EAB3EBA2CBB764D3233ED495325EFA4,1003,res/animation/effect/tx_lilimu_shanbi.atlas.gz,ead59d08fd25ac60f5f7d548ee8ff6e1
126629B4AF58856BD0D4089AD0D2F3F9,925,res/animation/effect/tx_lilimu_shanbi.json.gz,6ec05764c2fe9155ce858fdcb99eb7ea
8AFDD6480794F4C24151DEFA09952BA2,301949,res/animation/effect/tx_lilimu_shanbi.pkm.gz,7c6300c22a3d13e537ed6f49644afa0a
5D308F4B2A4DBB1E2EE00306373D0FAA,174484,res/animation/effect/tx_lilimu_shanbi.pkm@alpha.gz,fc4ca5ad39a0f366b124e7ec21796969
3F127B5E9E477B0CFBB33C771EC43A1F,2756,res/animation/effect/tx_lilimu_shouji.atlas.gz,6e0904c29445456940acd20868942281
713F037EDAE5A7B3660364C73E73C982,6030,res/animation/effect/tx_lilimu_shouji.json.gz,cba3df21e25cc1151420e362fa168b70
C67DFB1C60147CC70243D8640FCE0253,697250,res/animation/effect/tx_lilimu_shouji.pkm.gz,01fc2b0c72b4d740c906ba74847bb94b
9C6E1B536FEEC65F61BA7BABA60C3A9B,496481,res/animation/effect/tx_lilimu_shouji.pkm@alpha.gz,874f586a4c844fe72a9905e12801d5ca
717147FD16A8561F998F8F1ED948162D,2439,res/animation/effect/tx_lilimu_shugongsheji.atlas.gz,365da1e53a8d2b802531ea884512f860
2D75A6AAF513C3E3605C18E2DCF8C065,4238,res/animation/effect/tx_lilimu_shugongsheji.json.gz,ec332eec498e01e803db37dd1af4407c
CA4A015B373D1762D619AFE094A2EFD4,418000,res/animation/effect/tx_lilimu_shugongsheji.pkm.gz,f151882cf19fd734a4e6ec96f17fb9ea
5948DEF44EE4396D7C385235A8A80E93,301093,res/animation/effect/tx_lilimu_shugongsheji.pkm@alpha.gz,2095dace3b182d79573ee83a34faaa9b
6ED4F9559DEB6BCF2E722FCE7CB88842,1327,res/animation/effect/tx_lilimu_tianleizhiqiang.atlas.gz,9b3dcef4477e20a3aeeff32748a6676a
37021C883B9CEDA2FF0A54C0ACCB890F,2266,res/animation/effect/tx_lilimu_tianleizhiqiang.json.gz,e93946e92d2bd2d50cd82edd7fc8f355
313DF67669BF2826EFEC403E86BF590C,472212,res/animation/effect/tx_lilimu_tianleizhiqiang.pkm.gz,4f3785476f18a4864d6b0662b2898b55
5CC833086BD2092B49726A6522F5BF01,295305,res/animation/effect/tx_lilimu_tianleizhiqiang.pkm@alpha.gz,644a2611f04a64427a8cb1f9ecf6f5bc
2C4D2B0B5B37E7FC2445E0F169CAB5AA,151560,res/animation/effect/tx_lilimu_tianleizhiqiang2.pkm.gz,ad6b8caf855de779ce1d9d4e4ee04a71
B5C6CC25CF2941860BB190C7E17C0B23,129008,res/animation/effect/tx_lilimu_tianleizhiqiang2.pkm@alpha.gz,2d241709f46cb57a6020ebd63d8c89b8
A55A773A16A794C29B5A39E91628D90C,21592,res/animation/effect/tx_lilimu_tianleizhiqiang3.pkm.gz,7a2381a653a3ce2a4a302eea7e497266
6338B3D964F8853BD1A12A83BDA968BF,21545,res/animation/effect/tx_lilimu_tianleizhiqiang3.pkm@alpha.gz,e6244b265469b3461402446d7f8888e0
79673511B4EEEBD8C6E5E021673BF0D5,2382,res/animation/effect/tx_lilimu_tianqianzhichui.atlas.gz,2060d3229c4df85a5954e240cdeb2d0d
B5F188165D68D2F8ADB5E64E7A74FF49,11203,res/animation/effect/tx_lilimu_tianqianzhichui.json.gz,705e842bed539a4d68e4077e9f0ac737
D2413868D3A448315157D77774157DDD,1123553,res/animation/effect/tx_lilimu_tianqianzhichui.pkm.gz,932eee401ad910ab33e21ee3b0e80585
FF7E8E98E6A02480BF324459E254B4A6,733186,res/animation/effect/tx_lilimu_tianqianzhichui.pkm@alpha.gz,709ab50b5dcf70ddf8ef2e59bccb4311
E2E05339A096B7C107D484F96CCD14A8,1379,res/animation/effect/tx_lilimu_tishenqianyin.atlas.gz,5f106226504bfb4beebd42845ffb594f
2382BFED09F2A6041159038E27D45ED6,2630,res/animation/effect/tx_lilimu_tishenqianyin.json.gz,450fbc3e018da96444def44f34b21336
594D9452B61280FE193574F877C5F00C,186421,res/animation/effect/tx_lilimu_tishenqianyin.pkm.gz,114ecab245bb64f4eba27b7ae2556328
3118968E301192E75954614DFD4C59EA,136777,res/animation/effect/tx_lilimu_tishenqianyin.pkm@alpha.gz,77b0d16bf6ef44bb9dec0a37b7c4f169
F422E6048CB68F194A058B38EA528E8D,701,res/animation/effect/tx_lilimu_xukongdazui.atlas.gz,a3406dc45e187dd51ac6bfe41e414cbb
B8419193FFFCE7294F7F191A2F485B2C,5637,res/animation/effect/tx_lilimu_xukongdazui.json.gz,782036f20344fdbb6a437820bcff4669
44D569B1E11E6D028700D110E79ACA82,230666,res/animation/effect/tx_lilimu_xukongdazui.pkm.gz,5bf69b4a7682b82be2c04be3c725612d
57252648D0CD80F4144718A55FFF35E6,143485,res/animation/effect/tx_lilimu_xukongdazui.pkm@alpha.gz,9c836ecef2444ed091d08067a041224f
8EC1CAF0FAABF937EB8826CB0D09585C,1946,res/animation/effect/tx_lilimu_xukongtishenqianyin.atlas.gz,fb3550ce31a2501439df35d9d824bc1b
385476F2927A883D3815126FBA26161B,3838,res/animation/effect/tx_lilimu_xukongtishenqianyin.json.gz,2a3deed02d0d4c3f6088735f18cbbef9
BF0C7BB2A6CB47CA397C0F79F0615942,259984,res/animation/effect/tx_lilimu_xukongtishenqianyin.pkm.gz,2da21b1fa9f5eac5f9fc7e735dde69e4
0E5265724861C6EE85D9610E80BEF344,198853,res/animation/effect/tx_lilimu_xukongtishenqianyin.pkm@alpha.gz,db80e02685a9f9bec74d52a5b79c9c59
0D688A236CDBC36ECEAE89ED03A98920,2073,res/animation/effect/tx_lilimu_xukongzhaoze.atlas.gz,519a010926d90245bfbc4389e5805c5e
C097D201AFFD5907051AE47C7DE4A00D,4219,res/animation/effect/tx_lilimu_xukongzhaoze.json.gz,bc793f43b03b1764c905b3b7fd6d0a1f
AA98E44CC1C98CD66602ED7C8F784979,587268,res/animation/effect/tx_lilimu_xukongzhaoze.pkm.gz,a3f9cf669297b9d7107df3a51fd00e70
2E434F9227B7AFB7809104ABD49BA654,378520,res/animation/effect/tx_lilimu_xukongzhaoze.pkm@alpha.gz,0caaebef0a14995d3ddb3f7d0b42927d
B57B532C3BF85E008BAE14BA61E903E4,2546,res/animation/effect/tx_lilimu_yuanlibaodong.atlas.gz,fe9556f5fcc6325cf613aa6074f785ef
7690F60B119FA635F8205A8EA9D815B4,6198,res/animation/effect/tx_lilimu_yuanlibaodong.json.gz,e48d4db1e86bbe693422371a79eefdb1
B6B77A75184D3738279C1E762830111D,545979,res/animation/effect/tx_lilimu_yuanlibaodong.pkm.gz,dfaf39e3e9e7eef77719e1e4fbb98a8e
589A6B09B0F6B85EEDFF9327946D35B0,470487,res/animation/effect/tx_lilimu_yuanlibaodong.pkm@alpha.gz,d06dfbee147869aed9ad2f9167c44132
2F62761D98760AE994CD46C9E0EFE9C5,157993,res/animation/effect/tx_lilimu_yuanlibaodong2.pkm.gz,af0ca4a0920d4d876660534fef58037d
C624F0DB79674DD4A5763BB50DE92A34,170447,res/animation/effect/tx_lilimu_yuanlibaodong2.pkm@alpha.gz,036ce42aafe6bc884fe824f48140d254
77080B25C76457B10040A50D22B7CB07,134153,res/animation/effect/tx_lilimu_yuanlibaodong3.pkm.gz,85ee458838be1fa550d6869d9eb56337
2F88741611F8B13E0889810798B8F8E3,148521,res/animation/effect/tx_lilimu_yuanlibaodong3.pkm@alpha.gz,3d223efcbb23348cfada417a9bcb0dcc
771D7DA5B7C159E55F8365F22CC075FE,1648,res/animation/effect/tx_ling_anshabu.atlas.gz,9a4312e1496fa8b223db78b0397b6157
349570F394CFD98D656E24745847DE1F,3059,res/animation/effect/tx_ling_anshabu.json.gz,eab66660cacb403786bd96ff37832a32
387C27661B17DEAADBE5D2773A2F18E2,358921,res/animation/effect/tx_ling_anshabu.pkm.gz,9dbda9c58ed299bd0ec6dcc76a764b02
66C2AAFEC6426503D7B157ED43EB637E,339138,res/animation/effect/tx_ling_anshabu.pkm@alpha.gz,09ed052b8b5f4f7dcdb44a7f08933986
683120425D6932B55F013783A6BC7267,2032,res/animation/effect/tx_ling_baoqiwulianzhan.atlas.gz,02e011d53d2117854e2f791a0cb7c678
B62FC9B2DB69F91B5A6AE71683FBB364,3409,res/animation/effect/tx_ling_baoqiwulianzhan.json.gz,2c6b215897b26a22d9bbca0b4cf01bd7
6F90EFF63D300B85AE62E548B0E37E8E,283835,res/animation/effect/tx_ling_baoqiwulianzhan.pkm.gz,14746636c3cc2e7f0f773c3429ce2ea7
801EE477A56099886447E3900C71F81E,406310,res/animation/effect/tx_ling_baoqiwulianzhan.pkm@alpha.gz,889de85ff5aa41a6202bd1f2a0cfd7d1
01E8F244EEE460725C274D46B54BB91E,694,res/animation/effect/tx_ling_baoqiwulianzhanshouji.atlas.gz,85bf02a6b991a5bfaed2ae9241eb7fd4
E5E90D26D8635F50684E24C180543438,1203,res/animation/effect/tx_ling_baoqiwulianzhanshouji.json.gz,477657621690af79a739d223906eccbc
533AE25BFFF4264A4DFF899B1C131DB4,40263,res/animation/effect/tx_ling_baoqiwulianzhanshouji.pkm.gz,f823fe3bb74ddfee8bb95dff1f48d242
2820B53312B7F2E8F16875F8020BA469,27983,res/animation/effect/tx_ling_baoqiwulianzhanshouji.pkm@alpha.gz,dfa975d225a61a6747da83c77abfee77
9FC797CD5DAFDA908BF198C07BEEDC3F,1605,res/animation/effect/tx_ling_bishachangmao.atlas.gz,96e65ab4bac019f5108f7ccb8adcfb8d
81D06ADDC149EF981AC354396D43DC76,2680,res/animation/effect/tx_ling_bishachangmao.json.gz,0bcab55dc0d591f72ff8f1d06c99b4d2
97D7537DBB06BEB5E61464F44EBC17F3,358495,res/animation/effect/tx_ling_bishachangmao.pkm.gz,f4205a444098494c3a46e7f2a347d5a5
B11B4F03D80C5B7936338A4C3981B3E2,334949,res/animation/effect/tx_ling_bishachangmao.pkm@alpha.gz,4296ae9f6d0a5e2de5d45c35887e2cfc
907CF219AC37CBBD5E0D8CC867FBC186,215,res/animation/effect/tx_ling_bishatexiao.atlas.gz,05b6d13c3c142a2a034a9e0b1cac91dd
F8BA4FB24A59F7AB9DE17507BFCF6EA7,334,res/animation/effect/tx_ling_bishatexiao.json.gz,1762efc9c0cb9df13ed161c1d04b7127
72FE4FC839B2E38B4ACE96B763D98A27,20167,res/animation/effect/tx_ling_bishatexiao.pkm.gz,4f796b86bd38ed1c077abf4f8e429629
F7D38EC461BEE8071FF3C1F5F0211B56,4477,res/animation/effect/tx_ling_bishatexiao.pkm@alpha.gz,821b54a29baae4658eb639666c2865e4
E639392F24B9BA6356C4C71778901250,861,res/animation/effect/tx_ling_chaoyuanyichuan.atlas.gz,a2b5490a559359c1b8d5f1ee9e2a9dbf
E7073DE3B8B5A1E48A3202BA3CF03E55,716,res/animation/effect/tx_ling_chaoyuanyichuan.json.gz,3e9fa51965fcb2bf9c7f474c1dade6f9
E5752F968702BC530A60E21F83A62F2C,258576,res/animation/effect/tx_ling_chaoyuanyichuan.pkm.gz,e451daf84875245916f434089ce40d00
1A622407AA8DD20FD4630AB0F96CF341,185640,res/animation/effect/tx_ling_chaoyuanyichuan.pkm@alpha.gz,80c01325a1d7d276a360de277b891b81
1E61E364D701E1F39D22BA9F72989DDA,1314,res/animation/effect/tx_ling_cuankongci.atlas.gz,48c71b8c038c5a6e66776d43a4616b27
14241644A5E3C6379C8F2B93C7A08414,1571,res/animation/effect/tx_ling_cuankongci.json.gz,2bfcbd1d2c72517350eb09edc1295f97
ECA5A40FD35B29431060478E64F21D01,188680,res/animation/effect/tx_ling_cuankongci.pkm.gz,6a7c5468decdf5806e99183d7fc1731f
7B83087FE56C8AFBAFE156BA28E0A7A3,254973,res/animation/effect/tx_ling_cuankongci.pkm@alpha.gz,cbf91c8715d7b83ecaed96fd82dd5742
62219F14051CE17C36084E5CF6307015,1800,res/animation/effect/tx_ling_datoumao.atlas.gz,2ed28a5873c2bd69590be66fc0a3aad4
66F90C7FDC9E83EF42BF4E5261518914,3094,res/animation/effect/tx_ling_datoumao.json.gz,c72190c1ce40c28d111d869bf7ec7909
EAD4AB3AF26A400E6919AEEAABAAE1BE,762596,res/animation/effect/tx_ling_datoumao.pkm.gz,11f5919bfc43269b829cfbbd299e0aa1
0BF5FEB043D70736D2A2ECC105A88FC3,601910,res/animation/effect/tx_ling_datoumao.pkm@alpha.gz,a61f457a0ff2f4002bbb487340613cc2
48073FC2E11565C709B99CC61F714E62,1815,res/animation/effect/tx_ling_dianliuqiang.atlas.gz,c7e68e9e41894a80bf5f40d60a3e0f0b
0C5697245992B4D2362A9073C236230E,2621,res/animation/effect/tx_ling_dianliuqiang.json.gz,16ade406d7c0a04857ab275265b76f4c
602F1522AA5B4EB914C7ACA8FDBC9497,526531,res/animation/effect/tx_ling_dianliuqiang.pkm.gz,146bd7cdc08037dbd25b3af3b8130867
E513811E7BC05A0DC9989617D069CEBA,471068,res/animation/effect/tx_ling_dianliuqiang.pkm@alpha.gz,a388f67599c3cbb5bab9caa382608976
42EA0762523D64EA8DEC0D85A84EF279,1826,res/animation/effect/tx_ling_dici.atlas.gz,a165f387abb9f5f5377d8d1f0ae8e4ae
6413EF3EE01E95E873ACD0359847212E,6316,res/animation/effect/tx_ling_dici.json.gz,56673246936da1902f78ad34caf96660
06E88A1EE17BCA4315AB1EC1CB3F6B72,246883,res/animation/effect/tx_ling_dici.pkm.gz,029d8a9568c2a0d4d6128e0d0755eb7a
C0779E29242788F995487D401F8FC12C,175883,res/animation/effect/tx_ling_dici.pkm@alpha.gz,47d70a1df55fbfa4b5be2cb7865963de
41216195C633944BCF8AE19023D05CBD,1098,res/animation/effect/tx_ling_feidaoqishe.atlas.gz,00b11e060193e767036a18597941bf0f
D0941DD7897085C7B68AB6AC1C092143,2081,res/animation/effect/tx_ling_feidaoqishe.json.gz,7fc93fde6f98c51851546bd4c89fb0ed
AE3FD7779AB10B5AFCC9C55E14D9AB96,112311,res/animation/effect/tx_ling_feidaoqishe.pkm.gz,ce3b75655e740e0f91a2e9e87c09259e
5CE81B6F1500F9E97994D1D4F17FC7C6,71836,res/animation/effect/tx_ling_feidaoqishe.pkm@alpha.gz,775603665873d417b55d1edb92775fa5
7E5545C8652D643526374296FB363716,1247,res/animation/effect/tx_ling_fenshentouzhi.atlas.gz,cd867b1827d42875ca8f0e9782d9ad87
CB9D4A54F6BEEA2489B3E3B9781D73C3,1380,res/animation/effect/tx_ling_fenshentouzhi.json.gz,9c0e69328183919eff1d92a19486ed71
12531BC2AA22B78BE4AFAB3538D8C4BE,173019,res/animation/effect/tx_ling_fenshentouzhi.pkm.gz,9d9d34ff27653bf0975795bddc4725af
68E1096A7571B4AA4AB2E86CBBC5A243,232753,res/animation/effect/tx_ling_fenshentouzhi.pkm@alpha.gz,e45437b79883c0e8bde3b851fc05b029
A0E90ACB8D2DCB999814ADE6CEA002AB,1345,res/animation/effect/tx_ling_huanraodaozhen.atlas.gz,c90e593c675f0bceb861551de6a14c70
451DCA6F98D495B755CBE091A0D54F60,4988,res/animation/effect/tx_ling_huanraodaozhen.json.gz,8d19a4be0283ba1531ed3e28484c44ff
C466890CF608B8137397C1F8C43FBC47,268288,res/animation/effect/tx_ling_huanraodaozhen.pkm.gz,ded8c24c2a69630aa64e106a0d25a2e2
36FC2C264CA05A1760A09648182A2DBE,166530,res/animation/effect/tx_ling_huanraodaozhen.pkm@alpha.gz,248dda128fe37d1df25a2ba3cfd2ad26
B89D38E110C862C502FADFF20B28000B,1025,res/animation/effect/tx_ling_huiwuchuan.atlas.gz,87cc8e17c41883e9c7bc0404f84074df
272F6186C22DD9B224A96C5F0E7E624D,1223,res/animation/effect/tx_ling_huiwuchuan.json.gz,433aa4577d0598458b7dcd22571e1f22
F81B6D7DF023162A0A709AB925589BE3,266508,res/animation/effect/tx_ling_huiwuchuan.pkm.gz,92439dc61850477205f139f5d094fec5
075A296136BC70F14E17D41C3CA6D4A7,185914,res/animation/effect/tx_ling_huiwuchuan.pkm@alpha.gz,fc37d92179c997456326e25228bbb1e9
465F9C6058A234335B4AE663A4E2F787,1170,res/animation/effect/tx_ling_huiwuchuanbaoqi.atlas.gz,8d0114ea189e58f86cabbc99511d8a98
0FCB82CC4C39967F98761400149F898D,1498,res/animation/effect/tx_ling_huiwuchuanbaoqi.json.gz,78d14ea9d308f5e32db2f5b0fbbeef2f
E003E31B7EBE073E6F19B770671E7D4F,255760,res/animation/effect/tx_ling_huiwuchuanbaoqi.pkm.gz,5f8c1508afa423e2e915ee4c845589ae
D7BFFBFF3150974A096EA1ADB8BF5847,239629,res/animation/effect/tx_ling_huiwuchuanbaoqi.pkm@alpha.gz,9cbcbfb6a42abf33de8e6af3b29172f1
E002DF211F4B27DEE918E96606C2EF23,1264,res/animation/effect/tx_ling_jiancdguanghuan.atlas.gz,733c87f0fe7076647c913bcc391142a9
4E9D6FB983D8F08A5A7FAB6BA1A03590,1688,res/animation/effect/tx_ling_jiancdguanghuan.json.gz,fb7b2bf4914d1168770262e3c1be7536
6778E916015C8865E0366A8F5573A75A,196755,res/animation/effect/tx_ling_jiancdguanghuan.pkm.gz,c5eed0b1709c7db355a828cccf94dab3
8F1F2CBF050340A390025888F448D344,162104,res/animation/effect/tx_ling_jiancdguanghuan.pkm@alpha.gz,906068757b211dce6421275febd17a1c
52D7F54E7A404B24D7C9C5BC2E7DE861,1061,res/animation/effect/tx_ling_jumaozhuici.atlas.gz,bb15d8af520e20fa2a41492c15c45246
0536803E2A9EE9F6A241AD9FF50494FE,1695,res/animation/effect/tx_ling_jumaozhuici.json.gz,db1f56e4314dccc5b4aa36027ee618da
3187A35295988712380BEB5B856AA49D,228967,res/animation/effect/tx_ling_jumaozhuici.pkm.gz,766b76eafd06ddc745150fa4403c5498
4F4A94BDAFEC8C983F55892B15B93271,188489,res/animation/effect/tx_ling_jumaozhuici.pkm@alpha.gz,3e2605212e4603b0c670a56d303c6f10
A5E18977F51024D6AA1766742EB534D4,1283,res/animation/effect/tx_ling_kongtachuansha.atlas.gz,8679b84300a5108e7321ab176e5a69ea
DD5E6001DBE552BC6238A355B22CD0DE,2070,res/animation/effect/tx_ling_kongtachuansha.json.gz,2bf68683b96465806460e3e0a6bf2a01
9156765EF3E3522D8039382D9F657C78,207733,res/animation/effect/tx_ling_kongtachuansha.pkm.gz,52a4be59979513fc0c0d1e50a86356f1
BFDB46B92E6A8A8D496C89006277D1DB,274397,res/animation/effect/tx_ling_kongtachuansha.pkm@alpha.gz,8f534a95930d248168da95e04b2f49d3
CE7306CBA2B9F7A5BE895A5711AC8B13,846,res/animation/effect/tx_ling_kuangbaobingqi.atlas.gz,d1d4984e3f79f8aca9b8985748a355ce
0EE0D6627EDBBD71AA998222C05599D0,775,res/animation/effect/tx_ling_kuangbaobingqi.json.gz,71b03015552836264810373cfd80f9f5
87D657023F2D88F422BF5EA9AC4FDA3D,59322,res/animation/effect/tx_ling_kuangbaobingqi.pkm.gz,fa8aa6e0efca9c3d7c1d8f405ab21b2d
7598FBD2533660F73E72DBA044406A9E,35288,res/animation/effect/tx_ling_kuangbaobingqi.pkm@alpha.gz,29e45ff582669723eb45fcd8f8c1d842
74E22A9D7E80D5391DD4BD15EAA0F5A1,478,res/animation/effect/tx_ling_luanci.atlas.gz,eb08cfd80ac90102c2e0ffa3e5da0436
75BF63BDDFF3D2FFFBEDDF39DC84F900,573,res/animation/effect/tx_ling_luanci.json.gz,89fa1797026d1792e81676054afc3ef0
6510436B84C3F6B26FC9D7959A014231,36416,res/animation/effect/tx_ling_luanci.pkm.gz,00d93e117ab3cacace118b7b099f7413
A9D60ED171C34FB283EAAB388EDF1059,23578,res/animation/effect/tx_ling_luanci.pkm@alpha.gz,b1cd805447e7a4d1d12a8cab7fd776f2
C0724F62EC9E5CFE83FCFFD3E749352C,582,res/animation/effect/tx_ling_luancibaoqi.atlas.gz,4900eaef731387b03c6c8e4d219409f7
99948158AD7C0305644498F5E4ED5181,693,res/animation/effect/tx_ling_luancibaoqi.json.gz,0ea099cbfc6c92f486e4569b3eceeb68
2D89C5FA08745FB0AE478D45027FCFB9,33848,res/animation/effect/tx_ling_luancibaoqi.pkm.gz,2700ad0e5379120f60e11deb24758019
ACE267BBFFCD7BABEFCABC6415106519,27109,res/animation/effect/tx_ling_luancibaoqi.pkm@alpha.gz,8787bef61b57482a10b11a0ac575e10e
EFD171D3D2AC6C21363DA9D0F79E7104,1253,res/animation/effect/tx_ling_pugongwulianzhan.atlas.gz,bd7547b5b79424409e6daa9b893678cc
0AB0FD3EED8070952391CE4433494680,2095,res/animation/effect/tx_ling_pugongwulianzhan.json.gz,8df845a82da163da4e45807b692c6943
ED4D7B3F59BEB609245EB433D83CFD0A,235819,res/animation/effect/tx_ling_pugongwulianzhan.pkm.gz,1ee2a306115b2614894d26bb2f86b136
76CD5D8DFEEA687CA62880D5850C5576,171245,res/animation/effect/tx_ling_pugongwulianzhan.pkm@alpha.gz,b3ca37a13304ac850a6875dff44e9a7c
E987D75C5F3628ECCB3366A548AEDC17,856,res/animation/effect/tx_ling_pugongwulianzhanshouji.atlas.gz,68a3d19925b01b81bf0bd6e06148029f
367891D24BD0E185A0E3D39D4E754325,815,res/animation/effect/tx_ling_pugongwulianzhanshouji.json.gz,5ae71f5f03c252d10c459140363d206d
92DA70835620811A94B1FA6C3425111F,255731,res/animation/effect/tx_ling_pugongwulianzhanshouji.pkm.gz,a286e67237e52465fe1ce96b981cd179
E1A3CCE3FA6ADED3FBBBD40C567B57A3,159200,res/animation/effect/tx_ling_pugongwulianzhanshouji.pkm@alpha.gz,6422ea6fce4c17eb884519cc417d7fc0
972720656CB33C2C1BB9FF17423E8225,801,res/animation/effect/tx_ling_qianchong.atlas.gz,3951dea6995bf4fcec24862f93427f55
A3492B2FDF20786A51366B0A81067518,793,res/animation/effect/tx_ling_qianchong.json.gz,93d994cc6b245c8f57490c6e14cf1888
51F94035EC73E22B552B19C08091A6AF,133622,res/animation/effect/tx_ling_qianchong.pkm.gz,146ed1ec1aa8babc683dcacd392814e8
F1D5930DB397042D22F153BAE6B3E3CE,104954,res/animation/effect/tx_ling_qianchong.pkm@alpha.gz,e521bd03722227ada371f0f5146b01a9
4B3181EEEC67A84D6FE61CFF3AEB25C8,691,res/animation/effect/tx_ling_ruodianfangda.atlas.gz,e8679d99d6c15ded8acffbfea7ce2477
589BF2D1DB71A695E1F47A75AC48577E,583,res/animation/effect/tx_ling_ruodianfangda.json.gz,dbf522bf8ec2d4e9410400ed823bff62
26D5F29D34BAA13C12DCB17F6B2FBCB5,42016,res/animation/effect/tx_ling_ruodianfangda.pkm.gz,a423766402b95930851db61219985035
6B71AD12070057F0C23DAA3F15DA8C7B,56468,res/animation/effect/tx_ling_ruodianfangda.pkm@alpha.gz,e54c1c536e4c73ec5181a99a31a4258b
ED8179337D3F42F0A7B8711D8E6E0C73,1332,res/animation/effect/tx_ling_sanchongyingwu.atlas.gz,3252964663ab30f900f07a3194be563b
1E2CB9147791CAE8F6DE457E03860449,1572,res/animation/effect/tx_ling_sanchongyingwu.json.gz,01563e1f68ab3f418c521e5882f6c76d
EF4A397771CEA136BF4532A15FA3DDDC,82375,res/animation/effect/tx_ling_sanchongyingwu.pkm.gz,7a4bc4566189900f5ba29aad6d995895
11799C80C99924613049A00E38963A61,283818,res/animation/effect/tx_ling_sanchongyingwu.pkm@alpha.gz,15af6bbf2a188f15d4da521fac37b8ba
BE4C34EE44E778A7EEB9EE3F017820A3,1584,res/animation/effect/tx_ling_sanlianchong.atlas.gz,0edf37a483ddb8dbc81f3ce035b5d03d
E315DEF75EFBBEAB8DFD6C0B7B79E964,2774,res/animation/effect/tx_ling_sanlianchong.json.gz,e028fa9586b79cc8b3c59a93fed5e6c5
F4F82855D514332A9FD58A1BA994A139,338480,res/animation/effect/tx_ling_sanlianchong.pkm.gz,ee4197c467fa4df74f9422e8ea446907
0729EAC6C5FDA7E1057DC609809DBCF0,264836,res/animation/effect/tx_ling_sanlianchong.pkm@alpha.gz,f420fe1238a5c2abbc2a284f147d5d10
CFBF698FDC41E142C14DF759B17FD087,721,res/animation/effect/tx_ling_shenbingquan.atlas.gz,df831745597f637442340bf6155d2b9d
0D5EA55F58A9380B0912102ED4AA331B,722,res/animation/effect/tx_ling_shenbingquan.json.gz,5f9d64f1423842a4c3601430a976976e
9DBB69468F5F2BDA021A9AE26E89C7E5,60312,res/animation/effect/tx_ling_shenbingquan.pkm.gz,bc0474eac7691e9bf99e20c8eda09bdb
03B8D8BADB15E780B10C2372CC1B2A33,43546,res/animation/effect/tx_ling_shenbingquan.pkm@alpha.gz,e82dc84e260be013373d4e820ec544e6
6F525A6D318C0F83BEBB2BE25E1AF565,1087,res/animation/effect/tx_ling_shenshengchangqiang.atlas.gz,d11ce729b1b92aca83218209e0f09e25
6AD799127FF4FD48D94EFBBB6CECE08D,1827,res/animation/effect/tx_ling_shenshengchangqiang.json.gz,9ccdea7cd70106d8453138d12bbfdc53
1612F820DF56F9EF92A762AD4AC0FA50,131943,res/animation/effect/tx_ling_shenshengchangqiang.pkm.gz,060da036eeb00cadc3d13ca0c1efce8c
FFA5B1FAF16C418A832A77009BF05AA0,102351,res/animation/effect/tx_ling_shenshengchangqiang.pkm@alpha.gz,8e4398c76569b6ed9c68e8edbc522923
E3204CFFF93893F39CEC6E793A976CFE,814,res/animation/effect/tx_ling_shunshan.atlas.gz,2002a9d1d1b8a675eaf531947b9cb293
F72505FF028B6017D63A17D5BE12DD0A,680,res/animation/effect/tx_ling_shunshan.json.gz,d0cff8bf0f83a4a47f8463635f0ca68f
3B6D97C95004F11BF52A7C3314F2D71B,75572,res/animation/effect/tx_ling_shunshan.pkm.gz,13c13a94fee8e1e22152e9aff5ca190b
8B9115DF40AD296C3192790902F6FCB0,168249,res/animation/effect/tx_ling_shunshan.pkm@alpha.gz,92aa43fa8cb6f6e9c2925ff2fa7b7d5c
7C9ADF0599D9835B64D2DA4E19F7C592,1392,res/animation/effect/tx_ling_sichongluoqiang.atlas.gz,d1f6b0e9d96c02b763b16262086e6402
FFBC53878A5266A3A0F358D087D24AB8,1915,res/animation/effect/tx_ling_sichongluoqiang.json.gz,4927d4dd2ccb306799aef1d7599faf30
86BBF84916597B4793CDDCD2C3CD7931,689956,res/animation/effect/tx_ling_sichongluoqiang.pkm.gz,9f8273bfeb6de016b33320fff7ea488b
502113B98D9CB1376BBF3BCF5100493D,463113,res/animation/effect/tx_ling_sichongluoqiang.pkm@alpha.gz,f57f01976d7fc79797a37933a6826b03
AC999E900DA3132243A75412C22A08BB,1844,res/animation/effect/tx_ling_tianjiangshenbingzhen.atlas.gz,04d54d02b154709537ac4c0ddae40d7a
B9D0180E2C5C285F83101B7BB95BE6DB,4392,res/animation/effect/tx_ling_tianjiangshenbingzhen.json.gz,127a5c6667f181641f3d1b4c8ff7d40b
A33AA53934273E0F442F3F896188D564,830826,res/animation/effect/tx_ling_tianjiangshenbingzhen.pkm.gz,161edec45cd64d6642d5f2b471355cf7
D9648F79A18EAC68792685D03F3E4415,598595,res/animation/effect/tx_ling_tianjiangshenbingzhen.pkm@alpha.gz,c5717a12016141b99cc2ae34d4aa9672
5EAF920AA8254AA046A44E11C0C79204,1763,res/animation/effect/tx_ling_tiaofeijiao.atlas.gz,c6544de312b597f0c69702405aca783d
0426D4B8882584D30E9A300CEF7DD17F,2723,res/animation/effect/tx_ling_tiaofeijiao.json.gz,db663d6147d993d97bb695a087d4924e
08EAB38255E2835FACA5925FC9A24399,357452,res/animation/effect/tx_ling_tiaofeijiao.pkm.gz,71538e7912a0474f0cc877d13fb9fbd4
A183D574161EAD373F9D9602F2C21595,317330,res/animation/effect/tx_ling_tiaofeijiao.pkm@alpha.gz,3a3481690430b1de95f30d9d9df42a2e
A384DB5BA8DCF68C30FB1F41343DE23F,1679,res/animation/effect/tx_ling_tiaofeijiaobaozha.atlas.gz,d7e51f4ca16a7a1c9639df08b1b4865b
61225765193BAFB6A69F1E92840F06BB,2993,res/animation/effect/tx_ling_tiaofeijiaobaozha.json.gz,3b412e5dc0c5d130d136c38b9045d714
F9E707665AF8E9272A79538D3C7317A4,245824,res/animation/effect/tx_ling_tiaofeijiaobaozha.pkm.gz,64166fba3a92e06806092d0f2d0792ee
2EF63A6096CA5BDD9D3AECF3D38D5811,164154,res/animation/effect/tx_ling_tiaofeijiaobaozha.pkm@alpha.gz,d8fff64767992c1b96357aef7bf6f251
13E1583C5EEF2E377A56E8871960A617,1078,res/animation/effect/tx_ling_tiaofeijiaoyanwu.atlas.gz,91baee9e9ae44d371490aac974df044e
4AA283F316F19DA15C97DF0E205C055A,1915,res/animation/effect/tx_ling_tiaofeijiaoyanwu.json.gz,11f88f80d60d648d38c0508834aeddd5
793BFA4B52BE1E5630A1ABEF22F73E2D,102368,res/animation/effect/tx_ling_tiaofeijiaoyanwu.pkm.gz,3176eea650d9cb0ae033560de8d94a5d
3DA40C512081712FC75A1BC93DB30E2C,68267,res/animation/effect/tx_ling_tiaofeijiaoyanwu.pkm@alpha.gz,cbb3008cd2e28f75d10a7ce77b0d09ab
279DE1E34C5B1C945C81C72D16BD4663,1027,res/animation/effect/tx_ling_tpjiansu.atlas.gz,035dc746347e249976e75aa939d99fad
A8BCB5DCD8AF343C44AB43F79C8540BE,2278,res/animation/effect/tx_ling_tpjiansu.json.gz,cbfae3b231ad1940843dc3c98294ff05
10FACF72503BEAE5D85DD41BBF366B0A,130034,res/animation/effect/tx_ling_tpjiansu.pkm.gz,2939016c6e039ef51f06f3194ee8ce11
A1E4D8F00BB9E677BD5713BD267D50FE,69317,res/animation/effect/tx_ling_tpjiansu.pkm@alpha.gz,91cc1a452884ec468de3a21c7a46c84e
B11E3303A7BC680E81ADFB0DD61D3238,1738,res/animation/effect/tx_ling_tuijinchilun.atlas.gz,1632a3a8c5ca5c93853914f46557f0be
C7924EA17765B685A0FE0CF154A9D33D,3764,res/animation/effect/tx_ling_tuijinchilun.json.gz,4f314b4787e2b17735616e6d0cb42c28
1EFDB509EAB0F84902E68745416A4278,415523,res/animation/effect/tx_ling_tuijinchilun.pkm.gz,fdedf481bd1cc33942523fb0e6b0d78b
CE86BA41AC2226BA43B6600B62DF702A,251040,res/animation/effect/tx_ling_tuijinchilun.pkm@alpha.gz,369e8dd549e8b79f4336cabcfdae236a
CD3D9824D09B19D5B4D5AF1F8F9C800A,861,res/animation/effect/tx_ling_yinglianjiaodaoguang.atlas.gz,81f7f9710413c7ad2c42855536918d7b
D3695C70EC63FDEA5F4F48EE9593499D,1227,res/animation/effect/tx_ling_yinglianjiaodaoguang.json.gz,0eef345d5c7dab690a6e4e7d0bdac59d
BD8C44169CC9B50FA5B75F0AA649481A,89548,res/animation/effect/tx_ling_yinglianjiaodaoguang.pkm.gz,a00686ad4eefa8b8f3870392021a39e4
AB30AE76FD3CA53A4D22D91A610282AA,81358,res/animation/effect/tx_ling_yinglianjiaodaoguang.pkm@alpha.gz,2c359d2e017c0266383d16b05d342a3e
DE8332F0A25FEA40A0B74DFC6E88B459,826,res/animation/effect/tx_ling_yinglianjiaofeijiao.atlas.gz,741f8c94e77f899bee13cede78fac4d6
6A31344FA7CEDADE69847E5178A08C84,1082,res/animation/effect/tx_ling_yinglianjiaofeijiao.json.gz,f1467e38571e1cf3e66fcc829a242f82
E5A949E59A195BAB013DBF1E24ED1B36,74898,res/animation/effect/tx_ling_yinglianjiaofeijiao.pkm.gz,c154eacff5c1c767e5a07fd3f677f851
AD61AA1F6056E828B560F517CA310AD4,53056,res/animation/effect/tx_ling_yinglianjiaofeijiao.pkm@alpha.gz,7b311a246b9cb59b620a915a4c32018e
FF0CFB324CBDABDBC8E5349E78CBB09B,2440,res/animation/effect/tx_ling_yingwushunshashu.atlas.gz,4bd24d1830cf9bfd55da9b34488dd4dd
B871125857415DFF4D56731845427455,12252,res/animation/effect/tx_ling_yingwushunshashu.json.gz,7c77111fb28c22a1dec40d26c8373726
C76932069B72357BCF5AA6E0457DC483,274818,res/animation/effect/tx_ling_yingwushunshashu.pkm.gz,7ae8c2072e6afb9570f13da875876fcd
C45149E12AC2DAEB51D6AD1DBFDF4C36,469828,res/animation/effect/tx_ling_yingwushunshashu.pkm@alpha.gz,8706fa24f53bb248d4fa6403ac10e2e2
F18AC31001B9464B5E779D0DB148A467,2497,res/animation/effect/tx_ling_zhuanzhishouji.atlas.gz,ab084308cc2c92a1824736a2c189571e
8EE371EC110DE1E7D71C006D94EE47D9,3968,res/animation/effect/tx_ling_zhuanzhishouji.json.gz,eed20c41b352843b0f465e4ff9b490a7
2455DF6160E8F10070F7014B63465F5E,461175,res/animation/effect/tx_ling_zhuanzhishouji.pkm.gz,2dafa967ad43678bfef69a299d6d343e
3824FAA02B840CD2F0E73586835C0263,360207,res/animation/effect/tx_ling_zhuanzhishouji.pkm@alpha.gz,4690e509baa781340ef5b516242e983a
E803CCEB04FAF3150AAC71BE20C8DC59,1669,res/animation/effect/tx_ling_zhuizongdici.atlas.gz,79a194f5de2fa2979f226e2324f91ca5
2BDC684F7E40630F2F5F0C9B3C7D4968,2781,res/animation/effect/tx_ling_zhuizongdici.json.gz,e47b00b3297374feabf6fa805ca8f44a
3245B1F4DCBF4B51EC87C8E709B49B42,293195,res/animation/effect/tx_ling_zhuizongdici.pkm.gz,9f5db8853f5f86ef79cd99f37b9f2b3f
5A8B66A616288F580FE66E1D5FD79CC0,201897,res/animation/effect/tx_ling_zhuizongdici.pkm@alpha.gz,52634a5fa59c7c4642477d2ea2933c69
E6FD8BBF8E35C839E9B670E24A272986,1216,res/animation/effect/tx_ling_zhuyingchuansuo.atlas.gz,c61bdbbd6704393b3fab64a68ea5f3b5
D0DAE7D673CD25E446FCA240BEC2A1E2,1737,res/animation/effect/tx_ling_zhuyingchuansuo.json.gz,63e3b2416e8019f5091d0052ae319455
018DE75E087B41BD22E8F3D3E3E5D166,167518,res/animation/effect/tx_ling_zhuyingchuansuo.pkm.gz,d7d27725b61fc020077a55f48d163da8
F99B5FE1531D02157429EBC0E8BE59B5,236319,res/animation/effect/tx_ling_zhuyingchuansuo.pkm@alpha.gz,9f09023d6335f97c8acb513ff574501b
798E7403D4131488E1DFEA8EC76C5C76,968,res/animation/effect/tx_liseyu_duogongnengleiji1.atlas.gz,e8f8364c841219a227d93035f61afa75
F9145EFFE934BFDDAD3935B5CD1EAFDD,1745,res/animation/effect/tx_liseyu_duogongnengleiji1.json.gz,615a898a0921ed7c664e11ecfec237a9
9E8CB5A16C7D32681FC978DE39072727,72528,res/animation/effect/tx_liseyu_duogongnengleiji1.pkm.gz,be8023b7c95fff47c718f72dbad70084
9E99CD31D7ABBC6EE14D4D1352412D4E,58497,res/animation/effect/tx_liseyu_duogongnengleiji1.pkm@alpha.gz,1b748759130f6785594719477c3ed041
E88882FE8CB88DA00753829806A2A466,1838,res/animation/effect/tx_liseyu_guanchuanmao.atlas.gz,b07529a9b893d04d6049ba7ee2220944
29FD9594C3A513CEBD3DC4EFB97467ED,6754,res/animation/effect/tx_liseyu_guanchuanmao.json.gz,ce24492f38f65875c8584ec384c44f3a
27668A853D98D1A80A6340574C3D7DB7,190214,res/animation/effect/tx_liseyu_guanchuanmao.pkm.gz,87c7a785e1e6fa56dace7069932d3ffe
1465B7888F3F42E2032948BA104CD9D6,161755,res/animation/effect/tx_liseyu_guanchuanmao.pkm@alpha.gz,0db704c22abe56a9763c49d33fe0f6c1
E271AE9698308C451FD3BC70D24E02DA,1835,res/animation/effect/tx_liseyu_heianyuanhuan.atlas.gz,71784f57ca11e977fae6eb7a35b61ccf
E8DD1229FC6E582245098EDA00867503,7718,res/animation/effect/tx_liseyu_heianyuanhuan.json.gz,b9aca18d30358148d7b25f15db55dd2f
D18FF74FB959CA7B5311332774915587,233046,res/animation/effect/tx_liseyu_heianyuanhuan.pkm.gz,ed1b52aa2e10afc90a7a462d2496ad07
2794C3102153F74F3650815F9E42366D,193429,res/animation/effect/tx_liseyu_heianyuanhuan.pkm@alpha.gz,be38396e20913b0abda29c7c06358a65
5FFFF037E392B190684066538B22FB40,1157,res/animation/effect/tx_liseyu_heidong.atlas.gz,2d57ad25f12d3e235fe51fae0695d187
2B91C77DE24ED5DDE6483CA83EDC2973,4665,res/animation/effect/tx_liseyu_heidong.json.gz,df32ecdae3deccb90f0a53af63fd7796
12D0109B63F11EF44712AB859BD1C673,189530,res/animation/effect/tx_liseyu_heidong.pkm.gz,8315b7ddbbd5c6962cbb49fd7ae18a39
758F72B6D300B04D23A8340A3CCC04D8,144675,res/animation/effect/tx_liseyu_heidong.pkm@alpha.gz,43136ed6d487141249dd0ab08b646fe6
459A6AAD0A1385C0ACD7026CCD2BE612,896,res/animation/effect/tx_liseyu_jiguang.atlas.gz,af30b78ff9a27c50fdaceb6f7ad22a07
43A0AE54D8D323C0AA94280468981AA8,1677,res/animation/effect/tx_liseyu_jiguang.json.gz,56ddacb88fa60d7d1d7c3db7bc94f754
A2C76ED8CAD9A1B5F80C45AAA7B0A3C7,72528,res/animation/effect/tx_liseyu_jiguang.pkm.gz,be8023b7c95fff47c718f72dbad70084
5327E63AB9308FC55644F8941F70322C,58497,res/animation/effect/tx_liseyu_jiguang.pkm@alpha.gz,1b748759130f6785594719477c3ed041
B1752FB08A6D49EADBA9528BD831EA70,1870,res/animation/effect/tx_liseyu_juheidong.atlas.gz,eb467418a905a10d44c33052abfb4855
F9ECF7C6C194B78643AB503E210A7A63,13146,res/animation/effect/tx_liseyu_juheidong.json.gz,226f23e250732d9b3a7ff4b91f3d03e7
B72DCD42B019F574E81FCD3F571C5FAD,235020,res/animation/effect/tx_liseyu_juheidong.pkm.gz,93a96cc748f231d7b511f775fe5dcb93
12B3CFEDBAC834545F781AFA5F9F4E7B,193399,res/animation/effect/tx_liseyu_juheidong.pkm@alpha.gz,1f915312ff971f57802a6786a8f06e8b
4A34C74C9EED2059B843A475D01577D1,1223,res/animation/effect/tx_liseyu_julei.atlas.gz,28cd0ef25b5ba2a052af266c9a368f09
4C347116B5B19CA653245802D88A8477,4415,res/animation/effect/tx_liseyu_julei.json.gz,7bda1b3c4b172a97f56cbc7dee8030e6
E73A71D56D09F56F1EB4CB63FCDF41A7,276034,res/animation/effect/tx_liseyu_julei.pkm.gz,13591a6df4c019789815abfae47bd974
3BA62064FD15DCF4C0AA5974CCDC21B1,186069,res/animation/effect/tx_liseyu_julei.pkm@alpha.gz,bb4b5dac3d864e8c219b91fb11a91ddd
A8F6FC8B0571D10AD6C192E5EB360458,1442,res/animation/effect/tx_liseyu_leidianhuzhao.atlas.gz,edf09e37df4c4f8c947f074c3b875ded
7731A127013D069924DE171765BE32EE,4112,res/animation/effect/tx_liseyu_leidianhuzhao.json.gz,fdca2b70d01a4a9e22699b6875348a27
2374279546A49531CBB952B09E69AD0D,194911,res/animation/effect/tx_liseyu_leidianhuzhao.pkm.gz,68db894c5b74f0eb834135d222758119
2A72409AD66345272E8585180F24B6C8,141497,res/animation/effect/tx_liseyu_leidianhuzhao.pkm@alpha.gz,3bf2b0ffe19013363fc56a6efb3fcfbd
D563E60B5CB1870A970CE9707AC840E2,1408,res/animation/effect/tx_liseyu_pingshechangmao.atlas.gz,2e06b1f1352bb94feb07ff1de7b6860b
A090EEA33AB5DB853D224E2C9F34746F,4760,res/animation/effect/tx_liseyu_pingshechangmao.json.gz,494dee5da740d4bede1eec2e228f26d5
8D5C2B609C364542383EEE3CFBBE3657,186854,res/animation/effect/tx_liseyu_pingshechangmao.pkm.gz,cd347cc91f8294106a0931d599375871
77355ACFD8D476A39DF50D5DEDEBD341,131531,res/animation/effect/tx_liseyu_pingshechangmao.pkm@alpha.gz,d6c16c76222b9ec1d6cb4bda119523a4
756CAAA1E01DEDEF26C54C726DD92EBF,1647,res/animation/effect/tx_liseyu_pugong.atlas.gz,a3207dc2da528c3a5b398a37acc69621
70EF10D4823257B4160CBFFC97CE7F85,9060,res/animation/effect/tx_liseyu_pugong.json.gz,8b847d02ef896daa6a0803d39b2d2bfc
45D71B342F8B4CCE5DE77C30B025871D,149153,res/animation/effect/tx_liseyu_pugong.pkm.gz,30a0b7bf042a2ad3a012662acd0355f2
3A757143E3E994F10356912A5A767516,111604,res/animation/effect/tx_liseyu_pugong.pkm@alpha.gz,7d1866830849586ce19cc42981e0c39b
16FC11383EDA8D8B3AC6542905FC58E2,964,res/animation/effect/tx_liseyu_shandian.atlas.gz,e128b341658247e43f3772860effc0cc
9AC55FC9ACAE9E25A86D094FD7730A84,1745,res/animation/effect/tx_liseyu_shandian.json.gz,615a898a0921ed7c664e11ecfec237a9
825BC9CBD873A1D2B0106D2AE01F19B4,72528,res/animation/effect/tx_liseyu_shandian.pkm.gz,be8023b7c95fff47c718f72dbad70084
0C12FCEBF66B8848BD0646AB1A315B41,58497,res/animation/effect/tx_liseyu_shandian.pkm@alpha.gz,1b748759130f6785594719477c3ed041
41C1F7A827CA91D3296299B7CDA3586E,953,res/animation/effect/tx_liseyu_shanxian.atlas.gz,094f53c4cd62f5ff394beb44a9fce5f0
BC6EF23B865FE8DEA9E47B61ADBE923B,1346,res/animation/effect/tx_liseyu_shanxian.json.gz,e1788f2eec49a0b84475df367cd6db17
6FC5943DE72DCF34A896A4DAE447F9E9,205521,res/animation/effect/tx_liseyu_shanxian.pkm.gz,d7005c00842c5c789e93fb8abc2388aa
80D89E9D8D4A254002DEBCBA6B6BABF7,172826,res/animation/effect/tx_liseyu_shanxian.pkm@alpha.gz,7db7a21f81dbc1bcf596f4532fcd9ca1
A43B7D957BA155EA369B5159C53F7164,2019,res/animation/effect/tx_liseyu_shenpanzhilei.atlas.gz,9650444cc8614f478d973cfad2d809aa
A10BCCC59CDF6870AF1267D5111E456B,12004,res/animation/effect/tx_liseyu_shenpanzhilei.json.gz,4554bbe8240ee55ab0bc02eb669233d6
4B8FE57F7BA6A70619DF203225F2A1DD,302151,res/animation/effect/tx_liseyu_shenpanzhilei.pkm.gz,af3b245f787148d2ed21894f02841ad3
7026BE10D5EEA56E582B0D2E45CBA812,244164,res/animation/effect/tx_liseyu_shenpanzhilei.pkm@alpha.gz,988c05b96849c553a7074fe8b6e74a0e
6E3A22345B13A3AF2DF8B25737119B1D,1707,res/animation/effect/tx_liseyu_shuzhimao.atlas.gz,766ea140079047686b47ecc2a558bd83
B3053C6D60E909B5DBF01CB904846E14,3845,res/animation/effect/tx_liseyu_shuzhimao.json.gz,7d8a78bfb7452cd9270e5069737a54a8
7F64F216E9A108049D9B8D951ADF3C48,113721,res/animation/effect/tx_liseyu_shuzhimao.pkm.gz,b9d9698dbc7633476555c5981bd508ab
4F78F899E36A22F99684896169A24270,65901,res/animation/effect/tx_liseyu_shuzhimao.pkm@alpha.gz,03df28e47de7419bb43866df7fa4ec1e
B4BCCF5AC993932DD4465D818EA47A13,1230,res/animation/effect/tx_lishihe_baoqi.atlas.gz,faac797f53115ba0284ba32a31a08744
73C70F3F8AB7C7BF545727469982E574,1257,res/animation/effect/tx_lishihe_baoqi.json.gz,0731a750fc979e9025f1cb0dc12e450c
2227050D7A9C6826AE1C3DF5822660EE,397475,res/animation/effect/tx_lishihe_baoqi.pkm.gz,be9255b76a679c6837d726f9de320ded
0B6B51654AD19D7EC90099AA82BD0E0F,409706,res/animation/effect/tx_lishihe_baoqi.pkm@alpha.gz,57dc54f10598eda9edac6499384c09dc
1D34A3F3A4B6D815DEDC181773BB4FC5,747,res/animation/effect/tx_lishihe_baoqishouji.atlas.gz,fbffc9ea344581e93f805570140f16d6
418DACCE5B6229A16430BD541B232852,555,res/animation/effect/tx_lishihe_baoqishouji.json.gz,404d9b4f998646823c2aca15394f55f4
59942A96776C7E852ADF142964296250,156494,res/animation/effect/tx_lishihe_baoqishouji.pkm.gz,a873aedecbf92677acb2645d8988ed4e
62ADC883AA02256F528ED7D52625B408,137670,res/animation/effect/tx_lishihe_baoqishouji.pkm@alpha.gz,9d3299a2ce0b802e718714f532e4aca9
229282BDBB5916BEB105722B25D14766,2143,res/animation/effect/tx_lishihe_baoqiwulian.atlas.gz,e3df9c77fa45ab4e7bb63a2c56a94f2b
67682E176ABAAAC68E42234BD6171BC8,4381,res/animation/effect/tx_lishihe_baoqiwulian.json.gz,139f22a7be1ebfaab29c2dc1b46399cb
018FC98A3A11A9156A3E4631313F8AD2,395079,res/animation/effect/tx_lishihe_baoqiwulian.pkm.gz,a443b90418aaa24f7bd9086a13ee6e80
7836FDAC32C4B4460B89DDE61BB8E7E9,412001,res/animation/effect/tx_lishihe_baoqiwulian.pkm@alpha.gz,3bcd06178356768efa120f8f73cf5b30
50C58AE467750AA1CB2654CBBFCCEC25,1889,res/animation/effect/tx_lishihe_baozha.atlas.gz,982707865fb3b1967f40b935630f14c5
B1A725721C5558D182BD26C3D3988948,6049,res/animation/effect/tx_lishihe_baozha.json.gz,caadac2d8078cde34bfef389e3db07d3
E59E0C4D061938FF59B6EDF133F3B418,758843,res/animation/effect/tx_lishihe_baozha.pkm.gz,4d4e0356b3ca3acd758d0cb1facb30dd
4EC433348DB4BEB5C68A6AD74A2B30D1,545904,res/animation/effect/tx_lishihe_baozha.pkm@alpha.gz,05d53b80687e2e4596050bafc4ccc65d
C1165F9EDBD85FE6817C6FC8829F5167,846,res/animation/effect/tx_lishihe_bishabaolingjian.atlas.gz,4b6fc9c6b245febab1212de78de1e3fe
146359967C02604C53FF61BD55FD8089,4395,res/animation/effect/tx_lishihe_bishabaolingjian.json.gz,0702d1eaddade868d7a87738f1b58147
069D40A1967A66328AE4A75E47E780BF,201540,res/animation/effect/tx_lishihe_bishabaolingjian.pkm.gz,81c43894e5c8ff303cbba3db546ea855
F13F8C8AAD97ED4F696BECD53B0D756A,140235,res/animation/effect/tx_lishihe_bishabaolingjian.pkm@alpha.gz,b450c5b9f89a864da59a5e146fb634da
06E711B6F15938EC70C4206210D4561D,1021,res/animation/effect/tx_lishihe_bodong.atlas.gz,036efba84125ef681b35f0777757e6ac
5930530A0566185AB9B5AA1E6AD59EF5,1030,res/animation/effect/tx_lishihe_bodong.json.gz,a7560a030be14b4a900409bab2e7ab76
8D50ED7B5DC80C6EC3664607BD2C3995,332988,res/animation/effect/tx_lishihe_bodong.pkm.gz,fdb1c7c1a382442686dc736221d58340
F2D4C77122824062AD8C855C5C9E0035,272437,res/animation/effect/tx_lishihe_bodong.pkm@alpha.gz,1a6549b793f9694f102b748a7b6bee3b
62055B8B69DB0F0A2BC322CF627CA38F,993,res/animation/effect/tx_lishihe_cangyi.atlas.gz,2857db32f7135859950ffbbd5581a7a4
D1D4C7BC627099A86D1E7989B58DA3B3,2114,res/animation/effect/tx_lishihe_cangyi.json.gz,1c169a589da0a9f72a6c501698effc95
3E90199D48D469095D53F16DFF0BDDAA,182737,res/animation/effect/tx_lishihe_cangyi.pkm.gz,9210bb013d9cd588a990e875fb7e0f3a
B7918895467FA4AA0EDA5469EF0C03FC,123952,res/animation/effect/tx_lishihe_cangyi.pkm@alpha.gz,2eeb814aeb7b221bd4f23b21043d477b
82D2CEE8CCAB3295A3D117EAFEABC299,1343,res/animation/effect/tx_lishihe_chaobodong.atlas.gz,d768d4c978096ef48fec87d755596f46
84EBBF8B7A8D14C6FBD5F84C387519AF,2001,res/animation/effect/tx_lishihe_chaobodong.json.gz,bb3767660d32304183ffc59a2b7754e1
1C1B3A68414D7D8A610CEEC751470BA9,407284,res/animation/effect/tx_lishihe_chaobodong.pkm.gz,3059975e97b83e94c9844e0c16c0ddc6
AD40EFF1CD7A874834026C7A731ADEDD,287882,res/animation/effect/tx_lishihe_chaobodong.pkm@alpha.gz,4126027240f7bccbce1ab42dbadd670c
7EED7022109036ADC32FFB64539D0975,788,res/animation/effect/tx_lishihe_chongzhuang.atlas.gz,ce351ccdeb163102f7c6020fda84bb22
B8FA0FF7C8E83733F620E6227233FD6D,959,res/animation/effect/tx_lishihe_chongzhuang.json.gz,9effb703ac34eeba3df7f0224f1f3825
AD607E9F56CC2AF5CDB6C767563D90E5,146290,res/animation/effect/tx_lishihe_chongzhuang.pkm.gz,67b40009cc692035bd1c8a671064e810
C54B0FF76E7DD3218BCD08A1DE84B2FC,99294,res/animation/effect/tx_lishihe_chongzhuang.pkm@alpha.gz,5d46827c60c5265f8858f5fb4dee50b5
34BC79538AB012FEC60B577756F32BB8,1153,res/animation/effect/tx_lishihe_ciyuanqiege.atlas.gz,e3cda09d46e7eea644cf3d5d8dc7ed4b
AC61E158CDF7B74FA2AC58A725928B7D,8520,res/animation/effect/tx_lishihe_ciyuanqiege.json.gz,05c4c394c729fac1cc149d0418a11de0
3EDE1DB45D3C420762DD5B689A5D2B86,218707,res/animation/effect/tx_lishihe_ciyuanqiege.pkm.gz,5f0e0cc0383a9a0049d483ffcc51fa03
731653D11C6F6C4578882468D0DE3F29,116217,res/animation/effect/tx_lishihe_ciyuanqiege.pkm@alpha.gz,74b7c9337624b6f0e2f71cdccc2181a4
2EFECA90DBB67F5EBECDA6421798EAE4,1349,res/animation/effect/tx_lishihe_cuozhaobaozha.atlas.gz,3692c3c4562d16d05f132daa3c6a0f67
6C616F191E33CB75EBC1DF76AFE63D4B,1569,res/animation/effect/tx_lishihe_cuozhaobaozha.json.gz,ea3aabfbbde6b81832c5fa9cd7ea3cf6
D106A3CA7C7CEBAD7DCFEE9406E074C5,125599,res/animation/effect/tx_lishihe_cuozhaobaozha.pkm.gz,a358369accf19c4692cc16127d887797
1E42E93210D851897582C4D8F9CD3BB0,188955,res/animation/effect/tx_lishihe_cuozhaobaozha.pkm@alpha.gz,ba4a139f4b58f496b0b03ffade7bb66d
27094A7DE0235C150B15799A05607F88,900,res/animation/effect/tx_lishihe_dazibao.atlas.gz,7eb20b7794aa7c1913c405e3ca6fdd31
0236EC1C34EFD95932D4D2E33691AA4C,1185,res/animation/effect/tx_lishihe_dazibao.json.gz,9bd52c900f0ea1b452b2c4790ffdedc0
B4EF3C05EA0A4B27855CB8E4623831F5,222395,res/animation/effect/tx_lishihe_dazibao.pkm.gz,6bafbf3f3f4c6e58f61c27e59a0d2443
C5CAEDC657982E412C4F124E72040345,158621,res/animation/effect/tx_lishihe_dazibao.pkm@alpha.gz,73cf5a92d5ced2cf5c82f46e089829a4
5848C6D8175CC799F92482156AC616D6,589,res/animation/effect/tx_lishihe_dibo.atlas.gz,0139aff658174edff41a15b6d0bb97b1
0A2E1D810C2B7583AD0DF2FD6EAE1F1A,790,res/animation/effect/tx_lishihe_dibo.json.gz,2b8e3fb625322103d82ce525b9f12679
A1AEAF921F8E2F953B64C5F607B3C17A,75997,res/animation/effect/tx_lishihe_dibo.pkm.gz,589757265223dadb6af8d91944c01666
FC61C6E619151DFCB0AADCCC6ECF93B2,88511,res/animation/effect/tx_lishihe_dibo.pkm@alpha.gz,cf2f8b5c3219e0befdeffadee3ea9d26
B5316549B271C09E5EDD846E9EFAC4EB,1118,res/animation/effect/tx_lishihe_dihuo.atlas.gz,eac089215e0453e7363b82edd6c9e6ef
334C964392524C335157744D82EF6FFE,1812,res/animation/effect/tx_lishihe_dihuo.json.gz,ff9cac90ba079cca6a261ba18b52eca7
2276BE3F5DB619998EC74B251655970C,161544,res/animation/effect/tx_lishihe_dihuo.pkm.gz,42db00688a3622872fbb661e139c46c8
F2EA13AFEDB11643A58CE406AACA65CC,135096,res/animation/effect/tx_lishihe_dihuo.pkm@alpha.gz,7d82089227de2962764c98d133dfc5ec
E33841BFC6C6A8114866972F9341363C,975,res/animation/effect/tx_lishihe_huoyanfensui.atlas.gz,1d45e617f5e7bfd6c3d5248bcbc3f505
CC420A2DB42017ABEA00C4C1252F8058,7107,res/animation/effect/tx_lishihe_huoyanfensui.json.gz,2d09f4aec6416f05b81422a2a749005f
DC09662A9C524D776272E7300F402092,257574,res/animation/effect/tx_lishihe_huoyanfensui.pkm.gz,d6990a11dc19ad1340bc6f5ce40b1442
A52C9CA62AA422584E657D414185627F,246520,res/animation/effect/tx_lishihe_huoyanfensui.pkm@alpha.gz,0da025f452a5ec57dde2f7c033ac2ceb
F60026F1BE9D367BEB3F2241786684E8,2692,res/animation/effect/tx_lishihe_huozhu.atlas.gz,8c39509aa01aa2ac1495d6c42360cbb5
4320A9164606EE8588C93ABCA2CB8651,5135,res/animation/effect/tx_lishihe_huozhu.json.gz,73d559c8a44e47f00e55173437fd5724
2C4EFA52E1836EB9B9E3B47E835EF387,532936,res/animation/effect/tx_lishihe_huozhu.pkm.gz,3238498bb06e7e1afa1ffa1dd010e59b
F859A6D78CF6631D594981326E0EFF95,451979,res/animation/effect/tx_lishihe_huozhu.pkm@alpha.gz,deef31ab16606d33a5f8490e48e348a5
71CB32BDC49979EA5FF18047CFF9C34E,710,res/animation/effect/tx_lishihe_kongbaodan.atlas.gz,98c23b8a85a8666156574a88f2f0d462
88D281F3EB43ACBCC64E97FC8482641A,1822,res/animation/effect/tx_lishihe_kongbaodan.json.gz,25ca09a3e842a2daecd9b3043c3972c9
DBD04D22C5CB19DC0E51E8704AD55D83,411513,res/animation/effect/tx_lishihe_kongbaodan.pkm.gz,f5abded827e1505f51fdfeaa1ae33c84
B04576F73E058114358E8F9F8297881A,287540,res/animation/effect/tx_lishihe_kongbaodan.pkm@alpha.gz,d4be5af2d301a0c9bb97d1c06bd868d0
AC4FE328A1431F346903FEFD563F6B2F,609,res/animation/effect/tx_lishihe_kongzhongguanchuan.atlas.gz,ddf4e06108a01b34976530894b2116fc
5D3DF8E38889EBEAB39519628583B95A,3133,res/animation/effect/tx_lishihe_kongzhongguanchuan.json.gz,4a063f4bc020ddf51ae53cbf04d92df3
B764D45A4EB9DFAD88D8452F793F438D,15181,res/animation/effect/tx_lishihe_kongzhongguanchuan.pkm.gz,1e8f99bed78d605302962314397074ed
94DB898CBDC6853200E45DC18557EC18,13000,res/animation/effect/tx_lishihe_kongzhongguanchuan.pkm@alpha.gz,224047cfbb481af334badbe97670f6af
D406A6B4BDFBC2D5E2AD26E027BA63FD,1255,res/animation/effect/tx_lishihe_lianhuanpaoji.atlas.gz,8db70e41b7b17e5e4a7c2f5ae75377da
847882AACD08214DB19FE38641D38E02,3747,res/animation/effect/tx_lishihe_lianhuanpaoji.json.gz,190ecbfebf5ab5639213c0a8d4df246a
6074BB921DB1F4C508D07513442A59C7,250378,res/animation/effect/tx_lishihe_lianhuanpaoji.pkm.gz,409f418bf58251337beda331161a8651
67D69EDCDB2060207151E1EEC1A71355,173496,res/animation/effect/tx_lishihe_lianhuanpaoji.pkm@alpha.gz,9cbde2d2ae939072677d71ef7572d4ed
7C2D1A1EA9CC242E7942934566BF9BCF,815,res/animation/effect/tx_lishihe_lingjulipaoji.atlas.gz,479708154acb2895bef78c31aa4c0b91
801994FE024FA26CA096A7F7FAA1CD64,2626,res/animation/effect/tx_lishihe_lingjulipaoji.json.gz,5bce23aa3f2924abd0f7915fad4eb7e2
F09E653247817ADC8BBD0459407736FA,71841,res/animation/effect/tx_lishihe_lingjulipaoji.pkm.gz,683fa9a4f76b8a8062b3cf4b8cce5a41
2BF8AA225A228317A8BBB09ED0AC0531,54636,res/animation/effect/tx_lishihe_lingjulipaoji.pkm@alpha.gz,c7226999029121cd5e6aae7dd0d3fe5b
E83CABFD2F8C7284BB5BA1DE402F29B6,885,res/animation/effect/tx_lishihe_liulianzhan.atlas.gz,52c663c032d466c83b006c86e55cbe74
FAB65713268F3029CCF214A107132778,4297,res/animation/effect/tx_lishihe_liulianzhan.json.gz,74f3924659bf2fef5c34be4deda896f6
6BB1C8FC117C0C96A2F6FB4B9E11024C,209955,res/animation/effect/tx_lishihe_liulianzhan.pkm.gz,caecea321175a36fe374d9e41a42c3e4
87B8BB6E94378FC10FCEBB5BCEB269E7,140235,res/animation/effect/tx_lishihe_liulianzhan.pkm@alpha.gz,b450c5b9f89a864da59a5e146fb634da
FF706C5143F6C87B2933E788EFC4963C,1164,res/animation/effect/tx_lishihe_longjuanfeng.atlas.gz,9b2e3adad4d66f213329e686930b766c
687C29B30E8A3B03E8E84C779E8ECCDA,7902,res/animation/effect/tx_lishihe_longjuanfeng.json.gz,685189ec3838c8ab304c86008cdd2d85
5922C2060B12DE1CFFC52D9253235678,621643,res/animation/effect/tx_lishihe_longjuanfeng.pkm.gz,22e12eff18f07fe2099f167f475064ee
A549A873247266827BBBCE7AC086C365,489574,res/animation/effect/tx_lishihe_longjuanfeng.pkm@alpha.gz,45472c917cb7c332a85ee17c75313dc4
775E354284E7F3E9C419AB78400322F0,1872,res/animation/effect/tx_lishihe_paoji.atlas.gz,d4e4963502446d969f3c3557650b82ac
D9B74AA729D6B4E6826FD611C3C75BAF,9101,res/animation/effect/tx_lishihe_paoji.json.gz,2f0051d59ae3e3a2339df48188b40947
8BD98AE22E14BFE13C30E4BC5466F27A,666954,res/animation/effect/tx_lishihe_paoji.pkm.gz,cd909baf07849d39cd13ca176f90073f
A34858A292315F6D933C72A3FEA8ABDF,538421,res/animation/effect/tx_lishihe_paoji.pkm@alpha.gz,cb43e2fa9f93bc60dbf484ff2d1eaaa5
E73705A2849F2ACCBEA176873301AD72,982,res/animation/effect/tx_lishihe_penshe.atlas.gz,971490bdf963362aefacc8d04d6c381c
155AE459971FD418679CCD965E91625E,1342,res/animation/effect/tx_lishihe_penshe.json.gz,172f854755344a70bff68d559e49be58
E1FF3C11DD64E6CE874D8CCD8EFF66C8,334813,res/animation/effect/tx_lishihe_penshe.pkm.gz,0fb166dc99caef675b6bafcda8888e2f
BEEAEA04091A38CEEA677C15844DF9A6,253441,res/animation/effect/tx_lishihe_penshe.pkm@alpha.gz,7ae37c75d7514d3d9584a683983678c1
3C06BD983455CCA4758C7E67E0E30C8F,705,res/animation/effect/tx_lishihe_pugong.atlas.gz,472852407d551669f758dd4da842f2cf
F7BBC235BF72C996B741C1AF8F37099C,3764,res/animation/effect/tx_lishihe_pugong.json.gz,e7186a71acd6a014f0aaae215a2a1d61
FB95673743192E0801233EBA44CC76AE,170971,res/animation/effect/tx_lishihe_pugong.pkm.gz,16eeaea880c709988939fde5f8ace99a
63B9FF67C2962E31CCF9B9849334A8DF,122937,res/animation/effect/tx_lishihe_pugong.pkm@alpha.gz,142ce90740fa2d34faef3b812385729f
75DC89C05867C1FD9E19863F48DF8FA0,969,res/animation/effect/tx_lishihe_qianchong.atlas.gz,3d4b016dd0c13466f6fcde25fbc7525b
C6A7131064E3709A876ADC4FA366D18F,4693,res/animation/effect/tx_lishihe_qianchong.json.gz,dc7e4ad45ef7e30e085a484f78feaf20
3169D1DF83CF1B0C327E9B20FBB48273,114957,res/animation/effect/tx_lishihe_qianchong.pkm.gz,0cd7039c1282c3f3b4f3353fea5000a4
FAFC0FB0103E0FF6D054268A96BEA853,91893,res/animation/effect/tx_lishihe_qianchong.pkm@alpha.gz,c22f05fda7fc3130025b73ef773a9f96
66F70FAD18A36B1ECD9618716FECCEAC,317,res/animation/effect/tx_lishihe_shanbi.atlas.gz,d884f6e4db89329256a39921b7beb810
CB57234F0727ACA65FB17563BE7C50E5,1395,res/animation/effect/tx_lishihe_shanbi.json.gz,d8f6b7e86bed99a4ae6f2cd14fa50d4f
A01643B16AFD4FE5A6F2D1E4FC96DE89,17019,res/animation/effect/tx_lishihe_shanbi.pkm.gz,af9449d1c3ea8959aa1de2a68d17ba6f
B5AA6CD14D409D90689866A5477D44B1,18157,res/animation/effect/tx_lishihe_shanbi.pkm@alpha.gz,3870fd6d817e6668ebb79e045bdb22ec
E9CA07E35AD8ECA2D9BF0CBA5DC2ACBC,949,res/animation/effect/tx_lishihe_shangtiao.atlas.gz,48c38ce671b68f44965f9f8a401c079a
A6A0265B672A01EB06EA13597D0A7424,1055,res/animation/effect/tx_lishihe_shangtiao.json.gz,c2867dc689cb6da47bc3d7bbe2369b0c
B4658C1138754BA76C37E5E920168E55,202718,res/animation/effect/tx_lishihe_shangtiao.pkm.gz,1c5e0e025387c0d64c2e87d1eb94902e
EE2624BE2E1A882C0D7A7C247DC024B5,154347,res/animation/effect/tx_lishihe_shangtiao.pkm@alpha.gz,699ef322f7295eb319664ff669fea64a
1CE126A220AAB72A314E5FAE9F33398B,891,res/animation/effect/tx_lishihe_shanxian.atlas.gz,cbc7322ddd028102810fc6ffa1292e23
2D2F98CA1B3AFA70EE9231536DBCA0E6,1916,res/animation/effect/tx_lishihe_shanxian.json.gz,a691c8348f0be75db295ee5cea125013
9929AE175D9781EC93ECF9DB661C491B,122178,res/animation/effect/tx_lishihe_shanxian.pkm.gz,82b2c6a5062081506407c8205e55f674
A2128A2B981D8B6664B893CA820EEC9E,69977,res/animation/effect/tx_lishihe_shanxian.pkm@alpha.gz,d713938c486bbe745d5620e845164ae6
EE6387B398FBD0444B75BCBF4BE371F9,1208,res/animation/effect/tx_lishihe_shenglong.atlas.gz,2878c70d0244586d8f85f2691f86621e
90BBB80A97F2EF3CAA40205B0A5CAB36,1707,res/animation/effect/tx_lishihe_shenglong.json.gz,31eab53d63978142d9c63574a477fd19
45FC5B17BE933EF733F6E3343DD8C1D2,127266,res/animation/effect/tx_lishihe_shenglong.pkm.gz,7bc73b6dc026ad60e7dfec99654c1cd6
9A9DEB33F74323E827FEC4473994DEEB,90664,res/animation/effect/tx_lishihe_shenglong.pkm@alpha.gz,4df8adc58e1f7b0f51e3bc0c4dc63fd0
FCFB1A296E39AD1D3BDD0ABC371F5256,1054,res/animation/effect/tx_lishihe_tianfen.atlas.gz,b6e213ec8a49a5f0cdfb16ab37dd87cb
29C33AE43252EE91D0E64788FAA1E142,5127,res/animation/effect/tx_lishihe_tianfen.json.gz,b29abbfa9a97232d5db73f37ea324ee4
500603F86B29D0F76FC1E08279C082A0,296534,res/animation/effect/tx_lishihe_tianfen.pkm.gz,c7abbc04cbf418c0cc03ef7925ccda69
21D80AB43A3FBD87B76ACCEF06BDB6E7,209025,res/animation/effect/tx_lishihe_tianfen.pkm@alpha.gz,ba39f9f9b42e45dd19ed315e250bb7d8
5DE38C17AD89BEC2300C683891AD418C,1103,res/animation/effect/tx_lishihe_tianzhan.atlas.gz,a2ca996328420a1670aee3e8f68fb58b
E683C7E0A300EECA9C6E72C388B3A983,3458,res/animation/effect/tx_lishihe_tianzhan.json.gz,ab1dadb6a90889027d0e4e5671ff25d2
D0E43250E963899CCA489D945EA9D475,414831,res/animation/effect/tx_lishihe_tianzhan.pkm.gz,65952484d06851a51fc104b6e89dc276
F69B9F9C9B29B5E25C4423C7706F2DE4,292604,res/animation/effect/tx_lishihe_tianzhan.pkm@alpha.gz,e10aeb77ae5e03b76f1b29a1db24ad44
24685270C63778789CB91BB668DECD73,1600,res/animation/effect/tx_lishihe_tiaopi.atlas.gz,8623c73628d5aab172092650f4d49dd7
BD91E34589F0F221B3D38528B3DCA376,10615,res/animation/effect/tx_lishihe_tiaopi.json.gz,37c88ef257f08ad794f2c0ed198c44e9
D2778DE26F5518FBFE8623693E930A5E,305136,res/animation/effect/tx_lishihe_tiaopi.pkm.gz,cd62961e1987f0d6afd7701dc53b3385
50AEEA91289617A04C79EDE64DCA5EA2,235922,res/animation/effect/tx_lishihe_tiaopi.pkm@alpha.gz,be6593337d9f231dbb6613df165fea37
F2863C6A79D3F6B094FA36D0C2EF80D1,1357,res/animation/effect/tx_lishihe_wulian.atlas.gz,e184b392cb5deee5422eab70bf18c95f
50E9E7A88E47C2FCC5B64349592AF37D,3094,res/animation/effect/tx_lishihe_wulian.json.gz,9e4e0f0bd847d8646c76c595ebca0644
414C8B5D3624903B457D5743E8FDE90E,417664,res/animation/effect/tx_lishihe_wulian.pkm.gz,9b2337447478c4bf1b2bf076289478ea
06A9429F776D08CF176158FBF2ECFE88,275822,res/animation/effect/tx_lishihe_wulian.pkm@alpha.gz,47b722aafcedd45cdee67ae6108aa8e2
BE328FFB22C7AEF3D13EC2F0CC186C9F,1179,res/animation/effect/tx_lishihe_xinpugong.atlas.gz,df0c57dbf21c8a3ac6556896df70baa3
2E4BCE61558E15FFBC6D438D116F1F1F,5392,res/animation/effect/tx_lishihe_xinpugong.json.gz,942988ce3060116b599f882502148e2d
C66CC49B1F6023E9341EA9F8D7CB6B32,269938,res/animation/effect/tx_lishihe_xinpugong.pkm.gz,576f94928dd0ba5fcdddc94fb01624ad
DF9CE016A0E23021109DC7B90082868F,228272,res/animation/effect/tx_lishihe_xinpugong.pkm@alpha.gz,85cf0b2634c827c963776caf5b661e6e
B09B575B6DF47B8FCED4723A4B46C7BB,437,res/animation/effect/tx_lishihe_xuli.atlas.gz,d07159d37d62a4a39eef9c6a48b8bcc6
CD7FF541C3643422A753BF44F6FC174F,1430,res/animation/effect/tx_lishihe_xuli.json.gz,2794ff9b9db6bfef85664a5cbfb5611e
8AFF76EE107F41ECC4C687C1F4091B73,14673,res/animation/effect/tx_lishihe_xuli.pkm.gz,d56cb7dd94904c6e06906410a5171a4b
096ABC553D7A870FC7883D1A10B28752,11556,res/animation/effect/tx_lishihe_xuli.pkm@alpha.gz,2b03e323d563218d4bb4c7874279c9a4
9DB50236B222541BC6C73D371D715E9E,1086,res/animation/effect/tx_lishihe_zhalie.atlas.gz,9b8a7b321b5e3baae8a0f5e4ac519c97
DDC2145758C40BC76BB8E7B4FEAF2AA3,18494,res/animation/effect/tx_lishihe_zhalie.json.gz,fc76dabdac2791f2e408a3ed97476ece
4CC4A31AFDB43C253E66305D00B85F0D,190058,res/animation/effect/tx_lishihe_zhalie.pkm.gz,03702a3ebfd4ea9775dde77806e129fb
DDCC3F94D0BF27F5E0D808B40EE53496,143351,res/animation/effect/tx_lishihe_zhalie.pkm@alpha.gz,0467781e6f93206de5798df8e5fd2dc9
283C07BB97146626B2546C024EB843E0,626,res/animation/effect/tx_lishihe_zhongshi.atlas.gz,5c756804943dc760b0e3fc825e379fd8
6DD5D100817F981EDD604A12E388E51F,724,res/animation/effect/tx_lishihe_zhongshi.json.gz,14d40cdef5a416216e6c148b8bb8588d
506AC4A74E8B72323AB7873E680B37CA,279262,res/animation/effect/tx_lishihe_zhongshi.pkm.gz,81559b7e48bc3df37da867bbbfe473c9
0CC866B8EAC7CF3DE9A30E1BD565C1F0,223603,res/animation/effect/tx_lishihe_zhongshi.pkm@alpha.gz,8a342cfc45e3f932a47a43e88ab425d1
EF47864B09C6E23CF8C40075411AD54B,909,res/animation/effect/tx_lsh_yuanzhen.atlas.gz,3c1d3d7069963b343fab2afd34806d89
E10F429F88BC40AB198A2A2A3A3C90EF,2335,res/animation/effect/tx_lsh_yuanzhen.json.gz,27b86eb7411ce2640a77d2318b3e2353
66B8D96F35BA4024CD0D06AF0BC59D2B,145301,res/animation/effect/tx_lsh_yuanzhen.pkm.gz,fdaa3f8bd131113bf674c7cb2064d198
90B8F3FF2F7B3B04773FA70C4329F7D0,119509,res/animation/effect/tx_lsh_yuanzhen.pkm@alpha.gz,7c8c7b16cec9541ef7356cef72db2b88
F365D7E76880994E98C70285FEF0C5B7,749,res/animation/effect/tx_lunren_texiao.atlas.gz,213f425f22d7bc85aa695ba72f5ee47a
EFB00FE89DAE7F41406B9842B6B351C2,6184,res/animation/effect/tx_lunren_texiao.json.gz,01f61d57e245be585677506eec4ced4f
75A2C7D6B5B24CCA569B217032BA0270,192061,res/animation/effect/tx_lunren_texiao.pkm.gz,b67ab2526025bedac5b589f67a38f295
9BD36F3B69EE577523EDB8DDF4A8F0E3,197839,res/animation/effect/tx_lunren_texiao.pkm@alpha.gz,62f963df6de330715a93f4157e3d4c91
D3A968899F5E82DAF7DACB609EE32D61,1072,res/animation/effect/tx_luoyingbinfen_miekongjian.atlas.gz,e84fcae450bcf3f4d0aeee9ee27242a9
8993AAC353AAC61028688750B8A70B1D,2074,res/animation/effect/tx_luoyingbinfen_miekongjian.json.gz,41613257221a382645f5ac044dbd2d74
8D203B591FDFE3525ADF1BC065587A26,1076906,res/animation/effect/tx_luoyingbinfen_miekongjian.pkm.gz,1778f1e2f341fa5a81e965175c5ee141
CAF800A3E2D939A4EE76A6C57F032D48,809622,res/animation/effect/tx_luoyingbinfen_miekongjian.pkm@alpha.gz,9bf2f0b7803b739d21c92e97adc0b008
8290F509F043E3E14FD4DE92ADDF3A6A,17708,res/animation/effect/tx_luoyingbinfen_miekongjian2.pkm.gz,a5893164ac0f626e57e5dc16e8245b11
15C0A178D2A62E04C2B5E715DB35B65A,14799,res/animation/effect/tx_luoyingbinfen_miekongjian2.pkm@alpha.gz,32ce8cd7d4ee96e697d12474a33ed327
A6B930EF8893A3B427F662143298701A,1886,res/animation/effect/tx_malieke_shenshangdian.atlas.gz,54b03d3ceaade7c65f56abad69f2f1af
A64BE0ABD2567A7FCBEB4E9A94C43FA8,3619,res/animation/effect/tx_malieke_shenshangdian.json.gz,d13f8ed628ab186af4b29a25eabf5796
1F5059AFA06AA5BDC753CAF88F031E18,105630,res/animation/effect/tx_malieke_shenshangdian.pkm.gz,03d25632cfe41ae2e5923495b1a75683
0CDD22073688B4397DB1E6BA87470778,118425,res/animation/effect/tx_malieke_shenshangdian.pkm@alpha.gz,d5b7ffbd4d1e8c7187e555cd92074341
E5CDFAD4E8918B6DA345C00D1DECB107,888,res/animation/effect/tx_malieke_sidiban.atlas.gz,a40f6ac819698f298e2f435cef7e83ce
00F18597CBCF6A61124EB12523CE0C79,1370,res/animation/effect/tx_malieke_sidiban.json.gz,7b8365d09a5ba30ddc4998cae53c2a9f
BD2E667F048A80BFFAFB566D9E6FFD2D,26726,res/animation/effect/tx_malieke_sidiban.pkm.gz,7e2af87cceefad9bfa41af83f05ba978
519FCCFA007B4D54A47879C317371123,20119,res/animation/effect/tx_malieke_sidiban.pkm@alpha.gz,325088ff795199dea43b7c09541f360a
7C7CAA31A99486F100CE710FF6223AF0,1249,res/animation/effect/tx_mengmiandaoke_jingshi.atlas.gz,035e153d7437bb8cc66e870adfb5d359
602CA4623AE356E0BAECC4BDF3F6EC36,1918,res/animation/effect/tx_mengmiandaoke_jingshi.json.gz,1c68e8538bbfbdcb93677611813e12e2
B72669DF3725E5FE8EFB58B3D8A243BA,214323,res/animation/effect/tx_mengmiandaoke_jingshi.pkm.gz,26c8a589c79ccb7e0d1c17458fdeabb9
6F32423050109ED4B802590D6B21FC6E,256644,res/animation/effect/tx_mengmiandaoke_jingshi.pkm@alpha.gz,5af2571847df9b17bc02c5fe1eb652ed
C6A86A94818F18C607629256F42517FD,751,res/animation/effect/tx_mengmiandaoke_juhezhanjianqi.atlas.gz,3986ca404902be43070a64e98345853b
D12514861CB32889783B8613253B4567,726,res/animation/effect/tx_mengmiandaoke_juhezhanjianqi.json.gz,5702c285ac54c91a6852de6f70301f8e
1B00F3CD315833779EC88F1C2AB9404E,218809,res/animation/effect/tx_mengmiandaoke_juhezhanjianqi.pkm.gz,f6f7c4e836a2836f679f2ba0572a26cf
725AC369084CB3BEE6D21C6269D9A86F,239859,res/animation/effect/tx_mengmiandaoke_juhezhanjianqi.pkm@alpha.gz,d503a31976f19e01d1d268f7e896a3cc
B30CA5DE8C0C95B59E16C85068BA9A25,1736,res/animation/effect/tx_mengmiandaoke_sanlian.atlas.gz,93bd880efc7c324e52d19f8d8f3dbd2a
F443C345BB05128DCC4F6BFAF81BC843,5478,res/animation/effect/tx_mengmiandaoke_sanlian.json.gz,16038c39be212ad0c9b2499c56511a2e
80ED0FB0417D21A8B6B16B6493FFC101,313980,res/animation/effect/tx_mengmiandaoke_sanlian.pkm.gz,ba861f2e566c1d05e5f5a526404be704
2DE7BE42EC8A95100F9B5B97F0BEDE01,339404,res/animation/effect/tx_mengmiandaoke_sanlian.pkm@alpha.gz,5b6bf78b498011de7f02ab8ad34d7ae1
21F6D04E3D6AFC2B6D2B5244281B0407,1747,res/animation/effect/tx_mengmiandaoke_sanlian_juhezhan.atlas.gz,eb7ebca58995ebfb341bcf4419994ef4
7883432914C52DF9C6EB1A6019270B07,4315,res/animation/effect/tx_mengmiandaoke_sanlian_juhezhan.json.gz,fe19cc19404b7b1fa8080ea9cd937427
E1CBC74681D7407BF5C4908B0A66932F,233160,res/animation/effect/tx_mengmiandaoke_sanlian_juhezhan.pkm.gz,67a22eeb0543a74f02dcae1d9571b20d
B1968EC4F047421CD8F483984A190E4E,341145,res/animation/effect/tx_mengmiandaoke_sanlian_juhezhan.pkm@alpha.gz,acc930f5307f520378a4d8aba7155417
AF1C532929DA0267E63EF965FC9F722D,1220,res/animation/effect/tx_mengmiandaoke_yatu.atlas.gz,ca9bf5dfe6e1d2f592a0f59b130c3066
7137C9AD6BE4D5CDE74093D148F66A9B,2219,res/animation/effect/tx_mengmiandaoke_yatu.json.gz,7a82e81723042b2b174ce346d93ebc97
2935F5CE0DFA2C92CCD452326FB61AF1,221518,res/animation/effect/tx_mengmiandaoke_yatu.pkm.gz,99dd7494e5c793c911907e35e9871544
B5E29330924645F1CAC3C5636651C1D9,262183,res/animation/effect/tx_mengmiandaoke_yatu.pkm@alpha.gz,35f4431a4f72d43ab54630821a56f736
B217D72F7F38AF3A801E140CBADAA20F,1850,res/animation/effect/tx_mingjieshizhe_men.atlas.gz,6f10e9551b0013dccd009991482ed980
02AFE8C06397862CDFC007F7E9A21583,20659,res/animation/effect/tx_mingjieshizhe_men.json.gz,0744148aad417d00bc1c6d4be4dd27b1
29D73BDBC0BE93026E138B423419E3F6,442456,res/animation/effect/tx_mingjieshizhe_men.pkm.gz,3e95d0600432811c890e966dae873f6b
B9C41BEC1431ADD03677D8BC24F38E6F,245580,res/animation/effect/tx_mingjieshizhe_men.pkm@alpha.gz,3208f74b46b4b9a94813384b8b3b280b
FC8529D337B945013F4743361E1D3DCA,314,res/animation/effect/tx_miusi_chongci.atlas.gz,06b2aee6fecc53c54456e62eaf40a17b
82C2A04AABC22D1DDB0F0CAB325A9821,2176,res/animation/effect/tx_miusi_chongci.json.gz,b40dda383cd173806de91ec46112964b
8D6F74C26826075725C323EB73C80FFD,9105,res/animation/effect/tx_miusi_chongci.pkm.gz,08e8e38dbf03c0440a2504cc0cdec3da
E833949FA83047FAF31DDAA04EE5A971,10055,res/animation/effect/tx_miusi_chongci.pkm@alpha.gz,f16d306c6b645d5ada9ac9abc3bf9188
2C42727EC7D87589FFC6B5B2F9DBA26F,965,res/animation/effect/tx_miusi_chongcihuoyan.atlas.gz,6952d0f7ee550e79f26d175bff07e11d
95B487BE7A1851C6E160E9E6BE0375ED,10861,res/animation/effect/tx_miusi_chongcihuoyan.json.gz,ba277f4961bc3d2177e73010083c7b4c
09C86E8326A966A8C34CE251D6BAE2D0,176344,res/animation/effect/tx_miusi_chongcihuoyan.pkm.gz,496df7af0b2c033bf87e2f1d1af49ee2
7D333CD0050D516C4D0B7C2D193DBC38,134598,res/animation/effect/tx_miusi_chongcihuoyan.pkm@alpha.gz,33817a1be09c1ee8dd09347e5c8185f6
5F141B41110028F70DCEA772F2B51B41,591,res/animation/effect/tx_miusi_erliandaoguang.atlas.gz,33a15a8f0c33a71a6f58b2d199a1f858
6BA7F34D6C53601A49EB3FB919F9721F,776,res/animation/effect/tx_miusi_erliandaoguang.json.gz,e3f1ecf08e29bac1aa0782e2e4a5cd6e
B191879E6439BBD3CD5CA601B6A1B292,48986,res/animation/effect/tx_miusi_erliandaoguang.pkm.gz,05cb14283e8942423e36803a6dd7a86a
6826D308FE5045CB7E150CDB24C664F5,43545,res/animation/effect/tx_miusi_erliandaoguang.pkm@alpha.gz,9010cb455bf25ee702b0aacd532d00b3
91C57749D4C2D4BBFE2931FBC83E464D,1903,res/animation/effect/tx_miusi_fuyoupao.atlas.gz,17ad5f7098144b7cab4dd52dc02ff57a
CF852CD880BB7DBB10A1AEE0A3C5C5E5,8737,res/animation/effect/tx_miusi_fuyoupao.json.gz,09387138bc7d2b6f5894b809becb30e5
95F7FF09E03211AB93E9C2FF1CFA09C7,355954,res/animation/effect/tx_miusi_fuyoupao.pkm.gz,83373203136d2a82971be7a3f9319342
460B4FA44E45A359BF4F06A8CE1364EF,275625,res/animation/effect/tx_miusi_fuyoupao.pkm@alpha.gz,73809f4d959a12f72e4215e1ce0b07ba
1A00B3A4E81ED8D4A11BB1A5CA15436C,1188,res/animation/effect/tx_miusi_fuyoupaozidan.atlas.gz,9283d8034f0e39fcf5161169193fa085
239EEF6B48E57D82847893385427A879,2430,res/animation/effect/tx_miusi_fuyoupaozidan.json.gz,1b3ac3546d80cbf15d11ad79ca20c47a
16ADEAA8BE49FF506C0CA955EBCD44A5,177882,res/animation/effect/tx_miusi_fuyoupaozidan.pkm.gz,09e9c5bebda2efc3317d24be7a45de43
86572E03324355C95A871D52E7337E25,219324,res/animation/effect/tx_miusi_fuyoupaozidan.pkm@alpha.gz,00fc36e9d8117a7954001da28ff42a47
4BD9DD3BE4F4A232B81F46D4D5612A6F,1888,res/animation/effect/tx_miusi_nengliangbaofa.atlas.gz,105702e9c53e13e9722ef1fdea53959f
BA7941927D5D9AF6C5872D718276FEA2,6087,res/animation/effect/tx_miusi_nengliangbaofa.json.gz,4ede75fc22f2e669eda1fc9fc06dfc0b
921D098DF39AA400FFB6B655C19D25BC,758843,res/animation/effect/tx_miusi_nengliangbaofa.pkm.gz,4d4e0356b3ca3acd758d0cb1facb30dd
56EC6BF1434DDB6FF080DF02C4C81029,545904,res/animation/effect/tx_miusi_nengliangbaofa.pkm@alpha.gz,05d53b80687e2e4596050bafc4ccc65d
2A680EA6ABD54712F7917369176192B3,1858,res/animation/effect/tx_miusi_shixianzhuizongdici.atlas.gz,2e599695efd5ca0d76f4af77ef22c0fb
058B2F291F34FDB53A56F0E6254F5B80,5795,res/animation/effect/tx_miusi_shixianzhuizongdici.json.gz,b36055cf7810faaf95218d8a6e7ec091
3C13D415CBE6C0D3165997D2A5E88813,190214,res/animation/effect/tx_miusi_shixianzhuizongdici.pkm.gz,87c7a785e1e6fa56dace7069932d3ffe
4B9885FCBEF2FA51AE0DBA1930905843,161755,res/animation/effect/tx_miusi_shixianzhuizongdici.pkm@alpha.gz,0db704c22abe56a9763c49d33fe0f6c1
8A3C56660D5BD1C3BA4537EC08544A33,1109,res/animation/effect/tx_miusi_shixianzhuizongyujing.atlas.gz,d16b22da89dad45b3eb41d45240751b5
BE305C9B57B11FBD52EF05A8FB181BFC,1971,res/animation/effect/tx_miusi_shixianzhuizongyujing.json.gz,ecad859713f66e0af7e002b9217bbe78
C10D7BDE063EBD9194A10A5C3F0A6122,160925,res/animation/effect/tx_miusi_shixianzhuizongyujing.pkm.gz,31009e6cbe3d850de9c8efa3d71879ff
10CA005931F643A3A48669354DC946F2,172876,res/animation/effect/tx_miusi_shixianzhuizongyujing.pkm@alpha.gz,46e808d768b88837ea8ddd72e5bc01cd
1FDCA376748EF1D84684A79D11648C47,1572,res/animation/effect/tx_miyesha_jiguangqiang.atlas.gz,7d72c290ab9172345f50262f7e4777da
F869E8F3E330A73074AA1E785F2BE309,1725,res/animation/effect/tx_miyesha_jiguangqiang.json.gz,36997d238c7fff07a40befb7dc0555ee
F6367319EF627E44AC0762BD54CE5B72,338050,res/animation/effect/tx_miyesha_jiguangqiang.pkm.gz,29ee670abec5d82fdbfff7b78d7045da
69445F457F85F4D66921CC5790BA20FC,314129,res/animation/effect/tx_miyesha_jiguangqiang.pkm@alpha.gz,732c1a5d40cfd90d80db45bf8f5a9881
F3241D3A0FF078D6DCD1A650873257DE,878,res/animation/effect/tx_miyesha_lianfasheji.atlas.gz,47bb2ebc03378845c911ad725816b632
400C25847C97F7E1FCEB4D655253210A,1171,res/animation/effect/tx_miyesha_lianfasheji.json.gz,c59ea85521a3fce7329f658a1cc3d905
D429B5B45749DC2A7ECC5E515A1EE220,42831,res/animation/effect/tx_miyesha_lianfasheji.pkm.gz,4c319321acaba8a358a893701f5ea358
3C640C44AA9622AAEC9D5FEBFCEC07C7,38825,res/animation/effect/tx_miyesha_lianfasheji.pkm@alpha.gz,5d93ed5cd5fd2a58da815cba2c95a226
1B1CED0E4674012FA35E44CCD86BAA31,2569,res/animation/effect/tx_miyesha_quanpinghongzha.atlas.gz,fddd17735180a1521efdb9093fbed872
9F6A004974AF58D5DE21787DE93A63B8,4807,res/animation/effect/tx_miyesha_quanpinghongzha.json.gz,4accd9c22157189789bec10a220b019c
4571E857FEF773DA1C571400251B90C8,279942,res/animation/effect/tx_miyesha_quanpinghongzha.pkm.gz,124d620e43a718d687b4eeec72443232
CC8E9D682186EABDD42443A84BF5B5A9,183033,res/animation/effect/tx_miyesha_quanpinghongzha.pkm@alpha.gz,58d13f8d51abc535cb9c9d3f8b605d78
8B3420818C948589C5DBEE85D8C2991D,623,res/animation/effect/tx_miyesha_sanhuasheji.atlas.gz,bf33d650ba2dd846d440e708144c085c
B470FCBE264257CDAAA97A7F8E004EBF,949,res/animation/effect/tx_miyesha_sanhuasheji.json.gz,e18295118d7640964c84d64d6eec6cad
DB72B2DDEC7E3BB762523BAD231B8275,43295,res/animation/effect/tx_miyesha_sanhuasheji.pkm.gz,38800dd588aac426701b2e17d72db239
036C9630AD4464D5EDB5A18A41FD6504,31486,res/animation/effect/tx_miyesha_sanhuasheji.pkm@alpha.gz,f2e158aa5086fa01871ec81d05d3b98a
C6C280D4B7DB0E647BEF4CF5F165CC05,1774,res/animation/effect/tx_miyesha_zhiyuanhongzha.atlas.gz,9fa4303418f3cb9f428980d9bf3cbb2d
5DB864FBA6D2F412FE73AF46817E92F1,2715,res/animation/effect/tx_miyesha_zhiyuanhongzha.json.gz,1294b5c4457bf7b49f61fb5d3df792c8
F03F037CD777CBB8764412A300A69617,368806,res/animation/effect/tx_miyesha_zhiyuanhongzha.pkm.gz,d66156d4758bbaee6e83c4a75129180c
39CD665DB7BFD066962D8F7833A6D10A,317978,res/animation/effect/tx_miyesha_zhiyuanhongzha.pkm@alpha.gz,9ea393ff96dfe88dd4445d157073ef9b
325344BDDDAFB8C44A46004CAD7A48C4,2232,res/animation/effect/tx_nv2_bingjian.atlas.gz,3d4d3e0b2778b3b1099c00b67f34663b
84E5C301BE178BD1A23D85B567DB7770,4563,res/animation/effect/tx_nv2_bingjian.json.gz,b749b9cf7ed9da0aea8d856df9e71245
7EA506839D80D121E300DC47496F117C,770638,res/animation/effect/tx_nv2_bingjian.pkm.gz,e6c57eee4657a925ad07c4d463cb5fad
D229155ADD2B26B42570D0ABA2E1C2C1,462499,res/animation/effect/tx_nv2_bingjian.pkm@alpha.gz,436258bb2952de1276357094c7134b4d
BDA13D8B57A8B4240C73A3E94E402CE5,337,res/animation/effect/tx_pengzhuang_zhiyuan.atlas.gz,b88b3e2627aa406d7a709c8320d00377
6C4C2824E9E2C944B0210693C5FE0FD9,831,res/animation/effect/tx_pengzhuang_zhiyuan.json.gz,24c73cea7bd85578743610663a0358e9
F907B7A5924BD4C23C5130DD74D0565A,28644,res/animation/effect/tx_pengzhuang_zhiyuan.pkm.gz,0eee73e34767c70f7775c6dfe3b0c693
0525E001BDFB33965E5C755F89C4C237,39231,res/animation/effect/tx_pengzhuang_zhiyuan.pkm@alpha.gz,e725ce9dc563537ff48564213952d992
FC40B916353DFFBDD67D2DFB47B7D25A,276,res/animation/effect/tx_penqixianjing.atlas.gz,904675cb9c380cfc114fbafc2ea42c19
24646E3DC43FA6E2A4492F6C8FF600CF,1120,res/animation/effect/tx_penqixianjing.json.gz,02bf4464f81fbed9a79ad219db6bbe12
31E8E1E8A7167258268C568C92C19116,3216,res/animation/effect/tx_penqixianjing.pkm.gz,ee6c372bda769470b555b474db0cb01a
9CA0B398544C8824E61177B18E15A513,8884,res/animation/effect/tx_penqixianjing.pkm@alpha.gz,9e768f8e826a0d157db9ba09387ad1db
A56DC91853BB569E4A4D1DB033F30FA3,810,res/animation/effect/tx_qiangjianbing_saoshe.atlas.gz,19f3b2ee5772ae4c8efe744ece3a63f2
D0BBEB7286F221151405C94E2C605AA3,1276,res/animation/effect/tx_qiangjianbing_saoshe.json.gz,0a837e69d56e7a12cca312f0fd851de1
C2CF2A27CECC3034332FC047599AAA0D,137355,res/animation/effect/tx_qiangjianbing_saoshe.pkm.gz,6839ea0d00a0862dfbb7a773e6c9eedc
71003FC6DC64CCAF4131D918EB8A1E17,95760,res/animation/effect/tx_qiangjianbing_saoshe.pkm@alpha.gz,1bb15e6f109e9013f68ea272bbbd7bad
51FE81F4E85177B5D4967352008A04A4,1934,res/animation/effect/tx_qiangjianbing_shiqizipianqiang.atlas.gz,27825a525950ba09ad2d0b1971d1d3c2
3E498DE2C2EB8C2DD14272EFB2EBBC99,3675,res/animation/effect/tx_qiangjianbing_shiqizipianqiang.json.gz,e6fae6b0135a33c77ed069e67abdb6cf
A95D1B6EEDC4EED81B56DF9BE7D30208,193713,res/animation/effect/tx_qiangjianbing_shiqizipianqiang.pkm.gz,f35aa37a6dfab8e7fd008fc236976f0d
6827672DE4A3FC0D9B75556AD1BF6039,135908,res/animation/effect/tx_qiangjianbing_shiqizipianqiang.pkm@alpha.gz,25ec78969faefa01ebe5cc5a2ac2b298
CE4E87BFB668EFC033E1AF46F6A3E344,1707,res/animation/effect/tx_qiangjianbing_shizipikan.atlas.gz,8ac8b047958c9dbacb0d1889e98a20f8
9899514A554078BA0F810471197FC518,7878,res/animation/effect/tx_qiangjianbing_shizipikan.json.gz,20de5c0a7fd759a75ca21e66e65366af
2BC16D318119ED1EAEE91B3D6E9A7706,347050,res/animation/effect/tx_qiangjianbing_shizipikan.pkm.gz,4aa4b10d3797750a36d97a4ffe0235b8
4536C7F0528A323AF8F893FF55BDD660,267235,res/animation/effect/tx_qiangjianbing_shizipikan.pkm@alpha.gz,05cb4fdb848dd596594340576afb39d0
49EFC823D0FE6F8DEAFBC950ADBD110E,1238,res/animation/effect/tx_qiangjianbing_tuci.atlas.gz,02c43b34f1c5dbc852af1e1f865fae43
04D85558D3FDCE45C68328BB967B5197,2486,res/animation/effect/tx_qiangjianbing_tuci.json.gz,59df1be158415fef84459b57151f9a23
2057AC8F5F5A8BE7D0EC59AAF7F16764,214387,res/animation/effect/tx_qiangjianbing_tuci.pkm.gz,1d28b27c5cafb819bd0594dc606c1c14
89206151637CD5E3E4B5FF844CAB3823,168900,res/animation/effect/tx_qiangjianbing_tuci.pkm@alpha.gz,c201c70509873134bf11e606dc252ce7
3B058078D72697141B2C228E8FF0EE18,1709,res/animation/effect/tx_qianneng_bingjingtuci.atlas.gz,20d1ee28bec46e3e1b3538776253fa6f
60093235EAD8D4177A773467502B543B,3071,res/animation/effect/tx_qianneng_bingjingtuci.json.gz,fbc7dd9507c9096cc23895fe3bafcca4
1C35E795A99112B0ECE3657D1E342FD3,1514866,res/animation/effect/tx_qianneng_bingjingtuci.pkm.gz,098e234d792d1838fa49c49e227bbddf
E499ACFC34D3B7C537B5E3ADBEA1EA2C,781694,res/animation/effect/tx_qianneng_bingjingtuci.pkm@alpha.gz,5751a4b1d777ee7ab3ac715cdd45b564
C3F8AFD52B2964EC11FBFE4D418A22C6,832,res/animation/effect/tx_qianneng_jingjiguanghuan.atlas.gz,cdab47b466a027ea20124ca7b7a7af8d
1E0D7FEE356A81E008543CEA8421F410,607,res/animation/effect/tx_qianneng_jingjiguanghuan.json.gz,89efced26a1c47b891aeedcb8d21590a
918B2D21B3592A530631A050DDE1475D,192463,res/animation/effect/tx_qianneng_jingjiguanghuan.pkm.gz,5816fbe692890db36958d0d741eb8f5f
95D6D09E8EAD0081367E328F105492E2,182074,res/animation/effect/tx_qianneng_jingjiguanghuan.pkm@alpha.gz,a6fbbc247d63a2344300bd27a152c16d
F6344DA9CF03CBB86901975F59F67BCA,1086,res/animation/effect/tx_qianneng_luoyingjian.atlas.gz,3cb38a0f5037adbd2b53e01427fb6f5f
BAF2AA2F1CA010C4D9D9235A8CB37F79,2074,res/animation/effect/tx_qianneng_luoyingjian.json.gz,41613257221a382645f5ac044dbd2d74
D4D1C554EA3EE10F9527EFFDC6A26D74,899658,res/animation/effect/tx_qianneng_luoyingjian.pkm.gz,a0b7055d5a61c64aca34070bb410e3e6
9E2F69DF54A0E5B65D57A5F3A2E54114,603744,res/animation/effect/tx_qianneng_luoyingjian.pkm@alpha.gz,e7e0f76cb2c83ca2ac57d6ab3ade51a3
3C0F09C68A0B322B17A15DA5987BF25D,1293,res/animation/effect/tx_s1_robot02.atlas.gz,e955c1057a8205e63f166d01b7bce560
7961F048D1218D47AE27857855D12612,2229,res/animation/effect/tx_s1_robot02.json.gz,ce4ce8fdf3760fff69b78f50e2ce0a44
51C4671D40BFC7BE47B89AD9D075D958,169414,res/animation/effect/tx_s1_robot02.pkm.gz,07165a6992eabd883e9eed9ff576d70a
13F88DD882E20DCD3A0DD68888A9106F,114345,res/animation/effect/tx_s1_robot02.pkm@alpha.gz,48cf12ec5e871df720cac610ffcc4b9a
3C979641743EFAF9D17DC25A64EC3B89,491,res/animation/effect/tx_s1_robot02_back.atlas.gz,8e6b1b1844f37635b1b3fc1e91c12372
2B211C05A30EABAB96134F8A8E9A40CD,463,res/animation/effect/tx_s1_robot02_back.json.gz,0c860be14e4b74851fc78fee5c75c7de
15AE9759011E0A4D5209D0F9D26D4411,28663,res/animation/effect/tx_s1_robot02_back.pkm.gz,daf29211bc131c1ee2b6a400365a2f7c
B23655D85C287E0167F232CFD13A103A,21998,res/animation/effect/tx_s1_robot02_back.pkm@alpha.gz,f4ff2db0a7d41573231b8bb5ca0283be
285724DBD5D456F03406AA68D73AD2AB,1267,res/animation/effect/tx_s1_robot03.atlas.gz,82691bc84fa180fc5e3ebc0911038634
459FE38A1A2F3CD42A6E8C4F58D4DFC9,2251,res/animation/effect/tx_s1_robot03.json.gz,de972f87a0f53e64267e07ab67c05963
1D65F2317FE43ADB248B69A017B2437A,833283,res/animation/effect/tx_s1_robot03.pkm.gz,0f99ce07d0e5e114c423944416eacdbe
B886F779629B9DFBE96C7774F54CB901,615420,res/animation/effect/tx_s1_robot03.pkm@alpha.gz,988514ab53e398c0420d47a04ee1cad2
E84770F177E8D813FB8D726760563598,537,res/animation/effect/tx_s1_robot04.atlas.gz,bef5137ddcad85a08dd5c87390cf125f
3A16811438DDAE7D20944CB9170B3F6A,486,res/animation/effect/tx_s1_robot04.json.gz,7832ff2bc9a62d0fc57e22cb0d888faa
16067CA59F179E548D284FDAFC2F127D,373400,res/animation/effect/tx_s1_robot04.pkm.gz,ebfda28a43324b47aa803ff40f8db8cc
6E484A5963DA028C69B3CD13417FD7A8,277645,res/animation/effect/tx_s1_robot04.pkm@alpha.gz,08ca762502fad04c9285d4b92e416ada
FFED6B1E46316F367E1EB9B0E98035CE,547,res/animation/effect/tx_s1_robot04_back.atlas.gz,4b4b3e24f9b49a1f578be0b5ae885fa0
188C8CB9E269361EB643A43470C48C03,830,res/animation/effect/tx_s1_robot04_back.json.gz,74707aafbf1b00f1a95f7afdba8100b5
31936363D4AC9E9C4A7DC56AD6A83177,156278,res/animation/effect/tx_s1_robot04_back.pkm.gz,80ef59c060e2710d7b044c92eb84cdf5
2E987EFB004298CEEB783AB718320BE2,124514,res/animation/effect/tx_s1_robot04_back.pkm@alpha.gz,2969a5fb663f766941825db3cbd3d22a
79EE4E8D6C08A1089EC79DBE5FC3BACF,1447,res/animation/effect/tx_s1_robot05.atlas.gz,8280b712f388f5a2c21a3d06d2189387
1AAF7B8BB32FBD7EA2FBE80ACD0B9519,8841,res/animation/effect/tx_s1_robot05.json.gz,c7f51cd9589cb7c0d737acacddb93c31
19F0B3CBD90897BB7A28C7CFFB7B0810,360002,res/animation/effect/tx_s1_robot05.pkm.gz,4e514189761835cc8b338e41689bcc4e
A3EAB1642C0D6050E3244A3D9D3E61E4,257642,res/animation/effect/tx_s1_robot05.pkm@alpha.gz,7a80023444fd0df049353c397556a0be
43937D109E7CE366BD3226E1FAB5FD07,2154,res/animation/effect/tx_s1_robot06.atlas.gz,792596acfdcfd5c622d9c440c52213dc
7C5AC5D8252A4EE3C56EC401F927071B,8839,res/animation/effect/tx_s1_robot06.json.gz,73ceead2a90ae6a64cf89440b28adbd1
75C6F8CEFC5B1D33AE20FF20F61FF69B,928305,res/animation/effect/tx_s1_robot06.pkm.gz,0cd76bf56eb2293e65b7301380f3ea96
FFC0DCBD4623837D0B7158FF6D3CF8F8,737767,res/animation/effect/tx_s1_robot06.pkm@alpha.gz,5a82b29e580a75d39c32b301c93734dc
3C3C9A566BF42B15F9A5A91EAAC7CFC9,822,res/animation/effect/tx_shaye_dajitui.atlas.gz,ffe38696bd325e9d5923a8665dfd6f57
BC02EAFA8FC3946F349EF5A0AF19360C,1466,res/animation/effect/tx_shaye_dajitui.json.gz,079ea39507049e03debd43c9d03db028
AEE170F673DA0B40AAEBFF566E890D16,105055,res/animation/effect/tx_shaye_dajitui.pkm.gz,85eb8c2b9843f69035450f059b23f1bb
6FC39B0CEBFF0DB93F7FF228F29D9937,84650,res/animation/effect/tx_shaye_dajitui.pkm@alpha.gz,d47f59b803e78f9132565ae9e864574a
B64DC17514E623D64852BD631A2EA201,1119,res/animation/effect/tx_shaye_liedimengji.atlas.gz,5962142a1fc0866d75b8b7a478efdce2
9CCB25D5202D683AE0676744F5E91099,2857,res/animation/effect/tx_shaye_liedimengji.json.gz,13fab74fc06f78320a0095d28e2b21cd
78628F911AF11E1C398FEFAE70311319,123443,res/animation/effect/tx_shaye_liedimengji.pkm.gz,25e9bcf0f9ac396256aeb7c800043198
7768E5EF1DEFFE7804DB8E8BEC448FC3,87535,res/animation/effect/tx_shaye_liedimengji.pkm@alpha.gz,f83163985e88889ecab2b21b33b9dfab
C28D56F4666CEB10DA743ED28503C5F6,1678,res/animation/effect/tx_shaye_mingyunchangmao.atlas.gz,e34381877c0a3f22e60d3d10e434ab4a
8B6C9DE9779A3EA359E41AEB67FB2017,2670,res/animation/effect/tx_shaye_mingyunchangmao.json.gz,f9a77496964ef2092d37b8d0ee4952bb
800EEB46D355448C429C9998A1BA31DF,87814,res/animation/effect/tx_shaye_mingyunchangmao.pkm.gz,28e46fb8bc74ba768a6d97286d63c419
9D3F0F4B4C3F2984511D37E18415C22F,51751,res/animation/effect/tx_shaye_mingyunchangmao.pkm@alpha.gz,1ea51b9aa17b6200ce121ca40e98e1b0
F63D6BA86E5857E2E865B1B66FBAC584,1816,res/animation/effect/tx_shaye_rulaishenzhang.atlas.gz,b0e056948534642b07e1164f9ac2ee44
448C8D2527CAF9A6AD55888146971C35,3529,res/animation/effect/tx_shaye_rulaishenzhang.json.gz,f26df717411e8f7d64587ae6cbc9b663
04ECD68EAE0904CD9C117571BED9639A,294005,res/animation/effect/tx_shaye_rulaishenzhang.pkm.gz,06f9b6d56cd45a15deb1199ea628a430
F4DC1EBD003EFA585FDA4F9C096297CB,290695,res/animation/effect/tx_shaye_rulaishenzhang.pkm@alpha.gz,b049a69d608039f29bc97d15f96232b3
8A15F6C8A6E8B1EF95A067CE3550CF24,903,res/animation/effect/tx_shaye_shiziguangqiu.atlas.gz,7260e08e16d513f58fdc5edc5af50b0d
215903F20E1D37543A625B0FA1C27452,2151,res/animation/effect/tx_shaye_shiziguangqiu.json.gz,439d794dd6c801e35f0ad498542c7990
62948D8DFE4BD207306743FC897AB6AE,233468,res/animation/effect/tx_shaye_shiziguangqiu.pkm.gz,3531e09c9394c23b5a039a0028e8b8e5
FB8827C5BAE1D110BD4E96F4FB333F31,155160,res/animation/effect/tx_shaye_shiziguangqiu.pkm@alpha.gz,1fe0deb3fb8d558e228a3cfd569925bc
928C4D31B4A00A211FCC9556E239071F,1964,res/animation/effect/tx_shaye_xinrulaishenzhang.atlas.gz,197f3470f7d76d812e37c4ab0c252f16
34036E04528DCB2680C4BD617B3A55B1,6891,res/animation/effect/tx_shaye_xinrulaishenzhang.json.gz,f238e3143c29b6a414730b9d2efcc4a4
A167DA0DADAAA1FD11C106690FBF56A4,295197,res/animation/effect/tx_shaye_xinrulaishenzhang.pkm.gz,437a938d9556f4e8088c338974f4853a
BE4D916CE3F9FEE4BE079C163E33C890,259952,res/animation/effect/tx_shaye_xinrulaishenzhang.pkm@alpha.gz,ee94961371a4b2b142ea0f2ab64e613e
CE9F56E9ECFFDCC4DCF5220F56BB806C,582,res/animation/effect/tx_shenqitongyong_xulitexiao.atlas.gz,a4c5946ec01ac562e5a430832e4a20bc
93C099770328ACF5F055AAD495E27A1E,911,res/animation/effect/tx_shenqitongyong_xulitexiao.json.gz,442d7fea2717518fac27bc9d7cd29b21
DE230457178F03961C4EDB46A88DFC75,24285,res/animation/effect/tx_shenqitongyong_xulitexiao.pkm.gz,353315f01e2e91282c804656b9243fc9
1F3AE15C8987C2FA0055A116D33818D8,18487,res/animation/effect/tx_shenqitongyong_xulitexiao.pkm@alpha.gz,b5a10d44d8aa3e8a38125ca6ca19ce3c
1DE724C6AC67374995836D82F07907CA,1741,res/animation/effect/tx_shenyuan_shengyulong.atlas.gz,17c0ed399a5a03117ba04e9a82c9ffe0
9E8D9CFBF9983E46A08A2239A407A7FA,8726,res/animation/effect/tx_shenyuan_shengyulong.json.gz,13dd65deff10babc2e17bb6d74cd6520
6BB8B6CD9F2C31010E4A762BA4BE2523,351524,res/animation/effect/tx_shenyuan_shengyulong.pkm.gz,7b95c040e53331f0232ba24f5c19530b
9EC560E016E3E2906B328DB373771ECC,230554,res/animation/effect/tx_shenyuan_shengyulong.pkm@alpha.gz,44943d78afdd84f871dcffe637629843
34B5EDFCE55D3E78A337F1E7340064FA,1199,res/animation/effect/tx_shenyue_badao.atlas.gz,0d89ce68d777127e6665ed988961eab7
5B44D118784ABA2AA7D2B3BEE9F546AD,1262,res/animation/effect/tx_shenyue_badao.json.gz,c43701fad6a805208aaad9e35276f221
4364D1DDEE7AC1B476E53F6B1CD6C24A,610153,res/animation/effect/tx_shenyue_badao.pkm.gz,0e2337eb2930d66a3b8835974a4abd11
61F5C04517F2611D04155E04406EEA2D,392049,res/animation/effect/tx_shenyue_badao.pkm@alpha.gz,73505d21e9984ea6956a59aa0dd25a2c
668B59A98107C702A42FFC7B23CAE0A6,2142,res/animation/effect/tx_shenyue_baoqiwulian.atlas.gz,d7190f22515848ccdd63d41b5a839248
BC80907F5D0097B64F6ADFFD27A0C25D,4407,res/animation/effect/tx_shenyue_baoqiwulian.json.gz,8e8b1c16abbd6b14e88b2f13d7b2da7c
8378E91B68967443D8F2B042804169AC,395079,res/animation/effect/tx_shenyue_baoqiwulian.pkm.gz,a443b90418aaa24f7bd9086a13ee6e80
0487672BE509B438352A06AF70870BE7,412001,res/animation/effect/tx_shenyue_baoqiwulian.pkm@alpha.gz,3bcd06178356768efa120f8f73cf5b30
D5FE591D18D620B3061A50E6879C4BE2,218,res/animation/effect/tx_shenyue_bishatexiao.atlas.gz,43bdc5b19ebcd569a7b5defad8ca9177
6D23FD3A34100C804FF4A3AACE32B268,335,res/animation/effect/tx_shenyue_bishatexiao.json.gz,c0aacc7b847d8491dd3d877f0fb092cf
2118DF2D29577DC371203726A905C569,19087,res/animation/effect/tx_shenyue_bishatexiao.pkm.gz,dca515d522ca3b2018c4717681df4cca
7BD87D6ACAB5D7979AD03A4E711AC55A,4363,res/animation/effect/tx_shenyue_bishatexiao.pkm@alpha.gz,783cd7454270ebc1c4635148940ff9c0
ED46C748BBCB723EF6306B052776AC00,3120,res/animation/effect/tx_shenyue_chaodahuoqiu.atlas.gz,6a3b4a590d4dab82d5e6eb861e846057
C25EE05E39BAFD24A1986B5C886E1220,5944,res/animation/effect/tx_shenyue_chaodahuoqiu.json.gz,8a4a0e63168487e63ef7d28be8b3da56
A827A0FA082558340EC2B0F49336DD55,668049,res/animation/effect/tx_shenyue_chaodahuoqiu.pkm.gz,447de90e9c9fb834dbc0c3b70e94d85f
6BCDBC40C6C3DE72517584975C828B78,510076,res/animation/effect/tx_shenyue_chaodahuoqiu.pkm@alpha.gz,689cfe6f708c6ff159f79ff277cd09bf
B58F4D498EE443922BAE72DFE37C471A,1091,res/animation/effect/tx_shenyue_chixuxuli.atlas.gz,96c413cd3b7ed0c1cee908c9ae2a960a
AE8706890E9078E683E42690223197F7,2069,res/animation/effect/tx_shenyue_chixuxuli.json.gz,975c318fe68fa99418394dd2333f3568
3B74DE3A2258B68A1392A4D3A2038F72,176455,res/animation/effect/tx_shenyue_chixuxuli.pkm.gz,1f439639b0ed0b967ffe41ea4235f4d8
D7E312203CDCA7DF42DDBDE63EF22275,165616,res/animation/effect/tx_shenyue_chixuxuli.pkm@alpha.gz,1e8539a5fd10e3326efc8716cad4f697
934577DF06D9C87C7FB0504F827FBE58,1096,res/animation/effect/tx_shenyue_chongci.atlas.gz,27791fdb40f9fd16742312fffd16a015
524E01900464F6D880CBAC62F3B02785,1427,res/animation/effect/tx_shenyue_chongci.json.gz,6a592ea3cfc379b781d2868856dc761a
0F36B29B764DB8A75249DE7CE608FAB2,125925,res/animation/effect/tx_shenyue_chongci.pkm.gz,b425c85c0b5960c37db8b9b42509ceee
37B1D55E4D0FA5515EA83B9DF973DC0A,118863,res/animation/effect/tx_shenyue_chongci.pkm@alpha.gz,4c1cffccd41c8fa9b5e82e531413b2c9
CB19BE41AD2FBB0E91EBAF7E3FABC0E3,1766,res/animation/effect/tx_shenyue_chongjibo.atlas.gz,cb6d85aadda8b21b32d9a7d7c3dd5257
24C98793E8D99AD283C4C65D7897B71B,2422,res/animation/effect/tx_shenyue_chongjibo.json.gz,6e131ad64dc84ec8d3ea22b15103b5a9
54BD0DDC992D491A1969F5B3F4CA3A24,507392,res/animation/effect/tx_shenyue_chongjibo.pkm.gz,8a9cbd85eb85f1a2a04b2eaf6e8fe2b9
39036E41875CE6E0A7158BA841E981A3,369609,res/animation/effect/tx_shenyue_chongjibo.pkm@alpha.gz,e07dd41a707bf0986d984dd83328ddf4
4DE1FA165B1181B404BF88F09FB016BE,1544,res/animation/effect/tx_shenyue_ciyuanjianqizhan.atlas.gz,83716c463c4095764e56e47fba2015fe
DEB02635A5F4D065F90EACB40189C448,2171,res/animation/effect/tx_shenyue_ciyuanjianqizhan.json.gz,dbbc7ad01d6d6c2fc8de3a878c64824a
C7212BDB132CC968247628E60A90E757,645963,res/animation/effect/tx_shenyue_ciyuanjianqizhan.pkm.gz,fd7602040a5a43173d8c7402bca4ed65
9E8CB23183166AD9FF41AAD6625B8DDB,353093,res/animation/effect/tx_shenyue_ciyuanjianqizhan.pkm@alpha.gz,14f9b203d19513b7ccf596d8acbe6051
109F4C1BEE837AD9D7B4DCC7BBC3A4A9,795,res/animation/effect/tx_shenyue_dafeixingjian.atlas.gz,10547a830b0ba39cc6238af6b0e5f1fc
D1C2E95C7A6A7C6F475DC55B8983ED13,1182,res/animation/effect/tx_shenyue_dafeixingjian.json.gz,6fd90acc236afdeea70b7d79b037751e
999D33F3932086093B954542B26F8044,93804,res/animation/effect/tx_shenyue_dafeixingjian.pkm.gz,b0b0d2d6ca27c511647236a41b96606f
CCA431B2AB513B43B9CC51656544738C,97320,res/animation/effect/tx_shenyue_dafeixingjian.pkm@alpha.gz,7b09c981b7693477d342d8a6d19885e9
D072985FAF273C1A0DF6509287719260,2726,res/animation/effect/tx_shenyue_fanweihutishenyi.atlas.gz,7358d01c38a88c8df7b9c12fa108cdb9
8FE7EA1A3266AD1A2807656FB55526A1,6385,res/animation/effect/tx_shenyue_fanweihutishenyi.json.gz,cb91a8e3af3252d224a9418b9fe3d9c6
783862840E2F56674BC0982011E9A1B7,726184,res/animation/effect/tx_shenyue_fanweihutishenyi.pkm.gz,1cee4575f230d249f0ce83c077ff956b
04A99D7ADB18AA40EA1848A18D21834D,441223,res/animation/effect/tx_shenyue_fanweihutishenyi.pkm@alpha.gz,695376084d80a2d7f4e8ffa0da5c197a
E799405AEE57F98CE96599D0FD9F785E,1623,res/animation/effect/tx_shenyue_fenshensanlian.atlas.gz,5926dd17190404231f4ba734760ebad1
50391014330E23B32AC312A3D19C6176,2176,res/animation/effect/tx_shenyue_fenshensanlian.json.gz,4aa984ab5549e683218687cec60be0ee
E843ADE4919F5078D52A536D35F13068,459439,res/animation/effect/tx_shenyue_fenshensanlian.pkm.gz,174f71c28caa02f8ebcf28f24a06f341
BD89A76A57827AE1F1DDC59397E0692B,329257,res/animation/effect/tx_shenyue_fenshensanlian.pkm@alpha.gz,7dcd3daaa69b5666e66c5213a2fa1b13
65D4814D6EB925E22E26AC49A6188EED,1053,res/animation/effect/tx_shenyue_huoyanbadao.atlas.gz,9ac888c60fe4df7fae10ffa3ac789143
4F761071C0F0419ECB342D8359ED257E,1704,res/animation/effect/tx_shenyue_huoyanbadao.json.gz,79e27b22628bc68cacc62db289b9a9a9
F01198BABFD94583CB4CAD330E1516CC,423122,res/animation/effect/tx_shenyue_huoyanbadao.pkm.gz,ca3d6c9558feeb070cd88e4ac7ac6eeb
BEBE290581D3FFD0246B7C5F90E7B335,294891,res/animation/effect/tx_shenyue_huoyanbadao.pkm@alpha.gz,f22641910f5c9f1e0d5c9e2bf805c243
9E3560A6471A5C06274F7659CDD25305,876,res/animation/effect/tx_shenyue_huoyanganzhi.atlas.gz,cbe8347103672b5f2a0fdd813ee39406
78ADBA1D52F35A44EB143265CA2F0965,945,res/animation/effect/tx_shenyue_huoyanganzhi.json.gz,b273fcfdaec138b54a51419d4220f523
0DA700AAA40868EA1AAC147BBEAC30A1,96277,res/animation/effect/tx_shenyue_huoyanganzhi.pkm.gz,22b0d0e6a379b77ddfdd1aa18506486c
9910513A6176D142E418C485C10AC333,72624,res/animation/effect/tx_shenyue_huoyanganzhi.pkm@alpha.gz,34f9b5645a7a6ea2afe6437f80f9e8d5
ED5CD11C602B41C147CD89A3FCA81354,2226,res/animation/effect/tx_shenyue_jixianjianshu.atlas.gz,b7db185e9141ff885bcf42492f7f05a3
372BFE17690FB401C1F4D393C32D017E,3843,res/animation/effect/tx_shenyue_jixianjianshu.json.gz,1e00d38e668190799c75dd65d429e818
7051A0DD41A76A4BC3FE7CB75D1BA08F,849960,res/animation/effect/tx_shenyue_jixianjianshu.pkm.gz,32e4ddf8391b88c76bbd94459b81ae16
0163FBA92FB2CE16FF968AEA22240F3A,588076,res/animation/effect/tx_shenyue_jixianjianshu.pkm@alpha.gz,984e7960a0b966c50cb4f6c0906a45c8
887E84A349938427EC911104C6D27681,1325,res/animation/effect/tx_shenyue_jixianjianshu_one.atlas.gz,3aab07bec103542b2c53e6367fe12ff3
40DEF4D4FA1C347E11D00D1C33784884,1936,res/animation/effect/tx_shenyue_jixianjianshu_one.json.gz,cf7a050cdf4d665f17b59a9d71e046d1
02EE980E6B5561D175DBDD05F75FCA87,448381,res/animation/effect/tx_shenyue_jixianjianshu_one.pkm.gz,ba788c019c515e6bf9f822dc4e17b9ff
7845CFA3DB4E98B321DEC686B7DDB2A0,269349,res/animation/effect/tx_shenyue_jixianjianshu_one.pkm@alpha.gz,7f9040054b2d4bbda2ddf7ee599c7334
3D683559278B582B8FE791927D0EF4B9,2754,res/animation/effect/tx_shenyue_lanhuoqiu.atlas.gz,3385ddeb9bde94c8e4207afaf102a93a
46A380FFEC248CE9084573DE42F7A116,6750,res/animation/effect/tx_shenyue_lanhuoqiu.json.gz,616d121953a2edd86d4337589d2bd285
E298B5F663FEF8477A053EAB689BF8D9,923633,res/animation/effect/tx_shenyue_lanhuoqiu.pkm.gz,8588d39788b05ee49e11c66873293400
4B9CE79414D8D26E8A64B708CFFA5DB0,595941,res/animation/effect/tx_shenyue_lanhuoqiu.pkm@alpha.gz,0753d2aba04560dbed91355066912f7c
2E4189D2A96A848421F017DC83D4A65D,2472,res/animation/effect/tx_shenyue_lanlongbo.atlas.gz,0328735cfb7f263aabea538e8b0a0a65
214943CC35309B4E11610CA6043C4505,4653,res/animation/effect/tx_shenyue_lanlongbo.json.gz,f5b2ab8bf5b4083d57caa30401402082
FE6A70A9ABC21B854D3A692EDFD65750,949488,res/animation/effect/tx_shenyue_lanlongbo.pkm.gz,902ba54370f809940bd00987e9bf5e9a
9C1FA913EDD3C9A1116FCCE9861EA03F,675984,res/animation/effect/tx_shenyue_lanlongbo.pkm@alpha.gz,06d0937f8f71a720b0a504ace6e62953
47562DFD72F6CF0A34354AE4BF023700,1249,res/animation/effect/tx_shenyue_lanlongboxuli.atlas.gz,22b37675b7a790c4ffbfcdde0f42ed94
32C14FF0EB879CF6C64F70D50B663796,1717,res/animation/effect/tx_shenyue_lanlongboxuli.json.gz,7931f7ae3d4eb2a4864d440bae301a62
747425A3A05419B11EB089A7EBB92FAA,405610,res/animation/effect/tx_shenyue_lanlongboxuli.pkm.gz,3d685fd85ce263a8f327f9695166457c
F55009286B17BFA10E189E5075498427,340655,res/animation/effect/tx_shenyue_lanlongboxuli.pkm@alpha.gz,c5fcf54ad1b7c59b332e2ff305a4a386
219F8636566A9749BF25CB97D2AEB939,1354,res/animation/effect/tx_shenyue_lanyanlongjuan.atlas.gz,9fda638431f5869fef731a1bb4c1a3f4
7E763745F289F0D20D84198330FFC130,1478,res/animation/effect/tx_shenyue_lanyanlongjuan.json.gz,a7455d82a1c7cd0d0402a581cccf0edb
CD7DE67B75829C930042FCDFABE198A5,613030,res/animation/effect/tx_shenyue_lanyanlongjuan.pkm.gz,d6def5bf959ea0fb12d833cade3e8eb4
D679E5E76D18062E44C51E1828289063,537973,res/animation/effect/tx_shenyue_lanyanlongjuan.pkm@alpha.gz,e59e81b2c6d879f190108c0528e8cff0
BB6F434E53B7BAFA219DDD343E163544,2120,res/animation/effect/tx_shenyue_lanyanshenyi.atlas.gz,15c10c2dad003c897e9c3a92e8ae281c
D1581846E387B1EBC0065DE656B6913C,5536,res/animation/effect/tx_shenyue_lanyanshenyi.json.gz,99da98f21160ad0bcbe1a51bef57bc97
B40416C0F658A57812EC8E35E292029D,742101,res/animation/effect/tx_shenyue_lanyanshenyi.pkm.gz,4c5f9ced8c1e394c85907ac368b39ae9
CED15A7AA63987808D3C3591535E2C1F,449794,res/animation/effect/tx_shenyue_lanyanshenyi.pkm@alpha.gz,fe39c28c18ecfdb6b999886d983ae1aa
56841A8CCF8380B5370847319A7F2AF6,1108,res/animation/effect/tx_shenyue_lanyanshenyi_chibang.atlas.gz,1c66a2f4344bd0b7e7da16cc3bd84fce
8440466C6CBC008BB5257FA13C2D2365,2044,res/animation/effect/tx_shenyue_lanyanshenyi_chibang.json.gz,98b620811a2fbd130fbf5427b834a129
28620E35EC185DAD1C7048C251B337D3,399811,res/animation/effect/tx_shenyue_lanyanshenyi_chibang.pkm.gz,10e61986228a14d8d77ee5972f52393f
94E32F45210692C5DA22D34295014BA4,238053,res/animation/effect/tx_shenyue_lanyanshenyi_chibang.pkm@alpha.gz,8d8622f9305a5861a9b7995d7078f020
8EB0D4CCC8FF429D363CE4973B6DD8E8,989,res/animation/effect/tx_shenyue_lanyanshenyi_rongyan.atlas.gz,9cf9e87f9194575788c95525f8d3576d
50D689168BCC12EB1D6D03818E10920B,2507,res/animation/effect/tx_shenyue_lanyanshenyi_rongyan.json.gz,599ba647448ceba12a0762cc7b67f5f2
E1F678E2E7974CE9C153306671202F90,269104,res/animation/effect/tx_shenyue_lanyanshenyi_rongyan.pkm.gz,b521e5b2caf4b331c335b6157e9f356d
B75BB3C04D34C8735DBD69B23CBC3C91,174125,res/animation/effect/tx_shenyue_lanyanshenyi_rongyan.pkm@alpha.gz,c0f05c4052c81797b786b9e3f6aa6ce3
6BA481EE01A7B3C75DCDD507F5DAE417,998,res/animation/effect/tx_shenyue_lanyanshenyi_wujiaoxing.atlas.gz,c8483557ed7235e0c6037f6128808f43
FB033A5B902EED76E3454D7FA9990427,1886,res/animation/effect/tx_shenyue_lanyanshenyi_wujiaoxing.json.gz,9634a477e2947f8cdb07e673dcc9d095
2FB81C427526D11857639829D5F136CE,83661,res/animation/effect/tx_shenyue_lanyanshenyi_wujiaoxing.pkm.gz,7feeb80db65b127c747645e82d1663cf
A7142CFC5D226F3E96B041CBD4DB5E5B,61215,res/animation/effect/tx_shenyue_lanyanshenyi_wujiaoxing.pkm@alpha.gz,0d0a8ee6f557e2ca9f71ba771ded0baa
36CF6622E698501FBC04117A619B6464,1758,res/animation/effect/tx_shenyue_miekongjian.atlas.gz,742e5fbfef24844efdc24b591634aabb
6497EC1361BD32A1F47798A5BD327064,3639,res/animation/effect/tx_shenyue_miekongjian.json.gz,a7f45d8076831c7de1b28ff3d4b6aca2
CB3F2E6AD434ECB91D0C69BB4D4BE5E6,562460,res/animation/effect/tx_shenyue_miekongjian.pkm.gz,949d1fe83f76391bac5273a8dad8b6e4
65BFED08EAA64D089ADFF26D0E71A491,384852,res/animation/effect/tx_shenyue_miekongjian.pkm@alpha.gz,49d2f82122f19e70d0dd44e04e302b57
FB99F3DD0BBC7C3E21A1D03273B05269,1603,res/animation/effect/tx_shenyue_pugong.atlas.gz,c2d33419756cee9d082a3e75a8183f07
9BC4B5CF8C555FE3DF48F2215A015F88,2984,res/animation/effect/tx_shenyue_pugong.json.gz,6df32b147954578464db9bb0d444370d
618F5ED977A24CA2D2DD576568C9A8A9,464177,res/animation/effect/tx_shenyue_pugong.pkm.gz,73781a0053e9312303b2715912794bf3
A2B72AD0FB2DABFBCD2B3C15C843B5B4,309434,res/animation/effect/tx_shenyue_pugong.pkm@alpha.gz,288d99ce95c543323669ffd77423ac45
C9F7A900E803A67FEC9630A9BD0AF3A1,914,res/animation/effect/tx_shenyue_qianchong.atlas.gz,9b89aaf003e15895f98e5fadaac64eb9
7CBEBBCD6E71AC7718912C10CE955B28,879,res/animation/effect/tx_shenyue_qianchong.json.gz,32dbd640b825bb37bd38d3681aa2ea79
157593E808287E5510F8D89653D45933,73231,res/animation/effect/tx_shenyue_qianchong.pkm.gz,425c094b8c6aca7178190d06fee8083d
7BFB57CAE9BB6C0C3C11F10D1AB40DAE,56762,res/animation/effect/tx_shenyue_qianchong.pkm@alpha.gz,253fbac402a105457fa7df5fd0a80725
A116E3AA6851F712E1C1C521D97CB62A,1020,res/animation/effect/tx_shenyue_quanshenguanzhu.atlas.gz,941dda83b5d93ab184c7948c880ada95
A81DCDD1DD4F64B946FA8ADC00C62551,1206,res/animation/effect/tx_shenyue_quanshenguanzhu.json.gz,4e884f10f556dd9e8ee7954a228d089e
D924E7243FD14B800D439395CB0982B6,129596,res/animation/effect/tx_shenyue_quanshenguanzhu.pkm.gz,8da57ccacfba1edd799c419d6bcba043
15DD96A79A06E1A5C84E8F18950618FA,84823,res/animation/effect/tx_shenyue_quanshenguanzhu.pkm@alpha.gz,e613920b5aa5c7c8d18534429b2adebd
323990A430BD6620700B4928885C8655,1592,res/animation/effect/tx_shenyue_sanduanzhan.atlas.gz,fdee9a0a9ef84eb3d25026179b23a61b
A893E909D92413895A0B77FB41B42DCA,2863,res/animation/effect/tx_shenyue_sanduanzhan.json.gz,72d1a382adad6ac6d8679964784f15c3
4A458580389B24D9CDA8F0AF04835CBB,375368,res/animation/effect/tx_shenyue_sanduanzhan.pkm.gz,4f7cf3663959cb42bdd231518445123e
99B8292D46FCDB4743F1295B5337C57D,280594,res/animation/effect/tx_shenyue_sanduanzhan.pkm@alpha.gz,2c97b0fadcdaed33303438f187d1963e
19B67459F6F4383DA947CEC979AB65EF,1225,res/animation/effect/tx_shenyue_sanlianzhan.atlas.gz,29ac6b5f823163a5d9424c37852bba10
B8407294DBA8CF7C33B4A39A1BB86F9F,2182,res/animation/effect/tx_shenyue_sanlianzhan.json.gz,d8dced8706645c1292c18f68368ad890
CE4EAA7D8FED67FD44E379CFFBED459C,353893,res/animation/effect/tx_shenyue_sanlianzhan.pkm.gz,ba6cbe4f9410009acc21a4dc1cd809da
836411BC7B91C12C83D9D44350F04C96,244234,res/animation/effect/tx_shenyue_sanlianzhan.pkm@alpha.gz,26683c8d5820e18dc2b7df2e8dad1a8c
315F1DC35B8252D5BEADB5FF20CED0ED,1635,res/animation/effect/tx_shenyue_saotiao.atlas.gz,7bfce732afadff06fb2ab9891a851d03
5584CB198FE9EA67FAF3F1CF7D9EB693,2113,res/animation/effect/tx_shenyue_saotiao.json.gz,e387ca33470048ddefd4cd8371cff796
EB43D2257DF6B2228DF85D672D010E01,432005,res/animation/effect/tx_shenyue_saotiao.pkm.gz,c24c58521e4c6ac048e781b0832dbf9e
A60FB71A5E3FFF960F0AE8BFD1BF0257,337631,res/animation/effect/tx_shenyue_saotiao.pkm@alpha.gz,7746ceeebc17a1d27d7dcdb266d3fe10
6306D4E02E272B37B24C6A72662A8BA4,645,res/animation/effect/tx_shenyue_shanbi.atlas.gz,3bd7498e68b5fb9de82ab819bf57c31a
5408DAF96661A59A4F64E0939636C874,513,res/animation/effect/tx_shenyue_shanbi.json.gz,ae329a4ca7c8c034c6ead67f4103bcd6
C376C34237CC056D00A11B814034F289,34732,res/animation/effect/tx_shenyue_shanbi.pkm.gz,d1ef6069df5ebc3bcf7bb3504ff02623
BD58C0109B392D2B6628AA372C05DA2C,29816,res/animation/effect/tx_shenyue_shanbi.pkm@alpha.gz,8431ced4caca3f37d416d599e6ffaaf7
35E943D7CAC3213D7D3AF6452F15EC1B,1305,res/animation/effect/tx_shenyue_shangtiao.atlas.gz,4ab24eed57eb49a5087d8593c252703f
7248533E578DDF9AB134A04BA65D139D,1974,res/animation/effect/tx_shenyue_shangtiao.json.gz,dbc8dff80efc19d05f09481a2d384d2e
5E9531180C32A4D0FD25E5CE554D57A9,410882,res/animation/effect/tx_shenyue_shangtiao.pkm.gz,e4dd5d5492297366e2ce5c88a28a2dc7
1FC578C3D6A68D388CDC36D855578FC4,294573,res/animation/effect/tx_shenyue_shangtiao.pkm@alpha.gz,9cbd1625f5437645a45f2205132d40f1
A2E38AE5032C4DE929A85B125A6E78AF,1579,res/animation/effect/tx_shenyue_shenglong.atlas.gz,644bbd493759a807054d934951b966fc
092CC58614044A470D22841C9A0F8A20,1982,res/animation/effect/tx_shenyue_shenglong.json.gz,85afe0021b4384e28cef7d26906cf152
EC61E08F2D8C16BB29B4F2E2AF217055,753556,res/animation/effect/tx_shenyue_shenglong.pkm.gz,35f0bba0a8db2458c096f1ac6fbea7f9
DBE600881A7F8EA0AA2892AC2CD00BB3,531695,res/animation/effect/tx_shenyue_shenglong.pkm@alpha.gz,2969172901515d1d1af0422bafeef0a5
3CD2A19CCEC3597BE32FE4192F3AE3AD,1731,res/animation/effect/tx_shenyue_shengzhuankou.atlas.gz,9491b37f71d362c6d81a92d3f38ad6d0
D33479D123942A96A94A0B74D442D41E,2810,res/animation/effect/tx_shenyue_shengzhuankou.json.gz,88561b903842fb7e8d05f7891a074d58
363D529AFDA5C4B4312C20371A4E5622,383479,res/animation/effect/tx_shenyue_shengzhuankou.pkm.gz,259b140ae8c87204fb556192cc68876c
AC31FBF691C79420B23F97B1BE60901A,303736,res/animation/effect/tx_shenyue_shengzhuankou.pkm@alpha.gz,5440fb8e44196e727692dc946c0199c7
9A8EA3B24214D991EA7E4855F02C6CC4,894,res/animation/effect/tx_shenyue_shikongzhan.atlas.gz,d31fd9c755d205acea0f2893e10295b2
E9F6A3B0F6D0ED91C0323F1E564336D1,1409,res/animation/effect/tx_shenyue_shikongzhan.json.gz,b63570038995b7cab6060979d3e5c834
C73E927EF5F8D72BA7F880CED1656071,186511,res/animation/effect/tx_shenyue_shikongzhan.pkm.gz,ad1a3915f1f187719e2174ddd13ce873
86CA86775AE6DFA153BD5A25400A38F6,126443,res/animation/effect/tx_shenyue_shikongzhan.pkm@alpha.gz,ceaf3abd91d009281b950dd49b991885
F1D56B230312618FEDA472247985A509,1042,res/animation/effect/tx_shenyue_shuangjianbadao.atlas.gz,accccc5efec3858fd85fe4b5e1722b06
2D845E039A3D4B4E43CF2D1A07F927CE,1751,res/animation/effect/tx_shenyue_shuangjianbadao.json.gz,395aa903f7ecd03ad82e88b69d90f629
F20AE6B52188660624B8AAE3D76F93B0,190624,res/animation/effect/tx_shenyue_shuangjianbadao.pkm.gz,db3d086c45404869ef50dc77dd9145b3
8EADEF4A782FAD1BBB4C42ACFC496A6A,166729,res/animation/effect/tx_shenyue_shuangjianbadao.pkm@alpha.gz,b18fa2386b4431154407f76c419f0e40
B56ED743AF1BF7F42588A9EFB7A67ABE,2013,res/animation/effect/tx_shenyue_shunshenjian.atlas.gz,645f77fc6a0e301b1db5de129e3f1d27
F728FE45D49EA430DF29DDB8CF2F3FDD,2963,res/animation/effect/tx_shenyue_shunshenjian.json.gz,c61e3f6cab255b647870d175cb8b9d17
34B27BB55EDF5389B81A159C259D28BD,489694,res/animation/effect/tx_shenyue_shunshenjian.pkm.gz,60a90e159f7bfaef4658ffeeb8973b3f
BD9EA395381A49583CEF27AC0D887980,319781,res/animation/effect/tx_shenyue_shunshenjian.pkm@alpha.gz,ac5693ab30dab2428fb13b2eb876e63b
FEEA09E37CD5F64F119366FE805E28A4,2644,res/animation/effect/tx_shenyue_tiaopi.atlas.gz,fb1f6ebef16c8a1b6ae8fcdc62771ac0
18EFDF1180F22B0C30F167A5DB258ABF,4953,res/animation/effect/tx_shenyue_tiaopi.json.gz,411521bf004ec7d6f40d05dce33006ff
7DFF669DC1A7E777B07A6ABC22F3BF7E,539421,res/animation/effect/tx_shenyue_tiaopi.pkm.gz,530548ca1be75f141260e58279bea53b
BA7297EB53F4C5B1030576745B5CE72C,456010,res/animation/effect/tx_shenyue_tiaopi.pkm@alpha.gz,b09f53982019b9a0722d76ed3d2b5932
CE51037A5EE089656A8FA8EE8256D753,1280,res/animation/effect/tx_shenyue_wuminghuobaozha.atlas.gz,7672c8a23b6e46caef60d2d01c7df8a3
E6E64EE7FA4A187D58CAF261A9625ACA,1944,res/animation/effect/tx_shenyue_wuminghuobaozha.json.gz,a45b7c4d4d32fdf8fa351a1f71228cd9
C8AE7CE33231C98F86386A559B490C33,575673,res/animation/effect/tx_shenyue_wuminghuobaozha.pkm.gz,d2c8a9de0a09e55423809c2798ad3195
B5D0A12084A8A5A3968E7A0E65C16B70,481222,res/animation/effect/tx_shenyue_wuminghuobaozha.pkm@alpha.gz,59831e42bc05c1b51274cc88d39e3d79
8900B9BA55F7E0BCC3F8AE03D3FD700B,1669,res/animation/effect/tx_shenyue_wuminghuopaidi.atlas.gz,10a3117a1854e29c7765cd5380cd69fb
F210C7790DA16E8DCC7F34FF91757A18,1995,res/animation/effect/tx_shenyue_wuminghuopaidi.json.gz,723f08ab759d35b4d6baeef806582822
382A3ABDC8C59FA94172703A1913AC40,532809,res/animation/effect/tx_shenyue_wuminghuopaidi.pkm.gz,f99af1d03c64632a2d7901e371f37e10
A5FAC79C8531F138226D94B02F8DC92E,385643,res/animation/effect/tx_shenyue_wuminghuopaidi.pkm@alpha.gz,05ccb587e294661b95a6eac5f59debff
94D71A092BA8699AFD810871C7F1107B,1381,res/animation/effect/tx_shenyue_xiapi.atlas.gz,461aa718c99e676d26986e65cdc0b074
76A8E89CFDF30339E6C6DC76900B0D95,2633,res/animation/effect/tx_shenyue_xiapi.json.gz,19e76f59c16b25b8ff25eedd98f5831d
33DE145DFF12C654F07BE765443392FD,676728,res/animation/effect/tx_shenyue_xiapi.pkm.gz,c13c5259b7c2226b9f2f8b41ab4f157a
E582C2E8C030D2D6499227541EC53137,491098,res/animation/effect/tx_shenyue_xiapi.pkm@alpha.gz,1404860b3da02e243e4d3914c2c991e4
5784ED2036D33E80B6ECDFB7E0A1A2BA,3008,res/animation/effect/tx_shenyue_xingbaolianzhan.atlas.gz,d66704ac3154b32acd60d2935636d8ac
C87822D22226B63145A3A99F7378FDC7,8169,res/animation/effect/tx_shenyue_xingbaolianzhan.json.gz,c97ebe9046d44d95834b2bb6adbcba40
D8EF100287E36553194E3002351C1118,1224204,res/animation/effect/tx_shenyue_xingbaolianzhan.pkm.gz,11cccddc763e435d3191003c4b0b5d3f
4F1E0A40EE76280EBD0E1868434C6BC7,796222,res/animation/effect/tx_shenyue_xingbaolianzhan.pkm@alpha.gz,2e0b78d44bf895f3a85ab2f57d80eb7f
14FEC9605E593E4C01A1E80C05E40CD4,1276,res/animation/effect/tx_shenyue_xulici.atlas.gz,e2a8999dcc853986835193e24f9dbb0e
0391E2AF56345FDB39CE16BDFB23DD49,3181,res/animation/effect/tx_shenyue_xulici.json.gz,ac811f3d1a90cdf2c51630e7c1ea1d35
09A855FCCE493747CC2E78C5D5832585,272710,res/animation/effect/tx_shenyue_xulici.pkm.gz,d32caae59cad4cab7f9f4ee4a0aee631
294F16C02CEAD091661781F6515D8652,207680,res/animation/effect/tx_shenyue_xulici.pkm@alpha.gz,cfc4eb8cdbaa0243b63d89ecd0e12039
33278DF630AA86FD52DE93F7B0054738,1498,res/animation/effect/tx_shenyue_yanjianchuanci.atlas.gz,c799f7d54d8dbb1964c690edcfe12657
CAD07CEB63594A1AA9E8FB1F116545BF,3239,res/animation/effect/tx_shenyue_yanjianchuanci.json.gz,3bb9fd1835dde2c0af9f8595e6df5a19
D0E37A6E94A2A98E4B859FB1B1336AAA,213785,res/animation/effect/tx_shenyue_yanjianchuanci.pkm.gz,ec6985c380b64c5a00583e62be43019b
E14C6AF50E7D4FC369312A81A2309F07,188246,res/animation/effect/tx_shenyue_yanjianchuanci.pkm@alpha.gz,61e3c0ad0cc0b69fb0816dfd82b0c9dd
5F11781E32590847F4D08C340C48B58F,1265,res/animation/effect/tx_shenyue_zhenwuminghuo.atlas.gz,375c137f4e4f8cf603734f3ad06b6dc8
7F2B3B12AE4698E6C1289129F63F731B,1515,res/animation/effect/tx_shenyue_zhenwuminghuo.json.gz,d05a32d5755417c7a7f5d69120b56472
CA4C976163A1A40F8B7BEC251CB920C2,491655,res/animation/effect/tx_shenyue_zhenwuminghuo.pkm.gz,a7b5e31b3dae5f52b0c90c9de65c20f8
0242D06D661D442324ADA2C36BBBAEB3,315604,res/animation/effect/tx_shenyue_zhenwuminghuo.pkm@alpha.gz,4b5af578954a31f30e23053306543c47
31307239DB974CDD93665CEF275D555B,2398,res/animation/effect/tx_shenyue_zhuanzhishouji.atlas.gz,5c30444b293986409505288cf57fde26
D06B05EA54F47ABE44A7D0EF8E17AF20,5789,res/animation/effect/tx_shenyue_zhuanzhishouji.json.gz,d0086270bac7000f5a691e9309b2ef52
29E056D7CF979C7D07CE78883DF7990D,462558,res/animation/effect/tx_shenyue_zhuanzhishouji.pkm.gz,3c7fa019a5f54cf86588e8a18ae6403f
3F533BA4CAD080BCD5EF00A11DFBABF2,421631,res/animation/effect/tx_shenyue_zhuanzhishouji.pkm@alpha.gz,8490cb385852f40ae34e670a1f24446a
6A147FBA4E0CB455EB7FFC8CD5C1EEC1,994,res/animation/effect/tx_shouji_huoyanbaozha.atlas.gz,f6c9c2fde5fd136f80e67f70eb335c0e
FC56D817776B9672C208A4B9F5EEE094,1148,res/animation/effect/tx_shouji_huoyanbaozha.json.gz,217db0347c9bd1c314f6cf694240f49a
2F585E9CABF04207D722D186FDB48D5A,697751,res/animation/effect/tx_shouji_huoyanbaozha.pkm.gz,77f6e68118031f678ca19bc1bd2c4aee
E3F8B44E60B50FC67D89C28B7700E136,424649,res/animation/effect/tx_shouji_huoyanbaozha.pkm@alpha.gz,a7290cbbc731b03768968e0c2b6e8650
03C59DC106F4F3EADD2998EC9DB620AD,881,res/animation/effect/tx_shouji_huoyandaoguang.atlas.gz,d74681732c2eb3dcdb2f384d4de3a532
275E0C2AAD753BEBE306E72F0DBFAB53,1266,res/animation/effect/tx_shouji_huoyandaoguang.json.gz,8eed6e14353c8a3b60c0972510969863
7A82DFD580C71AE559867467C8A5A734,232811,res/animation/effect/tx_shouji_huoyandaoguang.pkm.gz,14bfd250a0570fdd0f3b14bd2aceb054
19D3CCD66DB29C73F07A34AD225E0A34,204413,res/animation/effect/tx_shouji_huoyandaoguang.pkm@alpha.gz,0bfe4528f6caf73aded7a04af5879dc2
DEBB2BE52D8670858C9A247181B4D5AD,214,res/animation/effect/tx_shouji_jianrui.atlas.gz,e8c6ce4c069d005924f92dded2b2d2e2
A4617F247221C360EF8E4BF754FDDA5B,526,res/animation/effect/tx_shouji_jianrui.json.gz,16ddc50a87e3521e3598169b8775cee3
357DF014C55178EA654AEE1EFFC8B7DF,3477,res/animation/effect/tx_shouji_jianrui.pkm.gz,158c94d07e31eebd8a572955c80b00f8
0BCC30C383ACB509981638F3CF908272,2409,res/animation/effect/tx_shouji_jianrui.pkm@alpha.gz,0039c67ba0c6fd466b12098e459b7f6d
81357E2BD41C77C98FEEBB1E8F0713DD,458,res/animation/effect/tx_shouji_jinengdaoguang.atlas.gz,e3792ed07dc39fbb4c7b5d27439223ab
ACFB3D841FC6179F177102764C75ED61,4100,res/animation/effect/tx_shouji_jinengdaoguang.json.gz,fa0e0a9ee17f730f208dad4f476728ee
1EBA148770672A868ABBC29A8F511259,58521,res/animation/effect/tx_shouji_jinengdaoguang.pkm.gz,3ffe15a17fb897abedd3e091e7f87ca6
AE6442601D73C8D98FC0D6658917A6D6,50068,res/animation/effect/tx_shouji_jinengdaoguang.pkm@alpha.gz,d28ea7c84b030dffb89a0810053570db
A636FE97ED68F2369F46A6AEA42F1CDD,214,res/animation/effect/tx_shouji_liulian.atlas.gz,7d4e122ba061d470c4bf4e7510b16a30
F3576774E5B20E059389890C4F19A8A6,417,res/animation/effect/tx_shouji_liulian.json.gz,3076e3bfd71a38e7add9ee8493547d45
584CD623592E2DE1C2CAB887517907D7,3707,res/animation/effect/tx_shouji_liulian.pkm.gz,066234269c7cd0a632bd2a55b71da3b0
58D20BBA6F890FDE9446883D44A99CEF,2409,res/animation/effect/tx_shouji_liulian.pkm@alpha.gz,0039c67ba0c6fd466b12098e459b7f6d
DA3A868080C3E8EEF878F5A49B5C234F,408,res/animation/effect/tx_shouji_pugongdaoguang.atlas.gz,48409032cebc0351b3831a44ab0cfdbb
BCF2F413EAEE78FE8C90E863B7A1ADC0,2773,res/animation/effect/tx_shouji_pugongdaoguang.json.gz,d2e5ce618f5300cb1b4821609c47a691
366BB84C979EFE097E5EF0316FB42D37,55080,res/animation/effect/tx_shouji_pugongdaoguang.pkm.gz,8472c8c654d217e4c87734ea467a996f
1E7FE617FC02BBC0ED660B72459445F2,46135,res/animation/effect/tx_shouji_pugongdaoguang.pkm@alpha.gz,8903b06ccf58f3107f1dea6d1c7fd9c2
E46B7975632298907BE7A62EA98801EA,289,res/animation/effect/tx_shoumenyuan_texiao.atlas.gz,2f4de33498c3e4100e8a131d5f27af04
25030D294A77AF0774D21DCB49F1821C,2819,res/animation/effect/tx_shoumenyuan_texiao.json.gz,2ceea3398bed317c3ba5659e5e5c55ad
D5C847F436ED094F1C098B6C8724BA34,11869,res/animation/effect/tx_shoumenyuan_texiao.pkm.gz,06ed4e14b4f792533dbd4856304c4be6
433B987101C838E7A3C29269FA2ACC0B,10147,res/animation/effect/tx_shoumenyuan_texiao.pkm@alpha.gz,1ccb4bb9d50ca4b13848bef54e9045cc
C47F8C8FF1CF3501E654C87F05A96E52,617,res/animation/effect/tx_shouweibing.atlas.gz,affeaf11d4e4818a4ede0931a0a97ad1
9D0C3D9A5EE480101A085C10D207DB65,614,res/animation/effect/tx_shouweibing.json.gz,77050fdf4e3af5996e111ef7b6256190
73DE9323DF8F9EF6A68F503273D01916,153394,res/animation/effect/tx_shouweibing.pkm.gz,ffc397081d7d38639db9c29d63c46e26
F8F498E10BA3E7E5AE62374A3372CF07,88320,res/animation/effect/tx_shouweibing.pkm@alpha.gz,2f149777245acc9142dbe58dce4199a5
B19B598C736627605C3824B82D6A0DC0,609,res/animation/effect/tx_tanglang_chongzhuang.atlas.gz,3f89deb18652c836c9bda5db1dafecba
D0B939526B98A95C039BA3024997B521,793,res/animation/effect/tx_tanglang_chongzhuang.json.gz,8fc11552bf8c067c24580bcd857e7b02
7C36A1A49A872A95D7C389C2FEF7957C,57857,res/animation/effect/tx_tanglang_chongzhuang.pkm.gz,5ae04215a7dd1f3950efcfce3a8ded99
6BD3E53008465354E2E3BBB1718B7C19,50160,res/animation/effect/tx_tanglang_chongzhuang.pkm@alpha.gz,77c18a3ffb2f54a6da959ced231a2041
0D3B04F843B20223AEFC809EB48297D1,1653,res/animation/effect/tx_tanglang_chongzhuangyanwu.atlas.gz,bcfa59d3771b94d71a91f35ceaebfc87
735D1D25EDCC6D31A88AA7C888852F1C,1961,res/animation/effect/tx_tanglang_chongzhuangyanwu.json.gz,be9a06eed898e0dc35bc7bcfe1da7709
A511E822190B0A8302E4C3339477860F,406756,res/animation/effect/tx_tanglang_chongzhuangyanwu.pkm.gz,d78af02e97faed02c5186c62066f1956
89D63587FED4F328FF0C25E3AB878AAC,308651,res/animation/effect/tx_tanglang_chongzhuangyanwu.pkm@alpha.gz,4fac07ade3906a2f8c78b4d3db846b02
84FB3CE5ED48FD9DBAD5B7ABDD698656,219,res/animation/effect/tx_tanglang_longjianfengzuo.atlas.gz,752643cae727c9f64cf3b8fbfe9725ef
914DDFE43C0F877988295BB1EFEDFA93,648,res/animation/effect/tx_tanglang_longjianfengzuo.json.gz,fe8214f2f5d078426da9612650b8362a
70121A4DC025A883B918F2A06CA30C45,283,res/animation/effect/tx_tanglang_longjianfengzuo.pkm.gz,f9ceb5a160e256264bbac4d23cb36b10
6388661D361FCEDD4F6BBD6C20857540,281,res/animation/effect/tx_tanglang_longjianfengzuo.pkm@alpha.gz,1d2b2c4114c49f452017600b03cbcbcd
3F67665F9CCB539177C93EA28F26C543,1161,res/animation/effect/tx_tanglang_longjuanfeng.atlas.gz,c9958ebc41bbce41cd1d727dcf653a90
B45D8D10469323EAC94635F7AC16C155,7788,res/animation/effect/tx_tanglang_longjuanfeng.json.gz,b2ea2bd11d0d5fa4338a030f50b6f4ed
E68DA99150134959C18D51D1789E797B,621643,res/animation/effect/tx_tanglang_longjuanfeng.pkm.gz,22e12eff18f07fe2099f167f475064ee
319A951C3D7053DF3C4B729271F67048,489574,res/animation/effect/tx_tanglang_longjuanfeng.pkm@alpha.gz,45472c917cb7c332a85ee17c75313dc4
04183CDE9E9F6905DC1CA4B0A9E10F80,1898,res/animation/effect/tx_tanglang_xiazhuiguangqiu.atlas.gz,6073ba0fbdee9d0b59dd265e253d09b6
E66A0A1A63F07ED9A786ACA4788043F4,9120,res/animation/effect/tx_tanglang_xiazhuiguangqiu.json.gz,a2a6cd1df10d8bdcd53480298d9c511c
6837FED0B39FF53E6630DCC081ACD43A,666954,res/animation/effect/tx_tanglang_xiazhuiguangqiu.pkm.gz,cd909baf07849d39cd13ca176f90073f
8A21099FE9E16237FC1EDE214FDB12AD,538421,res/animation/effect/tx_tanglang_xiazhuiguangqiu.pkm@alpha.gz,cb43e2fa9f93bc60dbf484ff2d1eaaa5
90AB187C9A5EBCE64F23BC40B454ABA8,1040,res/animation/effect/tx_tanglang_xiazhuiguangqiu_qifei.atlas.gz,dfc8a80f8ba05dc7188fcbeb50e97cc2
5C21B1B9F2B0D47F9EDD6943559ED6FC,5362,res/animation/effect/tx_tanglang_xiazhuiguangqiu_qifei.json.gz,a1705504c5e8f32b31293973c9d149b6
DB69B06C925B09A4FCD712AE3B3B9A7D,149024,res/animation/effect/tx_tanglang_xiazhuiguangqiu_qifei.pkm.gz,78b5171bbcde825b8a1febebeef657b5
0FD75B528560877600645950258A4829,246256,res/animation/effect/tx_tanglang_xiazhuiguangqiu_qifei.pkm@alpha.gz,8bb90543deac29177003bca48d555735
D0AE53D1A188AFFD0F866B381A51E3E5,1754,res/animation/effect/tx_tanglang_xiazhuiguangqiu_qifeixuli.atlas.gz,82bd037e889fefb4a862e704a0155e25
C472B9807D94C57183E8FB1046335559,2000,res/animation/effect/tx_tanglang_xiazhuiguangqiu_qifeixuli.json.gz,d8a70c4e2662304048098c5ea7a70ee8
69FA284FD1B49C002CFB59A1D8316DEF,573428,res/animation/effect/tx_tanglang_xiazhuiguangqiu_qifeixuli.pkm.gz,21ff453055d9cdd24a2dce4e068d765c
2ADABFBD97C6D30DB3E834538B4FA70E,393871,res/animation/effect/tx_tanglang_xiazhuiguangqiu_qifeixuli.pkm@alpha.gz,ef50ca9ff1e55f17b7210830d54c0978
A6526B0DF31F902575C8F88074C06E4D,214,res/animation/effect/tx_teshunengli_duwu.atlas.gz,0dd719b1f05370f027faf5ec09e7cca0
5839177445DC5A1DA977D0F085B15292,1242,res/animation/effect/tx_teshunengli_duwu.json.gz,b1dd2339cc07e7789a0666f93ac624b4
4AD8CDB43394600DFB474CE750E56C54,52516,res/animation/effect/tx_teshunengli_duwu.pkm.gz,9a5b057db3e1ad0d267767000e9bd675
4F8111E6AF10D64489DBB9B3BCEF8168,42966,res/animation/effect/tx_teshunengli_duwu.pkm@alpha.gz,b7805b28a8473c3eb77ea7a75d50b44e
93E8AF40024FC27BEA3BE48CE7D633E6,1007,res/animation/effect/tx_teshunengli_huoyanchangjing.atlas.gz,992e2c9093e972f55d0e6e261da8c040
2CF040DC73F002280C408244581CF207,5142,res/animation/effect/tx_teshunengli_huoyanchangjing.json.gz,9e23873fffb54a2bcb2aa5f711d9b616
2B66B6CB3530FD94AF470D3D6C10E386,1576,res/animation/effect/tx_teshunengli_huoyanchangjing.pkm.gz,d7a68a2af8e5ded52d8586971aa1e3a3
B4FD6D9B9307E37FFCF341566332F3E3,1870,res/animation/effect/tx_teshunengli_huoyanchangjing.pkm@alpha.gz,323c3c0dc83b08d20dddb9852f1babc2
0D6316E83DD2A1EA0869C76AB009E6DA,330,res/animation/effect/tx_teshunengli_xiaxue.atlas.gz,5ddac11e03974479ea4da2fa26a31421
DCF60FF9E88266696A9B8FB69E7FCBD9,699,res/animation/effect/tx_teshunengli_xiaxue.json.gz,fccbb501b5aff153b963c95db1f5f625
63F13C0D9BA08142D918E60A683CC5DB,66387,res/animation/effect/tx_teshunengli_xiaxue.pkm.gz,9ba0989da4414c08a08d4a3c920614d2
732804A2E6E78862053EDD37F7D42F2E,35011,res/animation/effect/tx_teshunengli_xiaxue.pkm@alpha.gz,a974a7e850fea08118f78091f43f2f23
A5259FA867A22667E750997CA91EA744,1976,res/animation/effect/tx_tiequanjumo.atlas.gz,8cefd5ceb7c54c887b318855dfdfffcf
D6EF4A220485DB864BF1E743A938F8C3,5772,res/animation/effect/tx_tiequanjumo.json.gz,9bb2c6f89ca785399abe8a50be306311
4689D48E4B05A89DFD19975F5ECFB6E1,524566,res/animation/effect/tx_tiequanjumo.pkm.gz,399b4d6f64df23f5610d89727b1883fe
FB3ECAA2CEB58CC26323C68AF94667D8,401382,res/animation/effect/tx_tiequanjumo.pkm@alpha.gz,75f8105bc5dfa620ed8eb47bb10c49c7
D7255428FF18F06D75DAA14F2ADDEA1D,583,res/animation/effect/tx_tiequanjumoshouji.atlas.gz,44ac044c2be447d1bd5e62f54de463bc
44946BF80E37A3AA9D975F885C136C31,487,res/animation/effect/tx_tiequanjumoshouji.json.gz,ca97c5bfc697f3de8f3f3dfbf7519b1f
C47FE48812E2955C62167C1731E085AD,88470,res/animation/effect/tx_tiequanjumoshouji.pkm.gz,136bff6e2f1983849b5fdc1cb328a3ae
DE4A3EB08FB589935E4FD6AD0C9CCAF9,89431,res/animation/effect/tx_tiequanjumoshouji.pkm@alpha.gz,c7059842e945f78a4f24a22b2c5dfce4
4F52CBD2F922CACBB358370B63270E36,339,res/animation/effect/tx_tishikuang_daokezhenya.atlas.gz,8aea70ecee0a599d293886397d2b435d
427EBD5BC2B7079A757A6A8A98D0FABF,667,res/animation/effect/tx_tishikuang_daokezhenya.json.gz,b8a62f01e1635979b7a355ca5c4e320b
B7845368B0282F3DD74366D9E54661CB,28644,res/animation/effect/tx_tishikuang_daokezhenya.pkm.gz,0eee73e34767c70f7775c6dfe3b0c693
B5F224110EB2029940300B7498F86705,39231,res/animation/effect/tx_tishikuang_daokezhenya.pkm@alpha.gz,e725ce9dc563537ff48564213952d992
B1BCCEE05C40A2AFCF9772C1C9893F6B,337,res/animation/effect/tx_tishikuang_dundaolong_qishen.atlas.gz,88fae79d9bbeda22377a6114649c8ec2
F112F1DC9A24BC3DD276EE046F29652D,681,res/animation/effect/tx_tishikuang_dundaolong_qishen.json.gz,e18af3b8045872de8a9386c9c5c5a7b0
D9E46334F53E7B9618C429675F7E781C,28644,res/animation/effect/tx_tishikuang_dundaolong_qishen.pkm.gz,0eee73e34767c70f7775c6dfe3b0c693
41A1E77ED781CD53AA68C2CA37DE4B05,39231,res/animation/effect/tx_tishikuang_dundaolong_qishen.pkm@alpha.gz,e725ce9dc563537ff48564213952d992
3117053D5F199F2DBC53AE538164BB06,333,res/animation/effect/tx_tishikuang_kongbaiyeyuan_hz.atlas.gz,e7370e9e419fc5ae6ec0d63a0d154311
E2F56E0D1B183EFABB84EE59A1C80DD7,831,res/animation/effect/tx_tishikuang_kongbaiyeyuan_hz.json.gz,24c73cea7bd85578743610663a0358e9
1D06D77A0C1EAB4BA6749206093305E5,28644,res/animation/effect/tx_tishikuang_kongbaiyeyuan_hz.pkm.gz,0eee73e34767c70f7775c6dfe3b0c693
B99CE294651ADB8B36FC914FED452878,39231,res/animation/effect/tx_tishikuang_kongbaiyeyuan_hz.pkm@alpha.gz,e725ce9dc563537ff48564213952d992
885ACCB78F637F6C310139060EA30CFF,336,res/animation/effect/tx_tishikuang_shayekongbai.atlas.gz,5761d370011b9aa57f63fca408689a28
D6D9E2248050B5D09DD49B6031B8F7A2,667,res/animation/effect/tx_tishikuang_shayekongbai.json.gz,b8a62f01e1635979b7a355ca5c4e320b
DF8CA5433DD3946EF763819781D4F9D3,28933,res/animation/effect/tx_tishikuang_shayekongbai.pkm.gz,2d129fd7f5d350c86f9295fc29b280ca
B9592C8EA3312D3EF22A29BF71CE5694,39528,res/animation/effect/tx_tishikuang_shayekongbai.pkm@alpha.gz,8cbbf5dfbcbd665c9f7a89cb71680b22
B5B54FFFE03A679A68C955E794FDBF00,479,res/animation/effect/tx_tishikuang_yamei_daleidian.atlas.gz,a80beffad30195caaf96368c6c83b4d3
E0FBB039576C55192E3FE10EFDD91F2D,909,res/animation/effect/tx_tishikuang_yamei_daleidian.json.gz,1aaa672f87609179a9e90c5a58adedaa
112BA0F6788EB24CED739E62307F77DF,10641,res/animation/effect/tx_tishikuang_yamei_daleidian.pkm.gz,c71604e7174ddf54320660e641e4c712
E785DDEF2B41525CB8AAD4F73AC37DB1,54106,res/animation/effect/tx_tishikuang_yamei_daleidian.pkm@alpha.gz,5d5e6d4cf795cacc6831d35b45864f77
1B63B6DC4B5858BAC25611C43BC2251D,481,res/animation/effect/tx_tishikuang_yamei_xiaoleidian.atlas.gz,abf3d0782e4d2f15e6908155cd45577d
0BA8CFA23C14050455226124A7DC9299,909,res/animation/effect/tx_tishikuang_yamei_xiaoleidian.json.gz,1aaa672f87609179a9e90c5a58adedaa
D013860A9DAA429B1E7EB92E6E5DC863,10641,res/animation/effect/tx_tishikuang_yamei_xiaoleidian.pkm.gz,c71604e7174ddf54320660e641e4c712
E1FA82FA4694323B3EAC9070DF163BB1,54106,res/animation/effect/tx_tishikuang_yamei_xiaoleidian.pkm@alpha.gz,5d5e6d4cf795cacc6831d35b45864f77
3774747CE0F5CF026DB4A40176ECDBC9,1688,res/animation/effect/tx_tishi_bossshunfa.atlas.gz,4cc4f282fc72b03a1878f9dae895717a
D6CA3F6ED4C5D90F452FA347114C25B1,7891,res/animation/effect/tx_tishi_bossshunfa.json.gz,99d2f111e4042bfc438eb76283b22b3c
97E05AED67C3AABECADD950941198F0A,347050,res/animation/effect/tx_tishi_bossshunfa.pkm.gz,4aa4b10d3797750a36d97a4ffe0235b8
CA4410BB29606969A8A0223906F2A6EB,267235,res/animation/effect/tx_tishi_bossshunfa.pkm@alpha.gz,05cb4fdb848dd596594340576afb39d0
F61DA45DDDEA7F6FB16946FB186A6083,851,res/animation/effect/tx_tishi_yamei.atlas.gz,f47f763c1add581a89f1ad3e45000b0c
5C8129486CD47556364D408423BB98B8,2157,res/animation/effect/tx_tishi_yamei.json.gz,ec4e70e40ef422ea67e154d3d50c03da
ACC23F0B4E45AA2DD336131BB5E54CFB,138918,res/animation/effect/tx_tishi_yamei.pkm.gz,2acf6e12324d212405fefdf9e822199d
67D2FFC37C33A9DD5ADC8B244320F514,113389,res/animation/effect/tx_tishi_yamei.pkm@alpha.gz,46ae739d063ccd68848c1d56a73d3b91
9E85AC8D4DDE1B7B495026448744E679,211,res/animation/effect/tx_tongyongaoyi_bianan.atlas.gz,ebbb606d5fca12014944c35811841325
9C28E8517F18CF5E84934618D693F52B,325,res/animation/effect/tx_tongyongaoyi_bianan.json.gz,8e1e471cb5814256736dd9153da356bf
86A90BECE85B6D3D8D15DADB8365EB9C,1231,res/animation/effect/tx_tongyongaoyi_bianan.pkm.gz,6f887ca2592bc403f8a819efe3c7b23f
E780788B93635148685FBD3C68EB03BF,1498,res/animation/effect/tx_tongyongaoyi_bianan.pkm@alpha.gz,6c4bc5f63aef0c570ec898bd951f7543
3EEC3F60F34CBC9CF4615838884BC0A6,339,res/animation/effect/tx_tongyong_gongjitishikuang.atlas.gz,91335709d50796e8e2fa4ab7de9388ff
226BFACB4455B0A1B0C89215F86B8FEC,863,res/animation/effect/tx_tongyong_gongjitishikuang.json.gz,86725d984e4653e766d0510d0af73a66
C44FA28AF6ACFBE86F1618803BC2F667,25609,res/animation/effect/tx_tongyong_gongjitishikuang.pkm.gz,c81f76ee51a6590b767d3d675cf6473b
0BA716EE36B92539AC8562310D5398BE,39528,res/animation/effect/tx_tongyong_gongjitishikuang.pkm@alpha.gz,8cbbf5dfbcbd665c9f7a89cb71680b22
E84762D28BEE47AFA19F20A99983DD1B,227,res/animation/effect/tx_tongyong_gongjitishikuanglan.atlas.gz,3c26259622d5116593f07589dc1ad15c
CA734DC9A913A4721E47A57443091F50,258,res/animation/effect/tx_tongyong_gongjitishikuanglan.json.gz,039018b103bf6c776ad1fc1068213cad
297CD2B973833949AD329A60431ADD1B,18365,res/animation/effect/tx_tongyong_gongjitishikuanglan.pkm.gz,40e06be41f99ddc560f5ed60a44b90a9
A69BF775355C601812C531AC0983CD92,26183,res/animation/effect/tx_tongyong_gongjitishikuanglan.pkm@alpha.gz,09c5c1ec043f704c9785d49583725528
A5E79F86536D65BCC101DBCEE5BCD57E,1374,res/animation/effect/tx_tongyong_jiandui.atlas.gz,4361681fc4af6042aa7dab071b92731e
E3E5FBDE02C762DAD3C9D2D296F80072,3205,res/animation/effect/tx_tongyong_jiandui.json.gz,e654c6864ad9a993608ac5ebba3e5913
83FDD5B2C75A7D9D498A33AEEC72B496,427998,res/animation/effect/tx_tongyong_jiandui.pkm.gz,dbe4865aa3627fbb5a2da5a4ff77d60e
62698D8E5E41FB26EE755557BEDC9DC0,348594,res/animation/effect/tx_tongyong_jiandui.pkm@alpha.gz,2283f025bf6af588927a6c876e9dc863
59A10F7B85A92B6438409FE2C28936F8,956,res/animation/effect/tx_toumei_chixuweixingpao.atlas.gz,40e47d7f63ff8de80d5c32aee5317b19
C4A249A5FBF23F6109FEB28A200A44FB,5350,res/animation/effect/tx_toumei_chixuweixingpao.json.gz,52922d070bea8fbcd0280de3f95f8682
81366B815CF3211B933D5C378710CAE3,171390,res/animation/effect/tx_toumei_chixuweixingpao.pkm.gz,542cfcc598b0175ff434c237ef1bb0ad
61004D029BF107F262E1658BD702F8A4,121552,res/animation/effect/tx_toumei_chixuweixingpao.pkm@alpha.gz,de4aabf0e9029e909fe4e1cf80960368
45F09E9BC665EEAE0B331D5A7CCD63AD,504,res/animation/effect/tx_toumei_zhuizhongshexian.atlas.gz,b0011ca2e157f24f5d584fd15b3b7e51
62B51CB2C2F9059AC8601DA5FA91E350,851,res/animation/effect/tx_toumei_zhuizhongshexian.json.gz,a43a372afdc0404f90055584e766027b
3FF31226B0A95DF39819FA3D8A22CD97,36338,res/animation/effect/tx_toumei_zhuizhongshexian.pkm.gz,dc818c817463a33cc9b706c84aee5992
F99AD728779A5DE13AFEFE1A608B70D2,28017,res/animation/effect/tx_toumei_zhuizhongshexian.pkm@alpha.gz,044d76d74c4ee6ceeeec8757722364c5
E701329BF550AD5A7D381D2F941D0D06,813,res/animation/effect/tx_tujibubing.atlas.gz,9470b6a876c5c7d22090c9fc59c9508d
7CD71BE0F33FA31AB26802ED9FAA7A38,906,res/animation/effect/tx_tujibubing.json.gz,ff497caa173d3a6e428d3db719c9ecd5
9786913AAD02521EC3FFCCB29704941E,76822,res/animation/effect/tx_tujibubing.pkm.gz,cb53dab85b87b4600210efb6992d094f
3D72DDDED258EEBECAFAA34A352495B7,84211,res/animation/effect/tx_tujibubing.pkm@alpha.gz,42653a483b15806a75d1c16ce9d8962e
D7DF06C93F5B96A6EB9B548D7E2A550B,1286,res/animation/effect/tx_ult_16yujie.atlas.gz,4b52218e04977009aaaa2cd766e9dcb8
231DBF8625E59B670802A6974CEA5EB3,50209,res/animation/effect/tx_ult_16yujie.json.gz,1429f11cbed678b82ec3c9db2f22f02d
81BFBDF5AEBF51F379868097D4559FEF,1375127,res/animation/effect/tx_ult_16yujie.pkm.gz,61ecfefb1da4f9b08642cebd99ac39ad
78BECB04C8CE209232EA10F60A46AB03,92384,res/animation/effect/tx_ult_16yujie.pkm@alpha.gz,6b8d3e69115c7f0b0df52a43fb201515
24B8BB248FA68FA89623FE43B30A87E9,2556,res/animation/effect/tx_ult_17heiyan2.atlas.gz,344b2a4b8b424bc24361201b9a69f742
FD0BBE23365BF0EEBF7777CFA8090B7B,44969,res/animation/effect/tx_ult_17heiyan2.json.gz,fa526d0d91cd45933811ece1197ccc99
F4E41B2093D8CEBCD9C555178EBD9211,1662354,res/animation/effect/tx_ult_17heiyan2.pkm.gz,67729ebabcf169930cea66bf64c74a94
95ABAF0ECE29D8FECC05D864DB9198FC,988092,res/animation/effect/tx_ult_17heiyan2.pkm@alpha.gz,c3601d566ba9df9706b734bb2d4b277a
259B2D892D19EC23BD9BEFA32F1A13B8,1659,res/animation/effect/tx_ult_bossailin.atlas.gz,be8423a9c78d24c4eede166da60bed1f
7CFB5CB0290F7135E5B869F115CABEEA,48063,res/animation/effect/tx_ult_bossailin.json.gz,25f2567f097d65eae2090c78ac51a446
E5C1B7F5B4C40DC65F3E49BE2F3A1957,516307,res/animation/effect/tx_ult_bossailin.pkm.gz,876a4d9efd62b7b5b2d898c5adf40bee
4172D764D10DE5C717B968D370CAA95A,305795,res/animation/effect/tx_ult_bossailin.pkm@alpha.gz,754b0da5e054a79e54ad5e9712ffff25
05348EEC200DED086C97DD32E89B8FC1,2217,res/animation/effect/tx_ult_heiyan.atlas.gz,83eef1ffe3a7d9c20d936f2a2c948824
132C6B01D34F20A95785861DAD266966,43570,res/animation/effect/tx_ult_heiyan.json.gz,13a16dc75d48286678f350f8f38a6d87
0FFADCDA544BDC79FC12D2C1D0B4EA49,2435620,res/animation/effect/tx_ult_heiyan.pkm.gz,d0e0b5474d5ec5a82ecffad1f13cd08b
4AE3AAF90726E26B2142DBCD1339F8BB,1007503,res/animation/effect/tx_ult_heiyan.pkm@alpha.gz,e4affa080cddac5e92ca86201f992cf2
DD40239FF08010205C1FAF2C198E7F0A,588965,res/animation/effect/tx_ult_heiyan2.pkm.gz,2c2f0cf2ce0635c436c8318c8a4a1a37
2FC670208C74AA90C83C056022D5E8F8,260825,res/animation/effect/tx_ult_heiyan2.pkm@alpha.gz,d4e2a5030ef80763ab99436ffd4e9f53
3C140F3E883FC0BFA437C5016C32E7A2,1228,res/animation/effect/tx_ult_jiabaili.atlas.gz,a151b62f64ee3bede4bc54ff9b229e74
26B8CD3F362FB8F8B8CC33FFD05D48A5,159389,res/animation/effect/tx_ult_jiabaili.json.gz,f4d5b547f12f0b4f11dea4f6bc15e5cb
DC259723FB6372E0EA66CC53FD0E6F10,711295,res/animation/effect/tx_ult_jiabaili.pkm.gz,d5503f9f098cc4c05858f8920d243028
E61102F103E1AE18DD76B857780AB6F2,241007,res/animation/effect/tx_ult_jiabaili.pkm@alpha.gz,2aba0602342db9731d1d5c5f72f26d9c
D369011B71E8D867068D88169FC0224C,973,res/animation/effect/tx_wuqijineng_bingqi.atlas.gz,4e450b718cfea0090153d29be61daa83
97046726FEC8604642088509870058F0,5707,res/animation/effect/tx_wuqijineng_bingqi.json.gz,d3484369971dac78f46164a2a581b20c
A919766214060BA41B850334C7C64FA4,395729,res/animation/effect/tx_wuqijineng_bingqi.pkm.gz,76ae2bd54625007347fb195e8212acbf
848CF40703A50358F17D42C5A8B564FC,225628,res/animation/effect/tx_wuqijineng_bingqi.pkm@alpha.gz,2b539846c835fa5d03c7fa7b71974bc6
81A95DF13AC7863D603564558A0ECEFC,5646,res/animation/effect/tx_wuqijineng_bingqi.skel.gz,f4fa6eeeaf7fdefd3e465fb624050853
09A8E48D1C867A4326487BD0C5A01EC0,1108,res/animation/effect/tx_wuqijineng_dianchang.atlas.gz,37a233f49471ec8a5a7f2e2f322345fd
535C0725EAA5B4AC121D8B133D989884,1805,res/animation/effect/tx_wuqijineng_dianchang.json.gz,5d902927c5bada74af338d01c13466b9
D5A946C4739D71E428E256A956115879,238990,res/animation/effect/tx_wuqijineng_dianchang.pkm.gz,7f9753ed252f8c36e856f9341301c3bf
9FF9D677C0D369CAE5111BF0287EB363,230298,res/animation/effect/tx_wuqijineng_dianchang.pkm@alpha.gz,f48e48ef65dc4cd3fb03b06ad9889146
F4DBC3EA001C51D340CD928499A01FA5,1519,res/animation/effect/tx_wuqijineng_fengshen.atlas.gz,732950f64c3f22c32017e7e40f9dddfe
5FDF23FC7F81E11D106C8A4B026BA953,2551,res/animation/effect/tx_wuqijineng_fengshen.json.gz,24860e0fe679983266ec6fdeba49f408
DE0784CB2655B593B7294DAADEAB97FB,612244,res/animation/effect/tx_wuqijineng_fengshen.pkm.gz,c06ef6ac04a47483ee91d90383521440
9B336C05539BF31B73583B8F4E6B7E6E,399318,res/animation/effect/tx_wuqijineng_fengshen.pkm@alpha.gz,68cc3ad6a34af55687194cc1bb5a508d
D9746C6EBDAFCDF84FD8D04A0530520F,1537,res/animation/effect/tx_wuqijineng_jialan.atlas.gz,e47e6bd6aa1eaca7fc32c0bc23a25c95
222863D463D4FADEA3DC55DBB2234719,10018,res/animation/effect/tx_wuqijineng_jialan.json.gz,2ecf5f9977912ea8f440846bad0fe009
2AF867802B4557DBCF97D822F2AF8682,117873,res/animation/effect/tx_wuqijineng_jialan.pkm.gz,b2e54fd23e889e6866ad7c27578573b7
E3669B440683273BC093A5826CA28032,97821,res/animation/effect/tx_wuqijineng_jialan.pkm@alpha.gz,08f44222b817b5c328b829f432aa9a02
7F7CB774B5D636AD2A92EFEE6AFB4209,211,res/animation/effect/tx_wuqijineng_judu.atlas.gz,bcdb969cd83663f37e1fa1d4c480e346
223B4041F2DDE5E347A71FD5A92F1CDE,1594,res/animation/effect/tx_wuqijineng_judu.json.gz,67bc4f38fec860764fcdce080fa93b08
578E01548774356CEC95B88EC80A2A7C,54650,res/animation/effect/tx_wuqijineng_judu.pkm.gz,528bc76fb49b1f3aa9529954541fccdc
AC05B4A3515A2DAC631CD46139A2B6BC,43204,res/animation/effect/tx_wuqijineng_judu.pkm@alpha.gz,4edea3a7754cc0477363958e479f229b
FADEA690BCA6C6E2FF978B971CCED4C2,1159,res/animation/effect/tx_wuqijineng_longjuanfeng.atlas.gz,f53865f0609bae0e1f842eaccca9ca47
B629EEC90C39D8C90DBC5F0723836A0E,12130,res/animation/effect/tx_wuqijineng_longjuanfeng.json.gz,42273154545489b753a84a4b155e0852
585C85CB9E12B91331BD6D49F01A4389,661439,res/animation/effect/tx_wuqijineng_longjuanfeng.pkm.gz,eac89d905137ebafefb871473ecce8af
E9783534C19B050F5A1B0BBF1D2329EC,497898,res/animation/effect/tx_wuqijineng_longjuanfeng.pkm@alpha.gz,83b8f2978ddd6031619c7a4a0b407dea
F41915C7466F9B234BE82C8E1D2FC630,1351,res/animation/effect/tx_wuqijineng_longjuanfeng_hong.atlas.gz,c5b822f1e8c765dbafa902c15d2710f6
AB51804F3F5720698443ECC629ABB093,8402,res/animation/effect/tx_wuqijineng_longjuanfeng_hong.json.gz,cc8672b17caf5a827a3d15e264e792f4
A032D35D11624F8872FEA3FA95340529,700799,res/animation/effect/tx_wuqijineng_longjuanfeng_hong.pkm.gz,988418c2129748bee5b24d7913c73ce4
B626E16416EA64E0EE1002B24CD32872,528688,res/animation/effect/tx_wuqijineng_longjuanfeng_hong.pkm@alpha.gz,5c30085a0af39fec98adf06283249a86
1B531296FDDE79333FE4444B2AA3C7F7,1570,res/animation/effect/tx_wuqijineng_mingjieshizhe.atlas.gz,2aad92adb441a729a520c1f361ef04dc
0DD76F5921655E7564E5BF92CC15D65A,21720,res/animation/effect/tx_wuqijineng_mingjieshizhe.json.gz,76944f06f7f42ece80b5cdfae02822c9
17FD7730D52D44CD6099E4178C37BD76,502168,res/animation/effect/tx_wuqijineng_mingjieshizhe.pkm.gz,918e4863ab4b1054f317597ba7466919
2CBC8E4F66FE0B7EAED74E82678B7BF2,361928,res/animation/effect/tx_wuqijineng_mingjieshizhe.pkm@alpha.gz,4cc954459444e35c4fe71702534396d0
241368470C64D4E117C994C760E2F11D,1320,res/animation/effect/tx_wuqijineng_qunxingshouhu.atlas.gz,a0a652c6af64c8ca3fd2752ba727c942
9ED0DCD064AA2AD633E603F8ECF6DC44,2429,res/animation/effect/tx_wuqijineng_qunxingshouhu.json.gz,415ac84f354a0cdd44ed49861efe4f98
E8F1CD8F177EFACC128BF642F5B23B57,82207,res/animation/effect/tx_wuqijineng_qunxingshouhu.pkm.gz,09095a167e5e057178f6c17e5bfb1cd7
0D8CE6670A2B3CF639FF8AB66EE13D9A,86079,res/animation/effect/tx_wuqijineng_qunxingshouhu.pkm@alpha.gz,f011674d8c18636eb526807644775bc9
9B777D092F52CBA0566174196A713CA5,480,res/animation/effect/tx_wuqijineng_sanshe.atlas.gz,230746b60b8f07432d92374fed70b5a7
66839A825847A68108A1596F40C7B7A0,759,res/animation/effect/tx_wuqijineng_sanshe.json.gz,660c508b046a2810ac60a397a15907df
40978A8259B8DB092758F5A17642D8E3,37428,res/animation/effect/tx_wuqijineng_sanshe.pkm.gz,52e3c6a1b0bc3821c32adc15e475ddaa
60066DE330DF9260CA6CEA2DE046CF45,29078,res/animation/effect/tx_wuqijineng_sanshe.pkm@alpha.gz,182ac0a2b57ed9d97c3b813e4e57b2ba
80FCBCABA240F162751251BA11266027,1168,res/animation/effect/tx_wuqijineng_tianhou.atlas.gz,48bac41e27874c0e62045be76f580f01
22C1E1FA04F0C37EFF2231DC0088C6B2,2161,res/animation/effect/tx_wuqijineng_tianhou.json.gz,d770a122cb0aa450061fcde4ceb84120
D98BC2CC34A774A2003A0AFB3CEBB171,288000,res/animation/effect/tx_wuqijineng_tianhou.pkm.gz,859dd00ce29273076766f482fbb77a07
FC5F6FD5EA038144F48DFADD495E2A1C,200177,res/animation/effect/tx_wuqijineng_tianhou.pkm@alpha.gz,9e26b9280190cd97732563113bdddd01
94DD3B1B367DA797767EDED43E563CFB,713,res/animation/effect/tx_wuqijineng_xuesexuanwo.atlas.gz,c6e82396f0bc716ffa7036a5e98dcdc0
D36AA678492648545188A22E4DA99837,1338,res/animation/effect/tx_wuqijineng_xuesexuanwo.json.gz,e5473130e31965ef1651f849f40b0243
DE0874A758378F9E788BBA5B72279625,186622,res/animation/effect/tx_wuqijineng_xuesexuanwo.pkm.gz,a9583c78fb590f57ec0273ff3cf33bc1
F96BA31A6ACC44D7C1865A59D7B9511C,106427,res/animation/effect/tx_wuqijineng_xuesexuanwo.pkm@alpha.gz,20c5b7f1ce4d951217b4aad17a802179
A4728F6341E57C6508DAC008BB67E963,1158,res/animation/effect/tx_wuqijineng_yingraoleimang.atlas.gz,09ecb2d2548525f8e45db256f0f87cf8
0F10ED8CAB6F20D2091786CCCBBB3E72,1806,res/animation/effect/tx_wuqijineng_yingraoleimang.json.gz,462338e150b2ff24a1ec123caa42d559
0D86FDBA36AF2B02567302222A73E7C9,754016,res/animation/effect/tx_wuqijineng_yingraoleimang.pkm.gz,67bacb425e510adf883024e1e3eb4993
2A27DCDC233B85D205E5232DB99BD4BB,605715,res/animation/effect/tx_wuqijineng_yingraoleimang.pkm@alpha.gz,63e233969324d2eed731701acefad8a3
537D78B9482B977121C050C750593B4B,3708,res/animation/effect/tx_wuqijineng_yunshi.atlas.gz,a4c57c28abc2e6f0c4932ba9d77d84a9
0EB2EF937FD56DD7856A8FDC9FAE46BA,19101,res/animation/effect/tx_wuqijineng_yunshi.json.gz,d3e5878fb184526c6fd350a6b5bf5983
D78F9CCDB00378CCFC8082FA462EB549,815901,res/animation/effect/tx_wuqijineng_yunshi.pkm.gz,464e413beda4cd63a7b6e120ef0a5db0
538C0D6122C50076A508BED68E0AE239,634743,res/animation/effect/tx_wuqijineng_yunshi.pkm@alpha.gz,13f8c03a5b1c84f900164bd2d81faaa9
A4DC77E5A3247B0280CBFCF2498988A4,1345,res/animation/effect/tx_wuqijineng_zhanying.atlas.gz,086e9e018d1edd07de05e6ad59cef434
A2E312D973A752148C2D4F8939DCB358,9604,res/animation/effect/tx_wuqijineng_zhanying.json.gz,06dd8fd427c17a652329b9d0221087b8
9FB1A7D3ED2ADA6A9CAF11F607AEA626,715434,res/animation/effect/tx_wuqijineng_zhanying.pkm.gz,b645d009cc498e2d2f0744a5cc23e3cb
61EDA62F80554C87744079865EA40153,530006,res/animation/effect/tx_wuqijineng_zhanying.pkm@alpha.gz,4103f5264a15d5482d22fbf368610a16
57F2E7D17E3DAD3D9DC3F61A252A39DA,645,res/animation/effect/tx_wuqitexiao_chisesishen.atlas.gz,967419ff4edfc03dcb76b30a83fd1b69
9E20F75E5045F94570B20C36CF9E144D,1800,res/animation/effect/tx_wuqitexiao_chisesishen.json.gz,e2f4cc67f4e39adc07cec8952439cb8c
FC4EDB74E494E7BFD1C1535C7D4AA270,242295,res/animation/effect/tx_wuqitexiao_chisesishen.pkm.gz,a7762387f26b44cbf8dcc3e64d797f57
9E0DFAFC47DD64E622F191AADC917C20,177385,res/animation/effect/tx_wuqitexiao_chisesishen.pkm@alpha.gz,9732b065f5d44e958f797e116190420a
19AD58775251F6F5E86E929FA7C19F5A,1083,res/animation/effect/tx_wuqitexiao_fenlierzhizhua.atlas.gz,1520b6be6975a176806e52a86888b62a
67832466F2C27480B1E872430F186725,34040,res/animation/effect/tx_wuqitexiao_fenlierzhizhua.json.gz,afdd65f5ca371f05d9c5c03c9834048f
0F0E8D372C515F61C37374A9D71D90C7,217329,res/animation/effect/tx_wuqitexiao_fenlierzhizhua.pkm.gz,30c6801c42995757a5b15feec08bd58a
B53D63C311ADB489A4265877FD1DB626,97136,res/animation/effect/tx_wuqitexiao_fenlierzhizhua.pkm@alpha.gz,5d5b1ceec61b476a9cf6f40ef3fa87bf
2D2146C30EB1935DF82EC23B7236BA12,752,res/animation/effect/tx_wuqitexiao_gouhuo.atlas.gz,3d74a4b17b81f1a2da6d2553727f3d77
E4CA1E41A6405F52EA71C534F13DF781,3507,res/animation/effect/tx_wuqitexiao_gouhuo.json.gz,dfcc210452a013ffd3c9ca5a39daedac
16B3FDB1CDA78B905FD76FE7A9D2DEE6,211242,res/animation/effect/tx_wuqitexiao_gouhuo.pkm.gz,8c9d37dfca3f08bf80b3e0517d939ae5
E7E6A418D31A970BAA1C3026DDAF92F4,90881,res/animation/effect/tx_wuqitexiao_gouhuo.pkm@alpha.gz,b8ceb542e8e7ed64361fa495c380316f
6067F5C16EE193E14828F646FB8AE00C,1695,res/animation/effect/tx_wuqitexiao_guidaozhiren.atlas.gz,a3a5266af0f1c612ff2c268cafdc1d84
919E57C932A365F37AFB85DACA46BF17,16179,res/animation/effect/tx_wuqitexiao_guidaozhiren.json.gz,60f6df754be02907b6f777e3d6ed0f3c
4252C473EA58A71BB791F0D5D40AE78B,578800,res/animation/effect/tx_wuqitexiao_guidaozhiren.pkm.gz,02ef9fdbad367ebee30e442012e99e2e
9926DA5D0B6900118E1818EA44B2589E,588879,res/animation/effect/tx_wuqitexiao_guidaozhiren.pkm@alpha.gz,b5c313531b7415bce3c7291bc0a77b7d
1CF170E8F7F2BE1A35E40337D2FEFBBE,682,res/animation/effect/tx_wuqitexiao_huimieyanyu.atlas.gz,178215fce52ec9d9c71b4d69c2e96c34
6EEDBA106493E6AF1CB3D4734565790A,922,res/animation/effect/tx_wuqitexiao_huimieyanyu.json.gz,d8a13d4fbbb9b3083032aa55feac0fa4
C5DEEB454B5517F8513DFCC496B12C03,109720,res/animation/effect/tx_wuqitexiao_huimieyanyu.pkm.gz,2688e4692ea94a55f396e916d64bbf08
AD86F8A78FEFEDAA5AE9F5F9CE1FEBD0,113921,res/animation/effect/tx_wuqitexiao_huimieyanyu.pkm@alpha.gz,606078c69c702ebc90404f882cc6deca
9059F2AC33739B843D530D711F4DCFC9,1245,res/animation/effect/tx_wuqitexiao_jiabailizhiyu.atlas.gz,1f0cfa9d89495fcac8b42c417eecbee8
681994E8D08E49B0003E2AFB8F9734FE,14994,res/animation/effect/tx_wuqitexiao_jiabailizhiyu.json.gz,135c824716487e8f89fc015418392281
46661722F111B589B9A1220821E027AE,529066,res/animation/effect/tx_wuqitexiao_jiabailizhiyu.pkm.gz,0168352e5137385a4c0e2a7d695eae9b
45199C8BCB1C8131170E0271EFAE4258,450630,res/animation/effect/tx_wuqitexiao_jiabailizhiyu.pkm@alpha.gz,fef5c3bf39b098c160a8c4a5a2339286
06F095686FECD192C6441F385AB6293F,794,res/animation/effect/tx_wuqitexiao_jiabailizhiyu_nengliang.atlas.gz,3855d3726dce0252be20da56570de363
3D5B3E59EABDE05565DD4163D12A15EB,1301,res/animation/effect/tx_wuqitexiao_jiabailizhiyu_nengliang.json.gz,ea8d4d730562de3f9508ed3b005918a2
20220BBE3280C4B5DEDD5F72B60BFBF6,114508,res/animation/effect/tx_wuqitexiao_jiabailizhiyu_nengliang.pkm.gz,053c5251ce3a7ea350ca54f9c428e7de
5E61DCF104E2663D6A8D36535D45E4F5,76414,res/animation/effect/tx_wuqitexiao_jiabailizhiyu_nengliang.pkm@alpha.gz,21fb60105e1d40f5569524c816f7d1b3
7365A8F4406E3DA3B666D2D6F0274289,589,res/animation/effect/tx_wuqitexiao_jiabailizhiyu_xuli.atlas.gz,4d8f4f10eb4290e15363c5b36364778a
90504AE5A761A950A844D94B116D1BD7,696,res/animation/effect/tx_wuqitexiao_jiabailizhiyu_xuli.json.gz,92e3b8f39ba7c2a32b8e9d7456ab1d70
AC7994AB1D4D4377C3E28A81A3A5E71A,25999,res/animation/effect/tx_wuqitexiao_jiabailizhiyu_xuli.pkm.gz,c51ead1ee7d72ac2c682457ffd392358
1936899976E267676B571089B357568A,18487,res/animation/effect/tx_wuqitexiao_jiabailizhiyu_xuli.pkm@alpha.gz,b5a10d44d8aa3e8a38125ca6ca19ce3c
35B438760B481B2ADC7C4460499C82EB,1764,res/animation/effect/tx_wuqitexiao_jidongzhiren.atlas.gz,8dd002a8d4ca36b591437e0d48489d41
2453E0B392ADD76C0A8B4A16156BF96D,2609,res/animation/effect/tx_wuqitexiao_jidongzhiren.json.gz,5f69706884acaf39f4657dc9f0d30e6b
6B9DD66E695E50F8E198C064ED13BCCA,823066,res/animation/effect/tx_wuqitexiao_jidongzhiren.pkm.gz,48bd767718a8bca99f2e34a9551fc9b9
DAB9F3B81BAACDC8D7978935E87B0F50,752485,res/animation/effect/tx_wuqitexiao_jidongzhiren.pkm@alpha.gz,4fb9286feb5fdb65f0960ef644bcbde9
63887E67ABA5BBDC9B7EA4A6D298C16C,1178,res/animation/effect/tx_wuqitexiao_shenji.atlas.gz,c7bb09b51039e93c0eae401e52ed1905
C4B1ED6CA15EF70C1354DAA3F26C60B2,2644,res/animation/effect/tx_wuqitexiao_shenji.json.gz,016cb84c0ec531b836b1fda1aeb43ef8
91FA737DBC5078BB1E34A4E4219023B4,143231,res/animation/effect/tx_wuqitexiao_shenji.pkm.gz,0b1566869259c0ef0b6bbc9e2c62c1de
D20609A4739D5B78B38DF2CD212F56C5,194740,res/animation/effect/tx_wuqitexiao_shenji.pkm@alpha.gz,79b43b42cf12b6adea24336ebe2f7a04
2789FA543655E1CE3836EEC18DD7DC38,918,res/animation/effect/tx_wuqitexiao_xiguakaoyu.atlas.gz,659a0f96b25c95fe98d31fd10c7d386c
11039A98D0CF1522F7C767B3F27FF708,1537,res/animation/effect/tx_wuqitexiao_xiguakaoyu.json.gz,8f08dfbfd60eb5dd2c00ce933bc16acc
C6F8F2B4FE5375E477D0BC7184FBBF30,134200,res/animation/effect/tx_wuqitexiao_xiguakaoyu.pkm.gz,790a839d4b2f2613ebf36f948d1a25af
E63BC02C5CE334D4F76046A032171744,100374,res/animation/effect/tx_wuqitexiao_xiguakaoyu.pkm@alpha.gz,e590b7039e4f6968d4bca2d13aa40ed0
5114002E6AA59B7819472FED8D1A13DF,1071,res/animation/effect/tx_wuqitexiao_yinghuomanting.atlas.gz,5f3508b7df8b07503d20621451f919b5
E76654A9180F23622CF91F2493A2BC10,14776,res/animation/effect/tx_wuqitexiao_yinghuomanting.json.gz,3abd8747edcd0ec18ea385324accd8c6
4853F07E58FE3B25DF7CD8B1D95B636F,270536,res/animation/effect/tx_wuqitexiao_yinghuomanting.pkm.gz,7775257f463aaa5feb3dad0d755088c2
66B147FB1934D01E518C9FBE96A3188E,137206,res/animation/effect/tx_wuqitexiao_yinghuomanting.pkm@alpha.gz,3e835d4ae422eb569b068f2acdcd373e
373916926520B74ACE1996DBF1E19116,1312,res/animation/effect/tx_wuqitexiao_youlanshishenzhe.atlas.gz,d9a95a2e971537c4d952b7cf83c357da
11A583FE09EC6876DB8F283BE13C38A4,13655,res/animation/effect/tx_wuqitexiao_youlanshishenzhe.json.gz,c9cc1b8cecf724ecab24ac595f706c5f
89329EB55CB52DB8EC6591EDBED5F8DB,1032210,res/animation/effect/tx_wuqitexiao_youlanshishenzhe.pkm.gz,9168525bedaae427b93e67c0df144136
1119FAB31FD2946DD7FE222F648C22D8,861960,res/animation/effect/tx_wuqitexiao_youlanshishenzhe.pkm@alpha.gz,b0acf6107af527b5013c2f49c04f67ec
02FE669F2DA1FB0F93B5D3F5F0720450,1669,res/animation/effect/tx_wuqi_chiseqiegezhe.atlas.gz,c5bc20065adf6e33e18561d7377c4f62
A294F6683ADB8DC115EAC594504F7BE7,2845,res/animation/effect/tx_wuqi_chiseqiegezhe.json.gz,21f79027ddd69c18417b1d0fb0ff8614
D9A9212A84999276DA11B9D5FED26C18,414125,res/animation/effect/tx_wuqi_chiseqiegezhe.pkm.gz,9a2ee6d1598f57d904845825597b6101
5E949FD4B38E5A2F33448DEBA4FBF278,257040,res/animation/effect/tx_wuqi_chiseqiegezhe.pkm@alpha.gz,0f2c711f8fb4be279bd1610a486ad57c
85ECB39C69BF590C2CD4238B02EEF08D,779,res/animation/effect/tx_wuqi_dajian.atlas.gz,316c1e4f237f7a78bb2f1ff40b803e7e
F48A09EC0E709D26278C31AE9AB803E2,1775,res/animation/effect/tx_wuqi_dajian.json.gz,b6faffde79d86869bbd7b20b17a6ee61
5D8E523E1DC7D9BDB431B4682D568481,87043,res/animation/effect/tx_wuqi_dajian.pkm.gz,850d0b25837c9c7e19f9a016e6d4041a
28A2D1DC60BCFE2274667597684E1DB8,89749,res/animation/effect/tx_wuqi_dajian.pkm@alpha.gz,0ac3459f81b4642552bbe18b191e1a7c
514893F81EE1A3CF4B8B3A67BCF58F6F,1299,res/animation/effect/tx_wuqi_dichi.atlas.gz,b637e3139a6bd80167e79d926f90a7f8
B1145B7C7435DDD8093FEB6892ADB79C,3212,res/animation/effect/tx_wuqi_dichi.json.gz,80386a5aa283ab6ae586095bf6622d17
C6B84A06DFFE4BD0245D3FA9BFDAC957,246627,res/animation/effect/tx_wuqi_dichi.pkm.gz,a22aa4d0a41202f31ea3f1e2dbb67983
99450B88D0520C579FAABFF9D47B7009,154809,res/animation/effect/tx_wuqi_dichi.pkm@alpha.gz,97829dfa8ef3487c273f44fcc6bd9866
0B3F172D5C294677974E8773E49FCE9D,1458,res/animation/effect/tx_wuqi_heiyan.atlas.gz,a6a3bec914486ba918f1debad3c4e0cd
524C3DEB07264A1C3606903F8B962E66,4555,res/animation/effect/tx_wuqi_heiyan.json.gz,0cce2933e15052f3090181649950cfa9
0C8CC715493AA9B2A235BC6C354F6956,597761,res/animation/effect/tx_wuqi_heiyan.pkm.gz,c738262f20a2efa000cd8c5d5f97ec49
6E924E1A3013D546700521E7876CA53F,361449,res/animation/effect/tx_wuqi_heiyan.pkm@alpha.gz,dab1c3b680b5524b12bedb8700cd43bf
445A84D4C9687C77A548F23448A27030,1251,res/animation/effect/tx_wuqi_jiguang.atlas.gz,cc81aff8148c558a3ebfe3d45b85b842
8C18EDCAD9C9D6EEFB5B8EFB670116E9,4750,res/animation/effect/tx_wuqi_jiguang.json.gz,a59e94a75b921420a7b03f76a469ac74
596EB54ACF66344B73A2A63A4A5FE0A5,300178,res/animation/effect/tx_wuqi_jiguang.pkm.gz,a98fdd56d3512000eae8ba473481b64f
19E9E1C71582464E0EA56C3C70D63D8D,196437,res/animation/effect/tx_wuqi_jiguang.pkm@alpha.gz,5a70df77641e97f8ae5625c57433d9b6
9DED9E654EB17B3926B042C2A83ED6E1,1577,res/animation/effect/tx_wuqi_jimiezhiyan.atlas.gz,24355993d52dcab5be1d67e79792a10c
3561791A9D251016776DD90E44A990DC,4422,res/animation/effect/tx_wuqi_jimiezhiyan.json.gz,bebd270ed862d9118cb3051e45877ff9
B5D506819F36FECF7008F7EFD91B52D7,351238,res/animation/effect/tx_wuqi_jimiezhiyan.pkm.gz,525002329a00b26da0cc489876c10ef5
C48CBF540222C7A5275856465E1E345F,359547,res/animation/effect/tx_wuqi_jimiezhiyan.pkm@alpha.gz,fd0ec83cb37946395a9d889c38b6ffd2
30CE246E15A21FD894797BEA84EEEC40,1584,res/animation/effect/tx_wuqi_jingji.atlas.gz,64d229640d130c2e59dd0854a3615173
D394B28F5DA2E845FCE22CFBF8A07DC2,7944,res/animation/effect/tx_wuqi_jingji.json.gz,c994851bbe60113f2e0fcc8e597bf028
26567BCEA20EA512A731F81E5BE9ED02,259329,res/animation/effect/tx_wuqi_jingji.pkm.gz,ea637c69e2126c4ef879d6678cea43d3
13F3572F7025B27FAD77F4A16F955DF6,200254,res/animation/effect/tx_wuqi_jingji.pkm@alpha.gz,9c1b24a6aa3bd5fd6a5097f753c2a554
EE218C130D58198FCC459EC548B1FF96,1238,res/animation/effect/tx_wuqi_jinlongci.atlas.gz,c6b2d0544424c17249b3ae86c3c2168a
25C3E215D463A86E9F1CABB62D33D448,3348,res/animation/effect/tx_wuqi_jinlongci.json.gz,ae9213b2e978e08f012336016307e405
EE11EC16941258B31D0A7FF601ECEBE5,759131,res/animation/effect/tx_wuqi_jinlongci.pkm.gz,8d8b8218ee59fcec2308f17834beaca9
9E11BF8FD4C616B43EA35CD501FBEAA0,491688,res/animation/effect/tx_wuqi_jinlongci.pkm@alpha.gz,29a0cf517c8ca3e5545bbfc2fe5007d5
4B83E8AA662EEDBC4D7DAA789103DD3C,1156,res/animation/effect/tx_wuqi_kuangnufuchou.atlas.gz,0a4668a2769f7178e0511d92cc419e8f
BE0FEDC4329004F3EB8D98071DBA7860,4344,res/animation/effect/tx_wuqi_kuangnufuchou.json.gz,881c8cf7cb804abdfb92ad5f0f7b1a80
F149E484D428F7A005154B5DA4A4AA0B,184650,res/animation/effect/tx_wuqi_kuangnufuchou.pkm.gz,2643b809b46c4cea93cf66e095a6a249
0293AB9C97A1C466DDF1D8EBE06B191F,169018,res/animation/effect/tx_wuqi_kuangnufuchou.pkm@alpha.gz,f73060cfb0e3c0a7d2965d3c5ae9557e
45F562D4C85845BCDE11CD4856FE32AE,1537,res/animation/effect/tx_wuqi_leipi.atlas.gz,49253ed200030c5852c0d6595b3f8174
2F1AC86D49E423DC0CA5F7921BE1AC91,2015,res/animation/effect/tx_wuqi_leipi.json.gz,17fdd5581b54492d11a79b06987910eb
9424F6112E13A3EA852AB35E3531BC50,268818,res/animation/effect/tx_wuqi_leipi.pkm.gz,f24697c5313dc92b0eb9ab6ec98c850c
B6AED3D3B1237EFCBDC1B0CCFD26F8F3,258778,res/animation/effect/tx_wuqi_leipi.pkm@alpha.gz,5a9e6d45ae4df9db62282f8cb4003b9e
ACB1AC3030365AA984F205DCB1BC08F4,947,res/animation/effect/tx_wuqi_leiyun.atlas.gz,4b698c417908da2c9a20c1fbabc3fdbd
E8363690B4B6BBBB8B15E1F05002E7E0,13736,res/animation/effect/tx_wuqi_leiyun.json.gz,935a6dbd8919712fadf22df3f5129948
F886CEDDAD0736AC5A344C5C92B20540,81353,res/animation/effect/tx_wuqi_leiyun.pkm.gz,8b62cf490cbe57a3dcc39b79e912ccbd
6C3740DAE14D5E6C4C9056FAF06482B6,56634,res/animation/effect/tx_wuqi_leiyun.pkm@alpha.gz,f3fe358a6cd0ae691122737e19987815
A00E63AEB87266553721A7128201F5CC,1063,res/animation/effect/tx_wuqi_liujimiezhiyan.atlas.gz,2e1714049c914069629809d68acccaa9
606841D4215E1CA5970B938F9CF05876,6015,res/animation/effect/tx_wuqi_liujimiezhiyan.json.gz,f2ceba399580c5ec43d1278c9f4a6a75
39D1628403EC0232F01CFC5D979002C6,405370,res/animation/effect/tx_wuqi_liujimiezhiyan.pkm.gz,2825d87dea88f260f543709612d6aa7d
50086E42A77B352D7FEB30CE93606D34,284632,res/animation/effect/tx_wuqi_liujimiezhiyan.pkm@alpha.gz,48a51820478064e57b012d239bc18a70
40B56FDA9B199195F218CED61CD7274A,1742,res/animation/effect/tx_wuqi_luojian.atlas.gz,7af6fdc7665344c1dd70a113b9680349
4A82ED8DFE622F30AE2BF9E15C111858,3433,res/animation/effect/tx_wuqi_luojian.json.gz,160a1fc9b29fa8ccb438c1b581f1f295
E226CEF1DB66F47EF9A0E974758459BE,570183,res/animation/effect/tx_wuqi_luojian.pkm.gz,a32079c8f16f589d4883e478d599b234
F5B301B47923F30F71401D9DB6642544,389961,res/animation/effect/tx_wuqi_luojian.pkm@alpha.gz,75135c9e281815767763e20bba31ecf9
88297DA5BCB9D7563D3DF713A304AA30,1827,res/animation/effect/tx_wyeyuan_dabaozha.atlas.gz,95e0adf415753abde8a6ea3871f6aed1
951F9A2707BA499AE77B2A7D204F7322,3760,res/animation/effect/tx_wyeyuan_dabaozha.json.gz,4c07ee5500755832c2e85e06b98c377d
7EB5EDF83CACDD53CA773FADA0DC71BD,232503,res/animation/effect/tx_wyeyuan_dabaozha.pkm.gz,79637c19d47780bc5e32871b84412fe5
C6E6B664A93417F88A15F652915873F5,263054,res/animation/effect/tx_wyeyuan_dabaozha.pkm@alpha.gz,a22e6f58adfb93ab73d7945fc0af4e7e
40B0A3390175E21D12FFD4C04985772F,401,res/animation/effect/tx_xiaoguaidaoguang_chengnianmantuoluo.atlas.gz,2f68b3b3b086ac6405daa81753b3415c
3B1B5F2B1BEDA0166F5A93CC7889E080,811,res/animation/effect/tx_xiaoguaidaoguang_chengnianmantuoluo.json.gz,7e5f0fe1f21bfcabc32936846e92645b
C36AC4F5E13C396031E380C1D77B4697,15931,res/animation/effect/tx_xiaoguaidaoguang_chengnianmantuoluo.pkm.gz,6788deaa3daaa02abdd7f5da4f2181c3
3690D55591DAE449FCB354A4B2E433FF,10774,res/animation/effect/tx_xiaoguaidaoguang_chengnianmantuoluo.pkm@alpha.gz,2e683dc17522bc0d66232bb550b2a9a3
D058B2CEF30E9DB509C7CB371D22701D,379,res/animation/effect/tx_xiaoguaidaoguang_hunling.atlas.gz,525b036886f6f7887faaa8ec6e90a719
9DDE09FBEEAFCF21E64DEDD6072675A1,784,res/animation/effect/tx_xiaoguaidaoguang_hunling.json.gz,3dfb802d97b55f828f3bea7942ed6d01
A1552E56903B63244A18179C1E5DE636,16447,res/animation/effect/tx_xiaoguaidaoguang_hunling.pkm.gz,392526f1fdded751709051be352d4354
AEB107DAE4C23D818DB3C8013BFFD0F5,10736,res/animation/effect/tx_xiaoguaidaoguang_hunling.pkm@alpha.gz,a7d134773134415269db12138b5bded8
B88EAE3491AAE65DC453F00BC924DEF1,401,res/animation/effect/tx_xiaoguaidaoguang_jumoshoulinren.atlas.gz,f7752a55c931743e379175e8ddd01a41
498B1BE607E638CD70DA5FDF887BB949,1078,res/animation/effect/tx_xiaoguaidaoguang_jumoshoulinren.json.gz,cb13c324d5a4b1e4fa1b4e5f177a800a
B496025966C88E563EEB69F4033CED27,24597,res/animation/effect/tx_xiaoguaidaoguang_jumoshoulinren.pkm.gz,65c6a9f8d73b05dbf5b455c4fd16f177
B7ACCFDD07A733026280BF10CA0D9851,16408,res/animation/effect/tx_xiaoguaidaoguang_jumoshoulinren.pkm@alpha.gz,4ca0d83c75e5d5520e03483c5f4dd070
793D1DF0D90C21D971BF881AD9BD2CD2,464,res/animation/effect/tx_xiaoguaidaoguang_kuloujianci.atlas.gz,edd48abf478fc59c656252f5a6bb51b4
6D0C59F2590DC12E481B3986FCF05CA2,961,res/animation/effect/tx_xiaoguaidaoguang_kuloujianci.json.gz,35d20dd4f3fed4854d33a50e049afbe9
902C3DC3E828147533C8F6F771849F46,32681,res/animation/effect/tx_xiaoguaidaoguang_kuloujianci.pkm.gz,2ed91225efe910615fa1a9b0b62707ca
6668F4004606A2836A8889BF6F8695E6,22727,res/animation/effect/tx_xiaoguaidaoguang_kuloujianci.pkm@alpha.gz,3f49c2d0931059c218710bd1b96c35f0
B13B3A4AA21A063021C2443698EC82F8,466,res/animation/effect/tx_xiaoguaidaoguang_longqiqiangbing.atlas.gz,1db7df7d868f940323fd80fdd98720cd
495F49FD4AC40B683F29630363400C0E,947,res/animation/effect/tx_xiaoguaidaoguang_longqiqiangbing.json.gz,474b2d018ff814d14865d10ba45e7892
71788A4FE28708420EF4095ADFE7957E,18614,res/animation/effect/tx_xiaoguaidaoguang_longqiqiangbing.pkm.gz,0573f55c5649e8f82473579edbc7d0e9
90B84ED57A639D6AE7EA9B856CCA4CF2,12487,res/animation/effect/tx_xiaoguaidaoguang_longqiqiangbing.pkm@alpha.gz,d971cde2caf731b446e06375ea9331f7
81D102EC37CD5AE1A6AD666B1A3F1B25,615,res/animation/effect/tx_xiaoguaidaoguang_mananafen.atlas.gz,f84003ae286008583a31fcffe7fdd19d
C8799C4099716A7F4AEE62C43C96077C,809,res/animation/effect/tx_xiaoguaidaoguang_mananafen.json.gz,8036737bf2e2d7a801e4d80f4081bb4c
8DD5FAB874493EE89C622051C0885BAD,59462,res/animation/effect/tx_xiaoguaidaoguang_mananafen.pkm.gz,8f02ad65ba35bc13b8d78536864021a3
4F9B6F44C553209E5D6BC0B90EC910E0,37687,res/animation/effect/tx_xiaoguaidaoguang_mananafen.pkm@alpha.gz,adee2e96d1d3c4838612d1015fc4ca76
B77C2E144B385E740D98EAB74B458F4F,396,res/animation/effect/tx_xiaoguaidaoguang_shishigui.atlas.gz,bf8435dbfafb0cab97c3f2eabfa80809
FC2B07DE8C34A52D0C087052B51DAC00,1074,res/animation/effect/tx_xiaoguaidaoguang_shishigui.json.gz,df5198ec98ceb97c53f44d4393dd14f4
431EB4AA9D3EBE492EA32FF00AB3D09C,12460,res/animation/effect/tx_xiaoguaidaoguang_shishigui.pkm.gz,b7faa9106422c6fbda8bbafb788d0d01
0B4EF9C71F8C9E33A6A2D5B401FE3F30,11775,res/animation/effect/tx_xiaoguaidaoguang_shishigui.pkm@alpha.gz,e3b59afe4b4361fac87351d920a28483
2BB2151CEF9534E8897D8D15508CC211,461,res/animation/effect/tx_xiaoguaidaoguang_shishiguilieren.atlas.gz,0056ff8347dcdef915fab83d7e5e5a29
BD7A558DB4D9A6D2789EC5C9D93D4070,1064,res/animation/effect/tx_xiaoguaidaoguang_shishiguilieren.json.gz,76c8616d2a1a49c347812fc46b74d0ef
1E4C2E6A8DCB7D174507E7A50E5FC300,19655,res/animation/effect/tx_xiaoguaidaoguang_shishiguilieren.pkm.gz,ae88a7699d753e4053d1e646e1ad4ca3
22758CB3E4A1E5D46C298DAE5DEF188B,14500,res/animation/effect/tx_xiaoguaidaoguang_shishiguilieren.pkm@alpha.gz,f9ee1606e4382f373cb110008dd49491
BD467E2343F9E48F2BFEA7C6EBDD1069,394,res/animation/effect/tx_xiaoguaidaoguang_weixiaokuilei.atlas.gz,5496eaa2976a2455cd108db4a6ed9b63
E36FFAEF40B27DA10979B3C901ACBD88,562,res/animation/effect/tx_xiaoguaidaoguang_weixiaokuilei.json.gz,bc70bd59335b123ba8126a520f8b192b
A59C89D81164019EA190610EA9FD7A71,15978,res/animation/effect/tx_xiaoguaidaoguang_weixiaokuilei.pkm.gz,5d545e358ccdab73411247e6964338d7
2C75E377BEC440A27E0C9632A7016689,10774,res/animation/effect/tx_xiaoguaidaoguang_weixiaokuilei.pkm@alpha.gz,2e683dc17522bc0d66232bb550b2a9a3
03AEA81694277FD245166C6965D4F37B,1945,res/animation/effect/tx_xiaoguai_baiyinengzhe_luolei.atlas.gz,26b9518eb96efe78deb74ddaf33dc915
634CE8E7AE211665995973D36D90478A,10995,res/animation/effect/tx_xiaoguai_baiyinengzhe_luolei.json.gz,47ba3823ce93e31b6b312a7888cd42cf
0B034A62D16D76794E1BEFB0027C97E2,292668,res/animation/effect/tx_xiaoguai_baiyinengzhe_luolei.pkm.gz,c511b3a24bc4d29177d8c1cee9cc936d
E34F57DFFB7E0F3C9E4E79737D8CC01C,230357,res/animation/effect/tx_xiaoguai_baiyinengzhe_luolei.pkm@alpha.gz,0f7b2dde0544574acc6a977e6b4c834f
456AE6604B2C739CBC919BE82B6ADF78,1933,res/animation/effect/tx_xiaoguai_baiyinengzhe_xuli.atlas.gz,608cbbf6e8b45ad74bec199c5dfc3744
1CD38DD25510A6491379CA327D5E5736,9693,res/animation/effect/tx_xiaoguai_baiyinengzhe_xuli.json.gz,8ebc5f594697afb9f764d2f11e56da9f
B70ED84DD0FF1EEACA9B9AA0A43F1035,656344,res/animation/effect/tx_xiaoguai_baiyinengzhe_xuli.pkm.gz,05852f37b43ff04a4626b34f5bc018ae
A5889CBFC5E117B16BA58F9CB7AA7E8E,532851,res/animation/effect/tx_xiaoguai_baiyinengzhe_xuli.pkm@alpha.gz,3476f93f82fdbfb5dd65c99cee857844
5B2A23103379FCC0F1C256560CB10C3C,1203,res/animation/effect/tx_xiaoguai_bangqiudipi_daoguang.atlas.gz,4a1c84fa99573532a4a1d5440ae2add4
65157793050C4026AB8CE8A413616CFE,1194,res/animation/effect/tx_xiaoguai_bangqiudipi_daoguang.json.gz,e4002625a2596294cbd77d4327e8e2e1
33596E9AFD5403D985524EA200515827,198685,res/animation/effect/tx_xiaoguai_bangqiudipi_daoguang.pkm.gz,a0ed207d5cfa155da040dd50d162e7ae
D7C6FA3AA0C4BF5D4DE04BBA0B7EA1C1,154894,res/animation/effect/tx_xiaoguai_bangqiudipi_daoguang.pkm@alpha.gz,139c41747aa967da4ea04f626a9e0083
8FDB9148B13100C2A0B2EC398DE144A4,844,res/animation/effect/tx_xiaoguai_canci.atlas.gz,7eadbcdbd83dc8c8e78259850a62cbfa
09F1D1FF6C828BCD0D28D8C214F75B40,821,res/animation/effect/tx_xiaoguai_canci.json.gz,cfe8072853b9e9b83634f7f7768df610
9CE7DF305E7B1CF29701D0A21133184F,130854,res/animation/effect/tx_xiaoguai_canci.pkm.gz,50b9d7473fdb9b373177d0c94af75fce
E705C9D11B76BA2392A255015FD0DB1B,92991,res/animation/effect/tx_xiaoguai_canci.pkm@alpha.gz,bde35f86b0c5e2ed05e68c0b5b1bb15b
AB17C69202C6B847DED9382C4425C4DD,971,res/animation/effect/tx_xiaoguai_changqiangci.atlas.gz,dbae800d28dee3202fc50e580f3c602e
8FB070492DBB49C1A9C3BEC0A24D97F5,1633,res/animation/effect/tx_xiaoguai_changqiangci.json.gz,94f2ba9a8a184078a24a431be9317b6f
50D362A35E75D01FC019508FDB2055F1,73664,res/animation/effect/tx_xiaoguai_changqiangci.pkm.gz,1e39323e3e04b759f7e54e3a05b4a29d
A40C84153B8ADE2B555C5EBBD8606B90,72371,res/animation/effect/tx_xiaoguai_changqiangci.pkm@alpha.gz,17cc319aa33e4ef079040ac45c30f868
E83109AB37793DD25EE353956EE66F5F,618,res/animation/effect/tx_xiaoguai_chuansong.atlas.gz,f29587f8a6bb7ac7bc9a62cc21a10e95
A6EFA2BE39D4305CBFE3EA46DBF85AB9,674,res/animation/effect/tx_xiaoguai_chuansong.json.gz,380e86325590bad2045b60a6d20da25a
CEA3308F2B47C448CE208852026ECCCC,25428,res/animation/effect/tx_xiaoguai_chuansong.pkm.gz,6029148b74081a2d00575e71d7bc10c1
214C27A92EC1C2DD9DE294E48911FDB9,25898,res/animation/effect/tx_xiaoguai_chuansong.pkm@alpha.gz,3ff7f8dcdaea057afbd46a415c2f4b42
8D7EBD7F58674BEC6A2EAB66FA28C880,970,res/animation/effect/tx_xiaoguai_ciji.atlas.gz,206ab3d11ae9c9aa9cc9b41ab58c2b30
E00B30A47C23A9AD5F210E21ACDB2E46,2105,res/animation/effect/tx_xiaoguai_ciji.json.gz,07028c655d9ba369c1d43ca5f143f59c
5C48CC090856F7E19C15BB5C0694EC0F,93615,res/animation/effect/tx_xiaoguai_ciji.pkm.gz,068bffd50dd6fa226dac008eeec461c7
3C99CE9E61EDCDF5DE89D07A59F7F820,63931,res/animation/effect/tx_xiaoguai_ciji.pkm@alpha.gz,0e662e682e977da89e5a41c36f140332
ED7139B52D399C89CCBDC1D29C95A307,1500,res/animation/effect/tx_xiaoguai_daadun.atlas.gz,7ccfd4fbb51d49e498c958266363bdc7
E47F1FFCF3E4705DC589A07A2E1A27B2,2569,res/animation/effect/tx_xiaoguai_daadun.json.gz,eb0340ab802367c45da8ad94361a6dc1
D72F54F54773E17132BDC982F7FFFD5D,143165,res/animation/effect/tx_xiaoguai_daadun.pkm.gz,b7977c256431fad48b94111f7e560f37
A469EAEB187355F14E3F922F5EE83D6D,167737,res/animation/effect/tx_xiaoguai_daadun.pkm@alpha.gz,229c3d79842131dc855473c1a0553c3c
1EE80B4900220A9E9C64D138FEEF4745,1656,res/animation/effect/tx_xiaoguai_dadun.atlas.gz,955c02b5f3d6a7d0a803804347053466
E9452E37778B8D49C8F65C7E4135D4F9,4512,res/animation/effect/tx_xiaoguai_dadun.json.gz,96e00c9e60147d6f5e455930f998bb09
AB8E508C4B33318CE58B8BF787FC6F5D,316911,res/animation/effect/tx_xiaoguai_dadun.pkm.gz,ffd47c463121ac097764e3481f7889de
AFC7F8D1B2DE8F77DA88F6FE5E6A29C6,197815,res/animation/effect/tx_xiaoguai_dadun.pkm@alpha.gz,6cccbd8ca9ecb043728a42eef7a55fb3
3CB29FCE7FF4A0DCA0C57B9370B7863E,847,res/animation/effect/tx_xiaoguai_dianguanglueduozhe.atlas.gz,c2997b6fe51a46eade3ef62aaf60f48c
8F169AEF4A404A6A1BD2E65216E8671E,1487,res/animation/effect/tx_xiaoguai_dianguanglueduozhe.json.gz,df8304bad22d48156fd4a9f715ee278f
5DB87FBCA22A102D40020765D155259C,211646,res/animation/effect/tx_xiaoguai_dianguanglueduozhe.pkm.gz,8726ba51921d5446a7dd5c3b5d2fb87d
3C00336276716BF2D1A371B6DAC4E8FE,152650,res/animation/effect/tx_xiaoguai_dianguanglueduozhe.pkm@alpha.gz,6beab93cf6ce4411bb9b5cd525557771
8571169A9E20FB56376898C747627660,536,res/animation/effect/tx_xiaoguai_goutoubang.atlas.gz,7dcf932395e1b14cbc4f5d97fa28c95b
AF7FAD25F4A3D07A4999817125A57D86,477,res/animation/effect/tx_xiaoguai_goutoubang.json.gz,c5ab8cbad5f942e1f99b648cf82f4483
ABACA08E34836F4CE065D8C3F177F2E0,9918,res/animation/effect/tx_xiaoguai_goutoubang.pkm.gz,0613a098cecd4b736465c6ff848a6493
DDEA880001AD500B8CC85E12AA53990E,7569,res/animation/effect/tx_xiaoguai_goutoubang.pkm@alpha.gz,d1eb6606292e51ae433ee4c2abc69095
B94344271ECB49F81DCC92C16D661F67,269,res/animation/effect/tx_xiaoguai_goutoufeidao.atlas.gz,e520573e1525d9a2900bf0c2f832b752
4247386420C17B65D215178314F45944,365,res/animation/effect/tx_xiaoguai_goutoufeidao.json.gz,e7acdf7d5fb7d166bec0352b03b54c20
3BE23C4E7AC0BF480599D724BC7245E2,3189,res/animation/effect/tx_xiaoguai_goutoufeidao.pkm.gz,362d4b3bb09f2737b7bd6b81e9eb6a15
66ECB2FC6EC02BAB97EEC554E219C8ED,2473,res/animation/effect/tx_xiaoguai_goutoufeidao.pkm@alpha.gz,e0d506b72caaf38b4764a29209c93ab9
1F7DB3294C0CDDC2D3927A7F591CC1BD,927,res/animation/effect/tx_xiaoguai_goutouren_zibao.atlas.gz,147b5c8ab369006041eb1e620f6f4c3a
C8456EACAB124B00B10237961C0CFCA3,867,res/animation/effect/tx_xiaoguai_goutouren_zibao.json.gz,35fe97bf50150f94a9973680e2ef87c2
1C3E3C45D001A67CEFFE94E210392047,395463,res/animation/effect/tx_xiaoguai_goutouren_zibao.pkm.gz,cf51fbab7bbd9d27f70a4c6844413ed2
E12F2FA315AC9071AF27548BEE80D160,312678,res/animation/effect/tx_xiaoguai_goutouren_zibao.pkm@alpha.gz,ddd7fc5e0cf2f776d6d9f57a3f4d5a04
5697B0A1999F5B74495AE7BFFAEE3D15,1165,res/animation/effect/tx_xiaoguai_goutouzhang.atlas.gz,29319243afc9e81e6be0a500c6ebfe1a
68786C3803596580B462F96423BC7238,3191,res/animation/effect/tx_xiaoguai_goutouzhang.json.gz,26f5d54ad876f0ff53793177ad5f4d50
CB56EE5690B850C0C099FD6A5668CA85,71421,res/animation/effect/tx_xiaoguai_goutouzhang.pkm.gz,a3093ece5275ff69992d6b0a63406799
AF28C6764A061DAC16E6AB119F6149E0,54926,res/animation/effect/tx_xiaoguai_goutouzhang.pkm@alpha.gz,bdebb23432e112583ce91a393ca55222
8F84C0D62696F9640DC770B38CE13A97,608,res/animation/effect/tx_xiaoguai_heidaonan_daoguang.atlas.gz,9546770502222d11ca372716a563a380
F4F617656977E62921D3AF57BA8BEB28,750,res/animation/effect/tx_xiaoguai_heidaonan_daoguang.json.gz,10000ac7b9b5f8f222d4b9b3dd8ac2f7
E7E4D83DD4971FC7374C865096B2A756,48986,res/animation/effect/tx_xiaoguai_heidaonan_daoguang.pkm.gz,05cb14283e8942423e36803a6dd7a86a
D29B305E9A9D305AB2EDC84CC6CE3557,43545,res/animation/effect/tx_xiaoguai_heidaonan_daoguang.pkm@alpha.gz,9010cb455bf25ee702b0aacd532d00b3
9511259B5D1BDA29FD594F68AC6B2144,2325,res/animation/effect/tx_xiaoguai_heiyinengzhe_huoqiu.atlas.gz,c4e9b131433a9d0740fb8c715170448b
B9BF3EC212BE6EF668357D4C0C8CACD8,5788,res/animation/effect/tx_xiaoguai_heiyinengzhe_huoqiu.json.gz,ac6b15b76d71bda0e89adf39011ac0a6
6824B3A886205ABFAA8FC7F098C72903,474121,res/animation/effect/tx_xiaoguai_heiyinengzhe_huoqiu.pkm.gz,11bbce274da385bc1e4c5f526b3e92e6
F20938623AA707408B1D2754D390C6D1,315068,res/animation/effect/tx_xiaoguai_heiyinengzhe_huoqiu.pkm@alpha.gz,15b2846569874ef51f65be1988f06ef0
197F64D84198562E0E68E3E6CB884EDB,1037,res/animation/effect/tx_xiaoguai_hongshasantoulong.atlas.gz,ada37f2466068d752f874b1f1b0516d1
9BA5714E3EB0AD5D028568F5357E681B,5341,res/animation/effect/tx_xiaoguai_hongshasantoulong.json.gz,ccfc06fd5d9348cf6a0ac7f92bf91e99
885BA5A034F9F097E9BBE2DA548D9A25,311622,res/animation/effect/tx_xiaoguai_hongshasantoulong.pkm.gz,0299e0888ab2564e5f0a74aaa9957623
4D9B11D063156E4FE2CBB2325949965F,245727,res/animation/effect/tx_xiaoguai_hongshasantoulong.pkm@alpha.gz,38ba0858dad347bd3ef55e394a1290d0
6DD349597AC17634ADEF237D652BE526,1035,res/animation/effect/tx_xiaoguai_hongshasantoulongan.atlas.gz,c9bb664b1212d0647138a604f9ac43cb
2FD84AC7C82922FEE242D46F5482CDF6,5363,res/animation/effect/tx_xiaoguai_hongshasantoulongan.json.gz,b00737d6936f4618a47aca064b7ba595
086EB198AA66BBFDF40D0DB7DEDE34ED,167468,res/animation/effect/tx_xiaoguai_hongshasantoulongan.pkm.gz,89c3fdecf80f1ca3103c818477dc33ab
8BF2C01706265B135C050CABD4F2DAEC,246256,res/animation/effect/tx_xiaoguai_hongshasantoulongan.pkm@alpha.gz,8bb90543deac29177003bca48d555735
4082F2592A759184FE5723D9E0A9D700,1039,res/animation/effect/tx_xiaoguai_hongshasantoulongbing.atlas.gz,da157ca8c7feaaf9f696cba969e71f7f
6B22142A1DEDE64E9C7F3DB9B5927797,5319,res/animation/effect/tx_xiaoguai_hongshasantoulongbing.json.gz,4e14c43ead855670237cd458febb4e04
86DA0BC490372AA0030676AE84E21979,149024,res/animation/effect/tx_xiaoguai_hongshasantoulongbing.pkm.gz,78b5171bbcde825b8a1febebeef657b5
1C5C7084B542E037073BCF295CC5E61E,246256,res/animation/effect/tx_xiaoguai_hongshasantoulongbing.pkm@alpha.gz,8bb90543deac29177003bca48d555735
7556128ADC6D868F845D1C515C20BBAC,781,res/animation/effect/tx_xiaoguai_jingji.atlas.gz,b27e818f3cd390d2137931c24c667274
EF0B2D392A4771123E299A6708F7E690,2099,res/animation/effect/tx_xiaoguai_jingji.json.gz,2735df407b8a992c9516bbfa200e4fc1
D3309F73AB9F9DBCBF7575FB6EF92885,54328,res/animation/effect/tx_xiaoguai_jingji.pkm.gz,5a77307f7b25288d55c6d40fd652c888
AA3BD71AB5D174036CBDD2373F5A97DD,48970,res/animation/effect/tx_xiaoguai_jingji.pkm@alpha.gz,09bb3f78d783859bb905583f765a8eb5
385EC5ED3F6D26467940C405DB07F250,1127,res/animation/effect/tx_xiaoguai_jixieduyan_heiqiu.atlas.gz,666867f291ba155664934ae80a381d22
B41345C735D6664DD57B4C61DBA9065D,4717,res/animation/effect/tx_xiaoguai_jixieduyan_heiqiu.json.gz,7efafdeeebcbeccd3d78e32a7894b11e
A95413010C49FC6569B68E3A77DC3F64,189530,res/animation/effect/tx_xiaoguai_jixieduyan_heiqiu.pkm.gz,8315b7ddbbd5c6962cbb49fd7ae18a39
4590AE9539DCB4147743F27F7162239E,144675,res/animation/effect/tx_xiaoguai_jixieduyan_heiqiu.pkm@alpha.gz,43136ed6d487141249dd0ab08b646fe6
1C74427A2ACDD8A1FC030BA08CD74536,477,res/animation/effect/tx_xiaoguai_jumoshoulinren.atlas.gz,f4e981f83d76325d4e7f4ace7f61dd9c
2E106CB8F455D7F96182A8EA01810CB0,405,res/animation/effect/tx_xiaoguai_jumoshoulinren.json.gz,8fefc37b16f6e8b6536030b27c510ff9
2B8A30EB309CAC9567B57CC0E37B8BF2,60883,res/animation/effect/tx_xiaoguai_jumoshoulinren.pkm.gz,2e222449985584ebd89d8592d030598d
A18387996E4F79278D9C301B019B16A6,39114,res/animation/effect/tx_xiaoguai_jumoshoulinren.pkm@alpha.gz,3e25f03b4d824f880226aa930719224f
ACF90BE5F944120E770BA47A98795E07,448,res/animation/effect/tx_xiaoguai_jumotouzhifeibiao.atlas.gz,b30ffd8612bc76772fc0367b8a9f2503
815FA63A325782159631806C983228B3,519,res/animation/effect/tx_xiaoguai_jumotouzhifeibiao.json.gz,ac7dcb59443234f53095da60a966a08a
FC2A24EE3DFE14B1FD701DC5AD8CEE05,44486,res/animation/effect/tx_xiaoguai_jumotouzhifeibiao.pkm.gz,f8f080185a4828d91357542ea944690f
5BC2E4B06C71248EB27C0001D8E0AC57,34248,res/animation/effect/tx_xiaoguai_jumotouzhifeibiao.pkm@alpha.gz,abfda3b5dc019a37358c0a979900426a
E9D15A3818C830FAC27CEB49AD514DAE,523,res/animation/effect/tx_xiaoguai_junmoshoulinrendazhao.atlas.gz,b4e5b78d264053dd47b8f2f9d2094e3a
AD87ACC95EE6D3F0E3A8C4DAAF62934D,700,res/animation/effect/tx_xiaoguai_junmoshoulinrendazhao.json.gz,79cf229946db16801455f8162575fe08
1CF03D5D48AA8B2A4620CE24E7747595,145193,res/animation/effect/tx_xiaoguai_junmoshoulinrendazhao.pkm.gz,c13db6994ba28b598a8f61d8f80e9bc1
F1F00A3D79F1857A36E4303BF806B4F8,76927,res/animation/effect/tx_xiaoguai_junmoshoulinrendazhao.pkm@alpha.gz,db6b185a59b7e25fd0a8b6de31128c98
D905E43C4476B44E030D5AD47A8981BB,1187,res/animation/effect/tx_xiaoguai_longqidajian.atlas.gz,9e74458b388c7fd2f4d81e4809cb7a15
9E26030B43FF116CF7C8C45C691B7AA1,1833,res/animation/effect/tx_xiaoguai_longqidajian.json.gz,e802229de0cd74b1af41436c8bc9f9ac
7A0ECF007B40D7BC5316145663417FC0,141069,res/animation/effect/tx_xiaoguai_longqidajian.pkm.gz,c2cf10c4cc6f8d938638128e48fafaa5
E03CE50AED4AAA2BEC382F58A899ADE7,149090,res/animation/effect/tx_xiaoguai_longqidajian.pkm@alpha.gz,a5a0b3b7c3fcb3562f033621f0136580
0AC1BAD53646D13146191EF6C420821D,576,res/animation/effect/tx_xiaoguai_longqishuangjian.atlas.gz,f526593e889e39037b357d85b5293294
D553678030FD75A64B30C7ACD16A9114,796,res/animation/effect/tx_xiaoguai_longqishuangjian.json.gz,5542baeb0cd9a33b538100a817f6810a
C453E7F9B6A3235A2633810F695328ED,36979,res/animation/effect/tx_xiaoguai_longqishuangjian.pkm.gz,96725f5c20ba2e1f39b8607df0ce880d
3D987B2D4757342273F932A7D35981DE,31276,res/animation/effect/tx_xiaoguai_longqishuangjian.pkm@alpha.gz,a83addc3577115861a0818ed30b83138
D9FF8E5C543B9DA0230F22760FE4CCAE,784,res/animation/effect/tx_xiaoguai_mananafenzadi.atlas.gz,6089da634772da9a868877f79c4e9f46
07E510681250A8017A2A14067DE588D1,1222,res/animation/effect/tx_xiaoguai_mananafenzadi.json.gz,23bdf847f661a20453dc986bd2e552dc
CE5C593DEDFED8119AD61ACFFDFD8A12,101519,res/animation/effect/tx_xiaoguai_mananafenzadi.pkm.gz,ac4457a87c84d00e9d015117200f60e8
738487BA6BF9BDC3743D5EB1BE958CF2,80923,res/animation/effect/tx_xiaoguai_mananafenzadi.pkm@alpha.gz,fed80e6593e660176290e423a24aa844
74C20DD8341317F4CCA14767CF8FEA01,780,res/animation/effect/tx_xiaoguai_mananafenzadian.atlas.gz,c38216c39a404cd80764963ce34b9b29
8C3482FC30DCAB190897DF9E2E3FDBBD,1222,res/animation/effect/tx_xiaoguai_mananafenzadian.json.gz,23bdf847f661a20453dc986bd2e552dc
45E7233569B787C1B5C70C809C6A139D,63727,res/animation/effect/tx_xiaoguai_mananafenzadian.pkm.gz,f167ec76de7b626895bda466711d189a
6D0FFCC314558D0572964D3B36168070,81398,res/animation/effect/tx_xiaoguai_mananafenzadian.pkm@alpha.gz,1492f9d96a2ecd0784c796501448ddf9
C2E665C2D107A1A93DFA04DD988F29AD,775,res/animation/effect/tx_xiaoguai_mananafenzadibing.atlas.gz,0d1498714f0fe6eb1a11c0e737d972d8
803D26D589E6090BD297092B56E601AA,1190,res/animation/effect/tx_xiaoguai_mananafenzadibing.json.gz,c0b059359988b5113498e57a8342ee57
4766C11B57521483E2580E6D43095513,80477,res/animation/effect/tx_xiaoguai_mananafenzadibing.pkm.gz,c4c9a9e4bb28bef50fafcea919f0c76c
12C687D4D8890C63713DE04866021902,82709,res/animation/effect/tx_xiaoguai_mananafenzadibing.pkm@alpha.gz,d6c925f5a0fc00d5d536b78fa6537669
7E6EF08C3113F20F378ADCFCE910CB2D,780,res/animation/effect/tx_xiaoguai_mananafenzadidu.atlas.gz,8cf1f95c1a9b7bc826ef65796fc20e48
929A3E1D7D6A2DB2CB12EF84BF94020A,1332,res/animation/effect/tx_xiaoguai_mananafenzadidu.json.gz,2f382893c879c835f475ff4fa7c45c6c
355B70D6C245B5D724FB65AB89B91F8A,64480,res/animation/effect/tx_xiaoguai_mananafenzadidu.pkm.gz,4c0162185af36e2970db154d70e3d14e
87F8D61E5847E8D452E1439FF743AA16,81383,res/animation/effect/tx_xiaoguai_mananafenzadidu.pkm@alpha.gz,ef1909a0301749f5bbaaa6e37747aade
047A39DBA2A37F78894E9B7014943A5C,662,res/animation/effect/tx_xiaoguai_shenyuanbangzi.atlas.gz,fb9792b01d140670fa0bc3860f1e27a3
F102A884D5C192EE2478E9A41F7D9345,1511,res/animation/effect/tx_xiaoguai_shenyuanbangzi.json.gz,d488b0ddec209976935c040410df5455
FBF9310BF898F66ACA880B0D5A243B67,75740,res/animation/effect/tx_xiaoguai_shenyuanbangzi.pkm.gz,5ec18f4348cf46e057d567ec38b45026
642AE8C8A24C41A064A9E0BC4CAE7459,51993,res/animation/effect/tx_xiaoguai_shenyuanbangzi.pkm@alpha.gz,6c2cea7ba832a7c7529ba1ec6cb443c7
2333F1664DF86AF6EF723128E3DEC9A2,961,res/animation/effect/tx_xiaoguai_shenyuangong1.atlas.gz,3c31bafb6893259f3528f221b30558de
741DD056D09A4745FB38F1D755860C49,4255,res/animation/effect/tx_xiaoguai_shenyuangong1.json.gz,910af1128da37e1669c705937b7c96fe
1CE844E030E10502E320DC18E342FC12,34609,res/animation/effect/tx_xiaoguai_shenyuangong1.pkm.gz,4b355c2b2ac4dbb22fc6025beb2584be
61EC7D6BB1DB3F53305B8A031ACC8AE5,27423,res/animation/effect/tx_xiaoguai_shenyuangong1.pkm@alpha.gz,1259ceb33c9822716ccb02f40734753d
B6677DC8CA61C6BA71109831970216D9,399,res/animation/effect/tx_xiaoguai_shuangzhualong_daoguang.atlas.gz,38d9b7c831a243d7a506761e55dbb874
100083A3BC25CA1064B222096A83D48E,570,res/animation/effect/tx_xiaoguai_shuangzhualong_daoguang.json.gz,6b96d00a09ae1dc4689cd8ea4dc55d1a
EC0BDB4C2E7272BA32D07D5B4AF15447,15978,res/animation/effect/tx_xiaoguai_shuangzhualong_daoguang.pkm.gz,5d545e358ccdab73411247e6964338d7
D07A62F57CB23A7FCEDE14B8480C926C,10774,res/animation/effect/tx_xiaoguai_shuangzhualong_daoguang.pkm@alpha.gz,2e683dc17522bc0d66232bb550b2a9a3
922037DCC2C8FE6ABBC40116FFF71199,220,res/animation/effect/tx_xiaoguai_touzhi.atlas.gz,a7e22540a8ab319ec02676193433ee7c
8ABD6BAF43EDC3B98629C5C0864A4F34,328,res/animation/effect/tx_xiaoguai_touzhi.json.gz,cfb35d1989a491f3d2e5c8331ae3f2bc
DFB0C3974F18CFC1CF52C1BDA7BEB434,13408,res/animation/effect/tx_xiaoguai_touzhi.pkm.gz,219bdc0e6284e0234194cd349ab70b54
F96739D0A18CDAF6B5FE75FE0416B3CA,6557,res/animation/effect/tx_xiaoguai_touzhi.pkm@alpha.gz,0993995f574481d20ac4d0c753841383
431AC8C7DFE862FE17D74FF339D64CB8,1211,res/animation/effect/tx_xiaoguai_wanglingsheshou.atlas.gz,a336e98281a816fc34a24c5fd798720f
856C484218157B374197BE83432F571A,2430,res/animation/effect/tx_xiaoguai_wanglingsheshou.json.gz,5240748fb1e50b62b6fb56c23c6226e4
529B5B1DA31DA9D65DD7F2A96AA9E596,291611,res/animation/effect/tx_xiaoguai_wanglingsheshou.pkm.gz,0ddc01386efdd7cbb6ed940ef97dd998
030D5B85D9C321E321C222D783BBF5F8,219324,res/animation/effect/tx_xiaoguai_wanglingsheshou.pkm@alpha.gz,00fc36e9d8117a7954001da28ff42a47
7F1DB54592A31B47B960E593561D8E77,1209,res/animation/effect/tx_xiaoguai_wanglingsheshouan.atlas.gz,bdc4199e2115e222677d32ad63dabee6
0198F32FB34868C77560B3945460EA3D,2430,res/animation/effect/tx_xiaoguai_wanglingsheshouan.json.gz,5240748fb1e50b62b6fb56c23c6226e4
AD788096295386158135F5849C3EF8FA,177882,res/animation/effect/tx_xiaoguai_wanglingsheshouan.pkm.gz,09e9c5bebda2efc3317d24be7a45de43
A24FCAB9565D867529F661DD5C833523,219324,res/animation/effect/tx_xiaoguai_wanglingsheshouan.pkm@alpha.gz,00fc36e9d8117a7954001da28ff42a47
93E10AB1E6AE037A51177E798287FD6B,1122,res/animation/effect/tx_xiaoguai_wanglingsheshoubing.atlas.gz,aa5b3178b4d8ccee39b35a153af1d177
4DCC584B6441500FB61B5977631A920C,2319,res/animation/effect/tx_xiaoguai_wanglingsheshoubing.json.gz,fed1ae48131d227f77558aac22c1d037
C574C052FB99C28EFB2B4E97BA0AC9C5,200927,res/animation/effect/tx_xiaoguai_wanglingsheshoubing.pkm.gz,f12cec0e7caafe12875765fea0eb32fe
9C5755DBA355C26B7021EF96D7B68367,214165,res/animation/effect/tx_xiaoguai_wanglingsheshoubing.pkm@alpha.gz,572fe2ba03cff087f889c16ed180d2b5
1F299EBE2B3BD29CFB96C343FBC8A656,754,res/animation/effect/tx_xiaoguai_xuanfeng.atlas.gz,1c823d8533887675d881227c77f6c27e
C3906FB5E5274DBD799719E8A49B9D94,939,res/animation/effect/tx_xiaoguai_xuanfeng.json.gz,b03e47c20103ecf7662e719684cdca34
522EB0F7EAF15EF47AB788CCE2EC1A6A,115187,res/animation/effect/tx_xiaoguai_xuanfeng.pkm.gz,730c91a7b5c224bc2d93871deb0cf0d9
0B85BDB1615438DB8345D0DBCE77168C,94642,res/animation/effect/tx_xiaoguai_xuanfeng.pkm@alpha.gz,f27524e22aab963887d3f93b2bcecac3
5DD07DE55DB7C7660924264CD541C917,837,res/animation/effect/tx_xiaoguai_xuanzhuan.atlas.gz,c1d262dd3156f5114ce46cee4f47575d
B9D9A362990776DEF7E997D13BB43126,1042,res/animation/effect/tx_xiaoguai_xuanzhuan.json.gz,0db0b6cbbf4d85df55f87f0f1efefee6
7382BB299ACD417AE69FBE2DA9DFBEBC,44878,res/animation/effect/tx_xiaoguai_xuanzhuan.pkm.gz,38ddca72610c16011ee5cd7a5becafd9
7A3C9883FF39BE83C2266A0E0A866B1A,78032,res/animation/effect/tx_xiaoguai_xuanzhuan.pkm@alpha.gz,96c9ba9bde8142100372b242fc467909
1BF3F7209A640B3DB2A5D6AC7654AAE6,2424,res/animation/effect/tx_xiaoguai_xulifupi.atlas.gz,395a683e5c653707aa5cc6de9b6e28c6
0F1C876C2787B083B2F7A1559C0CB241,5245,res/animation/effect/tx_xiaoguai_xulifupi.json.gz,f5e81ac4fbc03a4e7793ae8cc8b76a8f
9EB2D901353B32972828A65C848B65DA,109997,res/animation/effect/tx_xiaoguai_xulifupi.pkm.gz,6d23bb9e8bd1c182545f5324b3f8e92f
5AB60B2D1D016776196C9B3AEC5F6635,119911,res/animation/effect/tx_xiaoguai_xulifupi.pkm@alpha.gz,74f0ba5cdd66a8fc1a78956e702e9e54
293E2E54DE59D8AA89035E327B5480FD,2453,res/animation/effect/tx_xiaoguai_xulifusao.atlas.gz,88518cf31adafe9e581f640132bca4e3
DE8955C2E1FF50F9804E8CA630EE00CF,5270,res/animation/effect/tx_xiaoguai_xulifusao.json.gz,66c3822fcc80119240c8a1e0c7969380
4DFB7B63F966A33B030D1FA9CB9D10AE,109997,res/animation/effect/tx_xiaoguai_xulifusao.pkm.gz,6d23bb9e8bd1c182545f5324b3f8e92f
1DA074BFC7FD27E934E97C0FB0031F3F,119911,res/animation/effect/tx_xiaoguai_xulifusao.pkm@alpha.gz,74f0ba5cdd66a8fc1a78956e702e9e54
73354749F59E2C01EE137FB2D1CBE907,475,res/animation/effect/tx_xindimianyujing.atlas.gz,8ecf70f2b2848b5de783dd13ff8b3c9e
84D2B22C166D0F4AA9F096B8DA00C0AC,968,res/animation/effect/tx_xindimianyujing.json.gz,05133d0642d112366a61c5d2a586f5db
62E5BF803C04C32180C0994FAFAC71A9,10641,res/animation/effect/tx_xindimianyujing.pkm.gz,c71604e7174ddf54320660e641e4c712
DBDBF2FCCEFA9B51D46B12B6C52213B2,54106,res/animation/effect/tx_xindimianyujing.pkm@alpha.gz,5d5e6d4cf795cacc6831d35b45864f77
0A082CCDE790361BFA6D0A354EB7455C,328,res/animation/effect/tx_xinghen_yutexiao.atlas.gz,46064ea132bfcb1639c2fa644d083145
0D00A00F51A7FEE33E705E2378EEFC00,2057,res/animation/effect/tx_xinghen_yutexiao.json.gz,ee9ddb1fa4afed81e3d2807067adb64d
BA067C6D4FA1B03F212C0B37D1291597,85169,res/animation/effect/tx_xinghen_yutexiao.pkm.gz,ddbaf6af2ff836019f0d9458d9755224
9A8E265C4376A396B932D0E1564DEAEB,42226,res/animation/effect/tx_xinghen_yutexiao.pkm@alpha.gz,c03cddfde587fd9f11da8463484b71f3
096BA906C4D9152860049CC2F8C4A648,1228,res/animation/effect/tx_xinshou_zhedang.atlas.gz,4c31bdfb7a57bcdef416546ac1c62c32
8B01F24347A6F552D8ECB3551062CB8C,4066,res/animation/effect/tx_xinshou_zhedang.json.gz,d75df2cf8a5e5c55e74199cba431680a
472FD2C304BE8E7688168BB25F42257F,276034,res/animation/effect/tx_xinshou_zhedang.pkm.gz,13591a6df4c019789815abfae47bd974
A0DD5211FF9D5BEBC43E5C9E12BD914F,186069,res/animation/effect/tx_xinshou_zhedang.pkm@alpha.gz,bb4b5dac3d864e8c219b91fb11a91ddd
61C8B78FE1D9742B98D2AE86014E8BF3,929,res/animation/effect/tx_xukong_baozha.atlas.gz,f625f8a5e49a4e6804769274fd952ede
774171F95A8AE4A77C9627C17CE2BEF4,1246,res/animation/effect/tx_xukong_baozha.json.gz,6e75e362c8f9c37f2cf0d143369a9d41
F9D62895A30F1277884CC7E2D610129F,401194,res/animation/effect/tx_xukong_baozha.pkm.gz,5d8d020db84c4929a5dc268cf0dcc262
C6AC1A573AB234B608F063313D4E6489,315422,res/animation/effect/tx_xukong_baozha.pkm@alpha.gz,9a32d123a8aa9d9e15b0f196ef7e649b
9FF2E94E91FA29FD07F74E381D747768,442,res/animation/effect/tx_xukong_dihuo.atlas.gz,1368e7bbfac09f8640794bc55a5eb993
C66EB21803DA395A72E4C5236442E24E,1040,res/animation/effect/tx_xukong_dihuo.json.gz,5323bd93f32e9b900a205bc579005c46
9C9B5691C2813608BD87181B75D6B1FA,42343,res/animation/effect/tx_xukong_dihuo.pkm.gz,79a64fe6bc7372602d5ee0a2ec4c4f7c
767B6C0F52BCFED536CE48B0FF015F35,55516,res/animation/effect/tx_xukong_dihuo.pkm@alpha.gz,2d4b5592dbefbe571ce8420947938d38
C7D1625FA1D24F750B110E2A7A917E41,1028,res/animation/effect/tx_xukong_jiguang.atlas.gz,3bfdb8e8c5bbdcbded2f9097f2cf6e45
93F590DA67147B5E2575CA3F171C6252,1130,res/animation/effect/tx_xukong_jiguang.json.gz,a7b65390a4e67c1449eaeb3d529877c2
6E40798A288AE9BB5D80CB3345C1B0AA,459739,res/animation/effect/tx_xukong_jiguang.pkm.gz,2e7cbc1f2cc3351d3e52e90caa7fea0a
4956EE3E9193647E7802068D4BE7AD83,379067,res/animation/effect/tx_xukong_jiguang.pkm@alpha.gz,916dd82dd9aa9ccd64407e6ecced2f3b
39CD1E387540A7CFAB4D31673B25AE2C,883,res/animation/effect/tx_xukong_jiguangpao.atlas.gz,24c6051a9f66c645712075f64cc85270
8A2A35B9B8CBE48672A536BA38C599F0,868,res/animation/effect/tx_xukong_jiguangpao.json.gz,d2db0f3f4716af3f7fea00afdc483fb2
EEB363617CC5759625EDE4FC5AAEA1DE,641095,res/animation/effect/tx_xukong_jiguangpao.pkm.gz,1e28aab0ce9624cecefe83777b93fb5d
27FE681160735D0BC1749F6CC7AFA5D9,567971,res/animation/effect/tx_xukong_jiguangpao.pkm@alpha.gz,836584257f358bb1e35a2128c99e7644
53D1CDFA6B82601C2FC6FC7E8C38B3E9,1084,res/animation/effect/tx_yameililiang_hengsaogongji.atlas.gz,14a7c998c7aae0449e4408a72f5496dc
7F025E3A4C81647B82F84DF72854CCF9,1756,res/animation/effect/tx_yameililiang_hengsaogongji.json.gz,5fd21faf3d07764323614e0b2764d589
5FBCED81AD8C5821771A2F9B70B6BB35,141879,res/animation/effect/tx_yameililiang_hengsaogongji.pkm.gz,d369ecfffddf2a73b80866cf5643ca00
CF375F16917F3A0AAB1016095180F351,106995,res/animation/effect/tx_yameililiang_hengsaogongji.pkm@alpha.gz,b87b8f0fcd3f509ce230680bee012977
2F39AA5E9F28424A80790FEA25F38713,1193,res/animation/effect/tx_yameililiang_kuaisusheji.atlas.gz,8c0df1e993e39de00b1ff61b2a9f14da
BF1E1D5E43F11FE2B2F69F6528A8199D,1296,res/animation/effect/tx_yameililiang_kuaisusheji.json.gz,f88ff270c78f6a85909f05ea562742b3
F8C3BC1D61B0E9C60F4C39E3FD5628CD,102136,res/animation/effect/tx_yameililiang_kuaisusheji.pkm.gz,a9c2b5cae5d2869b74d3fa031b7316ff
0D985831E6E2E425F5132A2F94791591,100420,res/animation/effect/tx_yameililiang_kuaisusheji.pkm@alpha.gz,6d5e3fea776caed9e85b9d0959b6273c
10F85F928EA2853BC662189DC9601786,963,res/animation/effect/tx_yameililiang_sanliaji.atlas.gz,33cc6a64b567fd5a59d8c16ee61756a6
5D20F32AA054A7C371F0C42417A1A020,1074,res/animation/effect/tx_yameililiang_sanliaji.json.gz,2b1db60f0b11ed22b5fb063cdc3e0252
91554E67649D769AFCD96870C00779EB,121537,res/animation/effect/tx_yameililiang_sanliaji.pkm.gz,4134461b06ab4c9aed46194837730334
947DA882CA40EA849E2643BEFC3915CC,92688,res/animation/effect/tx_yameililiang_sanliaji.pkm@alpha.gz,75bddf2139a9bcb4358410c0f63998c6
F5F0AAA0BAB35DFDF7D1F8E0D7F891BD,2019,res/animation/effect/tx_yamei_gongjileidian.atlas.gz,c299cac328e3d079f3ba709a1b165e44
A8FF7552B47B21F2144366F9957BD8F7,9775,res/animation/effect/tx_yamei_gongjileidian.json.gz,9f3d295ea1e12d4967eb6fa3542da74a
87294FE89358269241CD842C8AA00C3C,302151,res/animation/effect/tx_yamei_gongjileidian.pkm.gz,af3b245f787148d2ed21894f02841ad3
8709315F1821EB52194B51C39BBE2070,244164,res/animation/effect/tx_yamei_gongjileidian.pkm@alpha.gz,988c05b96849c553a7074fe8b6e74a0e
060DD572B103635ABF85ECC0C665BB9A,1160,res/animation/effect/tx_yamei_kuaisusheji.atlas.gz,e106e34957a869bfb1dd1267851a5d87
C99DE9707A86B392C057E9CAFD23311C,1250,res/animation/effect/tx_yamei_kuaisusheji.json.gz,4fc16f937a61301fc7edaf8590d35b74
BC69E4EB24D103A20E844806330B7843,163659,res/animation/effect/tx_yamei_kuaisusheji.pkm.gz,1d7e5768155999d73d3c9ec3859c235a
15498473B1B99DD1BD294326FFF5333C,121102,res/animation/effect/tx_yamei_kuaisusheji.pkm@alpha.gz,0c6f1ad92ea247147733b53237cb2daf
2178D4B5222AD2CF1C2D38DAC39ECFA7,1592,res/animation/effect/tx_yamei_sanliaji.atlas.gz,ac989b1aab5909b83e11f8759c4a5397
23B58815E0B87FF4116B3444E25DA7ED,1841,res/animation/effect/tx_yamei_sanliaji.json.gz,bef71d338d3cd1e2b75d12831a0c0484
A02878DDA9546044483732929A1E0E37,194321,res/animation/effect/tx_yamei_sanliaji.pkm.gz,dd5e3f4d748e7d4e81b7f02a4b02d5fb
CC9B261F529104F223716C63FFC66A6E,143184,res/animation/effect/tx_yamei_sanliaji.pkm@alpha.gz,c778be8c871305279de5e1d0600734f5
EB81922C15C97FED2D0B47933D47E113,877,res/animation/effect/tx_yamei_tujin.atlas.gz,32157e5bc57e633f7fb393965e8772e2
D83DD043AC01A3DCDFFC2A9B09A43D24,1256,res/animation/effect/tx_yamei_tujin.json.gz,8cad95d80d12fe8803e0640a52423e7a
CE656B5F79E5F14313A232E2679ECAF2,59548,res/animation/effect/tx_yamei_tujin.pkm.gz,09dc0b99278378f2b23bec3e2bf47372
D21CEF14F0F9BBED134D9977B27E0B95,45042,res/animation/effect/tx_yamei_tujin.pkm@alpha.gz,0a4a1df11c7a81cb57100a483684fc2f
36645C7A912DE59ABC3515406D17FBD4,1580,res/animation/effect/tx_yamei_zhuangtaibianhuan_hong.atlas.gz,d5b173dbfba0d3c6fd177208dd7a632a
903C8322F38557895E94EA7A2681A9D9,2429,res/animation/effect/tx_yamei_zhuangtaibianhuan_hong.json.gz,9f474b6bebbfe7f035652a57b06b8b6f
34C23D3A15970051ED8A99376F522AF1,131413,res/animation/effect/tx_yamei_zhuangtaibianhuan_hong.pkm.gz,a9ba5a8002fdf112772afefe0d3088cf
AA318C16B106DA970B968A8A08E47925,154722,res/animation/effect/tx_yamei_zhuangtaibianhuan_hong.pkm@alpha.gz,1656a6b2ef6ebd5511bcc7de6ae810c1
A139A4F121E8D7632C68CAC048558DF3,917,res/animation/effect/tx_yangui_danmu.atlas.gz,acfe18b3ada50ad9f5f57704b5f2dab4
99CACB8A0A80CD37D1B80F3F3CF39F7F,1508,res/animation/effect/tx_yangui_danmu.json.gz,92a8b088eaef3abcffc6a4c12f027a61
95EA7DA29F11759DA742C04631DD034E,86654,res/animation/effect/tx_yangui_danmu.pkm.gz,66e559f260ddd6778e3e2d462b32e720
3B7454F3C1E99B16C39D3CEA4C329F5E,77641,res/animation/effect/tx_yangui_danmu.pkm@alpha.gz,b664671f752d168d824856bf7b1fdf12
BC17FF940D900793AD397972F256FADF,1306,res/animation/effect/tx_yangui_tantiaotiequan.atlas.gz,aef4aabb82a1a5508568f0924eb12596
491D4A87345EC15F1D88FFCE813847A0,12606,res/animation/effect/tx_yangui_tantiaotiequan.json.gz,5522f8bb7bdad7a924d6ce3e4613eaec
E25A41D24F0AC66A16C1B29174463933,341029,res/animation/effect/tx_yangui_tantiaotiequan.pkm.gz,a733d69ecfb1d7ecdca20ad714a90c08
8351891ECC6578CC6656C37BE72CB096,98664,res/animation/effect/tx_yangui_tantiaotiequan.pkm@alpha.gz,ef48e02a54544cadd6036a39020f5e3e
6B620C62AE51BB3AAE19208F53176DE5,781,res/animation/effect/tx_yangui_tantiaotiequanchongfeng.atlas.gz,9c2d56f0a81f0a8cdf2bf87265f1a53d
34CB41379E3A765B40C58C766374E050,680,res/animation/effect/tx_yangui_tantiaotiequanchongfeng.json.gz,f84ca64b62ffbaa50302ff79311371bf
E3E5542A31AD8CD2ECB72541FA1C1457,88945,res/animation/effect/tx_yangui_tantiaotiequanchongfeng.pkm.gz,0d80238db31251668eddd39faea46483
DCEF9327B8D3BF5C1D2D751F2B0D8E0E,54973,res/animation/effect/tx_yangui_tantiaotiequanchongfeng.pkm@alpha.gz,6b57a9748643135cbaf9f340bedf6181
B51ADE2F8DBAA08E68D0776C575A137F,1275,res/animation/effect/tx_yangui_tiequan.atlas.gz,b58834590376bb5456123e1d418a5974
68D3F30362503409FE4ACD0D92EDC101,12749,res/animation/effect/tx_yangui_tiequan.json.gz,ce4294a7044ccfd5b9d778f82d8513ec
01A4BFB29B7F216FB26A32FBD733D39F,341029,res/animation/effect/tx_yangui_tiequan.pkm.gz,a733d69ecfb1d7ecdca20ad714a90c08
C74CC61F01BE5A21CDFA5E0D276139A5,98664,res/animation/effect/tx_yangui_tiequan.pkm@alpha.gz,ef48e02a54544cadd6036a39020f5e3e
E3B33C99685794B43CB7B0939042F35E,793,res/animation/effect/tx_yangui_xulichongzhuang.atlas.gz,59ba30ed19e2a45ab08cc5a84813608d
EC6CAC70D19723AD79FC5C2B6623CFE5,779,res/animation/effect/tx_yangui_xulichongzhuang.json.gz,0f9650f028d3d8b01a2cbd13a4df3229
A631F79819B921451A7519D772F163A9,88945,res/animation/effect/tx_yangui_xulichongzhuang.pkm.gz,0d80238db31251668eddd39faea46483
95EEE72CB78B1EF55EB7A7258DD4F6CC,54973,res/animation/effect/tx_yangui_xulichongzhuang.pkm@alpha.gz,6b57a9748643135cbaf9f340bedf6181
A6FFF2BDD19CEE4AA02729B380E4DF77,369,res/animation/effect/tx_yaoshi.atlas.gz,c54d614eac0d69dc2a056fd2f2c2375f
848065BF533C6FBF7FD55C29C9BE8EBD,1120,res/animation/effect/tx_yaoshi.json.gz,a79a8f79912f54d24cce0504f6e2eecd
77F113F368A58CE246FD64400106ABED,4028,res/animation/effect/tx_yaoshi.pkm.gz,408a21f377139645b4f421fbc6e115d8
72177776CB47B65C2AC415DCB8B2EFCC,4116,res/animation/effect/tx_yaoshi.pkm@alpha.gz,bb8b94ab0a390f10222a34229e21b9b6
80E0C0205CDCDC49F6D58C92521E8908,509,res/animation/effect/tx_yeshenjiexian_xinshou_dajitui_dimianyujing.atlas.gz,578d46bde1ca52766a22f0066f1b308c
7FD98B8E9AB2B90D5484EE5ABCE5CF2E,916,res/animation/effect/tx_yeshenjiexian_xinshou_dajitui_dimianyujing.json.gz,b908324f2aba200277ce05e239e6c399
FA34DA075078109070729459D5E73F2F,10641,res/animation/effect/tx_yeshenjiexian_xinshou_dajitui_dimianyujing.pkm.gz,c71604e7174ddf54320660e641e4c712
9B4BA1132933429C74CF7D5928249C41,54106,res/animation/effect/tx_yeshenjiexian_xinshou_dajitui_dimianyujing.pkm@alpha.gz,5d5e6d4cf795cacc6831d35b45864f77
6F179F18AD4F469102ECBFC1C1F9FE9C,1147,res/animation/effect/tx_yiliaobing.atlas.gz,8e6040926a03ed07d6469f25ceff66d5
7BAFCA17C01A42561B2BAE10315A2174,3482,res/animation/effect/tx_yiliaobing.json.gz,b654d21fbb1747f6d6f3b7409a138c4e
98CFF8B06C103E8F59C4CEECF2E5DE8C,166077,res/animation/effect/tx_yiliaobing.pkm.gz,8384c87010df4cb7b0b510a9aafcd110
50862B79F025F7CEEA78B0D9F5DB54B4,237832,res/animation/effect/tx_yiliaobing.pkm@alpha.gz,120deaff551c78cef9ced4ace94e96cb
21E93DBDA69413F1A19E6680956B6CF6,1469,res/animation/effect/tx_yinglie_luanzhan.atlas.gz,df5fe4aeb7e1b0d60ae780321f397430
37618041AC9B26F4629690D18B5DC19C,1874,res/animation/effect/tx_yinglie_luanzhan.json.gz,7b37efe55ba8f2ea599c7ccfbf526bc4
53E729E029C9A335CDBCC580C53FE76B,57160,res/animation/effect/tx_yinglie_luanzhan.pkm.gz,1eac966da3d6fdf37bd25e725112c1db
1B5AE762E9651AD569F4162F3C8AC890,246591,res/animation/effect/tx_yinglie_luanzhan.pkm@alpha.gz,fde4ef9ea5fad54a5b8fdba55ec11d38
E7011E1E9E994F318AB4CC695958779A,866,res/animation/effect/tx_yinglie_shouji.atlas.gz,287b834831fe378de8ae748f48e5e441
D69DC01DDCE0C63B77E05FC2F8D76468,797,res/animation/effect/tx_yinglie_shouji.json.gz,443b8a23f9c71b933fe3ce9ea8384436
FF59AC5A26595C4A0F5279921935F71B,380803,res/animation/effect/tx_yinglie_shouji.pkm.gz,389b2e95563094c553b58f657174ef79
7AD251FA67F56E3D1CDAB45F7511250A,239515,res/animation/effect/tx_yinglie_shouji.pkm@alpha.gz,9b93773fc6139c7d9269d258055b1330
70DCBCC449796D40B80633E238D78A5C,1270,res/animation/effect/tx_yinglie_yingdun.atlas.gz,cb72325e4d52a3070ef6e8a78a580876
38F161E9C44E281EFEB9B9AA39BBC770,1230,res/animation/effect/tx_yinglie_yingdun.json.gz,cf0e9720caabad91e80238d938b12c64
8B3FDF9222CB7E1F0E66CB117109FF37,134535,res/animation/effect/tx_yinglie_yingdun.pkm.gz,a850e4df212ea0306aff603f1f6efa81
1419BD847C1646D3430BCE99507AB8F8,152636,res/animation/effect/tx_yinglie_yingdun.pkm@alpha.gz,30f5126ea4a2138846883199a0e44f35
8A47DBD4527E149CA9AADAD65AA6947F,2013,res/animation/effect/tx_yinglie_yingdunzhanji_duanleiji.atlas.gz,1d3c249d5e88b9867dc21897986fdc13
9460D5B3BB2CCB86A93CBB674F3EDE73,3949,res/animation/effect/tx_yinglie_yingdunzhanji_duanleiji.json.gz,0457582a99d74f94b414f5885b02ee53
6F793BA8430D2B8559BEDBC8164EEC3D,350816,res/animation/effect/tx_yinglie_yingdunzhanji_duanleiji.pkm.gz,8ca98315ffe54e83faffb8dd1c974b3d
8811D863AEBBACF958CA6E9D5BF33CD8,372810,res/animation/effect/tx_yinglie_yingdunzhanji_duanleiji.pkm@alpha.gz,dbbf9cf16f2107c8c6b69256a5c500ca
749573C320D9DF772D714A5DACC1CAB4,1490,res/animation/effect/tx_yinglie_yinghuanxiang.atlas.gz,9581c67988d7dcad7bd382a33302532c
74E309DFFD5E7059B89115094FDC7B3B,2323,res/animation/effect/tx_yinglie_yinghuanxiang.json.gz,2db61756ca7fc62acb8d2da309aadd0e
0C395429E7C0CBEF4CBAEE756C05A144,56205,res/animation/effect/tx_yinglie_yinghuanxiang.pkm.gz,913259e4df04f68bafb432ed00d47994
1CE0B3300AC5947E704825BC18AF199C,248038,res/animation/effect/tx_yinglie_yinghuanxiang.pkm@alpha.gz,b7f0b5632d4fb0a94cfa98044fad4f1c
3C11A0B745B7D2C0544BE187DBF6FC60,1946,res/animation/effect/tx_yinglie_zhenya.atlas.gz,54715b1471673a009511bd6d0aef4361
97EAD428F0274FB32B5474C99B32409C,6207,res/animation/effect/tx_yinglie_zhenya.json.gz,4c80e1c798eca7fda66fd489e3e3864d
74D0B2BFB3132C6A9C7D5A3A48AD6F74,374107,res/animation/effect/tx_yinglie_zhenya.pkm.gz,93e86be2b6ccc88a49cb4cf5802b665b
4EC3A2F861F8EA10DE9E00A62B5D1534,463837,res/animation/effect/tx_yinglie_zhenya.pkm@alpha.gz,cb9403d237de5c7b89c0351820da10d4
E8B2676D380D1F74C257D8C5730BD976,1282,res/animation/effect/tx_yingwang_baozou.atlas.gz,af6ed9e72fc6487dc925621bb1fc4810
7D7F116E03A5CB087879886B038FFA40,2457,res/animation/effect/tx_yingwang_baozou.json.gz,9a1650ab75a7835991aefe0946b454aa
150D7D3933333F2A09E2FF5076168D59,189325,res/animation/effect/tx_yingwang_baozou.pkm.gz,6125c8cc62ee243ecceac3b971a3c65b
C2436C55045CFAE76CE4570A33C23304,281392,res/animation/effect/tx_yingwang_baozou.pkm@alpha.gz,eb3271d89fcc3c559e5a3f1ab62e88bd
04B630B53B8E01F5D215FAC99886BAF8,1726,res/animation/effect/tx_yingwang_guangyitanshe.atlas.gz,04070d02d711f97a5fd3c247d5bf9d1b
9AF185E8CA164BA57961646739EC0A08,2697,res/animation/effect/tx_yingwang_guangyitanshe.json.gz,14616beb0024ccb90570c3fc179f5c43
60D5CDB90CCF6301CB05440417FBE4EE,363176,res/animation/effect/tx_yingwang_guangyitanshe.pkm.gz,dfb54f6df62a0717b9085ae04f368104
D208173A224012BA2B731DC8F2A3B689,415517,res/animation/effect/tx_yingwang_guangyitanshe.pkm@alpha.gz,3b737bf4d870134bec22c181da49fc01
4CE0D8D2AE3920180CE469758DBA9BAE,1357,res/animation/effect/tx_yingwang_huixuejingji.atlas.gz,8c42579b812966c3c8370961f60f8fe9
659DC01F715D9968F8370C457ABB2362,3109,res/animation/effect/tx_yingwang_huixuejingji.json.gz,e0e7ce7e9ddaacb26deb0ec8f8e62f10
29787AADA458405DC174F17E4A07093A,287468,res/animation/effect/tx_yingwang_huixuejingji.pkm.gz,ece025eaed46c368664676c414098497
8D4002CB4DE5B4F008EE73F42E1CCE79,161953,res/animation/effect/tx_yingwang_huixuejingji.pkm@alpha.gz,4773236839ce4c8f2e7b4e76622ddadc
79E5CB89BDAE153FC4654C4F38E275F7,1694,res/animation/effect/tx_yingwang_jingjicansha.atlas.gz,9a8f829e9cfd18736aafb10217801ab8
2358645A23948F16247ABE86D3C8AEAF,2760,res/animation/effect/tx_yingwang_jingjicansha.json.gz,533461ab03becdc3714479ad1c4e4968
353023735090DBF6D626681F029A4908,555162,res/animation/effect/tx_yingwang_jingjicansha.pkm.gz,40b5f7a4c8a21bcd082fcbf5c2b1a477
42FA66A978072A2B7FE728715AAAE61C,411101,res/animation/effect/tx_yingwang_jingjicansha.pkm@alpha.gz,da293a1dc403b634ab02fd0f5eb2b253
034E6B9FB989DC0968CC5B77DF02C786,1404,res/animation/effect/tx_yingwang_jingjilao.atlas.gz,6b0411086a41582507f9164406064ae8
BE3026FCC9142AAFEFE9D5D08E13633A,3273,res/animation/effect/tx_yingwang_jingjilao.json.gz,39b56787c93154e437330f2c6eda8df3
B34443739718EA2C6E312F082D096B27,182599,res/animation/effect/tx_yingwang_jingjilao.pkm.gz,184f313f5993aedd05853e14457c55cc
65211CCDF663C7849C9D1C0F9C1D1D11,124430,res/animation/effect/tx_yingwang_jingjilao.pkm@alpha.gz,5e71c979492c48310e303e81cefee655
F5FF85CBC68FF2B164BAA7E026967B1B,655,res/animation/effect/tx_yingwang_lianyukuanghuan.atlas.gz,1f3735e1b854749aa70e8cf4f393d633
45FB9A5AF7060166B5184ADBFF517520,1238,res/animation/effect/tx_yingwang_lianyukuanghuan.json.gz,824dd3b92c2cbe009ab6bb2dcb88da55
AE18336452E285C31E1C203B6496CA30,129160,res/animation/effect/tx_yingwang_lianyukuanghuan.pkm.gz,ff5560bcf32efc91929c7f7189618183
4A5BACEDCC423FD9554E90B0A93A759F,78361,res/animation/effect/tx_yingwang_lianyukuanghuan.pkm@alpha.gz,a3ec5050fb8abb8686a11647aa1e47e3
664417DCF42ABCE67E3C10C8B6EED2E6,1412,res/animation/effect/tx_yingwang_lianyukuanghuandi.atlas.gz,343c8e76341d3820659a9f096eb97602
BD6D21FFF89F3CD6ECC687444056D9BB,3114,res/animation/effect/tx_yingwang_lianyukuanghuandi.json.gz,e0e87c501caba38d04e0bbfd1f093524
B22427A1041473A4C03AD229F9F64B72,144137,res/animation/effect/tx_yingwang_lianyukuanghuandi.pkm.gz,733f8a76b43c32f49a2b00e8db7a33ad
375A680C101933FAAE78CFDFED8D2A6F,124430,res/animation/effect/tx_yingwang_lianyukuanghuandi.pkm@alpha.gz,5e71c979492c48310e303e81cefee655
641591E59A22A43B151D4C724E2A7FFA,1144,res/animation/effect/tx_yingwang_shouji.atlas.gz,1bc3da7b801ceab8727007db1599fb5f
F646B479CD24DDE8AFAA0D10F89D093F,1271,res/animation/effect/tx_yingwang_shouji.json.gz,fe0291c03bc66beec1674fac01e9f8eb
8BF429A3994CF00B985F6508791879C4,223418,res/animation/effect/tx_yingwang_shouji.pkm.gz,399844a88f4b9879e7d1c8dd4b192177
FD7AF7ABEFAE45D6E5BF0A301369CD2A,126462,res/animation/effect/tx_yingwang_shouji.pkm@alpha.gz,b5a248fa606f6d09f40a9364994f71a8
84986AA53A043FE1B1D20E2058AA9E6C,640,res/animation/effect/tx_yingwang_shunjianxiaoshi.atlas.gz,cf2c226a3c2946abb314ca058d3faae6
BA4A27965C33B2599F9BAA7C39230C86,426,res/animation/effect/tx_yingwang_shunjianxiaoshi.json.gz,1511ba11a32e6a122d92af9af99113a7
2842E87C1240B29351DAE24F91AD3B40,190944,res/animation/effect/tx_yingwang_shunjianxiaoshi.pkm.gz,0bdbf8e878e690b9e2b065bcd9deedea
E832D2171D4653689869A583C290C733,150345,res/animation/effect/tx_yingwang_shunjianxiaoshi.pkm@alpha.gz,a78a3f48f0dd7f87cc2f2f3e58d9e31f
7B5F15A36A40AF30564BA83F889E1F11,1408,res/animation/effect/tx_yingwang_tanshejingji.atlas.gz,d6dab8f3868c5b562b6c5e8b5a642c31
4FE33F016A1AC1B8DC1BA435B86BE64F,3063,res/animation/effect/tx_yingwang_tanshejingji.json.gz,81e24f5ac97003b8c8130b794b75c214
A848DC7471078F9CD7CFC271D16EE5A7,144137,res/animation/effect/tx_yingwang_tanshejingji.pkm.gz,733f8a76b43c32f49a2b00e8db7a33ad
6E4DB03B44D8FF3932B0AA48E7BB7A31,124430,res/animation/effect/tx_yingwang_tanshejingji.pkm@alpha.gz,5e71c979492c48310e303e81cefee655
4450F6F08CAB4823EFEEFF2F811AF16D,1403,res/animation/effect/tx_yingwang_xuejingji.atlas.gz,63f90c0aab31c2237f6ff34acf3fee87
528285581F401CA760BE52A3268D643D,3437,res/animation/effect/tx_yingwang_xuejingji.json.gz,796b1fdb5c62f1a7ba7d461ff9c5ceb4
91A38BD8A613B424D8C4B3833FFFC2CB,286986,res/animation/effect/tx_yingwang_xuejingji.pkm.gz,b2932c693dd92a5694bac0c54604d675
91F8CAF8EFE7E8425F1314773B1B3E60,163108,res/animation/effect/tx_yingwang_xuejingji.pkm@alpha.gz,cc16145d6055a909ec2209fb64551c07
52EE125254CFBDD2860F7F6DCD7F9B45,1290,res/animation/effect/tx_yingwang_zhongjifuchong.atlas.gz,cad063bacc55244c805a8399654c2a8c
A6CD94978D548F8CB79E358AFE973484,1851,res/animation/effect/tx_yingwang_zhongjifuchong.json.gz,43a3ff0359b985e40d35815db92c231e
37C96E1C80B79A7C48AE31162D3BD7E7,459221,res/animation/effect/tx_yingwang_zhongjifuchong.pkm.gz,9d14bd84a81b6d55f3ea5a10c46e5d32
971649B5DC1CD014AC4B8539E05B3CC8,337302,res/animation/effect/tx_yingwang_zhongjifuchong.pkm@alpha.gz,0305d52f81ac16c5a080c82b05bceb77
E573AAB194D44BD12237F1028427D279,823,res/animation/effect/tx_youli_baolie.atlas.gz,364d1ba64b290be3018eebaa3c48b544
2FD5D00C9DD8A5C1EABD3CCBF5A0DAB2,1485,res/animation/effect/tx_youli_baolie.json.gz,46fe1158df1aabd99c5151b68e7d7812
E89AFEB9777189ACC381CCF1E11AD02F,44914,res/animation/effect/tx_youli_baolie.pkm.gz,4251aa92461e26727987a138aea3c001
D99F6287161A1E0A96CF6C3E013C5933,34819,res/animation/effect/tx_youli_baolie.pkm@alpha.gz,a973fe1614bc8e527fe2e67e102adf79
D3FF65A65AF6F32DECFE4E7A9BFE2A35,568,res/animation/effect/tx_youli_baolieshouji.atlas.gz,b55d51ba5553a9d14bfa1e119acb61b9
A5C51B4795136AD92BEBFA9EDF477C88,442,res/animation/effect/tx_youli_baolieshouji.json.gz,7ef7993237eea80c68fb144b20a0b11a
C9B187C37D55349188E914DE8523F17D,111026,res/animation/effect/tx_youli_baolieshouji.pkm.gz,e0c4453c72068bb98a6ee4b7539385d3
ACAFE38244FDBE407A9D3F4D64794EF0,70523,res/animation/effect/tx_youli_baolieshouji.pkm@alpha.gz,b251e96a59d4e76641c200a0d6a889b1
6F780597E57AA95758A43AA63E8CB20A,1891,res/animation/effect/tx_youli_baoqipugong.atlas.gz,852545260a2bf329649fd3887b8d992b
C0622ADBEB10EEC14BEFBC7A22D5ECB7,3668,res/animation/effect/tx_youli_baoqipugong.json.gz,15c4c7f5556ebcc8266cbc6134d28b1c
4C3924FF3D313C0708FC375F541C0273,125248,res/animation/effect/tx_youli_baoqipugong.pkm.gz,328670e548f396acee062ec332c955f3
18972E8A4D469C03A1B098956852F03F,135908,res/animation/effect/tx_youli_baoqipugong.pkm@alpha.gz,25ec78969faefa01ebe5cc5a2ac2b298
FBC692A80B35FACB234F93A6C3AD1362,1165,res/animation/effect/tx_youli_houshan.atlas.gz,4635b4dab99a1a92a988474594842a7e
F9A8659C1DE1285C49F67F84CFED9F38,2203,res/animation/effect/tx_youli_houshan.json.gz,17ae5704b18cea4c15aa764b2591b934
78DFEE9BDA29BA11863030300969BDE8,221362,res/animation/effect/tx_youli_houshan.pkm.gz,e1bae180d2dfc215b18d37e83c352245
E663213F1BDDAC49943B77B6CF92713A,150824,res/animation/effect/tx_youli_houshan.pkm@alpha.gz,6f46d9a20adeeb7eb89440d549a83b90
1EECFB82DDE0B984A10021782BAFD537,1640,res/animation/effect/tx_youli_houtiaozhan.atlas.gz,aaeb72655ba73f1d202f38a676b1e4a4
2770A333116C08C6829CAE05DE094F82,2351,res/animation/effect/tx_youli_houtiaozhan.json.gz,2aedb6e55ed5521f3d4d5b4a3a969531
E636E4045C06ACB85F9A8152C11CAB13,575500,res/animation/effect/tx_youli_houtiaozhan.pkm.gz,03cf8578e1f74d23711a8a8cd626f9b8
4CE0BF56CF507587048C65E99112A81A,424578,res/animation/effect/tx_youli_houtiaozhan.pkm@alpha.gz,dd4e44758094beb9370ef9b9a008a2bd
CED5906FC507C822B107EB6014E12EEE,863,res/animation/effect/tx_youli_huachanying.atlas.gz,9efa563bfbbb77862db1ef9464ca77b8
88702680201CE7BAE236D84A31D1EC7D,779,res/animation/effect/tx_youli_huachanying.json.gz,a9d3a29a81fc25aabeacdd65c86fcb1d
A32C7E6DDC7D4D2674F49B37E0C22DD5,47294,res/animation/effect/tx_youli_huachanying.pkm.gz,04b05149bedd9fffe9b8e7f0ec20fda2
2D67E90C22655F2B5D53E5F4A4CDE939,44253,res/animation/effect/tx_youli_huachanying.pkm@alpha.gz,ae21749536d5dddf6f3458d75d6119dd
D733513EA71DA316D083F017E6859E06,381,res/animation/effect/tx_youli_huizhuanzuolun.atlas.gz,14ee83abbeaa803e8dd79ee4fc085fbe
4FE52189D8AC9CAC30C0DE1CD653D1D7,474,res/animation/effect/tx_youli_huizhuanzuolun.json.gz,d91cbd3f939feaa597bac6046d006484
8CF75C76E51BB1EE6A1A9EC6D6126086,105993,res/animation/effect/tx_youli_huizhuanzuolun.pkm.gz,5d48f091cf86aac8d122d3331507f22d
9F73FF27BFB243DBD0F9E19C09F5A3AC,82783,res/animation/effect/tx_youli_huizhuanzuolun.pkm@alpha.gz,e0a959c66a9ee33bc4600aa5fd706d66
69552D12DC2DCBB91C8D0AD325A2ECDE,808,res/animation/effect/tx_youli_kuosan.atlas.gz,5d0fed7144d0842b56d9977bdb362ae5
A05880823E3D224F8BE2026C042795A9,1276,res/animation/effect/tx_youli_kuosan.json.gz,0a837e69d56e7a12cca312f0fd851de1
83919EF8AABC80F930E555E552B370B6,137355,res/animation/effect/tx_youli_kuosan.pkm.gz,6839ea0d00a0862dfbb7a773e6c9eedc
5C5039D0A4CCDA19A1969B6CEC27971F,95760,res/animation/effect/tx_youli_kuosan.pkm@alpha.gz,1bb15e6f109e9013f68ea272bbbd7bad
A84CE77BBBF476901DEEDFC86E57CBF7,513,res/animation/effect/tx_youli_liekeshouji.atlas.gz,d6e9f7e2d5541eb53351cbedee277804
5D41D8F0A2DD8B33A0CA030F4D1B144D,331,res/animation/effect/tx_youli_liekeshouji.json.gz,e5e625640b0b63ae401423b206264c50
A153B6F44DA777DD4F82F5CCEE7C9729,10856,res/animation/effect/tx_youli_liekeshouji.pkm.gz,1ef993d89fba7fcd0cb2e288320b95eb
3BC21D04EC17CBB681CB99D549729C3B,14315,res/animation/effect/tx_youli_liekeshouji.pkm@alpha.gz,01e499cd2c6208ce2591ad2804af144c
6DA2339560D55C37DA015CA0F743EB88,920,res/animation/effect/tx_youli_paopao.atlas.gz,432fdfe42cce46bf9e1b1eee3068f736
9B2AB35DFC9BC3C2DF83DC67A4F74F97,2113,res/animation/effect/tx_youli_paopao.json.gz,0d9adeb9cccf7e527b108c8aa51454a6
EDD26E84BF22FC44D99332F8B2A5B746,485098,res/animation/effect/tx_youli_paopao.pkm.gz,25aaf63d4544c71f7498c53937d4c846
B829E53D27989136A75137BB4856D139,182749,res/animation/effect/tx_youli_paopao.pkm@alpha.gz,2193e75a669babff9adb9622d5c3c73e
766BB8444101DE814D0979A4B7F7A9C0,1044,res/animation/effect/tx_youli_paopaodun.atlas.gz,186b0a21c1374e73783a4f7b61445cb1
AD6027D560B4CC0BB59674D71EC0BE18,1571,res/animation/effect/tx_youli_paopaodun.json.gz,996f7a36f579ee15adc09354af1d6eb2
26394C992C54A1EC4A99989E665D2030,469502,res/animation/effect/tx_youli_paopaodun.pkm.gz,69bbe0ae3b81109fe53d844e07dfe97e
A3F2D33AE5E111502A7B833B47BD2CC9,361217,res/animation/effect/tx_youli_paopaodun.pkm@alpha.gz,6b53bb1878fbe18949267bed3bcbc722
899CFEB4932D68EFE27A0DEEFD8981BC,1105,res/animation/effect/tx_youli_pili.atlas.gz,1802cc95c0fcf90d350b8f85154000d2
44B54F78DB900CF79E71394AF25924C7,3345,res/animation/effect/tx_youli_pili.json.gz,4c234ffd08a1a0e9ff4e676383c9f56b
A99B26F9DCB633DF14B22253EC19B3D2,176844,res/animation/effect/tx_youli_pili.pkm.gz,45fef29e44df1e801cad3c6dde70b112
0FCE0C525C75333DC81287DB1E962293,158714,res/animation/effect/tx_youli_pili.pkm@alpha.gz,8e34603806adb2735936c08f1ba57d3c
5DBA256B931ADF15329184E82637E5B9,626,res/animation/effect/tx_youli_pilishouji.atlas.gz,46e5f805eaae633b34040ca0a04eece1
C967DC2DCDAB077B138DC1440FF8ECDD,1041,res/animation/effect/tx_youli_pilishouji.json.gz,c4a2866251dea9edbf1f3d1053666273
0DB8449EE83234878F0540F772FA05F7,95639,res/animation/effect/tx_youli_pilishouji.pkm.gz,f6a3101b2b8b59bde822ddba551e862a
A4B5960AE2E02D08CCD5BBB1FBAE995E,67551,res/animation/effect/tx_youli_pilishouji.pkm@alpha.gz,085a7368cfd76e5be314b7ac23658e1e
545FAC65F2BB909DE163C5793405700A,1285,res/animation/effect/tx_youli_pugong.atlas.gz,49485da0c22e5f4cb2fe2ee29cd1d991
43B03F16FB9FD020697259CAE05E13AD,3889,res/animation/effect/tx_youli_pugong.json.gz,d4e09b7cce04dd6cce7efc4f19ef24cd
E3F425C9D6C91670E8E5E132FF6E85B3,96449,res/animation/effect/tx_youli_pugong.pkm.gz,8828ecd08be67ab5a1a8f43a333f9dd0
2E0F330460A1A0B224CD742D95DC2AC1,76751,res/animation/effect/tx_youli_pugong.pkm@alpha.gz,909377a1d3c55d57dc30523d5829ba17
7E433AC9F0CB6BCB30BD8F7DE7A9ECBC,643,res/animation/effect/tx_youli_qianchong.atlas.gz,85536fc13653e24ea4e8d367cda88aec
7B8D853A56334D2717F3A1F784327616,591,res/animation/effect/tx_youli_qianchong.json.gz,8bf2c88bc5c293d722ce3699ac465e93
0E957A0F0E7C0ED28CBA793A1BB2F55F,81839,res/animation/effect/tx_youli_qianchong.pkm.gz,04d58da263b1fa2f779e44dfb8d43d44
6F0760F5CAC7AADCA9FE4D6234D5F056,60295,res/animation/effect/tx_youli_qianchong.pkm@alpha.gz,e0016c6139cd48db3688e431a8726ae2
417E6338252C47721D0EE4F53AF0F822,367,res/animation/effect/tx_youli_shanbizhan.atlas.gz,ba1707f9aebf12e9e3e055d133ee565e
FC8F14566A95581DB7906F84997FBC26,326,res/animation/effect/tx_youli_shanbizhan.json.gz,93b431213e3a39a9984d1676de34407c
185209404900347438CAE7DB8D549D13,78461,res/animation/effect/tx_youli_shanbizhan.pkm.gz,f6ab3d019ede4b1bf2f2f6005872dced
825C454841AD55E2357520D3F11563D2,57228,res/animation/effect/tx_youli_shanbizhan.pkm@alpha.gz,411936282f8b92cde340d16946ac2f58
52F823AC75DF8E9CA9DF08BA468825DE,1107,res/animation/effect/tx_youli_suzhansujue.atlas.gz,8dc9ccd64fb07325198c202edd6bdd65
3A9C2C278106F8F7FD2F5DEEC5936D57,7770,res/animation/effect/tx_youli_suzhansujue.json.gz,1094ec14c6a492d5514bc855ac112ade
6DC0D281EF8DC2746050A62FFE11F9A7,277536,res/animation/effect/tx_youli_suzhansujue.pkm.gz,ec219cf9b659120c235e5a01c1622610
5E68B4F1299B1897F0D26C926B6CE34B,276950,res/animation/effect/tx_youli_suzhansujue.pkm@alpha.gz,9759f713b844c6013a9f2732d0f5923d
B5BAEA8744969B56997DA01A950CF8AF,883,res/animation/effect/tx_youli_tahe.atlas.gz,ba9a817b3866d806b6d0f6c224d93796
5DF29431FDE4D1D67CB56DDFEF18E7F9,1081,res/animation/effect/tx_youli_tahe.json.gz,f9789d7045d1f10e7552e77859cf0044
E53A005534BD0DEBF12C4009083C63DB,211761,res/animation/effect/tx_youli_tahe.pkm.gz,f23ec4f4d1bc21ca30f728bfc7389db3
0592C3E0BC5C7BAF6CC3EFD31736352B,136211,res/animation/effect/tx_youli_tahe.pkm@alpha.gz,da9d7e0e24c206e4e86e0321b2b0d2b1
F3BC08B9E3FE8F60DD8866364B4BEB76,873,res/animation/effect/tx_youli_tashe.atlas.gz,83243f69c82177fa27022521c79afeff
4D045E63F47DC66ADC8B8C0B6CEC0171,1445,res/animation/effect/tx_youli_tashe.json.gz,0de16e9d1886ee2f02ff9f59db9deff8
CC9107DC15E3430DF419B2ED1F1C7669,52838,res/animation/effect/tx_youli_tashe.pkm.gz,d76a26e3307bfbe57190af81cbb25f8d
01E7C2A6AA5D7117ABE9D60835BAB322,43264,res/animation/effect/tx_youli_tashe.pkm@alpha.gz,663918d5081f6fa736c597da77f51bff
0BC88E45B9602FFC162D29B2EA9EFF74,768,res/animation/effect/tx_youli_xiejiaodu.atlas.gz,59486e4ccfb6a13253b6461481236849
70F649573FF83B379FD9F10BB1BC0867,1303,res/animation/effect/tx_youli_xiejiaodu.json.gz,419d691cb56e0fddf54f4e086ab7d31a
96CB9A6AE1F5A2004309C6871B3577F6,63532,res/animation/effect/tx_youli_xiejiaodu.pkm.gz,6cdfb6ac4707fdb114c2347496ff1c8b
9430139BCB9161113156300949CAAA17,44490,res/animation/effect/tx_youli_xiejiaodu.pkm@alpha.gz,25019cf218d72f8cf0278aac35fce381
0DEA7548E30F9A28AC3B0AB15A36552E,1841,res/animation/effect/tx_youli_yanshibaozha.atlas.gz,29867250ce4a7a17884f7ade5103ac92
288EBECF0AE3213AEDBA9310EA85E258,2564,res/animation/effect/tx_youli_yanshibaozha.json.gz,b1cdb701356ffe8b63aed64e5e4fb7a0
D5006DBA7D44A96CD985520C056684D4,512988,res/animation/effect/tx_youli_yanshibaozha.pkm.gz,faaede0d6144729e8ae3bdd88bbe69c2
8F9A902F7A5852ABF50434930F6C4519,397872,res/animation/effect/tx_youli_yanshibaozha.pkm@alpha.gz,f7b16ac54fcea4dd1b52e44e5f52d16c
C6721A3473A26CD74884A9593A38982B,1238,res/animation/effect/tx_youli_yidaoqie.atlas.gz,f97b46b8c4a4ebf52ce3e5a2ae4e69ae
01F4C777708FB966BCA0D3CA8E965572,2467,res/animation/effect/tx_youli_yidaoqie.json.gz,fc9fab899c9da0b243088925b48ab971
27736CEB93834D155B2B2EE59C16A5F2,214387,res/animation/effect/tx_youli_yidaoqie.pkm.gz,1d28b27c5cafb819bd0594dc606c1c14
E70FE36622764721DE174DD804606D59,168900,res/animation/effect/tx_youli_yidaoqie.pkm@alpha.gz,c201c70509873134bf11e606dc252ce7
49EF38F8AAAEE5AD8DC7C3A384352F24,647,res/animation/effect/tx_youli_yinglianti.atlas.gz,768b8c6a10be8233b5e52763177cb1f6
08414B1CE85BB83C0260E6310BB45013,1707,res/animation/effect/tx_youli_yinglianti.json.gz,466b27cfad5410884038d9bfb4a9cb70
A3763B4F94DE21F3C11604212B9BFD14,40481,res/animation/effect/tx_youli_yinglianti.pkm.gz,d8786b4e374472232378131122cb8e13
546445BC318EA00E004C9DB64841EDE0,32257,res/animation/effect/tx_youli_yinglianti.pkm@alpha.gz,120b012d048f607a39557af068f81a9c
B062E23B240593D84CAD4886A6A7A99E,1348,res/animation/effect/tx_youli_yinglianzhan.atlas.gz,7564b3e02335ee968c3c6b760077b03e
CD96BF09CA811C56584417E0880F5C64,5146,res/animation/effect/tx_youli_yinglianzhan.json.gz,5483887f15b51b186a393455377660f5
7672DFCAE1FE529BB3385DAC80F1D63D,167532,res/animation/effect/tx_youli_yinglianzhan.pkm.gz,3a64b4c7b546228ba0616f261ad08981
ECCECE67F1A941F079201825FCD26C15,184571,res/animation/effect/tx_youli_yinglianzhan.pkm@alpha.gz,1f9fb074549a1a3f7ed9fc67ad16caaa
C6C2F2B343C4EA477529B3B008E3027A,1345,res/animation/effect/tx_youli_yinglianzhan2.atlas.gz,779fa1c9f78770a92bea913c663b14aa
12C864F89BE25A972F14FE0BD0BA6BF7,4036,res/animation/effect/tx_youli_yinglianzhan2.json.gz,255355874b342986f4631ef19c43219a
7BE6E442EE60767F1E53EE7BA1D4088C,167532,res/animation/effect/tx_youli_yinglianzhan2.pkm.gz,3a64b4c7b546228ba0616f261ad08981
EC05272619210C91A142935F298B8D0D,184571,res/animation/effect/tx_youli_yinglianzhan2.pkm@alpha.gz,1f9fb074549a1a3f7ed9fc67ad16caaa
C47F0161DD52AE93DA81095419DDB46F,430,res/animation/effect/tx_youli_yinglianzhanshouji.atlas.gz,70ce02dfae5b2a116e8f998e286b5d03
4908837FBAF8086267BEBB0368DB8DB5,548,res/animation/effect/tx_youli_yinglianzhanshouji.json.gz,eb20f2ffb7e345efe7af78f009490736
3F23CCC3AD45A3B195B4F17A383203EB,10570,res/animation/effect/tx_youli_yinglianzhanshouji.pkm.gz,0ca311bb7eb6ee6ddaee643184a3c700
41D8C16B567E629DC8E9BCF2B791D37E,11751,res/animation/effect/tx_youli_yinglianzhanshouji.pkm@alpha.gz,968b7b34c794ce138e92e41d6ee9fc1f
A9D5CE7528594661E7F22119CED31D8E,1297,res/animation/effect/tx_youli_yingpi.atlas.gz,643bd52250d8be30e6a2fced14ed1c23
B1A7F71E73CC45C292472DB1F2A4D563,2630,res/animation/effect/tx_youli_yingpi.json.gz,d08debab6984101d13ce7fa98953a032
D6E18AEFBE1AE8A4A8C31AFA74AD4A73,246627,res/animation/effect/tx_youli_yingpi.pkm.gz,a22aa4d0a41202f31ea3f1e2dbb67983
1696587A8E1C3FAB2D07E0D11A932641,154809,res/animation/effect/tx_youli_yingpi.pkm@alpha.gz,97829dfa8ef3487c273f44fcc6bd9866
9CAD174FB092F0F782EA89D9F6031075,1258,res/animation/effect/tx_youli_yishan.atlas.gz,8fbd54cb38e524b5bd219107c95532e7
C86E542BC228AE40EEC083A1DFAE8A47,2557,res/animation/effect/tx_youli_yishan.json.gz,5add605cfa07197eb9d5f82d3f7e32c2
27A210D34595A83A2BF6F990CE3D165D,443216,res/animation/effect/tx_youli_yishan.pkm.gz,65b554ce81ea579fb8840b71f8aa1ede
798468D7C5F727A20E2E149E80E04DBE,312726,res/animation/effect/tx_youli_yishan.pkm@alpha.gz,d358a0388c84687d2f3f038ae502974a
3B8F3DFD2DEE207289B7EED2FC3BD7EC,800,res/animation/effect/tx_youli_youmingshouji.atlas.gz,c95a63ce847e0b4b1b10b69743942e96
26D70D76AA2A02711333B8976BFD45DE,1395,res/animation/effect/tx_youli_youmingshouji.json.gz,b18dc12391eb0ab966c0afea33040929
7B06C2AD677B238C56C614D5C007BD50,23358,res/animation/effect/tx_youli_youmingshouji.pkm.gz,12a25b74681b09d339a64924cb27ca16
2FF23004348E036B251252F74025B878,22726,res/animation/effect/tx_youli_youmingshouji.pkm@alpha.gz,40643f3f86800d7e405f89e3a1e64d0c
7DC399E6CF88FCC74FB1977B5091C59B,1282,res/animation/effect/tx_youli_youmingzhan.atlas.gz,4d4965a6d2a81ab413ba35e43dd0b6d3
A39B962AC9525B9209C681DBF7C17FAB,8168,res/animation/effect/tx_youli_youmingzhan.json.gz,6d00b3a7c4e38d3e0c6b60aae74119aa
6D098177E2E5B4F718B6CB9EA713F8BB,62419,res/animation/effect/tx_youli_youmingzhan.pkm.gz,74be61282287f9b9a807cc5cc7880fee
3E0EC3B4C6C48A16A789359800106437,70486,res/animation/effect/tx_youli_youmingzhan.pkm@alpha.gz,e3773234c42bb5e28958cc833cb37179
3211ACAC0FD1DD03D60FCF1896F11976,1400,res/animation/effect/tx_youli_zidongsheji.atlas.gz,0391c179a40ef36ba340c4abe33e4b36
B705F4CD7790349AEA8AF7A81A314A02,2584,res/animation/effect/tx_youli_zidongsheji.json.gz,cc81bd3a62b10fcc5ca388885f77bbca
37FFDFC3753B0566DC152F12D179B5BD,291044,res/animation/effect/tx_youli_zidongsheji.pkm.gz,e1d32eb08fdacc03a19dd63121560891
C0CF6BB6BA829A65BFBBBD63B33F03CB,216438,res/animation/effect/tx_youli_zidongsheji.pkm@alpha.gz,bc2344449ee8879cbbb30876e2a08ced
1D8ABFDB85EF5BE2561ED51589543554,477,res/animation/effect/tx_yujing_yuanxing.atlas.gz,d8e8d26d42a12c815577a8547a8d3fd8
996D6C6F477CA14E8E93F55D3DBE4968,621,res/animation/effect/tx_yujing_yuanxing.json.gz,7b04f34193b8a463cee4792c358f0cf4
F57AF629FB23DF19D54F8588FAEDF476,5167,res/animation/effect/tx_yujing_yuanxing.pkm.gz,b9b8c93dffb86a80b13e2fbcd45d03b7
1F5E3AF3580A020678733ABEAB1BE1FD,23950,res/animation/effect/tx_yujing_yuanxing.pkm@alpha.gz,94864687d8352c602fcde99892b5aa79
348FE19DD93648823E050FB932BFDBAC,1231,res/animation/effect/tx_zangyuboss_bing.atlas.gz,a0ce40c44a2f2616f5b725aae2192106
D2598E42E1783A0CE91F013D32C5D93A,4095,res/animation/effect/tx_zangyuboss_bing.json.gz,a4a1d9743c885133e3311c9ae1368dc1
5F454872E745B10498AF131C1DFC73F5,170462,res/animation/effect/tx_zangyuboss_bing.pkm.gz,e979b29fed7fd84c18d1350228f84409
68A7BB6A8262BCAEB4E1C37EA3136D2E,131125,res/animation/effect/tx_zangyuboss_bing.pkm@alpha.gz,47a58a1f067be67f0d9830f7a8d011df
710E0039B93CB2B78A04D9D285694059,570,res/animation/effect/tx_zangyuboss_di.atlas.gz,8730f10d6a38780cb9af3d17540569fd
525DE7B9591A876CA409AE303B8E3F0F,1235,res/animation/effect/tx_zangyuboss_di.json.gz,0c86f2f8c20ed66daa79d37d75bb60c0
49295EB6F413503BDD22EA23591B37EC,49778,res/animation/effect/tx_zangyuboss_di.pkm.gz,5695277b78ad4d52be0f374070b5b1f4
1511E6C5D2B6474F6A56B0C0767B8D15,44347,res/animation/effect/tx_zangyuboss_di.pkm@alpha.gz,093ed3f11efcd9217d1a11aaa455d435
7EA9E75C640962B185F8188AAC3D21F8,1365,res/animation/effect/tx_zangyuboss_di2.atlas.gz,1ededb0cfc1bc81e9ad9b93560949c92
4DE588C0B7FED88F007AF1053E05130B,7237,res/animation/effect/tx_zangyuboss_di2.json.gz,4d8d438c32906fbce51d8fd27d982416
A515BCA684606D3C4E6A9445CB70C6C5,253133,res/animation/effect/tx_zangyuboss_di2.pkm.gz,db0ac59c6f303a1bbfba5c471bd06be4
DB1E78E9FC59A95764EDFD831E9E365A,160436,res/animation/effect/tx_zangyuboss_di2.pkm@alpha.gz,8ab73f30e16ba0448d201ad4b9101c24
868092DEADCF5AB9C4FFF643A3105E22,587,res/animation/effect/tx_zangyuboss_huo.atlas.gz,62491d87c59de44fe3cffdf00aed26a3
451820EB957936B590A50A87E4E4F4EC,900,res/animation/effect/tx_zangyuboss_huo.json.gz,b20d01caf607ad2ee1e3221d424c425f
BCE56C07AC7A48557DEA482773CB009A,33712,res/animation/effect/tx_zangyuboss_huo.pkm.gz,160854f90438c934bbdf0d9307596e8e
D82BA35E90F847F85AB4A1A39703E092,62711,res/animation/effect/tx_zangyuboss_huo.pkm@alpha.gz,8e2b95bbdc07a533e7abec5fa077dcc1
853F0503D4CC4210E35495367C84CD6E,577,res/animation/effect/tx_zangyuboss_lei.atlas.gz,aad795527884a2a19ef5033d576f5d1c
78170A14511F08FC8DDAD0445AC0BC77,1254,res/animation/effect/tx_zangyuboss_lei.json.gz,1bbb51f6ab316e87020be20a08107af9
18BAAF019FC542AF9E2E87756CEEE9D1,53109,res/animation/effect/tx_zangyuboss_lei.pkm.gz,004a2b3d33461124b9965aa8b6a99c49
A8C9402052AAE2C1218BC6F92525BE74,43538,res/animation/effect/tx_zangyuboss_lei.pkm@alpha.gz,0940e6816ed0f74513885c259fb426b8
79A4C7A20D59AD3F832FA08622105616,579,res/animation/effect/tx_zhandou_ko.atlas.gz,e0d874094c337448f6e93e38b698009f
D804D6A205D26F3563FD273FD9D12C86,3053,res/animation/effect/tx_zhandou_ko.json.gz,fa0715837d9c4d851d2c5e6a24aad01a
8D6F4C7242AF0ABEFD19F3746AD86C4B,85453,res/animation/effect/tx_zhandou_ko.pkm.gz,94c1b25b275f6c41e61c1d789c3b3e09
42B8FE073FF3D0EDFD008770A680BA11,60577,res/animation/effect/tx_zhandou_ko.pkm@alpha.gz,e9bbb14cad6d118d1ede7f3e1f90c75b
2C07FA0060A1ED2AF8700D9BFAB9D832,971,res/animation/effect/tx_zhangyu_ciji.atlas.gz,c3ffa7fdabf175ebcc6f1fbb4978214a
2D6E5B31B12E6E19DF6A44C26C62AF76,2122,res/animation/effect/tx_zhangyu_ciji.json.gz,c2eecfb7ea14f862b8cd07e6a2cf2cd4
7CAE6339D580CC713889EB51D7F3A53D,93615,res/animation/effect/tx_zhangyu_ciji.pkm.gz,068bffd50dd6fa226dac008eeec461c7
1EAA22C8147B172D00E9C40B139DD766,63931,res/animation/effect/tx_zhangyu_ciji.pkm@alpha.gz,0e662e682e977da89e5a41c36f140332
25CCA6A97655EE8FBD79A8C84455387D,340,res/animation/effect/tx_zhangyu_gongjitishikuang.atlas.gz,c396b3fa35e75dc00225dc3e6708eba2
82670CC81E4C486F46E60DF93FF91270,870,res/animation/effect/tx_zhangyu_gongjitishikuang.json.gz,bf89bf538f0728c4dcf06839709ef0bb
9E5F741AEEC477247256D8F2CA69E373,25609,res/animation/effect/tx_zhangyu_gongjitishikuang.pkm.gz,c81f76ee51a6590b767d3d675cf6473b
DE15ABD1826757A1A7E9639AA8DB39C3,39528,res/animation/effect/tx_zhangyu_gongjitishikuang.pkm@alpha.gz,8cbbf5dfbcbd665c9f7a89cb71680b22
9DA7EA245CA5E96A9B935EDBB5091C3D,1035,res/animation/effect/tx_zhangyu_hudun.atlas.gz,8284cc124ce0fde321230d765046b900
302457C11342F63294688D002C8C0419,1604,res/animation/effect/tx_zhangyu_hudun.json.gz,523c7628ba3d34063ff49f1a3ba49d44
56B446D8E705FC999815282047ED27F7,531325,res/animation/effect/tx_zhangyu_hudun.pkm.gz,a5bfd9f4cb268b1288e970fe9904fd12
4D8AC069EA65BD97611F2DBF1236458E,361217,res/animation/effect/tx_zhangyu_hudun.pkm@alpha.gz,6b53bb1878fbe18949267bed3bcbc722
BAD78631F70F2F36E21EC45EADB9DC8B,632,res/animation/effect/tx_zhangyu_shuidan.atlas.gz,d837981d8fd360f381ff130c486a2777
8B4399A69F1CC22BB99529B70F10040F,793,res/animation/effect/tx_zhangyu_shuidan.json.gz,8fc11552bf8c067c24580bcd857e7b02
3845E889841AE826575901A15EF89FE4,57857,res/animation/effect/tx_zhangyu_shuidan.pkm.gz,5ae04215a7dd1f3950efcfce3a8ded99
B1AEB6821D9C01451902BFA2052ADAF2,50160,res/animation/effect/tx_zhangyu_shuidan.pkm@alpha.gz,77c18a3ffb2f54a6da959ced231a2041
A33851AA05002A9A198D4D3374D0B2B6,946,res/animation/effect/tx_zhangyu_shuidanfenlieqiu.atlas.gz,979ba75f8f014d9b7b934fe95a398853
99DF1C5F30BE23367C799A2BB4FFB473,1955,res/animation/effect/tx_zhangyu_shuidanfenlieqiu.json.gz,f7b9f796250a8a005d4c80ecbc3bd416
D852C2D4F9936A2E32C23BF85C000EB2,485098,res/animation/effect/tx_zhangyu_shuidanfenlieqiu.pkm.gz,25aaf63d4544c71f7498c53937d4c846
C1CA8D8A03B36231245D589D5A5F1E0D,182749,res/animation/effect/tx_zhangyu_shuidanfenlieqiu.pkm@alpha.gz,2193e75a669babff9adb9622d5c3c73e
6564CE40677C1440344010F9A6421626,1633,res/animation/effect/tx_zhengtuozhegai.atlas.gz,42a8ba05577e0916d9485bb1f3ad7c56
CE601592E9974EFCCFAFBE45D328CEF6,3110,res/animation/effect/tx_zhengtuozhegai.json.gz,abba83044d7574d6e9433203e3721d57
089D846F1CDCF46ADC5C7A585C5C26D0,170020,res/animation/effect/tx_zhengtuozhegai.pkm.gz,6843b34017fbdd9689f83f241ac1e231
2EA72EF60D75C770F57E14104B2B329E,157656,res/animation/effect/tx_zhengtuozhegai.pkm@alpha.gz,f7cf2857f713536a53bf62b1b8351c57
C97ADE0E4AB1FDC80DE78CFCE5F36B3B,2352,res/animation/effect/tx_zhuangbei_heiqiutuijin.atlas.gz,4e0b5a4e526098fa764fac6bc609717a
DA8827014F70D3451731018D72457AAB,5789,res/animation/effect/tx_zhuangbei_heiqiutuijin.json.gz,9fd2cdaa166869331d815d0461368554
9796018C4F27AEE31C9F290DA7E084A6,475435,res/animation/effect/tx_zhuangbei_heiqiutuijin.pkm.gz,6a8b0ada182fed3df7380ecbcb457152
168B59C04E5014A13828C6129C32B89A,314729,res/animation/effect/tx_zhuangbei_heiqiutuijin.pkm@alpha.gz,e0e703e9168a53ed30ff0fe4413702fc
4547672FB7FC73FEDD5585F22AE3A622,1460,res/animation/effect/tx_zhuangbei_ranshaodadi.atlas.gz,0d96ff7e54b1f5cb1a70acaf3849b707
F35A8E02A3885065A161149A6822536F,1449,res/animation/effect/tx_zhuangbei_ranshaodadi.json.gz,a6d0badc2561b2d72a87b43a8217a0cc
9F5BD01E73641755BE45A16B48A00F4C,315589,res/animation/effect/tx_zhuangbei_ranshaodadi.pkm.gz,13abc457f5123abeb9894c3b92aea70f
71A0757B2FC5C4B1B173A236906E5F9E,233375,res/animation/effect/tx_zhuangbei_ranshaodadi.pkm@alpha.gz,00c2737e9f029232bc846cb99472178f
2F0D5F5F3B9B46439B7F57EBA5E7A7E8,215,res/animation/effect/tx_zou_bishatexiao.atlas.gz,d74f9bc7975e975785521c62e1fc6943
85F77D1284D4CF3D2B42DD2FDDB362E7,331,res/animation/effect/tx_zou_bishatexiao.json.gz,8c7a0d5fe9e41a306fdc4bd67082d31b
D92B6505BA6192AF1A75B182176C0A76,20174,res/animation/effect/tx_zou_bishatexiao.pkm.gz,7c33b872f27e95a27be5a135277dacb1
86730F599E62CD08DB0F199F81A407D7,4477,res/animation/effect/tx_zou_bishatexiao.pkm@alpha.gz,821b54a29baae4658eb639666c2865e4
B739B44C4AC7356A80933CD622FBCF15,2419,res/animation/effect/tx_zuandilong_chutubaozha.atlas.gz,c747074a79ad965fe8720d9da018ac69
62BBF70185705BA56318569423B973E4,6293,res/animation/effect/tx_zuandilong_chutubaozha.json.gz,f8c4c80cc5cf61e16fcf162b33adb0ee
E3F5E192FC62F328C40EEBDA7A71FB33,471321,res/animation/effect/tx_zuandilong_chutubaozha.pkm.gz,7e446db58ef398cacd0f35bb211c1f6e
B363B538DCD5EE8572F60CE860A338AF,352963,res/animation/effect/tx_zuandilong_chutubaozha.pkm@alpha.gz,737ba7e6c127db1824d11f3a30201a01
A20C5FF7D553D8D0B6608BDFB3D17C64,817,res/animation/effect/tx_zuandilong_dundifanteng.atlas.gz,237f537a36c3bf39bf2656a828054970
2476FA1559F9386538810F8B65A6DBE4,45923,res/animation/effect/tx_zuandilong_dundifanteng.json.gz,635ceaac3fbd2162d5e0328bb025ff49
E6948E2E9CE75AB3494580DA3A4780FC,112752,res/animation/effect/tx_zuandilong_dundifanteng.pkm.gz,1b7f4014b64b2c89ec52f717cddd9d59
A9CCE82E9987288FF73522FAC3AFDFF9,64417,res/animation/effect/tx_zuandilong_dundifanteng.pkm@alpha.gz,346b4f130cd315b65204b0cabeb37b2d
F8AF7375ED21A76C24B414CA1D4A7F6C,230,res/animation/effect/tx_zuandilong_dundifantengpengzhuang.atlas.gz,5ef22fea6e3f91fcce811631bce76ebf
E4418C5FB04F28999DD87C2FFD12EBAB,651,res/animation/effect/tx_zuandilong_dundifantengpengzhuang.json.gz,733bceba35e5cd7dced7e5229c271d42
32EA8325F4E722DAB63D326A851EEBEB,283,res/animation/effect/tx_zuandilong_dundifantengpengzhuang.pkm.gz,f9ceb5a160e256264bbac4d23cb36b10
30126BE1FB288A2D9B9D937E6D7B2AF0,281,res/animation/effect/tx_zuandilong_dundifantengpengzhuang.pkm@alpha.gz,1d2b2c4114c49f452017600b03cbcbcd
783C3AC3759046E2E0514D0559EC6A11,1035,res/animation/effect/tx_zuandilong_guangshupao.atlas.gz,86ead77513dc8327c1cb2665006a1cee
A2A0D08AB41D3CA1345BCF28C84BE32A,1130,res/animation/effect/tx_zuandilong_guangshupao.json.gz,a7b65390a4e67c1449eaeb3d529877c2
DF7D07D53EF0846F22EE60C1F9FB3352,459739,res/animation/effect/tx_zuandilong_guangshupao.pkm.gz,2e7cbc1f2cc3351d3e52e90caa7fea0a
163D874AA20437585CCE2F3C19967BAA,379067,res/animation/effect/tx_zuandilong_guangshupao.pkm@alpha.gz,916dd82dd9aa9ccd64407e6ecced2f3b
77AFEA690D272396574CDD2349F887F9,453,res/animation/effect/ui_tx_bisha_lilimu_da.atlas.gz,b141b9edf29f3b62a572894b911cbabb
9C22BE3340BE32B8FB6B561C3E1F7FE8,748,res/animation/effect/ui_tx_bisha_lilimu_da.json.gz,8ae3ec5f4f29334464f96940ddaede64
5D5E885842DE1A5A76F1A0A6166208F7,152,res/animation/effect/ui_tx_bisha_lilimu_da.pkm.gz,d082289221e5be915998124b1926a8f4
CD9F3BF2686E0455D03C36BB93F21008,150,res/animation/effect/ui_tx_bisha_lilimu_da.pkm@alpha.gz,1c72d734014125181f2ccc61bae68f72
C8651CE821A682755A61A930B0C1E9D7,450,res/animation/effect/ui_tx_bisha_ling_da.atlas.gz,8b2a7116cae0d8a101d005b54d78becb
690DE8F9D69782954B908F91F86310C2,736,res/animation/effect/ui_tx_bisha_ling_da.json.gz,ad49d5bbb4de1098a59f3b5158a33a69
A3EFC042EB9778CCBF11D334B24FD119,150,res/animation/effect/ui_tx_bisha_ling_da.pkm.gz,ad7890386300aa37f226cd08017d19df
6BE401DB4016802390E759CDB989E2EB,150,res/animation/effect/ui_tx_bisha_ling_da.pkm@alpha.gz,1c72d734014125181f2ccc61bae68f72
C29A0C74E3DAF2EE1B0476C4D8574B06,1141,res/animation/effect/ui_tx_bisha_ling_xiao.atlas.gz,08b544d23d39a77fdb50f0b8178c1b2e
621F7A703EEBD68ACD88726E31C10B45,16443,res/animation/effect/ui_tx_bisha_ling_xiao.json.gz,d92edf310d122b12a70010e1864b0927
02EB74B6205F6AF0DE6170F3434AC83F,167595,res/animation/effect/ui_tx_bisha_ling_xiao.pkm.gz,c7ed9cbbd43479966051d1d553778924
74593FD534E6DA3DE3058933C6203C80,90266,res/animation/effect/ui_tx_bisha_ling_xiao.pkm@alpha.gz,271faa822efb3e51d035364d736d12f7
05EB89191DE1B902C5C4B528A2C8A570,564,res/animation/effect/ui_tx_bisha_shenyue.atlas.gz,5d3ce31b70b748e6c38647e58850506b
794516845B9A9E388E4F8243A304DC2E,667,res/animation/effect/ui_tx_bisha_shenyue.json.gz,9b0d5601988745aa410bdf25a1d0c7fc
AEE799941A5C6870FA2DF32F338AE234,133043,res/animation/effect/ui_tx_bisha_shenyue.pkm.gz,0e046c57751f0ce2ded6f2f32d3235f5
6E3978EA080C84E5602E7A69F3F5C305,25281,res/animation/effect/ui_tx_bisha_shenyue.pkm@alpha.gz,623d9a238602f106208c4660cbabc4f1
AD16631D19B3FCDE27FC9AD6005EF964,462,res/animation/effect/ui_tx_bisha_shenyue_da.atlas.gz,7d94242807088ddf52ff0ab38065ced5
330E8AA2DE355037C76F6EAE2B1D89FC,748,res/animation/effect/ui_tx_bisha_shenyue_da.json.gz,8ae3ec5f4f29334464f96940ddaede64
3A67DC45EB13C2CB9DBA029D72D69671,152,res/animation/effect/ui_tx_bisha_shenyue_da.pkm.gz,d082289221e5be915998124b1926a8f4
EB7416C8DDB67228BAA06E5E8E754A1C,150,res/animation/effect/ui_tx_bisha_shenyue_da.pkm@alpha.gz,1c72d734014125181f2ccc61bae68f72
46C28D2065129F1D2141BC36EFBA9BE3,546,res/animation/effect/ui_tx_bisha_shenyue_xiao.atlas.gz,c1eed7c5673b40f044531188866dc5e3
B01F9AADA3017932A711E81E0CE2FF66,614,res/animation/effect/ui_tx_bisha_shenyue_xiao.json.gz,b586a484ecdbe5827744f480322b018f
D06A5E92CEF7A5A3F306236D246526CD,86199,res/animation/effect/ui_tx_bisha_shenyue_xiao.pkm.gz,e47ae49a5356f5a8d962984e2c5a96f1
34A14167F415ECE142D1FF2878919D40,5133,res/animation/effect/ui_tx_bisha_shenyue_xiao.pkm@alpha.gz,b3b02cb9fc2d50eea10f4957164fd51b
16E9FDE88BFF5032C6D30837272B59C6,1619,res/animation/effect/ult_17_heiyan2.atlas.gz,2cbcf4b927640ead112579c5d3bc93dd
D29042080312855A70A3DC01AB587CBE,19075,res/animation/effect/ult_17_heiyan2.json.gz,4827c23a8e52c54556936abf4fda351a
743AD83FD69AD90CB71424043D0BDF77,1188780,res/animation/effect/ult_17_heiyan2.pkm.gz,94a561f9ca886522db018afc54be2203
E1219378AF41F4614D4A06A4A28F3362,686607,res/animation/effect/ult_17_heiyan2.pkm@alpha.gz,8039c38b66685a555b9f2b3a9664f6e5
E05B66EE734E4C60827E7C4128BE2D47,1701,res/animation/effect/ult_17_heiyan3.atlas.gz,90435559b349626167d1b24391c761ab
08662C71F92BF9D6B1F83A36222FDDFC,11303,res/animation/effect/ult_17_heiyan3.json.gz,a7ed38cdf6fc5a9fd66c8402f90a1e8b
3B4CE8B7E15B43097F4DF79B5B44885D,1400210,res/animation/effect/ult_17_heiyan3.pkm.gz,ac1213561fb3f34844fb255938f34417
D44848A6814A792ABC9274252A833C6B,815688,res/animation/effect/ult_17_heiyan3.pkm@alpha.gz,84365eb3cbe3ffa80ba5cd34e820e440
BD9D99A2C62F375117F100258943A629,967,res/animation/fashion/lilimu/rw_lilimu_body.atlas.gz,7ec15d33082294613cec6c818b57fb76
E5FF9986926E84C31F92006CBDC1DC88,31506,res/animation/fashion/lilimu/rw_lilimu_body.pkm.gz,96016c40e59ffe4c5c432f7390272b0d
907F6CC2C39D68A85DDA9B93B4393B84,22445,res/animation/fashion/lilimu/rw_lilimu_body.pkm@alpha.gz,80cb89bbffb8b642b1f4d945fd01d70c
9D9716B0AD7144F9977462B82ABCF025,287,res/animation/fashion/lilimu/rw_lilimu_sanjian_gezitoushi_cap.atlas.gz,09a08d07bc2a496b5999255b3af36939
E8CFBB1E6EE9DE39C6C72A68DB9DECE6,865,res/animation/fashion/lilimu/rw_lilimu_sanjian_gezitoushi_cap.pkm.gz,703f920f7371cdc7ec722ef49f4d7b74
240704E4B9F1486E880BB6C84D10974B,781,res/animation/fashion/lilimu/rw_lilimu_sanjian_gezitoushi_cap.pkm@alpha.gz,9345a827144e8eee2bf850832794edd7
E7C18870C3B5729D3CC87836BCDB0D13,493,res/animation/fashion/lilimu/rw_lilimu_sanjian_guoqingkouzhao_face.atlas.gz,14877ea59e7568f7ce45fedd4cc219d2
20201652751032A9E5DA760BFEF579D1,2229,res/animation/fashion/lilimu/rw_lilimu_sanjian_guoqingkouzhao_face.pkm.gz,610c710126218effd2c51e2ed04fa27d
0C35DB2471B0BD0DF3AA080F8E0DE747,1883,res/animation/fashion/lilimu/rw_lilimu_sanjian_guoqingkouzhao_face.pkm@alpha.gz,729d8bc3d92baee7ab406bce8d0ae1d7
0CB7749E6AA2672AECB14ABD648FD29C,288,res/animation/fashion/lilimu/rw_lilimu_sanjian_tuzitoushi_cap.atlas.gz,54cae41e92c877a1077df81e407fe447
E38852590900102F2D2EE085E2765A28,1416,res/animation/fashion/lilimu/rw_lilimu_sanjian_tuzitoushi_cap.pkm.gz,026760f961818e6f360e96e2f8c4a3d8
79AD6BE5ACE012E657FC69D2DFFBF2D4,1278,res/animation/fashion/lilimu/rw_lilimu_sanjian_tuzitoushi_cap.pkm@alpha.gz,86f48d2ec841a3115109d6703be1300c
6C02120F8C0F5A7B728557535D7C7BDC,329,res/animation/fashion/lilimu/rw_lilimu_taozhuang_anmieweiyi_cap.atlas.gz,1d4db6bef3b372dc78227219c37fb7a9
C6BB15DF101B9806E73343766A6E1F4E,1814,res/animation/fashion/lilimu/rw_lilimu_taozhuang_anmieweiyi_cap.pkm.gz,35ef6f6a8458f51d0cac499476caea63
EEE11DE49494A60FA0AE4A580F784E1C,1863,res/animation/fashion/lilimu/rw_lilimu_taozhuang_anmieweiyi_cap.pkm@alpha.gz,0bd846a3a95ded99d09b1ff3748c18f6
733BD090E936E212A9BF7CB805FBF264,826,res/animation/fashion/lilimu/rw_lilimu_taozhuang_anmieweiyi_clothes.atlas.gz,08359415517854e0ed10d8ac77abd670
513B4F5082265D735B69393796B5CC02,14302,res/animation/fashion/lilimu/rw_lilimu_taozhuang_anmieweiyi_clothes.pkm.gz,c833cfe5c1d343120cf736a57eeb4ee3
434DB7AE8057C0370B95ACBDDFDF7F8E,8245,res/animation/fashion/lilimu/rw_lilimu_taozhuang_anmieweiyi_clothes.pkm@alpha.gz,806b5db2be79aa942732829ba030ee5c
3EF8FF8B6DF4415CE98E4B9DFF3AA312,486,res/animation/fashion/lilimu/rw_lilimu_taozhuang_anmieweiyi_face.atlas.gz,033e08fc8856b68c783d9e8b384393bf
1DEBC191D2D7AE025B81C35286E446A5,1744,res/animation/fashion/lilimu/rw_lilimu_taozhuang_anmieweiyi_face.pkm.gz,d5757e8e557d2b57e34c8bcc8cc7a2f4
233C8ED75603F58E1CF8FF93888EC4EE,1513,res/animation/fashion/lilimu/rw_lilimu_taozhuang_anmieweiyi_face.pkm@alpha.gz,899e86d8ac4169f1ca40c0869a23ff02
2E8C8DD68BB6AD33DAE6CC165D625B74,585,res/animation/fashion/lilimu/rw_lilimu_taozhuang_anmieweiyi_head.atlas.gz,b39dbeb2db9f950e6d79de987801c09c
9C06BC20DA8FC99C7FA1DADC8BA7F4E5,7076,res/animation/fashion/lilimu/rw_lilimu_taozhuang_anmieweiyi_head.pkm.gz,d723f6c8d8241997341659c5d8ed3cb4
D6948B7F6BC2AF15590D025E8E497910,5397,res/animation/fashion/lilimu/rw_lilimu_taozhuang_anmieweiyi_head.pkm@alpha.gz,6fb9b8081163e14550933bd995329f93
ED5462EA427BAD529DE22D97CC473C3F,831,res/animation/fashion/lilimu/rw_lilimu_taozhuang_bianse01_clothes.atlas.gz,ecf6ac94c2873bed0a2a65648b5d68df
6A497E4E2A6714662D117392AF357503,14833,res/animation/fashion/lilimu/rw_lilimu_taozhuang_bianse01_clothes.pkm.gz,50ba7986cf0f8ab62fbd059beba66520
0BD5F21E9EFC7A0FE161C34D1FA38442,8611,res/animation/fashion/lilimu/rw_lilimu_taozhuang_bianse01_clothes.pkm@alpha.gz,bc604c56c5017767db4ca320b9af2064
C0E07823C47A9EECA22ADEFB0BF25F14,585,res/animation/fashion/lilimu/rw_lilimu_taozhuang_bianse01_head.atlas.gz,553bba20ed822f94c189832d70dd199f
1D0F63DFB0E4AC3F843EABF2C722FAA7,16095,res/animation/fashion/lilimu/rw_lilimu_taozhuang_bianse01_head.pkm.gz,8b46c1f8bdad914a448efda4a274fda3
51A7DBA3A4267B4DEC6C4892FC138B7D,10649,res/animation/fashion/lilimu/rw_lilimu_taozhuang_bianse01_head.pkm@alpha.gz,e11021587dffb55200e9f1b333052d6e
06592B25B991A3A40B01A98E5BBAA1DE,846,res/animation/fashion/lilimu/rw_lilimu_taozhuang_bianse02_clothes.atlas.gz,dca816024c40742e965482c9d58e203d
85D476F2698FE0BED7C0B1EC7170A4BA,14762,res/animation/fashion/lilimu/rw_lilimu_taozhuang_bianse02_clothes.pkm.gz,94cccefaa139f44651f642403af20cb7
8E4D717700EC40967F4C80226214AD7C,8656,res/animation/fashion/lilimu/rw_lilimu_taozhuang_bianse02_clothes.pkm@alpha.gz,c5773a02225de882de95d5ef817ccb62
C73E7E92857A5981BF33231556C39B85,585,res/animation/fashion/lilimu/rw_lilimu_taozhuang_bianse02_head.atlas.gz,eee2b9bc8a7a08c9e091e1f93ce4ed68
B4B974B94B001758E8896A758B33D2A1,15937,res/animation/fashion/lilimu/rw_lilimu_taozhuang_bianse02_head.pkm.gz,354ae06f9c14bcf939d51264073f214e
D921ABA2820E9E7ECA3D861B118BC2A1,10649,res/animation/fashion/lilimu/rw_lilimu_taozhuang_bianse02_head.pkm@alpha.gz,e11021587dffb55200e9f1b333052d6e
3C80563F3D4F4AB4C07D60F3ABA3D0C3,831,res/animation/fashion/lilimu/rw_lilimu_taozhuang_bianse03_clothes.atlas.gz,961870e0b7fe987b103abc6cf602bde6
704AEB528D6B8EAB1F8C60A962432C76,14392,res/animation/fashion/lilimu/rw_lilimu_taozhuang_bianse03_clothes.pkm.gz,871df13b6218c96d1b707e1d280050c6
EB52B3B78E13EE43332A1FF2DC83FB26,8520,res/animation/fashion/lilimu/rw_lilimu_taozhuang_bianse03_clothes.pkm@alpha.gz,1af56c7b8624fc2cc7fbfbe2cc41a09a
387637B9C69290897EAF0E32D4C09598,585,res/animation/fashion/lilimu/rw_lilimu_taozhuang_bianse03_head.atlas.gz,561f875ec341714afa58536f2db09cdc
67ED2BBF9DBDD90C4B5569729F74C1BF,15467,res/animation/fashion/lilimu/rw_lilimu_taozhuang_bianse03_head.pkm.gz,025a9de12ba4d961a79740f170fa2db7
9EF6039AE53D18FD694A34E59F14F433,10649,res/animation/fashion/lilimu/rw_lilimu_taozhuang_bianse03_head.pkm@alpha.gz,e11021587dffb55200e9f1b333052d6e
C23D351BDF8CFC77F1C57BFEE8367A2B,831,res/animation/fashion/lilimu/rw_lilimu_taozhuang_bianse04_clothes.atlas.gz,40e137d8c9b6f8c8915e2de53f38223d
9C3716AE39605E761FB89A525C5FD3D9,14910,res/animation/fashion/lilimu/rw_lilimu_taozhuang_bianse04_clothes.pkm.gz,5b5425b5ba34b5d7a6b489d285879bbf
321CEF2D78153D9EA0A9F1684EA7DBB7,8611,res/animation/fashion/lilimu/rw_lilimu_taozhuang_bianse04_clothes.pkm@alpha.gz,aabac12fb5becbb290229708296e0414
53D0FB56BADD9C20C58E892E8EB812A1,585,res/animation/fashion/lilimu/rw_lilimu_taozhuang_bianse04_head.atlas.gz,44452ebc350b1ed99b856ce3b2b92c48
123F60AB5C194DA18CD290523BDCC0B1,14710,res/animation/fashion/lilimu/rw_lilimu_taozhuang_bianse04_head.pkm.gz,ebe0a28955c413ecc9188d627e745341
162499A54A065A37B118FF4CBF46C06A,10649,res/animation/fashion/lilimu/rw_lilimu_taozhuang_bianse04_head.pkm@alpha.gz,e11021587dffb55200e9f1b333052d6e
2664F6423F4710128B408E577A82F4A2,328,res/animation/fashion/lilimu/rw_lilimu_taozhuang_bianyuhaike_cap.atlas.gz,6809e10ed078f14b077ab2e806ea0fbc
F5C4AEE8BC799B2576598223A33CFB43,1776,res/animation/fashion/lilimu/rw_lilimu_taozhuang_bianyuhaike_cap.pkm.gz,1a19aff9234907919a7d95eddd3f1aac
5CEDF4B20D805DF70B3A26424BD6BCAD,1424,res/animation/fashion/lilimu/rw_lilimu_taozhuang_bianyuhaike_cap.pkm@alpha.gz,810cb9f40db9547c8019c268bf962036
3DBAF96EF8AA75153A3995A0DF5986F4,825,res/animation/fashion/lilimu/rw_lilimu_taozhuang_bianyuhaike_clothes.atlas.gz,2f70f7725701f8ef8031bbeff76b04c2
18CD99925B8C9477283BCE826961269E,14174,res/animation/fashion/lilimu/rw_lilimu_taozhuang_bianyuhaike_clothes.pkm.gz,f9bbc96168a8e4a8a58f73a6626d65ce
BB60659AD1BB17BF6EDBD8A586494D58,8723,res/animation/fashion/lilimu/rw_lilimu_taozhuang_bianyuhaike_clothes.pkm@alpha.gz,cf44173bb1c31711577aeaed7611a8fb
C2575CB0DCE82D60BD8D65A34F98F62C,493,res/animation/fashion/lilimu/rw_lilimu_taozhuang_bianyuhaike_face.atlas.gz,6e724d6dddb6aa4bbe791f5af7211e1d
452B09178BB9F754EDC9C861632359CA,2081,res/animation/fashion/lilimu/rw_lilimu_taozhuang_bianyuhaike_face.pkm.gz,7672537a604b7ef60a98e53d482d4bb2
37DDD39C3F04A2D00493BDB509EDF40A,1798,res/animation/fashion/lilimu/rw_lilimu_taozhuang_bianyuhaike_face.pkm@alpha.gz,1ce2f2ed0e51a5f877a6b33662b45ef5
4E24FAD03D90BA42A535C3898DF3BBE7,586,res/animation/fashion/lilimu/rw_lilimu_taozhuang_bianyuhaike_head.atlas.gz,3ed4bf25536365de5e06f71a3d801e1b
591B316D6A12B378DF22A18CFEC2A483,9317,res/animation/fashion/lilimu/rw_lilimu_taozhuang_bianyuhaike_head.pkm.gz,1f70f02719b3b7eb911f64ef84587246
02F3DAB97246470179A0E550F29F8412,6573,res/animation/fashion/lilimu/rw_lilimu_taozhuang_bianyuhaike_head.pkm@alpha.gz,bcf6a0d1be56e16b6590ce220fc6fb74
819F412E70EB98DFAB3662344B4031B6,330,res/animation/fashion/lilimu/rw_lilimu_taozhuang_canglangdichen_cap.atlas.gz,45d23b35cec5c9ce435fdb0ff8d8e31c
ECFF9B6EAB89FB41D21012CBBB530ABE,2935,res/animation/fashion/lilimu/rw_lilimu_taozhuang_canglangdichen_cap.pkm.gz,abc6a4398b55e1f3d3f095492bf32d8f
E37C71536E42020B141474E548F988E1,2162,res/animation/fashion/lilimu/rw_lilimu_taozhuang_canglangdichen_cap.pkm@alpha.gz,67715d0e76dcc3f5067996ff9a08fe2c
CC24BCD5D899667C99492B38C688A966,825,res/animation/fashion/lilimu/rw_lilimu_taozhuang_canglangdichen_clothes.atlas.gz,df9d2b0a0c01c3a41b653112cd7c1784
E916BB79E03AFB631DB1EC2BBD6AF508,16480,res/animation/fashion/lilimu/rw_lilimu_taozhuang_canglangdichen_clothes.pkm.gz,9b5414730a68d1385d8e591edd401c42
E35CA16A2CE6E9014AC1B9F784A837C6,8821,res/animation/fashion/lilimu/rw_lilimu_taozhuang_canglangdichen_clothes.pkm@alpha.gz,1adf5bad1521caaecada9be9ce81ddd5
18294796B24A436606389E93BFC50C41,491,res/animation/fashion/lilimu/rw_lilimu_taozhuang_canglangdichen_face.atlas.gz,932e4a57771de2dfe6f5fb030da3049e
1F1F28576DB964203F085DE5B7212A48,1812,res/animation/fashion/lilimu/rw_lilimu_taozhuang_canglangdichen_face.pkm.gz,e89b38304c630a846465bd827430e84c
CFEB7A034BF5958FC035259569CCD493,1531,res/animation/fashion/lilimu/rw_lilimu_taozhuang_canglangdichen_face.pkm@alpha.gz,a5cfa51cb112f2926d36186c736d3100
61CBA0E78F8703E09B8B0B55F04F17EE,599,res/animation/fashion/lilimu/rw_lilimu_taozhuang_canglangdichen_head.atlas.gz,f240a1107e1cd1e3f941a10c49a72d06
EACEBA521640249643623181B9925A30,14149,res/animation/fashion/lilimu/rw_lilimu_taozhuang_canglangdichen_head.pkm.gz,4b68e5b5ce50550ddcac4884e857f134
64A906637A7075FF8FDF8953F0264C33,8876,res/animation/fashion/lilimu/rw_lilimu_taozhuang_canglangdichen_head.pkm@alpha.gz,06c07b2292e0daa49e1098d965c48911
8E24FA5C6AB26027711190337F159B19,331,res/animation/fashion/lilimu/rw_lilimu_taozhuang_canglanhundun_cap.atlas.gz,e90093e5f358ff5e4e229f09e5359a12
BEA7D7E89621A585F8A24425121581AC,2845,res/animation/fashion/lilimu/rw_lilimu_taozhuang_canglanhundun_cap.pkm.gz,ab83ecf8d1999c7917ce85d88064caa8
55002E73AA9C658A20661967C7120F2E,2500,res/animation/fashion/lilimu/rw_lilimu_taozhuang_canglanhundun_cap.pkm@alpha.gz,ed505bbd71e8492423a701f76285f3ce
230A2D7393F54055A5CA2513EA9DBD51,829,res/animation/fashion/lilimu/rw_lilimu_taozhuang_canglanhundun_clothes.atlas.gz,f0ad1b4d7e9d2f1929fb325327c3d9ce
3923564A8A58B984C97D19DA9A267788,13307,res/animation/fashion/lilimu/rw_lilimu_taozhuang_canglanhundun_clothes.pkm.gz,8cd82fc256dc8732f3c9dc212590c988
F69122DC4114269C82DD0EC15821357E,8310,res/animation/fashion/lilimu/rw_lilimu_taozhuang_canglanhundun_clothes.pkm@alpha.gz,960a0ed75cbe3ca13cc7bbda8f1ba757
0BECC685EA1EC14400D1A6B139311405,492,res/animation/fashion/lilimu/rw_lilimu_taozhuang_canglanhundun_face.atlas.gz,4323e56bd7e92221a48ceecfcc77b297
33010ADA6655787D6F047B11962198DD,2221,res/animation/fashion/lilimu/rw_lilimu_taozhuang_canglanhundun_face.pkm.gz,133fdfd7173232ac645b23fb8afffd0f
5C26B51D2E7E2EDDEB56610923475A31,1871,res/animation/fashion/lilimu/rw_lilimu_taozhuang_canglanhundun_face.pkm@alpha.gz,0845a29f9e1b9b9f50d5b4621aeece5a
EC8FE7CB1670849F032EAE439EAECC02,599,res/animation/fashion/lilimu/rw_lilimu_taozhuang_canglanhundun_head.atlas.gz,3a4191e291b22c5500403bbf941dc649
2CB95E3BC7DFC12F024F2F6D7902991D,17897,res/animation/fashion/lilimu/rw_lilimu_taozhuang_canglanhundun_head.pkm.gz,e8f6698781b99e22bacad34c0a814fe3
BEEA2D2DFB60F315583FC3E6BAA2A5EE,10907,res/animation/fashion/lilimu/rw_lilimu_taozhuang_canglanhundun_head.pkm@alpha.gz,71cad0d109029198c5b1f137ef7dd270
CBFFC11E9C69976FFDD990236DFA15D4,830,res/animation/fashion/lilimu/rw_lilimu_taozhuang_chaomeng_clothes.atlas.gz,148f9c3088efff37077e84d2550a3abe
36270F2B167351CAD51CA6CE828D829D,12777,res/animation/fashion/lilimu/rw_lilimu_taozhuang_chaomeng_clothes.pkm.gz,ad894c5cf4f461237071594adc5b6c71
58F20153EE0B3275D63ACB5F5B069629,7936,res/animation/fashion/lilimu/rw_lilimu_taozhuang_chaomeng_clothes.pkm@alpha.gz,ee5b643b9f5699d2399bc3a5ee9bea7a
B412EAB3DC672DB159FA6B93BB592FF2,504,res/animation/fashion/lilimu/rw_lilimu_taozhuang_chongnengjijing_face.atlas.gz,fb464c1c8cc677fc3c3043108a0d093d
9200FCF1AC0680147E4F71A69AF3EA60,2242,res/animation/fashion/lilimu/rw_lilimu_taozhuang_chongnengjijing_face.pkm.gz,31cc5fd34faa538182d69cc20bb2aba1
4BEC8AA4162E2E061ADE6A0F2B4762D2,1956,res/animation/fashion/lilimu/rw_lilimu_taozhuang_chongnengjijing_face.pkm@alpha.gz,8738bf9e7f44b2a5c2a549518e63cb94
68E22D4592074C701F97D22CF88CEF11,330,res/animation/fashion/lilimu/rw_lilimu_taozhuang_chunbaishengqi_cap.atlas.gz,1b7307f2dc21d14a2de043af1d6d4cb5
FBB0949D91F01FAC07B01ED4B5D48D2D,2875,res/animation/fashion/lilimu/rw_lilimu_taozhuang_chunbaishengqi_cap.pkm.gz,64e4ab5e5cb4e53c202272362f5c268e
04DBE75C112BA167257DED450688E6F9,2363,res/animation/fashion/lilimu/rw_lilimu_taozhuang_chunbaishengqi_cap.pkm@alpha.gz,ac820a61ea291c7bee2701da7643b8fb
C91AEED2412CBF6D2E7BED1ABAA81D61,825,res/animation/fashion/lilimu/rw_lilimu_taozhuang_chunbaishengqi_clothes.atlas.gz,ce7fa648d5dc3a9208c733222818cf9e
42AEA8C568BFFB24EC8FF80C94D5752E,13851,res/animation/fashion/lilimu/rw_lilimu_taozhuang_chunbaishengqi_clothes.pkm.gz,49953c6588fe219d476e046967c57fce
E52EACCCD3E66C458A5B010EA7E9CF94,8804,res/animation/fashion/lilimu/rw_lilimu_taozhuang_chunbaishengqi_clothes.pkm@alpha.gz,a460535220e326e5e9960cf6669568c8
9814AF046C1112C2DF6F859CC5941C31,491,res/animation/fashion/lilimu/rw_lilimu_taozhuang_chunbaishengqi_face.atlas.gz,febe16abf027e8208a139df5675d5030
49ECA40728A95EA5899465D361E74258,1991,res/animation/fashion/lilimu/rw_lilimu_taozhuang_chunbaishengqi_face.pkm.gz,06eab64c12c2c9d75694e1277d943c02
2335A384DADAAF30CCE73967997A1CD6,1717,res/animation/fashion/lilimu/rw_lilimu_taozhuang_chunbaishengqi_face.pkm@alpha.gz,d6cb69b235877621db0d933868e15c51
144B7D190028B37F00FB710F35268958,600,res/animation/fashion/lilimu/rw_lilimu_taozhuang_chunbaishengqi_head.atlas.gz,2199b1d9fb3515940c581ae4b3fb8c94
B9BD028E8E03AA96F3178749375124D1,15830,res/animation/fashion/lilimu/rw_lilimu_taozhuang_chunbaishengqi_head.pkm.gz,eb41bd428b7f204c2ce5b8a6ae3cfc0e
E11F15496D3E5BC395363B2FE80C3D32,10828,res/animation/fashion/lilimu/rw_lilimu_taozhuang_chunbaishengqi_head.pkm@alpha.gz,8006c2dd6dbd1b78ab535bcf50d7b635
933AB101948936A4D403358E961BD327,325,res/animation/fashion/lilimu/rw_lilimu_taozhuang_chushi_cap.atlas.gz,a99f84ff9ad1182852a2bed15fb15ce3
7779CB9C05D568A369226E229DF3D7AB,183,res/animation/fashion/lilimu/rw_lilimu_taozhuang_chushi_cap.pkm.gz,695fd79d7a9cba2ab3c5e6fad354c320
42772AF95D664E2C34DFCDF0276F2DDA,183,res/animation/fashion/lilimu/rw_lilimu_taozhuang_chushi_cap.pkm@alpha.gz,695fd79d7a9cba2ab3c5e6fad354c320
56C8E0EB06BA4F843EF213F20202069A,829,res/animation/fashion/lilimu/rw_lilimu_taozhuang_chushi_clothes.atlas.gz,1a8b86a3820371e5ef41a87821788431
F35E95A89170A7FD262A9F99AE144883,14826,res/animation/fashion/lilimu/rw_lilimu_taozhuang_chushi_clothes.pkm.gz,d5aef51deb2f8cde75bbe2ef22648104
3CE31016DACD5F33B277B92C0BFEB84C,8611,res/animation/fashion/lilimu/rw_lilimu_taozhuang_chushi_clothes.pkm@alpha.gz,bc604c56c5017767db4ca320b9af2064
0676E9373ABDB71668F3FDE9E714E2FD,482,res/animation/fashion/lilimu/rw_lilimu_taozhuang_chushi_face.atlas.gz,c72df8b85fbecc8c3b8b97a3849f14cc
8FEE0D7A495F686D241965227E6179A3,1744,res/animation/fashion/lilimu/rw_lilimu_taozhuang_chushi_face.pkm.gz,675268412acf77d2162f904cf0f7290c
0EBC8FDACECFB7F46C64C9DD6540A32A,1513,res/animation/fashion/lilimu/rw_lilimu_taozhuang_chushi_face.pkm@alpha.gz,899e86d8ac4169f1ca40c0869a23ff02
1DF1553C26F43CC98965BA9A15293A03,590,res/animation/fashion/lilimu/rw_lilimu_taozhuang_chushi_head.atlas.gz,4ed3540f601950cfc82f22076c5dedf6
C3C38D7FE927A0B67D799F4C903BDAEB,15465,res/animation/fashion/lilimu/rw_lilimu_taozhuang_chushi_head.pkm.gz,c6f35c1821ad0ac8ad705737a9abb74b
B36710D1AD46AEB923646D40E9AC4358,10649,res/animation/fashion/lilimu/rw_lilimu_taozhuang_chushi_head.pkm@alpha.gz,e11021587dffb55200e9f1b333052d6e
B6FD3AECA0F261F8C565A7E1B4014386,329,res/animation/fashion/lilimu/rw_lilimu_taozhuang_guizuzhiyi_cap.atlas.gz,c21459ed885a445f3404245c5af2b5eb
0E99C30B070FF76059A0DFB859431696,4647,res/animation/fashion/lilimu/rw_lilimu_taozhuang_guizuzhiyi_cap.pkm.gz,8c3056ac040798ad966d3357e7edaad7
D9F8B0CA5902C31B7DAB4A7D82D32424,3133,res/animation/fashion/lilimu/rw_lilimu_taozhuang_guizuzhiyi_cap.pkm@alpha.gz,f95f7034f83c7244ab6ccd89b03e4f71
F8A9A7EE34C1A04514DC05C10210142E,826,res/animation/fashion/lilimu/rw_lilimu_taozhuang_guizuzhiyi_clothes.atlas.gz,3bf8b60cfce154ad9213613e40c8f395
CFAB4897653CE3946F135DF91216A8A7,13148,res/animation/fashion/lilimu/rw_lilimu_taozhuang_guizuzhiyi_clothes.pkm.gz,59bccc1bd185362823d2b91ad1fcf617
37307B81F33556B5163FB8B40FD28F32,7961,res/animation/fashion/lilimu/rw_lilimu_taozhuang_guizuzhiyi_clothes.pkm@alpha.gz,4dfb28809eb004325d4537d635c909d3
4C5CF6877D3131559CD5D7E8FD66F9FA,586,res/animation/fashion/lilimu/rw_lilimu_taozhuang_guizuzhiyi_head.atlas.gz,326977215c85fe95105306f23c326f3e
B63AFBCC035BD2ECC05FA8E42A5453A4,17455,res/animation/fashion/lilimu/rw_lilimu_taozhuang_guizuzhiyi_head.pkm.gz,58b042159b3dba70b5a61b66b3594efc
64CFB9AC83953222959616256D0C4A7E,11160,res/animation/fashion/lilimu/rw_lilimu_taozhuang_guizuzhiyi_head.pkm@alpha.gz,7380253c0e60214b42552cbd7f96ee2a
1039E1CC0F27BBCF650D63093B30960D,830,res/animation/fashion/lilimu/rw_lilimu_taozhuang_guofeng_clothes.atlas.gz,3b03a0dd45651bfcc142b21b602d7f3f
A5FC33DCB9C1704D9EF13E7264C9F685,13443,res/animation/fashion/lilimu/rw_lilimu_taozhuang_guofeng_clothes.pkm.gz,534e4cce422f79f05e94d60d8debd0a2
5CF3F6927219FF73A4B650DB3B9347BF,8255,res/animation/fashion/lilimu/rw_lilimu_taozhuang_guofeng_clothes.pkm@alpha.gz,d3a8fe5edf3d92a8a30bf6fd1725a687
B983E1DA3597DD2DEDC0D803CB916052,330,res/animation/fashion/lilimu/rw_lilimu_taozhuang_haiyangpaidui_cap.atlas.gz,9701742a583c0a098326d1aff9188f19
7FA226A4602C8EB7CB8258A1D17D116E,1142,res/animation/fashion/lilimu/rw_lilimu_taozhuang_haiyangpaidui_cap.pkm.gz,ce05fa20a476036fbf5fc5cced4d0776
887F8AF1E5CFEDA579FDA3823D1F5707,932,res/animation/fashion/lilimu/rw_lilimu_taozhuang_haiyangpaidui_cap.pkm@alpha.gz,d831a4c930a06807c87f9e56340a2738
D8E7DD1E64A76009281DD59DF1838A49,828,res/animation/fashion/lilimu/rw_lilimu_taozhuang_haiyangpaidui_clothes.atlas.gz,4f65993e3b47a2d7a47fd114370e9436
4AA29C8A96FED07B14703FEAB13E96B0,15192,res/animation/fashion/lilimu/rw_lilimu_taozhuang_haiyangpaidui_clothes.pkm.gz,d4b6a010eaf21d007a70439f1db93ea6
1C4A7A4C2DEEB4FDDB83D5432EBEB412,8253,res/animation/fashion/lilimu/rw_lilimu_taozhuang_haiyangpaidui_clothes.pkm@alpha.gz,a6455c09129e47095b747add9e5b7e2d
AF2610AA6E92E0E147C5E9B7E89013EE,492,res/animation/fashion/lilimu/rw_lilimu_taozhuang_haiyangpaidui_face.atlas.gz,e23e6d86a837dacf26bd1e4e76962d27
3491B82E85416D766CDF00851CC948BA,1876,res/animation/fashion/lilimu/rw_lilimu_taozhuang_haiyangpaidui_face.pkm.gz,a642e13b67aa60013c8e1b248b2dff09
B5CA6E4F8212A51C6AD549423D339C3E,1625,res/animation/fashion/lilimu/rw_lilimu_taozhuang_haiyangpaidui_face.pkm@alpha.gz,1e0b4b96c87397ef1e5081081e3f9539
9E76C2983DC0063940CAD9471C9D2F3A,599,res/animation/fashion/lilimu/rw_lilimu_taozhuang_haiyangpaidui_head.atlas.gz,6f0a10312d7cc64ddd7858d40195970e
4C429A54E0A1F46AE6D0A98239649D45,6924,res/animation/fashion/lilimu/rw_lilimu_taozhuang_haiyangpaidui_head.pkm.gz,4dbc629904a5901164ae111418379948
AFDD8436FE98F1C09846065D2F90D9A7,4482,res/animation/fashion/lilimu/rw_lilimu_taozhuang_haiyangpaidui_head.pkm@alpha.gz,b6c114638b919e02922a6e93618ea89c
3D9E41FF3AB1B14B0C1591AF314C8463,285,res/animation/fashion/lilimu/rw_lilimu_taozhuang_heizhishi_cap.atlas.gz,ee42b5d9532c9d7c37065380f6c560b4
4980E062EA0D67E31D92C5D02052CF97,2203,res/animation/fashion/lilimu/rw_lilimu_taozhuang_heizhishi_cap.pkm.gz,aafd5c2b8dacc7f4d92004be45131cc9
78426799DD9948900ABE441EC88BBCE2,1799,res/animation/fashion/lilimu/rw_lilimu_taozhuang_heizhishi_cap.pkm@alpha.gz,aa70b8ecdc631e82760d4b1b48e30c83
059F120D4F7273ECE506932469233C59,831,res/animation/fashion/lilimu/rw_lilimu_taozhuang_heizhishi_clothes.atlas.gz,2240ac22c8e5af300962565ac507142d
BEE9BCA1D7F05708D1240E03E1688BF6,14074,res/animation/fashion/lilimu/rw_lilimu_taozhuang_heizhishi_clothes.pkm.gz,864ac86ede8df90a493372a44d582d4d
7E1ED36EF6C3BE4DF8F4C22C8C21A4EA,8289,res/animation/fashion/lilimu/rw_lilimu_taozhuang_heizhishi_clothes.pkm@alpha.gz,75c2b89f038e76e0ddbbd535e2d80d3d
A9857A938C19C3529BA61657A0521B83,583,res/animation/fashion/lilimu/rw_lilimu_taozhuang_heizhishi_head.atlas.gz,bce743fc1cd7d035e4dcb4cd789f100b
6E0764181E3F29622439F579ABA08781,16027,res/animation/fashion/lilimu/rw_lilimu_taozhuang_heizhishi_head.pkm.gz,0054679b6bb5b0eca7a9e2ab414ba041
5B8B5B78D49A9F00DCF6B4F13AF3BD06,10289,res/animation/fashion/lilimu/rw_lilimu_taozhuang_heizhishi_head.pkm@alpha.gz,407e0f070399028b50735bc4c3c41c50
AC5417701F1A5BDDC413378DE8B1CD0D,331,res/animation/fashion/lilimu/rw_lilimu_taozhuang_hongyunyishi_cap.atlas.gz,2e68a598a8f71eabcb7bf3bb58cf115a
770B169A4851D75772A9A3AE8AB6E4F6,2244,res/animation/fashion/lilimu/rw_lilimu_taozhuang_hongyunyishi_cap.pkm.gz,f9f2f8bfff09b68284b66af38d2294ac
A8E14B1EABCE71EE9EA7E4F8C35CF579,1646,res/animation/fashion/lilimu/rw_lilimu_taozhuang_hongyunyishi_cap.pkm@alpha.gz,e3731b939733d43d50df65a1fba7460d
B25DF03485793D4ADDCDACB228910031,824,res/animation/fashion/lilimu/rw_lilimu_taozhuang_hongyunyishi_clothes.atlas.gz,edf348f1bae3d35f1549a5fccf8baf61
1FF24F9A0F6C353BF53E34057626AB63,12747,res/animation/fashion/lilimu/rw_lilimu_taozhuang_hongyunyishi_clothes.pkm.gz,1c1e4e524eb4a1573663b9f7dd92df1c
850CACAB0E3580B755D22AA41BBF3DA2,7850,res/animation/fashion/lilimu/rw_lilimu_taozhuang_hongyunyishi_clothes.pkm@alpha.gz,c27e01e22795cd596eb20a0d290374a0
803ACECE01D242ACAD72A937179D6FCB,584,res/animation/fashion/lilimu/rw_lilimu_taozhuang_hongyunyishi_head.atlas.gz,4836cfb1cdf9ac6e0b495ce1d3ceea74
8C7C9352A91C5921C6BF48E5BE070DA3,19066,res/animation/fashion/lilimu/rw_lilimu_taozhuang_hongyunyishi_head.pkm.gz,e96fce92292b66ad84583c910fddaa55
FA3F05A95B3E230772B88E6B0D3E50B0,10827,res/animation/fashion/lilimu/rw_lilimu_taozhuang_hongyunyishi_head.pkm@alpha.gz,5d4322bfe058c79195d586e78331d4eb
F7280F21C22BEFA6E6C67D922B7EE8CE,330,res/animation/fashion/lilimu/rw_lilimu_taozhuang_huangsejijia_cap.atlas.gz,13c16425df81a9504c88ad2544273faa
1EFB888F5C7AECBF0D001D9F84B5F2F9,3339,res/animation/fashion/lilimu/rw_lilimu_taozhuang_huangsejijia_cap.pkm.gz,583a7920b2e7873e76f5beca086647f6
D862F6C3781D55737B8AED84336D65F6,2926,res/animation/fashion/lilimu/rw_lilimu_taozhuang_huangsejijia_cap.pkm@alpha.gz,fb27696f7fc8550b1cc973d946ee63b4
0C0C06BBC91F517DA3EA5D1D86475433,825,res/animation/fashion/lilimu/rw_lilimu_taozhuang_huangsejijia_clothes.atlas.gz,152bc08d2cab06240f43eb18def0bcbb
C7F4BC3797EA96B43F5A46ED31B73AA8,13881,res/animation/fashion/lilimu/rw_lilimu_taozhuang_huangsejijia_clothes.pkm.gz,6a26a3aadc1149646b198237f1e1618a
D85B93AC0156F45E9A498C9D1B943ECC,8744,res/animation/fashion/lilimu/rw_lilimu_taozhuang_huangsejijia_clothes.pkm@alpha.gz,bccb14572b35434d806c0338d26f9641
1B5DB37374BE30AAE00727D479837E1B,494,res/animation/fashion/lilimu/rw_lilimu_taozhuang_huangsejijia_face.atlas.gz,b5ae195a771a3ad229ae676e0b0c7b02
E1AB576868CE8BCBE8C68EF69A35F0FE,2192,res/animation/fashion/lilimu/rw_lilimu_taozhuang_huangsejijia_face.pkm.gz,7dae10516520b3883816fba34ef96cd9
0245637114B8D884513CDEEB2BF07C89,1834,res/animation/fashion/lilimu/rw_lilimu_taozhuang_huangsejijia_face.pkm@alpha.gz,c36e50ee4e55a99813898c036e4537b7
6474E4451E5B732521A19434F654CEDF,585,res/animation/fashion/lilimu/rw_lilimu_taozhuang_huangsejijia_head.atlas.gz,a91c483adce90944fa9e139d5c2e7b8a
73D072DAB9945295BCDC25CB4455D7B8,15567,res/animation/fashion/lilimu/rw_lilimu_taozhuang_huangsejijia_head.pkm.gz,86e02dd9c76099386d21402c1f6cd498
C65F7355E4E2E818BF19AB35645C3AA9,8722,res/animation/fashion/lilimu/rw_lilimu_taozhuang_huangsejijia_head.pkm@alpha.gz,0874b0f01422c1b1e515f08a80d36e94
D06EF3FC0DC19170A7DD7F2E5B5908E6,331,res/animation/fashion/lilimu/rw_lilimu_taozhuang_huanmulveying_cap.atlas.gz,f08d8b7f9f1034b68903ac904b5744be
E9C334383066CC7D24F51F4D4C8A246B,1656,res/animation/fashion/lilimu/rw_lilimu_taozhuang_huanmulveying_cap.pkm.gz,a3751bc0e6569474369d3f14a199cfde
934A96E36C4A7E7363CFF09E268821DE,1515,res/animation/fashion/lilimu/rw_lilimu_taozhuang_huanmulveying_cap.pkm@alpha.gz,8558c5ccee6ffc2739e1ebd754776398
6881E78CC9C37CAE3CCAE0940AF0320B,829,res/animation/fashion/lilimu/rw_lilimu_taozhuang_huanmulveying_clothes.atlas.gz,e84d2ea1770ea7a7790348d2811d048b
470AF507BE9A24B5BA24A8B8D3DE2C74,14122,res/animation/fashion/lilimu/rw_lilimu_taozhuang_huanmulveying_clothes.pkm.gz,aa7ae985bbd31564e28ae617b1c874df
BC166FF9935262768EA4DA5A6A020131,8874,res/animation/fashion/lilimu/rw_lilimu_taozhuang_huanmulveying_clothes.pkm@alpha.gz,86bd28c30eb851afc4fff53b99684f40
04F85958179D12A25E705BA8633AB3C9,493,res/animation/fashion/lilimu/rw_lilimu_taozhuang_huanmulveying_face.atlas.gz,b2612f8494481de896f1e288d280761b
2D107D65EF3D5610959EE9530A846F37,1766,res/animation/fashion/lilimu/rw_lilimu_taozhuang_huanmulveying_face.pkm.gz,c02812eb83e06f86fef7740996a6312b
5B8B05DC740ED9E3D2F5BC48F36DAD51,1511,res/animation/fashion/lilimu/rw_lilimu_taozhuang_huanmulveying_face.pkm@alpha.gz,cecb45d2449a94e457739ec4a7466946
35022B10D57F484591A51F6613A3241D,600,res/animation/fashion/lilimu/rw_lilimu_taozhuang_huanmulveying_head.atlas.gz,3119cc5e78ab52e2e2e8a09f314423c2
EAA07E171C47183EA8869203B3E5E56B,20301,res/animation/fashion/lilimu/rw_lilimu_taozhuang_huanmulveying_head.pkm.gz,9b0792f2519df4e03611bfee4c9fc9af
6DEE6E50780BF3B99512E87F6502A0B8,13010,res/animation/fashion/lilimu/rw_lilimu_taozhuang_huanmulveying_head.pkm@alpha.gz,4778d045430407ac5b03a0d643f50298
E701A1585C4B3D3EC5D22C5778627A96,330,res/animation/fashion/lilimu/rw_lilimu_taozhuang_huanshenqiangui_cap.atlas.gz,f77836a3582e3ea9ff8c361a7b7ac1b6
89A62DC8859FC0DD5C4FBF048954A309,2150,res/animation/fashion/lilimu/rw_lilimu_taozhuang_huanshenqiangui_cap.pkm.gz,27f57d74f615abe490cdfe73d73cd4c9
F98C76364134BD8CC5BE7889818ADD33,1964,res/animation/fashion/lilimu/rw_lilimu_taozhuang_huanshenqiangui_cap.pkm@alpha.gz,c4bfb807203eb83c86defe48acb75785
24EC9374A89AEAEA9C3A97A3F70FDC3E,826,res/animation/fashion/lilimu/rw_lilimu_taozhuang_huanshenqiangui_clothes.atlas.gz,1e13580818631ddf5ce969a116b4729b
E580861887BD63B416A44712705DAD9D,13413,res/animation/fashion/lilimu/rw_lilimu_taozhuang_huanshenqiangui_clothes.pkm.gz,537d53ba4bd6fda83309fa236d332dbe
83C200E300F0DB2BDFFCAE34662E29ED,8032,res/animation/fashion/lilimu/rw_lilimu_taozhuang_huanshenqiangui_clothes.pkm@alpha.gz,9ce411caf3f7c5183df3834d95701238
0AF209EDDB921806EECD9C3F36E0F5E1,504,res/animation/fashion/lilimu/rw_lilimu_taozhuang_huanshenqiangui_face.atlas.gz,7dd2c84dfecb4cf51576a03c603d59a0
B32961F3E320D37B2A4527EA3D1DA410,1906,res/animation/fashion/lilimu/rw_lilimu_taozhuang_huanshenqiangui_face.pkm.gz,d82c0b75454adcea54920701fda8878e
38739161B2C7D5127CDAB9A38C7FA60A,1658,res/animation/fashion/lilimu/rw_lilimu_taozhuang_huanshenqiangui_face.pkm@alpha.gz,b9d7b298cef461c0569d20034829f721
8127CFC1B3B7D60B8DFF1BD0F9C489F6,602,res/animation/fashion/lilimu/rw_lilimu_taozhuang_huanshenqiangui_head.atlas.gz,9a3823f19dfa81b32d715d6942f6e111
D6AA9DD0F06091E1CCD5225F0A5AB591,11300,res/animation/fashion/lilimu/rw_lilimu_taozhuang_huanshenqiangui_head.pkm.gz,31e7517b5b33446d4e1a31ff1eebeaa3
8960CD7DF55973A1878BB59D48A3A4A3,10521,res/animation/fashion/lilimu/rw_lilimu_taozhuang_huanshenqiangui_head.pkm@alpha.gz,22dbaef2d5d5ffab1c9f0d8a945af2a4
065F25C417436A719065130495517678,328,res/animation/fashion/lilimu/rw_lilimu_taozhuang_huansuiyanxiang_cap.atlas.gz,e308f37f94c7c2ab68998498ec4a204f
7FB9348BFCF68358FE4D2B4765C2F118,1589,res/animation/fashion/lilimu/rw_lilimu_taozhuang_huansuiyanxiang_cap.pkm.gz,6df9536671799eb7630efc176416fac4
7A8B637D928FA588B7888E65B5BD2BFD,1432,res/animation/fashion/lilimu/rw_lilimu_taozhuang_huansuiyanxiang_cap.pkm@alpha.gz,7716816f63a3c132e5a8bdbab4a3ecd5
3695F3BD43FCF34EC17AE6670BDCA6D0,824,res/animation/fashion/lilimu/rw_lilimu_taozhuang_huansuiyanxiang_clothes.atlas.gz,7404ab4fb3c592933239b6b1c17cd351
57E02A636EE773B1CF5FA546D3BEB0E6,15795,res/animation/fashion/lilimu/rw_lilimu_taozhuang_huansuiyanxiang_clothes.pkm.gz,13e0f7a523c9015b773c0b4f52257dae
67680F6B586DCF5F7036E9165B3C41D9,8861,res/animation/fashion/lilimu/rw_lilimu_taozhuang_huansuiyanxiang_clothes.pkm@alpha.gz,cf2ff82fb50145f6d07b53f57822fe3d
1107CD408280920D6CE018A69EAAB6C8,503,res/animation/fashion/lilimu/rw_lilimu_taozhuang_huansuiyanxiang_face.atlas.gz,376d0f18e046e94028e52b4be0d38ac3
BC1B6829F03AC930BA3EF83FECC8A3A6,1852,res/animation/fashion/lilimu/rw_lilimu_taozhuang_huansuiyanxiang_face.pkm.gz,232f850e89eed5a8cbb3a0adb6ad36ed
018292F7B4AD373D8DB8B28FD0D42744,1611,res/animation/fashion/lilimu/rw_lilimu_taozhuang_huansuiyanxiang_face.pkm@alpha.gz,1305dce2065caf66e45b5c9313eec633
C85B894DAE66CC2781FA0E89E05B7EE3,600,res/animation/fashion/lilimu/rw_lilimu_taozhuang_huansuiyanxiang_head.atlas.gz,cafe9a6d9bd1baa145d6180fc2e2a046
CE06913518FD6B0AC12C3EB07EB39273,9730,res/animation/fashion/lilimu/rw_lilimu_taozhuang_huansuiyanxiang_head.pkm.gz,312b7031d71fcf75802b9f81a39c1fc9
CDD45FC7C0EFC501CFCD825A975AC134,7492,res/animation/fashion/lilimu/rw_lilimu_taozhuang_huansuiyanxiang_head.pkm@alpha.gz,a41691f171a6ee8d0cea36e6555386f7
1EFC285D3C2C1171EF564B68710306B0,330,res/animation/fashion/lilimu/rw_lilimu_taozhuang_jiamianwuhui_cap.atlas.gz,1d7396c30011051da985ee3557944e62
3A750B67DEF2A10CA3A2C9881E150635,3082,res/animation/fashion/lilimu/rw_lilimu_taozhuang_jiamianwuhui_cap.pkm.gz,3e0692e8ac31318700344786f3d3acbe
1D591296B627DBD25EF6A1CFC5EE7D72,2146,res/animation/fashion/lilimu/rw_lilimu_taozhuang_jiamianwuhui_cap.pkm@alpha.gz,d991faed0ce88bcd35dc34c811b19220
A9204744408C74ABF8A5984A9D9EAF3F,825,res/animation/fashion/lilimu/rw_lilimu_taozhuang_jiamianwuhui_clothes.atlas.gz,e0c4b49d1d5078f683258eb7ab3fb259
91529E97F40F74DACB7A78DBDCCFB8BC,11509,res/animation/fashion/lilimu/rw_lilimu_taozhuang_jiamianwuhui_clothes.pkm.gz,d54eb51a3b6b0db7c286d92c4fcb3883
041AD8D3B8F576211771175381781EAF,8017,res/animation/fashion/lilimu/rw_lilimu_taozhuang_jiamianwuhui_clothes.pkm@alpha.gz,292e44d53377d02cc9588dc9f608fc2e
17EDE5A102B9DA0D416A030BAACE2216,493,res/animation/fashion/lilimu/rw_lilimu_taozhuang_jiamianwuhui_face.atlas.gz,8c7f5795ea0733edd754319d81ad1038
939D3E33B0E698276863D0E73D2397D8,2025,res/animation/fashion/lilimu/rw_lilimu_taozhuang_jiamianwuhui_face.pkm.gz,1a14dbd0162ac51d2a40b083e63e825e
058E5A56457FC97C96B5C0DBC3336268,1713,res/animation/fashion/lilimu/rw_lilimu_taozhuang_jiamianwuhui_face.pkm@alpha.gz,5ccb3c0f832e00708b93db037961c3d0
5DFBFBCDBAEAB126D3E71D97A53BABF2,597,res/animation/fashion/lilimu/rw_lilimu_taozhuang_jiamianwuhui_head.atlas.gz,41ab10e41302b95c4d96f6070c4e88fe
FEB6050417C285A77775BDF2D83C0B04,3952,res/animation/fashion/lilimu/rw_lilimu_taozhuang_jiamianwuhui_head.pkm.gz,a48d4efcba194e4029a5f6fb53937fa4
A411422729C0AAD369FA824DAA70E3BC,2488,res/animation/fashion/lilimu/rw_lilimu_taozhuang_jiamianwuhui_head.pkm@alpha.gz,cbf3e8b758215fd4a5f26b00487d2d38
372BC261C284D4CDAD74B134DDD35241,330,res/animation/fashion/lilimu/rw_lilimu_taozhuang_jiarishizhuang_cap.atlas.gz,4ce2ea10344a5ead7e8b134bed4f312d
985C3CBACE2990BCFC0DC0CFF1C866D8,1424,res/animation/fashion/lilimu/rw_lilimu_taozhuang_jiarishizhuang_cap.pkm.gz,e96911e39923f2c105cb15b354a31158
77295E442D3F84E06AFC365C0751413E,1220,res/animation/fashion/lilimu/rw_lilimu_taozhuang_jiarishizhuang_cap.pkm@alpha.gz,4aaf1e8e303ade5d257a73ca8891a109
258413C195813CFB83D800668E1A3D76,823,res/animation/fashion/lilimu/rw_lilimu_taozhuang_jiarishizhuang_clothes.atlas.gz,e0b0691df114e69fb3202ae7af167eac
9262F38749CD13A47377B92429AE1AC6,19787,res/animation/fashion/lilimu/rw_lilimu_taozhuang_jiarishizhuang_clothes.pkm.gz,ac7079c4372addf9c49baefbf9563366
44D2A8655DE0F5488B98E27709F8D589,10165,res/animation/fashion/lilimu/rw_lilimu_taozhuang_jiarishizhuang_clothes.pkm@alpha.gz,f4660c6f526860c0f53001a7b1983ee7
21108C8DC9EE24B740262EEC14290FC1,490,res/animation/fashion/lilimu/rw_lilimu_taozhuang_jiarishizhuang_face.atlas.gz,816523c337ce5912e3a2bc7d7032f4fb
5F7D386DEBC227AEBB6CFA70A8C6FB11,2326,res/animation/fashion/lilimu/rw_lilimu_taozhuang_jiarishizhuang_face.pkm.gz,7381332323328e8cc3e26a04e07481e5
D37573E312929D8652719B2458754994,2067,res/animation/fashion/lilimu/rw_lilimu_taozhuang_jiarishizhuang_face.pkm@alpha.gz,c2f150462f1d92f4cc27204dc7996a7e
EBD200DE593A94440D43416476C9FFB4,599,res/animation/fashion/lilimu/rw_lilimu_taozhuang_jiarishizhuang_head.atlas.gz,d11bc4b3ea9f948bedcdaa3ff136a972
D49AF12ED0E7E08EC8711B9F4AB14476,13491,res/animation/fashion/lilimu/rw_lilimu_taozhuang_jiarishizhuang_head.pkm.gz,d3830744e417cbbb9c9c11b733a6347d
723C83906A01071AEA9FA780ABAFD846,7225,res/animation/fashion/lilimu/rw_lilimu_taozhuang_jiarishizhuang_head.pkm@alpha.gz,2a71d1bbfed10db02b243530ab859397
BAD095D336C4305D75ED0EE02ED10551,331,res/animation/fashion/lilimu/rw_lilimu_taozhuang_konglongshizhuang_cap.atlas.gz,ac151f39f808f424aff860b3c81115ee
80284FD726B40F98CAC0F50D9DF7A37D,6974,res/animation/fashion/lilimu/rw_lilimu_taozhuang_konglongshizhuang_cap.pkm.gz,6c1f81621b5f5ef3ad28075a7be079c4
BD696FBFCA89CCC53A3348DC6627E4B4,4115,res/animation/fashion/lilimu/rw_lilimu_taozhuang_konglongshizhuang_cap.pkm@alpha.gz,5ffd4745dff07ea5780cfff5c597a0f2
DD7D83CBA64C7D7979C3D4B9674CC61B,841,res/animation/fashion/lilimu/rw_lilimu_taozhuang_konglongshizhuang_clothes.atlas.gz,f18fa8e82849090b10d063ff01bfa545
746FDD24A0A9C10757EC119E1BFC4DC5,17407,res/animation/fashion/lilimu/rw_lilimu_taozhuang_konglongshizhuang_clothes.pkm.gz,3c374432c6ec67896432aae3831c2780
36E4B9F1ED889EC64F7CDA2D5EFDC0EF,9515,res/animation/fashion/lilimu/rw_lilimu_taozhuang_konglongshizhuang_clothes.pkm@alpha.gz,be2ccb1101610dc7ffe50ac90ab975c5
1950EE5E15F0DF723A3BD0468150F279,605,res/animation/fashion/lilimu/rw_lilimu_taozhuang_konglongshizhuang_head.atlas.gz,5dff114196cd7426baaa3bb915779c8e
931656968A41C027A6ABC100ADD3A716,5909,res/animation/fashion/lilimu/rw_lilimu_taozhuang_konglongshizhuang_head.pkm.gz,b9bbc56b37046836692e861aad7ce45c
5B8CCE2C7D11FF79FDA1A98D0CA90322,4527,res/animation/fashion/lilimu/rw_lilimu_taozhuang_konglongshizhuang_head.pkm@alpha.gz,8cf905580a885ee30f703f1330bd2fd9
63F46AB11420F6DD4987D71FD420F0AB,827,res/animation/fashion/lilimu/rw_lilimu_taozhuang_leiguangshenshi_clothes.atlas.gz,b642badc2db06fa8087d6e9bf2f10683
CD98DFCD7E84514E1CEE9669CEB59E51,14844,res/animation/fashion/lilimu/rw_lilimu_taozhuang_leiguangshenshi_clothes.pkm.gz,789c2615caa98b719b0cfbb4a641a88d
B84DED1AD6ABB8AD7B01E61785DA5040,8783,res/animation/fashion/lilimu/rw_lilimu_taozhuang_leiguangshenshi_clothes.pkm@alpha.gz,828de9627d1a8463f949c84f346dcb53
C3A42714D7AA4E0BF9B46B6FA63B8C1E,603,res/animation/fashion/lilimu/rw_lilimu_taozhuang_leiguangshenshi_head.atlas.gz,2de97941b6f0776b3e27a12be9909d7d
E8B77A24FFF17912C2D54B8FB8C3770C,10192,res/animation/fashion/lilimu/rw_lilimu_taozhuang_leiguangshenshi_head.pkm.gz,0222904859c947d03049e10b0bb0c738
06E48C0027B8BA1D0EC68A5D6B362D00,7182,res/animation/fashion/lilimu/rw_lilimu_taozhuang_leiguangshenshi_head.pkm@alpha.gz,c809254b27e6619492ba38d19d2b2bc8
6790924301D36FBFF9E4013D3B1EFA8C,331,res/animation/fashion/lilimu/rw_lilimu_taozhuang_liehuxingdong_cap.atlas.gz,61ad3ed4411dea0f271a221de0718895
7E3DF42463226FFA3C146B99D8757A3A,1326,res/animation/fashion/lilimu/rw_lilimu_taozhuang_liehuxingdong_cap.pkm.gz,1fb003024ae146176b864cd6d5d13742
98BE6B470A393F773AA22761844478CA,1306,res/animation/fashion/lilimu/rw_lilimu_taozhuang_liehuxingdong_cap.pkm@alpha.gz,68ea63d5c1194ee9fb7537f21cf1ba7c
4BDC76A5C920C8652A75BB54A5D32433,829,res/animation/fashion/lilimu/rw_lilimu_taozhuang_liehuxingdong_clothes.atlas.gz,74c6e0eec750a63d02f5aa8bee60b19a
5305522E7CE23E070D6C571430B16D66,14921,res/animation/fashion/lilimu/rw_lilimu_taozhuang_liehuxingdong_clothes.pkm.gz,176409f050e0f79ec57ec929a3a96f15
1C9D7251C4FA6B8817154CD1E17D0297,8222,res/animation/fashion/lilimu/rw_lilimu_taozhuang_liehuxingdong_clothes.pkm@alpha.gz,df515b40aea6f48597db5122162570db
E12B87FCBACF5C2E1D790AC4EED04C1A,600,res/animation/fashion/lilimu/rw_lilimu_taozhuang_liehuxingdong_head.atlas.gz,7f455a6b5a03ef2de3ffeb59082f49b1
5D93258D497E660AA43F3A64169F2682,18616,res/animation/fashion/lilimu/rw_lilimu_taozhuang_liehuxingdong_head.pkm.gz,3f4c9cf08901e470121d2df7c7243785
89D49A14476463975E10C09A7B6662EE,12521,res/animation/fashion/lilimu/rw_lilimu_taozhuang_liehuxingdong_head.pkm@alpha.gz,08a21d789e785148fb4281009e266370
C5B2DE8E5718A4C4332B9EB1CD9C249C,330,res/animation/fashion/lilimu/rw_lilimu_taozhuang_linyuanshouwei_cap.atlas.gz,396177b6e6b53fa54e5dfa7a3496769e
5F16A07DBC8D39FE1C93515DFCDFD503,1964,res/animation/fashion/lilimu/rw_lilimu_taozhuang_linyuanshouwei_cap.pkm.gz,398990f3e6f3b691440e5a03e2dae8bc
43F2D3E32392BD46502139690F25402D,1842,res/animation/fashion/lilimu/rw_lilimu_taozhuang_linyuanshouwei_cap.pkm@alpha.gz,4dbcf0da34a80adf4e6047c9b3564173
EB35E7FB920BB05095C944236E974CC4,823,res/animation/fashion/lilimu/rw_lilimu_taozhuang_linyuanshouwei_clothes.atlas.gz,d7a3984d856cb5b5df0297e3d1b50e5f
B67DC8B90A49B973FC091E64F35F454D,15070,res/animation/fashion/lilimu/rw_lilimu_taozhuang_linyuanshouwei_clothes.pkm.gz,a1ff096893f86f398cf2760b219be226
CDFB4E115D738CED6047415B654853C5,8534,res/animation/fashion/lilimu/rw_lilimu_taozhuang_linyuanshouwei_clothes.pkm@alpha.gz,c4f62669a7681840d9e8d80e571d54be
72B8DC433A51AD3B2B763943089BEACC,491,res/animation/fashion/lilimu/rw_lilimu_taozhuang_linyuanshouwei_face.atlas.gz,3ce6431501100c96bfc501aec5cd1c83
00790C2D755EC97B69AC16B1ECA00993,1911,res/animation/fashion/lilimu/rw_lilimu_taozhuang_linyuanshouwei_face.pkm.gz,e5e99b6d8b8dda328d0c08e6def197bc
127E1D5F43FD7EA02A21368F6626B478,1657,res/animation/fashion/lilimu/rw_lilimu_taozhuang_linyuanshouwei_face.pkm@alpha.gz,e2ee842fc4055290287e10f2c1d0d787
041C56AA13F0FE25CD27A1ACC3F76F70,599,res/animation/fashion/lilimu/rw_lilimu_taozhuang_linyuanshouwei_head.atlas.gz,d3057f884904c195786f1d911160532c
2D521FD7621EE40814D5F88AA4D9414F,17600,res/animation/fashion/lilimu/rw_lilimu_taozhuang_linyuanshouwei_head.pkm.gz,f3c06a1b5c68b87af9ff6cf108acd00e
AC8EA3C433AB8AB8DE2CC120B5F6384B,10649,res/animation/fashion/lilimu/rw_lilimu_taozhuang_linyuanshouwei_head.pkm@alpha.gz,e11021587dffb55200e9f1b333052d6e
6E8B26E99B043AFCB76EB1201D30256C,330,res/animation/fashion/lilimu/rw_lilimu_taozhuang_mijingjingling_cap.atlas.gz,1c9b3e1da2c0fb4ba2d0a0c4fce79102
13C3C44C06D503613C47B0E1B63E77AA,1086,res/animation/fashion/lilimu/rw_lilimu_taozhuang_mijingjingling_cap.pkm.gz,af4e587acdc3618d0e8edd3eff50ce21
5ED38F8F2BF1FA3F467697AD6725FB27,1044,res/animation/fashion/lilimu/rw_lilimu_taozhuang_mijingjingling_cap.pkm@alpha.gz,cfec3a369f4f4b330dea9937b7fa968e
9ED886DE2F6BDAD346404EB6468F40A3,823,res/animation/fashion/lilimu/rw_lilimu_taozhuang_mijingjingling_clothes.atlas.gz,e9fcaa65f7100153a0d40e568b24ae34
F6C941F51F3748D32AE1BBECB12D8C73,15057,res/animation/fashion/lilimu/rw_lilimu_taozhuang_mijingjingling_clothes.pkm.gz,7d8f9dad7a1a39271751fd969499978c
838CFB9CB2337CEA73C0F75AD19A021D,8947,res/animation/fashion/lilimu/rw_lilimu_taozhuang_mijingjingling_clothes.pkm@alpha.gz,c89d375d2930a0a54f3a66573d16364f
C41F70323C7FDCDEA2BEDA36F92D3EC9,489,res/animation/fashion/lilimu/rw_lilimu_taozhuang_mijingjingling_face.atlas.gz,5b3512e6b65375b46540a7e641a09c46
C4A9793E81B262C850811A78A5BB779A,2093,res/animation/fashion/lilimu/rw_lilimu_taozhuang_mijingjingling_face.pkm.gz,14a5fea796a6b6adde5aa7efb99c18f4
B6D3B806A03B4B4A514013E567B836CF,1815,res/animation/fashion/lilimu/rw_lilimu_taozhuang_mijingjingling_face.pkm@alpha.gz,2debdb3bd143ed6e8191cd54f470ebf8
AA2ABD25691096A3B010A9834FABC656,599,res/animation/fashion/lilimu/rw_lilimu_taozhuang_mijingjingling_head.atlas.gz,4a6a393e4778c3f465a3b623031c8641
D8BDBAE46160E3573527C57BC5FF5E7C,5574,res/animation/fashion/lilimu/rw_lilimu_taozhuang_mijingjingling_head.pkm.gz,e75848919141c256dc0a1ed4e73b493c
B34DE40EFA6CF5D6EA4D3FA22FAF35F5,4540,res/animation/fashion/lilimu/rw_lilimu_taozhuang_mijingjingling_head.pkm@alpha.gz,590f2501fde837ea5fbef877ae9d9b12
4CFA954F3CD9F5BAEDAADBD9CF254B07,288,res/animation/fashion/lilimu/rw_lilimu_taozhuang_mingxing_cap.atlas.gz,da388841878ed542896990eb067190d4
6274CE04A37A4DFE6E008B8ED7E35246,1451,res/animation/fashion/lilimu/rw_lilimu_taozhuang_mingxing_cap.pkm.gz,5b6145b20bebd42d2694aee6d93f6418
4D5D0A63D2E3B2BC6F1318960319317D,1150,res/animation/fashion/lilimu/rw_lilimu_taozhuang_mingxing_cap.pkm@alpha.gz,e1449e300cf666fc69345eeafbfb932f
965950912486096E5CC3DA2C39C3816D,831,res/animation/fashion/lilimu/rw_lilimu_taozhuang_mingxing_clothes.atlas.gz,6634fcd3161602ac136834ca849a961a
CF5F6BD282B2B11122D887B46D24CC46,12658,res/animation/fashion/lilimu/rw_lilimu_taozhuang_mingxing_clothes.pkm.gz,b64067adc76edc9aee1590a0248f753e
D4AF85148506EDD53CB6B023B6C80713,8561,res/animation/fashion/lilimu/rw_lilimu_taozhuang_mingxing_clothes.pkm@alpha.gz,e9856bc737678ff4682d44f36f92347e
1488CF4C06732FEBBD8D40AAEA2E0854,585,res/animation/fashion/lilimu/rw_lilimu_taozhuang_mingxing_head.atlas.gz,39705a8725ab5eb0e3a02d66bd84da65
C249BF485E7ADB9CFB17E0E00F9D5D75,17609,res/animation/fashion/lilimu/rw_lilimu_taozhuang_mingxing_head.pkm.gz,4f3b59d9dbdf30d694a050451395d5f2
BE8B84BAF8BDCF0B0712688E55D68DE9,12041,res/animation/fashion/lilimu/rw_lilimu_taozhuang_mingxing_head.pkm@alpha.gz,8d471361dc562d146320488bf449a32d
396406999CDDA12180941CC9872285A1,329,res/animation/fashion/lilimu/rw_lilimu_taozhuang_posuoyehuo_cap.atlas.gz,e5e1270d170406dbede387597d927677
67E2095673E36CEBC402A17F12149365,1735,res/animation/fashion/lilimu/rw_lilimu_taozhuang_posuoyehuo_cap.pkm.gz,0b239eb8a08237be52c0f25b05e56172
51033E0309BF8D1A5105450E9ED016D8,1658,res/animation/fashion/lilimu/rw_lilimu_taozhuang_posuoyehuo_cap.pkm@alpha.gz,a683159793d3228434c127c6f87051cd
1308615E51CD4EC157B4B6B1F0A0D4B8,825,res/animation/fashion/lilimu/rw_lilimu_taozhuang_posuoyehuo_clothes.atlas.gz,743a7e0d764b1df5e954aaba1742397d
1B909D06145B8591D62D190E3A5B566D,14402,res/animation/fashion/lilimu/rw_lilimu_taozhuang_posuoyehuo_clothes.pkm.gz,bd6ccd49b88e204191dc4d1c5890daaf
698C3F0B1F471E4E2E43784F656BCAFE,7869,res/animation/fashion/lilimu/rw_lilimu_taozhuang_posuoyehuo_clothes.pkm@alpha.gz,fc5a743185c8ad8dbc7a7f2fa62f20c0
D706BCF7E3FC0B47131CCB44B01C83AD,486,res/animation/fashion/lilimu/rw_lilimu_taozhuang_posuoyehuo_face.atlas.gz,1960bc8351cc3b032145140651bfc8f1
E4F8727C82A36DC1B2AF4CE1B92F0B5A,1939,res/animation/fashion/lilimu/rw_lilimu_taozhuang_posuoyehuo_face.pkm.gz,aa33d0b197545ec0e38075efde3375cd
A971F9F64E44941F858F2B988AF9C222,1663,res/animation/fashion/lilimu/rw_lilimu_taozhuang_posuoyehuo_face.pkm@alpha.gz,123d7a776c4e1efffea8dc2548d7e97d
EE1C491D36D5819E6A932EAE8C43CD01,585,res/animation/fashion/lilimu/rw_lilimu_taozhuang_posuoyehuo_head.atlas.gz,740697d683cd8d726daa9d2684038e9a
D4FA5A2FD8D59EC7D046DFB48133D583,12732,res/animation/fashion/lilimu/rw_lilimu_taozhuang_posuoyehuo_head.pkm.gz,5171c6b8c0036abc578dc6651b056484
2013655D34C8C7138C41A11450423632,9262,res/animation/fashion/lilimu/rw_lilimu_taozhuang_posuoyehuo_head.pkm@alpha.gz,3ad4f15b68ac72b449a1c73bbe39e901
40C864114D0ED910F3CCD14AD93BEAB0,332,res/animation/fashion/lilimu/rw_lilimu_taozhuang_qingchengguangyao_cap.atlas.gz,c606304da6559dac9bd59d54cea811e7
9E61E3953D92CF1A3218B27639F98508,3565,res/animation/fashion/lilimu/rw_lilimu_taozhuang_qingchengguangyao_cap.pkm.gz,2d770725db8d32fb95ed0af0a463ccc7
2A42688EBFEFB1D7D92497034D3190E3,2688,res/animation/fashion/lilimu/rw_lilimu_taozhuang_qingchengguangyao_cap.pkm@alpha.gz,0797d35e9a9f307488e01dc3a85b883d
1DA18FCE3FC5D8FFF57EFC8D9EEB7ECF,843,res/animation/fashion/lilimu/rw_lilimu_taozhuang_qingchengguangyao_clothes.atlas.gz,308c0f58f20dcaa6f753ad5184f54a6f
E194BCF739DB1D92DB9EE67AC990759B,14198,res/animation/fashion/lilimu/rw_lilimu_taozhuang_qingchengguangyao_clothes.pkm.gz,1624f8a135b5c90c6fc6912bcf7671e5
1E92B01E2EAF58205BEBE7D2704E155E,8435,res/animation/fashion/lilimu/rw_lilimu_taozhuang_qingchengguangyao_clothes.pkm@alpha.gz,5f5e47bfd83240e7313dd1a683eab6c5
8F3AD9E4472679CBBBFF1412605C3167,511,res/animation/fashion/lilimu/rw_lilimu_taozhuang_qingchengguangyao_face.atlas.gz,54c004cf30b2c57924a23802024c5330
8CD56EE0AB1F3BF50CD4B70F1AA6093B,2410,res/animation/fashion/lilimu/rw_lilimu_taozhuang_qingchengguangyao_face.pkm.gz,a305c5a9329d0ccb8d7bb2b4733c8d93
3E03E05D1348E8CA58F0775D820B3F80,2005,res/animation/fashion/lilimu/rw_lilimu_taozhuang_qingchengguangyao_face.pkm@alpha.gz,df0e433979d89dc8cb8759f403f84d43
1C470574CFF2A30AA11BBC9377A0E7AE,605,res/animation/fashion/lilimu/rw_lilimu_taozhuang_qingchengguangyao_head.atlas.gz,a6292011ee8a9c5cd30869894ca524ec
2C14DD027AD189AEAE1E58350D41CD76,17749,res/animation/fashion/lilimu/rw_lilimu_taozhuang_qingchengguangyao_head.pkm.gz,3928d8cf571a6c025cf662de340e01bc
C9E477F3BADAE7D6FB31895D85130731,10907,res/animation/fashion/lilimu/rw_lilimu_taozhuang_qingchengguangyao_head.pkm@alpha.gz,71cad0d109029198c5b1f137ef7dd270
FA4F398B4F24F3418573176553FA4E5D,330,res/animation/fashion/lilimu/rw_lilimu_taozhuang_shanyaozhixing_cap.atlas.gz,5f2a8c1e1f50ed2eaa694aefa53d043e
044C4436760C9B73633182D4F21098E0,3543,res/animation/fashion/lilimu/rw_lilimu_taozhuang_shanyaozhixing_cap.pkm.gz,c0275a89b64c29b2f1aa99efd07c8951
5BFF638469FC845A1B96082EACAE9DC5,3050,res/animation/fashion/lilimu/rw_lilimu_taozhuang_shanyaozhixing_cap.pkm@alpha.gz,b36f3de8ac87819e74b1932efe760a1f
C69E41DE4C27EDF521FC71729CBC075A,824,res/animation/fashion/lilimu/rw_lilimu_taozhuang_shanyaozhixing_clothes.atlas.gz,ab3ca9d69d84c20e6f3369999b7514fd
FF39B1FAA54550CF77C4C4D3E9B4259C,13615,res/animation/fashion/lilimu/rw_lilimu_taozhuang_shanyaozhixing_clothes.pkm.gz,c7e93c6b0226a2c0d68ce1d70eb38953
0D24B549BBF4A082BE3C2512D2AD89A8,8245,res/animation/fashion/lilimu/rw_lilimu_taozhuang_shanyaozhixing_clothes.pkm@alpha.gz,94f2b33ab0ed81c3cafa3b0877234f46
684467B45DB9DDA7EDBDA4928CFE8773,490,res/animation/fashion/lilimu/rw_lilimu_taozhuang_shanyaozhixing_face.atlas.gz,86363b93cc19878e44ada4bb427ab438
666659C616EBDFF751B9C7AC1044F1A9,1744,res/animation/fashion/lilimu/rw_lilimu_taozhuang_shanyaozhixing_face.pkm.gz,675268412acf77d2162f904cf0f7290c
29243791487DD2F8BDBD64780C057351,1513,res/animation/fashion/lilimu/rw_lilimu_taozhuang_shanyaozhixing_face.pkm@alpha.gz,899e86d8ac4169f1ca40c0869a23ff02
6A8CF551888936153F60C5A636AC9F10,599,res/animation/fashion/lilimu/rw_lilimu_taozhuang_shanyaozhixing_head.atlas.gz,a6f3dde28ca6cde7e5a5fb4fef55ad81
28C0874930BA5CFDD6341DCA7330CB24,17242,res/animation/fashion/lilimu/rw_lilimu_taozhuang_shanyaozhixing_head.pkm.gz,cc0795c40ac17d8d81797a55d30c229d
A9FBD569D6FB89AAE5357C19BF1A9FBE,12066,res/animation/fashion/lilimu/rw_lilimu_taozhuang_shanyaozhixing_head.pkm@alpha.gz,b4a530b47e493efce2c4ef6f66e16b04
6F9B6C60F0BA67CDBCE9AFFA85B7471F,286,res/animation/fashion/lilimu/rw_lilimu_taozhuang_shianaiqi_cap.atlas.gz,84ef9015e49afee5edf48875a6d082f4
D9D6724ADE55A183860366CB6B55C202,2191,res/animation/fashion/lilimu/rw_lilimu_taozhuang_shianaiqi_cap.pkm.gz,220e5891d536d5932421ca78fef7adf1
1F8C72CC46EA3B9A78E232A9F90625F6,2161,res/animation/fashion/lilimu/rw_lilimu_taozhuang_shianaiqi_cap.pkm@alpha.gz,cc69204f42e12388772dc4f40c67e601
594FA7D084D68E6CFEAA02B29DD2F2C5,831,res/animation/fashion/lilimu/rw_lilimu_taozhuang_shianaiqi_clothes.atlas.gz,c879dfcac476ea86fb7c54a74da2dee0
30C84E030D750A8871F9FBAC303BCE26,13545,res/animation/fashion/lilimu/rw_lilimu_taozhuang_shianaiqi_clothes.pkm.gz,fddcfedd88008d2b220b9775f42529bd
19AD4481923A9F41FA316352F89E821E,8775,res/animation/fashion/lilimu/rw_lilimu_taozhuang_shianaiqi_clothes.pkm@alpha.gz,7634333777e93c3a3404bf7ea085e998
FD00FC5350326538C3FAF586485D7141,487,res/animation/fashion/lilimu/rw_lilimu_taozhuang_shianaiqi_face.atlas.gz,9fdcafe567862089808cf675abb7f9c2
A8F4AE5775CF362D0A41A540A28F16C8,1819,res/animation/fashion/lilimu/rw_lilimu_taozhuang_shianaiqi_face.pkm.gz,5d38bbc63ccb341ac1ddfad4370b4c3a
B30FFD96122F98CE85D96CF1E83430FA,1570,res/animation/fashion/lilimu/rw_lilimu_taozhuang_shianaiqi_face.pkm@alpha.gz,b9ef38160ff6baaf626e2741c899f141
D00AE330924A79688B981E60EB2255B4,584,res/animation/fashion/lilimu/rw_lilimu_taozhuang_shianaiqi_head.atlas.gz,40b846047b8b54179c7b033bc032d27d
83587C3EA583A366F5B3DF447D419D86,20907,res/animation/fashion/lilimu/rw_lilimu_taozhuang_shianaiqi_head.pkm.gz,7a4e7d857b8b7942eb5b080d5ce7294a
9C92193FC2E2AE5D72DBB12B759CBFAC,13389,res/animation/fashion/lilimu/rw_lilimu_taozhuang_shianaiqi_head.pkm@alpha.gz,a775a6abbf71abcbe922fea83841f7f7
FC7D05A3CF7090FEB51E0488552E1C38,330,res/animation/fashion/lilimu/rw_lilimu_taozhuang_shuoranyanxiao_cap.atlas.gz,0534f0db9ef6971caa4fb388cefa22d1
E9CFEC36D160697140FAA9A7B35EA616,640,res/animation/fashion/lilimu/rw_lilimu_taozhuang_shuoranyanxiao_cap.pkm.gz,51085e0ca7cbe5675da446937d3c1f0b
F9470A4C17A258D64E126E9F5757CA9A,642,res/animation/fashion/lilimu/rw_lilimu_taozhuang_shuoranyanxiao_cap.pkm@alpha.gz,4c70d52b2992a344d66de2efe1048d3b
3135A49451AEC6AB94A4EB6AF401D8DA,824,res/animation/fashion/lilimu/rw_lilimu_taozhuang_shuoranyanxiao_clothes.atlas.gz,8bc41d842830e79c75f04748269e5484
289210B112B6D269123B54BA990297BF,13509,res/animation/fashion/lilimu/rw_lilimu_taozhuang_shuoranyanxiao_clothes.pkm.gz,fe6d26259142abb31152697bb372eb30
C805423B837A65F8A883B6876F9AF870,8039,res/animation/fashion/lilimu/rw_lilimu_taozhuang_shuoranyanxiao_clothes.pkm@alpha.gz,e85bff6e77ba28045968af3962cdf5e5
EA120B6F559649B5664EB4E5D7ED2D1C,490,res/animation/fashion/lilimu/rw_lilimu_taozhuang_shuoranyanxiao_face.atlas.gz,ec37cde09f17a66476982550700f6aee
3D4327CC9AB591D199FCB5955978A44C,1851,res/animation/fashion/lilimu/rw_lilimu_taozhuang_shuoranyanxiao_face.pkm.gz,1c4ea92d7f77b18fabf0f3969123a93f
E07721FE3547907C69B0E3626B598AEB,1628,res/animation/fashion/lilimu/rw_lilimu_taozhuang_shuoranyanxiao_face.pkm@alpha.gz,8cc6f314e3b56d3cdb8fffab7d2ee419
18854F6B3E63DF98A608D2DA5E4C615C,599,res/animation/fashion/lilimu/rw_lilimu_taozhuang_shuoranyanxiao_head.atlas.gz,a5c91bc1de690cc94f5b6650ecd0a6e1
F819C8F623A6B7A154B45D25338A4979,18781,res/animation/fashion/lilimu/rw_lilimu_taozhuang_shuoranyanxiao_head.pkm.gz,7ba9086d080acefb1a01741b9bd84db9
B23838716D3D4592B8434DD65BAE579A,11452,res/animation/fashion/lilimu/rw_lilimu_taozhuang_shuoranyanxiao_head.pkm@alpha.gz,6a161cad371c32efe6a66209141af92d
8B9BE8C1D13838BC658A7EB827417493,652,res/animation/fashion/lilimu/rw_lilimu_taozhuang_skin_anmieweiyi.atlas.gz,cb1207a539ccd2588ebe67ef663b1b46
C76C775A6C048B6D3302D365C26186C4,4443,res/animation/fashion/lilimu/rw_lilimu_taozhuang_skin_anmieweiyi.pkm.gz,ce5ff43cd6b1a2a54d942ae755395c42
17F3ECD72BD35D63C62C1F9DE1D3B659,3007,res/animation/fashion/lilimu/rw_lilimu_taozhuang_skin_anmieweiyi.pkm@alpha.gz,57ef7050ecba378c24b923dd2bfa7a5e
8294149E322688ED60356FDE0114F7B6,618,res/animation/fashion/lilimu/rw_lilimu_taozhuang_skin_bianse01.atlas.gz,b1f266da413c1bea776fc20b167292a6
90E6450D866047A48F0DA3EC47FEF66A,4452,res/animation/fashion/lilimu/rw_lilimu_taozhuang_skin_bianse01.pkm.gz,04d8e6608282dcaca829235a46f8f77d
7C8738182DAFFD757EF6EE7D6699F0C6,2711,res/animation/fashion/lilimu/rw_lilimu_taozhuang_skin_bianse01.pkm@alpha.gz,d28a8693d9662b102dac3f675b694aa5
67D77540696C29145E7E6691F94A893D,618,res/animation/fashion/lilimu/rw_lilimu_taozhuang_skin_bianse02.atlas.gz,28fcc4fd56a811472d70a7d91baadba0
96473B2AB16E5BFDD25AACA7BC25DF67,4354,res/animation/fashion/lilimu/rw_lilimu_taozhuang_skin_bianse02.pkm.gz,955249dc817e94c130ed37cbc18bc86b
25727244D1DA4E93602C9F495398D694,2707,res/animation/fashion/lilimu/rw_lilimu_taozhuang_skin_bianse02.pkm@alpha.gz,b657066aa983f11f63f35738704e066e
D4A46C665061229186265A6C3F1F9DA7,618,res/animation/fashion/lilimu/rw_lilimu_taozhuang_skin_bianse03.atlas.gz,0f3a8e630a56662cc2847069ae731edc
B9FD991F421940D0D8BBBE427C632908,4263,res/animation/fashion/lilimu/rw_lilimu_taozhuang_skin_bianse03.pkm.gz,5326418075196770719ac88a1988e22b
856F72B5E51D41DA7A9B97AB1FD833E7,2699,res/animation/fashion/lilimu/rw_lilimu_taozhuang_skin_bianse03.pkm@alpha.gz,0192a44e54fa270dfa5c73d8316dcbac
7F3C3D93133D0921318A7A10894F72D6,618,res/animation/fashion/lilimu/rw_lilimu_taozhuang_skin_bianse04.atlas.gz,ea69d4c21b3fae3953741c3ed70327c5
7034F5D0FB4E799225A681528A6C1424,5030,res/animation/fashion/lilimu/rw_lilimu_taozhuang_skin_bianse04.pkm.gz,f0048c428d240822a4bdf806197b0d7f
DEA489515BDF2C1CEC2D4A225A539C32,2716,res/animation/fashion/lilimu/rw_lilimu_taozhuang_skin_bianse04.pkm@alpha.gz,718eafb75f5c25fab2671e52f2cec8ef
544402139149AD2EC217CB7299D3C48E,661,res/animation/fashion/lilimu/rw_lilimu_taozhuang_skin_bianyuhaike.atlas.gz,7db83f6ac867241ab6432183ac2a4cd9
683B1157C2DBEB3B6D2FA6C04D642BAD,4093,res/animation/fashion/lilimu/rw_lilimu_taozhuang_skin_bianyuhaike.pkm.gz,af75ae9e4d5027d74e423321817296d3
C6F01B6FCBA9845F849E5E30D519252D,1678,res/animation/fashion/lilimu/rw_lilimu_taozhuang_skin_bianyuhaike.pkm@alpha.gz,840798f6b4a4ecba84f014b07ba48781
44268E27FB807829F740C9E9127FC5C0,670,res/animation/fashion/lilimu/rw_lilimu_taozhuang_skin_canglangdichen.atlas.gz,42fed955c1b49abf25797502615955bf
A7A2E3DD58E46523CAED7909224C1772,2666,res/animation/fashion/lilimu/rw_lilimu_taozhuang_skin_canglangdichen.pkm.gz,5e287edb97c753f51ffe864a317c4ae3
6F8E84BE7D485F4D5EFBB4156E417565,1894,res/animation/fashion/lilimu/rw_lilimu_taozhuang_skin_canglangdichen.pkm@alpha.gz,e0e589db3a27a2dc754996529a8142dd
F75E126528933C62F9988B88796CA525,623,res/animation/fashion/lilimu/rw_lilimu_taozhuang_skin_canglanhundun.atlas.gz,f760b92059788beda4f0f4e03574662f
B9BF7885AB7D7234ABD7F8F2C08728E7,7082,res/animation/fashion/lilimu/rw_lilimu_taozhuang_skin_canglanhundun.pkm.gz,0af70202a9d93091d403050c75eff89b
297F464324168897B7B4835D9976828A,4130,res/animation/fashion/lilimu/rw_lilimu_taozhuang_skin_canglanhundun.pkm@alpha.gz,d6302ef5f4cb2f5c400eeeb1dc897062
EDF9E726013F42746C8B12D1C5F6FF02,655,res/animation/fashion/lilimu/rw_lilimu_taozhuang_skin_chaomeng.atlas.gz,3554111b6c360f106c17e2d42178cc40
8F2D3E0D3F1E78AD60F24AEF14A6A2C1,1412,res/animation/fashion/lilimu/rw_lilimu_taozhuang_skin_chaomeng.pkm.gz,ed058103c1cc8622c0add3f99c0c6adf
6371512121611C6EDE243CA93963B3C3,990,res/animation/fashion/lilimu/rw_lilimu_taozhuang_skin_chaomeng.pkm@alpha.gz,dc2eea46f5b3deacc8230239cf0aad69
3C1358324C8D4FECF0AB0270CEC30D27,657,res/animation/fashion/lilimu/rw_lilimu_taozhuang_skin_chunbaishengqi.atlas.gz,4b973ff44c6627c1452039f22af7bde3
634624B15481891BD2B51515DA82D7E9,9799,res/animation/fashion/lilimu/rw_lilimu_taozhuang_skin_chunbaishengqi.pkm.gz,10ad2b4041082cecc913e548eb707ecb
9A54B7DA11777E2C533203A469EC7F6C,4698,res/animation/fashion/lilimu/rw_lilimu_taozhuang_skin_chunbaishengqi.pkm@alpha.gz,4fb83f90f19c8d3558e29371a189549c
58DF93CF6FA3F38B2C5BC27CAF6EB0A4,615,res/animation/fashion/lilimu/rw_lilimu_taozhuang_skin_chushi.atlas.gz,2e120e586a6964aff65277c11a2cb9d4
6B23310B4E246001CF4830EA9BF9E19A,4355,res/animation/fashion/lilimu/rw_lilimu_taozhuang_skin_chushi.pkm.gz,6143d96bfb84c572683641a8792703b8
9B3BE7761B459526F0E76FD4916776A4,2713,res/animation/fashion/lilimu/rw_lilimu_taozhuang_skin_chushi.pkm@alpha.gz,0c0657d1a6436fac2ff67bbaecbe800f
BF2C6ACD363C70A4735598907A38A3F4,643,res/animation/fashion/lilimu/rw_lilimu_taozhuang_skin_guizuzhiyi.atlas.gz,b6ab69a061e648cf6640ed390404f03e
BE3CE7BF66888EA9F193C4E0105A2DD8,7882,res/animation/fashion/lilimu/rw_lilimu_taozhuang_skin_guizuzhiyi.pkm.gz,68f4d63200775d1652bf73b53d0ab401
2FA110EAB3DD7F085BDC49B023CE941D,3529,res/animation/fashion/lilimu/rw_lilimu_taozhuang_skin_guizuzhiyi.pkm@alpha.gz,47146c811a300970efd710db1b134215
B19728309003AB47FEEA19EC2B4929C0,656,res/animation/fashion/lilimu/rw_lilimu_taozhuang_skin_guofeng.atlas.gz,5aff98aba7402fafbbedd3b7681c8156
5B2F5B3A5D41CC529BC755192D95A2E3,2264,res/animation/fashion/lilimu/rw_lilimu_taozhuang_skin_guofeng.pkm.gz,c5d33e75b761cfef6b3b41c5ffdf2812
1F51271149BFE00A5AD6F213FFC481E4,1240,res/animation/fashion/lilimu/rw_lilimu_taozhuang_skin_guofeng.pkm@alpha.gz,bd407f2854a331a65b3c95e302ec3900
333491CD997BCF29DBE9DBEC7169ECF2,668,res/animation/fashion/lilimu/rw_lilimu_taozhuang_skin_haiyangpaidui.atlas.gz,73f16a4da9844306b6668dc2909933f0
C3F3860ABAC9C589184D4F5B01AEB821,313,res/animation/fashion/lilimu/rw_lilimu_taozhuang_skin_haiyangpaidui.pkm.gz,3f40a93caa5054365717303a8838ce6e
59292186FB75C61EB295D8544129233E,313,res/animation/fashion/lilimu/rw_lilimu_taozhuang_skin_haiyangpaidui.pkm@alpha.gz,3f40a93caa5054365717303a8838ce6e
9632FC0E5F6DE91A50404C3D5C618814,647,res/animation/fashion/lilimu/rw_lilimu_taozhuang_skin_heizhishi.atlas.gz,2bd89f4fe18be4fd67a5b3aa4b0f2c26
8F04700FE1EB698B45274D94470339D5,4075,res/animation/fashion/lilimu/rw_lilimu_taozhuang_skin_heizhishi.pkm.gz,1b70dc7b941a0b75444350503962bea0
EFE05FA9B593703A99575F276A6F2E98,1541,res/animation/fashion/lilimu/rw_lilimu_taozhuang_skin_heizhishi.pkm@alpha.gz,0f36b8523e1e9cfcfa10437822ba2bdb
324B6182E42CC28F43BFBC7212B42AD6,648,res/animation/fashion/lilimu/rw_lilimu_taozhuang_skin_hongyunyishi.atlas.gz,fe3319a079bed547a31146eac1793290
A7C8C32C22234E92083149B16578C0CD,8402,res/animation/fashion/lilimu/rw_lilimu_taozhuang_skin_hongyunyishi.pkm.gz,f05b2bec28ab922fb917edffc33093ab
90F51BC60460A1908E70F7DF55D43A5A,3780,res/animation/fashion/lilimu/rw_lilimu_taozhuang_skin_hongyunyishi.pkm@alpha.gz,4ea3cbeef43219dc5d5d1181465e6149
67AEE71D76534CE63E6B0A42AD21EA91,637,res/animation/fashion/lilimu/rw_lilimu_taozhuang_skin_huangsejijia.atlas.gz,377bae0069735566ea8b2b7151a33a91
9A4F2BF3FFF34B1131E3507444BDB6F4,6562,res/animation/fashion/lilimu/rw_lilimu_taozhuang_skin_huangsejijia.pkm.gz,be1c4e3b935fcad7788e5ed21857bc29
ACA73BA5D39D307403BD62F8CCD048E9,4135,res/animation/fashion/lilimu/rw_lilimu_taozhuang_skin_huangsejijia.pkm@alpha.gz,983e234c51b12a647544a51327bcff3c
020451CF42E740FA20FC5507774C5FD1,667,res/animation/fashion/lilimu/rw_lilimu_taozhuang_skin_huanmulveying.atlas.gz,632612653c9dfcd7058cb84de5c43e3e
8E2A10C00B9ECD65E1522F50D19680AF,2659,res/animation/fashion/lilimu/rw_lilimu_taozhuang_skin_huanmulveying.pkm.gz,5f781d49e367c0520481cd86989fe4c3
60330951F1AC2D56A748184A9E42D9FB,1218,res/animation/fashion/lilimu/rw_lilimu_taozhuang_skin_huanmulveying.pkm@alpha.gz,d7628bd5662ad876c063ea14389c5fa9
5FC70B649A743F1460AECD0F008F2861,641,res/animation/fashion/lilimu/rw_lilimu_taozhuang_skin_huanshenqiangui.atlas.gz,776a2fdaafb73a0be3e9a255878f8c82
3F017793C47070A3261858E102D32E5E,8392,res/animation/fashion/lilimu/rw_lilimu_taozhuang_skin_huanshenqiangui.pkm.gz,8967f46891c83a4d5ab7dac51579d191
4DBDCEF397B6FC227183D8CD93F107A5,4430,res/animation/fashion/lilimu/rw_lilimu_taozhuang_skin_huanshenqiangui.pkm@alpha.gz,2438d85e131ac1ebc54d7729dd106fde
529CA1331EFE4D090F20D2140B919C5B,659,res/animation/fashion/lilimu/rw_lilimu_taozhuang_skin_huansuiyanxiang.atlas.gz,1edf195669b4c66e722bb2f0b66c1994
AD2F086D8AAA062F8AEF1080D23BCA83,4123,res/animation/fashion/lilimu/rw_lilimu_taozhuang_skin_huansuiyanxiang.pkm.gz,035047335849fed5f879e47b90ddc428
79F501BC4046E38855F2C20B35F36B08,2446,res/animation/fashion/lilimu/rw_lilimu_taozhuang_skin_huansuiyanxiang.pkm@alpha.gz,4e5274770017a997be122801600b8d1d
28E342999DC302E296D5A80C71AEAD0E,655,res/animation/fashion/lilimu/rw_lilimu_taozhuang_skin_jiamianwuhui.atlas.gz,ec4700334ed6a88a611b5a111f3f6d53
1AF451CD5037FE922DCCC1190BDB113F,9398,res/animation/fashion/lilimu/rw_lilimu_taozhuang_skin_jiamianwuhui.pkm.gz,46eec0b34ca64337b72f1c3971032b98
DCDC44F4F69D92CC2A6CF234702B5B5B,3556,res/animation/fashion/lilimu/rw_lilimu_taozhuang_skin_jiamianwuhui.pkm@alpha.gz,41f58811780fe457a3d7ac147768b73c
0355DB415E0D51839C243EA32179D0F8,671,res/animation/fashion/lilimu/rw_lilimu_taozhuang_skin_jiarishizhuang.atlas.gz,ddc2629a9170eca45f3e592b129d7500
2BF857B2C41B879A4EEE8C61C7AB6D4E,3862,res/animation/fashion/lilimu/rw_lilimu_taozhuang_skin_jiarishizhuang.pkm.gz,e7449d9419fc09973cffcbe34edff445
87A814850162E328787BBEFB19A55255,2230,res/animation/fashion/lilimu/rw_lilimu_taozhuang_skin_jiarishizhuang.pkm@alpha.gz,cfbae49d2c9011e7592c487f93d57cc3
A6D1F0A375F3BD155FAB88F25B09A4A4,667,res/animation/fashion/lilimu/rw_lilimu_taozhuang_skin_konglongshizhuang.atlas.gz,a4ad8a46f8a47975da15e6e37809c203
2E3828AC624EAB375277699429148A4B,313,res/animation/fashion/lilimu/rw_lilimu_taozhuang_skin_konglongshizhuang.pkm.gz,3f40a93caa5054365717303a8838ce6e
8506E232262460D2394C4D2BD3DEE1B7,313,res/animation/fashion/lilimu/rw_lilimu_taozhuang_skin_konglongshizhuang.pkm@alpha.gz,3f40a93caa5054365717303a8838ce6e
283225D5DCA69EC1CF1CE58335D75380,666,res/animation/fashion/lilimu/rw_lilimu_taozhuang_skin_leiguangshenshi.atlas.gz,1e083ed539735fc37c0c40168894a524
F2996F4D4F8A9637B8EA500173C85559,2061,res/animation/fashion/lilimu/rw_lilimu_taozhuang_skin_leiguangshenshi.pkm.gz,e949637fcd210d362af1b2a50fc74631
B5E073F5E8B7C405BFFF23AC28429546,1105,res/animation/fashion/lilimu/rw_lilimu_taozhuang_skin_leiguangshenshi.pkm@alpha.gz,d0326f600331c69c82f796fff8991a14
2472AF4375193DBC11D3BA0F9F9B5B60,639,res/animation/fashion/lilimu/rw_lilimu_taozhuang_skin_liehuxingdong.atlas.gz,720cc8bf770967e24e13bb5319df03ee
64D2F8C28F34044C1E357E6321728356,3682,res/animation/fashion/lilimu/rw_lilimu_taozhuang_skin_liehuxingdong.pkm.gz,acd90398c7c1b81ae65cc12c09c8f162
85B997B8DBB063D3FC77F70DBF17FD8E,1895,res/animation/fashion/lilimu/rw_lilimu_taozhuang_skin_liehuxingdong.pkm@alpha.gz,061a9a5dad5da11670307809a5102dcb
809AAD8FAFA7C92754A27661E28BECCF,636,res/animation/fashion/lilimu/rw_lilimu_taozhuang_skin_linyuanshouwei.atlas.gz,94ffc212adca880eb82e915733f4806f
5425C4F6C453BACD24D98FAC331B4A86,7181,res/animation/fashion/lilimu/rw_lilimu_taozhuang_skin_linyuanshouwei.pkm.gz,f2da6fb582ea685f358009b1264e4870
22B7986E3FBAD8B4CEA4D7AB0F425E8D,4191,res/animation/fashion/lilimu/rw_lilimu_taozhuang_skin_linyuanshouwei.pkm@alpha.gz,245718bba87a5514f63876d6c201c54b
38A8AFFB745EA90A0EC068EE46FB7043,636,res/animation/fashion/lilimu/rw_lilimu_taozhuang_skin_mijingjingling.atlas.gz,acc003fcf2690ce2163a308eef9bc7ba
A76B992E82F29FC8B20144ADA3ECD905,3759,res/animation/fashion/lilimu/rw_lilimu_taozhuang_skin_mijingjingling.pkm.gz,51e1eff10151bb5535a1b41ebed8610a
EE6887D9B2F273EC88C8F159B9CB73DF,5708,res/animation/fashion/lilimu/rw_lilimu_taozhuang_skin_mijingjingling.pkm@alpha.gz,93d63cf78ea3efddfbb3ea41b8c53417
496C451BA945B73E9853E9064BB4334E,654,res/animation/fashion/lilimu/rw_lilimu_taozhuang_skin_mingxing.atlas.gz,a1afdfe92c1fb2dc48e4054b11d84002
42FD58146717347FCC35569BC54823EE,2596,res/animation/fashion/lilimu/rw_lilimu_taozhuang_skin_mingxing.pkm.gz,7fd23a000bf56d136655b38d4d80bae2
4111A6D0277DAAEF14CC99853EACC50A,1444,res/animation/fashion/lilimu/rw_lilimu_taozhuang_skin_mingxing.pkm@alpha.gz,dedbdfa67d0e9a7a7c115eef817e3a92
202408560E10A8CB0DA2271FBCE78970,651,res/animation/fashion/lilimu/rw_lilimu_taozhuang_skin_posuoyehuo.atlas.gz,258c10981007a4766c061557bb94b0f1
F6D97F12DF0A008BAE855C6075323275,3103,res/animation/fashion/lilimu/rw_lilimu_taozhuang_skin_posuoyehuo.pkm.gz,76f69baf43b74da82fd69ab6e62b6d09
B82DD91A16C14D22490B51C2077086E7,1933,res/animation/fashion/lilimu/rw_lilimu_taozhuang_skin_posuoyehuo.pkm@alpha.gz,ee0e8119a3fd9dd58bb97d185c65c5e6
78F6D86B8D1229564CEA9CC05C13280F,620,res/animation/fashion/lilimu/rw_lilimu_taozhuang_skin_qingchengguangyao.atlas.gz,1ab05e40e91cb8eb7dc4f8cea4940d5c
1FA3A18A3DB0851DB78ABC2B94A6A593,6892,res/animation/fashion/lilimu/rw_lilimu_taozhuang_skin_qingchengguangyao.pkm.gz,09f5cffc8eb9cacd48a9c66dccc2d1ec
8C876B3B22A7D3A11263018F4C17725E,4095,res/animation/fashion/lilimu/rw_lilimu_taozhuang_skin_qingchengguangyao.pkm@alpha.gz,d8fea101c89e3b8931267416af5759aa
D34AD3898951F0BAA163CD95FA05AAB6,656,res/animation/fashion/lilimu/rw_lilimu_taozhuang_skin_shanyaozhixing.atlas.gz,0a6584d922751329673f9013bf920f4d
80FCAB7EE96D77784D2EBC00A87306C8,4687,res/animation/fashion/lilimu/rw_lilimu_taozhuang_skin_shanyaozhixing.pkm.gz,bb645f0f4a26f3cf0dc9e536ec7bc88d
5EDC2F79B6D42F752041BD8BBCC1F24E,2420,res/animation/fashion/lilimu/rw_lilimu_taozhuang_skin_shanyaozhixing.pkm@alpha.gz,6e319009707aa4a9c7869fc5de796d73
5AE6943E43DDB97A1512A9D8C33EF153,647,res/animation/fashion/lilimu/rw_lilimu_taozhuang_skin_shianaiqi.atlas.gz,4b681de7e001aa825d74d3bebd979fe7
4CA406E5C830798BEE68335FEBD9EEA9,7921,res/animation/fashion/lilimu/rw_lilimu_taozhuang_skin_shianaiqi.pkm.gz,f2c4180d6debede0a028d1d6b02c06ce
A522B7219E36CEC39AE418B079D20860,3373,res/animation/fashion/lilimu/rw_lilimu_taozhuang_skin_shianaiqi.pkm@alpha.gz,f6888de70a201030a66028798208644a
A7DBA0909E0596F343102CA8756BF9C7,635,res/animation/fashion/lilimu/rw_lilimu_taozhuang_skin_shuoranyanxiao.atlas.gz,a848982d0d4631f630edbc5266469689
57E12B79A64B54A335156A00AB6B3D58,12500,res/animation/fashion/lilimu/rw_lilimu_taozhuang_skin_shuoranyanxiao.pkm.gz,2ce3ef10efb202734b17d3eebe0793da
85DD56A4D22265F12549432D1CAD81E8,5910,res/animation/fashion/lilimu/rw_lilimu_taozhuang_skin_shuoranyanxiao.pkm@alpha.gz,b74a5c269c96d0bbd4edda4926d5a184
37FA3F34EA2771AD74E8BEBF61BBF20D,666,res/animation/fashion/lilimu/rw_lilimu_taozhuang_skin_tunianshizhuang.atlas.gz,bb08747807b84681cb5aa0001ad2329d
8096463D2D6196234C06117BA61BAAC3,3274,res/animation/fashion/lilimu/rw_lilimu_taozhuang_skin_tunianshizhuang.pkm.gz,647bb8e1199ff8e86059c2981bd73387
263A0A22E4D8C6EBE77CDB748747DDD9,1279,res/animation/fashion/lilimu/rw_lilimu_taozhuang_skin_tunianshizhuang.pkm@alpha.gz,a22d70477ed06dd4fa277bc62e5b3cdb
2F4C2AA94D483973608FA61E081C4F5A,655,res/animation/fashion/lilimu/rw_lilimu_taozhuang_skin_xiaoyuan.atlas.gz,5c1a5ef1098ed6a28a31f74d7744994c
AA16025B274DE45B1EF9256C2E1B9BB0,1949,res/animation/fashion/lilimu/rw_lilimu_taozhuang_skin_xiaoyuan.pkm.gz,9a482e9e41eb36eb7fe2b8f609ae0f6a
222BA268F712B072FF0F73326043E5F6,982,res/animation/fashion/lilimu/rw_lilimu_taozhuang_skin_xiaoyuan.pkm@alpha.gz,21cfb15dd046b6b23e66cc8a2b5c6932
0444990DCDA26C82076681BE703FCAF0,659,res/animation/fashion/lilimu/rw_lilimu_taozhuang_skin_xukongmonv.atlas.gz,05f4e54b7d63efb8140ad73ee244b76a
34BB61DA08457698621D7FAE0172BD7A,1713,res/animation/fashion/lilimu/rw_lilimu_taozhuang_skin_xukongmonv.pkm.gz,b018ef553e4a076ac70000597bc30d1c
6542D16F8CD1B72F8E24847E2118DF67,997,res/animation/fashion/lilimu/rw_lilimu_taozhuang_skin_xukongmonv.pkm@alpha.gz,c669ced23e39ac473cfea0dfbc84c4a9
D1C5BCA62BC26F89958069121CDA7B8B,628,res/animation/fashion/lilimu/rw_lilimu_taozhuang_skin_yehuanlanshan.atlas.gz,674e871c3c5df9418c3e50b1f6e3781e
1A5F1AA7AABCE426047C1667B82F39E8,5845,res/animation/fashion/lilimu/rw_lilimu_taozhuang_skin_yehuanlanshan.pkm.gz,da10faf46ce497e00ca96d3e97389412
CBE1CB33D0C2C03D09322A27CC0B40D1,3176,res/animation/fashion/lilimu/rw_lilimu_taozhuang_skin_yehuanlanshan.pkm@alpha.gz,ac72424162bdf48b38fdf1d94bf1b888
D815738902B5713A4B83D519661EEDE6,654,res/animation/fashion/lilimu/rw_lilimu_taozhuang_skin_yetingwanzui.atlas.gz,8be20bea9d2c81af449f93577a20cc54
280E2921A396AA241A2D01BFC3F9D05F,3080,res/animation/fashion/lilimu/rw_lilimu_taozhuang_skin_yetingwanzui.pkm.gz,a84976fed5df1f9ae21d882e59fb0d33
C6255AF668813E7F741803FB28F10ABD,1266,res/animation/fashion/lilimu/rw_lilimu_taozhuang_skin_yetingwanzui.pkm@alpha.gz,2911790103bf33926cef1248baa1437c
540D24E92BAC2F375F5446714EDE2635,654,res/animation/fashion/lilimu/rw_lilimu_taozhuang_skin_yongzhuang.atlas.gz,19a3e4674620c39009e0df256fe8c0dd
5842DB1571E18398E436C2B9557115B5,1863,res/animation/fashion/lilimu/rw_lilimu_taozhuang_skin_yongzhuang.pkm.gz,d9c4cdf5f442c70eed45aad96fe3fee5
F38359190A849E647BCC8F82C74A8AD4,1119,res/animation/fashion/lilimu/rw_lilimu_taozhuang_skin_yongzhuang.pkm@alpha.gz,d8b883dd927d222affa4a65bf55d976c
2246A3693E6C79645D6CEBAB29E3E12D,652,res/animation/fashion/lilimu/rw_lilimu_taozhuang_skin_zhongyanqishi.atlas.gz,4d05def6126bb88b77f04d09a9fb217a
03DF079369A37D4E4DBF1EDBC9511C90,2339,res/animation/fashion/lilimu/rw_lilimu_taozhuang_skin_zhongyanqishi.pkm.gz,ed91f21376b74584d2c9e4d92b01686f
415B360EA2A2331DA242F9151EB0AF53,1771,res/animation/fashion/lilimu/rw_lilimu_taozhuang_skin_zhongyanqishi.pkm@alpha.gz,e85b6390f43ea78c715d50755456d88f
9064F6A0B15BB6149F2D135A83C610E5,325,res/animation/fashion/lilimu/rw_lilimu_taozhuang_tunianshizhuang_cap.atlas.gz,f5895105a35c97312b8f352db6be6abc
C8CD382136BB9C9874A6CA75AC30C3D7,4027,res/animation/fashion/lilimu/rw_lilimu_taozhuang_tunianshizhuang_cap.pkm.gz,136c41e9a1799dd809568886e9c9450c
AF795192369CE60A3FE67B14ECCC3D68,3066,res/animation/fashion/lilimu/rw_lilimu_taozhuang_tunianshizhuang_cap.pkm@alpha.gz,736fc2135ce6d280bf61b9db291aa4f3
10B81B5B50DBB156625BA9762B1BD685,822,res/animation/fashion/lilimu/rw_lilimu_taozhuang_tunianshizhuang_clothes.atlas.gz,f46210362344acf2d2eee562406f0770
9E295587A27ACD3FFB6E1C957D38A60A,14394,res/animation/fashion/lilimu/rw_lilimu_taozhuang_tunianshizhuang_clothes.pkm.gz,cd57f0b9468dd549f8a47f5a0d48439f
3095D7C210471AFEC30671136542F1EB,8455,res/animation/fashion/lilimu/rw_lilimu_taozhuang_tunianshizhuang_clothes.pkm@alpha.gz,244079b0d61e6a663518b1a04930d4e6
3E1798619FEF8E63AC35730F004CDA7F,501,res/animation/fashion/lilimu/rw_lilimu_taozhuang_tunianshizhuang_face.atlas.gz,448d8530da766f2b01e096c2446f5dbe
DB6A51DB2078C11F0A11D76B7E478D65,1925,res/animation/fashion/lilimu/rw_lilimu_taozhuang_tunianshizhuang_face.pkm.gz,4ae868bffdb2da33308af537acc082cd
4E15F09D712A23428A5E7E61F40FF363,1637,res/animation/fashion/lilimu/rw_lilimu_taozhuang_tunianshizhuang_face.pkm@alpha.gz,747fb8c9f5295f40c7050ca4e8101c07
3960ACFF76CE51D0DEDFC525AF0217ED,599,res/animation/fashion/lilimu/rw_lilimu_taozhuang_tunianshizhuang_head.atlas.gz,bd19957dcf322648e95cd4a6aa305992
934711167AA45D2C61AF9919594B177D,18718,res/animation/fashion/lilimu/rw_lilimu_taozhuang_tunianshizhuang_head.pkm.gz,ff842eb4cb948bfdbcbf27d445e352b9
C9A3C9C6C2851C61BC3741DA4F68B066,10703,res/animation/fashion/lilimu/rw_lilimu_taozhuang_tunianshizhuang_head.pkm@alpha.gz,ff6a9d059c5c4267869a518275dca38f
97E1ABE12B8236AA248DF2FBA765C623,830,res/animation/fashion/lilimu/rw_lilimu_taozhuang_xiaoyuan_clothes.atlas.gz,944194038adc5d830091b787b5ca1fa1
79274ED741EAA261B315CDED33FAE914,14451,res/animation/fashion/lilimu/rw_lilimu_taozhuang_xiaoyuan_clothes.pkm.gz,fda50b0aed1c912d1011e83713a4a565
6B71CBF1D7AD24580B10231B1920D484,8633,res/animation/fashion/lilimu/rw_lilimu_taozhuang_xiaoyuan_clothes.pkm@alpha.gz,d6d670b7550796a5820cbcd7ed754a22
63FABEFA78FC93D98A12B2F682229D42,826,res/animation/fashion/lilimu/rw_lilimu_taozhuang_xukongmonv_clothes.atlas.gz,b823b5ef7cf23d3cc38f4acd380b4e42
DBF65D93E9F9F4033A2B44A34C72701C,16677,res/animation/fashion/lilimu/rw_lilimu_taozhuang_xukongmonv_clothes.pkm.gz,74d8ae3bdbbe63eefa5936b10ed2c071
1F1339445494EAAD7DEB83052D929F57,9275,res/animation/fashion/lilimu/rw_lilimu_taozhuang_xukongmonv_clothes.pkm@alpha.gz,8a0b1428541f9df444dfcefd9651f7c3
BA64E138CA068C81A5DA0A562CED5BD5,586,res/animation/fashion/lilimu/rw_lilimu_taozhuang_xukongmonv_head.atlas.gz,0248920cdf2af14c35da43fd1c74ced2
4FCF704E368686BE4AE6F88D19708D0B,17237,res/animation/fashion/lilimu/rw_lilimu_taozhuang_xukongmonv_head.pkm.gz,7dc50dc1bc10bc96b7c55cf5a9dc3e41
0E8BD528C310785FFC1AA9FA1B1C6D93,10925,res/animation/fashion/lilimu/rw_lilimu_taozhuang_xukongmonv_head.pkm@alpha.gz,2d99a3155c2b58124ec55736b1ec5644
97A16C6D3CE5F739625B1CF02BEA5051,328,res/animation/fashion/lilimu/rw_lilimu_taozhuang_yehuanlanshan_cap.atlas.gz,02f1df3f73bce9673b05185f341557c5
E8383CF33291EB19B8A825CDB657D3BB,1134,res/animation/fashion/lilimu/rw_lilimu_taozhuang_yehuanlanshan_cap.pkm.gz,176d3bef75c7417dcccf45bd41d08c8f
0C90367E70CD6F5E4D0A083CB8B8A4C8,1010,res/animation/fashion/lilimu/rw_lilimu_taozhuang_yehuanlanshan_cap.pkm@alpha.gz,c7ab72ea843e59da46bdf03189d8d2e6
5FE89F4A509F36B0EA2D325E96BD3DB3,825,res/animation/fashion/lilimu/rw_lilimu_taozhuang_yehuanlanshan_clothes.atlas.gz,e108966f6fbeb83f5278ae073a3e5796
80C6275750070E168BD4544D25FC3B9F,13505,res/animation/fashion/lilimu/rw_lilimu_taozhuang_yehuanlanshan_clothes.pkm.gz,8b7a4578f288dc3350646d89b44774d9
F979943C31046B073D788918383BF22A,7653,res/animation/fashion/lilimu/rw_lilimu_taozhuang_yehuanlanshan_clothes.pkm@alpha.gz,f7a700b9d430092299322613d047bf62
D2845651DEBA971693B0F99BC1EDEB2B,490,res/animation/fashion/lilimu/rw_lilimu_taozhuang_yehuanlanshan_face.atlas.gz,ab80b667ac14bd53575d2d81b9879281
9F613F1F555FF6F01BC1791BC87471FF,2421,res/animation/fashion/lilimu/rw_lilimu_taozhuang_yehuanlanshan_face.pkm.gz,c691620834a8fc5372c1ad80cd0e5ec3
C073D9ACB0343918335BF560DE8E9528,1618,res/animation/fashion/lilimu/rw_lilimu_taozhuang_yehuanlanshan_face.pkm@alpha.gz,b96d5f545642c9327c2ce8699d0c4847
9418E464F96EBE31BB7AC4EE315FBFFD,598,res/animation/fashion/lilimu/rw_lilimu_taozhuang_yehuanlanshan_head.atlas.gz,df829db44517ed70efd3abba526ce69f
A7A7D49DFB68FAAB775A0686BD76E84C,15421,res/animation/fashion/lilimu/rw_lilimu_taozhuang_yehuanlanshan_head.pkm.gz,45ac16b274909361a549281af04f6b5a
8931B6A2187D69C539C4124672882592,9238,res/animation/fashion/lilimu/rw_lilimu_taozhuang_yehuanlanshan_head.pkm@alpha.gz,7e16457e88b1439eb70094faed02a282
56BF66F9E48CB82D5EAFAEA2C3365B7B,331,res/animation/fashion/lilimu/rw_lilimu_taozhuang_yetingwanzui_cap.atlas.gz,97f584b886f3ec04b80d30d2e7de6fba
EB73A2BA23906B73674C4489EEFF63CB,1391,res/animation/fashion/lilimu/rw_lilimu_taozhuang_yetingwanzui_cap.pkm.gz,8e83b0c03fb214d75dbafdd3410910e1
7A46149F99633AA283C1D9562259E573,1147,res/animation/fashion/lilimu/rw_lilimu_taozhuang_yetingwanzui_cap.pkm@alpha.gz,84cdff6074c99e86f4578ea0a4da0e58
1F3E588DC9F3ACA4442D36A730AE8EB9,825,res/animation/fashion/lilimu/rw_lilimu_taozhuang_yetingwanzui_clothes.atlas.gz,a3491c3e16a8c6c743679814c6adee30
7E258FC025565033696956B31D3507CD,13455,res/animation/fashion/lilimu/rw_lilimu_taozhuang_yetingwanzui_clothes.pkm.gz,f78c8e0c95aa22ac07aa09fa78ba4480
7E8A8EF5E175FB5328FCACFCE107C454,8206,res/animation/fashion/lilimu/rw_lilimu_taozhuang_yetingwanzui_clothes.pkm@alpha.gz,a376a524660d401a75ef9a5b1a29bc9f
7004833464DFF58D762A5F52C57B5353,494,res/animation/fashion/lilimu/rw_lilimu_taozhuang_yetingwanzui_face.atlas.gz,7ebe29991bdbdfa2c2980457ad5f50a9
54F6A6119A7652C9A02E42D90E38E4A5,1741,res/animation/fashion/lilimu/rw_lilimu_taozhuang_yetingwanzui_face.pkm.gz,6a6f0c834d708ca378674782e5f96b39
01F6B49EF7B884EDD942D17A0C81D170,1513,res/animation/fashion/lilimu/rw_lilimu_taozhuang_yetingwanzui_face.pkm@alpha.gz,899e86d8ac4169f1ca40c0869a23ff02
77A082C0735FAF41ACECA8510C08C35E,585,res/animation/fashion/lilimu/rw_lilimu_taozhuang_yetingwanzui_head.atlas.gz,32cf45b980b5ffc4d7c229a326642431
63B27D03C7C80CC36261B0FA13A5C1AC,7212,res/animation/fashion/lilimu/rw_lilimu_taozhuang_yetingwanzui_head.pkm.gz,c62cd77051a112123bf5fe8486cd92e4
C6C3AD91CB6C6BADC237856F0A3C5DCE,4994,res/animation/fashion/lilimu/rw_lilimu_taozhuang_yetingwanzui_head.pkm@alpha.gz,3faca660921e27e60ea6d27e7a9bd78a
5936636FFF82CAB0E367FDA5FEAD9CDA,329,res/animation/fashion/lilimu/rw_lilimu_taozhuang_yongzhuang_cap.atlas.gz,75ec1f28d2b2e14ab0ded274410b572c
49983279F4F0DA263D001B6619489A5B,1151,res/animation/fashion/lilimu/rw_lilimu_taozhuang_yongzhuang_cap.pkm.gz,a1e7c3603e5af737c7bac97ae7807195
2D47BF4EF0220A937733289D48BE926C,945,res/animation/fashion/lilimu/rw_lilimu_taozhuang_yongzhuang_cap.pkm@alpha.gz,84c06677747183d603963aeee49d0a3f
CD185219FB2F7B377DDEC1D329B1A2AC,826,res/animation/fashion/lilimu/rw_lilimu_taozhuang_yongzhuang_clothes.atlas.gz,cdad887f44eb6308bf5601e807431cd9
768CC61CC9236E1AA352BDE31B7EB015,12769,res/animation/fashion/lilimu/rw_lilimu_taozhuang_yongzhuang_clothes.pkm.gz,d598ffaea13c28cbad8848ee55f00733
11F1BFD89B574F21691033D36C35CBF7,7922,res/animation/fashion/lilimu/rw_lilimu_taozhuang_yongzhuang_clothes.pkm@alpha.gz,233f3c8ee2b1a4a3d8606215751515df
78B2E965C1E0FF50E3B04F35290195E7,604,res/animation/fashion/lilimu/rw_lilimu_taozhuang_yongzhuang_head.atlas.gz,45907e711d02baee1efad5d25d4c5127
36D0AEF8083ADBC285863B042A547E76,4893,res/animation/fashion/lilimu/rw_lilimu_taozhuang_yongzhuang_head.pkm.gz,acbefce3ae13fc52e82335bacafa598a
43DB5D13B7F82DCAF3FEADA8F46B00AE,3271,res/animation/fashion/lilimu/rw_lilimu_taozhuang_yongzhuang_head.pkm@alpha.gz,b8af1edfddbfb696ffbc96374c125138
A391D16799BC77511558055213E873E1,330,res/animation/fashion/lilimu/rw_lilimu_taozhuang_zhanyitoukui_cap.atlas.gz,0fc022862cc1acddd96a03a09200d822
D8F9CBF27C1BDBA5800CDB234BDC00E6,3659,res/animation/fashion/lilimu/rw_lilimu_taozhuang_zhanyitoukui_cap.pkm.gz,31a08961548169ba9841c332836e3e22
F600868DBCF7FE9C817B561709E8A903,2488,res/animation/fashion/lilimu/rw_lilimu_taozhuang_zhanyitoukui_cap.pkm@alpha.gz,129cd1f13be213cb72e215e0f8f4a9a8
35E322E43A729755421DC33BE470EEA1,331,res/animation/fashion/lilimu/rw_lilimu_taozhuang_zhongyanqishi_cap.atlas.gz,3637ec4d559eb8fb88636e7253895bc8
014DFFE163C2C335D26218B1662AE074,3837,res/animation/fashion/lilimu/rw_lilimu_taozhuang_zhongyanqishi_cap.pkm.gz,a841029246cebd6c537b655e2c313afe
B72159CBAF261FAC8265AEC13AF75C43,3156,res/animation/fashion/lilimu/rw_lilimu_taozhuang_zhongyanqishi_cap.pkm@alpha.gz,943b68be61ab47f270d62db37807aa54
7E44743EE3ABECBF5A13C35020F7A792,837,res/animation/fashion/lilimu/rw_lilimu_taozhuang_zhongyanqishi_clothes.atlas.gz,bea5b5411519b44cb0bc9c4515467006
B9C7A4EF781FD7064DC1D7CA34F8B354,14460,res/animation/fashion/lilimu/rw_lilimu_taozhuang_zhongyanqishi_clothes.pkm.gz,670c94ba444eeacf67d2d677b4f8a26b
138B8CB712A300B83CD6AE45EE0A06B5,8084,res/animation/fashion/lilimu/rw_lilimu_taozhuang_zhongyanqishi_clothes.pkm@alpha.gz,25b26a923ae57fd0942adc59295e5129
7B396C295B7AA99BBA9D20089F54CFBC,494,res/animation/fashion/lilimu/rw_lilimu_taozhuang_zhongyanqishi_face.atlas.gz,6691fc4aa25ebdf66a771fc284b3c3f2
3CE6CEA404151D5544D67B15C49BC53B,1738,res/animation/fashion/lilimu/rw_lilimu_taozhuang_zhongyanqishi_face.pkm.gz,022afcb0b5eac5fdbbd2710c7402732e
F3631104698D072BABAEA983D23C0BDF,1513,res/animation/fashion/lilimu/rw_lilimu_taozhuang_zhongyanqishi_face.pkm@alpha.gz,899e86d8ac4169f1ca40c0869a23ff02
13B7DAB16C056BD2880CF0A83468C435,599,res/animation/fashion/lilimu/rw_lilimu_taozhuang_zhongyanqishi_head.atlas.gz,6947aed64ee0a6b184e42fb21ce4cf93
F11B8FCCFD8CF22D49739EA06427404A,15395,res/animation/fashion/lilimu/rw_lilimu_taozhuang_zhongyanqishi_head.pkm.gz,6635ba0846fc7b27caee95900ff0c419
23BCE4BB8EFAA5234E43959D52886839,9845,res/animation/fashion/lilimu/rw_lilimu_taozhuang_zhongyanqishi_head.pkm@alpha.gz,7b9f9578817e90e6fb7a46957e42c901
C18B3892569524BA9EA50542A26182BE,522,res/animation/fashion/lilimu/rw_llm_sanjian_aiyimeigui_face.atlas.gz,6c69f285a55b8bea184cf5f4565d6961
69C938F273BEE9A3B14717280CCD6161,2277,res/animation/fashion/lilimu/rw_llm_sanjian_aiyimeigui_face.pkm.gz,be7040cf1047660eb64a79eef1f4450b
6DBCD6EA7F0FBB57CA56F5FDD304DC56,1936,res/animation/fashion/lilimu/rw_llm_sanjian_aiyimeigui_face.pkm@alpha.gz,96bf4040dd0150917019e1582b2036d9
D3ED71CA8AF80FE782EFF27CB6B17D54,496,res/animation/fashion/lilimu/rw_llm_sanjian_bengdaiyanjing_face.atlas.gz,d4cee873e2aac809bd35d7c4e9c2e860
E768A42189121BABB6B5C2933DEA9C53,2149,res/animation/fashion/lilimu/rw_llm_sanjian_bengdaiyanjing_face.pkm.gz,f3b9a01a01e0558cef571bc277515e30
D53D22F4D7B3210E11961E39EAB83E59,1859,res/animation/fashion/lilimu/rw_llm_sanjian_bengdaiyanjing_face.pkm@alpha.gz,abcca192f38ef5df9d8788a2fb110e8c
D369794D7197D499A34A21919EE8CF15,263,res/animation/fashion/lilimu/rw_llm_sanjian_caoyetoushi_cap.atlas.gz,123ca7809fcc694ad58edfed9bb95dd5
DBD4EA3537F21B5E54AA93CC7D7DA4B0,869,res/animation/fashion/lilimu/rw_llm_sanjian_caoyetoushi_cap.pkm.gz,0663ee244babeecc64957f27db3518ae
1521BF27657B3F831C6A708D3978BA3E,813,res/animation/fashion/lilimu/rw_llm_sanjian_caoyetoushi_cap.pkm@alpha.gz,379c63bb65b4a521896e3a24f2b3fd46
CA1833A9D1CB8BA1C52A8ED835FBB966,495,res/animation/fashion/lilimu/rw_llm_sanjian_danbianyanjing_face.atlas.gz,2d454d8e8050ab4cf17d89184f5682e8
7FA43B87434E72A5ED3B9C36856654B8,2049,res/animation/fashion/lilimu/rw_llm_sanjian_danbianyanjing_face.pkm.gz,0106735117d512a3855d2550309a9dde
7F659617304607A0C7A4F7C46FCE9917,1794,res/animation/fashion/lilimu/rw_llm_sanjian_danbianyanjing_face.pkm@alpha.gz,d0803ed30a8c8017bfad89e17ca6315f
27ECAFE236EBF8942D23A0C87B77501F,495,res/animation/fashion/lilimu/rw_llm_sanjian_dongganyanjing_face.atlas.gz,75ad9d3a6462f1910551edf878a57d49
B9E89AECDC66F0E315807DD4012F6D9D,2021,res/animation/fashion/lilimu/rw_llm_sanjian_dongganyanjing_face.pkm.gz,d32053255f4441287b5af144e1b89949
7A08816581C00AAC7726ED81AC8B8798,1826,res/animation/fashion/lilimu/rw_llm_sanjian_dongganyanjing_face.pkm@alpha.gz,dddcf766c7fb3fbbc0c81e90a14182a3
0F168E53FDB5DCEC16CCBE634AB42EBF,261,res/animation/fashion/lilimu/rw_llm_sanjian_dujiaotoushi_cap.atlas.gz,3467328fc65c31ae8fba236bafd58a26
3BC4B3C15835D47A46D3D09DDCE20110,687,res/animation/fashion/lilimu/rw_llm_sanjian_dujiaotoushi_cap.pkm.gz,9c10028811b9e8fbf63913ee983d885d
210113B28F85118E81D724C2970A8EE6,663,res/animation/fashion/lilimu/rw_llm_sanjian_dujiaotoushi_cap.pkm@alpha.gz,763f28ea8ee7164478b7091a2425c4b6
B29A8F08CF80069AB11665BA7FAF09F2,257,res/animation/fashion/lilimu/rw_llm_sanjian_emoershi_cap.atlas.gz,2bc4a1f5acf8524f3b068f7bc04e8ccd
166D1D4BF5102AC5C466B78081A33AF8,1559,res/animation/fashion/lilimu/rw_llm_sanjian_emoershi_cap.pkm.gz,f22c05eeb5b9edd9390a3d9dc222c868
8CCD5015D327DF92515369670022CB24,1444,res/animation/fashion/lilimu/rw_llm_sanjian_emoershi_cap.pkm@alpha.gz,9e9eccc5d2156f9b5f84e8aceb903b80
83703244275C35E84B54036F48524070,264,res/animation/fashion/lilimu/rw_llm_sanjian_emozhijiao_cap.atlas.gz,26c98a000240a53682f0db5466acfe68
A770B4BBDAB74245C7590C98CACE7597,1034,res/animation/fashion/lilimu/rw_llm_sanjian_emozhijiao_cap.pkm.gz,b1a94e8da9aa91d59f3ed8f77d4fda2c
3BA3E898F588004772A718BC7EC30408,1121,res/animation/fashion/lilimu/rw_llm_sanjian_emozhijiao_cap.pkm@alpha.gz,a74ac494d0c3add066115e01e9a08d0f
3C49CBA896CE680C1F6A0D3900BE59D2,519,res/animation/fashion/lilimu/rw_llm_sanjian_heisekouzhao_face.atlas.gz,17ae3960afc37943930fc46b48ad50e9
259DF67CD8B31525FA35D3F646C38DC1,2278,res/animation/fashion/lilimu/rw_llm_sanjian_heisekouzhao_face.pkm.gz,a7554388d2ea47d43da2eaf8a3b50f40
EEA8241C8B610A5B1D90703DE50A79A5,1892,res/animation/fashion/lilimu/rw_llm_sanjian_heisekouzhao_face.pkm@alpha.gz,8e85366a6b833e6e7376b9060cb37c60
36848C4D7EC18445EFCA176632D041C3,262,res/animation/fashion/lilimu/rw_llm_sanjian_hulijiamian_cap.atlas.gz,426c1784476015d97b2b397a0f03e8d5
0491712C94871E6C6F5FC17EDCC3D257,2219,res/animation/fashion/lilimu/rw_llm_sanjian_hulijiamian_cap.pkm.gz,7e4bbd7ac1a780bc3d65c981f865e079
4999F345796A0B8817D3165076B9DC08,1619,res/animation/fashion/lilimu/rw_llm_sanjian_hulijiamian_cap.pkm@alpha.gz,fb6ba13ea0131cf53103e7d4dd876277
92BFA8F296185F7E0B04B373A1C31077,258,res/animation/fashion/lilimu/rw_llm_sanjian_humujing_cap.atlas.gz,e1a93ef8becaa2ad6803bfa1fb1ffca9
C4CE8453D0510F8B19DF3CB8D4757AE1,1301,res/animation/fashion/lilimu/rw_llm_sanjian_humujing_cap.pkm.gz,aded0707061a5328c33d77f45a008100
5FE34E0C4252C2F1DED18B5E7572E2B8,1058,res/animation/fashion/lilimu/rw_llm_sanjian_humujing_cap.pkm@alpha.gz,6577a2a8916fb56d122e0cd85b29b4fb
1C1F8CBD32A0D45CEB4B1055F721714A,496,res/animation/fashion/lilimu/rw_llm_sanjian_jingmengyanjing_face.atlas.gz,c33788cadded8e056827b02ddb2cb13b
B6C4069CFEBFE0A6248E5A5638927EEF,2181,res/animation/fashion/lilimu/rw_llm_sanjian_jingmengyanjing_face.pkm.gz,e7cc50e0a3d5cd45a89a453c87527b0f
53F11392911E5FFF1EAA863BA88B262B,1854,res/animation/fashion/lilimu/rw_llm_sanjian_jingmengyanjing_face.pkm@alpha.gz,d83e4171ff5ef11c8b4f6ebe1b99240f
C790D3B7190CF6F89BD0A1383D0B4F70,521,res/animation/fashion/lilimu/rw_llm_sanjian_leisheyanjing_face.atlas.gz,78868b1ab8ab188537156a3a21cce109
233B6586A978F5820B490E123FFF3E91,2280,res/animation/fashion/lilimu/rw_llm_sanjian_leisheyanjing_face.pkm.gz,13ae18445bf1ba6af822c01cf115ecb8
9EA4675016D58F768B01D179ADB72490,1981,res/animation/fashion/lilimu/rw_llm_sanjian_leisheyanjing_face.pkm@alpha.gz,d6e3a1a6fb7f9efe44c5b6732baae75d
66D195095101DCEABF7B8978A9F3A804,521,res/animation/fashion/lilimu/rw_llm_sanjian_lvsekouzhao_face.atlas.gz,fd1692f59c4e3c3c325b51de7eec1e89
364639BAEB0CF8B7FFAB96AED88864AD,2183,res/animation/fashion/lilimu/rw_llm_sanjian_lvsekouzhao_face.pkm.gz,8294df1922cc08fd9d393afbfc8e3791
8D09B7A46CB44B80EFCE74C5961C0729,1853,res/animation/fashion/lilimu/rw_llm_sanjian_lvsekouzhao_face.pkm@alpha.gz,d374899023cf99646d76ef0623df68ff
0E51A661809AB6E69807718043D3C0E3,262,res/animation/fashion/lilimu/rw_llm_sanjian_maoerfagu_cap.atlas.gz,35b408ddedaaa8fc2f6bf79799ea9048
F82D5604EB71D05A1FBA8CD276D60A17,1126,res/animation/fashion/lilimu/rw_llm_sanjian_maoerfagu_cap.pkm.gz,a8658ed17d5e89b81caf82514cb6d834
8E518A9D9E7ED7822D7A668F574CC3A1,1128,res/animation/fashion/lilimu/rw_llm_sanjian_maoerfagu_cap.pkm@alpha.gz,f8c13741c64008e2b8909bce20853b7a
C70F8812A88D314670E15388F8C29670,496,res/animation/fashion/lilimu/rw_llm_sanjian_mingxingyanjing_face.atlas.gz,3988d9bdc2ba8a0c5f38e88bda649d3f
3A03A616BD8E1F667A58A48808C0A002,2084,res/animation/fashion/lilimu/rw_llm_sanjian_mingxingyanjing_face.pkm.gz,cfef1382377f0a7429aecddc31373ea4
DC6FF43C443CD050D535DF9BE86DD8F7,1832,res/animation/fashion/lilimu/rw_llm_sanjian_mingxingyanjing_face.pkm@alpha.gz,de84c92ed633239ca02de8cd6228130e
A3840DCDA331823E0B1D1DA94D9E8723,264,res/animation/fashion/lilimu/rw_llm_sanjian_mogutoushi_cap.atlas.gz,76f62ad0b5c76f73574e36c16fdba2a3
E8DDAC2FBB1EE3873D6CF50098BBFC54,1474,res/animation/fashion/lilimu/rw_llm_sanjian_mogutoushi_cap.pkm.gz,22aa03e9c7a4d6d630922c71df4ad2ed
F5824072F94AE3A0F5D7172D4677E66B,1344,res/animation/fashion/lilimu/rw_llm_sanjian_mogutoushi_cap.pkm@alpha.gz,c92eb4fae1d9b4a7946676d193e0374e
CEBFC5F1E9A5AB1FE39E5F4805F62D80,264,res/animation/fashion/lilimu/rw_llm_sanjian_molutoushi_cap.atlas.gz,10ccb3e5d39809a7c0e5a0190cc10483
CECEF618B2650039DEFDA5BCA625E499,1553,res/animation/fashion/lilimu/rw_llm_sanjian_molutoushi_cap.pkm.gz,56b3c7cd796ebbd4a0b95d29efa8dba6
3A5CC5718789979768286845544B7085,1407,res/animation/fashion/lilimu/rw_llm_sanjian_molutoushi_cap.pkm@alpha.gz,a8de8e6396c22b9d6c9f6ebf5f1d93ea
BAD00160BD9FA09A4583C446160F9D69,263,res/animation/fashion/lilimu/rw_llm_sanjian_monvzhijiao_cap.atlas.gz,f3e14463e36a565d1dc705349146b0ca
1DFE44A7AC7D74CBB622C23869091F3F,1100,res/animation/fashion/lilimu/rw_llm_sanjian_monvzhijiao_cap.pkm.gz,915b5b3e6545081eedda9ad5a112c48d
BCE20223F6CF159BC9FB15895D0C991C,1040,res/animation/fashion/lilimu/rw_llm_sanjian_monvzhijiao_cap.pkm@alpha.gz,8049152748dc9dbb4a87fe86432f1150
9AD3DA57F4D6AD5FDB1814EA7C5C7D80,521,res/animation/fashion/lilimu/rw_llm_sanjian_paopaotang_face.atlas.gz,2272c7df877c7b6bfe3ab9b30d306f2d
F051E384546E117E7E9720D3C87A97E2,1917,res/animation/fashion/lilimu/rw_llm_sanjian_paopaotang_face.pkm.gz,57bd6a23ce44bb40588ca0e1ff03bd3e
89F823AD3D18C81412A8C3704394442C,1651,res/animation/fashion/lilimu/rw_llm_sanjian_paopaotang_face.pkm@alpha.gz,402141cae68c7d5533a048e0846f6c2b
DE6CD7EE417F8438A5D26878CCA7348D,519,res/animation/fashion/lilimu/rw_llm_sanjian_shensemojing_face.atlas.gz,921c77319ffb587bcb891f8349422360
9A477AF964E3FD7ABE2D2DE7F4CD2FBD,2014,res/animation/fashion/lilimu/rw_llm_sanjian_shensemojing_face.pkm.gz,02878862b200bafe9ac97297d830c884
CB6B427FE028051CEE198AA3E569F710,1799,res/animation/fashion/lilimu/rw_llm_sanjian_shensemojing_face.pkm@alpha.gz,8d43ed445ab3a2790eb00088f8122fb3
2ABFA21CF890BF3BC06B7456C3EF1CA3,521,res/animation/fashion/lilimu/rw_llm_sanjian_shenshihuxu_face.atlas.gz,97218bbf722d57c811e76b08f3bacad7
AA973308B8D091ED50BCECB59C907052,1833,res/animation/fashion/lilimu/rw_llm_sanjian_shenshihuxu_face.pkm.gz,02eee76ae9d7c1e85f6fa8c6078d5594
854328A632C4BB6BCCBB840BB71ABDCF,1594,res/animation/fashion/lilimu/rw_llm_sanjian_shenshihuxu_face.pkm@alpha.gz,cca840b4bbdc656f6c1d8fb575fefa55
D4E479E6FE3B7E7983A4682DD5D9A3AE,264,res/animation/fashion/lilimu/rw_llm_sanjian_tianshiguanghuan_cap.atlas.gz,6ade8fd37211f657ff29965dc679af95
7C0462299336400586E84936D2C09B36,1032,res/animation/fashion/lilimu/rw_llm_sanjian_tianshiguanghuan_cap.pkm.gz,62ab4818e4120df409ef7f6c9b7ac0c2
8ABE894B84CA1C95AB43DA87A116786B,998,res/animation/fashion/lilimu/rw_llm_sanjian_tianshiguanghuan_cap.pkm@alpha.gz,0cf3039714fdcb04d33ec482370d14b2
666789CC0302848FE42150EF310F31AF,263,res/animation/fashion/lilimu/rw_llm_sanjian_xiaochibang_cap.atlas.gz,906d935a0153755744e2fa5ea31d8d65
12B4763BFF3FD5E52551A43331FFCA96,1479,res/animation/fashion/lilimu/rw_llm_sanjian_xiaochibang_cap.pkm.gz,4fd35a2c1c7bd30d912acda343599291
3538E64F1FEB1F535C8419FEBE9B3692,1344,res/animation/fashion/lilimu/rw_llm_sanjian_xiaochibang_cap.pkm@alpha.gz,d311a8dbcd9db32c3fc47355a7d65a14
D50F11D1EEF657387A84401F72ED1AC7,262,res/animation/fashion/lilimu/rw_llm_sanjian_xiaolimao_cap.atlas.gz,1d0270c21c65a6c8acef62dbbaa8a927
2BA10B4545EA05D120DFB3D23C8FD2C3,1312,res/animation/fashion/lilimu/rw_llm_sanjian_xiaolimao_cap.pkm.gz,468399a0ac954d7c978f9d416d28e213
3C64EF937DFCF746A7BBC2B65C6A626C,1008,res/animation/fashion/lilimu/rw_llm_sanjian_xiaolimao_cap.pkm@alpha.gz,ea132cc64904f5490b625fa9b76ed296
59B45DEF6523EE2812F7018A292F6CF7,258,res/animation/fashion/lilimu/rw_llm_sanjian_xiaopaji_cap.atlas.gz,315c426d1cd7507277047bd8f0286cc7
D189DCB1B61FF993B4B452E7515F9630,1758,res/animation/fashion/lilimu/rw_llm_sanjian_xiaopaji_cap.pkm.gz,029771a7f595fe9a87573e550236d6de
5C68C1F7B4A3DBDC71056DE74C4C76D1,1355,res/animation/fashion/lilimu/rw_llm_sanjian_xiaopaji_cap.pkm@alpha.gz,9a8270ae9c4d69fc513f2102cdffbaea
EA51F689E12F10A4047D84A7A093D98D,264,res/animation/fashion/lilimu/rw_llm_sanjian_xingxingtoushi_cap.atlas.gz,122e90aacdc34d0529856d44cb621e61
6C5A963208D5D8E9E20699F0C00CC855,892,res/animation/fashion/lilimu/rw_llm_sanjian_xingxingtoushi_cap.pkm.gz,11e1d895f8a540c1e1c7628a3d9ce0b2
992A275EBBBC9991645FFCED253D1389,779,res/animation/fashion/lilimu/rw_llm_sanjian_xingxingtoushi_cap.pkm@alpha.gz,26512257823f52e271055b1d31749d37
0908C555055353994140F5647C16ED99,267,res/animation/fashion/lilimu/rw_llm_sanjian_xiongmaoyanzhao_cap.atlas.gz,769bb3bafc67f6647e4f4c0f64a7c0f7
7B451F4C8BE04A1FF0E19511BFFBA82E,1078,res/animation/fashion/lilimu/rw_llm_sanjian_xiongmaoyanzhao_cap.pkm.gz,44f5972452c4de46b7693eff13a72e51
1920099B555B4577D1BC1AB236997688,802,res/animation/fashion/lilimu/rw_llm_sanjian_xiongmaoyanzhao_cap.pkm@alpha.gz,f8013d6f857d71925b06ef8ec7eef43b
5B374F51E4B9F86087CDA96D3F1690F1,522,res/animation/fashion/lilimu/rw_llm_sanjian_xryanjing_face.atlas.gz,b9638aef731272f7cf00ba2421e9bb6a
AFDE610FE5A892CC6983AD7EDDF2398B,2236,res/animation/fashion/lilimu/rw_llm_sanjian_xryanjing_face.pkm.gz,6873cab0c33c24493f6e3552373738ad
D7AE88D9CDB0A26CEC009EA1450C3102,1818,res/animation/fashion/lilimu/rw_llm_sanjian_xryanjing_face.pkm@alpha.gz,279ecdf770f69ad2415f3203b28ee34e
A3202814381B52FCDA19F64EB842070B,522,res/animation/fashion/lilimu/rw_llm_sanjian_xuezheyanjing_face.atlas.gz,6be5dfd18ff1f5bad88a433497e693d7
39C41F42D9A05B450EEFF41D66EDBFEB,2026,res/animation/fashion/lilimu/rw_llm_sanjian_xuezheyanjing_face.pkm.gz,746c2d03843f2ffae649b598c5f22959
FC397FF73111ECEBFCC46A57297D15A7,1864,res/animation/fashion/lilimu/rw_llm_sanjian_xuezheyanjing_face.pkm@alpha.gz,683337a47619cfb59327d926164037c7
5EE1F9F5FA6EFA254666E89B7B83C2C8,499,res/animation/fashion/lilimu/rw_llm_sanjian_yingyuanlianwen_face.atlas.gz,6e00dc0aa490fd87156818b613c5683f
BE7CD149AC8EDBD544F32FC7B88BECC3,1882,res/animation/fashion/lilimu/rw_llm_sanjian_yingyuanlianwen_face.pkm.gz,9fc0bcbf53aa364e2220aa7eb2385af0
4ED95F4832926BD1BCDCD7FE4F8C0EA5,1633,res/animation/fashion/lilimu/rw_llm_sanjian_yingyuanlianwen_face.pkm@alpha.gz,5cb572efe936121b84dd1ee8461205d6
0415673E8EBB82B0649770858B9CBECA,496,res/animation/fashion/lilimu/rw_llm_sanjian_zhandoulianwen_face.atlas.gz,28bf130f7d9436fa500f3927d9b04751
A34CAD2969CF781F3F7776D7EB2D2CFA,1954,res/animation/fashion/lilimu/rw_llm_sanjian_zhandoulianwen_face.pkm.gz,ca53b25ac9a5a8b198d688f14a4a4a68
67894F3014BE9AF8781806BBC00798B0,1663,res/animation/fashion/lilimu/rw_llm_sanjian_zhandoulianwen_face.pkm@alpha.gz,712357b99b416942f60e14691984ba9b
A1F02F742D3E7A84626DFD4F063C0861,263,res/animation/fashion/lilimu/rw_llm_sanjian_zhuqingting_cap.atlas.gz,5d8865582fe953554884ad1fe5cc2bfd
1B61BFBB27A2DA8FD7DE4FEF1DDE2BE8,1505,res/animation/fashion/lilimu/rw_llm_sanjian_zhuqingting_cap.pkm.gz,5bd293a321c646d053814c4a04ea812a
BBD04C4C01D3723454C86484E849B6CA,1375,res/animation/fashion/lilimu/rw_llm_sanjian_zhuqingting_cap.pkm@alpha.gz,460ba5cf37a692d58295d9a32cb6b1ce
71F75050E59D33154F7B4B7ACEC5D0D4,487,res/animation/fashion/lilimu/rw_llm_sanjian_zongzikouzhao_face.atlas.gz,34ce801c94c0800b596962a05a2e4277
2C82CDD063FED9668F512AB36D491B50,2374,res/animation/fashion/lilimu/rw_llm_sanjian_zongzikouzhao_face.pkm.gz,a644e45416d9b03c0c6376ded2cee0e6
9B1A062F09547A1140485E4DBB05186A,1944,res/animation/fashion/lilimu/rw_llm_sanjian_zongzikouzhao_face.pkm@alpha.gz,a388aff4006cea6710b3881bd7b09c1a
8972FB1DDAD3F86AEC597FDE9BA307B8,1288,res/animation/fashion/ling/rw_ling_body.atlas.gz,b54be694f8ce107e046a0967ec1de66a
356C1234E665F06288883984831EE342,22928,res/animation/fashion/ling/rw_ling_body.pkm.gz,9f0fe2c7c81a504c98369165e30329b6
BF3491FA6D1BEC525636326E6D8F0C26,25242,res/animation/fashion/ling/rw_ling_body.pkm@alpha.gz,7acc8b8e0131000d5752fd9b35805ca4
BFDA60BDBC6232822B311E772D938A7B,529,res/animation/fashion/ling/rw_ling_sanjian_aiyimeigui_face.atlas.gz,bedc261fd9c09d376ca7d29eaa1ce40a
505A265ACFF605173DE98B8E69FDF950,2447,res/animation/fashion/ling/rw_ling_sanjian_aiyimeigui_face.pkm.gz,db462f31d1d82d70ad7181fe7cad3920
C0C39C9ACDCFB9B90B761411913F6374,2197,res/animation/fashion/ling/rw_ling_sanjian_aiyimeigui_face.pkm@alpha.gz,d678a9f6bad1b7ae933871e133395322
6BDEF12FD3A75AABB2107CA4451AAC9E,571,res/animation/fashion/ling/rw_ling_sanjian_bengdaiyanjing_face.atlas.gz,924bac59ab2c493d2be36ee567ba778e
C2C0DAD35756E129319687567C8B9D56,2333,res/animation/fashion/ling/rw_ling_sanjian_bengdaiyanjing_face.pkm.gz,e948afa34c6dc01f602efdef1d32b86b
8ABA966EAEBEC30E555E1F01FC8C4CB2,2115,res/animation/fashion/ling/rw_ling_sanjian_bengdaiyanjing_face.pkm@alpha.gz,8f32abd59757cd45eb3f0fbdc4efabf6
A3CB3D3DC59750745A92C364E19A89E5,337,res/animation/fashion/ling/rw_ling_sanjian_caoyetoushi_cap.atlas.gz,ffcf482225bf46c0ea99a3e85c2c5a56
4A3E7FB55322D37A5A5F3B0AE04E203A,932,res/animation/fashion/ling/rw_ling_sanjian_caoyetoushi_cap.pkm.gz,27a100729453a4bc38ec80b9d283d5ea
795D71E3985687649EF730F2B6EFDB2D,871,res/animation/fashion/ling/rw_ling_sanjian_caoyetoushi_cap.pkm@alpha.gz,d5ab99f54f2059375a66125622baefd0
E6F3B0CC9BDB32FE427DE9B32FB3EF45,571,res/animation/fashion/ling/rw_ling_sanjian_danbianyanjing_face.atlas.gz,7fc284e1c426fb34db3577482cc964bc
F26A1B1C8CE14BF31C6D833974915CB5,2236,res/animation/fashion/ling/rw_ling_sanjian_danbianyanjing_face.pkm.gz,87319340fa93ce20d8ff351170873f80
EDDD52D1EFBA855885B2B3A96E622B9A,2059,res/animation/fashion/ling/rw_ling_sanjian_danbianyanjing_face.pkm@alpha.gz,387c52db8cfe16b9136f0dfa1d6afc5c
5B24DFDB21E211E0F05186FC7EDE7684,572,res/animation/fashion/ling/rw_ling_sanjian_dongganyanjing_face.atlas.gz,6e80d6a617679688698f8ddc0a02b94d
DDBBB1C58C1CC1C05CEE90B06212EC79,2225,res/animation/fashion/ling/rw_ling_sanjian_dongganyanjing_face.pkm.gz,fae0ccd59901ed97492527de15a880b1
380CFFCB58FAAA70CFF3BA9FB9C16DA7,2106,res/animation/fashion/ling/rw_ling_sanjian_dongganyanjing_face.pkm@alpha.gz,6bb98b78cefc1b26110ee6ba6943ba46
6E9BF56516E02974EDBDC58E0D1621A4,316,res/animation/fashion/ling/rw_ling_sanjian_dujiaotoushi_cap.atlas.gz,cea979e24fc241e4fbd0d8911ea2029a
2FB69B88D76B91C8900B3B0CD4BDA37C,723,res/animation/fashion/ling/rw_ling_sanjian_dujiaotoushi_cap.pkm.gz,9aaf6427eba8b6657e0c0c8d19f91d10
9C6F76815BAF54DB3C5C7D04D6C74C84,681,res/animation/fashion/ling/rw_ling_sanjian_dujiaotoushi_cap.pkm@alpha.gz,6159dce771ca6661a9bab05108afb909
AD31B9859574695E60BAE866A90FD730,335,res/animation/fashion/ling/rw_ling_sanjian_emoershi_cap.atlas.gz,e937dd3e8ad98ac46d77c0695c141679
BEFFACD9BD4C773F455C956B4D0B50E8,1646,res/animation/fashion/ling/rw_ling_sanjian_emoershi_cap.pkm.gz,4b252d8951e163d2bdf83becd118abec
A0FA54C34527527487CC3D63A49F4B4A,1478,res/animation/fashion/ling/rw_ling_sanjian_emoershi_cap.pkm@alpha.gz,55f2896a058909a13452d07b3cf98eb7
65BC2D58D564AB6A5C4D7478F6C4FBD5,336,res/animation/fashion/ling/rw_ling_sanjian_emozhijiao_cap.atlas.gz,5beef0ea7b1c44936377bf0a00b032ae
198531859A47EC06800F65F45B09C33A,1099,res/animation/fashion/ling/rw_ling_sanjian_emozhijiao_cap.pkm.gz,0b35588c3e0279d33b2b470fee285a4c
97D50F1695DBCEB3E2F644FE54A90C7D,1184,res/animation/fashion/ling/rw_ling_sanjian_emozhijiao_cap.pkm@alpha.gz,0a4e881836dfcc95b6a244e43e1da2ea
BEE2B039644C322394D7F2E0328AEC7A,341,res/animation/fashion/ling/rw_ling_sanjian_gezitoushi_cap.atlas.gz,3c0a2fc41a0705840cf2fd264728c274
6EE66D49534948F2900CF1F4361F5B6B,814,res/animation/fashion/ling/rw_ling_sanjian_gezitoushi_cap.pkm.gz,b47e6f0702d510e707b2e979c1c7c0ac
14109C9F9E96F85FE143936EDA842663,751,res/animation/fashion/ling/rw_ling_sanjian_gezitoushi_cap.pkm@alpha.gz,a892708e7c2bf2f5537bb63b275d7ac0
1DFE15D75C74C30F2A2CCF924108A604,549,res/animation/fashion/ling/rw_ling_sanjian_guoqingkouzhao_face.atlas.gz,50c035cd6a105e8be1bb714116a76b9d
834087EBFD2845ADAAEB6ED4944DF3C2,2544,res/animation/fashion/ling/rw_ling_sanjian_guoqingkouzhao_face.pkm.gz,8699ca087f254348ed5e95d2b504cf2f
A87265D223E6E3F194B9C64D5144C78E,2213,res/animation/fashion/ling/rw_ling_sanjian_guoqingkouzhao_face.pkm@alpha.gz,e9d4a26ae34541813695ed0756e6fab5
1E8E0BF3CB6099F146C42D2DBC7587BE,530,res/animation/fashion/ling/rw_ling_sanjian_heisekouzhao_face.atlas.gz,eab2185d9e2354eb1d5510c02811a6f3
BA08634C9D228713E661755B5C4E1F91,2469,res/animation/fashion/ling/rw_ling_sanjian_heisekouzhao_face.pkm.gz,6f6c02e574d4cdd3dffb8bed236cad2b
3DB7B5C1197011B8D9C78D4F36C22305,2147,res/animation/fashion/ling/rw_ling_sanjian_heisekouzhao_face.pkm@alpha.gz,27858ab66c330753131d08ed7cb8c633
1E54B56F644546551F384EE15E75AF23,338,res/animation/fashion/ling/rw_ling_sanjian_hulijiamian_cap.atlas.gz,6e5da27279b80593412b97bf1ff962ce
B805242DF685EA8E3652195F01A3C345,2110,res/animation/fashion/ling/rw_ling_sanjian_hulijiamian_cap.pkm.gz,cfc2e434e5b1e4a4243cd4213b19afe7
08FC466E130E32108F96A0A64CB7ED59,1528,res/animation/fashion/ling/rw_ling_sanjian_hulijiamian_cap.pkm@alpha.gz,b09dc62d0b803154b41f5554aa45255f
C9D84374E55A5FDFE8988BDDB3028C69,335,res/animation/fashion/ling/rw_ling_sanjian_humujing_cap.atlas.gz,a61650dca4b31d7e2eaf434407c07642
1F57C454993F714744C9DA04D1E22138,1344,res/animation/fashion/ling/rw_ling_sanjian_humujing_cap.pkm.gz,2c5474c22eab13d4897bc673363140c4
B2D880D1077CF0DDAD617C27C52A7F78,1123,res/animation/fashion/ling/rw_ling_sanjian_humujing_cap.pkm@alpha.gz,6508b266a22455f08f622f485e5acf94
85AC0615DC9628DF053B1BBAD486BEE2,570,res/animation/fashion/ling/rw_ling_sanjian_jingmengyanjing_face.atlas.gz,c2f8261248da4c144f8040a1bb2f0889
BF66EC5ED3F294EE5DD6F778F5D7CDBC,2378,res/animation/fashion/ling/rw_ling_sanjian_jingmengyanjing_face.pkm.gz,efac102f28c208f95333302a8984138e
DF96021BB98F842F43774CEA8F706A1B,2137,res/animation/fashion/ling/rw_ling_sanjian_jingmengyanjing_face.pkm@alpha.gz,6dd96269bb7e18805c57ffd56bbaf4c1
876D053BBA2FA650CDCEBDF6AC7575E6,531,res/animation/fashion/ling/rw_ling_sanjian_leisheyanjing_face.atlas.gz,f34681452c7aface273ccab0509592cf
BBF1C448C5CE9BFDF7DB042E64FF0FC5,2484,res/animation/fashion/ling/rw_ling_sanjian_leisheyanjing_face.pkm.gz,56ff3631cf271b2e1fc0f4db10867ee6
5A3A269BFEADA10D41DBDD7614FB371B,2240,res/animation/fashion/ling/rw_ling_sanjian_leisheyanjing_face.pkm@alpha.gz,53024a13f8c9dab37a44a5154e394ae5
19748BC00410002BDBEBCD42370653C6,525,res/animation/fashion/ling/rw_ling_sanjian_lvsekouzhao_face.atlas.gz,bfd036e7da47494ae071b810748f4095
FE71D7FE64E3DAAEBDA3C0EBDC86B4E5,2374,res/animation/fashion/ling/rw_ling_sanjian_lvsekouzhao_face.pkm.gz,6e56a64c0efeacc30fed9237fb80c9b5
3E8F212B58E5E2A157434C598C7C185E,2086,res/animation/fashion/ling/rw_ling_sanjian_lvsekouzhao_face.pkm@alpha.gz,da7c547293b22235f6c0a8ac70808e09
9333960B88C108DEE023BC7FD30FE40E,338,res/animation/fashion/ling/rw_ling_sanjian_maoerfagu_cap.atlas.gz,d13db50aa43e0eb1829a3f0b2d01f33b
D5C06CC381E97487FA09E335F417E988,1133,res/animation/fashion/ling/rw_ling_sanjian_maoerfagu_cap.pkm.gz,65add2465ea150d7075327d4e4356990
E836A863C46AB00A52A1BFB992B61B4E,1138,res/animation/fashion/ling/rw_ling_sanjian_maoerfagu_cap.pkm@alpha.gz,cc7108c457d4c447ad2acaf25faca94e
18447F84C81212FC5A3F7AFC67C72C68,570,res/animation/fashion/ling/rw_ling_sanjian_mingxingyanjing_face.atlas.gz,275991a949c446c0af0c5940e757cb20
F309F5406AA0F31C2C8415CD2D7C35CA,2276,res/animation/fashion/ling/rw_ling_sanjian_mingxingyanjing_face.pkm.gz,5f5fcd2752c4c6e003c4f70fe0f40da1
35AE8139B7ECFD1D941323C41C0F8AE2,2086,res/animation/fashion/ling/rw_ling_sanjian_mingxingyanjing_face.pkm@alpha.gz,06211667403587e673b0607cb4dc2c7b
5B4389449F6DD145CD0499E2120A1B90,336,res/animation/fashion/ling/rw_ling_sanjian_mogutoushi_cap.atlas.gz,8df1c0aaf1d91c015a236e46bd81379e
D60F318340382D0CB631CBB2543C6105,1540,res/animation/fashion/ling/rw_ling_sanjian_mogutoushi_cap.pkm.gz,7d7f2a0cbfdc4eacacc4ee5c3025d910
FF10B28E39E5E4FD1A30DF73895CDEE8,1387,res/animation/fashion/ling/rw_ling_sanjian_mogutoushi_cap.pkm@alpha.gz,b97566dc01117edbb710b719f00c4a3d
5E89E463352E53E1191E94F49870DB7B,336,res/animation/fashion/ling/rw_ling_sanjian_molutoushi_cap.atlas.gz,55ef4c9fe943033ba8879f1377cc75f9
8840DFD6E6FEFF3ABE60A7C4213B713E,1583,res/animation/fashion/ling/rw_ling_sanjian_molutoushi_cap.pkm.gz,1636d679cc64e7bfcedbc5732a51fb07
FFFDA341117412A2406D6924762B7E5A,1476,res/animation/fashion/ling/rw_ling_sanjian_molutoushi_cap.pkm@alpha.gz,072779cc4b2bd1cc3e6c44faa54e535a
46386031F727E60BEC84D3146AFB5F14,339,res/animation/fashion/ling/rw_ling_sanjian_monvzhijiao_cap.atlas.gz,65dd889d65a5bf47c1a976f60af80260
71683A9AEE43077AF284AA73C2E1701E,1126,res/animation/fashion/ling/rw_ling_sanjian_monvzhijiao_cap.pkm.gz,70d7103961945e9352c36df186b40384
8EBE84F902F64022B434FF01FFBE7A40,1051,res/animation/fashion/ling/rw_ling_sanjian_monvzhijiao_cap.pkm@alpha.gz,340484f109998d719defe816c5ca9051
0B78FF9BF07FD2B40E26B92419D99356,529,res/animation/fashion/ling/rw_ling_sanjian_paopaotang_face.atlas.gz,c9229e0367e680b099b5fb1b0fe9bf35
56D3F5F0EACBC3B9D034B692921E2D7D,2129,res/animation/fashion/ling/rw_ling_sanjian_paopaotang_face.pkm.gz,d93ba52ffa9b8305c2c1044a30bc4edb
506A4E2479589C04ABAE81B0570921B6,1940,res/animation/fashion/ling/rw_ling_sanjian_paopaotang_face.pkm@alpha.gz,e159de8086e73a1127ec74c903f1ba22
9026EA0EB471E5342D5821D6A85A91BD,530,res/animation/fashion/ling/rw_ling_sanjian_shensemojing_face.atlas.gz,115caf3b3d2aab2d1c364357641cf377
D86D29BBA54671200235731318BD1C80,2223,res/animation/fashion/ling/rw_ling_sanjian_shensemojing_face.pkm.gz,4ceb93881a48d6a5012ebde62fede667
58DB2C6B0FFE316D9677FA00CE3DC45B,2097,res/animation/fashion/ling/rw_ling_sanjian_shensemojing_face.pkm@alpha.gz,9aa2f28b4c1c268fd6a50c20fe1f2745
D0B02CC28AAEEBDB0A001B1C17465B86,526,res/animation/fashion/ling/rw_ling_sanjian_shenshihuxu_face.atlas.gz,b2d219e5d8157b9dfb85e96a16693adf
4F1D692622CF75B763011C3E3B17E131,2050,res/animation/fashion/ling/rw_ling_sanjian_shenshihuxu_face.pkm.gz,53dcd642bf57ea01789a12df7cafdf3e
B349C408EA88D291FBDC9E6294FE5E3D,1878,res/animation/fashion/ling/rw_ling_sanjian_shenshihuxu_face.pkm@alpha.gz,a9ab988a7a56d14d55657c656af3d7f8
A0D61ACD9DC316ED94F9540F130B0FFD,320,res/animation/fashion/ling/rw_ling_sanjian_tianshiguanghuan_cap.atlas.gz,84f1c6c5b0867b88797af967c7aeb663
DF8D954F1F7ABCC5A672675DF5B2AD4C,1060,res/animation/fashion/ling/rw_ling_sanjian_tianshiguanghuan_cap.pkm.gz,a978d78291c01082fbfa7f44ca42d928
22A258DEE1F8EEF432D3B81766C231D9,1024,res/animation/fashion/ling/rw_ling_sanjian_tianshiguanghuan_cap.pkm@alpha.gz,636edc4d1725a1fde2e5ac4e32b26b82
0DD2D75A2F6DD23E92AC11F328A2EFB8,341,res/animation/fashion/ling/rw_ling_sanjian_tuzitoushi_cap.atlas.gz,e55c3256bcaf097b33b5247eac95dc3e
F9E42E35C5D87B66D9635357D20AE666,1394,res/animation/fashion/ling/rw_ling_sanjian_tuzitoushi_cap.pkm.gz,28c626351b78634d83443848f659773f
381A156CAD5F018265E269EF08E7F50B,1262,res/animation/fashion/ling/rw_ling_sanjian_tuzitoushi_cap.pkm@alpha.gz,a30f22cc7a844e99ac8ecc5d1a58d9b4
7EC715507A02A2F520502A0A4EA702B2,337,res/animation/fashion/ling/rw_ling_sanjian_xiaochibang_cap.atlas.gz,14b64e49b59b4dd22a751bbeb4332e2c
151269BA2BC42924EEC2A4BAFCA6393E,1497,res/animation/fashion/ling/rw_ling_sanjian_xiaochibang_cap.pkm.gz,af0173333fc199d0fa97de2b326a4786
04B89F42FB00FA452C5E10793809E5F1,1421,res/animation/fashion/ling/rw_ling_sanjian_xiaochibang_cap.pkm@alpha.gz,44d630b54fac3a55a0e10eb6055676c7
84895EDE849EE67282F6693CE5A2F977,337,res/animation/fashion/ling/rw_ling_sanjian_xiaolimao_cap.atlas.gz,accd902e58c2cc80f7afb764d6bd5f4f
809207491EDF61B7FA9FB11B41D3171F,1368,res/animation/fashion/ling/rw_ling_sanjian_xiaolimao_cap.pkm.gz,7bae0bfe9b8799989dac9bd6a43f9b13
A6FC72058B9AE0BE4B9B317BF32F4846,1067,res/animation/fashion/ling/rw_ling_sanjian_xiaolimao_cap.pkm@alpha.gz,fde7bafe7bddc17ce0616c930f3e715f
D5EB86B4ECE25BD01CE36217646E5CA8,335,res/animation/fashion/ling/rw_ling_sanjian_xiaopaji_cap.atlas.gz,bb64a23b407d65fb70bbff3fd7db9ad7
EC4533C91AB403DA62E24C49ED0F873B,1848,res/animation/fashion/ling/rw_ling_sanjian_xiaopaji_cap.pkm.gz,a1de9be63052ccc9bce2d02e3c582ef5
59C0ECF61420F47664FDF8E0C8E240FA,1427,res/animation/fashion/ling/rw_ling_sanjian_xiaopaji_cap.pkm@alpha.gz,fb84a68e9d84548c0414b35e1ba8ed81
35FD6FC2CE547315856AD0BE425D9F17,318,res/animation/fashion/ling/rw_ling_sanjian_xingxingtoushi_cap.atlas.gz,8d38edeca55b6f70cfe74620f1cc2b07
EA5C8A3CCFFE69078FC6CFAB11AE3F3D,917,res/animation/fashion/ling/rw_ling_sanjian_xingxingtoushi_cap.pkm.gz,ddc5a8fdf94c05897896ea3a98ca1bf5
27124AAD29FECE1A965566EAD6BCEEBB,810,res/animation/fashion/ling/rw_ling_sanjian_xingxingtoushi_cap.pkm@alpha.gz,3dd42f0fc7691cda59974994ac52b39a
7D67A29796F570CDB4E6F1ABD95A8251,313,res/animation/fashion/ling/rw_ling_sanjian_xiongmaoyanzhao_cap.atlas.gz,5ee689470873fb458d846d2fd79527da
1AA51E125F15A0ED49AF8E840A5B4836,1040,res/animation/fashion/ling/rw_ling_sanjian_xiongmaoyanzhao_cap.pkm.gz,e8128d647fd2667214c599944942927b
0B71E7804160B427478B467FAE75523C,761,res/animation/fashion/ling/rw_ling_sanjian_xiongmaoyanzhao_cap.pkm@alpha.gz,138b371d28b2517823a7096f11b88c42
B0342E157A07CD2E9FA0A9AC0C3BE251,533,res/animation/fashion/ling/rw_ling_sanjian_xryanjing_face.atlas.gz,b64937b27870edc50c2e6b8d3a4dcb2d
E20D9F6EA1821FB5E9E5583473FB3AD2,2442,res/animation/fashion/ling/rw_ling_sanjian_xryanjing_face.pkm.gz,c365e50eb208878fd76626e64baac981
15FEA1C5A07299C2808FBA452A3591E6,2086,res/animation/fashion/ling/rw_ling_sanjian_xryanjing_face.pkm@alpha.gz,c9c4e5a4238323cc1fdc7834745e622a
14E8A04F97B5D9188A0DE9C20559CF5B,531,res/animation/fashion/ling/rw_ling_sanjian_xuezheyanjing_face.atlas.gz,e25ae6932a5471c14b3dd70b87cf2169
33CF11F61CA0A225454D6E32FBA88FF4,2211,res/animation/fashion/ling/rw_ling_sanjian_xuezheyanjing_face.pkm.gz,d72a9ef6dc3e6fcf7330e619bd2636b8
03119F100904E1E08BF6D4046005A449,2103,res/animation/fashion/ling/rw_ling_sanjian_xuezheyanjing_face.pkm@alpha.gz,332445e91bf76bab6d71803db2a569f8
15A7357FFDF33FC1426C86D9713D8AF7,572,res/animation/fashion/ling/rw_ling_sanjian_yingyuanlianwen_face.atlas.gz,56c476cb5a96334ead920a12a4b47f59
9853CE7DC95DD1994616BA6B9632D5E1,2074,res/animation/fashion/ling/rw_ling_sanjian_yingyuanlianwen_face.pkm.gz,d816023fbcb979c081ac4b18d431ed16
3BBC95DEC4165A8463A3D0D789A06BE3,1901,res/animation/fashion/ling/rw_ling_sanjian_yingyuanlianwen_face.pkm@alpha.gz,4219d70eb9e38368e3471238cfba5cb3
E599B4E46235CC40F623B3F2E9AEE209,571,res/animation/fashion/ling/rw_ling_sanjian_zhandoulianwen_face.atlas.gz,c54666cd4f57ee01887ce918c225d1a6
2337C69E78837CF0158E3C95D8A67685,2105,res/animation/fashion/ling/rw_ling_sanjian_zhandoulianwen_face.pkm.gz,2f0b3ade0efcbf876f61a06fc54ba197
A2EA5913ED61509E5E651CCFCF16C5C8,1890,res/animation/fashion/ling/rw_ling_sanjian_zhandoulianwen_face.pkm@alpha.gz,c4802759d9f6d161e315ddaf17a3c29d
0752EE786C027206D176974092B6A63C,340,res/animation/fashion/ling/rw_ling_sanjian_zhuqingting_cap.atlas.gz,3a583f47a003158b7c3d5a554003bd06
904A1FFEA935EB61B1EC23FED935D637,1663,res/animation/fashion/ling/rw_ling_sanjian_zhuqingting_cap.pkm.gz,602b364230ec0811cc194e846fab24a7
286E7A53B54495EC6161B4912114A1B0,1598,res/animation/fashion/ling/rw_ling_sanjian_zhuqingting_cap.pkm@alpha.gz,d6ef9eebd1525c80fc45236ac83635ff
01D88EC002FD44436CFCFCC98F81CBA2,551,res/animation/fashion/ling/rw_ling_sanjian_zongzikouzhao_face.atlas.gz,b55d58da76e202e4575bfea1bebe920d
997C91293DC57E063458C7D11AA32A0F,2547,res/animation/fashion/ling/rw_ling_sanjian_zongzikouzhao_face.pkm.gz,34e2c968e9a5fe2f8fffa3f69cd5fb4a
AE2EB0D52FEB2CDA201A1CC27E38424A,2213,res/animation/fashion/ling/rw_ling_sanjian_zongzikouzhao_face.pkm@alpha.gz,e9d4a26ae34541813695ed0756e6fab5
1F3401FB5B4E18672A75595B409E4FBF,345,res/animation/fashion/ling/rw_ling_taozhuang_anmieweiyi_cap.atlas.gz,7538ce19efc0c1c0862f314853b4d5a0
3761D630ED0CA96406684401600ACC86,1379,res/animation/fashion/ling/rw_ling_taozhuang_anmieweiyi_cap.pkm.gz,e17c67799451f2bb218d2680cc9a1c11
A7D96EB5E2FCBBC123D0B04595D133FB,1506,res/animation/fashion/ling/rw_ling_taozhuang_anmieweiyi_cap.pkm@alpha.gz,3ced644e3cee15f1ed58a720910bd6df
551DE2BC95F355EFD264EDF8ECDC2F7B,1140,res/animation/fashion/ling/rw_ling_taozhuang_anmieweiyi_clothes.atlas.gz,92ebbebf917f22dc5d7d2ce59f27a8b9
E7EA8492F4CFC7E5861F5AC05E6DBA10,30235,res/animation/fashion/ling/rw_ling_taozhuang_anmieweiyi_clothes.pkm.gz,7f122455c7278d52e633cac8255bd64f
63394D438B18E52204BEFE86177537C0,18628,res/animation/fashion/ling/rw_ling_taozhuang_anmieweiyi_clothes.pkm@alpha.gz,d8d2612456a2919a07a6e3b38fd6234e
3F9AEF2DBF520680ABFF164D2CA0BACF,549,res/animation/fashion/ling/rw_ling_taozhuang_anmieweiyi_face.atlas.gz,f7d7bae1e86957f74d6ac6a7257404e7
89CD6B0A4EBDA3621E9B37FC8A02A14A,2307,res/animation/fashion/ling/rw_ling_taozhuang_anmieweiyi_face.pkm.gz,2f358a1217cc62035de050a27b6652af
5F6D53A26D0426428F87FA5F01A71D14,1911,res/animation/fashion/ling/rw_ling_taozhuang_anmieweiyi_face.pkm@alpha.gz,111bdba2a3019cc764c667d605b805ed
778A18EBED98C64839A09173EE1FC18C,612,res/animation/fashion/ling/rw_ling_taozhuang_anmieweiyi_head.atlas.gz,1c408b68cec1a56d26535f746da062cc
4C505C9888747B3C94FE5F70FDCA20D5,10362,res/animation/fashion/ling/rw_ling_taozhuang_anmieweiyi_head.pkm.gz,3835961ba5832dfdb1ce63f96b9c8560
89FD3039F1B036574C6D7F7874D95710,6169,res/animation/fashion/ling/rw_ling_taozhuang_anmieweiyi_head.pkm@alpha.gz,2fcb200722c6cbbf2b182bf1b5335508
F72CE6B11A086C9160EC0C17A6252D14,1129,res/animation/fashion/ling/rw_ling_taozhuang_bianse02_clothes.atlas.gz,d681c06ac8c9d917d6a35b0ccb59df59
E033C598413819E6A3A119966BEFC199,28412,res/animation/fashion/ling/rw_ling_taozhuang_bianse02_clothes.pkm.gz,015fc129868ad7ecfc4b418cf1dc0b59
71CF06E96D3DBB71A5E95A807350F657,17642,res/animation/fashion/ling/rw_ling_taozhuang_bianse02_clothes.pkm@alpha.gz,70e3447ddff3ed5590c5883d08020f51
91B1FD8CBB317FC9E0B365FECC88D9ED,609,res/animation/fashion/ling/rw_ling_taozhuang_bianse02_head.atlas.gz,22113f34086470fc67b27d30aeeb5ba1
B55DCEB94A87470200EBA49B3E7F3153,6169,res/animation/fashion/ling/rw_ling_taozhuang_bianse02_head.pkm.gz,48e8573ab214d86313112d0c13a4db7e
689E365A7F0032FE2793EED81CFBABF0,4522,res/animation/fashion/ling/rw_ling_taozhuang_bianse02_head.pkm@alpha.gz,cdc699f1d03b9009a288083931715461
D5BF5D4AACD1F1680974C5EE300282A9,1128,res/animation/fashion/ling/rw_ling_taozhuang_bianse03_clothes.atlas.gz,aa724568f1c32c2a187c3b1961272238
96EB9CE01D9B56C0AA158C3276336BDE,27727,res/animation/fashion/ling/rw_ling_taozhuang_bianse03_clothes.pkm.gz,0f283a846ce2a01ad133594c29ed0a24
1EC3392B71EB4C6C2BF90F52B0F238B3,17694,res/animation/fashion/ling/rw_ling_taozhuang_bianse03_clothes.pkm@alpha.gz,302e52465c5bf708fb4486e78d2ef5c0
65E60093B8D0710B17808E09A00CFAC7,609,res/animation/fashion/ling/rw_ling_taozhuang_bianse03_head.atlas.gz,ee3e504aedd5fe040537fa1158a99814
AF5AA5F615DD01FCE4C29AA52082DA5A,5206,res/animation/fashion/ling/rw_ling_taozhuang_bianse03_head.pkm.gz,4d254adce839908468a3819b5a1e134e
00AE6049D8C71D5C4EAEBFFED24692B5,4511,res/animation/fashion/ling/rw_ling_taozhuang_bianse03_head.pkm@alpha.gz,5dbe0e3aa160f96bb17f00f56eae0cd5
F1B23EB4D33899F9BBDCBEF4AF1E5F4E,1128,res/animation/fashion/ling/rw_ling_taozhuang_bianse04_clothes.atlas.gz,674c7fcdbb1508b8e2a825a71d22e3ca
67FACB8CAC40190A11C64421608D01D9,27052,res/animation/fashion/ling/rw_ling_taozhuang_bianse04_clothes.pkm.gz,d6be7b0b9a5824e0608dd5ae70cc50fd
C3C57089D6EFA3E86CF326090F2ADA8C,17705,res/animation/fashion/ling/rw_ling_taozhuang_bianse04_clothes.pkm@alpha.gz,97172deac1f02d4e0e9226001234baad
BDE5B7A9C91BBA32357EFB12655B2EA4,609,res/animation/fashion/ling/rw_ling_taozhuang_bianse04_head.atlas.gz,de53ba5dcf324cda65575bd55e33f265
6B225D6C24600913DAB599C101A756FF,6557,res/animation/fashion/ling/rw_ling_taozhuang_bianse04_head.pkm.gz,8568b784b4818da2569fc7f089b57e7a
0D3874E93E6CA6D557DED39D4370C35A,4503,res/animation/fashion/ling/rw_ling_taozhuang_bianse04_head.pkm@alpha.gz,63b4219f801bbdbaf3342962421ba58b
F0B679C90FC32A598629D104216E6134,1128,res/animation/fashion/ling/rw_ling_taozhuang_bianse05_clothes.atlas.gz,7c73bb0f5dddb060ca37e239b910b5fe
1B0103EF18935CDD833424B8CE4E29B3,27452,res/animation/fashion/ling/rw_ling_taozhuang_bianse05_clothes.pkm.gz,eff5525d4ab2043cd34576d9a7eaff0c
7B20221D6B8D29E9CA55EA0727CE84E7,17703,res/animation/fashion/ling/rw_ling_taozhuang_bianse05_clothes.pkm@alpha.gz,fcf2d157e6d09797c8f38f042fa43776
9F23020F27C6C6D1B936DD596844E29E,609,res/animation/fashion/ling/rw_ling_taozhuang_bianse05_head.atlas.gz,3c8506ff1d47af980915e6d461ee7e33
F12D01C2F2DED280D360A7F8CC5BA4A3,6698,res/animation/fashion/ling/rw_ling_taozhuang_bianse05_head.pkm.gz,d92937e38f168705d919518951163c43
23B40F59622B41400A2DD98A8F906206,4526,res/animation/fashion/ling/rw_ling_taozhuang_bianse05_head.pkm@alpha.gz,baafb2faa2d1eb7b1530f1de278c2d09
E015868605CA2DA6AF37395F865E1EA2,347,res/animation/fashion/ling/rw_ling_taozhuang_bianyuhaike_cap.atlas.gz,d35de7514823982a35d58efbde0ef837
DB2B89DB66D4E1AB342FA488D39BA905,3021,res/animation/fashion/ling/rw_ling_taozhuang_bianyuhaike_cap.pkm.gz,46621ba25a1949050c3182e9208dff52
1A4E3CF2B0215E075559805BE5F0B3E1,2667,res/animation/fashion/ling/rw_ling_taozhuang_bianyuhaike_cap.pkm@alpha.gz,fa4acf0bf0aed671987be6983dc03ffe
5147D21B15913CB083286B2AD3B84E6A,1128,res/animation/fashion/ling/rw_ling_taozhuang_bianyuhaike_clothes.atlas.gz,ae00d06d8201a122040c791fc52e81b6
CEBDA8A31E5CE7B7A1FA9A156721A50D,41036,res/animation/fashion/ling/rw_ling_taozhuang_bianyuhaike_clothes.pkm.gz,88f7fc89f637c8a9ffe9b37996256c54
33F97D6B5D04EFFAF41E26D2EBA25459,19730,res/animation/fashion/ling/rw_ling_taozhuang_bianyuhaike_clothes.pkm@alpha.gz,14195add8c4035994105b6eb3132d200
FD4E8A8C57F3D166724DDEB18D808585,551,res/animation/fashion/ling/rw_ling_taozhuang_bianyuhaike_face.atlas.gz,7149aad84ab2f5521d50418a1a5ecc8b
2D2E44C1E08344A9FABA4D12A3929C58,2211,res/animation/fashion/ling/rw_ling_taozhuang_bianyuhaike_face.pkm.gz,e6cd24e397c6e1b551c047815c48637a
E4FFCF14C9E230BB1A94341115EB858F,2080,res/animation/fashion/ling/rw_ling_taozhuang_bianyuhaike_face.pkm@alpha.gz,cfc3d5515e0b6c6d6c3de4bec90cb672
3FD79044EC0E198F619BC5D7958D1A3E,611,res/animation/fashion/ling/rw_ling_taozhuang_bianyuhaike_head.atlas.gz,87916e7675fa83448b72baf9c97de576
B3D6FA09A8BF2B03380A8091BCCF5F7C,8373,res/animation/fashion/ling/rw_ling_taozhuang_bianyuhaike_head.pkm.gz,8ad2e58c36f275c3defdb298fa7e7c06
580C72A29F55BA7E3B50AC2224780A9D,5021,res/animation/fashion/ling/rw_ling_taozhuang_bianyuhaike_head.pkm@alpha.gz,b12d7acfaebe4459d28181cb4c45b2cb
CED9D98A5B03C18CA3C9E6B4112BB761,350,res/animation/fashion/ling/rw_ling_taozhuang_canglangdichen_cap.atlas.gz,2988668f1b900a5aced9d6fe6aa5356e
378C0EBBD8154D08C1A8AD7B85731B62,940,res/animation/fashion/ling/rw_ling_taozhuang_canglangdichen_cap.pkm.gz,8aae6c9a80876ae3d0431c9f561f3c54
FDB8E76A49D777F9E482DB202E721492,859,res/animation/fashion/ling/rw_ling_taozhuang_canglangdichen_cap.pkm@alpha.gz,bcf7302749662357ba0fc91ffe33ccd1
5FC3445D36DDC16FE4BBD5CB56F07B92,1104,res/animation/fashion/ling/rw_ling_taozhuang_canglangdichen_clothes.atlas.gz,f8f113b2087cc32cc9b2f6fe78080e58
0D17CB1E6DD1A975245BDCDD0824A14D,37183,res/animation/fashion/ling/rw_ling_taozhuang_canglangdichen_clothes.pkm.gz,2669241ae81438c14fe72e54ca893f96
7577AF6823F7E55559436630BD029B74,22155,res/animation/fashion/ling/rw_ling_taozhuang_canglangdichen_clothes.pkm@alpha.gz,16257813d70b50a070a95e20520727cf
FA9EF630ACC23541094FC8A861956CC6,544,res/animation/fashion/ling/rw_ling_taozhuang_canglangdichen_face.atlas.gz,cf8b1c6ab9c3f21a4b12ca8c9ce31c70
BDBF319A3E16B21D04565FBBAE5D62C9,1963,res/animation/fashion/ling/rw_ling_taozhuang_canglangdichen_face.pkm.gz,3311b6d99d61865dde8c9bc58e83c0eb
FCA16ED592D632B453B84C8B0CEF8FF1,1777,res/animation/fashion/ling/rw_ling_taozhuang_canglangdichen_face.pkm@alpha.gz,c4b46d6abb5e3a971d0a2a8b3e091c33
C3AD60DA3898080D0DE95BB54CC576AC,612,res/animation/fashion/ling/rw_ling_taozhuang_canglangdichen_head.atlas.gz,78c6b998b02cf436a49b94168e43e297
043220F5616A0DA114B4401EF71079D2,8487,res/animation/fashion/ling/rw_ling_taozhuang_canglangdichen_head.pkm.gz,aaa220f434c0bca548388258945d26c7
DC026DE3864C69A0AEFBC730F314C8C7,5932,res/animation/fashion/ling/rw_ling_taozhuang_canglangdichen_head.pkm@alpha.gz,e92ffbaa4329d86eacbd0993c9a82fba
0792CBCA0DE49B894722EB6DD737AA92,348,res/animation/fashion/ling/rw_ling_taozhuang_canglanhundun_cap.atlas.gz,72da0f027539637289925edf22fa395f
8FB7E228CFB6FF4A12696DE6CF77C63B,2585,res/animation/fashion/ling/rw_ling_taozhuang_canglanhundun_cap.pkm.gz,91143ef3becea223a0905d42123f440c
021036BDA3A36AF77A337B6419523B62,2317,res/animation/fashion/ling/rw_ling_taozhuang_canglanhundun_cap.pkm@alpha.gz,5d9dbbc12303abfdcfa382f6ebdaed9e
B00BAB935CBEABBCAADB6828274793DF,1132,res/animation/fashion/ling/rw_ling_taozhuang_canglanhundun_clothes.atlas.gz,84960574c5ede4e0cbce695f7327798e
A80240ECAB40E5EC46DA15959BE4F791,29286,res/animation/fashion/ling/rw_ling_taozhuang_canglanhundun_clothes.pkm.gz,f7616fa79fefd2efd63d70b00771c4e3
9ECE3B4AAC2A23A9AA93CD49A0D35137,19528,res/animation/fashion/ling/rw_ling_taozhuang_canglanhundun_clothes.pkm@alpha.gz,39ea8b209b331a19bb32cd00c32572dd
DA4E32FC1DAA9DCB8866DC28D91F1EBE,550,res/animation/fashion/ling/rw_ling_taozhuang_canglanhundun_face.atlas.gz,55f434d3ed6cbebcd23d4d649af6a525
22FC57256904689CAA688C091B775C5C,2366,res/animation/fashion/ling/rw_ling_taozhuang_canglanhundun_face.pkm.gz,4092e17f3b6a47c50c8a880d7196a7d3
7ED680F359DDCFF4F749FF591CB1108B,2146,res/animation/fashion/ling/rw_ling_taozhuang_canglanhundun_face.pkm@alpha.gz,b8bf1a0b993f7cc4f5a5ba6ebd2985a3
107E15EC2D3FEE67BF651ECF5143FB86,606,res/animation/fashion/ling/rw_ling_taozhuang_canglanhundun_head.atlas.gz,2c5b1dca767e0ff1faae64f9efe4823c
2E584AE17D5C0E2EEE19D2C9B70CAA45,15158,res/animation/fashion/ling/rw_ling_taozhuang_canglanhundun_head.pkm.gz,04d57283de57b8da3e57800f1c14717f
DE2892D87B91C761910A07706A7DB048,7550,res/animation/fashion/ling/rw_ling_taozhuang_canglanhundun_head.pkm@alpha.gz,ea2bcfbcab7b3607eccdc40a3cab2d36
D29259976CE441BDAD64E7CF843DAAF5,1129,res/animation/fashion/ling/rw_ling_taozhuang_chaomeng_clothes.atlas.gz,dea925837977038acc47fb64eddc8ebf
6D644010C058AE4FC3C55AF8DFA284A9,34447,res/animation/fashion/ling/rw_ling_taozhuang_chaomeng_clothes.pkm.gz,342850160ed31992509c806a2c846db1
470C1E3236183167C56BAEDF9DA0EB74,18820,res/animation/fashion/ling/rw_ling_taozhuang_chaomeng_clothes.pkm@alpha.gz,0f78ee1090c6f5f6fe46227e8ac3b048
58465E334A5C6AF84D18E8CC5D09EFA6,544,res/animation/fashion/ling/rw_ling_taozhuang_chongnengjijing_face.atlas.gz,2968bc0033ba1b1f95fe28083a40e9f7
D532D86193AA20224FADEABD6329A86D,2416,res/animation/fashion/ling/rw_ling_taozhuang_chongnengjijing_face.pkm.gz,3b948806d6ef346b3f31fe4c1ed58e94
49C75DC3110B220085D35BD842D55BE4,2205,res/animation/fashion/ling/rw_ling_taozhuang_chongnengjijing_face.pkm@alpha.gz,306b71d01fb9cd1e1ee3b016bbe5dfb2
72221575D16130ECD570F01C11375176,350,res/animation/fashion/ling/rw_ling_taozhuang_chunbaishengqi_cap.atlas.gz,0474b69f81c6809830f71db05435f858
2A57A322D90D44C5D08F64EBC1F74527,2881,res/animation/fashion/ling/rw_ling_taozhuang_chunbaishengqi_cap.pkm.gz,991533e1e1865807e71a24255c434723
4B29206DDD88CB381428138140220AA3,2769,res/animation/fashion/ling/rw_ling_taozhuang_chunbaishengqi_cap.pkm@alpha.gz,e71ce2accbca7ca3aef18a0cf5f973fa
4E5161FEBAFA3E15D289D63032FA6279,1103,res/animation/fashion/ling/rw_ling_taozhuang_chunbaishengqi_clothes.atlas.gz,0c2fc6b81faffbffe46d506db0abbcc4
23A5EC551313EBDCF6A5B710BC3F1A46,29519,res/animation/fashion/ling/rw_ling_taozhuang_chunbaishengqi_clothes.pkm.gz,47358f5c8408735601938e1158b07383
1F10917A1758CB182C947D431BF9A935,17960,res/animation/fashion/ling/rw_ling_taozhuang_chunbaishengqi_clothes.pkm@alpha.gz,95a954ef4fa0abab2f79de032b4f342b
46B685026623D49A06FF79976ED272E1,544,res/animation/fashion/ling/rw_ling_taozhuang_chunbaishengqi_face.atlas.gz,8613f3f06522383d8b49c1eafacebb3a
A18BE07417D400C92222DC50EE3669CC,2218,res/animation/fashion/ling/rw_ling_taozhuang_chunbaishengqi_face.pkm.gz,0e0b117a9bf770e74f30a831432819aa
1CF804010AAE0F3E4E4E5A16F603B5E8,2033,res/animation/fashion/ling/rw_ling_taozhuang_chunbaishengqi_face.pkm@alpha.gz,753595ad3d4faff1d43da48742278d4f
DB4E06502D1D455CFD85EE354D90CCE6,613,res/animation/fashion/ling/rw_ling_taozhuang_chunbaishengqi_head.atlas.gz,d32c770078542dd44abc3ae309f9f4af
6C676C443C9B6ADBA4848D3372355E41,15112,res/animation/fashion/ling/rw_ling_taozhuang_chunbaishengqi_head.pkm.gz,bb8ce00d171d7c64e15bfd6d50fa01dd
65D33BF548130BB06152DB55F64A82BA,10530,res/animation/fashion/ling/rw_ling_taozhuang_chunbaishengqi_head.pkm@alpha.gz,a9f1dffb3fbab541426a1edff71bd51e
84E40D94813FFC5E0D388E33E08DF309,333,res/animation/fashion/ling/rw_ling_taozhuang_chushi_cap.atlas.gz,f44dc3a505fa3ae46468484d98e8a5d0
ABCBB41D60AE3A10A422A4B189B001D8,493,res/animation/fashion/ling/rw_ling_taozhuang_chushi_cap.pkm.gz,81239153083331baef3245b90bc7ecf2
A1FE7E8090A38448C789D61292B01A1D,498,res/animation/fashion/ling/rw_ling_taozhuang_chushi_cap.pkm@alpha.gz,3d9f9bc3d359ded944835b49dde2993a
3C955142C4289A00F5ADAB315B44ADDD,1126,res/animation/fashion/ling/rw_ling_taozhuang_chushi_clothes.atlas.gz,f722b8c36c75b606f01208b180f055ff
35D14DB41001A201EEEC5CEEAB05FE08,26722,res/animation/fashion/ling/rw_ling_taozhuang_chushi_clothes.pkm.gz,71e17925f807aa6f4284e497d1fdf2ef
FD774CE538D08AA33CC34A4464E07596,17705,res/animation/fashion/ling/rw_ling_taozhuang_chushi_clothes.pkm@alpha.gz,97172deac1f02d4e0e9226001234baad
8A9C1064A5E1A47BA2C722AB5F6CB515,564,res/animation/fashion/ling/rw_ling_taozhuang_chushi_face.atlas.gz,39152a2c89f017cd9b9c6d103ba259d3
5F30141365DA98F7B8B546F9B4CA7CDA,1955,res/animation/fashion/ling/rw_ling_taozhuang_chushi_face.pkm.gz,108ec1f0868ae62dddfe3e4aed897e68
F7C319E266EE20080BE441E61D98E709,1802,res/animation/fashion/ling/rw_ling_taozhuang_chushi_face.pkm@alpha.gz,907951279e20e56fbf035d0f0f12a98c
054794C30BBA7676F9750C8B432A6C57,611,res/animation/fashion/ling/rw_ling_taozhuang_chushi_head.atlas.gz,22e1134107cc4d218314a7cf1f866a32
6B5255175C5372C5B7C1CF96C7D806AB,6660,res/animation/fashion/ling/rw_ling_taozhuang_chushi_head.pkm.gz,ec6c797ee8e1768f716818a0b9c54a26
96C9ED10872C583337140157F54DDAD2,4528,res/animation/fashion/ling/rw_ling_taozhuang_chushi_head.pkm@alpha.gz,8832c4aa2eaa3f54aed40e223ae6a5df
6BE9F8905C9A4F8254868CC072B17C5A,549,res/animation/fashion/ling/rw_ling_taozhuang_cyetingwanzui_face.atlas.gz,9663f633a6a1b3de6fe08a340f88e71c
8F291DCB70E48C3B15591047AE39E304,1999,res/animation/fashion/ling/rw_ling_taozhuang_cyetingwanzui_face.pkm.gz,1314aad26ddee3e9bb56577658c95d1b
DC1D3E49DBE8B0B19344E02ECFCA1D3C,1812,res/animation/fashion/ling/rw_ling_taozhuang_cyetingwanzui_face.pkm@alpha.gz,bd1fe3aa9fec96e38e669adbe137c094
778C1BA039AE6E77EBA9FC811A1B1DCC,338,res/animation/fashion/ling/rw_ling_taozhuang_dajiang_cap.atlas.gz,629617d495066ba75ed62945f6daadc7
E21A1E1677FC5CCC3098260304DD1F6F,1490,res/animation/fashion/ling/rw_ling_taozhuang_dajiang_cap.pkm.gz,ba63469c1cce5bbe8c5f1fd695d3d258
9BB751A284B468CFB114D9C25BB7AB9B,1426,res/animation/fashion/ling/rw_ling_taozhuang_dajiang_cap.pkm@alpha.gz,8ba16561a6c0b8c3f725edecdb0fa203
6A5B5A365DB495D2CB70F961B1C263B5,1126,res/animation/fashion/ling/rw_ling_taozhuang_dajiang_clothes.atlas.gz,36eb2dc99f73d24f83e8d6752846af07
CD1E15BA07B4A77B99C08EF5B724C802,28139,res/animation/fashion/ling/rw_ling_taozhuang_dajiang_clothes.pkm.gz,cc4ae455963898caf29d51f48de2b873
E2177BCD2084F19373BA8CC80767AC26,18447,res/animation/fashion/ling/rw_ling_taozhuang_dajiang_clothes.pkm@alpha.gz,e69410bf8ab11b28d22d0a77c8d80ef0
0F3C3E0CFC45B989E83E906C0D3F37A3,554,res/animation/fashion/ling/rw_ling_taozhuang_dajiang_face.atlas.gz,46186caa8385bfdec454ec4cd208bf87
918B25FDE7B64E84809B92B89608C64E,1958,res/animation/fashion/ling/rw_ling_taozhuang_dajiang_face.pkm.gz,cbfaa3da4288503650f000d91d143935
02361F9302E6D23A7B0728322730C812,1791,res/animation/fashion/ling/rw_ling_taozhuang_dajiang_face.pkm@alpha.gz,ebb7f1032d96b6a813d2c2bfdd82e887
634010EC8440339C1AA7A779F23570AF,609,res/animation/fashion/ling/rw_ling_taozhuang_dajiang_head.atlas.gz,5dd05ac94e68b442fd680d6ff1c72c49
134946C4C860EC1033B41B11EFD27E49,12719,res/animation/fashion/ling/rw_ling_taozhuang_dajiang_head.pkm.gz,09b936af1b97f7f18794dc00361660fd
4F447F0E2DCAAC05850E878B00729E50,6631,res/animation/fashion/ling/rw_ling_taozhuang_dajiang_head.pkm@alpha.gz,63b8d7c82be299500c771c2bc6e2ce26
54612C2BB640FD8451FC67ADC108B698,345,res/animation/fashion/ling/rw_ling_taozhuang_guizuzhiyi_cap.atlas.gz,c83c5272692a68c59c3db5c03aa86171
90E80E49F11EA813ABFEC01AE6FBA399,1418,res/animation/fashion/ling/rw_ling_taozhuang_guizuzhiyi_cap.pkm.gz,462cd349b492c0620ab9ec626f2e0f0f
AA35D101A52C0C0216AE5B562385AD96,1378,res/animation/fashion/ling/rw_ling_taozhuang_guizuzhiyi_cap.pkm@alpha.gz,fd201b1727c1cc37d4e1702abb1831e0
38ACB5FB6C380DD7AE0079EE08E55E32,1139,res/animation/fashion/ling/rw_ling_taozhuang_guizuzhiyi_clothes.atlas.gz,b84df849e6b9b093c30ad611f2ca77be
BFEB3FD4ABF9173738D53ED9199481E4,25328,res/animation/fashion/ling/rw_ling_taozhuang_guizuzhiyi_clothes.pkm.gz,303b1da13dac811ca136f594bd93a599
791EB010A15C8E30580E3B7C4E4EF6A7,17218,res/animation/fashion/ling/rw_ling_taozhuang_guizuzhiyi_clothes.pkm@alpha.gz,bf27d1a9d1518e6d21d728bfe59d2719
CF1D6349940DBBE071D2855E5F443410,612,res/animation/fashion/ling/rw_ling_taozhuang_guizuzhiyi_head.atlas.gz,32ae63bd886a433f39d37d97cff2389f
34E5FDE4BA889155DCCF39CEE14AFEA5,16589,res/animation/fashion/ling/rw_ling_taozhuang_guizuzhiyi_head.pkm.gz,1a6b3a6ffba9a61fa116b0ada32b4906
5408D8422661A58ACA885156A6E256EB,8848,res/animation/fashion/ling/rw_ling_taozhuang_guizuzhiyi_head.pkm@alpha.gz,57cf5cec1b1ca10462840852acc6f869
9DA3C3175986F4D92BCA01DE39207922,1110,res/animation/fashion/ling/rw_ling_taozhuang_guofeng_clothes.atlas.gz,792a637a41af861768a73606f920d96e
B063D04CA21994C01EC46E8941DB7D66,27559,res/animation/fashion/ling/rw_ling_taozhuang_guofeng_clothes.pkm.gz,3d749c8299f1bc1ffa4edeaacd47de78
CC1DDF1ED8B173D2DC36873F8F37EEEC,18546,res/animation/fashion/ling/rw_ling_taozhuang_guofeng_clothes.pkm@alpha.gz,dc14f1bfc66808f59bde0b2dc3d928f0
9AEA42B289C172B99BD2717806152C12,348,res/animation/fashion/ling/rw_ling_taozhuang_haiyangpaidui_cap.atlas.gz,cea37a9e72816ab267c66618eea9ec52
C076ADF30AFCD21FD9C94D6A5C753F33,1658,res/animation/fashion/ling/rw_ling_taozhuang_haiyangpaidui_cap.pkm.gz,b90e109b5886e5cde447fa236e644720
DC51A752B230F1F7E4664CFECBE00D54,1469,res/animation/fashion/ling/rw_ling_taozhuang_haiyangpaidui_cap.pkm@alpha.gz,3f60ee203c0fcd33169800e74c5edab3
C1F15248C86290EC0815AACA5D32D61F,1130,res/animation/fashion/ling/rw_ling_taozhuang_haiyangpaidui_clothes.atlas.gz,259da65d6229ea82b0a801870de7dc81
93A5F46F8E7376508DEF5B8AD6C5745E,40189,res/animation/fashion/ling/rw_ling_taozhuang_haiyangpaidui_clothes.pkm.gz,d1f1b2c967076259d548f04b4df06dd3
FE2044153131FA908847DA2716B60C8D,20460,res/animation/fashion/ling/rw_ling_taozhuang_haiyangpaidui_clothes.pkm@alpha.gz,d30a33ef1d14b6b4f30161adf16d4093
4A64C22DA61088249F0A951AE943BFF1,549,res/animation/fashion/ling/rw_ling_taozhuang_haiyangpaidui_face.atlas.gz,a0d1b57841251e45e512e83068dd13f1
B647A83F0F70C24BD583BD6B8BA5A5A2,2172,res/animation/fashion/ling/rw_ling_taozhuang_haiyangpaidui_face.pkm.gz,af12d1f8eaae4f5a10e558ff310babba
9FCAC7DD7A90897E2D2AF80F2DC355FC,1912,res/animation/fashion/ling/rw_ling_taozhuang_haiyangpaidui_face.pkm@alpha.gz,7cf9a473a04fea1cbd13df5d0e08c14a
FD7912A1171D0121577664ED68C9BCC6,607,res/animation/fashion/ling/rw_ling_taozhuang_haiyangpaidui_head.atlas.gz,e32319cb4c3c0503e956e98b2d376f38
F559F064BE2E266B37F43F0B67F9F2AC,12093,res/animation/fashion/ling/rw_ling_taozhuang_haiyangpaidui_head.pkm.gz,a48a1a95ea68cdcd144a42a8ec7698b3
EF21AD6969D72F60EBFC13E3799C0503,7678,res/animation/fashion/ling/rw_ling_taozhuang_haiyangpaidui_head.pkm@alpha.gz,7e76b70a42f99b35047f34748a648b81
4DDE79049D647533F83D2DD25E25D583,342,res/animation/fashion/ling/rw_ling_taozhuang_heizhishi_cap.atlas.gz,288569d0a9dfeb9d2884a35c04629cf6
063FC07CE3C34C4545692AC1C037C214,2025,res/animation/fashion/ling/rw_ling_taozhuang_heizhishi_cap.pkm.gz,6ba7bd8883baffcfe689518fb9a1da03
221B7E00F31F0EC254E0F207187088D4,1654,res/animation/fashion/ling/rw_ling_taozhuang_heizhishi_cap.pkm@alpha.gz,e5a85d737cd96b3d77ff03953218fd95
8CF7D671A6079E65D64600A2DB400926,1135,res/animation/fashion/ling/rw_ling_taozhuang_heizhishi_clothes.atlas.gz,f3606e743bbd4ec0c67abcda497e9bd4
E426E5D06C020C3F45B4B42EB266423C,23875,res/animation/fashion/ling/rw_ling_taozhuang_heizhishi_clothes.pkm.gz,f00857fed94ee49e6f5969dac5b8d709
CA8D7D53BA638EB706295462B165F40B,16916,res/animation/fashion/ling/rw_ling_taozhuang_heizhishi_clothes.pkm@alpha.gz,86b25ee0e836e760b9564c8af4115260
41C7777F6DE975534FBC7BF36F63079F,551,res/animation/fashion/ling/rw_ling_taozhuang_heizhishi_face.atlas.gz,da6e65c2e9f55dc0a8a1a88373951f37
75AEE7BE7FF6262768FF84C30B08CB85,2085,res/animation/fashion/ling/rw_ling_taozhuang_heizhishi_face.pkm.gz,3113d927db5dc2544cdd8b40e6df4789
2D8F8D60533A1C1BD0EEB6BAD3BC316C,1941,res/animation/fashion/ling/rw_ling_taozhuang_heizhishi_face.pkm@alpha.gz,601c38871b4fcd915797afb78446d175
13907109C200FA6D57290B36BF84C72A,606,res/animation/fashion/ling/rw_ling_taozhuang_heizhishi_head.atlas.gz,360167dfc7d1f57a280feacdfbc3b177
0353D0279E6CF60C9DAF2A66A8492860,6703,res/animation/fashion/ling/rw_ling_taozhuang_heizhishi_head.pkm.gz,fa68bdb6b1560578f924f306256f757a
DFFC121611FA40BD6BC065B6A7C9E4C5,4519,res/animation/fashion/ling/rw_ling_taozhuang_heizhishi_head.pkm@alpha.gz,bb2f5c5e81fcb6b5ca2f169369bd7b84
B8DF5E9A77ACD0DC7B6A1D4A323BB39F,346,res/animation/fashion/ling/rw_ling_taozhuang_hongyunyishi_cap.atlas.gz,fe2606dc2c1f0d716613cb654b8b4cba
102B33CA662730C65DB5CF343AF1E41E,1192,res/animation/fashion/ling/rw_ling_taozhuang_hongyunyishi_cap.pkm.gz,3be5dee2abfca66cf01822a8085a61b6
E11387DB9BF04845C1D4229CFFBB7A0A,1151,res/animation/fashion/ling/rw_ling_taozhuang_hongyunyishi_cap.pkm@alpha.gz,87edf8ae8f7fffcd856c1f3f202d8041
BC185D42C7C9676B52A17835B9C1E79E,1130,res/animation/fashion/ling/rw_ling_taozhuang_hongyunyishi_clothes.atlas.gz,fe7a6942b8c3b3d0b378f4f521cc7c15
60A01CE46A73B3ADB976D3C62AEC8BB3,27078,res/animation/fashion/ling/rw_ling_taozhuang_hongyunyishi_clothes.pkm.gz,b46bee3409c7230fc7c6028737317058
6B52988578CC3F851FF5C18BFAE506C5,17487,res/animation/fashion/ling/rw_ling_taozhuang_hongyunyishi_clothes.pkm@alpha.gz,ee73a38883d4b4a5bf7487d553941a6d
6C81D0A29999FBA46F5634438BB5B24C,613,res/animation/fashion/ling/rw_ling_taozhuang_hongyunyishi_head.atlas.gz,763699aded5ca3288508da92161fcf72
EF9C22EFD8CB9F32D77490533FDA8B91,16582,res/animation/fashion/ling/rw_ling_taozhuang_hongyunyishi_head.pkm.gz,6bcf8c29653659ba18e45e8c217f0ac0
215B53C172C2F0BDA09FB5D7500345B0,8656,res/animation/fashion/ling/rw_ling_taozhuang_hongyunyishi_head.pkm@alpha.gz,fdb47868d6b0bec774547e14fac6a0f6
10282B0B02084F46DD4A96B4566E38D8,346,res/animation/fashion/ling/rw_ling_taozhuang_huangsejijia_cap.atlas.gz,ace0565aee884bfe093d259754329ed9
4B34D8D7BE5BDE3595F40682D0340556,2515,res/animation/fashion/ling/rw_ling_taozhuang_huangsejijia_cap.pkm.gz,291be23fe5befc0d5f0cb5a253bf66c6
2BF4524D17D9D14D2E91DC8B397CB451,2227,res/animation/fashion/ling/rw_ling_taozhuang_huangsejijia_cap.pkm@alpha.gz,079657fd4ae0082d14acf672e18871c3
F8C5487077CDEF1A20C4FB895BFDB1E1,1131,res/animation/fashion/ling/rw_ling_taozhuang_huangsejijia_clothes.atlas.gz,ffd8dad011aeed1ac3e48d90e7ff2ebb
874018C4DEA76E80614B6FED5CE9E49E,41050,res/animation/fashion/ling/rw_ling_taozhuang_huangsejijia_clothes.pkm.gz,15f728b6e181e6b0800f301968aa9786
41BEE3D6A754569079FB94BC8F824418,23657,res/animation/fashion/ling/rw_ling_taozhuang_huangsejijia_clothes.pkm@alpha.gz,7708345dbcfb09bce4f960f8167ba281
22B07B75AD037759972CAB7BA3020B08,550,res/animation/fashion/ling/rw_ling_taozhuang_huangsejijia_face.atlas.gz,c23e4c9cad7192b11b23d621bc847e71
8B8B318B164909DB68C66F88255076C5,2379,res/animation/fashion/ling/rw_ling_taozhuang_huangsejijia_face.pkm.gz,23d1aa9ae8b4ba87e809b432dcf37afb
9F5CC2DCF4E63E75D4F334776D2F1A07,2070,res/animation/fashion/ling/rw_ling_taozhuang_huangsejijia_face.pkm@alpha.gz,9c41bc04e5dc3a7de4c392ecbaf329ad
AAC1C02AE9E9F480A9A1F4EE16736390,614,res/animation/fashion/ling/rw_ling_taozhuang_huangsejijia_head.atlas.gz,87a9f474f52f3a91b332e953f85f372f
FBC79A16E0DECF3044AD28542CC7D7EB,17101,res/animation/fashion/ling/rw_ling_taozhuang_huangsejijia_head.pkm.gz,a4e0e13903bf20e2235d02db4633bfcb
6DF30136A7072F79412ECBA1A27FF446,10583,res/animation/fashion/ling/rw_ling_taozhuang_huangsejijia_head.pkm@alpha.gz,208b9ef7b311447cb408b9e3f2340175
F676904F333225275940A424349D500A,346,res/animation/fashion/ling/rw_ling_taozhuang_huanmulveying_cap.atlas.gz,8e90e0872359fa8ae5c2e33d783212ec
79DF1392574888DC501E929DCFD59826,793,res/animation/fashion/ling/rw_ling_taozhuang_huanmulveying_cap.pkm.gz,b9420469c388a2f8aaa8322793c98011
D00FF4CE76E33CB29BE67840B36A88CC,740,res/animation/fashion/ling/rw_ling_taozhuang_huanmulveying_cap.pkm@alpha.gz,1ce98d7271688751ffabb33e142ca89b
41B7F945110DA00899484EBF8AE72EB6,1128,res/animation/fashion/ling/rw_ling_taozhuang_huanmulveying_clothes.atlas.gz,f192882d13d8c296e7b2bf5120191f8e
06CEF953140010C200E5BE5A06CD7248,33729,res/animation/fashion/ling/rw_ling_taozhuang_huanmulveying_clothes.pkm.gz,584c259cb0578cd7ccaa01354b942455
107460D57F23014802D2EC65E7D4731F,19363,res/animation/fashion/ling/rw_ling_taozhuang_huanmulveying_clothes.pkm@alpha.gz,4543e6cf5b94a94b03c71951bf93a712
BD030E97744DDCE5D5152CA880143532,548,res/animation/fashion/ling/rw_ling_taozhuang_huanmulveying_face.atlas.gz,5a04554a787c9bb9eed4349a097ee90f
36E65DF14AA2A1BEEE484A287FC5A22D,2631,res/animation/fashion/ling/rw_ling_taozhuang_huanmulveying_face.pkm.gz,ad5076be5454b5640519c80f82d44921
1833FFFDB4E4BF807E7D6ABA7538E5BE,2367,res/animation/fashion/ling/rw_ling_taozhuang_huanmulveying_face.pkm@alpha.gz,556b177b0385a6143b80c82b12c06588
BF3C653F28C66C1094A1BCDD59D17382,604,res/animation/fashion/ling/rw_ling_taozhuang_huanmulveying_head.atlas.gz,075c0d19e76ad222001bf48ddbba964b
DAE41F862D5B3AE52DA7E9A7CD5BDFEF,16795,res/animation/fashion/ling/rw_ling_taozhuang_huanmulveying_head.pkm.gz,98f238de6360f098fcabc46a2e46f8d7
28A1D1E62FBDE8A56202F65A6B3341C0,8828,res/animation/fashion/ling/rw_ling_taozhuang_huanmulveying_head.pkm@alpha.gz,749c34c5313699011a53dd57f52f91a8
725925DA46F83C423546FC88904C271D,348,res/animation/fashion/ling/rw_ling_taozhuang_huanshenqiangui_cap.atlas.gz,b27798db805c67d6bdd85bc289dba4fb
ACA0056DFD6DD05135098122D17A657C,1120,res/animation/fashion/ling/rw_ling_taozhuang_huanshenqiangui_cap.pkm.gz,4723ffc3677f672a8e18d3b93f6dde45
6A63898872D24E4FE6060EFFFE490A3B,1111,res/animation/fashion/ling/rw_ling_taozhuang_huanshenqiangui_cap.pkm@alpha.gz,debb78782bdcbd8a9d8c4a6931a780f5
1BE29028736893DB6E90D7C334CEA507,1105,res/animation/fashion/ling/rw_ling_taozhuang_huanshenqiangui_clothes.atlas.gz,10cd75402df25264c7ff2a079b21e724
2439C4405372CC5F94FEABDE9AFF96F8,32908,res/animation/fashion/ling/rw_ling_taozhuang_huanshenqiangui_clothes.pkm.gz,2330876a664776129da3ec32b378fb99
C1DEC81EB4051C6C97E1B306B695DEE1,18538,res/animation/fashion/ling/rw_ling_taozhuang_huanshenqiangui_clothes.pkm@alpha.gz,d21981c2313d46a90a2b5de71604d1bb
7CF98B93E1784BF1D4727A90844A9B27,545,res/animation/fashion/ling/rw_ling_taozhuang_huanshenqiangui_face.atlas.gz,50ff203f5cd11d31bb0b89542b1ac1d2
C9CA5C363556AA268557C1B97957B4FD,2118,res/animation/fashion/ling/rw_ling_taozhuang_huanshenqiangui_face.pkm.gz,9e3a9ff15a51d45b45b0ab0737fa2327
93C85B03272BCCC7D4A45CDC5480EAB7,1946,res/animation/fashion/ling/rw_ling_taozhuang_huanshenqiangui_face.pkm@alpha.gz,70e8f1d1313e8c46994c263a9f58dc9d
87E072E06B3A611635D5F9BAB250D8B2,594,res/animation/fashion/ling/rw_ling_taozhuang_huanshenqiangui_head.atlas.gz,9ce0c83d0ad921fc76b74d8b334e26f4
9D4DAB06F48F26739D9D59F25BA3984D,5587,res/animation/fashion/ling/rw_ling_taozhuang_huanshenqiangui_head.pkm.gz,ea5e7df40e52f768f5261b4ba01d250b
A63433142DBD2144FD49BE83C44A8D22,4112,res/animation/fashion/ling/rw_ling_taozhuang_huanshenqiangui_head.pkm@alpha.gz,b90e6ce132a03844df4d8bbdf67ce64d
198C565A6B2AF13E9C824AE1BD889E1D,345,res/animation/fashion/ling/rw_ling_taozhuang_huansuiyanxiang_cap.atlas.gz,e4a4539f223e483307e19dccbb81373d
C5943C6359129B7083A92CF265BAB4FA,1572,res/animation/fashion/ling/rw_ling_taozhuang_huansuiyanxiang_cap.pkm.gz,f7050750e8c9cbdc3dfe65d4fdd5781d
5065EDBDF424CCE07640F90E8BEC8A35,1415,res/animation/fashion/ling/rw_ling_taozhuang_huansuiyanxiang_cap.pkm@alpha.gz,8f08d99d24745b7a3f55664f93d35180
E73798C2EDD7BB090CD52255E3DA3532,1102,res/animation/fashion/ling/rw_ling_taozhuang_huansuiyanxiang_clothes.atlas.gz,31a2ba3c991e43285aeb891ebae74eda
5016B644D4173CA87DC7914F16563E2C,36831,res/animation/fashion/ling/rw_ling_taozhuang_huansuiyanxiang_clothes.pkm.gz,096232503aa195ea5b41be30c034e91d
4613A2DAACB342518C0DF4A79C0C8CDD,19268,res/animation/fashion/ling/rw_ling_taozhuang_huansuiyanxiang_clothes.pkm@alpha.gz,103b0ab5094fd4a2d0226cefc9bbce47
86772ACCF727AEB7DD254690FA4B73C5,543,res/animation/fashion/ling/rw_ling_taozhuang_huansuiyanxiang_face.atlas.gz,97789e9f695f90f71501ee247f8797db
15532A5E343FB48079C08F08E3436985,2048,res/animation/fashion/ling/rw_ling_taozhuang_huansuiyanxiang_face.pkm.gz,d452c1ca4bceda6add99cce5c0521f01
C49A0DDE1A51E8C70FE5FE5EEAD25DB3,1896,res/animation/fashion/ling/rw_ling_taozhuang_huansuiyanxiang_face.pkm@alpha.gz,d34e614650195adbf798a94d75cfd7a1
2785644DA9AE1EB72AA70FE20CA94447,593,res/animation/fashion/ling/rw_ling_taozhuang_huansuiyanxiang_head.atlas.gz,3084314734f59e4d5c6b792432f373a0
0D494C0BA6F5EB9061B473E36EB03CB4,11122,res/animation/fashion/ling/rw_ling_taozhuang_huansuiyanxiang_head.pkm.gz,e774ba4a1564a1641287722f73df95c3
D32EDCE31C65B549D8CF48830C820C21,9228,res/animation/fashion/ling/rw_ling_taozhuang_huansuiyanxiang_head.pkm@alpha.gz,22b27ffd803c55c79d8c89786aef0229
FA68E175A404A63DF9AAC431DF21283D,348,res/animation/fashion/ling/rw_ling_taozhuang_jiamianwuhui_cap.atlas.gz,32d8a586b0bbc98a4e0df988729bc909
DEC0954DBB9D0C8654F6933E306DEFD4,1953,res/animation/fashion/ling/rw_ling_taozhuang_jiamianwuhui_cap.pkm.gz,d273fe167622b30c3a5f09952f4ded7d
FBBD5B6136D78C810CBC955C828C40FB,1443,res/animation/fashion/ling/rw_ling_taozhuang_jiamianwuhui_cap.pkm@alpha.gz,82492ea64fb664c2c68893ae17f0e5e2
E71CAF039F39864DAAD46495581E28E5,1130,res/animation/fashion/ling/rw_ling_taozhuang_jiamianwuhui_clothes.atlas.gz,94d7119773fe53684505d6d071104686
8B71056514BE6C5B37EE6B6358ED7DD4,36756,res/animation/fashion/ling/rw_ling_taozhuang_jiamianwuhui_clothes.pkm.gz,0c575201e5cc81323ce4e8ea1842d946
A85C41B015290AA88732161A87503E76,21565,res/animation/fashion/ling/rw_ling_taozhuang_jiamianwuhui_clothes.pkm@alpha.gz,dcc03ba9335875d9305cce8642bb8c5f
94DA5C9A0448948991776BA693255D83,550,res/animation/fashion/ling/rw_ling_taozhuang_jiamianwuhui_face.atlas.gz,9f1f257873ac8d7145139799f373ee62
04917F1F2DED3017421410DD24D042DE,2218,res/animation/fashion/ling/rw_ling_taozhuang_jiamianwuhui_face.pkm.gz,0e0b117a9bf770e74f30a831432819aa
AB3DE399B25BEDEA480B440151C96CBD,2033,res/animation/fashion/ling/rw_ling_taozhuang_jiamianwuhui_face.pkm@alpha.gz,753595ad3d4faff1d43da48742278d4f
FC794B8DD5B5826DA9ACD8C5D74A4945,613,res/animation/fashion/ling/rw_ling_taozhuang_jiamianwuhui_head.atlas.gz,c9b451d50a093e659867ef2f4bc3f821
C05CAD089A573A627F4B3068292FEB74,14718,res/animation/fashion/ling/rw_ling_taozhuang_jiamianwuhui_head.pkm.gz,16ae4ecf3f0a478fff45aea524bc94b6
0DF88E2461E17EC74A9C28B12CB0817B,9310,res/animation/fashion/ling/rw_ling_taozhuang_jiamianwuhui_head.pkm@alpha.gz,a4137bb5e07f55b5311106c2b18c1a2b
258A589D7823061ACE7B4672AEDA0FF1,350,res/animation/fashion/ling/rw_ling_taozhuang_jiarishizhuang_cap.atlas.gz,62f5315625edd7cea6ceaa7c689273a9
D193207EE11C4F93CF42D1AA30D8A57E,2902,res/animation/fashion/ling/rw_ling_taozhuang_jiarishizhuang_cap.pkm.gz,a984b2683808112282d568877d1f1366
733C4E30B071EC2C657F36855C9CB9F6,1938,res/animation/fashion/ling/rw_ling_taozhuang_jiarishizhuang_cap.pkm@alpha.gz,81eed695a0ba6f02bc67ced150614d47
A0BB9967C9D59232F83D7608925996D6,1104,res/animation/fashion/ling/rw_ling_taozhuang_jiarishizhuang_clothes.atlas.gz,f8826af3aa1461b53a23838414a3e466
F739BBB2BDAE13D4C1AB126B98696F0F,44720,res/animation/fashion/ling/rw_ling_taozhuang_jiarishizhuang_clothes.pkm.gz,1d2376997d6ed0da4a76633548b75426
A68673AE9B5A9A0684A593763724907A,22909,res/animation/fashion/ling/rw_ling_taozhuang_jiarishizhuang_clothes.pkm@alpha.gz,499450fee9a5b39a61ab3fc9d20d4a40
3CE9AE366676A05BCA3596C2C752A871,543,res/animation/fashion/ling/rw_ling_taozhuang_jiarishizhuang_face.atlas.gz,f1fa91ec0c25af016696ac8796e82db5
DCF5E7BEAA26751CBDDD3EF3538353C6,2049,res/animation/fashion/ling/rw_ling_taozhuang_jiarishizhuang_face.pkm.gz,ff46501c8e1de84818887a8d0a63fc57
1C4CA739E39FA9ABBD93B5CDA033C965,1914,res/animation/fashion/ling/rw_ling_taozhuang_jiarishizhuang_face.pkm@alpha.gz,aaf0c8bffa4cd4114bd1ddb345f4e1d2
5E1B928ABDA090FE434D079F0D32B5EC,613,res/animation/fashion/ling/rw_ling_taozhuang_jiarishizhuang_head.atlas.gz,d55d1c203401e0bf1d662d8fae9d2e5e
058480D81BE223CA98B74C4A42C024F8,15969,res/animation/fashion/ling/rw_ling_taozhuang_jiarishizhuang_head.pkm.gz,6f501baccb48749ca3d92587d3e11d4b
664128A10B5553214055C47014ED212A,8962,res/animation/fashion/ling/rw_ling_taozhuang_jiarishizhuang_head.pkm@alpha.gz,8c7e13482d3cc2eff9c3af477e2db79e
B89DA0558B11E06A78157B8E68F997AC,321,res/animation/fashion/ling/rw_ling_taozhuang_konglongshizhuang_cap.atlas.gz,895be61901aedbdccf2cda89dca206d8
5501A2D53B8167D261B68F25F0C1A8AB,6404,res/animation/fashion/ling/rw_ling_taozhuang_konglongshizhuang_cap.pkm.gz,c69787523babd96ff72f2d1bfd3146a7
78180C2430C7A59753D4909E6897D769,3558,res/animation/fashion/ling/rw_ling_taozhuang_konglongshizhuang_cap.pkm@alpha.gz,19dd1e4212791a5bb7d243627a3fdbd9
5EA1B51349BF709BB2FA541E7F6F3957,1106,res/animation/fashion/ling/rw_ling_taozhuang_konglongshizhuang_clothes.atlas.gz,89938d8695ab8502212a786cf6a2a8e2
DAA890A729181430DD5232AAC2161D4B,41561,res/animation/fashion/ling/rw_ling_taozhuang_konglongshizhuang_clothes.pkm.gz,123f32070f8f45b46cd482f292920f4b
B9F947F829824FD0EDE4E3D4C18514D6,22034,res/animation/fashion/ling/rw_ling_taozhuang_konglongshizhuang_clothes.pkm@alpha.gz,57026eae2e04e3ece4e93888a8ff03d0
3DE912C286CC6F038FF74B86D0EAFC6D,599,res/animation/fashion/ling/rw_ling_taozhuang_konglongshizhuang_head.atlas.gz,5f564a01c74610c09cbda64d3e24f39c
0BD55F708791106A3FF592ED2E622D24,6660,res/animation/fashion/ling/rw_ling_taozhuang_konglongshizhuang_head.pkm.gz,ec6c797ee8e1768f716818a0b9c54a26
D6C895AC795D2D1D281ECD1A01626109,4528,res/animation/fashion/ling/rw_ling_taozhuang_konglongshizhuang_head.pkm@alpha.gz,8832c4aa2eaa3f54aed40e223ae6a5df
E75C307827760D8ABC9CFBF879B40563,347,res/animation/fashion/ling/rw_ling_taozhuang_liehuxingdong_cap.atlas.gz,78fcfa9c2e25f2d929d733fc5f5aaa1b
B5CCE0747FFA7D1F0D06FAFCDDBFC075,1473,res/animation/fashion/ling/rw_ling_taozhuang_liehuxingdong_cap.pkm.gz,d836d36bc15261dbf4365f0e72245c37
5CF9D0277EB5783820FB46B03CDE4838,1314,res/animation/fashion/ling/rw_ling_taozhuang_liehuxingdong_cap.pkm@alpha.gz,6d118693a9e393a58e1e0fe7fb3b7750
60C37B94C619C38814AD69E42026A81A,1129,res/animation/fashion/ling/rw_ling_taozhuang_liehuxingdong_clothes.atlas.gz,e2232402dde596e7612736cb537b80bd
81CDA346BE5F8898208383A36ADAD2A9,34144,res/animation/fashion/ling/rw_ling_taozhuang_liehuxingdong_clothes.pkm.gz,5b3f1cf420111e2574c03d129fa58e56
65C94890FD6D63FBEB70AC1DBE2991F8,18089,res/animation/fashion/ling/rw_ling_taozhuang_liehuxingdong_clothes.pkm@alpha.gz,a2d6ee2d7e7f6f4a799efd14e6ae95c6
1CB26E29E1753AA4E4CFFE7799A29A68,606,res/animation/fashion/ling/rw_ling_taozhuang_liehuxingdong_head.atlas.gz,a7cf17a9310d943e2d13077d42b6b233
50C9510C09DC52CDA17DA7AEBAAB3DF9,7558,res/animation/fashion/ling/rw_ling_taozhuang_liehuxingdong_head.pkm.gz,00ad963c12b486ba2b311c86c3cd51ae
B06A280B7487BEE79BC473D646CDEF25,5239,res/animation/fashion/ling/rw_ling_taozhuang_liehuxingdong_head.pkm@alpha.gz,84d4226fee590dbf056717c758e95723
8F4C8EE68F2E8B05B25B915B58F0A2BA,349,res/animation/fashion/ling/rw_ling_taozhuang_linyuanshouwei_cap.atlas.gz,c2894b6e05038c84ce27af1c995bf575
7FE560FD8586BAA37B16F0E692898BE5,2548,res/animation/fashion/ling/rw_ling_taozhuang_linyuanshouwei_cap.pkm.gz,068ab48542aa60d4bee9a52f1a0841e6
F3368B2D374F3CC15B3CDF6E7BDE6089,1957,res/animation/fashion/ling/rw_ling_taozhuang_linyuanshouwei_cap.pkm@alpha.gz,2a7fb2301158a6841461c19297870cbf
253F71FBE0675A21FCCCBB162E7C7AC6,1104,res/animation/fashion/ling/rw_ling_taozhuang_linyuanshouwei_clothes.atlas.gz,e3a860ccc55a26c32f0813b0e8dddc40
4439223D74DA5DAEA2F488580BAC3C14,36213,res/animation/fashion/ling/rw_ling_taozhuang_linyuanshouwei_clothes.pkm.gz,755be27ce4415723a77f915a775e370b
70CEF8CC58332EDD9D8172CC826062C0,20772,res/animation/fashion/ling/rw_ling_taozhuang_linyuanshouwei_clothes.pkm@alpha.gz,c40e0f8d016c42b5dbc6a1473aded4ae
F6B375A5433540252424F8A2B9F88AF9,544,res/animation/fashion/ling/rw_ling_taozhuang_linyuanshouwei_face.atlas.gz,9b6e7f933ae23e973aa1a5e85bd90c39
2F92F7304C7BAFC22F4C1AA234ED5FDD,2115,res/animation/fashion/ling/rw_ling_taozhuang_linyuanshouwei_face.pkm.gz,a92a361256cccfca860c072f162785ff
C4DF5F7D19E1EE842FDC0643FE6C9196,1978,res/animation/fashion/ling/rw_ling_taozhuang_linyuanshouwei_face.pkm@alpha.gz,978eadf19513e6ed8fc8cbadb081c067
F882F781E592DE93FA216003C8937A14,614,res/animation/fashion/ling/rw_ling_taozhuang_linyuanshouwei_head.atlas.gz,4e390decf4e495da6a87fa0c10e19cf7
02FFF2B0E8A3F568399313E869BDEAC5,16750,res/animation/fashion/ling/rw_ling_taozhuang_linyuanshouwei_head.pkm.gz,03cc71221bf3a24b900528dc94e6356e
B8E24A465A5C06936E8C0A68AC2A46B7,10397,res/animation/fashion/ling/rw_ling_taozhuang_linyuanshouwei_head.pkm@alpha.gz,a07947e046dee0a336001fff66f06df2
89591B13CBB9C4061DDEC944A1C20004,348,res/animation/fashion/ling/rw_ling_taozhuang_mijingjingling_cap.atlas.gz,dfbb9efa47ae621b05df45d39167d6b7
E41F411368F4740E0BE41B831109EBCD,878,res/animation/fashion/ling/rw_ling_taozhuang_mijingjingling_cap.pkm.gz,e1a84ed44cae3502a0eb197b7a7c2f23
5E59FA43A974015082F26D4972DE864A,826,res/animation/fashion/ling/rw_ling_taozhuang_mijingjingling_cap.pkm@alpha.gz,a93bd0f6218b0935f5dceedc2d6ae404
8EC349AD82B1FBF7D9313761FDED010F,1105,res/animation/fashion/ling/rw_ling_taozhuang_mijingjingling_clothes.atlas.gz,23710659f9cd25cbcd2f80e0e2e0a851
FBFAB84AF160E09FCB4456D6219F8008,30855,res/animation/fashion/ling/rw_ling_taozhuang_mijingjingling_clothes.pkm.gz,9b9d342dcafab345856faddab4d61155
6094F6BA7B4E11B050B6D663DF52832D,17875,res/animation/fashion/ling/rw_ling_taozhuang_mijingjingling_clothes.pkm@alpha.gz,a9780a59d5e6e1765fa09ef4a3606b58
2151E48F38730360A1B9F887BFDC7E29,543,res/animation/fashion/ling/rw_ling_taozhuang_mijingjingling_face.atlas.gz,7da09f814e79a52acd1d3d48a2ee833b
97D725B1173F406B1DBED81023CA9303,2241,res/animation/fashion/ling/rw_ling_taozhuang_mijingjingling_face.pkm.gz,b686b869995fe1d924c0f6aea941dc1c
9A83470711D1889CE0B171023247D48A,2080,res/animation/fashion/ling/rw_ling_taozhuang_mijingjingling_face.pkm@alpha.gz,1bd123c1abb696759cfc890b0afe985b
FC2FE2C353F48D30A9F7A0E1CEDB010E,613,res/animation/fashion/ling/rw_ling_taozhuang_mijingjingling_head.atlas.gz,2fc4214d69d19ba6e53618a310d79ac4
5C2EF545AF197513D8955097F96B778A,13875,res/animation/fashion/ling/rw_ling_taozhuang_mijingjingling_head.pkm.gz,b38feadb7f746d365a7118cfb61c04a2
2BA218068D8EE04D670A1D0CB789BC46,7987,res/animation/fashion/ling/rw_ling_taozhuang_mijingjingling_head.pkm@alpha.gz,465a4a1a61473af823c8cc401eb32045
B8B4EDC8208A48F46DF9C3AFC39AA4B9,342,res/animation/fashion/ling/rw_ling_taozhuang_mingxing_cap.atlas.gz,71bbf4d01e37df54af309a78d438c0cd
9606B0F87CA99548B7EC5692019B93B3,1504,res/animation/fashion/ling/rw_ling_taozhuang_mingxing_cap.pkm.gz,bdeae990c80688f7d9d09bfea8e3e468
3278448824E14223A1849C052652D904,1238,res/animation/fashion/ling/rw_ling_taozhuang_mingxing_cap.pkm@alpha.gz,792162d2dfa1bf3795f5eae2753ab0e0
07100313B85FE1E89EE98DB6D281F580,1116,res/animation/fashion/ling/rw_ling_taozhuang_mingxing_clothes.atlas.gz,d49b797db7a7463db01d459a6d6f5477
DA8AB92D322E5B86ECC01166F5A4D664,30857,res/animation/fashion/ling/rw_ling_taozhuang_mingxing_clothes.pkm.gz,362a0e480e5a53b93da414f1dab39648
F2F25A915297B6BA67F32E0D50CDCFD2,18186,res/animation/fashion/ling/rw_ling_taozhuang_mingxing_clothes.pkm@alpha.gz,e6700d8f9be0b4a1f80d7d24ce3f44ba
8430EB11F15A50611732FCCA53D1C962,552,res/animation/fashion/ling/rw_ling_taozhuang_mingxing_face.atlas.gz,c035425a98054bb8aa66d5e4e11e4e8a
A6A0454914A86151C3E72A00624C4D76,2090,res/animation/fashion/ling/rw_ling_taozhuang_mingxing_face.pkm.gz,3036cf1a22a19b526caf86d8e62d1e47
488CE96003681D2F7184B50DF5A4E0E8,1941,res/animation/fashion/ling/rw_ling_taozhuang_mingxing_face.pkm@alpha.gz,f6f2088e1d8ba01faf5441142369e91c
824595C04848C40DA1E4475F07550C5C,609,res/animation/fashion/ling/rw_ling_taozhuang_mingxing_head.atlas.gz,0dbc7cf4ec2c3be1eeb11ab298f4f158
2376ACEA64AA5DAEDDE219F6B06BE290,16629,res/animation/fashion/ling/rw_ling_taozhuang_mingxing_head.pkm.gz,ea97f8ada36710ff05e5f1ee016b642e
9B8CF6A1284DF8A9F58E1D90287E800A,7695,res/animation/fashion/ling/rw_ling_taozhuang_mingxing_head.pkm@alpha.gz,36ab808415bdde2cda3455635faed51c
CF9944A691ED12A407FA49C852F8DDF6,345,res/animation/fashion/ling/rw_ling_taozhuang_posuoyehuo_cap.atlas.gz,dd2fe8fa2a6a2707fe6919a0fa5d1115
C2091A9D508E97F8BD87672CCDF92C9C,1407,res/animation/fashion/ling/rw_ling_taozhuang_posuoyehuo_cap.pkm.gz,e083d4a3d87008a36116c6bf351158d2
C016B139B07289AD323AEB900B6B3360,1344,res/animation/fashion/ling/rw_ling_taozhuang_posuoyehuo_cap.pkm@alpha.gz,0ba981a563e7cf8e604caf911d1063af
1FADDE3E353E4A6F51815DCE4451DE8B,1124,res/animation/fashion/ling/rw_ling_taozhuang_posuoyehuo_clothes.atlas.gz,8fdff15cf2bd7bcd8df380c68a4a6469
308795956AAB16229C30261656398AE2,32071,res/animation/fashion/ling/rw_ling_taozhuang_posuoyehuo_clothes.pkm.gz,962725420a311c8e4f10dc876a618174
F2D9314FB280808C425CC5CC7388DAE0,17193,res/animation/fashion/ling/rw_ling_taozhuang_posuoyehuo_clothes.pkm@alpha.gz,557b660f7fc38bddbbdf39f41e506b6b
533AF73CFC18D1B92D72E3AFED3052EA,548,res/animation/fashion/ling/rw_ling_taozhuang_posuoyehuo_face.atlas.gz,fc7c35e9cd0354bba1c426b7ae04d968
158C3DA626CA067273B24EE462129A17,2187,res/animation/fashion/ling/rw_ling_taozhuang_posuoyehuo_face.pkm.gz,272db10e57c02d85a54777ab20ff4984
4387D4680E8354EDD33532F50EBED783,1998,res/animation/fashion/ling/rw_ling_taozhuang_posuoyehuo_face.pkm@alpha.gz,602550ddc3f3009c5fd12a0aa8c74afb
F6D39E24E5400F44C6FC83F6F0A7CB61,611,res/animation/fashion/ling/rw_ling_taozhuang_posuoyehuo_head.atlas.gz,d0f3b9e4081c42533bca33547c3a0024
63C734FD9C34669BF4D7EDF2548ADF05,13867,res/animation/fashion/ling/rw_ling_taozhuang_posuoyehuo_head.pkm.gz,dc988b8560579273c90f045a7e217619
F1F7BC8CAAAC674FF7A9ED06CFAD2A8A,6902,res/animation/fashion/ling/rw_ling_taozhuang_posuoyehuo_head.pkm@alpha.gz,4f7cc95d533d25581e79af23a75f7353
50BF2CE7C5137879A3F20F15484C2A6C,319,res/animation/fashion/ling/rw_ling_taozhuang_qingchengguangyao_cap.atlas.gz,fc168b20ac02f7b5ec554570e9b0b7c1
E689A30775BA06BC10D3ADE9C4DFEA5B,2626,res/animation/fashion/ling/rw_ling_taozhuang_qingchengguangyao_cap.pkm.gz,f584effa4120f368ed7ae889424c6171
6D72C4B1BE59C37D7C6B51924B36E52D,2106,res/animation/fashion/ling/rw_ling_taozhuang_qingchengguangyao_cap.pkm@alpha.gz,973b5ca3a0d0772338533d87552e2d62
0FE7C0AEC7BFA74C85670CFC965C6EF5,1115,res/animation/fashion/ling/rw_ling_taozhuang_qingchengguangyao_clothes.atlas.gz,da7069de32810fe9389ffefd01b4cab3
BA6877FFF9261CAC0572575953234E5F,28725,res/animation/fashion/ling/rw_ling_taozhuang_qingchengguangyao_clothes.pkm.gz,f7c52694967e1319efe5d25ffe7edaf7
6DDD3223C0600A5D614A596CD311E2A0,16700,res/animation/fashion/ling/rw_ling_taozhuang_qingchengguangyao_clothes.pkm@alpha.gz,4c1f5c9b13967dc254cfa0e19f65de80
66FFE8018A72F9174661D6E3529F90E5,571,res/animation/fashion/ling/rw_ling_taozhuang_qingchengguangyao_face.atlas.gz,1e64cb344c89233cc5bb874955e1e6ee
ACD927546423DADCB3A096512B4EB2A0,2516,res/animation/fashion/ling/rw_ling_taozhuang_qingchengguangyao_face.pkm.gz,9488a6a8f028609f6b5c8e2f5b40b654
B0C94F7C96A283D304A1215B451C5D0C,2188,res/animation/fashion/ling/rw_ling_taozhuang_qingchengguangyao_face.pkm@alpha.gz,6b50ef7ef3f416f2760bee19bd2eaeef
BFF56FFFB962AFC773D433D69379A85D,615,res/animation/fashion/ling/rw_ling_taozhuang_qingchengguangyao_head.atlas.gz,b63acdcd6904530795b379ee9b59eede
2DEE8B47613F49C90C11896DFD0184EA,14226,res/animation/fashion/ling/rw_ling_taozhuang_qingchengguangyao_head.pkm.gz,29b5e6d6c989c73fdde1309c9dcc74f9
3F6D5F4A2198BC994F0B4CA118344327,6422,res/animation/fashion/ling/rw_ling_taozhuang_qingchengguangyao_head.pkm@alpha.gz,5aa800e5dfeb39004555b2437cf2d249
E930B7CBE173D77956C2E3C39846F3BE,349,res/animation/fashion/ling/rw_ling_taozhuang_shanyaozhixing_cap.atlas.gz,a94a3b197dd6ab7059fe12843c3496fb
77E2F76B6A66090FB94E5FF74A12ADCF,2689,res/animation/fashion/ling/rw_ling_taozhuang_shanyaozhixing_cap.pkm.gz,c223eeb7638138d995e39ce0d038879e
240AA440036809106587B5DF68A61887,2294,res/animation/fashion/ling/rw_ling_taozhuang_shanyaozhixing_cap.pkm@alpha.gz,03f38f37202fc892dc20532517f425ca
8FF64EAC3604302EA6545F2C239BC2D9,1105,res/animation/fashion/ling/rw_ling_taozhuang_shanyaozhixing_clothes.atlas.gz,db72ddad292663aec6022b6221fd1dfc
0911C710C0EF098BFA840F80E89BEF0A,33188,res/animation/fashion/ling/rw_ling_taozhuang_shanyaozhixing_clothes.pkm.gz,0fabfa8194cd911b2889364c11a192b8
DE01E74550EE6B904134AAC2950B9B10,18469,res/animation/fashion/ling/rw_ling_taozhuang_shanyaozhixing_clothes.pkm@alpha.gz,f43ae08f1ab7bcac689cc9117f574b6a
D50EA5CDA1C6735435ED6C9EAB39A707,545,res/animation/fashion/ling/rw_ling_taozhuang_shanyaozhixing_face.atlas.gz,68072be39c90d4f8f3a31152f2791fa7
C4A067D7B7D8CBD5110B644E9348D91C,1955,res/animation/fashion/ling/rw_ling_taozhuang_shanyaozhixing_face.pkm.gz,108ec1f0868ae62dddfe3e4aed897e68
ADE3F25E852EBFAE9178C802B2E16D71,1802,res/animation/fashion/ling/rw_ling_taozhuang_shanyaozhixing_face.pkm@alpha.gz,907951279e20e56fbf035d0f0f12a98c
512402BB03D08F6A5DA1E175B1CD5C98,614,res/animation/fashion/ling/rw_ling_taozhuang_shanyaozhixing_head.atlas.gz,ae6834b76f948de2252c568d0b049afd
1D0650606E4805AF38B5F29D6920737C,14086,res/animation/fashion/ling/rw_ling_taozhuang_shanyaozhixing_head.pkm.gz,347daad5f0b714dd88b9932b42fbd428
553A8FF44E83B43FD9B6A00EC8F603AE,8829,res/animation/fashion/ling/rw_ling_taozhuang_shanyaozhixing_head.pkm@alpha.gz,9ca061c37573478a027a0e5241e50186
CB774170167335CE29AB576089001FEC,1104,res/animation/fashion/ling/rw_ling_taozhuang_shenbingzhiyan_clothes.atlas.gz,4efdd3d34eb5acf9ae1d741ec5692166
C57456DE5647E1B9A87D97CAB203333C,29977,res/animation/fashion/ling/rw_ling_taozhuang_shenbingzhiyan_clothes.pkm.gz,fd7b8543d149f8809ab19fa32a97f28b
0E7066FCCBFCAA188721962B4A9591F4,18583,res/animation/fashion/ling/rw_ling_taozhuang_shenbingzhiyan_clothes.pkm@alpha.gz,a20eeae3cd2568e4686596bd970f74e9
74A3C6F17DE1F830496BFDD08FF9849A,611,res/animation/fashion/ling/rw_ling_taozhuang_shenbingzhiyan_head.atlas.gz,893e0ccf204e601373d6dbdef1294daf
B77E7EBA4937173688D0E71ED4FE6B33,9971,res/animation/fashion/ling/rw_ling_taozhuang_shenbingzhiyan_head.pkm.gz,7a1a36557e004045e911ca8697b16408
A7ABEC9C6C07926D1E706997C8AE25A5,6684,res/animation/fashion/ling/rw_ling_taozhuang_shenbingzhiyan_head.pkm@alpha.gz,8d32e32be240aa8944d455b2597e07cd
707CDFCFCF344912018B0D26A5D80B51,341,res/animation/fashion/ling/rw_ling_taozhuang_shianaiqi_cap.atlas.gz,90d25862d125364f9e04547c103ead73
73B4DD603B6E16F53A2DFAF9791192C8,1466,res/animation/fashion/ling/rw_ling_taozhuang_shianaiqi_cap.pkm.gz,9033e1727f23dde7b4b1b33dc0ad4946
BFABE95C2F5C699EB86F7A4615D036B9,1465,res/animation/fashion/ling/rw_ling_taozhuang_shianaiqi_cap.pkm@alpha.gz,605571e34abd02296829233ea5f92273
01D68359E23BE7659C559ECD35726D62,1121,res/animation/fashion/ling/rw_ling_taozhuang_shianaiqi_clothes.atlas.gz,da3609a94c20bad494fdfcf2b2a4ed66
3BCB6D0472AB7B8B22B5F7FC5E795F9C,34376,res/animation/fashion/ling/rw_ling_taozhuang_shianaiqi_clothes.pkm.gz,fdd0636aed83be1bc69f884fb09a0661
FC6BF92ACE7C802C975A46C2C560DD02,19520,res/animation/fashion/ling/rw_ling_taozhuang_shianaiqi_clothes.pkm@alpha.gz,206cdbd9117e12a255dc97350cd3d481
A9AEA0C4B29F67678989B43AFFA7008A,551,res/animation/fashion/ling/rw_ling_taozhuang_shianaiqi_face.atlas.gz,7d97d18cf96d8e1059faa1c3738f1bb0
6F0E725C3C8694662AF7FA9431074673,2024,res/animation/fashion/ling/rw_ling_taozhuang_shianaiqi_face.pkm.gz,cbb06d52e000e4fa37cae139e77a2cc7
1D68297342AF4B89C76EDCB99D942F70,1887,res/animation/fashion/ling/rw_ling_taozhuang_shianaiqi_face.pkm@alpha.gz,5d30cd373d3d8677865c85c7f3256679
45F137A836271FEA9D6C86BCCBD21F3B,605,res/animation/fashion/ling/rw_ling_taozhuang_shianaiqi_head.atlas.gz,477ccfb64054075f5341275a2a7bee48
58EBD90E04B38D8D2DF862EE857F1E93,15798,res/animation/fashion/ling/rw_ling_taozhuang_shianaiqi_head.pkm.gz,d59446f5ed5fb2faafd014568e6a06fc
BB7ABA3858A522F4D73992E8ED70C667,10250,res/animation/fashion/ling/rw_ling_taozhuang_shianaiqi_head.pkm@alpha.gz,7ad1d937343bdcfcebe3f3a5b32bf65e
57EAF103EE6D73F03C80C672A6AC24F4,349,res/animation/fashion/ling/rw_ling_taozhuang_shuoranyanxiao_cap.atlas.gz,92d063e1dcaf05b454c81c86385d93e9
9EF0ED1A78049CDE3BBA44ED7BBCB3F0,657,res/animation/fashion/ling/rw_ling_taozhuang_shuoranyanxiao_cap.pkm.gz,c5b18764dbab0b47be26c86babfb4ceb
44F6C0EA44E5E2F7A1C109A0783E9CC0,636,res/animation/fashion/ling/rw_ling_taozhuang_shuoranyanxiao_cap.pkm@alpha.gz,0ec69c6b10bedd3527592b2b821ab6e6
12021C5323F77CBE24E2E7D708887528,1103,res/animation/fashion/ling/rw_ling_taozhuang_shuoranyanxiao_clothes.atlas.gz,3ac42cb2ec6fc39560827fd4c55fdec3
6C6582EDDDBE72AE20B1F2862A30D800,32827,res/animation/fashion/ling/rw_ling_taozhuang_shuoranyanxiao_clothes.pkm.gz,42876e6162f56ed18976aa72127d9960
6C891D3758F3F0303A576846785D185E,18452,res/animation/fashion/ling/rw_ling_taozhuang_shuoranyanxiao_clothes.pkm@alpha.gz,35c4b1e2ec13f89e40f8193842e537e2
D1E2C738AF8A5068439FF539F0C76B1E,542,res/animation/fashion/ling/rw_ling_taozhuang_shuoranyanxiao_face.atlas.gz,6778a2463c8d7f11ada468528e41017a
C8B5F965DA62613CAF8327687F822F25,2069,res/animation/fashion/ling/rw_ling_taozhuang_shuoranyanxiao_face.pkm.gz,480760a040f6ff0ed3321afbbfc6291a
AC40AB90F37B45B6512718758184B007,1920,res/animation/fashion/ling/rw_ling_taozhuang_shuoranyanxiao_face.pkm@alpha.gz,3d979d057df2e1bd88b3e8b2d448b5a2
E059812658AECE6FF7490386621B5689,613,res/animation/fashion/ling/rw_ling_taozhuang_shuoranyanxiao_head.atlas.gz,dc4749638d26c3a505fa4c6408179b3c
158DCD68C6699EAA53AE0837382DB4E1,11729,res/animation/fashion/ling/rw_ling_taozhuang_shuoranyanxiao_head.pkm.gz,f25e2058368b1dd1e797dcf75f504b1d
979E064386FB099605EAE5831EDC520B,7875,res/animation/fashion/ling/rw_ling_taozhuang_shuoranyanxiao_head.pkm@alpha.gz,8e9f389c20535ab024d8de9e92e979ed
D7546A167629CBA224C4608D60E57012,905,res/animation/fashion/ling/rw_ling_taozhuang_skin_anmieweiyi.atlas.gz,a1ff49d844ad4ab18956720a4a64db74
91D51CF86E0CB9CF94E84FDC32FF05C7,18008,res/animation/fashion/ling/rw_ling_taozhuang_skin_anmieweiyi.pkm.gz,b1c7681957b8660931d847f67af7a3f0
09037A6DB075D645BE6B09FBC8C2AFFB,14441,res/animation/fashion/ling/rw_ling_taozhuang_skin_anmieweiyi.pkm@alpha.gz,cb871423765cde6444bd05c4016dd03a
7C9B42A8E6362860953C0D43A5D0EEB5,921,res/animation/fashion/ling/rw_ling_taozhuang_skin_bianse02.atlas.gz,d8165030851d49163b4ba36badbb7261
DDCE2BC5C2852CA63D22CEBC92E91B88,3825,res/animation/fashion/ling/rw_ling_taozhuang_skin_bianse02.pkm.gz,bbc5662e8b5492894a8ce20e51347e24
D44518214C19D2303313216EF519B183,2077,res/animation/fashion/ling/rw_ling_taozhuang_skin_bianse02.pkm@alpha.gz,310e701de3aa256fb9f417d4fa3333d4
EBF7D3D7BC8C0AF2E9E26C9ABCA8935A,922,res/animation/fashion/ling/rw_ling_taozhuang_skin_bianse03.atlas.gz,dae04b950b526c60396a919e42b135e9
FF2F0B059FB374A946C0F0F97C1A2174,3852,res/animation/fashion/ling/rw_ling_taozhuang_skin_bianse03.pkm.gz,0f1b3475447afd90b8387ed868f114f5
EA7EF0EFC54C8C91E4189F8EA27A798D,2042,res/animation/fashion/ling/rw_ling_taozhuang_skin_bianse03.pkm@alpha.gz,b330cc2488c8ce4fc36082050f743b7d
1ABF6055E83BD8AB84AAF13F86A05054,920,res/animation/fashion/ling/rw_ling_taozhuang_skin_bianse04.atlas.gz,a479203c6bf75f9666a93cf0e54a323d
483374352EEF135E48CBDB2A1468B220,3929,res/animation/fashion/ling/rw_ling_taozhuang_skin_bianse04.pkm.gz,ccc1bd8c21bbb132b3ce1f05c4de3430
EF8BE18F857A3DF0CA9AE78BA968B41B,2077,res/animation/fashion/ling/rw_ling_taozhuang_skin_bianse04.pkm@alpha.gz,310e701de3aa256fb9f417d4fa3333d4
88E6DD80E46B98A907E3C9FB57655BA1,921,res/animation/fashion/ling/rw_ling_taozhuang_skin_bianse05.atlas.gz,88f0e2160ada895a0d038624a868e4ef
0AA307E5BD7EE434296639D26D65EE8C,3820,res/animation/fashion/ling/rw_ling_taozhuang_skin_bianse05.pkm.gz,01328f622ad887978a4e56f7fb1e46d8
AF6605DBCB65B0A685C3ED4D823119D5,2077,res/animation/fashion/ling/rw_ling_taozhuang_skin_bianse05.pkm@alpha.gz,310e701de3aa256fb9f417d4fa3333d4
3F7E50BB43363D416FD3A4E261302B12,930,res/animation/fashion/ling/rw_ling_taozhuang_skin_bianyuhaike.atlas.gz,92fc57b675a147163cad324f1a38cb9e
E9AF7852D261387FE7714F0182A3E387,2999,res/animation/fashion/ling/rw_ling_taozhuang_skin_bianyuhaike.pkm.gz,38a80b9b5996555901a16eca7d96998f
16A69C4D1106556ADB55A8C35FF3FDD9,1802,res/animation/fashion/ling/rw_ling_taozhuang_skin_bianyuhaike.pkm@alpha.gz,1280c8515634b952e2cbb5e747ca6987
8CB864D9D612AC0739A90D6417FF6509,879,res/animation/fashion/ling/rw_ling_taozhuang_skin_canglangdichen.atlas.gz,501543d95d99f5b52e86a2c5a4fb755c
5BEF6F596D86F747F17DB6ADBB5FB3C5,2978,res/animation/fashion/ling/rw_ling_taozhuang_skin_canglangdichen.pkm.gz,34d12cf45d63c971bc5a9b64e2190757
712148C7FA7F0ACEE66EE51F5B50B2F4,2961,res/animation/fashion/ling/rw_ling_taozhuang_skin_canglangdichen.pkm@alpha.gz,209ed59c36b349b170a6cd9aa259cdc1
AA5265B48BF8A078F119428330E7E0CE,939,res/animation/fashion/ling/rw_ling_taozhuang_skin_canglanhundun.atlas.gz,a23414721bb597b8ae18ab392b91b640
608744D791E7905A85B87BCF255F36D9,19035,res/animation/fashion/ling/rw_ling_taozhuang_skin_canglanhundun.pkm.gz,96e4418b664103af4f26a87acf543f0c
D1D9A4F656053A2FEDAC358C1E73D832,11364,res/animation/fashion/ling/rw_ling_taozhuang_skin_canglanhundun.pkm@alpha.gz,915d9af253ecf994f431b5f875451ce6
CDE5C0459952C2E85E93DDD0052FFA5B,983,res/animation/fashion/ling/rw_ling_taozhuang_skin_changqun.atlas.gz,5f04a4ca256b55f7dbb61cf55e001241
AAFFA8E14FCB46388F4AFE6C10C1A27F,257,res/animation/fashion/ling/rw_ling_taozhuang_skin_changqun.pkm.gz,c9926e55fd947833317373d0706bbc46
7C671EAD5247E3F34C28B46F049ECF09,257,res/animation/fashion/ling/rw_ling_taozhuang_skin_changqun.pkm@alpha.gz,c9926e55fd947833317373d0706bbc46
B8A320517A1533CA483A02501A6D2E8C,902,res/animation/fashion/ling/rw_ling_taozhuang_skin_chaomeng.atlas.gz,6b8ed92b3245ac1d9a597280ebf67446
E77F6DD2B8417304953675EE626540EA,2686,res/animation/fashion/ling/rw_ling_taozhuang_skin_chaomeng.pkm.gz,0e8a9892ff766c6ef0fc926744ae1d5f
64875B4B2B13617D0D536E0023387DD1,1746,res/animation/fashion/ling/rw_ling_taozhuang_skin_chaomeng.pkm@alpha.gz,8035c30c752a608d4e1431f6ee90a042
8E75D1BBE48F1A642B36BB255002C6A1,897,res/animation/fashion/ling/rw_ling_taozhuang_skin_chunbaishengqi.atlas.gz,48ec6d2a864b8c3fe80164a623bba544
9D71D6A2B5B3AD58E870B956C490FD56,17335,res/animation/fashion/ling/rw_ling_taozhuang_skin_chunbaishengqi.pkm.gz,d8cb75cbd877540ffe6038636807268a
395015E7322A60D7D390349695E393AA,7389,res/animation/fashion/ling/rw_ling_taozhuang_skin_chunbaishengqi.pkm@alpha.gz,6037a517a916cf2b6d2571159c10cd0d
E8B062C1481350DFE29532FFEC77A7C3,917,res/animation/fashion/ling/rw_ling_taozhuang_skin_dajiang.atlas.gz,811d55014fb7bf4842319603e1cc0735
928A0EFC929DE80027D7D63C2B9BE302,9012,res/animation/fashion/ling/rw_ling_taozhuang_skin_dajiang.pkm.gz,3accbe4ee7240431309c06b67c82ba1b
A08CB4154AC2B5ABE86A55C070CA3EDA,4368,res/animation/fashion/ling/rw_ling_taozhuang_skin_dajiang.pkm@alpha.gz,b4b82281fbf6821e3e9ba35496684686
FA5C98187F9C7B5506518BDBC3AD7209,983,res/animation/fashion/ling/rw_ling_taozhuang_skin_duanqun.atlas.gz,5f04a4ca256b55f7dbb61cf55e001241
FDF2AAE3A2077C68ABF0CFF599194F97,2845,res/animation/fashion/ling/rw_ling_taozhuang_skin_duanqun.pkm.gz,f659b2d01fb3160fdc5016b05bb5c739
C942A5A22107CF1FCB35BF5D2FCB09FB,1209,res/animation/fashion/ling/rw_ling_taozhuang_skin_duanqun.pkm@alpha.gz,9ad91fc651e7487bf7b5e61c6f42809c
24413019E26DA2DCD9A5142AB33C7C32,946,res/animation/fashion/ling/rw_ling_taozhuang_skin_guizuzhiyi.atlas.gz,e7048094a041d539982afac8be1bdcd3
1C0CD80C1B33E1C5D27F312D301FE96E,25463,res/animation/fashion/ling/rw_ling_taozhuang_skin_guizuzhiyi.pkm.gz,43f5a00d07717ffceb57b811f2092132
E48F766FF98ACF612FA168512A0F0044,10519,res/animation/fashion/ling/rw_ling_taozhuang_skin_guizuzhiyi.pkm@alpha.gz,8a9a4d9424a4aa6f045e457613d94c73
97E620E8DAFD43573C30D3A293CCD212,924,res/animation/fashion/ling/rw_ling_taozhuang_skin_guofeng.atlas.gz,09ba037712b33f0631b2a48416b71db1
93DD298C6F51904FE81925A1D96F40EC,3880,res/animation/fashion/ling/rw_ling_taozhuang_skin_guofeng.pkm.gz,b3cacf45c0d8be10829ebaadf8accaaa
78652A2AB6856CC70B16C7E6BAD39D01,2326,res/animation/fashion/ling/rw_ling_taozhuang_skin_guofeng.pkm@alpha.gz,1aa56e48bb7a832141176e8e6231786a
0CDABFCD95FD1EAD4E1A9D964506DE38,913,res/animation/fashion/ling/rw_ling_taozhuang_skin_haiyangpaidui.atlas.gz,dc11f19eb95c29521755b43ec7367fab
F217DA35CCF3E627877E7D762FED6C82,2049,res/animation/fashion/ling/rw_ling_taozhuang_skin_haiyangpaidui.pkm.gz,ac5845664227038ebf42b435ced515c5
82F8CA98B962BE7648A3F372036EEB10,1447,res/animation/fashion/ling/rw_ling_taozhuang_skin_haiyangpaidui.pkm@alpha.gz,13cc5c56fce80d5aa21a9342c9053e6c
8D8FF085ACDE115B7A95692184D685A9,920,res/animation/fashion/ling/rw_ling_taozhuang_skin_heizhishi.atlas.gz,d2cff6d5dc5777b7c33e4894e45641ec
9643C44D6ACB2ACE133E6F801EFDDA65,5538,res/animation/fashion/ling/rw_ling_taozhuang_skin_heizhishi.pkm.gz,db46270988f938223151f9709e4bda45
DE1D286CEC81D1AED7669B0A7B6BCCDF,2847,res/animation/fashion/ling/rw_ling_taozhuang_skin_heizhishi.pkm@alpha.gz,6eb30a8e37784efd05a1d6efdb771d0c
BA446DD2E3C06DB077EB2E2678F2F2D5,942,res/animation/fashion/ling/rw_ling_taozhuang_skin_hongyunyishi.atlas.gz,2b3529821a43b1ae63f6f08a93fa3849
903B677AF2802CAAAF2E277C6E283FDA,25637,res/animation/fashion/ling/rw_ling_taozhuang_skin_hongyunyishi.pkm.gz,4818dc8424191577599a937e14b27075
EF1E1DF2BD431F4CD6735D8C8E6131A0,9901,res/animation/fashion/ling/rw_ling_taozhuang_skin_hongyunyishi.pkm@alpha.gz,d78dfbd7ae542f7fb842fa70ce4506ea
A9B1B40EF7DA2E0D21D0FA0CA3FF43E1,935,res/animation/fashion/ling/rw_ling_taozhuang_skin_huangsejijia.atlas.gz,ad16ade1b2761c7472e85361126c96a7
1165B971A08549D1D5CE7A0D933C5418,14006,res/animation/fashion/ling/rw_ling_taozhuang_skin_huangsejijia.pkm.gz,49b0f2e755cbd84c472712345f99e900
E8FD1D184BA130E9EBF112FE5A7661F8,7422,res/animation/fashion/ling/rw_ling_taozhuang_skin_huangsejijia.pkm@alpha.gz,0ba1637a68f7259024474a82c2b96960
B21DDB26DC553574BE09CE65880B24F7,913,res/animation/fashion/ling/rw_ling_taozhuang_skin_huanmulveying.atlas.gz,3a7964bfcc6fd01eee7ec3ec5bb83bbc
A0D5D1CBE3918CFCB423D9686EB148B2,3422,res/animation/fashion/ling/rw_ling_taozhuang_skin_huanmulveying.pkm.gz,405c4c2766efe83e237da8664c425aaa
307D5A3109963DDC839B03E21A0936EC,2275,res/animation/fashion/ling/rw_ling_taozhuang_skin_huanmulveying.pkm@alpha.gz,a88b8b33aacb1441cb3775a2574c3080
D7B5F0BC7E36D063B103763C2C1DFF9C,942,res/animation/fashion/ling/rw_ling_taozhuang_skin_huanshenqiangui.atlas.gz,dc025c8c52f2b57341648edada86a641
A0D6ADDFA6B0F48BAE0FEE3A59180D17,6167,res/animation/fashion/ling/rw_ling_taozhuang_skin_huanshenqiangui.pkm.gz,3fe9a9b49987ba2d158cd87a95fd4160
3169D66E1790BDC5CBE79FF592305507,3481,res/animation/fashion/ling/rw_ling_taozhuang_skin_huanshenqiangui.pkm@alpha.gz,6de968f6b3886cc33ac28bccd347d2a9
B7CBA6B4A237C722B1CDFA380BDA5CD9,899,res/animation/fashion/ling/rw_ling_taozhuang_skin_huansuiyanxiang.atlas.gz,a997b78eabc77e6fdc8e605e6670ee1e
7F7EDF6F606E1405EF8BF7431D00575F,9640,res/animation/fashion/ling/rw_ling_taozhuang_skin_huansuiyanxiang.pkm.gz,8a6e5ad5765bf6069a0eca703fdb23cb
F3FD17C7B16AEFB1FC6B0790BF61E0EC,5256,res/animation/fashion/ling/rw_ling_taozhuang_skin_huansuiyanxiang.pkm@alpha.gz,8c4d61054971c7b04dd10da2cb531ae1
2DF5C513E2B6FDA934121BC205F45673,898,res/animation/fashion/ling/rw_ling_taozhuang_skin_jiamianwuhui.atlas.gz,2c4e7af47ada7ee530b087cdee024c21
3AC6AA722044CE012FC81791282E05A4,14706,res/animation/fashion/ling/rw_ling_taozhuang_skin_jiamianwuhui.pkm.gz,f2004c1c73034187d5c429b04e807d28
DD42E6B064BBD66F3EEFBE424FAA7EC7,7687,res/animation/fashion/ling/rw_ling_taozhuang_skin_jiamianwuhui.pkm@alpha.gz,c2c634fd4f4458c3df59c28bcfa0544a
31702932E70FDBF693D8FC9742E3D0E2,903,res/animation/fashion/ling/rw_ling_taozhuang_skin_jiarishizhuang.atlas.gz,be641e000628dea87a04b93da12fa158
28B92314C17EE49EC673CE0D36D562E6,13551,res/animation/fashion/ling/rw_ling_taozhuang_skin_jiarishizhuang.pkm.gz,24eaaae5c2d3c3062ca88c978862850d
7FF022BCB9D330EAB087A8458B598A9D,10126,res/animation/fashion/ling/rw_ling_taozhuang_skin_jiarishizhuang.pkm@alpha.gz,affd43178f73a4d0c2c13728a2ec68f9
E531659A263CDC0E3A23D464555BF87D,928,res/animation/fashion/ling/rw_ling_taozhuang_skin_konglongshizhuang.atlas.gz,07642cd693c66d4e29327628bc7ca12e
939CD17A5E9262283F4AB03DE3B4684F,3155,res/animation/fashion/ling/rw_ling_taozhuang_skin_konglongshizhuang.pkm.gz,731bd4a1d3b15c5cd9a10e83e23da0f8
7EC49E123B8E0F927F64A15E41795CB0,2464,res/animation/fashion/ling/rw_ling_taozhuang_skin_konglongshizhuang.pkm@alpha.gz,b5ca5120a310559c802dab8ff00dca3a
E297CAE496D9B59D7F9CAB93E764DBAE,913,res/animation/fashion/ling/rw_ling_taozhuang_skin_liehuxingdong.atlas.gz,6ce4ff0d76a7c662d25922c71de18c7a
31BFA9A27C468E220E809B0C76350344,3676,res/animation/fashion/ling/rw_ling_taozhuang_skin_liehuxingdong.pkm.gz,8195fbde024917b655f3c7c5a6ab0625
DD9A4747D741CE7F36B87791ACE9F02D,2151,res/animation/fashion/ling/rw_ling_taozhuang_skin_liehuxingdong.pkm@alpha.gz,d75c573bb314713b9b883026a4ff098b
2873F7D2EC1A091B2DDC4E6B7FE42068,931,res/animation/fashion/ling/rw_ling_taozhuang_skin_linyuanshouwei.atlas.gz,63243850aa8c4d5fb25bb5e9f01f4dda
DEC85171B13132D0D69DEC4998561417,4377,res/animation/fashion/ling/rw_ling_taozhuang_skin_linyuanshouwei.pkm.gz,f4136834359a0a235faa1afe8290a422
E9FC8480D1E00FDA6ACFFB9A981947A9,2457,res/animation/fashion/ling/rw_ling_taozhuang_skin_linyuanshouwei.pkm@alpha.gz,c5d40f64d8af3260ce369b1923be927e
430C39103B6DDDE47F2C2E6D510F732B,914,res/animation/fashion/ling/rw_ling_taozhuang_skin_maolingpifeng.atlas.gz,cc4d647492e95d56aea31bb5d6e873fd
474269157D736B4D4D759C25E94E740D,3971,res/animation/fashion/ling/rw_ling_taozhuang_skin_maolingpifeng.pkm.gz,8d72d00c1b4c4175d9bd53ceaf8c3b71
DA0491C252ACFB4D4AF8F16C75A9FAD8,2077,res/animation/fashion/ling/rw_ling_taozhuang_skin_maolingpifeng.pkm@alpha.gz,310e701de3aa256fb9f417d4fa3333d4
1C63A73A4C5040EF8F6725999A4B219C,904,res/animation/fashion/ling/rw_ling_taozhuang_skin_mijingjingling.atlas.gz,32b22da921b1c34bb9ec32119a350800
4CAE0E15D15304838C5EA77B2DDF5459,14654,res/animation/fashion/ling/rw_ling_taozhuang_skin_mijingjingling.pkm.gz,1e06a33d65cc7f85bb8e19465939f8da
7C8687EEF1BA6D8B1EEA22DB1C264479,9238,res/animation/fashion/ling/rw_ling_taozhuang_skin_mijingjingling.pkm@alpha.gz,419ef98758765931489601aa424d2087
28020DEA58E7D5EC7D8C64A340D48F5E,919,res/animation/fashion/ling/rw_ling_taozhuang_skin_mingxing.atlas.gz,7685a2b2276260f40e6cd6831e5bd73e
DFEBACFAB2B82FCAED5BDB3AB6CAD865,3182,res/animation/fashion/ling/rw_ling_taozhuang_skin_mingxing.pkm.gz,0c6de5a397672f045944cba312069bb5
24BB04AAE32A00F114C41D73A3EB3EA4,2177,res/animation/fashion/ling/rw_ling_taozhuang_skin_mingxing.pkm@alpha.gz,f2b6125f313e0eaee0e9ccba1307a819
B1A3DE74125DF7DF552F58C00907B4E1,946,res/animation/fashion/ling/rw_ling_taozhuang_skin_posuoyehuo.atlas.gz,1be87b2d23200e6a89c4c4e0fec4cff2
63B3169EEE253A7769175339C324D2D8,12515,res/animation/fashion/ling/rw_ling_taozhuang_skin_posuoyehuo.pkm.gz,900f44199dee0013f3f5f5da8e63e13e
42E993F51E6519D0D41256F6A1078C8A,8866,res/animation/fashion/ling/rw_ling_taozhuang_skin_posuoyehuo.pkm@alpha.gz,0f157fb6542f9c35105b2bb1f71db356
D08C0856A5F57191BB25E5CED5202FF7,912,res/animation/fashion/ling/rw_ling_taozhuang_skin_qingchengguangyao.atlas.gz,18aca350aba7fb4344953fc28a4bf539
A6720F299D7D84C0E6CF622BE477823A,18274,res/animation/fashion/ling/rw_ling_taozhuang_skin_qingchengguangyao.pkm.gz,887b4ffb647b6f95883335a07bc9bec4
CD97B497F436C3EDE480751B28AD51EA,10993,res/animation/fashion/ling/rw_ling_taozhuang_skin_qingchengguangyao.pkm@alpha.gz,3fa50d42dd1966bac7487f7ae81821d0
C56A487FE5F9067A639D937614946E04,939,res/animation/fashion/ling/rw_ling_taozhuang_skin_shanyaozhixing.atlas.gz,7b008db82b4082a3fb9fad5750504695
3B409CE5898A55240EE703784EFCDA7D,14064,res/animation/fashion/ling/rw_ling_taozhuang_skin_shanyaozhixing.pkm.gz,953ec40989adca3d53241524ee0086b8
53F9383BD78A7D1BD34D4E7F51CBF56F,7681,res/animation/fashion/ling/rw_ling_taozhuang_skin_shanyaozhixing.pkm@alpha.gz,7d961341f099bfb75dabe26ae6cc1d61
182A39D6B56F58CD6167068A2E3E8D60,939,res/animation/fashion/ling/rw_ling_taozhuang_skin_shenbingzhiyan.atlas.gz,1c60daeef629a55a8a3dcf0cd9ccbc42
EF9DA356CA48F032890442BE76175D98,12099,res/animation/fashion/ling/rw_ling_taozhuang_skin_shenbingzhiyan.pkm.gz,b18d75ef29a5aa6c4bc31a8398a560d0
9F530C4F1F61F1BB5F4CAD033E3A5952,7513,res/animation/fashion/ling/rw_ling_taozhuang_skin_shenbingzhiyan.pkm@alpha.gz,caec8729bfc19a480f364b663c10cd18
D8ADEB1017BD3C1B631A97ED8A2CB69E,919,res/animation/fashion/ling/rw_ling_taozhuang_skin_shianaiqi.atlas.gz,a3b394ea058a1383951bf1023c4670d1
622AC60B1E9C068A4DAB095618A50979,7270,res/animation/fashion/ling/rw_ling_taozhuang_skin_shianaiqi.pkm.gz,918bff3c5482662472f471150f48ab98
1DD7C9D1013E269674F82D341BC2FE1E,3918,res/animation/fashion/ling/rw_ling_taozhuang_skin_shianaiqi.pkm@alpha.gz,529a623ffcc8f20abeae0faf8912aa82
0527F33A0D25854CEE42ADC0F2EB3410,906,res/animation/fashion/ling/rw_ling_taozhuang_skin_shuoranyanxiao.atlas.gz,0b6d53ea79252a99c85b5e8347e9c548
2307044CF7EC1A3006CC22EB2B05C828,27924,res/animation/fashion/ling/rw_ling_taozhuang_skin_shuoranyanxiao.pkm.gz,677498823c1d67b427b54a32aa4ada49
2DFFEFFCDF6F3EC2BDCE92F7B91224C1,10625,res/animation/fashion/ling/rw_ling_taozhuang_skin_shuoranyanxiao.pkm@alpha.gz,75853dd7c1e908e53510f8acf2453cb4
8A0D67A3A67FB63A2343D1A21BF6DD5B,930,res/animation/fashion/ling/rw_ling_taozhuang_skin_tunianshizhuang.atlas.gz,bc06041e954ff552a6b7be5925d939c6
0E55B5FFB8C890308E46E8E28A474FD5,17138,res/animation/fashion/ling/rw_ling_taozhuang_skin_tunianshizhuang.pkm.gz,b1359f5a2d0e0a2fa6e9965bef43de77
28092D75B28F5081BC6A69BA91FEE3F5,8861,res/animation/fashion/ling/rw_ling_taozhuang_skin_tunianshizhuang.pkm@alpha.gz,9226744487595a906d1a228c43e7a6a5
725154788AA63348AC4C53F686900956,922,res/animation/fashion/ling/rw_ling_taozhuang_skin_xiaoyuan.atlas.gz,28cd9e772b4a3741bd35069a4e55da66
4D39A0F593AF3BFAB4BDA6E308F9EB0F,3411,res/animation/fashion/ling/rw_ling_taozhuang_skin_xiaoyuan.pkm.gz,7c263bdc673214c04085192f9c5921d5
99DA1A5CC1E6510B99880F71BFEF9BA4,2115,res/animation/fashion/ling/rw_ling_taozhuang_skin_xiaoyuan.pkm@alpha.gz,46ba650bd973ae51b7d42e4bd025457e
858A7020A28E758379B17CAB60E0D017,914,res/animation/fashion/ling/rw_ling_taozhuang_skin_yehuanlanshan.atlas.gz,1dc3122db6038cff64596ac259cd1653
23B07F6B50AC8EA4881B80DA78392C3E,14451,res/animation/fashion/ling/rw_ling_taozhuang_skin_yehuanlanshan.pkm.gz,13b65ff6a15cc71f68d3d1269770211d
FE86519D191A6B207B94FB8DD01DE7CF,5716,res/animation/fashion/ling/rw_ling_taozhuang_skin_yehuanlanshan.pkm@alpha.gz,371a38462512acba0c12e9f6ca78bb2d
140FC167B38525D4B06FF9FB5367C985,911,res/animation/fashion/ling/rw_ling_taozhuang_skin_yetingwanzui.atlas.gz,c4618c69b6f8797c83104a1e41159dec
162F89E1C2D2585EB2128C54BB9F4DFB,13862,res/animation/fashion/ling/rw_ling_taozhuang_skin_yetingwanzui.pkm.gz,19683a92497ba2baa6dff1ba08b80cea
191C4B30FB3587E0E3649EDA7DE3A3E7,6148,res/animation/fashion/ling/rw_ling_taozhuang_skin_yetingwanzui.pkm@alpha.gz,21a99915342f994f3c360539673af03d
86D3A2F0A908362E96943215A31C83A1,913,res/animation/fashion/ling/rw_ling_taozhuang_skin_yongzhuang.atlas.gz,4d2536fad63ad479cb946a089b989d6c
F9B5D45C4C9B28BB7DD3A4BA11886DBB,3427,res/animation/fashion/ling/rw_ling_taozhuang_skin_yongzhuang.pkm.gz,b3d1b7c7b8b670ad0a63fca11923088a
36B5528F1390A19CEC567C6470F09D72,2229,res/animation/fashion/ling/rw_ling_taozhuang_skin_yongzhuang.pkm@alpha.gz,aecdb47e56a87ba8876ecd6baa20bfb2
6187A899B255BD4FA323C8D8AF1B69DD,920,res/animation/fashion/ling/rw_ling_taozhuang_skin_zhongyanqishi.atlas.gz,5c7952eceeaa31ac733baefd8eafa3aa
BB6EBB0C053674CD9938EB2CAA6DB013,17876,res/animation/fashion/ling/rw_ling_taozhuang_skin_zhongyanqishi.pkm.gz,a759e5b954f063a5e28e8934be9fa518
613F97762545208E157E79CFC3C39885,10092,res/animation/fashion/ling/rw_ling_taozhuang_skin_zhongyanqishi.pkm@alpha.gz,e188a4f133e84043019580bf44c4ab83
A12D112A69DE46367AC43F6A69A748DC,914,res/animation/fashion/ling/rw_ling_taozhuang_skin_zhuyingzhixin.atlas.gz,3fd4344784926213555c46139b9c7689
682FE02E66305A54AEE53526CA64E4BB,6959,res/animation/fashion/ling/rw_ling_taozhuang_skin_zhuyingzhixin.pkm.gz,1e5caa5761cf0ef643684b94723faa8d
E987955E170252A3E1CA19C75BB08500,4975,res/animation/fashion/ling/rw_ling_taozhuang_skin_zhuyingzhixin.pkm@alpha.gz,ed0e91bfb426c1b564bf27f1194f6fd9
C4112600415EBEA6D126C204888E12BA,344,res/animation/fashion/ling/rw_ling_taozhuang_tunianshizhuang_cap.atlas.gz,19a1f7801791666046215385796d62a6
34A8513B43871CF039629B112728216B,1845,res/animation/fashion/ling/rw_ling_taozhuang_tunianshizhuang_cap.pkm.gz,09370ad790fcc095def9b05317e282bd
D5464A8909ADD4C5CE75A319EFA10F65,1691,res/animation/fashion/ling/rw_ling_taozhuang_tunianshizhuang_cap.pkm@alpha.gz,9d9d0ea22a85caf04ef446a410990ee2
0C4576FC4A2AE70667E981BC9CFAADE5,1101,res/animation/fashion/ling/rw_ling_taozhuang_tunianshizhuang_clothes.atlas.gz,64a923cfa70991ab901093cabbcbb2d7
C05E5F4976FA75B2301F20CFCF505C9D,29307,res/animation/fashion/ling/rw_ling_taozhuang_tunianshizhuang_clothes.pkm.gz,9cc7fc27d50dc18b9c25d85c3c745541
9CC89E81D205E37834D08D3C05D4DECB,16223,res/animation/fashion/ling/rw_ling_taozhuang_tunianshizhuang_clothes.pkm@alpha.gz,9356153cb802ee58077a64e4473872e0
3C8F9BA66593D242D7D6EF366C69CD8B,541,res/animation/fashion/ling/rw_ling_taozhuang_tunianshizhuang_face.atlas.gz,e398ab73f9299506265480de0a4b4d3a
6F7A39270F9F04EAB2D80F161D3D98D5,2439,res/animation/fashion/ling/rw_ling_taozhuang_tunianshizhuang_face.pkm.gz,457ca61824c96c2823f36c1cb8036a87
856628DCAC656927D1EEBB36E5B34F58,2147,res/animation/fashion/ling/rw_ling_taozhuang_tunianshizhuang_face.pkm@alpha.gz,b59c94eca9a13b01defbd39814b19cb9
0111E6F2B354E87DA8A8DFEF48C6EB56,591,res/animation/fashion/ling/rw_ling_taozhuang_tunianshizhuang_head.atlas.gz,37c56bb37e9d7d6b76f569a8799714ff
56FCF456A320AF196346C316D85993EF,14447,res/animation/fashion/ling/rw_ling_taozhuang_tunianshizhuang_head.pkm.gz,6f655a3e42e22e12389692ad7dc9eb7f
DC592B8453103EE8E95C9F966E8A3DAD,9056,res/animation/fashion/ling/rw_ling_taozhuang_tunianshizhuang_head.pkm@alpha.gz,ff83cbdd407fececae99024a29c4284f
D197F3A8D1957668DB1E3BAE3E4BD82B,337,res/animation/fashion/ling/rw_ling_taozhuang_xiaoyuan_cap.atlas.gz,ec2efef838221dae9f0701ebbcf03b3f
24645707787E37CDDD01B67531973AE0,831,res/animation/fashion/ling/rw_ling_taozhuang_xiaoyuan_cap.pkm.gz,339e27cca2ebea62340f89efdea3637a
D792DC839A5B2B8FF90552DB9C554577,777,res/animation/fashion/ling/rw_ling_taozhuang_xiaoyuan_cap.pkm@alpha.gz,e5f174cfae51dcc435f41f3df2a7cc74
3ACA49FCB8CFE29D0A643F246AB6979B,1116,res/animation/fashion/ling/rw_ling_taozhuang_xiaoyuan_clothes.atlas.gz,c0d56c392dd1c99d453503809dbc7705
E68CA53CA3A7E8987642E49959F56E5F,29440,res/animation/fashion/ling/rw_ling_taozhuang_xiaoyuan_clothes.pkm.gz,7419e6cbfd5d661808917faec2a80cf8
0C8CCB7525A44ED4C4E766090843E4D6,18787,res/animation/fashion/ling/rw_ling_taozhuang_xiaoyuan_clothes.pkm@alpha.gz,5c65dbcbc5d913cc7626c9a114548797
024F1E6D8399537D70A4C0FB0A4F7F1E,631,res/animation/fashion/ling/rw_ling_taozhuang_xiaoyuan_head.atlas.gz,6b97f5a09596a3253cf640707ed301de
949DEB0271DAEA1B25E1B35FDA30751E,9475,res/animation/fashion/ling/rw_ling_taozhuang_xiaoyuan_head.pkm.gz,6827e3c01abe859a27f282c3ae974cca
5CDADF6062CB130932AC8EEAE4537A45,5357,res/animation/fashion/ling/rw_ling_taozhuang_xiaoyuan_head.pkm@alpha.gz,388c36cced282e6fedc750cc76bb3b7b
11A6405D1073287CA4EA7B6734AAE20B,346,res/animation/fashion/ling/rw_ling_taozhuang_yehuanlanshan_cap.atlas.gz,a0ea788b4befa52b26eaedbda947b76d
E0127F1CB97EB456AE5C9923FF13A8AC,915,res/animation/fashion/ling/rw_ling_taozhuang_yehuanlanshan_cap.pkm.gz,6d95850cbb9828a1ad96bf39faa5d943
554A01C1388ADF4882E7BBED6EA4BA01,905,res/animation/fashion/ling/rw_ling_taozhuang_yehuanlanshan_cap.pkm@alpha.gz,2d2ca2a6b3c0f2b0803ff586d10e6162
189EA3D782FF2F2781480721C1595B1B,1129,res/animation/fashion/ling/rw_ling_taozhuang_yehuanlanshan_clothes.atlas.gz,2c4a91ba1469b090312d7a2052b38f1f
B16B178333595356FC40A51DAC86278A,34539,res/animation/fashion/ling/rw_ling_taozhuang_yehuanlanshan_clothes.pkm.gz,a47eabadc8354fcd73ba0b4e1647cf50
39E508AE1F753160D60F0979B845190A,18089,res/animation/fashion/ling/rw_ling_taozhuang_yehuanlanshan_clothes.pkm@alpha.gz,fadbd51ed6448c632ae8cf3abf07882c
7A13B5E7C01179AD9AB0BAD71EFC8CB0,547,res/animation/fashion/ling/rw_ling_taozhuang_yehuanlanshan_face.atlas.gz,60a1be7539e5c7e4953b4e44cbcb3b0e
259DD1849DF64033FB41F8180D472F37,2212,res/animation/fashion/ling/rw_ling_taozhuang_yehuanlanshan_face.pkm.gz,dbadd8693c7335a459d6833af9c01a0a
1BA6821C4CB1183E6CF1D0A49D761D99,1977,res/animation/fashion/ling/rw_ling_taozhuang_yehuanlanshan_face.pkm@alpha.gz,fd7ee355c426a1273b68df3403ae024f
2AF80D16A45DEFDB1530A516711ADE1E,610,res/animation/fashion/ling/rw_ling_taozhuang_yehuanlanshan_head.atlas.gz,189c7b49fdb561932b263c656ed2feac
891DC637F6B6DD87999AE8248C6A6FA6,20073,res/animation/fashion/ling/rw_ling_taozhuang_yehuanlanshan_head.pkm.gz,ff624a91220015c3bd05c8a5f46f348a
5232EE0F189BDF4FFAEEF09E8596DDDB,9954,res/animation/fashion/ling/rw_ling_taozhuang_yehuanlanshan_head.pkm@alpha.gz,23978b7be499fe29b1ab28241316a327
23A05CF96B05D2035B7FA3163B879B93,346,res/animation/fashion/ling/rw_ling_taozhuang_yetingwanzui_cap.atlas.gz,26a12c9a318f281830414607f438e87c
D10B241D47C1BB7378F2FA7D1DAF77B5,1114,res/animation/fashion/ling/rw_ling_taozhuang_yetingwanzui_cap.pkm.gz,dffec91d44054f63956aa055780b1256
9C76BCBAAE986A6A7AEC6E633333142D,1099,res/animation/fashion/ling/rw_ling_taozhuang_yetingwanzui_cap.pkm@alpha.gz,174590b4500b5ba95801dc1f04a8a442
EFEA2D1643295E02727D72A5EA709FB1,1130,res/animation/fashion/ling/rw_ling_taozhuang_yetingwanzui_clothes.atlas.gz,9604718b6a4cefcdbc17f5c6756dc8d9
B3E9063587E407CDAD91B33AD502AB12,26686,res/animation/fashion/ling/rw_ling_taozhuang_yetingwanzui_clothes.pkm.gz,25606c256457f3c4fc6a14b4bf44257d
71C1BECE53A79321F2B805EFC7A04B99,18140,res/animation/fashion/ling/rw_ling_taozhuang_yetingwanzui_clothes.pkm@alpha.gz,e595761a4f8a8a0f28aa98de2c2248bc
173DA9226F814BFD7049C634A07F030C,613,res/animation/fashion/ling/rw_ling_taozhuang_yetingwanzui_head.atlas.gz,bf0a2e26154dc4a9745d85308957b034
0F91B7CB5489D3302193F972C652FEBE,25450,res/animation/fashion/ling/rw_ling_taozhuang_yetingwanzui_head.pkm.gz,5b526c6432b83c5b6bb39436e86dad44
E70C6DAF71FEA5308C529CCEB28D0111,11083,res/animation/fashion/ling/rw_ling_taozhuang_yetingwanzui_head.pkm@alpha.gz,5660e7f9af4d51e5f1522f955674b730
61389ED47CB3BFF93A00AC9C49B0B2A3,344,res/animation/fashion/ling/rw_ling_taozhuang_yongzhuang_cap.atlas.gz,2f6f5fcb5d831c5ed3032afed46046c6
46A90809961FF9482460AC763D3B88B1,4344,res/animation/fashion/ling/rw_ling_taozhuang_yongzhuang_cap.pkm.gz,865b13daf8662dacc75a11b080b039a8
68D45A30B16087C50BED433811A1F308,2227,res/animation/fashion/ling/rw_ling_taozhuang_yongzhuang_cap.pkm@alpha.gz,055a071294eaaaabb11d3923c8e58047
9FFB6B790D61EFFB95C258CF9E5B3661,1125,res/animation/fashion/ling/rw_ling_taozhuang_yongzhuang_clothes.atlas.gz,6d4143c6922833aca82bc1c244a0f7b3
94CBA224F5A9287AD355A96FDF612F39,29963,res/animation/fashion/ling/rw_ling_taozhuang_yongzhuang_clothes.pkm.gz,cdc2597c7f9651822091d7765f094205
AE3C2715C3406503A3BE1778F12165AD,19710,res/animation/fashion/ling/rw_ling_taozhuang_yongzhuang_clothes.pkm@alpha.gz,1ec864db1f601fa804d61f9b20a2ed86
7C8CD6161649DB84548ACB8F8D3D5219,612,res/animation/fashion/ling/rw_ling_taozhuang_yongzhuang_head.atlas.gz,e7681d7513f5ba1e3cfece3aa9e4fe40
FF2903DEAD5BCBA494BFC85743A7FDB1,15655,res/animation/fashion/ling/rw_ling_taozhuang_yongzhuang_head.pkm.gz,3f0a0c4f098e99a9a97ce49ec7781dcd
CD1E578EAD63AD399BCAD94F4C45352B,8161,res/animation/fashion/ling/rw_ling_taozhuang_yongzhuang_head.pkm@alpha.gz,1eb2420835cad430de37443ff5884ecf
9B8C3536DA0E47AAD18367B0D44645BA,346,res/animation/fashion/ling/rw_ling_taozhuang_zhanyitoukui_cap.atlas.gz,c0abba20311060f9c8949ebfeb64e5af
C02D67E472BD7633D396943916001CE4,3732,res/animation/fashion/ling/rw_ling_taozhuang_zhanyitoukui_cap.pkm.gz,25d9ada4216f0fdc09f8087b9f00b0e9
9A9A554DD58644F4F0D746368D3908BF,2537,res/animation/fashion/ling/rw_ling_taozhuang_zhanyitoukui_cap.pkm@alpha.gz,b91473483d30effbeeea1638abd3b9f0
239CC6F9552253F757424BE6054E1E2B,348,res/animation/fashion/ling/rw_ling_taozhuang_zhongyanqishi_cap.atlas.gz,cba4a5445a4d9760374488b09088331b
EDBBD3B16D3E533845009666BCB18350,2047,res/animation/fashion/ling/rw_ling_taozhuang_zhongyanqishi_cap.pkm.gz,5b33c11a4e3502e27368b908c03e4501
65742E5A715D413857AC0B982D070224,1936,res/animation/fashion/ling/rw_ling_taozhuang_zhongyanqishi_cap.pkm@alpha.gz,2c970c991e67ed5dd0cd5eeb25d17c3c
E558EFFDA8273FDA4CC6AF8608203AB7,1132,res/animation/fashion/ling/rw_ling_taozhuang_zhongyanqishi_clothes.atlas.gz,3d12d0ef95b7206f06fb8e5f48952013
FE8BAD0D13DF3BAECF214650973C8B01,35901,res/animation/fashion/ling/rw_ling_taozhuang_zhongyanqishi_clothes.pkm.gz,31db67d49cff910ef89db377a6d3ea50
52505B74AA669925E47033DD24EA4EE1,20240,res/animation/fashion/ling/rw_ling_taozhuang_zhongyanqishi_clothes.pkm@alpha.gz,fcc08e874331aa3d31ad01502786a793
4DDDE468237D91EB552F37C46DAE0E5C,550,res/animation/fashion/ling/rw_ling_taozhuang_zhongyanqishi_face.atlas.gz,5cd422f7d16386f7915ae368cda99c31
99FE262C24AC73F98E3FC29ADFFB706F,2223,res/animation/fashion/ling/rw_ling_taozhuang_zhongyanqishi_face.pkm.gz,1f2d773cb32be9de05e321e730fa3172
7E1C304A106F5A1EBCE590AC2CBAC802,2060,res/animation/fashion/ling/rw_ling_taozhuang_zhongyanqishi_face.pkm@alpha.gz,8ea216fce20fe4384551b977630c32e4
3BCE7393347DE276831C4F8279AB8D39,606,res/animation/fashion/ling/rw_ling_taozhuang_zhongyanqishi_head.atlas.gz,9bd07953d4faf137d3b9d5bc1711498e
31FDB6097B923F884030293ABEA6D262,14017,res/animation/fashion/ling/rw_ling_taozhuang_zhongyanqishi_head.pkm.gz,962039843e8dd906994f2ab0d6956e7f
B0164CCD991D3F5DB93CC154FCD3FE94,7047,res/animation/fashion/ling/rw_ling_taozhuang_zhongyanqishi_head.pkm@alpha.gz,9b7c99c88b049c40c9b1b78df7e2e309
6DE3AE42FFCFB82E41F4229E3A760402,1131,res/animation/fashion/ling/rw_ling_taozhuang_zhuyingzhixin_clothes.atlas.gz,30487e4baa4f57f8c68b78ae337302a5
89FB67FB7D63123BC2A6B20B4D964E15,30455,res/animation/fashion/ling/rw_ling_taozhuang_zhuyingzhixin_clothes.pkm.gz,cb8f68831ef997bbb4711fd6c46c636b
40CE219548900E235178E5CAF0244FFB,18635,res/animation/fashion/ling/rw_ling_taozhuang_zhuyingzhixin_clothes.pkm@alpha.gz,4332d040019594dd7a886f5fea1db4c5
BE2F95CB3B4A68FE1ACFF6CE7D978FEF,608,res/animation/fashion/ling/rw_ling_taozhuang_zhuyingzhixin_head.atlas.gz,cb8024ecfa1767dbd5fc555929fae0ba
8049E246AE887F168105AF47DE8CE992,8190,res/animation/fashion/ling/rw_ling_taozhuang_zhuyingzhixin_head.pkm.gz,96a3ccf1b2b6ff8d8429bc3d94c2b725
37A0F88AF0163372FF12AFBEE8C9E1BE,5567,res/animation/fashion/ling/rw_ling_taozhuang_zhuyingzhixin_head.pkm@alpha.gz,d22e132feb10534510493e98674276ca
DDEBDF9316B60C0EE9723D63B0D13665,1532,res/animation/fashion/shenyue/rw_sy_body.atlas.gz,764504ed6ec6e9df3621542de42db1c0
B2B523CE92DDD2703B7ADE28F7BDF594,99709,res/animation/fashion/shenyue/rw_sy_body.pkm.gz,78f08a70078d7fd0d80507bb4efe63de
35E57298030ECCBE19B82DC3327B8506,74797,res/animation/fashion/shenyue/rw_sy_body.pkm@alpha.gz,3457fcf29a199b8730a4aaf9467c06c9
41236321962F1A540D5D5F716DE67C47,454,res/animation/fashion/shenyue/rw_sy_sanjian_aiyimeigui_face.atlas.gz,6671393f8ccf7e2db2e9b25e68f0392a
3A6B55BA9FD4BFFB95D1B29FB0A18543,2079,res/animation/fashion/shenyue/rw_sy_sanjian_aiyimeigui_face.pkm.gz,28c31232a740d7b0f69974d3f6d24f05
1405E9848122DB36B1B2A5B29E1E86CA,1654,res/animation/fashion/shenyue/rw_sy_sanjian_aiyimeigui_face.pkm@alpha.gz,1e8d02115cae18681717b2e1347c5013
C410060BA2747E00AB4B2E4AF81D8788,454,res/animation/fashion/shenyue/rw_sy_sanjian_bengdaiyanjing_face.atlas.gz,4c06dec4d7fc32cef0c09afc86594e64
D8B60E3D3535C3F8A0F8E13877197E61,2001,res/animation/fashion/shenyue/rw_sy_sanjian_bengdaiyanjing_face.pkm.gz,112ab2074f6bf330d2868f7eea4b6d1e
F30A4D9E51C4C7F4089102B417476BB3,1598,res/animation/fashion/shenyue/rw_sy_sanjian_bengdaiyanjing_face.pkm@alpha.gz,178032a7a905b86122e092d1fb8c3727
15E31A3401F147C7B6E055E3FEB15F55,333,res/animation/fashion/shenyue/rw_sy_sanjian_caoyetoushi_cap.atlas.gz,4c500f3d5674cc817e3845b7136519a5
D208013B583E8594D080CABFDFDEB07F,925,res/animation/fashion/shenyue/rw_sy_sanjian_caoyetoushi_cap.pkm.gz,2541bd149f76d11bc9eae5193b63bd27
E00ED840BD4818E08BD56318564A4697,864,res/animation/fashion/shenyue/rw_sy_sanjian_caoyetoushi_cap.pkm@alpha.gz,206646c2e6848d5ae5d2773e54d56459
C27A85749BF5CA4204C985B6876AB690,452,res/animation/fashion/shenyue/rw_sy_sanjian_danbianyanjing_face.atlas.gz,acdae1e918fe4ffeea55932e211c5312
6932DE77B3A46DF8C4FF177FEC4202F8,1890,res/animation/fashion/shenyue/rw_sy_sanjian_danbianyanjing_face.pkm.gz,be998cff96504ff2bdfa4c2f052fe53a
15C2C003CD71EF6D613B9AEDEE804BB0,1527,res/animation/fashion/shenyue/rw_sy_sanjian_danbianyanjing_face.pkm@alpha.gz,4c5788e8b1a521be42f6fb5f076d65b5
250FB407666A220C8128462203A9BBDD,454,res/animation/fashion/shenyue/rw_sy_sanjian_dongganyanjing_face.atlas.gz,8cfa8ed30478bcbbad4500c9f9b967d8
B774ACB6BAEDE210448659FD754935CD,1894,res/animation/fashion/shenyue/rw_sy_sanjian_dongganyanjing_face.pkm.gz,41f9c910c6712d3054c7c235aca34a8e
B83DBB7C029B87247A81579F16BF6DAD,1601,res/animation/fashion/shenyue/rw_sy_sanjian_dongganyanjing_face.pkm@alpha.gz,acf3daab1e929badc81eed42e5907751
3BDF3F29D0738B2AC0C827459FFAF561,333,res/animation/fashion/shenyue/rw_sy_sanjian_dujiaotoushi_cap.atlas.gz,253e1f562e49a2ab9fe3b5a1667b97bc
B8C37DC887E2B1BFBD0364CFA694A2BD,727,res/animation/fashion/shenyue/rw_sy_sanjian_dujiaotoushi_cap.pkm.gz,363e737d7d17104e4f5c7a87625a3ad5
98436AD6980D08DD0DDE1E8036954EF0,678,res/animation/fashion/shenyue/rw_sy_sanjian_dujiaotoushi_cap.pkm@alpha.gz,f3a8411e6f16c0f8cf5c3351ea021360
D17F11F9F8533F70068CFCCB017FDEDD,326,res/animation/fashion/shenyue/rw_sy_sanjian_emoershi_cap.atlas.gz,d1b828c97c7010b208ce5129d9d437bd
850EB6E000EDC255E29D1747F6D24E9B,1579,res/animation/fashion/shenyue/rw_sy_sanjian_emoershi_cap.pkm.gz,810f652fa669f869177433d11c6b59d0
57B4D111669031DA5E121D70BB915EC4,1470,res/animation/fashion/shenyue/rw_sy_sanjian_emoershi_cap.pkm@alpha.gz,211b00c2ef7534f10b5b18270edbbefb
7367E5EC4C75C6A02DD33325F4EB820F,331,res/animation/fashion/shenyue/rw_sy_sanjian_emozhijiao_cap.atlas.gz,0b0b5210f6a974447870d47bf6c540c3
7759F26ADB84D33EB1724D0351768CDF,1061,res/animation/fashion/shenyue/rw_sy_sanjian_emozhijiao_cap.pkm.gz,a141121da6749874772b3ccbb28d476f
2E279F42EECE188AF61C0884CD60BE30,1182,res/animation/fashion/shenyue/rw_sy_sanjian_emozhijiao_cap.pkm@alpha.gz,bf2e844f390d3aa662dc16b64e9b65e8
FF8A7D2B62995A4DC10C774919F48C25,334,res/animation/fashion/shenyue/rw_sy_sanjian_gezifaqia_cap.atlas.gz,b65fd3611a8d56d0e47913343c61ec29
90A62A15947E2272F8A87DB904483B29,826,res/animation/fashion/shenyue/rw_sy_sanjian_gezifaqia_cap.pkm.gz,7015cc9897222beaab3224723a731e51
B416FE318DB58236CECA015DC1DEAF14,753,res/animation/fashion/shenyue/rw_sy_sanjian_gezifaqia_cap.pkm@alpha.gz,cfac9946e0e60eabd846fa8dad3b63d8
BEE381BF22E260D3A569A8E4AF85384D,454,res/animation/fashion/shenyue/rw_sy_sanjian_heisekouzhao_face.atlas.gz,4f8406021018429698a1620d4fc938de
C08D79859307DEEF4D22BBDA0F502095,2114,res/animation/fashion/shenyue/rw_sy_sanjian_heisekouzhao_face.pkm.gz,567662011c51159afbc42a0120db9be8
35BF8AD3D2A892854F3169CD6347323C,1612,res/animation/fashion/shenyue/rw_sy_sanjian_heisekouzhao_face.pkm@alpha.gz,1a40ae33d758a33756bd61399fa76a07
561E98525B4AE7B9AFE39A774D89A856,334,res/animation/fashion/shenyue/rw_sy_sanjian_hulijiamian_cap.atlas.gz,4d8afa6b115198520d3fdc9eed56350e
0AA4A458E1EAB044B2947E2F1C85C08B,2366,res/animation/fashion/shenyue/rw_sy_sanjian_hulijiamian_cap.pkm.gz,4108870f56149af1cafedf8c7673d62d
F29F3F32330A54D265892001CC5A1519,1634,res/animation/fashion/shenyue/rw_sy_sanjian_hulijiamian_cap.pkm@alpha.gz,e6d91e6e3a284f46588f53b6eabc6969
B7FD5EE5E45FDF981F1E1A6550FE081A,325,res/animation/fashion/shenyue/rw_sy_sanjian_humujing_cap.atlas.gz,8e526cafddd335c2ab24710e53fef802
B801C1D1EEA1D07002DAE63B2F0075DE,1266,res/animation/fashion/shenyue/rw_sy_sanjian_humujing_cap.pkm.gz,1b632589e2fb85a8c0f063f57f1fa9e6
12BBFAEE4A4F8B80121F78216927A97D,1082,res/animation/fashion/shenyue/rw_sy_sanjian_humujing_cap.pkm@alpha.gz,330ed523be8883386df1f967cfa1f306
4956E0326A3B4A5EE329E2DBB64F1F86,451,res/animation/fashion/shenyue/rw_sy_sanjian_jingmengyanjing_face.atlas.gz,a5a7e62db4809730c5d1ae4f7a5a93c7
BA5C8EEF11F628B31B5BBF27B9EC642B,2044,res/animation/fashion/shenyue/rw_sy_sanjian_jingmengyanjing_face.pkm.gz,86ed65ee75a68e7bde16b9bf4ce8b4c3
9DE96C1B08092B7B595ED86AE8500B20,1603,res/animation/fashion/shenyue/rw_sy_sanjian_jingmengyanjing_face.pkm@alpha.gz,16f6dd484e860063dc8e51deeffc5d02
46CC80B19FC24756BC775935C96C7655,452,res/animation/fashion/shenyue/rw_sy_sanjian_leisheyanjing_face.atlas.gz,38f5be84942e98b13845f31cbaef8e15
C8F35EEFC4E08BFDCA1EC51469D88D80,2122,res/animation/fashion/shenyue/rw_sy_sanjian_leisheyanjing_face.pkm.gz,5ef791ef4ae77e1ce0eeb4bf3a93b6c0
080E99C45EE184AE2EA91FC305939E24,1703,res/animation/fashion/shenyue/rw_sy_sanjian_leisheyanjing_face.pkm@alpha.gz,e592ae809ebd1a6428ce5cf4872a44c9
DB6B7A91BB2F3BB402325A8EF2495DE4,458,res/animation/fashion/shenyue/rw_sy_sanjian_lvsekouzhao_face.atlas.gz,007307ad6d5f2638dfae55cf873211ba
1643FA9CF69E2D05108A93F6140885A3,2067,res/animation/fashion/shenyue/rw_sy_sanjian_lvsekouzhao_face.pkm.gz,d364ab315ceda0b0ee8c4ecf18ca536e
B771571C6943D17166A19544148A9369,1577,res/animation/fashion/shenyue/rw_sy_sanjian_lvsekouzhao_face.pkm@alpha.gz,b937c4cc4233400c755c6b3603157b1b
DAE1A5C6B0CA2A9949EFD825E5C4B585,327,res/animation/fashion/shenyue/rw_sy_sanjian_maoerfagu_cap.atlas.gz,fb277155379fbb83d0f81a7385f8cece
B1741564AFE87F051B6B3789AE651C42,1102,res/animation/fashion/shenyue/rw_sy_sanjian_maoerfagu_cap.pkm.gz,8bf1d53d9057282af6dfdab612d25f86
3FC4E3FEE5E192404CA6EC291F34E6AF,1156,res/animation/fashion/shenyue/rw_sy_sanjian_maoerfagu_cap.pkm@alpha.gz,a6eec2c717334c787b83265147afac33
5CDDB02B0411101F0E23C462AE2BEBFF,451,res/animation/fashion/shenyue/rw_sy_sanjian_mingxingyanjing_face.atlas.gz,2f49c3798e61a9aef0297dcd33b0487d
3028452AA8665A878F1D6704E3111B58,1909,res/animation/fashion/shenyue/rw_sy_sanjian_mingxingyanjing_face.pkm.gz,14cbc58733d6714be5a26bc3ac580c25
C72A32728139C3D022D7CA21ECF76A97,1537,res/animation/fashion/shenyue/rw_sy_sanjian_mingxingyanjing_face.pkm@alpha.gz,64f5280e8ddc32916bd3218e3b9a1fbb
03BB2BEA03D5AF66EE82394FC7294BEC,332,res/animation/fashion/shenyue/rw_sy_sanjian_mogutoushi_cap.atlas.gz,4f9427c2ce3864921a7fc56c6207e08a
A11B36A2B46130CBF667BC3CCEE0F1B3,1491,res/animation/fashion/shenyue/rw_sy_sanjian_mogutoushi_cap.pkm.gz,5aca883cb5072bf23f10cd7787798b55
5E4D38C9B3A1257CCCF1F3275E3FD6CE,1431,res/animation/fashion/shenyue/rw_sy_sanjian_mogutoushi_cap.pkm@alpha.gz,f1788e6f8b98757cfb339353107f6f5f
B893B55E71D9D9BCC8C17105E67C62F6,332,res/animation/fashion/shenyue/rw_sy_sanjian_molutoushi_cap.atlas.gz,6ce7e56bdf52cc8143e349e04b14232c
ACED4EA20E684C44DA6A11F8FE4AA111,1575,res/animation/fashion/shenyue/rw_sy_sanjian_molutoushi_cap.pkm.gz,4344067d17620cee9a91504e4884f4d7
DD6E5E6203A9A1150EAB322447DDE4D1,1426,res/animation/fashion/shenyue/rw_sy_sanjian_molutoushi_cap.pkm@alpha.gz,4731a05150f3e05797b673c9bb1bcf24
3AB43BEF27349D89C3F503E726A062C6,334,res/animation/fashion/shenyue/rw_sy_sanjian_monvzhijiao_cap.atlas.gz,1557ab3c60478cf641368ed906884a3e
CD8D4EEFCC480D13C0F5EC278E9E9F19,1123,res/animation/fashion/shenyue/rw_sy_sanjian_monvzhijiao_cap.pkm.gz,5b3acd4b69f53fec884c80088f521676
739521AB4F5AC4B898C6B143E7995AA1,1072,res/animation/fashion/shenyue/rw_sy_sanjian_monvzhijiao_cap.pkm@alpha.gz,2a2d01456167d8815961e9af2cae203e
4D4971D009BFFEDFD9D53923EEC7AD0E,453,res/animation/fashion/shenyue/rw_sy_sanjian_paopaotang_face.atlas.gz,0967925d401f9e172f22ff63b59afa7e
73ED505FDC047CD7BF77115D48EA93C8,1720,res/animation/fashion/shenyue/rw_sy_sanjian_paopaotang_face.pkm.gz,8141e21d10ef592d84a7114f94079401
6E1B38F8176D917A3112C475AD477A5E,1373,res/animation/fashion/shenyue/rw_sy_sanjian_paopaotang_face.pkm@alpha.gz,0215a49cc623f910df40765c68bfc23f
6EE9B0931F93E1BC35EDBFF798575454,454,res/animation/fashion/shenyue/rw_sy_sanjian_shensemojing_face.atlas.gz,374fc41ab972fd176591aaf4703c2011
0F214CEDD51D9E1AC350D586C18C18EF,1857,res/animation/fashion/shenyue/rw_sy_sanjian_shensemojing_face.pkm.gz,6b336d37135320ffa1626200703dd3ec
ADF777D84BBEF8D0510AEF1E078E62EF,1554,res/animation/fashion/shenyue/rw_sy_sanjian_shensemojing_face.pkm@alpha.gz,eb6316665829b7606e4488f785541bdf
7468F6BAF4355757B9021383CA532824,457,res/animation/fashion/shenyue/rw_sy_sanjian_shenshihuxu_face.atlas.gz,50631fc36f76c7a4ebfe615e2b7106d0
8B434BD322759EBF66FB5ACF8B7F3355,1668,res/animation/fashion/shenyue/rw_sy_sanjian_shenshihuxu_face.pkm.gz,63bd16f4697fb94da492e1d7a13c797f
41E813C37D203F28AF171FCFEA49D042,1315,res/animation/fashion/shenyue/rw_sy_sanjian_shenshihuxu_face.pkm@alpha.gz,2de7c0ce69d3bfbcc2f99cd99a5d4370
262BEC2E4670454E76CE15C9A7EE90AA,335,res/animation/fashion/shenyue/rw_sy_sanjian_tianshiguanghuan_cap.atlas.gz,7fc97a9494a888e35afcf689b9a1ef48
3615B4AC559DECA59E21F3B20C404992,1015,res/animation/fashion/shenyue/rw_sy_sanjian_tianshiguanghuan_cap.pkm.gz,b40db84d1b76adc4ab29ff4e318a0cef
7DA1A3A326766C66F5BD5B9EDFBD13D0,960,res/animation/fashion/shenyue/rw_sy_sanjian_tianshiguanghuan_cap.pkm@alpha.gz,5ca486fca8b00123c585e48cb4be4ce1
9D66AE76FCDEE9A17988B79D9B8F4160,336,res/animation/fashion/shenyue/rw_sy_sanjian_tuzitoushi_cap.atlas.gz,7e62e3e7d8d6c5dfdde3d0bf0dc3d49b
2B9B65F797EA24AB5DACFE04B4D9FC2E,1412,res/animation/fashion/shenyue/rw_sy_sanjian_tuzitoushi_cap.pkm.gz,6bce01cb45906750a30940e345eb2b90
EC6C5C5FE5572A93DB83A27A4B946615,1280,res/animation/fashion/shenyue/rw_sy_sanjian_tuzitoushi_cap.pkm@alpha.gz,2f83065cda6657982ef8eb0ca3e974d9
5756D941E62B1EEC103AA970DE249E4A,334,res/animation/fashion/shenyue/rw_sy_sanjian_xiaochibang_cap.atlas.gz,726e3ac1339fab27d77b105884a805b7
6B5018FBF72AEE2D9C892E4E1F8BFEA8,1542,res/animation/fashion/shenyue/rw_sy_sanjian_xiaochibang_cap.pkm.gz,0f6c5a4c4e13ee5e7438095505513c84
1BDE30AC8659057BB629DE6103B63E5D,1411,res/animation/fashion/shenyue/rw_sy_sanjian_xiaochibang_cap.pkm@alpha.gz,ddf02e2099fb048ba66fdda4a3954e2b
0A66875CD7C526F018A28B43164CA371,328,res/animation/fashion/shenyue/rw_sy_sanjian_xiaolimao_cap.atlas.gz,447bdf58c8b7edbc5d707ce3df3bf9ca
F9D1928FEECD682193A4761CB65F98C6,1311,res/animation/fashion/shenyue/rw_sy_sanjian_xiaolimao_cap.pkm.gz,48aa87e57baff19c6c9df7ae5801d894
154D9FA5E8BF69334579D1B0D8FB0368,1089,res/animation/fashion/shenyue/rw_sy_sanjian_xiaolimao_cap.pkm@alpha.gz,1d02925216466ae8d53a7e87220c7916
1B5D2850797A54D22D6AD9B74ACCCC1A,326,res/animation/fashion/shenyue/rw_sy_sanjian_xiaopaji_cap.atlas.gz,f5b8b6c82f37487bf1651d7bcf23013e
65EBC5ABECE04E14A55E9DF3DDD8CB3D,1570,res/animation/fashion/shenyue/rw_sy_sanjian_xiaopaji_cap.pkm.gz,4fc8e207776000d59db64256c6e3f92f
311D710EFBB3E640CDC5628DDEBEDC43,1220,res/animation/fashion/shenyue/rw_sy_sanjian_xiaopaji_cap.pkm@alpha.gz,426a4494343b8aa2b51e803a27a1ee62
E175E45F350FE6DA878FB4B26254E2B0,334,res/animation/fashion/shenyue/rw_sy_sanjian_xingxingtoushi_cap.atlas.gz,4f3ea4cc9e7cf6dcdebb762ec6cd67d9
32462AEAFB61401D170A689EEAC0DEE1,941,res/animation/fashion/shenyue/rw_sy_sanjian_xingxingtoushi_cap.pkm.gz,280fd007088744153a1629bff4c5c484
E2AD21D9D044A079B3CB77AB4D55A48A,819,res/animation/fashion/shenyue/rw_sy_sanjian_xingxingtoushi_cap.pkm@alpha.gz,8c189d41c1a488bf4729e15d9bec81cc
6E625A3729503DEECFCE984F621680B3,335,res/animation/fashion/shenyue/rw_sy_sanjian_xiongmaoyanzhao_cap.atlas.gz,24c9299d2e3ab4f7d185803121ef1e2e
C86F39E2802336463A0C0F31A147ED3F,1034,res/animation/fashion/shenyue/rw_sy_sanjian_xiongmaoyanzhao_cap.pkm.gz,fef4303ae0f11c0202a23154f64815fe
045913EF4885D24533049E87C26647FC,768,res/animation/fashion/shenyue/rw_sy_sanjian_xiongmaoyanzhao_cap.pkm@alpha.gz,d6d265954416e915945d907f816982b9
D4F711179FFC7F6D8FBC15B7671A5DE5,456,res/animation/fashion/shenyue/rw_sy_sanjian_xryanjing_face.atlas.gz,34865103bc37351ad75eaf289e5ef6e0
7E87C3EED586E370C711C2C2E69882E5,2090,res/animation/fashion/shenyue/rw_sy_sanjian_xryanjing_face.pkm.gz,45d6b17aa38045848bf81484c2991132
EC4DFDE227AB77D7A5FE1C75509E85FF,1518,res/animation/fashion/shenyue/rw_sy_sanjian_xryanjing_face.pkm@alpha.gz,facdfe49ac9d28fe9056a56ecfbe2209
76C302FE126D0F9BFA6EA7B0D413E980,452,res/animation/fashion/shenyue/rw_sy_sanjian_xuezheyanjing_face.atlas.gz,63ef2f951154da75967be250f8c00858
BF4FE4E945BC5EA47FC85BCAACC9FE5F,1879,res/animation/fashion/shenyue/rw_sy_sanjian_xuezheyanjing_face.pkm.gz,cac18b57f09b4f53dda7b831f68a1947
B4EBBB2AF3026AFE2F274232AEC0CFB8,1588,res/animation/fashion/shenyue/rw_sy_sanjian_xuezheyanjing_face.pkm@alpha.gz,27358889955a09160ec2bd159a27a154
8614431D866D9517145A6FDADF225658,452,res/animation/fashion/shenyue/rw_sy_sanjian_yingyuanlianwen_face.atlas.gz,1d9ef2e2de7f8a2b14a10f0abd88764a
B19A388221358BA0143A67509CC7375E,1726,res/animation/fashion/shenyue/rw_sy_sanjian_yingyuanlianwen_face.pkm.gz,a487bf939a912391c49a4d1516a3b4c6
D6A3E67B32E1B3A5C7A9CFC6AF798ED5,1396,res/animation/fashion/shenyue/rw_sy_sanjian_yingyuanlianwen_face.pkm@alpha.gz,25e32107779e24feec832ba203afc94c
5CD4B840C9A89D4D606DF68F9C54A83A,452,res/animation/fashion/shenyue/rw_sy_sanjian_zhandoulianwen_face.atlas.gz,461c341d58ab31212ccfd9a8065b70c2
EB363B62F83D1B51B937F29E60F00E6B,1740,res/animation/fashion/shenyue/rw_sy_sanjian_zhandoulianwen_face.pkm.gz,c9c09db66f7e6ed826b1ac2829a3938e
5EB3BAED7681FDE1CA371900C0357781,1358,res/animation/fashion/shenyue/rw_sy_sanjian_zhandoulianwen_face.pkm@alpha.gz,66a57291ba12cf91c383c88f4fd3210a
213A530B954D4E71241B5E78C96BDA60,338,res/animation/fashion/shenyue/rw_sy_sanjian_zhuqingting_cap.atlas.gz,c565dfee2dc8d2a125595cd375bfde82
65745416580FCA30EEE55A846D2EDB81,1601,res/animation/fashion/shenyue/rw_sy_sanjian_zhuqingting_cap.pkm.gz,e39d72926d0abd20d9d6387a45719612
5B23AF30FA8DE44B47E0C320B865FD46,1525,res/animation/fashion/shenyue/rw_sy_sanjian_zhuqingting_cap.pkm@alpha.gz,37fb22c08bfc55b0a1fd6cb056a78075
FFE57CB90E2A8C931FAF3F57CF912157,444,res/animation/fashion/shenyue/rw_sy_sanjian_zongzikouzhao_face.atlas.gz,a19eec7791326e7752b6741b64fd7d47
A6F2967278F2DA200CA1550894E774CE,2097,res/animation/fashion/shenyue/rw_sy_sanjian_zongzikouzhao_face.pkm.gz,1b06c2c187e532553f2fd258dc9393a1
58C1A304C177A53A712422837CF8B7F1,1558,res/animation/fashion/shenyue/rw_sy_sanjian_zongzikouzhao_face.pkm@alpha.gz,707ad9d71c5f650d592e572e09d846fd
3B871618C2C7080B0B741D04045D1453,338,res/animation/fashion/shenyue/rw_sy_taozhuang_anmieweiyi_cap.atlas.gz,5653f842f95b49157dfa55c0ffbce7a0
78169231B9BA1C46628D33694666CA34,1438,res/animation/fashion/shenyue/rw_sy_taozhuang_anmieweiyi_cap.pkm.gz,144b2a156071c2ef270130b9f984a94f
8EF5BC05720FB242A96A700F0D5CC8AA,1533,res/animation/fashion/shenyue/rw_sy_taozhuang_anmieweiyi_cap.pkm@alpha.gz,eb4276333a6ff9221cceb6301cd5e172
D30E603992E42049489F22675B70BE86,1181,res/animation/fashion/shenyue/rw_sy_taozhuang_anmieweiyi_clothes.atlas.gz,cec9e5bc8a1e3dbf4a805cbbea8512fb
4294BE1BFCA755164529A0EF1CC5EA25,29714,res/animation/fashion/shenyue/rw_sy_taozhuang_anmieweiyi_clothes.pkm.gz,7b2bca68d5fa2b9d9a2676612e431053
AF2110FF6CA0345929EBBB0B85088CDF,18896,res/animation/fashion/shenyue/rw_sy_taozhuang_anmieweiyi_clothes.pkm@alpha.gz,a604817fea95c7aad7f0ebfe908dabfa
0F585C29892486B7652700AF6AFEEA87,473,res/animation/fashion/shenyue/rw_sy_taozhuang_anmieweiyi_face.atlas.gz,b6b9f1ee805d04e69926aeeb7bcdbee6
DE0609B67344C72BE97A9FF954D334A7,1756,res/animation/fashion/shenyue/rw_sy_taozhuang_anmieweiyi_face.pkm.gz,d53f4abe5c37dec6523a9b116d978e2f
ECFFB25A85C1F0A3513459819E0DFD3F,1374,res/animation/fashion/shenyue/rw_sy_taozhuang_anmieweiyi_face.pkm@alpha.gz,1186a693ffa801c58af212ed53bd69ea
B6917A47721EEE4C98D9AA370CC36FD1,619,res/animation/fashion/shenyue/rw_sy_taozhuang_anmieweiyi_head.atlas.gz,40669a171bf3563da6ed91bfa1a762de
30ED8B1405A44E5246B9EDFA4FFBF832,4756,res/animation/fashion/shenyue/rw_sy_taozhuang_anmieweiyi_head.pkm.gz,1bf048d4fc9d4393231fb913c06942d4
1141D2C34A7C9B318609A5AC4B465F4E,3433,res/animation/fashion/shenyue/rw_sy_taozhuang_anmieweiyi_head.pkm@alpha.gz,d0e3d54629da4417fd588030770778d2
32D1A35A2DBBD6EC4EDCEC68EFBB45B4,1191,res/animation/fashion/shenyue/rw_sy_taozhuang_bianse02_clothes.atlas.gz,82fdf1ea20143ad056bd2670409a69ed
57A4095C84117E33BE04B2E757D913C1,29735,res/animation/fashion/shenyue/rw_sy_taozhuang_bianse02_clothes.pkm.gz,43cbc7f565f728e99b7e50b698218ce7
A3EBFDCE4A24769FAED553FAB4B65C84,17482,res/animation/fashion/shenyue/rw_sy_taozhuang_bianse02_clothes.pkm@alpha.gz,80e287a2fefae55aec79e9fa6eb944d5
B60224C2B38B72342A0B360AD16BA26A,623,res/animation/fashion/shenyue/rw_sy_taozhuang_bianse02_head.atlas.gz,1c935a594e5d73042028085640c5b7e9
5E97E2FB8A83D3D38343480610C1256C,4464,res/animation/fashion/shenyue/rw_sy_taozhuang_bianse02_head.pkm.gz,485799757a1d1954c4d74484294d7735
67BD116DDE55A26C819D382805711876,3411,res/animation/fashion/shenyue/rw_sy_taozhuang_bianse02_head.pkm@alpha.gz,10ecc52b6b064e5a7beb053d741ca1f8
076CA148B10B9FA823D2AC2121ADBCCA,1191,res/animation/fashion/shenyue/rw_sy_taozhuang_bianse03_clothes.atlas.gz,9f6992eb141c927100ce756a226e0eb6
190BA3731CE280F881A0215F558A5FC5,28952,res/animation/fashion/shenyue/rw_sy_taozhuang_bianse03_clothes.pkm.gz,cb47171aea8ebf2754bcbf0eea3c89a8
F4F47870CEB58EFC8F53B8A1986E0461,17584,res/animation/fashion/shenyue/rw_sy_taozhuang_bianse03_clothes.pkm@alpha.gz,978d3136d42658b93f3422bc3e43995d
627811492A030FCAD1395EB6F03D2A0A,624,res/animation/fashion/shenyue/rw_sy_taozhuang_bianse03_head.atlas.gz,3dda62e94efcc51c1b01a2493e4dea66
428BDCD06B153EFB0D05FFBB851D0F46,4627,res/animation/fashion/shenyue/rw_sy_taozhuang_bianse03_head.pkm.gz,01cb35572beb69d411684ea96f02c854
2E40A95DB592DE3664A47EE50AA6B241,3411,res/animation/fashion/shenyue/rw_sy_taozhuang_bianse03_head.pkm@alpha.gz,10ecc52b6b064e5a7beb053d741ca1f8
E749EC11134DF3E66B40F94CB4C33F2C,1191,res/animation/fashion/shenyue/rw_sy_taozhuang_bianse04_clothes.atlas.gz,c49042907d944d3843371c98553ab22c
C8E78A185E62806DE60E34FF5A302D46,27348,res/animation/fashion/shenyue/rw_sy_taozhuang_bianse04_clothes.pkm.gz,09fdb07aa5733fcd52c0ab9603576a32
B1CB9C9F94334EA8C311400334534B23,17250,res/animation/fashion/shenyue/rw_sy_taozhuang_bianse04_clothes.pkm@alpha.gz,2ddc68df1b8a791eaefb065c6293b625
8A1AAFE217790AF91E42B589E1A427FD,624,res/animation/fashion/shenyue/rw_sy_taozhuang_bianse04_head.atlas.gz,4834e0d4cf6b245396ffe8a427ec0315
F08CF73469162FA9842274F6DAF05276,4282,res/animation/fashion/shenyue/rw_sy_taozhuang_bianse04_head.pkm.gz,5b3a4eaaddb7c6dfa1fc88162757bca4
2E3FFDC841A6B03DC4A0B2A3C5F5A2D8,3411,res/animation/fashion/shenyue/rw_sy_taozhuang_bianse04_head.pkm@alpha.gz,10ecc52b6b064e5a7beb053d741ca1f8
40B775DE5DC7B06A4621991AF658354C,1192,res/animation/fashion/shenyue/rw_sy_taozhuang_bianse05_clothes.atlas.gz,cc186d5a2e1faac17f2b4bf20f457c18
6491A36088CBBF06626E2C37D76082DF,28567,res/animation/fashion/shenyue/rw_sy_taozhuang_bianse05_clothes.pkm.gz,9d0d1476e46ec608ae27fc0010023cac
975F8E4447D1494236AE9669105EA170,17249,res/animation/fashion/shenyue/rw_sy_taozhuang_bianse05_clothes.pkm@alpha.gz,b36f5a8c79fba7d5d3f0670822075d72
0C830486C579B485141490D37F33BEDE,624,res/animation/fashion/shenyue/rw_sy_taozhuang_bianse05_head.atlas.gz,8eec1fd964045254494d60af5192b558
A256EB5B96127338CC7E3F7AE6BB3D1E,4549,res/animation/fashion/shenyue/rw_sy_taozhuang_bianse05_head.pkm.gz,9803541b603c1e34fef6bdd63e4dcd90
A60A21FDE560A12BD285F526F0C05F3F,3412,res/animation/fashion/shenyue/rw_sy_taozhuang_bianse05_head.pkm@alpha.gz,2ad17c7bb1c23e76bd3c9a326edc803d
AFCA744A54EC1BD8FFBFBF498971EDFE,336,res/animation/fashion/shenyue/rw_sy_taozhuang_bianyuhaike_cap.atlas.gz,c09ed6cfff8873518cb0a3b91b444d8d
6331820A83C2C6FC45A362F845019E5F,2816,res/animation/fashion/shenyue/rw_sy_taozhuang_bianyuhaike_cap.pkm.gz,14de3c598c4a9c1ffc200534e830eca3
2EC05A6F0A2F660E00D963A411400AA8,1740,res/animation/fashion/shenyue/rw_sy_taozhuang_bianyuhaike_cap.pkm@alpha.gz,d967a0d4368301844db8ce28dcd878d3
497AB6217D72F10042E1F8E4702F8C5F,1180,res/animation/fashion/shenyue/rw_sy_taozhuang_bianyuhaike_clothes.atlas.gz,1c4f92c904aa79a14080e049a03b8ce4
3822FDD4DD69E74D653A020DCA9D05F2,36468,res/animation/fashion/shenyue/rw_sy_taozhuang_bianyuhaike_clothes.pkm.gz,b93efdda24c8e12804a3c2b58199886b
1867A9E08114DFE75CF8813EDD5FFDC6,18472,res/animation/fashion/shenyue/rw_sy_taozhuang_bianyuhaike_clothes.pkm@alpha.gz,fc96edbd0ecc9a055dcfc65031e1b16b
F3ED7BE0224E32217D6D3D63AF05461A,445,res/animation/fashion/shenyue/rw_sy_taozhuang_bianyuhaike_face.atlas.gz,8710999863aef0a4d9090c161cba5bdf
6E7A2152162E7595471329124AD0A79B,2512,res/animation/fashion/shenyue/rw_sy_taozhuang_bianyuhaike_face.pkm.gz,1e5c3e74c0ab02ff62f34a0ccb9cc8d9
179D5E1EDF47D20BE7662A5CDA3280C9,1830,res/animation/fashion/shenyue/rw_sy_taozhuang_bianyuhaike_face.pkm@alpha.gz,b2f91276a19a50601b90be59d4413149
66B652C34EE476505492BE7714EB694B,619,res/animation/fashion/shenyue/rw_sy_taozhuang_bianyuhaike_head.atlas.gz,ec32dc424fb38d291a001efab9ea3856
D1DF13E1DF9FC9BC17978FD750892277,4241,res/animation/fashion/shenyue/rw_sy_taozhuang_bianyuhaike_head.pkm.gz,a4ad5964ab25464cbd7036bcceb3f8e5
F40DC285408FD8E0DDEB4F0BF836FD33,3513,res/animation/fashion/shenyue/rw_sy_taozhuang_bianyuhaike_head.pkm@alpha.gz,52260c4d0e5106f8cb58e1e91b3a9ce0
8B8E83C3A87C95A2C5354C576C7C8DCF,339,res/animation/fashion/shenyue/rw_sy_taozhuang_canglangdichen_cap.atlas.gz,a39806df0abfb5380b9137500bb70836
A80B2328929AFD3ED115A70049AF74F3,1147,res/animation/fashion/shenyue/rw_sy_taozhuang_canglangdichen_cap.pkm.gz,01e3477b43270c4c2521b3b4451567eb
5FF7F16E5DCC1F1CC92879A9D3C2E2E8,1145,res/animation/fashion/shenyue/rw_sy_taozhuang_canglangdichen_cap.pkm@alpha.gz,b9ab412391b35f3337485c695b9add25
1F314BF9C84E31636923FAE78F770F94,1177,res/animation/fashion/shenyue/rw_sy_taozhuang_canglangdichen_clothes.atlas.gz,42b860fed737d11b6e938a0dec2dafb6
E9F2B0C8FC177A72F823D7398328D8AC,31828,res/animation/fashion/shenyue/rw_sy_taozhuang_canglangdichen_clothes.pkm.gz,59674dace8932b372f94df73081dd8f1
0031C66EB3484C3F4089F2006B550BC0,17870,res/animation/fashion/shenyue/rw_sy_taozhuang_canglangdichen_clothes.pkm@alpha.gz,99113ee97c0918079bbe313e52c65018
36B29BA306F776CB729E6C61F9D48411,444,res/animation/fashion/shenyue/rw_sy_taozhuang_canglangdichen_face.atlas.gz,8646f61faafae92f63e44beb20e3dd70
22A04BF53A0BE174DCE4F052751CF1C3,1761,res/animation/fashion/shenyue/rw_sy_taozhuang_canglangdichen_face.pkm.gz,1444969ad8a3184c03511004682808ea
347A0D900B13841F96B07984C4E1184B,1338,res/animation/fashion/shenyue/rw_sy_taozhuang_canglangdichen_face.pkm@alpha.gz,9a96d18949142cb7647258de287862ca
40A7BE0ABFC242B83FC6EAF8699B0F5F,619,res/animation/fashion/shenyue/rw_sy_taozhuang_canglangdichen_head.atlas.gz,07d2ce7b347325e847de5268e6d043c9
383D333C5E7D89FBA375CD99C1ED27C2,4906,res/animation/fashion/shenyue/rw_sy_taozhuang_canglangdichen_head.pkm.gz,808e8deb1c153f04e6b6ef12815babda
895A4FAE29DEBCD660FCC8C5F97E7729,3896,res/animation/fashion/shenyue/rw_sy_taozhuang_canglangdichen_head.pkm@alpha.gz,4d6f711af108e0191747492a642ca07f
944A12EEBC55FCB39CE4DE1EC2C4F49B,339,res/animation/fashion/shenyue/rw_sy_taozhuang_canglanhundun_cap.atlas.gz,867212aee89aacfb8abe430fce2b1985
2264F84C90D8DD3AACD6D9C4BD054C7A,2552,res/animation/fashion/shenyue/rw_sy_taozhuang_canglanhundun_cap.pkm.gz,2a038d73444c155dea04580f1edec34a
70AEBA050F3B63B4C0C260EABA9E4FA4,2154,res/animation/fashion/shenyue/rw_sy_taozhuang_canglanhundun_cap.pkm@alpha.gz,2a631fffec74ab1b2614b0888c78aab6
6EE48A9EA3ECC62CD2B475B620EF46D5,1178,res/animation/fashion/shenyue/rw_sy_taozhuang_canglanhundun_clothes.atlas.gz,1bf5765165fe87cc4cb7422bced0cf73
074E9F45BECD57DC12F9F90D0E1B1D84,34247,res/animation/fashion/shenyue/rw_sy_taozhuang_canglanhundun_clothes.pkm.gz,69ef2b2f10fca0ccab38230d958bc51f
8E9F8D725443B811BB40261931481F55,19533,res/animation/fashion/shenyue/rw_sy_taozhuang_canglanhundun_clothes.pkm@alpha.gz,54efb7bc8a8d55bd725c6f0936e8bb4a
A3DC702B7D29CE14B999F1058679A037,440,res/animation/fashion/shenyue/rw_sy_taozhuang_canglanhundun_face.atlas.gz,104ba54fa3feabc384bbdc6c41486666
97EE7C7E99B8FF3312910A08D152BFE9,2315,res/animation/fashion/shenyue/rw_sy_taozhuang_canglanhundun_face.pkm.gz,6b585b58aa30c9ed8501e1792a1a62e2
0C7B6DAE922A547DCE96CED978AA082F,1865,res/animation/fashion/shenyue/rw_sy_taozhuang_canglanhundun_face.pkm@alpha.gz,e59bf8769a41f72d9fc838974fa61b48
AA1A01086CDBC1285BB223CA5B6CADB7,632,res/animation/fashion/shenyue/rw_sy_taozhuang_canglanhundun_head.atlas.gz,18f519357a4acb78dfef9301e2653dc6
2945D1D3E3A21E68536B7E0B1B128CC9,16118,res/animation/fashion/shenyue/rw_sy_taozhuang_canglanhundun_head.pkm.gz,95579d802c1d39e875743cf18c654590
B3A0942FE50ACF567B9D2AA4628200D2,9546,res/animation/fashion/shenyue/rw_sy_taozhuang_canglanhundun_head.pkm@alpha.gz,f3d8a948afb71c6d8fbfe1f18fe7d910
88FCAF772184BF59FD742858572C80DA,1181,res/animation/fashion/shenyue/rw_sy_taozhuang_cangyanqishi_clothes.atlas.gz,b989cc44de1651a689e3e9707d00763c
446C19A8EDFA79C40539E927B82699E0,31713,res/animation/fashion/shenyue/rw_sy_taozhuang_cangyanqishi_clothes.pkm.gz,bcc8ed30bd9a38b33fbc7ff737433cf1
BA55EA8410CB73B8C375465BF4D26D1F,17851,res/animation/fashion/shenyue/rw_sy_taozhuang_cangyanqishi_clothes.pkm@alpha.gz,ae8b97e94bb3bb085d3ebbce4e9498b9
2D4BE9050027D06AAE7B5776D48044F3,618,res/animation/fashion/shenyue/rw_sy_taozhuang_cangyanqishi_head.atlas.gz,1f1006f728b4c715c5a6a71e8c9939ce
FED4BBB2E5A8A7F3F879AD9FAD640101,4528,res/animation/fashion/shenyue/rw_sy_taozhuang_cangyanqishi_head.pkm.gz,4594a5f3487f1e9edab5d7e0c7556c57
9E2A0E11A93076BCC4DC02CA44A1C3B0,3441,res/animation/fashion/shenyue/rw_sy_taozhuang_cangyanqishi_head.pkm@alpha.gz,abf63ba485a910a3aa4bb70923885b36
7B331A7CFF7A7F9237C8BC9CEAB7E496,1185,res/animation/fashion/shenyue/rw_sy_taozhuang_chaomeng_clothes.atlas.gz,48c2df235e44577850a5fbaf43646304
0BB1D5B2852440F60F47315753FB47D9,29830,res/animation/fashion/shenyue/rw_sy_taozhuang_chaomeng_clothes.pkm.gz,f174f290387a10480836e7044e727d5a
D76974E033A8125C20FDAF9B9A779639,17810,res/animation/fashion/shenyue/rw_sy_taozhuang_chaomeng_clothes.pkm@alpha.gz,c03634347531dba810827d226ec69e42
4435AE19E9E8D0F64C03776EC0C3BC07,446,res/animation/fashion/shenyue/rw_sy_taozhuang_chongnengjijing_face.atlas.gz,370e8c3082f008d685eec704caccba1f
06ECAABBB3F8A1C04CB05D5C67BBB3DA,2170,res/animation/fashion/shenyue/rw_sy_taozhuang_chongnengjijing_face.pkm.gz,2e9fff4a3b5a3534610db987202e8a3e
4D37AC17AC74823B2AAA400018686DBE,1765,res/animation/fashion/shenyue/rw_sy_taozhuang_chongnengjijing_face.pkm@alpha.gz,ed7aa9c31e4afe7d66345d3d92d95d74
E491FF24D851790CDF64541E879C9C38,338,res/animation/fashion/shenyue/rw_sy_taozhuang_chunbaishengqi_cap.atlas.gz,94e6ad13c38b733d91ffa0ef54a2dfa9
5010ADD25229768C0EF3F2B7AE9B7ABD,546,res/animation/fashion/shenyue/rw_sy_taozhuang_chunbaishengqi_cap.pkm.gz,55d882dfdd2f7aed5fa8fe17ac7c26b3
3E78654F8BD35FC386A3D9437D065D6D,542,res/animation/fashion/shenyue/rw_sy_taozhuang_chunbaishengqi_cap.pkm@alpha.gz,8ea5f627a839cf1d5faba8ef1f82f8ad
8443F5F95D5E23EAF476AC9B246A117D,1177,res/animation/fashion/shenyue/rw_sy_taozhuang_chunbaishengqi_clothes.atlas.gz,7eb472b40064483eb248dfee267369b8
63EDF18AC2EA6DE12772AD61018A8AA5,32726,res/animation/fashion/shenyue/rw_sy_taozhuang_chunbaishengqi_clothes.pkm.gz,ed8137086841317eb1a176cd9ea4bf8b
9D3319551F09677E8B51E77A351278B8,17962,res/animation/fashion/shenyue/rw_sy_taozhuang_chunbaishengqi_clothes.pkm@alpha.gz,23dcccc93255eab4f3e489fcbcfb9626
2B3CC2A654040B775B2BA46AE9AFA5CE,444,res/animation/fashion/shenyue/rw_sy_taozhuang_chunbaishengqi_face.atlas.gz,3b0d9a6097f7acadfedf4de898254a2e
6C2AF49FF62CF964339B9BC1C7DEFCE8,1999,res/animation/fashion/shenyue/rw_sy_taozhuang_chunbaishengqi_face.pkm.gz,6ca5e580ddd52c0e8ddfcfba9b094634
8B222ED4876D270B46E0E288DC1C454C,1558,res/animation/fashion/shenyue/rw_sy_taozhuang_chunbaishengqi_face.pkm@alpha.gz,645e6fb0da163d2286f0317260e300a7
D068D1F21B2632E99AC362A6AB839CEB,619,res/animation/fashion/shenyue/rw_sy_taozhuang_chunbaishengqi_head.atlas.gz,1b47a855a21dd8a9dbd51f4b3e0fb49b
6B51FC0379D8D3E5170F44980E583E47,4955,res/animation/fashion/shenyue/rw_sy_taozhuang_chunbaishengqi_head.pkm.gz,d0ea320ff4f8a014d2adb2efd29316e1
29EA8C27C600AAF8357241995CA1A9B5,3782,res/animation/fashion/shenyue/rw_sy_taozhuang_chunbaishengqi_head.pkm@alpha.gz,af2a2f7b320e75d430f30c394ca4a447
52A3CCF56BC305D6FE95AF503AC648E4,330,res/animation/fashion/shenyue/rw_sy_taozhuang_chushi_cap.atlas.gz,3516ddde5737c9c35b04ef502bfda01b
4EA22821D600A88DB0207D7DF8DF8F44,313,res/animation/fashion/shenyue/rw_sy_taozhuang_chushi_cap.pkm.gz,3f40a93caa5054365717303a8838ce6e
2C42FE61573087DAFBCAD47B930786CB,313,res/animation/fashion/shenyue/rw_sy_taozhuang_chushi_cap.pkm@alpha.gz,3f40a93caa5054365717303a8838ce6e
B7E56A99E33E2F084E455955BD8ACE4F,1193,res/animation/fashion/shenyue/rw_sy_taozhuang_chushi_clothes.atlas.gz,7690114f437eb378877c68c113f2e8e7
4A40DB58DD9B9ACA3A3C4EC97EBC6A14,27047,res/animation/fashion/shenyue/rw_sy_taozhuang_chushi_clothes.pkm.gz,46bc1189c7f5e976faf54cad2eb5f362
AFC3ACB02A383FEBF6F429DD59B18CB3,17482,res/animation/fashion/shenyue/rw_sy_taozhuang_chushi_clothes.pkm@alpha.gz,80e287a2fefae55aec79e9fa6eb944d5
730C1EF3E4B5ECF3876AEB6C079EE155,459,res/animation/fashion/shenyue/rw_sy_taozhuang_chushi_face.atlas.gz,25493b3c6e42227c15d467b4c17a9883
43E0EF10D14B74F04224673AE3EC984E,1664,res/animation/fashion/shenyue/rw_sy_taozhuang_chushi_face.pkm.gz,f176c8471fa62bcff94df3e3f68dd09b
878FE552EDCB084E70427AAB999C0A5B,1363,res/animation/fashion/shenyue/rw_sy_taozhuang_chushi_face.pkm@alpha.gz,4fb2105d42eb1f2d4b5003127c284e36
5D1DF5C86F972268E7D88F42F42BFD71,623,res/animation/fashion/shenyue/rw_sy_taozhuang_chushi_head.atlas.gz,51163033be6db8d5c3fb6650de1841da
40198C15BE1A4BBF55A64C804D450A69,4174,res/animation/fashion/shenyue/rw_sy_taozhuang_chushi_head.pkm.gz,190d1ee08fb87d8a824934427263c833
D72E0AF779E96AB9DEAD86B2F01958C1,3411,res/animation/fashion/shenyue/rw_sy_taozhuang_chushi_head.pkm@alpha.gz,10ecc52b6b064e5a7beb053d741ca1f8
FD1991BEB59A8D207E8AF84B22EF7751,1192,res/animation/fashion/shenyue/rw_sy_taozhuang_ciyuanlingzhu_clothes.atlas.gz,2f0ce7949d07ef24df56ebc5afa23694
E6EEBDF0E4D467790182BB3B79E094C4,29761,res/animation/fashion/shenyue/rw_sy_taozhuang_ciyuanlingzhu_clothes.pkm.gz,9efd873fb28f88c751699e3b7284e852
E39169121999ABECEEB792DBA92D8CA0,16187,res/animation/fashion/shenyue/rw_sy_taozhuang_ciyuanlingzhu_clothes.pkm@alpha.gz,73a1a4f5a175219ae5cd7cd749f1c9cd
8A7C3DB60C1471C01333247A5D00C19F,617,res/animation/fashion/shenyue/rw_sy_taozhuang_ciyuanlingzhu_head.atlas.gz,adbb56ab2c245f99b57692ce147f4d0e
D051EFF27629DE3883A366160839AFA1,9772,res/animation/fashion/shenyue/rw_sy_taozhuang_ciyuanlingzhu_head.pkm.gz,d7eea32a05d2f3e5257364ba966676aa
10A8C98BBB854E509481D1E055F3DEEE,7229,res/animation/fashion/shenyue/rw_sy_taozhuang_ciyuanlingzhu_head.pkm@alpha.gz,b9db3fdd4f4001b726d01dc3d423e962
DC060F42C4DB9F911AF86EF7B887CD10,333,res/animation/fashion/shenyue/rw_sy_taozhuang_dajiang_cap.atlas.gz,af7fc14c61949df2ef75f82c2fc0885a
8648A6BA531F4DF25933F8C848D991A2,1151,res/animation/fashion/shenyue/rw_sy_taozhuang_dajiang_cap.pkm.gz,e21418fca37cca2fde968da058500643
DBF1417E3264FD8CC9D1518B2196ED9A,1075,res/animation/fashion/shenyue/rw_sy_taozhuang_dajiang_cap.pkm@alpha.gz,cc713b5e002b20d4e9cd10fa5b16a134
04DFF8AB93D5280DE0E8AA5E480715E8,1183,res/animation/fashion/shenyue/rw_sy_taozhuang_dajiang_clothes.atlas.gz,7bb09d96341ae730c2a41b58c4f7287c
C80DBDE63F63669EF6559A9B16AA89BB,29501,res/animation/fashion/shenyue/rw_sy_taozhuang_dajiang_clothes.pkm.gz,95f21484b54224cc797b56cf1c32bbb5
848FD86EC74259F73C789A616F4CB9B9,18347,res/animation/fashion/shenyue/rw_sy_taozhuang_dajiang_clothes.pkm@alpha.gz,a069e8759a38163de4894325c4120bd6
CCB69EE3DCA331E3C9A5DE56E66D5F94,466,res/animation/fashion/shenyue/rw_sy_taozhuang_dajiang_face.atlas.gz,f4df53b5088a59d7767d48711dae956c
193E95F6EFEAE066EC1F94EBFCD01DDD,1594,res/animation/fashion/shenyue/rw_sy_taozhuang_dajiang_face.pkm.gz,f9d63cde9e5b68d4e3d574c2d093a8c3
E625E1BAEC635C634B0B358205AF5E73,1251,res/animation/fashion/shenyue/rw_sy_taozhuang_dajiang_face.pkm@alpha.gz,34a0647ced1a026a04cad7c1d9494079
56F8BB9953B665B341F0C8FEB6923DDF,622,res/animation/fashion/shenyue/rw_sy_taozhuang_dajiang_head.atlas.gz,c93650135d0675d30eb8fc38d9372de7
38899B60B27744DB1AFD925A6E7925C7,4489,res/animation/fashion/shenyue/rw_sy_taozhuang_dajiang_head.pkm.gz,af12f5c538855a4526b2a5f4098c03f3
D4E882791A25B806E1B69B5BEDE8A37A,4049,res/animation/fashion/shenyue/rw_sy_taozhuang_dajiang_head.pkm@alpha.gz,9fb45ea7700413a7c62401f43cb99361
8F6FB8F8AF9D82BE4B441E6D5D69B6D2,337,res/animation/fashion/shenyue/rw_sy_taozhuang_guizuzhiyi_cap.atlas.gz,0f7ca1985441414dcdd5c8f7819cbbb9
57B36495D3BDE8D10C478F1F239FD9F1,4381,res/animation/fashion/shenyue/rw_sy_taozhuang_guizuzhiyi_cap.pkm.gz,06d446f5b4f97c1d7b480d04f425a080
5985DC6A5F9F5F9DCA351B0E797B3E6C,2068,res/animation/fashion/shenyue/rw_sy_taozhuang_guizuzhiyi_cap.pkm@alpha.gz,179dafbd39f01c3727d6fbbbe856fd3e
DCC719E539DF73655C148BFDDBE59EA3,1180,res/animation/fashion/shenyue/rw_sy_taozhuang_guizuzhiyi_clothes.atlas.gz,bb33c6e8df8b7fc32a20b21647cd8451
93A2CCC47A292F1F96C41C31F9114F7A,32428,res/animation/fashion/shenyue/rw_sy_taozhuang_guizuzhiyi_clothes.pkm.gz,1d8a09857df71c509ccb5ca69e38892a
A5C28867840A6D973EE11C15115B535A,17658,res/animation/fashion/shenyue/rw_sy_taozhuang_guizuzhiyi_clothes.pkm@alpha.gz,29eb954a11cdd59f1accd1834df1ab48
DD1C7B89D42FFAB0A19149827154F9D2,618,res/animation/fashion/shenyue/rw_sy_taozhuang_guizuzhiyi_head.atlas.gz,4fafa126316e9a6fbeb7322100757136
DA0FA9A4B5E57352E8AEBBAFED00D4A9,4129,res/animation/fashion/shenyue/rw_sy_taozhuang_guizuzhiyi_head.pkm.gz,e06e049b4822669eb9bbb4b5c1b1b3e0
FAEDE6D9A16A92305252594098BB9680,3590,res/animation/fashion/shenyue/rw_sy_taozhuang_guizuzhiyi_head.pkm@alpha.gz,7b8db592c050c792188618f78457c78b
F80441BEC76E8C982D3DA569E60792BC,1185,res/animation/fashion/shenyue/rw_sy_taozhuang_guofeng_clothes.atlas.gz,a059778d7efff56093717ebb34d32bd3
6440372D33273D620C1741EC5340B80A,27627,res/animation/fashion/shenyue/rw_sy_taozhuang_guofeng_clothes.pkm.gz,91d1a33afef3ede6e7c59c530f502dfd
97C7B8DC747E003629874B4C12A39042,17759,res/animation/fashion/shenyue/rw_sy_taozhuang_guofeng_clothes.pkm@alpha.gz,96756c826d2a42cd3a0f371fed81c3ce
0D6BA28DC42726DC9C3283847D07A378,444,res/animation/fashion/shenyue/rw_sy_taozhuang_guoqingkouzhao_face.atlas.gz,9af437840c09dc64a4591902d52b55cc
7A5092E6DFC7F72A47A7A2CA4C84126F,2072,res/animation/fashion/shenyue/rw_sy_taozhuang_guoqingkouzhao_face.pkm.gz,549f0d44cd30d80b58ea4b4562c7239c
1E8274AE6F5E534C2A269AFD784471D3,1531,res/animation/fashion/shenyue/rw_sy_taozhuang_guoqingkouzhao_face.pkm@alpha.gz,7b439859ddefcdbff053ed0b836484de
F9FCC1F5DEACC1BD76D2A9F8A2897480,337,res/animation/fashion/shenyue/rw_sy_taozhuang_haiyangpaidui_cap.atlas.gz,22dd6522262ea823388ce1aa2576882d
B2D08E2382802B5EBD4F45A677734637,950,res/animation/fashion/shenyue/rw_sy_taozhuang_haiyangpaidui_cap.pkm.gz,fe12b2592157918b3c793b6858941df7
99EC04670997144D0AB3F127DC1C378A,994,res/animation/fashion/shenyue/rw_sy_taozhuang_haiyangpaidui_cap.pkm@alpha.gz,273f2e82372547fad02922058394686c
C106DEEFAA63BD90F6FE3620B98BB14B,1177,res/animation/fashion/shenyue/rw_sy_taozhuang_haiyangpaidui_clothes.atlas.gz,cf21437926cb11b2563ba3fdafb3f192
9878B0940F7414E234F4654B3DA0E212,32859,res/animation/fashion/shenyue/rw_sy_taozhuang_haiyangpaidui_clothes.pkm.gz,5d68c3cb35db00228fe53d2f099ebe21
5B38DCDD052D2FB3DECB968D89347277,17362,res/animation/fashion/shenyue/rw_sy_taozhuang_haiyangpaidui_clothes.pkm@alpha.gz,79031f539a79d7e887b264c79160a000
5E1DE7397B820B2B37F4C47AA7FA3DA8,440,res/animation/fashion/shenyue/rw_sy_taozhuang_haiyangpaidui_face.atlas.gz,a0d3ecaae979856265d870210acc646d
C4D59C4596AE345F95C689BBC5C852AD,1886,res/animation/fashion/shenyue/rw_sy_taozhuang_haiyangpaidui_face.pkm.gz,acfb59ea9cc9f2161ff1634b6e02c943
175210456F13845A8848B9B01082A376,1456,res/animation/fashion/shenyue/rw_sy_taozhuang_haiyangpaidui_face.pkm@alpha.gz,32ba1d6020aa0649160569cc2a9a97cf
6DE8143416903E288F550939ED96A8F8,616,res/animation/fashion/shenyue/rw_sy_taozhuang_haiyangpaidui_head.atlas.gz,335fb931a5d3e31a6229729af20ba7d2
B6C43D4EACC5D0959D4F900C2C614462,5191,res/animation/fashion/shenyue/rw_sy_taozhuang_haiyangpaidui_head.pkm.gz,a3901a7cc2e451ab9795a1e933ef62be
809BFE0A4ED6928EB3C9AACF1FD9F56A,3866,res/animation/fashion/shenyue/rw_sy_taozhuang_haiyangpaidui_head.pkm@alpha.gz,1ff17fa78f3ce7fd99be10c1a503c9ba
E713F4E1E3D15982F2833B726C13D6C0,338,res/animation/fashion/shenyue/rw_sy_taozhuang_heizhishi_cap.atlas.gz,f2ba962fa5eadc2c6d55f5716ab47936
3D5F20966A02AD8D01E25F0F966AA11A,1963,res/animation/fashion/shenyue/rw_sy_taozhuang_heizhishi_cap.pkm.gz,72b9f32f1793f3f2a46de68301b58727
8DF947EC593977485737842F5F8098F7,2223,res/animation/fashion/shenyue/rw_sy_taozhuang_heizhishi_cap.pkm@alpha.gz,8bacf325082bc61de9505833439a360e
6A1EE183410586B0F2B9940813D7AB4F,1180,res/animation/fashion/shenyue/rw_sy_taozhuang_heizhishi_clothes.atlas.gz,3109eff7c1640d6f91469f4c4b7aeb2a
EF98397C48BB3B4EAE99E89F0E18BAE5,23980,res/animation/fashion/shenyue/rw_sy_taozhuang_heizhishi_clothes.pkm.gz,696ab717a35d9d650b23acb269ec9d11
98413A523BF3194ED4D3B3601E5F229D,17481,res/animation/fashion/shenyue/rw_sy_taozhuang_heizhishi_clothes.pkm@alpha.gz,d6d66ee629793b319e61db89caf24e3a
B95DC83B0B2928B040A81724E668A37A,470,res/animation/fashion/shenyue/rw_sy_taozhuang_heizhishi_face.atlas.gz,a88f96ee4824b58b6e73bfce9177b775
8B770F0CBC74E57EC5A606935779B738,2014,res/animation/fashion/shenyue/rw_sy_taozhuang_heizhishi_face.pkm.gz,8a33dff31e33f7b9e18494faff7bc41c
01DCD657E47D9A5021476F03C99E7F90,1668,res/animation/fashion/shenyue/rw_sy_taozhuang_heizhishi_face.pkm@alpha.gz,48e1e0a9fb2a053d12f7de2c9073cdf1
C1BAE8F39531016DBB457BC9823C1E04,624,res/animation/fashion/shenyue/rw_sy_taozhuang_heizhishi_head.atlas.gz,6c3ab6525ba0118656b7583b940f4638
FBE3CF78A10133A94FCF399361FFBB4F,5144,res/animation/fashion/shenyue/rw_sy_taozhuang_heizhishi_head.pkm.gz,7c98e6f5ff20c5d7426ad45b50f47cc7
0D9EDD2432EC36647BCAAB9E5ED4879B,4144,res/animation/fashion/shenyue/rw_sy_taozhuang_heizhishi_head.pkm@alpha.gz,80616bcbb33471bd360f0078f22e6c7c
CCFD1BBBC121D0FDBAE5108E052C8956,338,res/animation/fashion/shenyue/rw_sy_taozhuang_hongyunyishi_cap.atlas.gz,18ad3580ddf7a35042bf4ecbe7ca22a0
F864B6D72BA229A2DC3438A0C54E9088,2718,res/animation/fashion/shenyue/rw_sy_taozhuang_hongyunyishi_cap.pkm.gz,fc1b6a103b66095df46c2736982e2851
EC522446CF5D981D5CF19238A7140E5C,1939,res/animation/fashion/shenyue/rw_sy_taozhuang_hongyunyishi_cap.pkm@alpha.gz,130b0ab8ca0b381607b21ec5fdec9d5d
1EB0164CA06DBA168E97EA9168EFDAF6,1180,res/animation/fashion/shenyue/rw_sy_taozhuang_hongyunyishi_clothes.atlas.gz,2e4f94ac299f62f60af2b6056bf0ded1
7D26E1D69FE35013EF4433686D147AF0,32993,res/animation/fashion/shenyue/rw_sy_taozhuang_hongyunyishi_clothes.pkm.gz,92ab32c33436c554ffe505eeabd20410
B6659AEE8B5DDCF6057C9BB38B31A29D,17690,res/animation/fashion/shenyue/rw_sy_taozhuang_hongyunyishi_clothes.pkm@alpha.gz,abcca7a2538185adc495dab51f5bd9a4
30FEF9637A22236DEEB3B86D4FDA1B07,617,res/animation/fashion/shenyue/rw_sy_taozhuang_hongyunyishi_head.atlas.gz,2a8bf91a3b52e4eecd9163f0e7891e17
C157D0CE4128AA9142488B94C179863C,4026,res/animation/fashion/shenyue/rw_sy_taozhuang_hongyunyishi_head.pkm.gz,cfe9a5a57c5d441996ce88b7385d96b9
E5DDD85D38F449EEF83B90E90BD72FBE,3588,res/animation/fashion/shenyue/rw_sy_taozhuang_hongyunyishi_head.pkm@alpha.gz,5ea517fea93cbce867121b490638ac65
923EE4C0DA1A4439040103E9D1D8ED6F,338,res/animation/fashion/shenyue/rw_sy_taozhuang_huangsejijia_cap.atlas.gz,53b33e7076628cfa0c549d6ab26a12f7
F81F01854224726ECEAB4928CFE34230,3974,res/animation/fashion/shenyue/rw_sy_taozhuang_huangsejijia_cap.pkm.gz,5dcd69e69d88e07dfb2fbbf777bb4730
75BA5D3EA9CDF5E8014D2EF38C2AAE81,2435,res/animation/fashion/shenyue/rw_sy_taozhuang_huangsejijia_cap.pkm@alpha.gz,fe921ad421710ea2b907b47df850d3ff
7C62B7BF873F3455C2939A4BDA397EE1,1181,res/animation/fashion/shenyue/rw_sy_taozhuang_huangsejijia_clothes.atlas.gz,e58de0f036bd1b8e1792255fa3a99fec
09B50AFA5E8E59F41A387A91F3AB8305,37854,res/animation/fashion/shenyue/rw_sy_taozhuang_huangsejijia_clothes.pkm.gz,5c9136577a3d23c16bafcee815722bb4
3D39751B149B1C5BDC5D0339FBE8EE8B,20634,res/animation/fashion/shenyue/rw_sy_taozhuang_huangsejijia_clothes.pkm@alpha.gz,736830a3420bf87e2d0978a826f5e060
A42F38F0C5538382B547526FE6E3A65F,444,res/animation/fashion/shenyue/rw_sy_taozhuang_huangsejijia_face.atlas.gz,39fbbd2ef4df37088bfce8a9b95dacf7
627881382ED86CD5B3B3CFFE98C99939,2256,res/animation/fashion/shenyue/rw_sy_taozhuang_huangsejijia_face.pkm.gz,13715e21b3f209039a29f7d844233e53
CB495F22266EA2507506D2BDAD44338D,1757,res/animation/fashion/shenyue/rw_sy_taozhuang_huangsejijia_face.pkm@alpha.gz,a67afeecb6a3414641a1aaebe6df49bc
62B605F12D5AA8E64D3E18D76539F454,618,res/animation/fashion/shenyue/rw_sy_taozhuang_huangsejijia_head.atlas.gz,d646960d55bf93cfcbb79568ea90c0f5
B86C8C7E5303D62AFA0966C4DFC2A044,5013,res/animation/fashion/shenyue/rw_sy_taozhuang_huangsejijia_head.pkm.gz,309e33084f1267e7181672616e635bb9
D313C3D1214BDBA0F77A79411EC930AD,3401,res/animation/fashion/shenyue/rw_sy_taozhuang_huangsejijia_head.pkm@alpha.gz,86f7a6f70a5ad08ea286f33692062aac
44CC2F0BD0507FFF0334EEBFF00C4B87,339,res/animation/fashion/shenyue/rw_sy_taozhuang_huanmulveying_cap.atlas.gz,ee8ac94d7799354d13dbfcefa01b30c1
3C0B8858E2807EAB84BB450C62E7661F,839,res/animation/fashion/shenyue/rw_sy_taozhuang_huanmulveying_cap.pkm.gz,dfef644059ee4e171c1ffd3eb5423a6b
B4105A5C252D277968F15DF83D9BC8A6,822,res/animation/fashion/shenyue/rw_sy_taozhuang_huanmulveying_cap.pkm@alpha.gz,1409f1c2e52542ce4a58ef96e2de3792
341A175FF1F6E9F655E19C9CF26A5D3F,1178,res/animation/fashion/shenyue/rw_sy_taozhuang_huanmulveying_clothes.atlas.gz,ac010129fb703ff50e4006b0be9a4900
4D2B45854D4C0A5C6484536C993B38FD,34408,res/animation/fashion/shenyue/rw_sy_taozhuang_huanmulveying_clothes.pkm.gz,81f9b2513c64b73322ea40bc5633f98e
240C37CACA306ACDD8E9F1A4435FDBC5,18278,res/animation/fashion/shenyue/rw_sy_taozhuang_huanmulveying_clothes.pkm@alpha.gz,565b1f1b15628acab14c61601dd789e2
9D3B101F4EB2AEC1C76A5AA300C6D357,440,res/animation/fashion/shenyue/rw_sy_taozhuang_huanmulveying_face.atlas.gz,1c3b9537fb457683058d353eece18d15
5F67BE193B545A24575DF4A5EB2B0433,1703,res/animation/fashion/shenyue/rw_sy_taozhuang_huanmulveying_face.pkm.gz,b6cc08e2937f59ecb4a9ea6b2835073c
7185E6BB868797EE54E258138892AAAC,1363,res/animation/fashion/shenyue/rw_sy_taozhuang_huanmulveying_face.pkm@alpha.gz,3073d1a07e5c11b8341889ae3a9eb6b4
693D56D7AE8422B5E6FB7ED6BD20AF74,616,res/animation/fashion/shenyue/rw_sy_taozhuang_huanmulveying_head.atlas.gz,4945454c783f8632b291986889dbda76
9700CC4362C151CEA28560E27AE0B438,5282,res/animation/fashion/shenyue/rw_sy_taozhuang_huanmulveying_head.pkm.gz,84dd587e53761bc86d0c7fd23ab61d99
41FE24A58F3E88693593ABABD7FEFFAC,3537,res/animation/fashion/shenyue/rw_sy_taozhuang_huanmulveying_head.pkm@alpha.gz,819931793fe39b1d451910cb8de39513
D320B9BFDE29C5CE5D430837F453DCE8,338,res/animation/fashion/shenyue/rw_sy_taozhuang_huanshenqiangui_cap.atlas.gz,a1fdac70001d01d35f9cb459315488fd
9E269372EC45A6B96E1C09F4BFD5D308,1365,res/animation/fashion/shenyue/rw_sy_taozhuang_huanshenqiangui_cap.pkm.gz,f2d18e4e00e51cca05c93fcdf203ef1a
B3B2CBA576F70BAA97C65459FBA51E6F,1334,res/animation/fashion/shenyue/rw_sy_taozhuang_huanshenqiangui_cap.pkm@alpha.gz,c9f7a643c95830b7ca410eda1b61480e
30A81BAF824B2C4CF34851F0B46C0E2C,1180,res/animation/fashion/shenyue/rw_sy_taozhuang_huanshenqiangui_clothes.atlas.gz,b4882d365871e9bf1404910076c0c5df
EEBDA6E101A105E7E08B61065C0B5C7E,32018,res/animation/fashion/shenyue/rw_sy_taozhuang_huanshenqiangui_clothes.pkm.gz,e17ceec48ec1fdf32d7c73ec9f132094
03F1188E653C35DA96F52C77D7B952BC,17953,res/animation/fashion/shenyue/rw_sy_taozhuang_huanshenqiangui_clothes.pkm@alpha.gz,a949a8c7f6754dea8ab65338d28ee168
BD2671A6A20AC8742C60CEF5E784A890,446,res/animation/fashion/shenyue/rw_sy_taozhuang_huanshenqiangui_face.atlas.gz,de1d627a3d90c208f750f0e4643b0d8d
6D80A1CAA354FF12BE00C67E0FD3BA58,1854,res/animation/fashion/shenyue/rw_sy_taozhuang_huanshenqiangui_face.pkm.gz,416e1e56e2185952ae096c1d17b3f0b0
26FAF6FBA0D28F075FF4C169225FB0B2,1500,res/animation/fashion/shenyue/rw_sy_taozhuang_huanshenqiangui_face.pkm@alpha.gz,187fe1d6e1b7acdf623f96125ca3d56f
EC99CA705178E474651AF0B55DFC3B29,635,res/animation/fashion/shenyue/rw_sy_taozhuang_huanshenqiangui_head.atlas.gz,1d1fabfcdfa07ab5a88c3136c9f0fec4
A4DEE5FDD90FF1A3542BDA94EDAE1333,11919,res/animation/fashion/shenyue/rw_sy_taozhuang_huanshenqiangui_head.pkm.gz,895ea31799772a2ce08d3d75220087c2
4141E390B0F7DB7D7CC05BEAE31508E3,8061,res/animation/fashion/shenyue/rw_sy_taozhuang_huanshenqiangui_head.pkm@alpha.gz,8d19c9f11649ebe09d9dc9d809313b77
71806ED8B032D13B940418ED2BE7623A,335,res/animation/fashion/shenyue/rw_sy_taozhuang_huansuiyanxiang_cap.atlas.gz,8279d69734db4c39188edd025111f7c2
A5116A996A941CC6D6F6B1D77BFC2521,1460,res/animation/fashion/shenyue/rw_sy_taozhuang_huansuiyanxiang_cap.pkm.gz,bcba2602128a4b4d6ae84d430f2e30b9
573DABAFB1D1947F9F0CCBD56746949B,1349,res/animation/fashion/shenyue/rw_sy_taozhuang_huansuiyanxiang_cap.pkm@alpha.gz,fe76e4b7cab775b59dbf4140d4abf341
C226AD7DA15B1F7307C6C9C46FD5301A,1178,res/animation/fashion/shenyue/rw_sy_taozhuang_huansuiyanxiang_clothes.atlas.gz,d8c25f43882754542458fcf7eb3feed3
3CB96DF84AABE2E653EDCB7E0D37F268,34737,res/animation/fashion/shenyue/rw_sy_taozhuang_huansuiyanxiang_clothes.pkm.gz,06ed17157fe63bfd95370da142cd62d0
0B5865CCD1D8CF49A26B5C57FE993174,18415,res/animation/fashion/shenyue/rw_sy_taozhuang_huansuiyanxiang_clothes.pkm@alpha.gz,5a4d158e106e4c0f9bf6a3af41d113ef
6384AC22E75280A517DFA42008B9F402,445,res/animation/fashion/shenyue/rw_sy_taozhuang_huansuiyanxiang_face.atlas.gz,33c0bf4020e0613f051604ebaa57b773
8116EA56C43A65DB55AFB81FA3D73BC9,1788,res/animation/fashion/shenyue/rw_sy_taozhuang_huansuiyanxiang_face.pkm.gz,993e50aaf8fed25d393e8cb2fb52a831
3EBA4B022EE175D52B2DED0957A9A5C4,1429,res/animation/fashion/shenyue/rw_sy_taozhuang_huansuiyanxiang_face.pkm@alpha.gz,74cc5154575244dee3a5c32565264a85
D8E374BAC0938627CF799D35371AC0D8,602,res/animation/fashion/shenyue/rw_sy_taozhuang_huansuiyanxiang_head.atlas.gz,3012540febad94bf9bce159571ce7228
8B236AAD933B553262849678F92DB11A,4652,res/animation/fashion/shenyue/rw_sy_taozhuang_huansuiyanxiang_head.pkm.gz,81d191343eeefe6d1ebef30cc03b5c4b
E007F4B6DAC4E0AB301CD58B7B91246C,3888,res/animation/fashion/shenyue/rw_sy_taozhuang_huansuiyanxiang_head.pkm@alpha.gz,faf5d6719200da482e759ba9a731ed4b
35EC3752E7E8F9974FD4407821A23FDC,338,res/animation/fashion/shenyue/rw_sy_taozhuang_jiamianwuhui_cap.atlas.gz,5abf0c56e45f0fdf80d7d1d2d87bdec5
8B920A83A1D5C50582E43A36707365EB,4258,res/animation/fashion/shenyue/rw_sy_taozhuang_jiamianwuhui_cap.pkm.gz,7f462800785d8973d4dcf71288991f83
4A87CBBD640AF435D77E0D734C9348E4,3423,res/animation/fashion/shenyue/rw_sy_taozhuang_jiamianwuhui_cap.pkm@alpha.gz,f13ec3476e089166affd556647497d39
A6FA8A36A3CD95A05B5D0C62AD822820,1186,res/animation/fashion/shenyue/rw_sy_taozhuang_jiamianwuhui_chothes.atlas.gz,401c7985479b125fe9484ca385b3375e
D9CDFA748A6C669F78DEA37AB0C8946F,31476,res/animation/fashion/shenyue/rw_sy_taozhuang_jiamianwuhui_chothes.pkm.gz,1cc0881f5d47d652fa1a774e5bc2ff81
A32A1F1A724E3CE7C954ECEE8331E7AC,20719,res/animation/fashion/shenyue/rw_sy_taozhuang_jiamianwuhui_chothes.pkm@alpha.gz,c95cb4bd235cde755e8267c2ab043cb8
6431829BB9F2C1AE6DCBB0BF248951C7,1181,res/animation/fashion/shenyue/rw_sy_taozhuang_jiamianwuhui_clothes.atlas.gz,312ef8afc3c1519cecaf448c1c4714fb
498D5DCB00A1D96E808FAF1BAAF3EC20,27071,res/animation/fashion/shenyue/rw_sy_taozhuang_jiamianwuhui_clothes.pkm.gz,eba9fd948273eeca25bdc137de2a7e27
4C74528D7F170E4B9FC02F3E35AC8F2F,19204,res/animation/fashion/shenyue/rw_sy_taozhuang_jiamianwuhui_clothes.pkm@alpha.gz,5f00e9dd9368958c8b15a9fb8255a2ef
DEF0ABBCB5D021C48B4AA84C09EB531D,447,res/animation/fashion/shenyue/rw_sy_taozhuang_jiamianwuhui_face.atlas.gz,d25ccad8c65464cfef1c11af8becd642
1E4FCDD7CCE953A56926E047413C438D,1741,res/animation/fashion/shenyue/rw_sy_taozhuang_jiamianwuhui_face.pkm.gz,a60053fda070a22582edccb7a6279694
413646B41B3374D67F744C132508DCB5,1359,res/animation/fashion/shenyue/rw_sy_taozhuang_jiamianwuhui_face.pkm@alpha.gz,28441a63c8c19c357f55a6b892dcce44
4BEB22FD32FB01B718ECEE44E59C3C2D,566,res/animation/fashion/shenyue/rw_sy_taozhuang_jiamianwuhui_head.atlas.gz,082e2ac9775e92f37c44a466f98aa9af
09A88BF32D15A38188B62D170131C4AE,4990,res/animation/fashion/shenyue/rw_sy_taozhuang_jiamianwuhui_head.pkm.gz,9406006a608ec06476db0c5a2df9c4d5
FE5948E83E55ACF71BAC4F0371762F75,3690,res/animation/fashion/shenyue/rw_sy_taozhuang_jiamianwuhui_head.pkm@alpha.gz,9682e24ac40341dabdcb67175890b638
03B50F056484AA6102966F75CA65EAE4,339,res/animation/fashion/shenyue/rw_sy_taozhuang_jiarishizhuang_cap.atlas.gz,266e3037c4531ee79be2f22a0d497d1e
730CCF75E1E852AC7488A10B72226324,2389,res/animation/fashion/shenyue/rw_sy_taozhuang_jiarishizhuang_cap.pkm.gz,fe32a69f39795c6adcb60d6b8acf945c
B25DE1D03E0BF7A44B138EBCA8323BF0,1897,res/animation/fashion/shenyue/rw_sy_taozhuang_jiarishizhuang_cap.pkm@alpha.gz,c1674c2a85f59a81170190cf3000772a
57E759661C894EA511C5C15C7C0D5AC1,1163,res/animation/fashion/shenyue/rw_sy_taozhuang_jiarishizhuang_clothes.atlas.gz,e00692ab58f9834ee4b97d853fe33d51
F97655AAB1B3A2419C4B3C24395DDCF4,34241,res/animation/fashion/shenyue/rw_sy_taozhuang_jiarishizhuang_clothes.pkm.gz,7f1b9f2c8e0c8c0b94818a6975884b47
0DDEA5C61E9A5544DA17AC54B73EC51C,18650,res/animation/fashion/shenyue/rw_sy_taozhuang_jiarishizhuang_clothes.pkm@alpha.gz,33a507c8dd4a4b2f5072ef23fa81bb6b
06E0BF1BD16A073A80BB5B4F270E16A5,445,res/animation/fashion/shenyue/rw_sy_taozhuang_jiarishizhuang_face.atlas.gz,b29ff9242e3e600dd6b581f949ce03ea
38443F8DCD57AC69503BADF261FBC524,1787,res/animation/fashion/shenyue/rw_sy_taozhuang_jiarishizhuang_face.pkm.gz,82a4d074c164718bccf7a4addbbd2cdb
23A1A401D269A69A874F3B280EC1BF3C,1459,res/animation/fashion/shenyue/rw_sy_taozhuang_jiarishizhuang_face.pkm@alpha.gz,c1ea3d04e5235e75706e8baf32d0ba12
044B5D8A75882873BA16CE6BEC9B792F,619,res/animation/fashion/shenyue/rw_sy_taozhuang_jiarishizhuang_head.atlas.gz,84d405bcc463ce1f4e79f514be01c0ee
5B7C160F92F660EF2A974A17E6452215,5611,res/animation/fashion/shenyue/rw_sy_taozhuang_jiarishizhuang_head.pkm.gz,fbe7382175eb55b3533812e9bbfc7225
11ED0096D055E3AD4B77EC1EE7FF4ED6,4284,res/animation/fashion/shenyue/rw_sy_taozhuang_jiarishizhuang_head.pkm@alpha.gz,7ebe898d411956728b67232164fda74c
6C1BB1DAF3674C3BFB154AFA94669342,329,res/animation/fashion/shenyue/rw_sy_taozhuang_konglongshizhuang_cap.atlas.gz,bfe64448d8b50ee9f6691447a6832bd3
2AE86D7CAB411A2C0AA74687C69B5A85,7011,res/animation/fashion/shenyue/rw_sy_taozhuang_konglongshizhuang_cap.pkm.gz,292156bbc131bde5b1d65de150145f08
CC2523B860288A51ACB7ABF681BEAD10,4327,res/animation/fashion/shenyue/rw_sy_taozhuang_konglongshizhuang_cap.pkm@alpha.gz,96b4a91fb91c9636cef568e1f5b8032f
91C16B822D77668B4130CFE7FE48617D,1186,res/animation/fashion/shenyue/rw_sy_taozhuang_konglongshizhuang_clothes.atlas.gz,94302234c263b5b10995bb57b0afbc41
CBE3335321B99392F6E38E3C3979C153,34070,res/animation/fashion/shenyue/rw_sy_taozhuang_konglongshizhuang_clothes.pkm.gz,e47975a95b2ebdae6824e5019cf635c7
0EF5B12AC4EEAC944E2E37D4B0842D2C,19882,res/animation/fashion/shenyue/rw_sy_taozhuang_konglongshizhuang_clothes.pkm@alpha.gz,6ba7b10aa77141a537cc4f5a21614567
EF38069049B5C997FD87F1C748BCE8FE,611,res/animation/fashion/shenyue/rw_sy_taozhuang_konglongshizhuang_head.atlas.gz,65cd719232807bcddc1cffffe87ef694
1F65969CC34F4CBBC897738EB6CB5AC4,5191,res/animation/fashion/shenyue/rw_sy_taozhuang_konglongshizhuang_head.pkm.gz,a3901a7cc2e451ab9795a1e933ef62be
CBF1FB91AA6E283909F769F80433C28C,3866,res/animation/fashion/shenyue/rw_sy_taozhuang_konglongshizhuang_head.pkm@alpha.gz,1ff17fa78f3ce7fd99be10c1a503c9ba
D9B9779942068B5C40377DE8914D53A8,339,res/animation/fashion/shenyue/rw_sy_taozhuang_liehuxingdong_cap.atlas.gz,07206013c56bc1772a7a6755097612f8
A9809B05480E061116C2A7D7A7C028D0,1481,res/animation/fashion/shenyue/rw_sy_taozhuang_liehuxingdong_cap.pkm.gz,53a5d978b07a6b051aa141242858dc5e
1F4028E5B1C0B940B14AB13587B70981,1369,res/animation/fashion/shenyue/rw_sy_taozhuang_liehuxingdong_cap.pkm@alpha.gz,07e4d57745624f32692bc2f8f6731de6
2B2DE411F679F46EDFDF82AB5BA19553,1187,res/animation/fashion/shenyue/rw_sy_taozhuang_liehuxingdong_clothes.atlas.gz,62057a4c339f84e87d5e9a227217fc92
2B707462A94172770EE3B15EC778FAA8,34144,res/animation/fashion/shenyue/rw_sy_taozhuang_liehuxingdong_clothes.pkm.gz,48f9cd14af24df94a83e01c1cbd0e91e
7463FE8964E63B239027C21F195CD4FE,18302,res/animation/fashion/shenyue/rw_sy_taozhuang_liehuxingdong_clothes.pkm@alpha.gz,e296857087d201dc268ad0aec3ebce01
3068A47DC52288E95BF0D9ED564C695D,616,res/animation/fashion/shenyue/rw_sy_taozhuang_liehuxingdong_head.atlas.gz,087853ffbb12f33e7f44ac95f09aff4e
C985AA5FC50355E628B18E37056D3FC6,4243,res/animation/fashion/shenyue/rw_sy_taozhuang_liehuxingdong_head.pkm.gz,d9748eefd0c7294400a79cd5173089d3
75E84A44D5511C6D4D7D0E106CAA68C7,3460,res/animation/fashion/shenyue/rw_sy_taozhuang_liehuxingdong_head.pkm@alpha.gz,3ba5431cf1faa7697bef638328f5d43d
4B2DB3A7A31391635E8B2BA341515A9E,338,res/animation/fashion/shenyue/rw_sy_taozhuang_linyuanshouwei_cap.atlas.gz,2351d5148f63655e51710b89832fa6b7
FEC720AE616071715EA07F5BA3B0D973,2061,res/animation/fashion/shenyue/rw_sy_taozhuang_linyuanshouwei_cap.pkm.gz,2966746a5926f28046174187d605c9dd
9C1B96BCC05026713CB7CF85FFB9B364,1900,res/animation/fashion/shenyue/rw_sy_taozhuang_linyuanshouwei_cap.pkm@alpha.gz,7045a522d88f0eb05a5ec091490eb772
AB828293C88A85ACF2CC09E04ABC0B53,1163,res/animation/fashion/shenyue/rw_sy_taozhuang_linyuanshouwei_clothes.atlas.gz,2958e062a63d733d05e85df8f8daa9e0
B3396FEA29B36512FF07017426E7E025,33834,res/animation/fashion/shenyue/rw_sy_taozhuang_linyuanshouwei_clothes.pkm.gz,d1cff839ad907106085f468eb038e281
2F9A25874252CF62AE6591F61BACE4B6,18214,res/animation/fashion/shenyue/rw_sy_taozhuang_linyuanshouwei_clothes.pkm@alpha.gz,121f22e3697c990e79766e35ec63d060
A28CBC7B35F415818FA1404706DD0145,444,res/animation/fashion/shenyue/rw_sy_taozhuang_linyuanshouwei_face.atlas.gz,d2b4870ee61867724ced4e48a109a778
876EC3B3C5D14AA97A13FDFA0A919C7E,1945,res/animation/fashion/shenyue/rw_sy_taozhuang_linyuanshouwei_face.pkm.gz,629945a9ed74ea48fe1819576a4d064d
F0FA41152851690ED8EFC6312E44F159,1580,res/animation/fashion/shenyue/rw_sy_taozhuang_linyuanshouwei_face.pkm@alpha.gz,4bce0aa6c3ce959e58529cd3dd8e72ee
983651F55F174C0E492F95BAAA28A358,619,res/animation/fashion/shenyue/rw_sy_taozhuang_linyuanshouwei_head.atlas.gz,d35ee771747258f0b098b3fc9ff8739f
B9C4E22494EE27AA9B7AFF2315BC1C3D,5138,res/animation/fashion/shenyue/rw_sy_taozhuang_linyuanshouwei_head.pkm.gz,95f6baf26b9973c766fd80514290ad5b
FFEAEABB5DD5179D08C32B9638A8F33C,3401,res/animation/fashion/shenyue/rw_sy_taozhuang_linyuanshouwei_head.pkm@alpha.gz,86f7a6f70a5ad08ea286f33692062aac
87280B9450F3DE571B9BE64D49F822B3,324,res/animation/fashion/shenyue/rw_sy_taozhuang_mijingjingling_cap.atlas.gz,f267d9ab147db2ac99b08a1a94d66e5e
6DAE529D785842082E0040BACAC0A007,1360,res/animation/fashion/shenyue/rw_sy_taozhuang_mijingjingling_cap.pkm.gz,1f09fa56fff577e3da5be7c64ec1671b
975F3E093B3836A6A9E6BCA8259FB3E8,1280,res/animation/fashion/shenyue/rw_sy_taozhuang_mijingjingling_cap.pkm@alpha.gz,8e5f130a77f20ca32c191aee1f5a09c5
BB3250F80D8A2DF990C7416026B3CB67,1176,res/animation/fashion/shenyue/rw_sy_taozhuang_mijingjingling_clothes.atlas.gz,19c0cecdf49a7e2236c6c50c52c0dafe
BAE86B318507288303C79DB322436F64,36551,res/animation/fashion/shenyue/rw_sy_taozhuang_mijingjingling_clothes.pkm.gz,ed335bf30c561bd240e02b14d76bdac3
0DEB7E9577A7A8F66BA8555222A3D001,19608,res/animation/fashion/shenyue/rw_sy_taozhuang_mijingjingling_clothes.pkm@alpha.gz,182807762dcbaf4dfd34d6476b513626
CF6AAD6AEC697BE1E78239D2468CE6B5,444,res/animation/fashion/shenyue/rw_sy_taozhuang_mijingjingling_face.atlas.gz,fea6a3e8d32eba009b4b5f5e08db771c
C3090D4D15DD098F43A95468C2A2D383,1985,res/animation/fashion/shenyue/rw_sy_taozhuang_mijingjingling_face.pkm.gz,b43e048eaf449ea1d09921f5095263e1
B313D81A0AA55CF09E4C195E33F34C65,1603,res/animation/fashion/shenyue/rw_sy_taozhuang_mijingjingling_face.pkm@alpha.gz,5bb643ec9182a239bb642bef923b3aed
099489F1424BA6623C58E77A20984D2B,618,res/animation/fashion/shenyue/rw_sy_taozhuang_mijingjingling_head.atlas.gz,8855163801e33df17322a2d3cf6de265
A18E4860C97CB9CC445D6F97B8A878E4,5838,res/animation/fashion/shenyue/rw_sy_taozhuang_mijingjingling_head.pkm.gz,154d3dc1a9c8196171e0ba4cd04cabba
6BD6109568DB5B9362EC0328CC86ADDB,4440,res/animation/fashion/shenyue/rw_sy_taozhuang_mijingjingling_head.pkm@alpha.gz,760c023423d228bda42d2ce65403b939
6EEDA4E25EBE93D22365669A2059A773,337,res/animation/fashion/shenyue/rw_sy_taozhuang_mingxing_cap.atlas.gz,147b3b685f867fc199288e8f81f6fc97
BD1816BAFD5C2842F96F4242503057B5,1909,res/animation/fashion/shenyue/rw_sy_taozhuang_mingxing_cap.pkm.gz,da3fe205690953d706c5d4effc128706
0D68FD92110507F96C2B042B9A253012,1830,res/animation/fashion/shenyue/rw_sy_taozhuang_mingxing_cap.pkm@alpha.gz,fbbf70b99e9c56d31c17e4d88ebf2528
CD79B049A34F068F8901A8E60F094992,1185,res/animation/fashion/shenyue/rw_sy_taozhuang_mingxing_clothes.atlas.gz,419a6bce3289703962cce81a194c45b8
C8577541785E8D29CAE16E429A7EF00E,25070,res/animation/fashion/shenyue/rw_sy_taozhuang_mingxing_clothes.pkm.gz,b11361377195239b70292683b2778eb9
734A68CD28022C79579F3881414FFF23,17580,res/animation/fashion/shenyue/rw_sy_taozhuang_mingxing_clothes.pkm@alpha.gz,d09c72f90a4efcc1ab375805d1ada9e8
0704B468055BC66F0625E8F97B9CC820,472,res/animation/fashion/shenyue/rw_sy_taozhuang_mingxing_face.atlas.gz,3d42b955c3b0de920b9501e8c3eb1a40
74303C9D52B5B9D92B06E0D2674BBB1E,1781,res/animation/fashion/shenyue/rw_sy_taozhuang_mingxing_face.pkm.gz,25f0bd4429c5334ee8030788f8d89642
963EFE56E428C390440D9B0A9C2026A5,1424,res/animation/fashion/shenyue/rw_sy_taozhuang_mingxing_face.pkm@alpha.gz,caac6b5d8e5f1ba32c8860a6051bfd42
E9382C75AF8BBB4C88EBDE55F7E213A8,624,res/animation/fashion/shenyue/rw_sy_taozhuang_mingxing_head.atlas.gz,9ddb5ca06cc1996d9ba15b484739c3b6
76A9231367B609A535533BF91A14959C,4462,res/animation/fashion/shenyue/rw_sy_taozhuang_mingxing_head.pkm.gz,3ac5d98a26a651cbba7d5ba444829f6e
84113EA03A28E8950D023C15B5CB00BF,3631,res/animation/fashion/shenyue/rw_sy_taozhuang_mingxing_head.pkm@alpha.gz,61260906c851caf46eda7d19b9523aed
B96658A005AE99BD2E1A43F2A9845C1D,337,res/animation/fashion/shenyue/rw_sy_taozhuang_posuoyehuo_cap.atlas.gz,5be0dc2b4bb3ec4ba7d5ddb71bae008e
E1CDBA34BE7C8E516DBEDD75462803FE,2586,res/animation/fashion/shenyue/rw_sy_taozhuang_posuoyehuo_cap.pkm.gz,d2b01e0308eb51de7d51518eb0d1e8e8
DBA1DC0CFDA0CF3402E5C9EBA37A7B16,2095,res/animation/fashion/shenyue/rw_sy_taozhuang_posuoyehuo_cap.pkm@alpha.gz,5e2267b09960b4f60ec4d5630a3812c7
5997949A7B37B2DB61ED9AF04B8F88A5,1180,res/animation/fashion/shenyue/rw_sy_taozhuang_posuoyehuo_clothes.atlas.gz,9b8c3ccc67a0a533c06344b1352f907e
094FEED2B9369C15DF77408EDEF63CD9,39447,res/animation/fashion/shenyue/rw_sy_taozhuang_posuoyehuo_clothes.pkm.gz,c6af20780a7706497de4bd137b0fa26c
F9BE8D19B22C9337CB60B963CE413C1E,17486,res/animation/fashion/shenyue/rw_sy_taozhuang_posuoyehuo_clothes.pkm@alpha.gz,d8461f2d277438f19a9d921c3f27c886
A64BD1BBC166FC21EE3B4E8F7A85D58B,472,res/animation/fashion/shenyue/rw_sy_taozhuang_posuoyehuo_face.atlas.gz,adb487cf14f5acbc56b929c7953c4a98
55C6C28AA9D26DB803EE3646133EE085,1841,res/animation/fashion/shenyue/rw_sy_taozhuang_posuoyehuo_face.pkm.gz,51841db27fe17bf129771451734243bb
7A851C3CD17757D8A66A6B94351482E4,1483,res/animation/fashion/shenyue/rw_sy_taozhuang_posuoyehuo_face.pkm@alpha.gz,c6df7efdf9bd5c0cac44cc79c5191809
1B1A43F43C178D4FD3AF2DC2B9D92C7A,618,res/animation/fashion/shenyue/rw_sy_taozhuang_posuoyehuo_head.atlas.gz,2cdb2d113e40321da7aec7c102067cda
C1FC6ECF9B40D2C6AA6EC748866836D0,5570,res/animation/fashion/shenyue/rw_sy_taozhuang_posuoyehuo_head.pkm.gz,bfa99aef21df725d850160138e04aa36
77F56051E2C486C650E24DFF0EADF4D5,4006,res/animation/fashion/shenyue/rw_sy_taozhuang_posuoyehuo_head.pkm@alpha.gz,defc98fa258885c8d6879d702b4c9f54
130E3856B997F0E5DA57AFB830B41B6F,332,res/animation/fashion/shenyue/rw_sy_taozhuang_qingchengguangyao_cap.atlas.gz,035395c37142eeaa350d69cac86074e6
8173917ED4E3048E40718EDBFEFB502B,3021,res/animation/fashion/shenyue/rw_sy_taozhuang_qingchengguangyao_cap.pkm.gz,d4e43b8b27d1474c31c1007cffe5565f
25CDB582D50D933CF69F24887F638D93,2408,res/animation/fashion/shenyue/rw_sy_taozhuang_qingchengguangyao_cap.pkm@alpha.gz,00c41900ff41c5eac76fbdff154246ab
611EF51352194AE1C3BDE3A17FAB5FB2,1188,res/animation/fashion/shenyue/rw_sy_taozhuang_qingchengguangyao_clothes.atlas.gz,d2d1e92a778f33f005ddfb629cc68e5a
4B066C18FA475CE088DA73C1191E15D4,32338,res/animation/fashion/shenyue/rw_sy_taozhuang_qingchengguangyao_clothes.pkm.gz,32c2c0e2bb484fe1e738b64cb6a80495
ED364098A1E62BFB0FB96ADFBC28CAA2,18969,res/animation/fashion/shenyue/rw_sy_taozhuang_qingchengguangyao_clothes.pkm@alpha.gz,50a2d6b82802b13df7940f8dd517d783
5D43F0FFDDFCE7320F0CA89A118B8AF0,440,res/animation/fashion/shenyue/rw_sy_taozhuang_qingchengguangyao_face.atlas.gz,4905f9b7bafc9d0d61e44d36954c0df9
E26661A7B3CF3712C96E08D75FC46750,2680,res/animation/fashion/shenyue/rw_sy_taozhuang_qingchengguangyao_face.pkm.gz,39461276620341914fa921727e4bc3fd
3DC97B2121416D80B9A6D56C4AE1723C,2020,res/animation/fashion/shenyue/rw_sy_taozhuang_qingchengguangyao_face.pkm@alpha.gz,7fea1597d8817af36f32b97bb4781a53
BF4C823BA8BB48227E7A2284705F840C,646,res/animation/fashion/shenyue/rw_sy_taozhuang_qingchengguangyao_head.atlas.gz,f5987e5cf079b311c545bcac52008a36
6F70A9A08D98C1FC99AFEFFEFB643EE1,15928,res/animation/fashion/shenyue/rw_sy_taozhuang_qingchengguangyao_head.pkm.gz,cc5a79ec72f2be2736faa8bf3ad6c2b0
7C2A0A4BA12428E099A41A033AF9EC78,9546,res/animation/fashion/shenyue/rw_sy_taozhuang_qingchengguangyao_head.pkm@alpha.gz,f3d8a948afb71c6d8fbfe1f18fe7d910
63BC47625CE169DBD2F44B03546A8036,338,res/animation/fashion/shenyue/rw_sy_taozhuang_shanyaozhixing_cap.atlas.gz,8130f7b02dc93295c2294052d01c5856
DBFE88F11BD0598DB70FB7A0A897FB8D,668,res/animation/fashion/shenyue/rw_sy_taozhuang_shanyaozhixing_cap.pkm.gz,15249e813b624cffb4ce4152e64e96e0
F397A96363AB40FC75B1C02133A44C45,659,res/animation/fashion/shenyue/rw_sy_taozhuang_shanyaozhixing_cap.pkm@alpha.gz,10b082400b2b3dd4d9208f54329f83f0
EA005966BCBE1480A928FBCA57C973F8,1178,res/animation/fashion/shenyue/rw_sy_taozhuang_shanyaozhixing_clothes.atlas.gz,e356183755912ba66af9e5210a71f013
1E157AF48877280C02B0B0A6E91172D4,28679,res/animation/fashion/shenyue/rw_sy_taozhuang_shanyaozhixing_clothes.pkm.gz,b873117f397c8bccba4cf57d124e69b7
9F16DC11A890CD3A28915CEE0D8D33AB,18071,res/animation/fashion/shenyue/rw_sy_taozhuang_shanyaozhixing_clothes.pkm@alpha.gz,14371cbb0dcd6a705e09ae26313b1bf3
EF903F288722F05B09A41A6348422502,445,res/animation/fashion/shenyue/rw_sy_taozhuang_shanyaozhixing_face.atlas.gz,36927fed446dd93844e5b20b6d650baa
E03FBE2D12394B9043872381145EC701,1687,res/animation/fashion/shenyue/rw_sy_taozhuang_shanyaozhixing_face.pkm.gz,40cb3f31e53016f156667239851a0222
5875574BE80725F222DA360F9E98E9EC,1338,res/animation/fashion/shenyue/rw_sy_taozhuang_shanyaozhixing_face.pkm@alpha.gz,9a96d18949142cb7647258de287862ca
429D4A937DBCFA538C9E252BA306ADC7,618,res/animation/fashion/shenyue/rw_sy_taozhuang_shanyaozhixing_head.atlas.gz,8d4dff4e864f78e6138defbf67b902fc
18F8DBDDFB913E2D8DF49D7CA3C4DD1A,4795,res/animation/fashion/shenyue/rw_sy_taozhuang_shanyaozhixing_head.pkm.gz,ea0e177368aa31ee944859d31fd7340b
37102A6B70951945A263A7A26D50FF44,3631,res/animation/fashion/shenyue/rw_sy_taozhuang_shanyaozhixing_head.pkm@alpha.gz,d96652024cd60d4748d4148588518b04
3FD9761A2242C09E7641542EB6DEA958,338,res/animation/fashion/shenyue/rw_sy_taozhuang_shianaiqi_cap.atlas.gz,c8c783d7a4572e972076336932e6ab10
3EA1EAD3B7855B06059E1766BB7207AC,1784,res/animation/fashion/shenyue/rw_sy_taozhuang_shianaiqi_cap.pkm.gz,f2ead0ae46d6fd9ead6d029faee34360
0DCA4AF14A84DA078F175551A2EB00A2,1771,res/animation/fashion/shenyue/rw_sy_taozhuang_shianaiqi_cap.pkm@alpha.gz,b2776f063109250bd43c4f88ca1a465c
C2CA0A0856B5AB305EB4B997BD0A8FF5,1180,res/animation/fashion/shenyue/rw_sy_taozhuang_shianaiqi_clothes.atlas.gz,023c85234632fa6ec7ba23be138426e1
E9C6616206361AD69A53ACA3B813E883,28942,res/animation/fashion/shenyue/rw_sy_taozhuang_shianaiqi_clothes.pkm.gz,f85c6cd70ae4541b293c67bf2fec2549
025918BA2BEA3BFBE3A1A854FBDC4AEC,20561,res/animation/fashion/shenyue/rw_sy_taozhuang_shianaiqi_clothes.pkm@alpha.gz,5c6948bde535ce670a832219fe01d226
1BA7B944C26B9242AA035FC32A166CB3,476,res/animation/fashion/shenyue/rw_sy_taozhuang_shianaiqi_face.atlas.gz,bc758841143e69484a45fba72f553b47
9EB4C8CA9657BD735FB07E039E3D01BE,1848,res/animation/fashion/shenyue/rw_sy_taozhuang_shianaiqi_face.pkm.gz,338330a3945073fddaee29a8707b39a4
C9CDDA8E7E1D0F8883860FF3DCB4583F,1465,res/animation/fashion/shenyue/rw_sy_taozhuang_shianaiqi_face.pkm@alpha.gz,6873ff35a6f032a9568ab5f77a71296f
54AE7C650E5A47BDC3C84166B508DCE3,626,res/animation/fashion/shenyue/rw_sy_taozhuang_shianaiqi_head.atlas.gz,5d2d8b3d09b4560ef73942c2a8b68e73
4696CFFCCA7C043C1765CD547ABAE97F,11442,res/animation/fashion/shenyue/rw_sy_taozhuang_shianaiqi_head.pkm.gz,e8a30722c5cb0adde8699ba1c2c61dec
AF31F4AB7B28A3AEBC02BB1C9D0E0F4C,9097,res/animation/fashion/shenyue/rw_sy_taozhuang_shianaiqi_head.pkm@alpha.gz,0c8341e2a1bbd84b0a30b7827959b017
EB14D4196819413116E3392FB9FEC5FC,338,res/animation/fashion/shenyue/rw_sy_taozhuang_shuoranyanxiao_cap.atlas.gz,9a7b17c602eb86f8c77ecf448342999d
6E24109C796B9926DA40F2F63FDC29D4,625,res/animation/fashion/shenyue/rw_sy_taozhuang_shuoranyanxiao_cap.pkm.gz,5eea19b6e480ab9ef432ae2179a1af03
CA7B03BCB9E38B4BADBA0338330870FF,638,res/animation/fashion/shenyue/rw_sy_taozhuang_shuoranyanxiao_cap.pkm@alpha.gz,77745ad8cd4cabfb7393a6b0cde77a5a
ED6CBE031701FECE4EBFCBAC78E6A2A2,1162,res/animation/fashion/shenyue/rw_sy_taozhuang_shuoranyanxiao_clothes.atlas.gz,e8af0d244e1a1916bcbfb982ed985ede
2B5702FC17170D91368910467881628A,33094,res/animation/fashion/shenyue/rw_sy_taozhuang_shuoranyanxiao_clothes.pkm.gz,c702a759a9958cc95befd1eec9dd44cd
F1B96EE02EEA85C229B6EC7472626D2A,19370,res/animation/fashion/shenyue/rw_sy_taozhuang_shuoranyanxiao_clothes.pkm@alpha.gz,e7798adfcc1f103a8c7c4e8d234aba70
424E728A80D0EE372DC5910005EF62EE,445,res/animation/fashion/shenyue/rw_sy_taozhuang_shuoranyanxiao_face.atlas.gz,4fcdc9f8e54da147b4ee93148f89afc7
735D689044E0DE38681A6E695F9615ED,1774,res/animation/fashion/shenyue/rw_sy_taozhuang_shuoranyanxiao_face.pkm.gz,c656397518f76f7825eb3c738e2fb9fd
88FC1CD8BC7D04CD7BA3D400D903751A,1435,res/animation/fashion/shenyue/rw_sy_taozhuang_shuoranyanxiao_face.pkm@alpha.gz,b600ad1a0cca3f1754dec4d575a83843
B430A57B1115D9085F682A404E30B512,629,res/animation/fashion/shenyue/rw_sy_taozhuang_shuoranyanxiao_head.atlas.gz,f5c475411f4c56a47a86dd1e11cd90f3
A3772281CBC03CAD476AE3BB3D873814,16802,res/animation/fashion/shenyue/rw_sy_taozhuang_shuoranyanxiao_head.pkm.gz,83737ce823aaafd00889e81e8d93e330
4277E76016521DE0F70745128C84F168,10250,res/animation/fashion/shenyue/rw_sy_taozhuang_shuoranyanxiao_head.pkm@alpha.gz,2dd8a400b891383c7f74c5753536878c
4334E2085C81BE0F39D4D9062AB10EFF,1242,res/animation/fashion/shenyue/rw_sy_taozhuang_skin_anmieweiyi.atlas.gz,fe6fcce22777ea0e438a57afad684344
580897C1E62DA0EBEAB48D625BA82E03,18668,res/animation/fashion/shenyue/rw_sy_taozhuang_skin_anmieweiyi.pkm.gz,0722513fb5758e7b0ad3d7f702f37913
2047B1355476F971D1500FBCEC3829AC,12868,res/animation/fashion/shenyue/rw_sy_taozhuang_skin_anmieweiyi.pkm@alpha.gz,ef94c1338310ca04719efc67e0cd06da
755F0EFCC7365C6ED5168B6441ADD482,1190,res/animation/fashion/shenyue/rw_sy_taozhuang_skin_bianse02.atlas.gz,55b612f56d944feb5e2e03a6b582a032
53D51B781DA601B342D00E97F86F9412,11361,res/animation/fashion/shenyue/rw_sy_taozhuang_skin_bianse02.pkm.gz,f1a5df99a952fa6f998f61a7bddcf4ca
2DB64A0BC68E3F14303AD096A67732EC,6878,res/animation/fashion/shenyue/rw_sy_taozhuang_skin_bianse02.pkm@alpha.gz,3a32604334cff3d22f0d8de79ef8eed1
65F074CCEB3BC6FBE57CC9B05A0CA24A,1190,res/animation/fashion/shenyue/rw_sy_taozhuang_skin_bianse03.atlas.gz,13a09fa5279a36f13e88915cf317d463
8C330AF0B5E13E9F1571E3F932E8908E,10766,res/animation/fashion/shenyue/rw_sy_taozhuang_skin_bianse03.pkm.gz,a3116c7c8210d387b6bfc98136b0de42
3B863C341DB003BF216D8A4A9C0FC040,6691,res/animation/fashion/shenyue/rw_sy_taozhuang_skin_bianse03.pkm@alpha.gz,e901d67fa3cffdd04be51171f75a5254
A252F0CD714E4843BC8960FF763DCB7E,1190,res/animation/fashion/shenyue/rw_sy_taozhuang_skin_bianse04.atlas.gz,2aa7a6af3025f00b7a7ac7382726cc1c
F90DB98AFEFDFA9D061E0C57731C76BE,8857,res/animation/fashion/shenyue/rw_sy_taozhuang_skin_bianse04.pkm.gz,ae55ca522b7720b773ebba6efa3750ad
B3772299FA3935CD81C637EDECDBF5A7,6691,res/animation/fashion/shenyue/rw_sy_taozhuang_skin_bianse04.pkm@alpha.gz,e901d67fa3cffdd04be51171f75a5254
27A07268CE6203BD14DC3114EFA03382,1190,res/animation/fashion/shenyue/rw_sy_taozhuang_skin_bianse05.atlas.gz,06309591b1de04171f0ae92785ea5f08
BE15A053D0CA7A81284D4CEC160FD0AF,9810,res/animation/fashion/shenyue/rw_sy_taozhuang_skin_bianse05.pkm.gz,ccccedb1fd6740148b20502a0512b073
6AD5BCDC40DE25B16B1E0FB2711BCF04,6569,res/animation/fashion/shenyue/rw_sy_taozhuang_skin_bianse05.pkm@alpha.gz,d876b4a280c41825ccbb9b1e15c1af61
48515113FA390BD1478E674D180394B8,1187,res/animation/fashion/shenyue/rw_sy_taozhuang_skin_bianyuhaike.atlas.gz,7707be399c19a3088af20b1f480500c3
90E542E1BB555F30F804B466280E1E9C,15092,res/animation/fashion/shenyue/rw_sy_taozhuang_skin_bianyuhaike.pkm.gz,1e18551babcb11577dbe9f9996cc8268
77F568461FF9384C9B7DE70CCDF5A7B3,11728,res/animation/fashion/shenyue/rw_sy_taozhuang_skin_bianyuhaike.pkm@alpha.gz,6982228c6f108e83a37a6b293ce3f067
77F68AD709CB110EC67E29D48597E2BA,1170,res/animation/fashion/shenyue/rw_sy_taozhuang_skin_canglangdichen.atlas.gz,a91a053ab8b09515f81c6d7b0d5b0016
BDEE901868B665D88AF4C409585F6410,13475,res/animation/fashion/shenyue/rw_sy_taozhuang_skin_canglangdichen.pkm.gz,3bc25ccd92c87904e6863b5bc95603ba
1D4DA8F1ABDACB4C6D15CBE486198589,9422,res/animation/fashion/shenyue/rw_sy_taozhuang_skin_canglangdichen.pkm@alpha.gz,d14d7383039b50edaeb7a5851eef2905
C213BC8F40DAB4035492E2F74CD02204,1261,res/animation/fashion/shenyue/rw_sy_taozhuang_skin_canglanhundun.atlas.gz,a00eb83fed28c5aa1fbaf53f3b6cdbea
40312ACC65133CA14E528FF4F3255075,17394,res/animation/fashion/shenyue/rw_sy_taozhuang_skin_canglanhundun.pkm.gz,11ec143e22d42f7e4b0815342abdaa1c
23125FBB85742E44775B4833798FA0AB,11860,res/animation/fashion/shenyue/rw_sy_taozhuang_skin_canglanhundun.pkm@alpha.gz,df2788750eb6009b4d77cef916aa96df
2738A834F6133DEEF36A0227882A8E58,1187,res/animation/fashion/shenyue/rw_sy_taozhuang_skin_cangyanqishi.atlas.gz,6e7651d19b51b991608682d3fe805823
0550DBE2603C1D475ABCD879BD6DA53C,17011,res/animation/fashion/shenyue/rw_sy_taozhuang_skin_cangyanqishi.pkm.gz,4a3907e13582ade3c30c936f263f8f3d
52EB9EA427EC1085CC260DF6E8DACAF1,8977,res/animation/fashion/shenyue/rw_sy_taozhuang_skin_cangyanqishi.pkm@alpha.gz,c6ece45b5cfb2398ebe7b4aa9a425e3d
FE83DA25E07948A217747483198D9D89,1196,res/animation/fashion/shenyue/rw_sy_taozhuang_skin_chaomeng.atlas.gz,5296edb727fa4af0d77ab41b82c78e5a
25F8763B3B461229365FFD0814420957,10630,res/animation/fashion/shenyue/rw_sy_taozhuang_skin_chaomeng.pkm.gz,b4c7090580d2294727f5683bcaf8c5a4
8B565EFE25445E1A8C1D8FE37206B62E,6004,res/animation/fashion/shenyue/rw_sy_taozhuang_skin_chaomeng.pkm@alpha.gz,a2d19eb2c1b8410d03b423f5a972e542
3C6876D3873357151C7CC47E735E8E9A,1201,res/animation/fashion/shenyue/rw_sy_taozhuang_skin_chunbaishengqi.atlas.gz,19fbd13b88878b3e1fe2f3f036dd4a2b
9E4B24DCEA9FE333F00E6256D29D2253,8803,res/animation/fashion/shenyue/rw_sy_taozhuang_skin_chunbaishengqi.pkm.gz,a1d938b73049dc9e10d35709110db8db
AE0F92F067E9AABA6B33DF20BDDCE6A9,5822,res/animation/fashion/shenyue/rw_sy_taozhuang_skin_chunbaishengqi.pkm@alpha.gz,1e6134523f5028925cddaf40aa10cd7a
19405B8017B546A828D22E6ED2986846,1175,res/animation/fashion/shenyue/rw_sy_taozhuang_skin_ciyuanlingzhu.atlas.gz,66824377c8d672fc782ea791b7ca2117
70B04111FF03E5D60E5832EF42F431CB,15516,res/animation/fashion/shenyue/rw_sy_taozhuang_skin_ciyuanlingzhu.pkm.gz,f37fd17669aaf745f65c0fa6d0f0c217
B3FFFE2F3041499BB4A484AD68FA4BF7,7988,res/animation/fashion/shenyue/rw_sy_taozhuang_skin_ciyuanlingzhu.pkm@alpha.gz,781d9f2e9c31acd8ced4cb06b23715c2
28C526B1D2A9D0C403D1C446AC54AEAD,1184,res/animation/fashion/shenyue/rw_sy_taozhuang_skin_dajiang.atlas.gz,a44a9794d40aea15b4732778ae2b248d
F62450449C0D8A5A78169FAB1B2FF8C4,8869,res/animation/fashion/shenyue/rw_sy_taozhuang_skin_dajiang.pkm.gz,8622975d3fd73f02f068cd90e35287ec
DFE1C494DCD085C3CD7B892BB6478736,8237,res/animation/fashion/shenyue/rw_sy_taozhuang_skin_dajiang.pkm@alpha.gz,305ac84bd1c6f87c6a10b1f74f95f013
7F9860F574B5D5DBFC9A2411084402CB,1188,res/animation/fashion/shenyue/rw_sy_taozhuang_skin_duifu.atlas.gz,6a7594a635395ebc67d81cd127741f8d
7723A5704013D6E08BB59952E32A3654,9495,res/animation/fashion/shenyue/rw_sy_taozhuang_skin_duifu.pkm.gz,4db9b14bb3961426452f4876bd6dcb26
1E493D7509CF04D9D6F679B05755AE69,5989,res/animation/fashion/shenyue/rw_sy_taozhuang_skin_duifu.pkm@alpha.gz,8ebefb42433f3e8233dc1581b14fde8e
890CE0188201480295DE31767A51A39F,1186,res/animation/fashion/shenyue/rw_sy_taozhuang_skin_guizuzhiyi.atlas.gz,9d804c3a60eae4466e1f2b7523ba1f0f
D84FDA7DEC265B3E86D51278BA369809,7723,res/animation/fashion/shenyue/rw_sy_taozhuang_skin_guizuzhiyi.pkm.gz,af515d290baa82b6449f531f667bb530
50C04C2480702C3CFEA94DB6E1A61C73,5580,res/animation/fashion/shenyue/rw_sy_taozhuang_skin_guizuzhiyi.pkm@alpha.gz,4c7af841775a616c57a4f7f967e1f297
86E334DED6B44C8E234CE2FAFA4E1CF9,1187,res/animation/fashion/shenyue/rw_sy_taozhuang_skin_guofeng.atlas.gz,58cd52704ea88bbd69374d760277cd20
2EFCFFD0D87EF3FCA8EB0231CE2C6C49,12586,res/animation/fashion/shenyue/rw_sy_taozhuang_skin_guofeng.pkm.gz,beadf30f391948ad726882b019ab3151
52A032AAB6ADC61E395D653A6ADC6B56,6464,res/animation/fashion/shenyue/rw_sy_taozhuang_skin_guofeng.pkm@alpha.gz,8f47fe38c1c191a1b22314184ba04265
3004B8107F0235D1BDBEC4FE6C5574CF,1168,res/animation/fashion/shenyue/rw_sy_taozhuang_skin_haiyangpaidui.atlas.gz,7000f1adbf8a0ee8889f41bf1d865d5b
3F86694FB256D10ED450F8E95F54C209,4017,res/animation/fashion/shenyue/rw_sy_taozhuang_skin_haiyangpaidui.pkm.gz,0e739228683b5102197dbe701885c7b7
784F00846835B7410BFAE4C142A79262,2980,res/animation/fashion/shenyue/rw_sy_taozhuang_skin_haiyangpaidui.pkm@alpha.gz,3db819b6411a7ff02cd43f17baa22220
EA734BECA85B00C114B5E32EBA8454A3,1189,res/animation/fashion/shenyue/rw_sy_taozhuang_skin_heizhishi.atlas.gz,4787cfb28c9f4604d426c790b6b9fd3c
68168A63D76F3E7ECD28A13B29D909B5,5950,res/animation/fashion/shenyue/rw_sy_taozhuang_skin_heizhishi.pkm.gz,f5e3f9ad6c0bc159811a42d1c3d3e57e
B63D1189FE22F7CCFE909B5A987183B0,6067,res/animation/fashion/shenyue/rw_sy_taozhuang_skin_heizhishi.pkm@alpha.gz,70c64d6a94c8cb61ba6f16c4c4504208
AAF9759F3B620D833F95C41F3C637711,1174,res/animation/fashion/shenyue/rw_sy_taozhuang_skin_hongyunyishi.atlas.gz,ff8b0c98ce5c55908dd740bb3ea44bcc
E785961489B392E32ADBB83E4D290171,8235,res/animation/fashion/shenyue/rw_sy_taozhuang_skin_hongyunyishi.pkm.gz,d597be941ae435b92da72f2544e6502c
89A700B728D10997C23715D3F5D38FD9,5220,res/animation/fashion/shenyue/rw_sy_taozhuang_skin_hongyunyishi.pkm@alpha.gz,39d131146fea5417601934bf21042e57
0E5E549E6158F349108D061EFF33F865,1193,res/animation/fashion/shenyue/rw_sy_taozhuang_skin_huangsejijia.atlas.gz,e67c9f0be0eed21ea06f615e69a8a056
603366BBFF3F28BDD8EA49322586BD4D,2028,res/animation/fashion/shenyue/rw_sy_taozhuang_skin_huangsejijia.pkm.gz,09d11611f0683fb70825a6d94fb4bcd1
49792D0E55FD3BFDF5C76C2202B08A97,1753,res/animation/fashion/shenyue/rw_sy_taozhuang_skin_huangsejijia.pkm@alpha.gz,24cd8a8dc7f2bb7eccb53374f9d58a3f
9204FC95BDF84FAB246C6B610BD4F24A,1191,res/animation/fashion/shenyue/rw_sy_taozhuang_skin_huanmulveying.atlas.gz,5ffeb71e801560115f43080988c3b225
D3CA1C8D7ECE744185C1FEC1143F3E18,2669,res/animation/fashion/shenyue/rw_sy_taozhuang_skin_huanmulveying.pkm.gz,295652d6c180faef6aef20904fa1da08
4BC034A07CD65A5C9E2BB0D7F61680AB,2159,res/animation/fashion/shenyue/rw_sy_taozhuang_skin_huanmulveying.pkm@alpha.gz,e479fee4a8bf221b1a4e9dd86a7d1383
27B47AC2B433669CB74FD2980D0D35C2,1203,res/animation/fashion/shenyue/rw_sy_taozhuang_skin_huanshenqiangui.atlas.gz,07a60d7ad0f871a3621af35b0720ceeb
471018C92F5726906B4A7ADD11B8B7EB,15442,res/animation/fashion/shenyue/rw_sy_taozhuang_skin_huanshenqiangui.pkm.gz,29ec0c4a7ca452e335a9f7740d960cf0
693C2760BEADB15C52CE3B51F15DBE40,9106,res/animation/fashion/shenyue/rw_sy_taozhuang_skin_huanshenqiangui.pkm@alpha.gz,c02c72a493bdefcf1318150be6ee2350
919F085DE02568B049A19DF698B3C6CD,1194,res/animation/fashion/shenyue/rw_sy_taozhuang_skin_huansuiyanxiang.atlas.gz,142c124160b981186ae353c3f5f94909
D4EE01812561D8465603EA2378C4EFEE,11549,res/animation/fashion/shenyue/rw_sy_taozhuang_skin_huansuiyanxiang.pkm.gz,5f6ea381f43caeb2761aa3f8beadfb70
C265B0CE733975462FEF410AABB313D1,6920,res/animation/fashion/shenyue/rw_sy_taozhuang_skin_huansuiyanxiang.pkm@alpha.gz,47b5a1ba70e151302e48844b576e68eb
E4EECF4FFE0E24DF343D4D0CF5036381,1234,res/animation/fashion/shenyue/rw_sy_taozhuang_skin_jiamianwuhui.atlas.gz,3d35483d116499bcd260437c3d9bc0ab
2265A0A1004E6E080CB650426BFB1C83,24412,res/animation/fashion/shenyue/rw_sy_taozhuang_skin_jiamianwuhui.pkm.gz,ddcc8de38540788103f96362d0c0fc13
B0B8EDCBD669A715E33661C88AAE5E3A,17228,res/animation/fashion/shenyue/rw_sy_taozhuang_skin_jiamianwuhui.pkm@alpha.gz,3439663716b8eaf0ff811671b468f714
ECEF7078092D08AF8F636FE0A8D221B4,1177,res/animation/fashion/shenyue/rw_sy_taozhuang_skin_jiarishizhuang.atlas.gz,7dd051ec8d04f90475ed03956b1bb00e
E6188294BFDDD63303F30E97D9FE30E3,33248,res/animation/fashion/shenyue/rw_sy_taozhuang_skin_jiarishizhuang.pkm.gz,039901aee140bc7583ed89b97664bfed
D15ABD38E3C6AE6B67E4E1A1163C11A7,13728,res/animation/fashion/shenyue/rw_sy_taozhuang_skin_jiarishizhuang.pkm@alpha.gz,bf8111d79ac1cfce12360218f09145b0
E4827EA4828C1079E1C1F913C8B23D30,1182,res/animation/fashion/shenyue/rw_sy_taozhuang_skin_konglongshizhuang.atlas.gz,e028046fe1f60dd6cfe071833fcc7282
878DD493737C694CAC92AF8940E42E3F,2895,res/animation/fashion/shenyue/rw_sy_taozhuang_skin_konglongshizhuang.pkm.gz,3c8c0ea57567a5029f91c83b3e2deca1
C95546BEE99BB997C9B5D131203CC51A,2233,res/animation/fashion/shenyue/rw_sy_taozhuang_skin_konglongshizhuang.pkm@alpha.gz,8fc80fc7cd0097686feeddcbf2ae7d31
9658292DCB4B35B0F9DD5EA154703E94,1191,res/animation/fashion/shenyue/rw_sy_taozhuang_skin_liehuxingdong.atlas.gz,e62d62c5ece7414554edc81c6a3f4624
88E1D05057F1830502FE7AE9075E4697,935,res/animation/fashion/shenyue/rw_sy_taozhuang_skin_liehuxingdong.pkm.gz,b7c02a2486ba420efe799d73a2368771
CBB0C259A97912A9986803FC74D414B6,935,res/animation/fashion/shenyue/rw_sy_taozhuang_skin_liehuxingdong.pkm@alpha.gz,b7c02a2486ba420efe799d73a2368771
364BDFD6B5D406B8937A97896C149BE8,1195,res/animation/fashion/shenyue/rw_sy_taozhuang_skin_linyuanshouwei.atlas.gz,14cdf168d2d5f2320151ea06be2afc63
84B8835DE4FB5D29FEE619F01EB1A9B5,935,res/animation/fashion/shenyue/rw_sy_taozhuang_skin_linyuanshouwei.pkm.gz,b7c02a2486ba420efe799d73a2368771
0D65D517B060E17CB308D7AB4223F469,935,res/animation/fashion/shenyue/rw_sy_taozhuang_skin_linyuanshouwei.pkm@alpha.gz,b7c02a2486ba420efe799d73a2368771
5366DCB7327888AFB693B468AB260FEE,1168,res/animation/fashion/shenyue/rw_sy_taozhuang_skin_mijingjingling.atlas.gz,f40294f5324f22cdee484b7313468b82
B8577310759828EE43CD23999B098513,10019,res/animation/fashion/shenyue/rw_sy_taozhuang_skin_mijingjingling.pkm.gz,22ad05e36113b919d4b4cd3eb6a43458
3D32D314B8320960CF5BE678B0BAFC8B,6216,res/animation/fashion/shenyue/rw_sy_taozhuang_skin_mijingjingling.pkm@alpha.gz,319f424f8972fec30f55389fb09cf573
35FDEDD0D9629FDED433BAB454A3F15C,1196,res/animation/fashion/shenyue/rw_sy_taozhuang_skin_mingxing.atlas.gz,5d38e553e5789dd1cbdbb3ec758c628b
997C38844BEB3D2112A75DC225E3F9D3,8715,res/animation/fashion/shenyue/rw_sy_taozhuang_skin_mingxing.pkm.gz,9869e59bbd1ebe1624d97a16b7308188
08E4D544B6C835D2D888FC9A48F92614,5542,res/animation/fashion/shenyue/rw_sy_taozhuang_skin_mingxing.pkm@alpha.gz,1289a354dc6aa2928ed7c005b1a468ca
BC07A6E2BEA90BF5DD4AF770B78DFEA3,1182,res/animation/fashion/shenyue/rw_sy_taozhuang_skin_posuoyehuo.atlas.gz,6bd1971cbaf8302059bba33e7e00ba91
9EF7AE2B5FDCAA3E46D5BCF07F9E880A,2032,res/animation/fashion/shenyue/rw_sy_taozhuang_skin_posuoyehuo.pkm.gz,328cb2ced27d96b2189cb87ddf0d92a8
D8119B460D5DDA8BE38DA147A67E8438,1543,res/animation/fashion/shenyue/rw_sy_taozhuang_skin_posuoyehuo.pkm@alpha.gz,fda812d47784350775c16083ea2e9dec
9CD3EF3444C55645044D61F2C6F2C461,1262,res/animation/fashion/shenyue/rw_sy_taozhuang_skin_qingchengguangyao.atlas.gz,b09093e2d21fd158b388521c11656222
943ACB89911FC96697CD8F2B97393BBE,17797,res/animation/fashion/shenyue/rw_sy_taozhuang_skin_qingchengguangyao.pkm.gz,257bd4be0a2734ad58af4f1d9efc7579
49F2D6736C3FFCA57B52B737AC8D1090,12291,res/animation/fashion/shenyue/rw_sy_taozhuang_skin_qingchengguangyao.pkm@alpha.gz,5c6a6f02c91d6cdb6b199751937be525
809485403807FF6E3F82812F5DB2F1CF,1191,res/animation/fashion/shenyue/rw_sy_taozhuang_skin_shanyaozhixing.atlas.gz,85c2967fcfb302a33a8baba876149f07
8C05C6E013D63BB7695827DA58BB7234,15103,res/animation/fashion/shenyue/rw_sy_taozhuang_skin_shanyaozhixing.pkm.gz,96bceab8487f616e357176e3e910d87b
FE18F32CEC1C0C943A958AAB5D530BEA,10174,res/animation/fashion/shenyue/rw_sy_taozhuang_skin_shanyaozhixing.pkm@alpha.gz,d2dd1a3dfec4b804d4687ee69e68b5a2
12EE19D7E611D9664CFC99F6A4DC5445,1233,res/animation/fashion/shenyue/rw_sy_taozhuang_skin_shianaiqi.atlas.gz,0b192bc6fa77d57c94ac672b0057f372
66B23B9D5D23DEF3951C1F2317B34B6F,35667,res/animation/fashion/shenyue/rw_sy_taozhuang_skin_shianaiqi.pkm.gz,e31834de99987e5f83ce3dbb00dad1a7
130B28A030627931AD2637B36E33D58B,25297,res/animation/fashion/shenyue/rw_sy_taozhuang_skin_shianaiqi.pkm@alpha.gz,f121a381163de1b6890d1c5f1b233cdd
B1F3B057D35222F1CBA388370204C68E,1215,res/animation/fashion/shenyue/rw_sy_taozhuang_skin_shuoranyanxiao.atlas.gz,88acfbff00fa9656aa742e63500ae7ad
930E9F56B8C712D6A3C09189FC039BB2,26834,res/animation/fashion/shenyue/rw_sy_taozhuang_skin_shuoranyanxiao.pkm.gz,70d418de4124137dd8e068dc172addc8
3DB02CA11D9556887F528311D149E6FB,12368,res/animation/fashion/shenyue/rw_sy_taozhuang_skin_shuoranyanxiao.pkm@alpha.gz,f0c922bf2cfe868d6393da62b79a3bfa
A7CCD03104E6669F590EA28BEC63F6AD,1190,res/animation/fashion/shenyue/rw_sy_taozhuang_skin_tiankong.atlas.gz,a782cca2688d2340560b830d6a04c2b8
7482EA237CAC66E03FD49669E46183CF,9423,res/animation/fashion/shenyue/rw_sy_taozhuang_skin_tiankong.pkm.gz,a04571991d70ef58d81222e4a70045e0
FF8FD46ED265AA39A79FD596D94DCD63,6691,res/animation/fashion/shenyue/rw_sy_taozhuang_skin_tiankong.pkm@alpha.gz,e901d67fa3cffdd04be51171f75a5254
EC46E7C74AD197522DD26CC6A7EED81E,1175,res/animation/fashion/shenyue/rw_sy_taozhuang_skin_tunianshizhuang.atlas.gz,3179a47a6636a513aff863f529bc59da
F6C4666227BBAC7E77103681C2023FBB,29291,res/animation/fashion/shenyue/rw_sy_taozhuang_skin_tunianshizhuang.pkm.gz,bff1f8d9f21d65a5625e135a8f1972c7
3F12DDB99EC548DFCC06C05F6E1666A4,12341,res/animation/fashion/shenyue/rw_sy_taozhuang_skin_tunianshizhuang.pkm@alpha.gz,e9d757518dbafe8b10b9cc45d1ce20d4
E50654DDD08A4A0C5A0BBD791FBA7131,1196,res/animation/fashion/shenyue/rw_sy_taozhuang_skin_xiaoyuan.atlas.gz,fcc768be8dd0cae2de57f05e8bd8563c
3BC04CD9C6C272DCC2D07D8AD4572AA4,12509,res/animation/fashion/shenyue/rw_sy_taozhuang_skin_xiaoyuan.pkm.gz,7def77e7d9085fe98a28ca3f0f7689a7
830B4C6D7D3FE0E69ACD3ADA02A69E9F,6253,res/animation/fashion/shenyue/rw_sy_taozhuang_skin_xiaoyuan.pkm@alpha.gz,7340b9501997af4654fd38635835aa25
EF31B7B3272DA4B506E832923186D0BE,1216,res/animation/fashion/shenyue/rw_sy_taozhuang_skin_yehuanlanshan.atlas.gz,c0931dc0dc05bace156e6e8085a229d3
C32A6D7C67F84404E73BD02A2A824769,22867,res/animation/fashion/shenyue/rw_sy_taozhuang_skin_yehuanlanshan.pkm.gz,a030a6bdf4e963daf04995cc3f33172f
513DBE4A1BA43A28E9EE37DE87BBE4D0,10566,res/animation/fashion/shenyue/rw_sy_taozhuang_skin_yehuanlanshan.pkm@alpha.gz,82714c594fb3ae88e37e3ff6b612067e
496E51B5954008267C626E5C862096EC,1232,res/animation/fashion/shenyue/rw_sy_taozhuang_skin_yetingwanzui.atlas.gz,82d0ee4ab6efc4d47c3cc30faf90a9d9
C5E1ED791C8D3213E50B6A8F5C9F9F5E,10548,res/animation/fashion/shenyue/rw_sy_taozhuang_skin_yetingwanzui.pkm.gz,457f7514f121c2d1cdc1083a38faba0b
0F78932B4054001D8493192B4A42E5DA,6549,res/animation/fashion/shenyue/rw_sy_taozhuang_skin_yetingwanzui.pkm@alpha.gz,d070d865639c67d613e143fdce892c69
EB778E3A19D1D6AAE77154C62211D340,1169,res/animation/fashion/shenyue/rw_sy_taozhuang_skin_yongzhuang.atlas.gz,de1fc61b1899bb416d756202feed6a3d
43027C180E89EF548F1BEAD5E0F91F74,11576,res/animation/fashion/shenyue/rw_sy_taozhuang_skin_yongzhuang.pkm.gz,52d29f44f83559fdd126d3f6bf5300a0
9CF562EB7BFD756D2E357ECDC28EB11B,6788,res/animation/fashion/shenyue/rw_sy_taozhuang_skin_yongzhuang.pkm@alpha.gz,97bb2631f59e7f3394984400f9f7b260
F5D815D949AC142B378E732491DB6207,1225,res/animation/fashion/shenyue/rw_sy_taozhuang_skin_zhongyanqishi.atlas.gz,1eae9c7ce3e1bd422725c99705cdf209
CB40E9E4F7B2EB2CDC971D656200B03A,23658,res/animation/fashion/shenyue/rw_sy_taozhuang_skin_zhongyanqishi.pkm.gz,e1bf68ea5d8f75568e42c8c1f09c5ee6
F4F2C3F9CCD142676457CD27DFCCA0AD,13941,res/animation/fashion/shenyue/rw_sy_taozhuang_skin_zhongyanqishi.pkm@alpha.gz,3269b46396a8458abb179d70c50b47c7
FC02389C2ED7461E0827C79334293B03,333,res/animation/fashion/shenyue/rw_sy_taozhuang_tunianshizhuang_cap.atlas.gz,744afe9ad86a80786a223eb4b7c09aeb
C223336724DE52AB25651DAA47783D91,1399,res/animation/fashion/shenyue/rw_sy_taozhuang_tunianshizhuang_cap.pkm.gz,ca752629bb99b2b5dca46a20689f5603
175FB6F33AC20EAAED6DA51FAF80B8D9,1378,res/animation/fashion/shenyue/rw_sy_taozhuang_tunianshizhuang_cap.pkm@alpha.gz,02533edbd141c8802b61d42352ddd2a8
5A6D4D3DC150676139C3DE63FB529678,1177,res/animation/fashion/shenyue/rw_sy_taozhuang_tunianshizhuang_clothes.atlas.gz,0cb3ed7a0fc7ae8bc83e9a1829a0d762
0EBD226C84C92923DFC9D9FE3F07A6AD,32837,res/animation/fashion/shenyue/rw_sy_taozhuang_tunianshizhuang_clothes.pkm.gz,2cf76a8f8ffbb2f6e75cd945cf6d7ec6
D903D27E4310386DA0E4ACE7730A0EE6,17319,res/animation/fashion/shenyue/rw_sy_taozhuang_tunianshizhuang_clothes.pkm@alpha.gz,fb5409bb9ceb24e9e129858eb0efcbbd
01B02B5334E607589DBDBC5EAD35E838,443,res/animation/fashion/shenyue/rw_sy_taozhuang_tunianshizhuang_face.atlas.gz,4c6cc04d527a2ecfd8d6bfd00444de97
CED4FD3AA4D0746526AA50370EBC7ECE,2034,res/animation/fashion/shenyue/rw_sy_taozhuang_tunianshizhuang_face.pkm.gz,8bc51e50ba775c6235953b3d194ed6b6
D5685D49CD23C9BC2EAFAE4D267EDBE1,1628,res/animation/fashion/shenyue/rw_sy_taozhuang_tunianshizhuang_face.pkm@alpha.gz,8db3980b2baea439f31c0a8542d4040f
AC10FCA6AAEC60F68A12D8245041504C,601,res/animation/fashion/shenyue/rw_sy_taozhuang_tunianshizhuang_head.atlas.gz,de0efaf8a8cc6ca4456e390f30402c5e
1519F34DADBFC7CD5ACC70CF859CAEF0,4557,res/animation/fashion/shenyue/rw_sy_taozhuang_tunianshizhuang_head.pkm.gz,21077e6994cf6bf42257b2c3d4694415
BA972ED963FE307DA62140C1A67A31E3,3379,res/animation/fashion/shenyue/rw_sy_taozhuang_tunianshizhuang_head.pkm@alpha.gz,5f65ef80b9ce3c1d4c420493d5797646
73D3EB0AE132EA00C0BF848425F729DF,332,res/animation/fashion/shenyue/rw_sy_taozhuang_xiaoyuan_cap.atlas.gz,9c4cf114cfc35abf1b19d207e2bff0e2
A8D294BCBB58759AF8CE216A63765F31,1724,res/animation/fashion/shenyue/rw_sy_taozhuang_xiaoyuan_cap.pkm.gz,b7dffabcd1e55eb650c3f165f621eef4
F01CA40DE86901620C720E8B9F7A1F42,1562,res/animation/fashion/shenyue/rw_sy_taozhuang_xiaoyuan_cap.pkm@alpha.gz,3fa10b6d5071f503e3518317a52de498
0D8415CB5AF76FBFEC05E337AB3E306C,1185,res/animation/fashion/shenyue/rw_sy_taozhuang_xiaoyuan_clothes.atlas.gz,00f67d0834fac47781870ac98ee536e6
864AA92F77F64200ABDD6EC24DC286FE,29828,res/animation/fashion/shenyue/rw_sy_taozhuang_xiaoyuan_clothes.pkm.gz,fba748342170f1cded1ccc8f38c2e49d
5A72457F0F33D39F4DC9C4E2407B5C62,17621,res/animation/fashion/shenyue/rw_sy_taozhuang_xiaoyuan_clothes.pkm@alpha.gz,365531b008f91cbd0f0ff0e90ab4fbf8
442C0C449971501E0F5F7DBC9731DF04,567,res/animation/fashion/shenyue/rw_sy_taozhuang_xiaoyuan_head.atlas.gz,60e5e5842a008d6980df6e92596fe739
05146C82FBF72625F0FDD56C0820BF1F,3972,res/animation/fashion/shenyue/rw_sy_taozhuang_xiaoyuan_head.pkm.gz,d03ed613a32ebaa2a5b4548a84a271ee
4207DE266D2D0B41CC1765D9E4980A4D,3125,res/animation/fashion/shenyue/rw_sy_taozhuang_xiaoyuan_head.pkm@alpha.gz,88dbf4fd9a0da28f31a78f1542638e0c
D225ABF52D131785747DA75670EB57C9,337,res/animation/fashion/shenyue/rw_sy_taozhuang_yehuanlanshan_cap.atlas.gz,3b3ec67b718406c10b2b0bfc2a7767f7
C823387D225B6F23ED2F909EF22CD6EF,1047,res/animation/fashion/shenyue/rw_sy_taozhuang_yehuanlanshan_cap.pkm.gz,64aeb6cc4a2a901aff43ae7b6d7f120b
56E235D929716A5F7A3AF7F7D6792BC3,966,res/animation/fashion/shenyue/rw_sy_taozhuang_yehuanlanshan_cap.pkm@alpha.gz,52ebd2b5c0aa20a4e0a4d9cffee4f517
EAC776DA1B9E373C2AEEF56093018767,1156,res/animation/fashion/shenyue/rw_sy_taozhuang_yehuanlanshan_clothes.atlas.gz,6f97d495f3602c4fb86446a180f540c8
36D936E795E10EF69A0F6C5F94600A08,41517,res/animation/fashion/shenyue/rw_sy_taozhuang_yehuanlanshan_clothes.pkm.gz,6a101ba9419a0ed61521a4fa5dabafe6
F070FAFC4E597CAF3C470C4714943455,20548,res/animation/fashion/shenyue/rw_sy_taozhuang_yehuanlanshan_clothes.pkm@alpha.gz,8edbee5b56e587c94242cd9e9cb07626
BB6790E171130915849E79C056C9203B,438,res/animation/fashion/shenyue/rw_sy_taozhuang_yehuanlanshan_face.atlas.gz,5d28fc9485881fd1c92daaff87f72c0a
2BB7D8474E9E4D561B0E0A6A92041F43,1805,res/animation/fashion/shenyue/rw_sy_taozhuang_yehuanlanshan_face.pkm.gz,361293f96584c8d29ae8e86fe0888619
DC83F5522410995756563CA9DA2F2238,1520,res/animation/fashion/shenyue/rw_sy_taozhuang_yehuanlanshan_face.pkm@alpha.gz,3e5dbe0f941f5fdf3588c2bc1ca14197
B635145B42C93AC6AB1FA7C569507A35,629,res/animation/fashion/shenyue/rw_sy_taozhuang_yehuanlanshan_head.atlas.gz,54dbcd8dd23a26de1b8ee520f8dbac50
2898BD6DC706CA3D822CF99DFF8F50EF,7423,res/animation/fashion/shenyue/rw_sy_taozhuang_yehuanlanshan_head.pkm.gz,b27c6e9654a127a7d485d759532e76dc
2E0EF9E51E3DACFCE16FB945AF1D9B68,6128,res/animation/fashion/shenyue/rw_sy_taozhuang_yehuanlanshan_head.pkm@alpha.gz,d7c4b603a61fe97770674da3f214d060
98EAD44E0F30742C2A446FFC8333662C,333,res/animation/fashion/shenyue/rw_sy_taozhuang_yetingwanzui_cap.atlas.gz,58bde8ea7bc2a9bb6ba7e17422782441
86CF96A12630C4B6791E480A05F78C2C,569,res/animation/fashion/shenyue/rw_sy_taozhuang_yetingwanzui_cap.pkm.gz,a0d5976bb2c173beebe8e4159b5480d7
E476D7A414771BE5CCE77B91099A27C3,558,res/animation/fashion/shenyue/rw_sy_taozhuang_yetingwanzui_cap.pkm@alpha.gz,969685662447e3eedccc94d7213f6a77
551743294A7634A28366E9CBAF8059C2,1194,res/animation/fashion/shenyue/rw_sy_taozhuang_yetingwanzui_clothes.atlas.gz,0a879308ac034acac51378dfc4981169
1CD0E2E2AE73F26DE519489BCD0FAA27,29542,res/animation/fashion/shenyue/rw_sy_taozhuang_yetingwanzui_clothes.pkm.gz,fde83a4abea318003352561628796807
6EAADF59651A2E04F4349293AFAEE1B9,17273,res/animation/fashion/shenyue/rw_sy_taozhuang_yetingwanzui_clothes.pkm@alpha.gz,0f4c624d0df46afa5b56f13bcdf68c6d
C8A7AD7B2D7A453C2BBB66E79C43D3C1,454,res/animation/fashion/shenyue/rw_sy_taozhuang_yetingwanzui_face.atlas.gz,e107e69b80b40fd27738645da4b13b8b
F4B9E392A60F6ABB73F6EB06A8488900,1778,res/animation/fashion/shenyue/rw_sy_taozhuang_yetingwanzui_face.pkm.gz,c4a91db0eecab9f7eb3e502171802cba
8361D1B7C96CD2198CA9E48BEDDF7A52,1472,res/animation/fashion/shenyue/rw_sy_taozhuang_yetingwanzui_face.pkm@alpha.gz,21d4d230275d9b301c721af28b56c0e1
88504EF24D7E5E9A1CE59F1C0B39E720,602,res/animation/fashion/shenyue/rw_sy_taozhuang_yetingwanzui_head.atlas.gz,b6184e424a1782523d74a379a303aa00
1DBF4AAE05391E056A2CC6BA0B826541,4429,res/animation/fashion/shenyue/rw_sy_taozhuang_yetingwanzui_head.pkm.gz,7e8f9a149e18e0cf39a2bce32ef27a8a
25081683EEE2D24BE79C0CDE97159BBB,3416,res/animation/fashion/shenyue/rw_sy_taozhuang_yetingwanzui_head.pkm@alpha.gz,6f80fba68215460e13f2471006cdbbd3
ABBB5D669F046828378F3CB175626E24,336,res/animation/fashion/shenyue/rw_sy_taozhuang_yongzhuang_cap.atlas.gz,00971c457c4e264716f59eb934d992ed
C51D5956A8B3D657B4BF5261A6F1922D,2446,res/animation/fashion/shenyue/rw_sy_taozhuang_yongzhuang_cap.pkm.gz,e33be6bf725255f02b004c74b6908307
41ED93D29B1F93B8D78C865EC10A4C21,1841,res/animation/fashion/shenyue/rw_sy_taozhuang_yongzhuang_cap.pkm@alpha.gz,4b020fc4709ca9c6e95cad8c515a28d9
6ACEF7364999C8531EA09477E0FBE627,1180,res/animation/fashion/shenyue/rw_sy_taozhuang_yongzhuang_clothes.atlas.gz,0ba1f44bb6acb1c5f0fdadbbba7893eb
46238F2EA058D3BD45F4A86A04FAC267,28529,res/animation/fashion/shenyue/rw_sy_taozhuang_yongzhuang_clothes.pkm.gz,f4fdc0b69f0e032f1a9cd5c85728bf89
BD64BEFA4520FF93144F4DFE38DD6637,17052,res/animation/fashion/shenyue/rw_sy_taozhuang_yongzhuang_clothes.pkm@alpha.gz,0c8d7a3f52d94b1b8775673dd516e469
3D4485B3233E63A6E424AFA425AF98E3,619,res/animation/fashion/shenyue/rw_sy_taozhuang_yongzhuang_head.atlas.gz,56726b7ff625fea429dffb87e561e7be
DC2FF69314F517FA12AD2B947EA7C73A,5208,res/animation/fashion/shenyue/rw_sy_taozhuang_yongzhuang_head.pkm.gz,9272e426a1c411521de9b20dd6916e1e
D92FDC40BBC310C920F14CAE9C3C9D38,3664,res/animation/fashion/shenyue/rw_sy_taozhuang_yongzhuang_head.pkm@alpha.gz,20263ec879f223dc8e7432200a85b2c1
2719064D98F6F2F09234F427014D99F9,337,res/animation/fashion/shenyue/rw_sy_taozhuang_zhanyitoukui_cap.atlas.gz,34cb7a47bd7c81eda80ea07f075d688e
D45EC87A770922DC89CA8F98CD045AD5,3827,res/animation/fashion/shenyue/rw_sy_taozhuang_zhanyitoukui_cap.pkm.gz,611a17bac7ab7410fad6e456a7c3c008
034A261B3FC410673872C7E6CA467FF0,2685,res/animation/fashion/shenyue/rw_sy_taozhuang_zhanyitoukui_cap.pkm@alpha.gz,f94d842bcbfccf5a6ab4e3b27127a2d6
A134E51E5D479F24B93B5F3AE019C182,339,res/animation/fashion/shenyue/rw_sy_taozhuang_zhongyanqishi_cap.atlas.gz,67966ee025914ee8ff0bbca1b0a6f4f3
20E9360763B319509BE914D1A2484B28,4979,res/animation/fashion/shenyue/rw_sy_taozhuang_zhongyanqishi_cap.pkm.gz,ad8e738111ec21db50d5e1fd128883a4
C15FC5328FC2F2CA97CF6AC47B3406BB,3979,res/animation/fashion/shenyue/rw_sy_taozhuang_zhongyanqishi_cap.pkm@alpha.gz,f9bcc3aa39380b49f4be3b73f8925dff
C4CF8D045156684CFD0949E490D17EEB,1158,res/animation/fashion/shenyue/rw_sy_taozhuang_zhongyanqishi_clothes.atlas.gz,fc56a36d89635f251a6b1e25f5e65988
1C3BF58C6A0A0516494C88FA6CA3367B,36798,res/animation/fashion/shenyue/rw_sy_taozhuang_zhongyanqishi_clothes.pkm.gz,fe8e1e0ac4e4848851ef77568b2a5aee
B32EEA30179DAB29C43CB9A46B98E550,20184,res/animation/fashion/shenyue/rw_sy_taozhuang_zhongyanqishi_clothes.pkm@alpha.gz,76975db26d990e0c5db5fa57f0ffcc93
A94C637BA59FA8CA56A19CCBC2A5F1E2,440,res/animation/fashion/shenyue/rw_sy_taozhuang_zhongyanqishi_face.atlas.gz,190d1fa99d4f17ffacba8bbbdc42c791
EFC7069A36421877A29279BA3DE6C41B,1684,res/animation/fashion/shenyue/rw_sy_taozhuang_zhongyanqishi_face.pkm.gz,c63307aec05494500c7c6acb37cca499
B28D5990A370237D59AB6C4220D4416F,1338,res/animation/fashion/shenyue/rw_sy_taozhuang_zhongyanqishi_face.pkm@alpha.gz,9a96d18949142cb7647258de287862ca
B5CA95353333A2DDDC8BD41474E5E9AD,630,res/animation/fashion/shenyue/rw_sy_taozhuang_zhongyanqishi_head.atlas.gz,34916225a6390bdc29070129208ac492
FB70632F78674647957C80461C813F12,16721,res/animation/fashion/shenyue/rw_sy_taozhuang_zhongyanqishi_head.pkm.gz,b51691659c96e9dd73dc42f2b821bdea
28AC6E160C09B10CCE3E6A3894CAC03B,9134,res/animation/fashion/shenyue/rw_sy_taozhuang_zhongyanqishi_head.pkm@alpha.gz,cdaf87e1a41e95072b9ca1e7cc37ef29
C008847901C40E76AD32E1B91A40109E,211,res/animation/goods/diaoluo_aoyituposhi.atlas.gz,758bdb84a9f94e8e2aeda9e16b480a14
A19252CFC21963DFAF3F99F9D27805F2,295,res/animation/goods/diaoluo_aoyituposhi.json.gz,66018a60345184b2fd582ba59567537a
B04DF4558431C718E636480128DAD00F,692,res/animation/goods/diaoluo_aoyituposhi.pkm.gz,084b365c945518d15c4af9dfedb3a9d3
2AF7CFEB542AAF937525FF2BDE183EAC,515,res/animation/goods/diaoluo_aoyituposhi.pkm@alpha.gz,a448bb3b005ef030ecd38d7d715386a1
201FF99F82EEFE4244BEF57477953E1E,208,res/animation/goods/diaoluo_aoyizhishu.atlas.gz,9dffabd821a7b93c66fc316a0656aaa2
5A49F4C9F76A16096EC54C5EAD723A5B,294,res/animation/goods/diaoluo_aoyizhishu.json.gz,eb0bb7f6f525f222f127580db723870e
77ACA572E3DE75B8FE15C1D939D5A664,984,res/animation/goods/diaoluo_aoyizhishu.pkm.gz,723d3d886389152e9b8f5667a57ad466
635200E14B4523317395A800E5BEECDD,918,res/animation/goods/diaoluo_aoyizhishu.pkm@alpha.gz,3c79a52aaca57cb2e5bdc7b460f22df5
31067F2682FD29EBD150ECC7C15E68BC,208,res/animation/goods/diaoluo_baoxiang_pinji1.atlas.gz,5a13d7e8fd3c499da67f855b9ec645f9
E657E240D591600371CC34E67733839C,291,res/animation/goods/diaoluo_baoxiang_pinji1.json.gz,ee6deb33df63de9a63cf8b62d161f29a
F7F997575CCBB98A32F706EB89C52659,2513,res/animation/goods/diaoluo_baoxiang_pinji1.pkm.gz,9d08a9f4a7bd8688f89f2ad1beaa1bb3
A5F9F5D6B90D74BEDBAAFF269DDC7757,1306,res/animation/goods/diaoluo_baoxiang_pinji1.pkm@alpha.gz,00c95367d313703f4200fc91e15a7708
F057F61BB3D7D9AF90BD757CFB241C4D,208,res/animation/goods/diaoluo_baoxiang_pinji2.atlas.gz,7b823d3e9b293b1bae1ff62f57a0e59f
C4A155EBF8EF0AB22488AAC247909D02,291,res/animation/goods/diaoluo_baoxiang_pinji2.json.gz,469b2843e21ba9fdaac74c63783639b0
D84F6F3CD92B0E8CF37E9AA40899CF1A,2634,res/animation/goods/diaoluo_baoxiang_pinji2.pkm.gz,281b7b51b47bc5b8f00fef1ab0de0765
ACB7DD8702ABAED4E1654626BB8FCF92,1191,res/animation/goods/diaoluo_baoxiang_pinji2.pkm@alpha.gz,3827e396ee53dab7b007eac51797dfd0
B4432FE6B2736CE2D8248F17CE21D201,208,res/animation/goods/diaoluo_baoxiang_pinji3.atlas.gz,3ddd81db0da46153809e83cba6b2dfa6
02745E9753A99459D7A25AB148120129,291,res/animation/goods/diaoluo_baoxiang_pinji3.json.gz,759ee67304ec38af160f768bcce7b850
487F954CE264710AD2B27172EB051E3B,2377,res/animation/goods/diaoluo_baoxiang_pinji3.pkm.gz,50ffd520dcc7cf98e9727520d602f263
285D2911ADCC6F1B33D9AD09683412CD,1186,res/animation/goods/diaoluo_baoxiang_pinji3.pkm@alpha.gz,6073fb28bd63641b27e998b09da0a013
9878C7DE87D41EF92B324D6F6F7A17EA,221,res/animation/goods/diaoluo_chongwujinhuashi.atlas.gz,98a646dce6a72f7c41185fee515faa6f
39015A5D1509055976C2C2787AC377EF,300,res/animation/goods/diaoluo_chongwujinhuashi.json.gz,ef437e6499e57ea087096c0a80d733c6
E4222C6EFF066954F2172DE98DC1EFC6,618,res/animation/goods/diaoluo_chongwujinhuashi.pkm.gz,9ce88a8e1b7d8b2fc80140c0794471d4
47553A646E0072772F7DE12506D054D7,515,res/animation/goods/diaoluo_chongwujinhuashi.pkm@alpha.gz,95138d6e76fd0593849453c19a21b70f
3A444ABC12B8903A738B19C9AD031705,213,res/animation/goods/diaoluo_chongwujinjie.atlas.gz,6228e3e3eb204d734102b4b340b06fbf
6BBAD2F57229DFB33F3C2D36A77359FA,305,res/animation/goods/diaoluo_chongwujinjie.json.gz,db7f9e25b690aa269555ddc1f759c9ed
08D8C11B3AD99CA161885BE7A7178D54,1138,res/animation/goods/diaoluo_chongwujinjie.pkm.gz,246f17fb2082636b647fa43d15ede08b
98688A55F33F0DE530D08BEF726AB594,750,res/animation/goods/diaoluo_chongwujinjie.pkm@alpha.gz,7ee03eee197040d24cbfe4fc50fc2d8d
AF495E76B61F4DA3896966396CA11241,199,res/animation/goods/diaoluo_ciyuanbi.atlas.gz,e323c339c01c7c01bbfe78e41b71f122
415355258035EF9A1FF5ECF18529EB93,285,res/animation/goods/diaoluo_ciyuanbi.json.gz,ae46eb9c72dddc61ec7cc4e47bdbc67d
9BCAC567B48D04B7C8A44972805AA591,437,res/animation/goods/diaoluo_ciyuanbi.pkm.gz,a36d73f9eaea4da6319e15dfb80aeee4
3A582DC7A7BE8475081F9594812EFB14,515,res/animation/goods/diaoluo_ciyuanbi.pkm@alpha.gz,03f017ce6b194b9050a92bbee3cdd5c6
3AA8B392033EC6FC71146BA90BB02000,221,res/animation/goods/diaoluo_duihuanhuizhang.atlas.gz,95a4a77a82565e74bb7c1bb17d43914b
4C960DFA535B57399A297D9B29AD2386,309,res/animation/goods/diaoluo_duihuanhuizhang.json.gz,00f5b3ecd5434a22de226ab016d628fc
77B90D8A8FD3F455BA899366DA9293F2,1150,res/animation/goods/diaoluo_duihuanhuizhang.pkm.gz,00b6533fe33d96da8ba7f240fd20b815
1C3543E42FA69AC15C003CF53C751B01,840,res/animation/goods/diaoluo_duihuanhuizhang.pkm@alpha.gz,5dd502fffddc2268af69049b48b41fd5
ED19F7250A40835A3C037DAC94BDC9CB,198,res/animation/goods/diaoluo_exp.atlas.gz,c719bb2e9bfef3c401191c066a692a02
5F893366F5D7FE59096D9D3A6128CE80,278,res/animation/goods/diaoluo_exp.json.gz,be0022041eb2aa195152bbfe1f452547
00E347387B7D9A661C2F1B0495737AB3,878,res/animation/goods/diaoluo_exp.pkm.gz,51c74d3488ad2626745290fcf5ecfd59
C73FE51A8DF7FF730BE976B56ED0077D,621,res/animation/goods/diaoluo_exp.pkm@alpha.gz,c467fe53d9888a4b4bec27813725e1de
8FA2BA5D3188BDFCEA3D59280889FD39,210,res/animation/goods/diaoluo_gongmingshi.atlas.gz,ac2ccc6c373d4b11708b9fa9cdfbf7af
AC68171B2BA2ACDA83D43BE44C24A36A,299,res/animation/goods/diaoluo_gongmingshi.json.gz,ba5dc2a85fb6e6045082d96b7e7f143e
9E2101EAB1B20AAC1B6416C7FC0149FD,796,res/animation/goods/diaoluo_gongmingshi.pkm.gz,74922a6835d969cdd520db6238587704
6C5E553362DEDD8CC34AAFE02E2C90F3,674,res/animation/goods/diaoluo_gongmingshi.pkm@alpha.gz,58e5345d8501f6637bff51f0d002cde4
9E3A9B0AA51E9EA5FB546FA19D65B3E4,201,res/animation/goods/diaoluo_heiyuebi.atlas.gz,816634aa3f490848503a7e2acc9c0934
8F30BE5D01D1537A63ED142AC36AB98A,293,res/animation/goods/diaoluo_heiyuebi.json.gz,4c0803e739e960a5d5c045332fe84575
7E9553C9E109427170F1A52B7E549C8D,2587,res/animation/goods/diaoluo_heiyuebi.pkm.gz,713f9c30b15134a003c18872cb918129
F87ED9B2ED536FEE8C90FD38E82C8997,1717,res/animation/goods/diaoluo_heiyuebi.pkm@alpha.gz,1c0511051fae5d6da9cc8cd89f011706
24CC576566A451D1E08940A14B218EE4,205,res/animation/goods/diaoluo_heiyuecanpian.atlas.gz,a62008b1ae8cd0aa6a3268643bc5b647
884751DB7CC5CABB2081F45B38C73206,285,res/animation/goods/diaoluo_heiyuecanpian.json.gz,d4788f21e549e6088fd7e888ad72500f
BABBA4AF98FA721E06292CE1B7DFC939,794,res/animation/goods/diaoluo_heiyuecanpian.pkm.gz,3814f247f55030953e569bf66ab4c44c
D99548E11F47852AC2DF065B6F4CB8EE,812,res/animation/goods/diaoluo_heiyuecanpian.pkm@alpha.gz,15caa66b1fae7b273afae20fbf2f86e0
4746CC417EC5F01D9D9227A84134A973,708,res/animation/goods/diaoluo_huobi_pdian.atlas.gz,9e9143b665eaaeff5e05878e4c91b929
1C517C88AFB5DB5FAA0F2B36999DD454,909,res/animation/goods/diaoluo_huobi_pdian.json.gz,0f5c4c80be54ae0effe382093c675e93
DDBB1794B1476003E32E85F8AE5DBB35,47538,res/animation/goods/diaoluo_huobi_pdian.pkm.gz,c8c459baf4a315c970519f89a514a208
B9F1FD11D9DCD6E631612CBFAEF84954,45654,res/animation/goods/diaoluo_huobi_pdian.pkm@alpha.gz,eafb8082f27802b7c9afc0fb6ff8f2f2
563B98883544A6F2E169F50AC7DF078C,749,res/animation/goods/diaoluo_huobi_tili.atlas.gz,a4f91211e64e5101d794376169abbe41
56407F15313CDCAC32E0D977F199CD02,911,res/animation/goods/diaoluo_huobi_tili.json.gz,404884cf204700735b0f11bda1d49384
2662E923AAF7272541FAC6C2E0A71502,47869,res/animation/goods/diaoluo_huobi_tili.pkm.gz,737718738ad2159165bbdc922c109d64
29C2605CD712A3FE88B80CA06947D4C8,45844,res/animation/goods/diaoluo_huobi_tili.pkm@alpha.gz,7871323767189e6b15d46be82f6f4782
B7E6EAC4B94D68A06EE7A3797BEF2720,199,res/animation/goods/diaoluo_jinbi.atlas.gz,b4effa8d512ff4657b2aae7f3c36ba2c
C7EA3AA922332B4C3CCA20F4550BB36C,293,res/animation/goods/diaoluo_jinbi.json.gz,4c0803e739e960a5d5c045332fe84575
0BC99B9C7E7E308DE868FCAA1264C608,2742,res/animation/goods/diaoluo_jinbi.pkm.gz,5413bbe406809cd5777ae6e0a4ead765
A8EDE29C671CA85862484BF26FB0B873,1293,res/animation/goods/diaoluo_jinbi.pkm@alpha.gz,63b208e8e187a96b2505f462d4209708
9CFB28314019D94678DCD9B0EFF3820D,264,res/animation/goods/diaoluo_jinengshuijing.atlas.gz,861b1e19bcc893b6e67610cfe1a535a8
76E39F8455A95137E53DE58E1C120FD1,358,res/animation/goods/diaoluo_jinengshuijing.json.gz,3380f54cf7d8afe617afd7b28dc46829
2737D81015F91295F0AE184FF246F811,3937,res/animation/goods/diaoluo_jinengshuijing.pkm.gz,ba806b78a580e1731454656de9a0ed85
F8DBBD58922B77A9C7DD263FF1A4E952,3697,res/animation/goods/diaoluo_jinengshuijing.pkm@alpha.gz,e086dad0826a3abecfe04b208154b720
9BC06E3BFA82927661DA3E36F1025C95,221,res/animation/goods/diaoluo_linyuanshouwei_lilimu_lianshi.atlas.gz,ebfc7ccc715d2195079b5bf8428286e5
13CE90529E8469A541A15CA8A6DEB128,291,res/animation/goods/diaoluo_linyuanshouwei_lilimu_lianshi.json.gz,b9a6e1017e0f121a51517774b744f8fd
60D4BB006F01C409C50B1EAFEE78496A,397,res/animation/goods/diaoluo_linyuanshouwei_lilimu_lianshi.pkm.gz,36d96b5f203b8d0e1d30369cbb72f219
51F432BA4450E59227D375F5F1D604BF,413,res/animation/goods/diaoluo_linyuanshouwei_lilimu_lianshi.pkm@alpha.gz,f3f0ff057491da08cb06106cfdb4fd9c
E9970B348F6478BAC779F582DE6E09EB,219,res/animation/goods/diaoluo_linyuanshouwei_lilimu_toufa.atlas.gz,95a90fe49234dc490fbeea669d4cdc89
3318E0A73C4E862EF615DBE5C832DD13,285,res/animation/goods/diaoluo_linyuanshouwei_lilimu_toufa.json.gz,574955e645cae639cba68497e62b3dff
17C998C57642DF451A8AE12ADF756326,1011,res/animation/goods/diaoluo_linyuanshouwei_lilimu_toufa.pkm.gz,db2402bd6052bef7d3c1e6f3f3eefb86
BF76556DB5DABF102AB840ACD56A6A09,601,res/animation/goods/diaoluo_linyuanshouwei_lilimu_toufa.pkm@alpha.gz,d6698e8ebec27e1837baea4d90d0c6d5
5644C308EB7A1AB57A07FF0F34111FD6,224,res/animation/goods/diaoluo_linyuanshouwei_lilimu_toushi.atlas.gz,ba0a0a6b7b31b13d31e3b9e5b8289868
40D9854897CE288ED58A0E9D3FDE1545,287,res/animation/goods/diaoluo_linyuanshouwei_lilimu_toushi.json.gz,1b9568f867677805b71d36f4de819955
8D33D0B0224C9E374EB58BE9AB77EFB4,940,res/animation/goods/diaoluo_linyuanshouwei_lilimu_toushi.pkm.gz,b7ae227c11c30b9f694b27a37468278b
D8726163F4916DA017E53BCC235C3F24,851,res/animation/goods/diaoluo_linyuanshouwei_lilimu_toushi.pkm@alpha.gz,eadf1059bae218277cf320dadc734287
638A417CAB359446F8658245C842512B,225,res/animation/goods/diaoluo_linyuanshouwei_lilimu_yifu.atlas.gz,cede1fb9d2d653f10e4228bcedcd5d63
9EE7DB374CEC21320357716C24F544E2,292,res/animation/goods/diaoluo_linyuanshouwei_lilimu_yifu.json.gz,221fbba91915a182491503234a258e0f
0AB6E2EAE53D4BE09B2B5CB33F1CF84E,3993,res/animation/goods/diaoluo_linyuanshouwei_lilimu_yifu.pkm.gz,b54e2cd7cd0ea6adf344945059e1a879
C9F7DF5A721D5921DB536CFE65AA40D1,2305,res/animation/goods/diaoluo_linyuanshouwei_lilimu_yifu.pkm@alpha.gz,9f57e0c2a32e49d65051168a44734219
AA67F3BBEC0957175201C2337115DC4E,223,res/animation/goods/diaoluo_linyuanshouwei_ling_lianshi.atlas.gz,231b9e2ad68c5a6c0a3445c3429055b5
69C648D08CD8A16ED4A49879BDB55DDF,291,res/animation/goods/diaoluo_linyuanshouwei_ling_lianshi.json.gz,b9a6e1017e0f121a51517774b744f8fd
3AD3D2BC13D137A3A7D4309C91A2D0E9,397,res/animation/goods/diaoluo_linyuanshouwei_ling_lianshi.pkm.gz,36d96b5f203b8d0e1d30369cbb72f219
94E75A99FE4E102BCD09F68371E192E5,413,res/animation/goods/diaoluo_linyuanshouwei_ling_lianshi.pkm@alpha.gz,f3f0ff057491da08cb06106cfdb4fd9c
EA3B210ED832675FB68E5052B5B3C194,220,res/animation/goods/diaoluo_linyuanshouwei_ling_toufa.atlas.gz,2a8615216e81d0a6a3d53b2195915ce3
B87BE479B2974E9F0FAFA53AB4BA9BB7,288,res/animation/goods/diaoluo_linyuanshouwei_ling_toufa.json.gz,9d740ee0c212fc4d9cf4692b1fdd5620
5FF4C0617138B6F9E3617AB27B85B736,896,res/animation/goods/diaoluo_linyuanshouwei_ling_toufa.pkm.gz,c9c95743e55682c035149c93cd04270e
EC09F8438C2B93DAEA11237F95E3A14F,652,res/animation/goods/diaoluo_linyuanshouwei_ling_toufa.pkm@alpha.gz,c4e8960206dafc208374bcb52c2f7333
7E0E4CD3E6CF8F29AE1731471CD70C8D,224,res/animation/goods/diaoluo_linyuanshouwei_ling_toushi.atlas.gz,eaf49be57e37b6517fabc31cda0c60f4
E24DF390FBECFCADF9C5C306764FA220,286,res/animation/goods/diaoluo_linyuanshouwei_ling_toushi.json.gz,88ac0b67ee58ddcfdceb79042d55d97b
926CD7C30C1EF25F44DC28CC481D4438,549,res/animation/goods/diaoluo_linyuanshouwei_ling_toushi.pkm.gz,e6d2971e77a4b42f25257ab7dd8ec8c2
99372050F788BF452095382F187EDE4A,585,res/animation/goods/diaoluo_linyuanshouwei_ling_toushi.pkm@alpha.gz,c1c064ac6d4952569d1fe2409da26c88
BFD888717FD66216F230451B469D0292,219,res/animation/goods/diaoluo_linyuanshouwei_ling_yifu.atlas.gz,26145d5e286eb2b86377f0517b6d5789
90A474DE613EBC2B2A71951D24D0FC8F,292,res/animation/goods/diaoluo_linyuanshouwei_ling_yifu.json.gz,bbccb6733e7717319660cf289820a93c
A20737DF781D68D3DD96D3A567B034B5,3691,res/animation/goods/diaoluo_linyuanshouwei_ling_yifu.pkm.gz,92c4248b9b413fd741c6a0dbbcc3d38d
01E1CB2D0292BF1AFEBC493ACDD81799,2317,res/animation/goods/diaoluo_linyuanshouwei_ling_yifu.pkm@alpha.gz,ab22a24f98476d51f218f87948a78442
C59510BA6E99E8DE175DE75729557543,225,res/animation/goods/diaoluo_linyuanshouwei_shenyue_lianshi.atlas.gz,408af0dfe862e0c9988380b8961eef79
F61C2D7D7F814134D82E4CED265342D2,291,res/animation/goods/diaoluo_linyuanshouwei_shenyue_lianshi.json.gz,b9a6e1017e0f121a51517774b744f8fd
A4D415EEE1730EE446716746583CB726,397,res/animation/goods/diaoluo_linyuanshouwei_shenyue_lianshi.pkm.gz,36d96b5f203b8d0e1d30369cbb72f219
B8EDF8298B1023C18E537A9C3D4C6272,413,res/animation/goods/diaoluo_linyuanshouwei_shenyue_lianshi.pkm@alpha.gz,f3f0ff057491da08cb06106cfdb4fd9c
C0A3A8C3FFF9E6DD922031CBCD92FF3F,218,res/animation/goods/diaoluo_linyuanshouwei_shenyue_toufa.atlas.gz,68886880749b692e16d8a11f0e9a6e7e
975EA0091D506CCF26E368303932B307,288,res/animation/goods/diaoluo_linyuanshouwei_shenyue_toufa.json.gz,1410492221a40c752afec2572e1c5ef1
1AED5C2A0C0E7AA6894116D49A6C7970,738,res/animation/goods/diaoluo_linyuanshouwei_shenyue_toufa.pkm.gz,09342618699ced86822a93a1fceae25f
FB3A8EA8D2D68E3A8FE520454D6800E5,515,res/animation/goods/diaoluo_linyuanshouwei_shenyue_toufa.pkm@alpha.gz,b86d78b29c781974b4abf4fa7db2cd3c
717142136B67028EC1A25CC5F0B434BE,220,res/animation/goods/diaoluo_linyuanshouwei_shenyue_toushi.atlas.gz,83ef6b6d992dfc23772bd9ae8669d5bd
791A754142DAF59374CBB83DEE83C30C,289,res/animation/goods/diaoluo_linyuanshouwei_shenyue_toushi.json.gz,d9ec2df1dbe65ad2d71f910abe2a36fd
88D651EC7C1ED15EF4124C779CD4CB77,809,res/animation/goods/diaoluo_linyuanshouwei_shenyue_toushi.pkm.gz,fdf52635785179c3904327812f0e9d96
23DC9AF0A96D74A189319069C93E761D,738,res/animation/goods/diaoluo_linyuanshouwei_shenyue_toushi.pkm@alpha.gz,f69ecfe762e717ba8bc3c785b17cf754
C7622A897FD366D76B4683461A97DACE,222,res/animation/goods/diaoluo_linyuanshouwei_shenyue_yifu.atlas.gz,7d80d0352a407234a4e4b8f49c048b43
7B09099D7B72F217C965B76671FBDEBC,292,res/animation/goods/diaoluo_linyuanshouwei_shenyue_yifu.json.gz,166f0dea6bd4523ee949acf7cb225522
EE1038075DA2059D40A59BEE14B279F2,3566,res/animation/goods/diaoluo_linyuanshouwei_shenyue_yifu.pkm.gz,ab73ac95e218441c183d6971c27f9976
6264C987E3BA6EF57F9BE6491A911424,2069,res/animation/goods/diaoluo_linyuanshouwei_shenyue_yifu.pkm@alpha.gz,92055efd704d23533bfc8c54ccff91eb
F96F9669279289A60895A9EA3BA2E822,208,res/animation/goods/diaoluo_liufenjingshi.atlas.gz,fa9d6029ce9b940b3d863d79d2a97736
6DE6B175CCE05019A2D0736566D9CAFB,285,res/animation/goods/diaoluo_liufenjingshi.json.gz,6e8904b3212c535ca17fa2ed8d5f81ed
3B4F48662EC5D4024F11EC258E13CB36,424,res/animation/goods/diaoluo_liufenjingshi.pkm.gz,16498cce2aa512834271413ef4804025
9E79CA65661DF1F3875CAFA2ED4A1558,504,res/animation/goods/diaoluo_liufenjingshi.pkm@alpha.gz,7df31d14853d57b294d846de4d50a4a3
BF4B137FEFE85367DB07D908B8AB743B,219,res/animation/goods/diaoluo_qianghuatuposhi.atlas.gz,28a66028dff31594235233eba3bde613
0822B1DF377BE98F573D74C71182D85F,299,res/animation/goods/diaoluo_qianghuatuposhi.json.gz,5f9964f0d3e84793436f44069ea5727a
FB9450D17DA74A17D6F95A8F8785E383,654,res/animation/goods/diaoluo_qianghuatuposhi.pkm.gz,06b0f027e540f27e33ad5b261472c681
7A8976CA7E94FD3D413454B2BAFC06C0,504,res/animation/goods/diaoluo_qianghuatuposhi.pkm@alpha.gz,e53edb8d7b8aa4b82991f1b8da00905c
DBD4CAAF106946E569FD416A391B13BC,221,res/animation/goods/diaoluo_shenxuantuposhi.atlas.gz,f5a6f3b695107b7775619d5d09863fd5
175F84B0A1283026E2DDF3AC98B433C3,299,res/animation/goods/diaoluo_shenxuantuposhi.json.gz,f363133bb07c6120752ced9c59ffae95
511DD005B798202843AF9F460B7EF2F4,731,res/animation/goods/diaoluo_shenxuantuposhi.pkm.gz,eff01e2dbc49468e1d8d8ea8dde2d107
3918FA27C1A5F54CEB5DF03A0123E0F7,624,res/animation/goods/diaoluo_shenxuantuposhi.pkm@alpha.gz,3ca8bdaf90945be249c173af43a47a41
7B5E2784458601258D571A5217F066F0,211,res/animation/goods/diaoluo_shipin.atlas.gz,79d6746ce050f3e7267115a379994109
DD238BF78E392C4D411F012F405FF17E,303,res/animation/goods/diaoluo_shipin.json.gz,9a5296808c6ba9ac98c98703f4e9ccd8
5B3C72BBE432DA45F6AC9C21255E3992,896,res/animation/goods/diaoluo_shipin.pkm.gz,9688d39187570dc73855e25548daa47b
F6A9F54256C059C53C70D07933FE2C0A,702,res/animation/goods/diaoluo_shipin.pkm@alpha.gz,0e7aad067900083fd0f792ec27dcf04d
000681F2AA087A322A269F5A967A3FF8,212,res/animation/goods/diaoluo_shishichongwu1.atlas.gz,e17069fc1908e60002ef5e2014c1c842
876B0C3CDCC4DD8FC84C9CBFD7CA7F35,288,res/animation/goods/diaoluo_shishichongwu1.json.gz,90aa25b24748f70dfe231113c0604798
4F5C539BBB77DAFA80D162D395FA9F42,948,res/animation/goods/diaoluo_shishichongwu1.pkm.gz,2da6e056d156e071e758fa82ececf204
3929EC0584CECEC613AFC4581D8426BA,583,res/animation/goods/diaoluo_shishichongwu1.pkm@alpha.gz,e68fa8a6af687cc0dcf7c6286909a34d
8ED168D41465E4B82355EC6F71170BC6,215,res/animation/goods/diaoluo_shishichongwu2.atlas.gz,648062129d791b1ad0191804f1d72828
74AA68A8170BB9BED535AD27FE156E39,292,res/animation/goods/diaoluo_shishichongwu2.json.gz,4188db85c46f493ba8e9a5e9d65185ec
6DCB94807F2053DF80F701D55141D64C,909,res/animation/goods/diaoluo_shishichongwu2.pkm.gz,2fdf56c134a42ab94ee70cfd21917f57
C426594EEAC2FC01CF137C72A891BF5A,579,res/animation/goods/diaoluo_shishichongwu2.pkm@alpha.gz,1046f89989d07beb98355ede1e3172cc
8F79ABF2441CEC5EBFB9ABADF39D80E9,212,res/animation/goods/diaoluo_shishichongwu3.atlas.gz,75235d0f684f3f63e4bd4d29af85f154
101F4187E32A54E8B92D9C24A047F0BD,292,res/animation/goods/diaoluo_shishichongwu3.json.gz,78d70f998bce73814b6db5eef820a25f
CEA577542F150DAB89097E99FB1D5F37,907,res/animation/goods/diaoluo_shishichongwu3.pkm.gz,eaad96b1fe09c452a5cd40cc78c34515
2780ECC2AE3F3590BB31D1881CA39C3C,579,res/animation/goods/diaoluo_shishichongwu3.pkm@alpha.gz,1046f89989d07beb98355ede1e3172cc
6200A1048E4052EA115D6D96B3A6C01F,198,res/animation/goods/diaoluo_shouhuan.atlas.gz,66ee11cb437d9037bbf1f49eba3a1a42
42808CA45A9C3AE6332304601BE88AA0,285,res/animation/goods/diaoluo_shouhuan.json.gz,de913b0fcca0188181a86fb9c78b7f42
6FFB964F3A208E2F0C05C52DB20479DA,348,res/animation/goods/diaoluo_shouhuan.pkm.gz,2472f3c43d69057c302ea119f72726b8
01BCCA0386CAD7910CDE42866451367C,608,res/animation/goods/diaoluo_shouhuan.pkm@alpha.gz,9bc40e9045fba2332c51f69017cc46f1
0EE9410079CC0BE06E0089DCAACF1660,212,res/animation/goods/diaoluo_shuijinghuizhang.atlas.gz,367b0ff32f72804830123f004c7917f5
DA51C355547CE77CA9EDBD1ED46B6596,285,res/animation/goods/diaoluo_shuijinghuizhang.json.gz,fa533cbb7af343c7d9e33f1034da707c
D4846AE5D4E652D06E61D7C6D0977E61,469,res/animation/goods/diaoluo_shuijinghuizhang.pkm.gz,8215b146e22c171b29603e1205919dc0
BC2C223C37929E9AC94B2A948465AB33,576,res/animation/goods/diaoluo_shuijinghuizhang.pkm@alpha.gz,767e7c0aefe7a0b9dddea8e0b1886893
6907A592548877B0922BC8E58034A6BB,219,res/animation/goods/diaoluo_tongyongchongwu.atlas.gz,d0e2d6f6161dad630c67023b5b8af738
CF61D745EA03BCA8F950E7D45B97D985,296,res/animation/goods/diaoluo_tongyongchongwu.json.gz,a070d431aeaa3a8d9f26d975bcff4862
00A5BFE42E8B519E4D9E482E71D59EE8,851,res/animation/goods/diaoluo_tongyongchongwu.pkm.gz,7d09f44deeadee350246a0285c6d9fb8
5C0C2B06DAC4693B0484CC3F2DE55B99,640,res/animation/goods/diaoluo_tongyongchongwu.pkm@alpha.gz,2cb040ea62796a107180261408b49bf1
BC01B4622938B1E6E3675C13123A8FFA,200,res/animation/goods/diaoluo_toushuijing.atlas.gz,d857e325a41abd7845e9f23ce5481080
A500DD13DED74D8AB32F4BFCF2408911,284,res/animation/goods/diaoluo_toushuijing.json.gz,4a261facf8ecbd5c1324d1ae7d989f22
6735AB52F0BCE2B23A53834FD9468CF1,496,res/animation/goods/diaoluo_toushuijing.pkm.gz,d1ac0b98e8eec74c2c997b71c60a4fdf
272562593F2E26BAA0C00CA7A2E20692,549,res/animation/goods/diaoluo_toushuijing.pkm@alpha.gz,b9162b5f04f33f582b6eb8919489b2a2
41A249D688E2D7F1C982B3E307EFA4FA,280,res/animation/goods/diaoluo_wusejingti.atlas.gz,6e48520bc054dbe0f1e3381d015f7f0c
1F47CD39CA1F3526E5F9513A5FCFEB7B,352,res/animation/goods/diaoluo_wusejingti.json.gz,d414b09e1cd09e51b5fc148aac91ec80
67B9C37E49EB243E146CBC53E6BB9F93,3693,res/animation/goods/diaoluo_wusejingti.pkm.gz,c1608a59351894f893dc026fac9b2f30
F09A08DEA351DBD47AB5867192285F39,3972,res/animation/goods/diaoluo_wusejingti.pkm@alpha.gz,11f0a9298890e99350d7d89d4a53df6c
57687066DF4192DC5A0B4C17C3D16212,201,res/animation/goods/diaoluo_xiaodaoju.atlas.gz,071df50202c936ecc7afac0cd8b9c9db
3276DA62B9D46743FE1CF8EC2EE2F985,281,res/animation/goods/diaoluo_xiaodaoju.json.gz,0e4eb3a8ce686dc467b2a6d57cf7f955
EEF2D88F1F621429525B5771DC5BD430,663,res/animation/goods/diaoluo_xiaodaoju.pkm.gz,ccf8c7b8ee6455f8c726cf0c184625ee
977683DAD1C4E31EB6CDA335907332B4,506,res/animation/goods/diaoluo_xiaodaoju.pkm@alpha.gz,56520f2709547a6152b65d2fbc951026
5D474551576E2247D6D2E63E616EF01F,208,res/animation/goods/diaoluo_xingjing.atlas.gz,d246561ca40072457c42196a7ffecaef
560672099923D4D69559007FA068CFF1,288,res/animation/goods/diaoluo_xingjing.json.gz,943a05b72ef11d952d92a2de36921782
7B4A77945D4F45D0BA5FD239FD9C0771,624,res/animation/goods/diaoluo_xingjing.pkm.gz,41b07e8b06ed717ac0773e437ca536e1
FD5CF47DC3ECFBB1C0287014DDDC55DD,514,res/animation/goods/diaoluo_xingjing.pkm@alpha.gz,7c7f11cd2adbfbe8829042a04deefcfa
F6970AC0307132A98A54F633678A5173,206,res/animation/goods/diaoluo_xingshi.atlas.gz,6889a434ce01a836d46f742646075f0d
83E3E34F63ADCB2FD24BE3045C7A2627,291,res/animation/goods/diaoluo_xingshi.json.gz,9c4c42214c81d6a1f982c1f7fe696e24
2D98E6A5B08109A997EABB48E7EA2ACC,514,res/animation/goods/diaoluo_xingshi.pkm.gz,406b67390b0d3882155aa51a662ead2e
6C289BF3E6F31AFB6AE62731558A2945,511,res/animation/goods/diaoluo_xingshi.pkm@alpha.gz,c42020939b81a7de5947ec416106e5e1
6E816CBE45AE8FABF3BDA1C194321115,202,res/animation/goods/diaoluo_xuanbingshi.atlas.gz,2b1e13613daf6179b78cc09e117fb3d1
6F7814F817906B0A8A2ADCE591CBF334,285,res/animation/goods/diaoluo_xuanbingshi.json.gz,5df699539ad7f72f640e53438b7328f0
869162EE1157FE4D9565C48F4180ABD3,488,res/animation/goods/diaoluo_xuanbingshi.pkm.gz,9fc570f06c0389b67c854a587001aa82
AC399FFABA40DD03CEB0DA3F06B2C779,596,res/animation/goods/diaoluo_xuanbingshi.pkm@alpha.gz,72a36854cbb93da943acebc65324303a
46593E3A9A97B3AF5373AF13A659B65D,221,res/animation/goods/diaoluo_yiciyuanjiejing.atlas.gz,e18f9aad09e1f3d325a160a452a24fad
E953DD524453586647A6CFA3D08FD728,290,res/animation/goods/diaoluo_yiciyuanjiejing.json.gz,190e987818069784ce2c8a876e2de8de
E5E6B2BF602E1FB6137DA2A6C50802F4,698,res/animation/goods/diaoluo_yiciyuanjiejing.pkm.gz,1c13e8c2694363a45efe9fd78bff5483
9C2214E25AD4E9B611078D732DED281B,587,res/animation/goods/diaoluo_yiciyuanjiejing.pkm@alpha.gz,d816d440c99e15e960275a1b5d6df24a
D3D31A88035789D37F5F62545D714E10,219,res/animation/goods/diaoluo_yinengjuexingshi.atlas.gz,1c11b7e5f6eac90f607d9d03eaa0d12c
11A967DA634776E756208B10B0A38A28,291,res/animation/goods/diaoluo_yinengjuexingshi.json.gz,1eb38f4826a06b50115f959c681341f1
BED69582AC36B37F458CF9846ED8A737,661,res/animation/goods/diaoluo_yinengjuexingshi.pkm.gz,b6a69de84d1ae97e5b4da8a25a1b8dc1
5E646E95832C162933CD4ED48972B98E,541,res/animation/goods/diaoluo_yinengjuexingshi.pkm@alpha.gz,041b22d8405ffd07fe29922b36a67132
5BA2B78EEA97D541DF56095ABB9F29D2,211,res/animation/goods/diaoluo_zhuangbei_jieshouqi.atlas.gz,28f109aa4dbe2706d159387170be0abd
15C6046B570E933EEAE4E8884BF11A66,281,res/animation/goods/diaoluo_zhuangbei_jieshouqi.json.gz,b2350889ca91932313d7d55c7a54d567
4419E0B36330E71066B1C709B6A42956,1984,res/animation/goods/diaoluo_zhuangbei_jieshouqi.pkm.gz,6385d36fea14e891b617fda02bfef7de
E3AB1D549D17A788AC31E6545BE2C7B7,1115,res/animation/goods/diaoluo_zhuangbei_jieshouqi.pkm@alpha.gz,eafd06d0891cc81f0167202eaf51d686
B45019269EBC3DF265C22CEB6CE1C337,216,res/animation/goods/diaoluo_zhuangbei_jieshouqi2.atlas.gz,bcc42fa8ff18872308c63eb04239284e
E274AD3EB1753DE2A7231AB7F716B5AE,288,res/animation/goods/diaoluo_zhuangbei_jieshouqi2.json.gz,e15b6c3670330a34813275275da02985
D2038A3B7EF2A40FC26D719A15179207,2031,res/animation/goods/diaoluo_zhuangbei_jieshouqi2.pkm.gz,6d34475c3535d01ed49e2384f6c355f0
A0ABAB1FBEA583994732652A63B7951B,1096,res/animation/goods/diaoluo_zhuangbei_jieshouqi2.pkm@alpha.gz,ed1fbfaa1ede84758208b2433f05ac6c
922A221E0CBEFAFCD103616B1FC6B044,215,res/animation/goods/diaoluo_zhuangbei_tiaojieqi.atlas.gz,f6c00acf370b165c2068408e9458f4f3
F762AE047476510CA914835EE8B341D2,292,res/animation/goods/diaoluo_zhuangbei_tiaojieqi.json.gz,345d804bbecbd4f9406314c05e0dbcfc
CE92EEE6EF6A49EE23F2739B9EFAD0E9,2969,res/animation/goods/diaoluo_zhuangbei_tiaojieqi.pkm.gz,182ed9c2f66ad1d0a5e3c7af4fc01ec1
91D2F72903D4220FE885B8C9E3AAEE0E,1691,res/animation/goods/diaoluo_zhuangbei_tiaojieqi.pkm@alpha.gz,58c7e9cf9fc66b678bf283defc492bf1
9B2F4F891F9F399742B038B0C6EAC131,219,res/animation/goods/diaoluo_zhuangbei_tiaojieqi2.atlas.gz,4c3b7f9c02c4e2e6ca54dcffda4e645b
A178BAAB564360260163EAEB88A2E470,292,res/animation/goods/diaoluo_zhuangbei_tiaojieqi2.json.gz,345d804bbecbd4f9406314c05e0dbcfc
5F00BCC5B6DFB1E8EC600674CD32F8DC,2506,res/animation/goods/diaoluo_zhuangbei_tiaojieqi2.pkm.gz,369e0885a37b1aade98f9e4ba3b46383
81DE90D17573E6EA773AE73940CB854D,1269,res/animation/goods/diaoluo_zhuangbei_tiaojieqi2.pkm@alpha.gz,52f0e7f93fab663039289c38276ba9f1
28A11AF4C28372A25804970D38D5F09D,210,res/animation/goods/diaoluo_zhuangbei_wanou.atlas.gz,e02455b9b3d5ce62354ce20548bbfe91
D4AE415068494A5D2A0C4E410BAD0368,291,res/animation/goods/diaoluo_zhuangbei_wanou.json.gz,3da5b882b671d8146c07914eda4e3a87
230E7A24CCCADB1D220599FE2BBDEF3E,2372,res/animation/goods/diaoluo_zhuangbei_wanou.pkm.gz,f22aca928a17b5c3144eedb74b7acf7d
D152A7753EA885B377E9E5F2D186C1D4,1683,res/animation/goods/diaoluo_zhuangbei_wanou.pkm@alpha.gz,0c947cab2d446014e3059451501d6d3c
A083157F36275FF5CD9E40D5E21513A2,216,res/animation/goods/diaoluo_zhuangbei_wanou2.atlas.gz,34fe237268df79900c82c69b70c51fec
607A9C53BDE5D1376A99A6DA7219EECC,291,res/animation/goods/diaoluo_zhuangbei_wanou2.json.gz,3da5b882b671d8146c07914eda4e3a87
69AEB73506ED2F8CE4789ABECDF25DC5,2410,res/animation/goods/diaoluo_zhuangbei_wanou2.pkm.gz,cdffa705112e86e48ece35a30a56177c
97C037B1B1DD847C7D227DC165D0762C,1683,res/animation/goods/diaoluo_zhuangbei_wanou2.pkm@alpha.gz,a687cd08bc2f69f92445e0bc701819ef
B1DD92B699B846CCC224985BB10EC5F2,211,res/animation/goods/diaoluo_zhuangbei_wuqi.atlas.gz,a9b52a2765c2e4dcaf467e5ca54d4766
8777E9FBF22053D7429F83E9DE9FB921,293,res/animation/goods/diaoluo_zhuangbei_wuqi.json.gz,b0633486c9149b5d73cae22ffd012934
FACE98C174CB6229A2DD26A3BDEE3617,2300,res/animation/goods/diaoluo_zhuangbei_wuqi.pkm.gz,22af157b3e45474762ceca4c7d8ad5ad
C0D987ED5A47334E9B138BAAA40A6639,1698,res/animation/goods/diaoluo_zhuangbei_wuqi.pkm@alpha.gz,bd6ed9593a45af42887b3c5bdb5db9d1
727CD4DF38D546794881D5FF48A4B684,213,res/animation/goods/diaoluo_zhuangbei_wuqi2.atlas.gz,9af8f234cfa5e98b5ca2a6cd00e2780f
BF244AC2F203617998D79BDB6420EFB1,293,res/animation/goods/diaoluo_zhuangbei_wuqi2.json.gz,d76ee4abc8e1c7ebdde74a8ba9668838
7F56830C1B21DC43AAF865C5C75993C9,2671,res/animation/goods/diaoluo_zhuangbei_wuqi2.pkm.gz,ac837ed57cb369f5e546d90070f6431e
993600884FE3B91CEDBD7F622F203E71,1293,res/animation/goods/diaoluo_zhuangbei_wuqi2.pkm@alpha.gz,33ed3e9aa0e8ecbfa4cfe0568eb86dc8
F9BCE988604E5D2959B5EE17CF87C4F6,214,res/animation/goods/diaoluo_zhuangbei_wuqi4.atlas.gz,3cc9f67298a09bec617172c3b19c0954
5E451CCBD1C52325A9F46F2976DD78CD,293,res/animation/goods/diaoluo_zhuangbei_wuqi4.json.gz,d76ee4abc8e1c7ebdde74a8ba9668838
DAD8B59823401EB87D9B4247C059E995,1507,res/animation/goods/diaoluo_zhuangbei_wuqi4.pkm.gz,a603ba3c34c560f1325811957662af75
F8026EFE99885F9442EE5281F74930F9,1274,res/animation/goods/diaoluo_zhuangbei_wuqi4.pkm@alpha.gz,d90fc23156cd6c4eb798eab2dd5c9237
558CEB669481D56D423C5D881CA0F152,216,res/animation/goods/diaoluo_zhuangbei_zengfuqi.atlas.gz,8e65392e15d70d1649fd0d8a723d25f4
28A4E978BB7DFB798AEC765FBEEFBADA,292,res/animation/goods/diaoluo_zhuangbei_zengfuqi.json.gz,8c3c9ebdc7ad088d3a00ca09de56ef76
7904132176684A6C9FF1468152EABF4E,2494,res/animation/goods/diaoluo_zhuangbei_zengfuqi.pkm.gz,d18c36d5912acdf20f00aa94d744abb9
73E722ED3797D353BC16186791E70F99,1559,res/animation/goods/diaoluo_zhuangbei_zengfuqi.pkm@alpha.gz,b8401b354c55114bf5ecfdd948d357c7
8438D3E77510F263B0F36A39C82BFC3C,215,res/animation/goods/diaoluo_zhuangbei_zengfuqi2.atlas.gz,428599fbe887f264aa668633054944da
0AABF9DBDC8909D96C98F52ED052A2F7,292,res/animation/goods/diaoluo_zhuangbei_zengfuqi2.json.gz,8c3c9ebdc7ad088d3a00ca09de56ef76
CF581E5DC8B2EA35499515ABC6F39DB3,2336,res/animation/goods/diaoluo_zhuangbei_zengfuqi2.pkm.gz,5434dd005f87ebee201d2fbd0e3b1fa8
C527FC6C451D844824C040C9549E7766,1546,res/animation/goods/diaoluo_zhuangbei_zengfuqi2.pkm@alpha.gz,343b1ace78d4e8d651facf8055b3cd9b
4C5C1973B8D3AC9414FA519CBBDD4588,221,res/animation/goods/diaoluo_zisezhuagbeituzhi.atlas.gz,783ad0ee33dd1b2ec469b2e2af2eb1ab
26EB49E5288792F26F1C7B9BAC860394,311,res/animation/goods/diaoluo_zisezhuagbeituzhi.json.gz,ff4ee37105a3afb4a0a0279f36ebd44a
FD9B3ACD9207717DCEABB948888F721B,529,res/animation/goods/diaoluo_zisezhuagbeituzhi.pkm.gz,42d75acac38982549233a1420aecca80
6394392D6E7BC64D240E7C276396032D,556,res/animation/goods/diaoluo_zisezhuagbeituzhi.pkm@alpha.gz,f332c20b43123fb24a362ee8350e8432
5FA408FEA65C21F38068A64111123258,212,res/animation/goods/diaoluo_zizhuangcailiaoa.atlas.gz,98dfeff9c8c35897f6c3e6c503445bc4
71BA0E042103C80A085CFDC0ED6EB70F,290,res/animation/goods/diaoluo_zizhuangcailiaoa.json.gz,2a91c7d8ee8eb4b2a53d30f1f17c5dbe
2C8EC1DEF21F04959A4C22B94DCA4A92,1304,res/animation/goods/diaoluo_zizhuangcailiaoa.pkm.gz,f9724c206b6cf2e77a97d6629ebb25dd
C6D328D6EFD40AA6EB6EBE48A3B87674,1181,res/animation/goods/diaoluo_zizhuangcailiaoa.pkm@alpha.gz,c7131892e96368652351bbc12850cb74
BECA406E0BE87DE089C085FFE92305C8,212,res/animation/goods/diaoluo_zizhuangcailiaob.atlas.gz,98a240623b2e937b542b0d00a78c0a3b
D4723EC189253D5C372A87FD7AEB655F,290,res/animation/goods/diaoluo_zizhuangcailiaob.json.gz,e9c874c23548d161d2c6b6bfddb1fdeb
4C9EB0A81CE4DF346000D83B8C41B894,1282,res/animation/goods/diaoluo_zizhuangcailiaob.pkm.gz,9deaa25927172b15cf0cc24fc7df0ccf
1AC4C9919BF9AD7266AFA4A8E13693D4,1254,res/animation/goods/diaoluo_zizhuangcailiaob.pkm@alpha.gz,cc39f6f78633db6d2d462ab38873d9b4
CA7D57E71E81015210616A4F20EEC8F0,211,res/animation/goods/diaoluo_zizhuangcailiaoc.atlas.gz,234bd5740c8e34024eb4ade572921a34
7F481316AB9DCCD5E5260E82A5CEC66D,280,res/animation/goods/diaoluo_zizhuangcailiaoc.json.gz,b01520c78c40f9051c3f6ec07cb6e357
961FFADBA5645D44DFE447752D501058,1251,res/animation/goods/diaoluo_zizhuangcailiaoc.pkm.gz,9684cc06e1912508dfc1db1c933c3cea
FC0BFF0893476AF856AB504408DBE08B,1276,res/animation/goods/diaoluo_zizhuangcailiaoc.pkm@alpha.gz,ba0ac256c79737d03377136bfa93e169
3617862BDB3EAC903DD49E57399BFAE7,213,res/animation/goods/diaoluo_zizhuangcailiaod.atlas.gz,056dbddb564e4ba3214af1e8c82a323f
858B095678F09817AF0735527A746F4A,281,res/animation/goods/diaoluo_zizhuangcailiaod.json.gz,8e7537f7ee17ce980e11edcfa45dd2dd
E8CE1353133C94932DEC49B2D144F4F2,1591,res/animation/goods/diaoluo_zizhuangcailiaod.pkm.gz,5f943188c7e18d745173509896f13d44
EECF855652C670B51F0C6091C2EEC0D4,1364,res/animation/goods/diaoluo_zizhuangcailiaod.pkm@alpha.gz,5f649b1dbb5dfdb8ad44c705454d4b5e
6F824105D669E060B8CD659754E8C7D6,1084,res/animation/goods/tx_buff_daojuxiaoshi.atlas.gz,4838dab3338c633618feddfadd408b2a
2D944D7A64E1C10CD3C07359F5E6D01E,895,res/animation/goods/tx_buff_daojuxiaoshi.json.gz,3aef48ee0257c97b0c337c663d1692c1
675D6EC4C09B125E1026578756356128,123213,res/animation/goods/tx_buff_daojuxiaoshi.pkm.gz,850f245b8a753639610fa40cf833b78a
9EA06252B74F26354DDB52032982DD55,101116,res/animation/goods/tx_buff_daojuxiaoshi.pkm@alpha.gz,372208347d39b75f6ab41fe3d93dc867
4D36B97FD19C7FD4026C7CD434C20328,1077,res/animation/goods/tx_buff_huoliquankai.atlas.gz,60b58c1c67a25c40fb08faeed7c2ac26
A1CA0A4538AC9C250CEA194BCB385E73,1174,res/animation/goods/tx_buff_huoliquankai.json.gz,8ef13bd4ac5011b70288958375ed2324
23D13611336B8D647A7104AF24D7F4AB,125016,res/animation/goods/tx_buff_huoliquankai.pkm.gz,7c694aa24ff6e60f075b58c20e8a159d
D866B0FCF1CF1AA6C77511C6DD452A06,102541,res/animation/goods/tx_buff_huoliquankai.pkm@alpha.gz,5d2f6e3eff45cc546b1abf0c7c81c5c8
6B624EE8E0087C982CFAB4630538673D,1084,res/animation/goods/tx_buff_luoxuanjifei.atlas.gz,6fa2bf0eb37b8116854d6ef0d6f4695c
BC06383C87D02FE4A6B5CDB9EC9E8776,1103,res/animation/goods/tx_buff_luoxuanjifei.json.gz,67681dfe32e029707d8ed96f748c5b4a
94861FEBCD3B220E4265330688E4B898,123213,res/animation/goods/tx_buff_luoxuanjifei.pkm.gz,850f245b8a753639610fa40cf833b78a
78E805AD3971DF8E6F91413AD00AED43,101116,res/animation/goods/tx_buff_luoxuanjifei.pkm@alpha.gz,372208347d39b75f6ab41fe3d93dc867
973B1BF1E428C7AFE8F6DFED3DBA4D67,1128,res/animation/goods/tx_buff_quanpinghongzha.atlas.gz,612e625b25e09132f49c0829ad4ac51d
A196CB5AF00016C84512AD326C547FE5,1101,res/animation/goods/tx_buff_quanpinghongzha.json.gz,5c8c96f02b67e4dd322f5a3c7f8e0451
DD897C181C220853CA34750946822665,123213,res/animation/goods/tx_buff_quanpinghongzha.pkm.gz,850f245b8a753639610fa40cf833b78a
364756AFFBDFC8C686392CC67182F9CD,101116,res/animation/goods/tx_buff_quanpinghongzha.pkm@alpha.gz,372208347d39b75f6ab41fe3d93dc867
31E36AD777E04118C80EFCA7DF187121,1079,res/animation/goods/tx_buff_wuqicuidu.atlas.gz,82b33e5930da9608263e72dd3c69ba8b
839EFE765953A47B7E2C7DC34868EE27,1106,res/animation/goods/tx_buff_wuqicuidu.json.gz,bd7494b96745b88e3b42dd662537bd04
6A2F56374434BF170D74A30727F3E5D2,123213,res/animation/goods/tx_buff_wuqicuidu.pkm.gz,850f245b8a753639610fa40cf833b78a
0E989F8F01DC8D2FD76162BDA7A10730,101116,res/animation/goods/tx_buff_wuqicuidu.pkm@alpha.gz,372208347d39b75f6ab41fe3d93dc867
6E4CA596E470D759D2B9E22228B7C9BC,1129,res/animation/goods/tx_buff_zhaohuanjiaren.atlas.gz,63ea6f35de1fb3d5ace5291e7a17a2f7
42B7CD948FA4A5C9587BB2EE7CC80834,1111,res/animation/goods/tx_buff_zhaohuanjiaren.json.gz,fd3f925d4e5c24a79fca15b62b9cf084
31A3266F1BA0F296B6F85FE58AD494A2,123213,res/animation/goods/tx_buff_zhaohuanjiaren.pkm.gz,850f245b8a753639610fa40cf833b78a
37DA70FDDC3FF54B54AE05E394281A18,101116,res/animation/goods/tx_buff_zhaohuanjiaren.pkm@alpha.gz,372208347d39b75f6ab41fe3d93dc867
F26657D2BF871073DAB4B36652FDBBE1,1079,res/animation/goods/tx_goods_fuyoupao.atlas.gz,2ae81b02ca6234382af28139a7e8a5f5
D65F088DCFBBA54D0933CFCFA108C890,1103,res/animation/goods/tx_goods_fuyoupao.json.gz,615e23341ea8aa450f6a87bde0570381
A4B75AA520951D9F9F9FD9967189F69F,123213,res/animation/goods/tx_goods_fuyoupao.pkm.gz,850f245b8a753639610fa40cf833b78a
927248FB8D873C5074A5CAAEB7E764DD,101116,res/animation/goods/tx_goods_fuyoupao.pkm@alpha.gz,372208347d39b75f6ab41fe3d93dc867
721B74FF98B7B56C80714609737816AE,215,res/animation/goods/tx_kbbuff_luoxuanjifei.atlas.gz,1d3667c0f6061463f1bcd53a49ac14c8
645B0F94BAD757A91B1EE3DA3AE879A0,211,res/animation/goods/tx_kbbuff_luoxuanjifei.json.gz,0802a529f6601d078e7e89aa53bc77bf
2CD378D52576CF998CA5D0667D74FFEF,283,res/animation/goods/tx_kbbuff_luoxuanjifei.pkm.gz,f9ceb5a160e256264bbac4d23cb36b10
CE0453D751CA43EEB461639AE70F50D0,281,res/animation/goods/tx_kbbuff_luoxuanjifei.pkm@alpha.gz,1d2b2c4114c49f452017600b03cbcbcd
BA3340F6F122C4B21EA65587D7D50186,2667,res/animation/hero/mx_huoban04_heiyan.atlas.gz,4bd19fe976c6047c47871938bd4c00df
6237FD57B219C7EDAE8AA2AFBFD7F388,174671,res/animation/hero/mx_huoban04_heiyan.json.gz,adb07fbc2c52badeb96ffe5d63f8e445
1BB7710B0E8A3A475F8A365B036CAFC3,206837,res/animation/hero/mx_huoban04_heiyan.pkm.gz,fbbb065beb53ba7a380a7669b691b45a
01A580C7B68E646B675F8FC781786B5C,106343,res/animation/hero/mx_huoban04_heiyan.pkm@alpha.gz,ae01ec58fb9ee9b0562a173830d7e141
25D61666AD4C8703CF6FC9D6E8E6FB21,174671,res/animation/hero/mx_huoban04_heiyan_city.json.gz,adb07fbc2c52badeb96ffe5d63f8e445
6C45DF2B5D887246F340779AF9C58D24,5250,res/animation/hero/mx_huoban05_ailin.atlas.gz,672ccb0f7e5a1d38da686cb329fd6872
899867D1C0A6A990B67F554ADB2A1BB1,435590,res/animation/hero/mx_huoban05_ailin.json.gz,967712158b76a580a687390168bdc5cf
4EC7BF9025595834BBD48A473838451A,317378,res/animation/hero/mx_huoban05_ailin.pkm.gz,85f0dadfda31799629df319648546616
9235F2D0BC422D5A3DD17B50945E0417,177331,res/animation/hero/mx_huoban05_ailin.pkm@alpha.gz,83b4a3b674782eeff64f18f88fe661d9
C52A3BD1E07F3AE00BADFC9A7BDC9BFC,4456,res/animation/hero/mx_huoban05_ailinrobot.atlas.gz,0f8167f141eefb65a8785c3dc9a16bbb
55C3F5E329AA15763242C463BDC57515,322281,res/animation/hero/mx_huoban05_ailinrobot.json.gz,d14f003d66fff02506fbbc041017f031
4CC2597CF4BC8DC46E6DC78D0F28A738,603450,res/animation/hero/mx_huoban05_ailinrobot.pkm.gz,d6b197568afd4431a0e51a2603de84bd
9DFF355E9ED98400439B14DD4650949D,353623,res/animation/hero/mx_huoban05_ailinrobot.pkm@alpha.gz,6bbd5bb10e2f04f7494854288477a4f4
AE579E992E20AC87CC6E2F0CEB6AB22A,435598,res/animation/hero/mx_huoban05_ailin_city.json.gz,4e93cb841745fe070da9feb4d144a199
D712158776068C588C18067C458520A5,5242,res/animation/hero/mx_huoban05_ailin_skin1.atlas.gz,9d2b21b2fb4bffab10d2495212ea925e
97F3E3E92DB491D25C215D318C2978DF,299820,res/animation/hero/mx_huoban05_ailin_skin1.pkm.gz,a6f4db850449c7354545aa570f9a4f5a
559D95AFA4EFDFBAB7B93A126060F7F1,169832,res/animation/hero/mx_huoban05_ailin_skin1.pkm@alpha.gz,d0b4e2d6a89501dcfe68ccfdbb3cf7b3
7ABA48388C99391A130581A967E9F229,2638,res/animation/hero/mx_huoban_01heiyan_skin1.atlas.gz,3d997774fc12225ceefaf383f08ae61f
B910C3F812E947DDB703F733BD53A1C3,205835,res/animation/hero/mx_huoban_01heiyan_skin1.pkm.gz,756aa72d274584c7442782faa609a207
659CB63227B45B02CB29A988C3B45FD1,108623,res/animation/hero/mx_huoban_01heiyan_skin1.pkm@alpha.gz,acb05d10cd8066083836ec080a2f8493
BDC9C17BDCCF7555BD5DB8FE6EFBA9C7,2182,res/animation/hero/mx_huoban_01xueshi.atlas.gz,56627a7d79aa7932133b5846e1131e2e
3F8F73076D55CFF90F406871A4853A8A,128768,res/animation/hero/mx_huoban_01xueshi.json.gz,e6855b8fe5a5788edd226e0f631e27ec
471364D55CF654A8704804FBE2EE8A4D,72128,res/animation/hero/mx_huoban_01xueshi.pkm.gz,28e7ccda4f31d6784006faf452e8f17c
0B94A25F7E7C0AEC4AA38AA8847441DE,50877,res/animation/hero/mx_huoban_01xueshi.pkm@alpha.gz,6598adae376a8d4b53d1a8e93e88c38e
63D2E8BB7B948D8870C472D19B70D8E6,128768,res/animation/hero/mx_huoban_01xueshi_city.json.gz,e6855b8fe5a5788edd226e0f631e27ec
4D7430AD289B7A1C3715815542DEACFB,2159,res/animation/hero/mx_huoban_01xueshi_skin1.atlas.gz,0c832f7b81e5363d91d53b0bd31b8981
E6E2F653B6A55BB60DB0035A7C65AE92,65977,res/animation/hero/mx_huoban_01xueshi_skin1.pkm.gz,75539744b541218b7f9650117c2173c6
D4083B7CFF044833252F7BE862978C51,51234,res/animation/hero/mx_huoban_01xueshi_skin1.pkm@alpha.gz,a9e19ccbd0746604e744bab6c0e87275
F15891AD116A47F3641BB75233B81F01,534219,res/animation/hero/rw_newzhujue_lilimu.json.gz,4669ba144d86bd8dd28324bbf3ef8c39
99E9D470730A4622929921353219CD5D,33227,res/animation/hero/rw_newzhujue_lilimu_city.json.gz,1ebba6bc89543c1d39b0eae27f667600
C81711778C16879AA9500B2DD82BDEAA,744822,res/animation/hero/rw_newzhujue_liseyu.json.gz,4e4c357d06022feaf62ec5976ffcba81
3EB6292602D2752FD2C7CF37FE72AAE6,76031,res/animation/hero/rw_newzhujue_liseyu_city.json.gz,abb47de1c53d1f98f61db774d21f4a2b
4C8F87338BF78A7E2E6EE793DC4CA41C,1257543,res/animation/hero/rw_newzhujue_lishihe.json.gz,ab270e1b4f503d3cacd1b394ff43e33a
C96855252DEFE4C61574D0940B1CA462,55681,res/animation/hero/rw_newzhujue_lishihe_city.json.gz,8f934dd2772c89059193eb6937300d2b
37FAC60B8B35A69B378A2B288E60540E,948219,res/animation/hero/rw_newzhujue_youli.json.gz,e90912b080ad3f1d4aef18237621ffbd
3AC7B130284C4390A471520A9C5B2BA4,1598,res/animation/map/ditu_13th_kuangqu.atlas.gz,f363ba51930f86851b3b5d352b9a1e8c
8C4166B9566FE82C7E966BC62DD4BA9C,2021,res/animation/map/ditu_13th_kuangqu.json.gz,6ec2eebd763309bb3fba655b8d65a04a
6EB6066FE74BB97CEFC61AB03C8438FC,885948,res/animation/map/ditu_13th_kuangqu.pkm.gz,1f9dc6e4535d8565850dae9801e04afb
3C54032E910E6B74EF88A613FD9E6043,315697,res/animation/map/ditu_13th_kuangqu.pkm@alpha.gz,aaf0958add0db21e7a4c616e0559baa6
EB5F9341196FAFC915E4AEB298F72984,969,res/animation/map/ditu_baisheng_boss.atlas.gz,8ef27d5bc0ffe8d35bc311a1fad1f3c1
CE6660BEE95E361D0F6B59CF50000948,1878,res/animation/map/ditu_baisheng_boss.json.gz,7612a15b06bc62c8cf686a4ae5a1f4a1
8ADF37E4BBE4A68F72C2BAEC1E453D07,196393,res/animation/map/ditu_baisheng_boss.pkm.gz,e6e641a0680d5bfefaba7cc0d4ba9f69
823577390009D5638A1F6F32C75B3B7A,42654,res/animation/map/ditu_baisheng_boss.pkm@alpha.gz,a928a882e10f5426e44d4260f27aaa17
895451CDFBA50121491CD7656CDBD38B,562,res/animation/map/ditu_baishen_attachs.atlas.gz,b724c7c3ec9cf33fc5980fcb56a08372
CB462CCCE2F32A7B83FA3B0B7D44A8BB,726,res/animation/map/ditu_baishen_attachs.json.gz,63dc38f9a98d5cfcdccd892e477dddfb
80684DEDE8B299AE5B3F02BABE638BFB,4331,res/animation/map/ditu_baishen_attachs.pkm.gz,eae2e65d751f381ee000193289b6fcf9
913B3B689E16E1BCBFB698ACFF73040E,6097,res/animation/map/ditu_baishen_attachs.pkm@alpha.gz,5027f9005ccc9ad2db50e2b3fb122d2e
A36008A07F2AADACC40DFFAD05AD89CB,2010,res/animation/map/ditu_baishen_bangongqu.atlas.gz,0dec628dae41257e87d14de2841862aa
E2C9CD19D929DD7A459CF3EB3C9A1AD5,4991,res/animation/map/ditu_baishen_bangongqu.json.gz,36ecfabf1f34601bd8d9c51a39eb035b
E3BE213881F1314153CDBF6AE551A37B,771404,res/animation/map/ditu_baishen_bangongqu.pkm.gz,b08ad95d02b338f62da08cd3b27d3d3a
684248960DC7206A5C66799A58B3A191,198486,res/animation/map/ditu_baishen_bangongqu.pkm@alpha.gz,e6a48da0ca764fe5c6c0c021cc73a054
3567EEFB41138DDFCAE17E0B77D1D8BD,513,res/animation/map/ditu_baishen_bg_day.atlas.gz,d8cc5326d0f8e4d9666e5d2b2839b826
D1FCF5700619F5F5B672359C7A3A80A7,685,res/animation/map/ditu_baishen_bg_day.json.gz,64781445a261a2c78e8deae87cd1344d
BF10B30AE9081DE8272158D40D379FB1,261001,res/animation/map/ditu_baishen_bg_day.pkm.gz,f6f10395f607b2a0bbb8c83f10ab8687
E36000CD207701482A5B8392C545A100,58332,res/animation/map/ditu_baishen_bg_day.pkm@alpha.gz,e26922a82d36e27cab8c6c088a2355c8
83F74A325078A3D92ABDE77E1B7047AF,1018,res/animation/map/ditu_baishen_bg_night.atlas.gz,9431d6d7918f9bec54d763b9cea3387e
A020432DBECEE63F640A18223F96DAFD,5624,res/animation/map/ditu_baishen_bg_night.json.gz,3128d2e6012a9057861ee3800c64ed92
0109E8B26058E0ED0C70D6CC98068C33,312549,res/animation/map/ditu_baishen_bg_night.pkm.gz,f3e00d7a9cacfa516e75f3f9610c5ee4
2DD252B4B8F6D24AA2D2CE08EFC7757E,151268,res/animation/map/ditu_baishen_bg_night.pkm@alpha.gz,865408ba6201c50093d64fe5e45bbd71
91DE12FE990E56A49C6A4DC1A7E46898,805,res/animation/map/ditu_baishen_diantineibu.atlas.gz,611c2d928c7dfe0ba970c8d1c5144cdd
C68F26B3E936275E198F409725B9D421,1542,res/animation/map/ditu_baishen_diantineibu.json.gz,7172223cb5b5eec0bd6ba101f56c9159
D9109B568B3D0E1C87224A9130219D58,124566,res/animation/map/ditu_baishen_diantineibu.pkm.gz,2573486939362a179f81411e0c5d6bc7
DDB805807397D9B587AC9DECBF264BAC,39092,res/animation/map/ditu_baishen_diantineibu.pkm@alpha.gz,8fe048b82a2945a7f646fcba6cb9c419
144562BD41CD63BBAD11FE551A84D2A2,1007,res/animation/map/ditu_baishen_guandao.atlas.gz,62b2569683dfc2d668abfdfc5c85bba0
3D351F5AED852B81755970EAFDF10A38,1412,res/animation/map/ditu_baishen_guandao.json.gz,31478e6a97138eb90f1833197fcf246c
227079287F2C30C61A67DEFF8895CB74,430441,res/animation/map/ditu_baishen_guandao.pkm.gz,d5b6cb1409455ee968c236363a8e78e9
4469E551F20E1272B95A296189E79554,119517,res/animation/map/ditu_baishen_guandao.pkm@alpha.gz,d2dda97eaa205be1893605ea568a903a
6258588559FAAE67A28B431AB5B5EC99,671,res/animation/map/ditu_baishen_louding.atlas.gz,65529f6090b0ecbd4cc595f6ae9c25ce
5165C7EA2E39BDEE3B65D94A6F4408E2,668,res/animation/map/ditu_baishen_louding.json.gz,3cfd30c610f126e7d8963eafb27a00af
6B613BF4F055F521028D693C024DB5DE,272217,res/animation/map/ditu_baishen_louding.pkm.gz,c5ee71047b678956a53a985da489132a
E389FA518FE6E521AFB2B18AD0F5C44E,42812,res/animation/map/ditu_baishen_louding.pkm@alpha.gz,4f71cd2797b3315273bb3ed5cb712f13
09FE57AD25E7FEA151B983482BC9B355,1217,res/animation/map/ditu_baishen_rukou.atlas.gz,2128cb93eefd2102a8f6e915b4694ba0
F6A9EFC385D1A1FF07E49E2EF5451C11,2658,res/animation/map/ditu_baishen_rukou.json.gz,aae87d4fd004f4ccef221c3b86219c9c
697B6432C700F657CD189F64F65D20D7,619225,res/animation/map/ditu_baishen_rukou.pkm.gz,184ba2b1b03b9033c93cec2d44759d83
391BB779737FD89E5FA15389018998A5,189029,res/animation/map/ditu_baishen_rukou.pkm@alpha.gz,67410d2b8752ce46f96dc9643da5af4f
DB14AD0FAEC5CFE2ED41E5603E832839,1081,res/animation/map/ditu_baishen_shatan.atlas.gz,6d31c8bd71281ba27905a080a3aef7dd
EC238B8E85F9E8870D658CAEFAEDB1E1,10236,res/animation/map/ditu_baishen_shatan.json.gz,9632efbf52e8a85307ba3996b5338241
AA3ABED4378E6830803751EFBA0DA588,709675,res/animation/map/ditu_baishen_shatan.pkm.gz,7447be0bcfaca2f7877e459375fdbbe9
C9B5BFBCCDDA3A4A9F9ED8FB83D8473F,248204,res/animation/map/ditu_baishen_shatan.pkm@alpha.gz,bf2294970694bcb1773bef3e1e1ef3dc
E25017D507FF5A5F18648F1D4EBE51E8,1453,res/animation/map/ditu_baishen_shiyanshi.atlas.gz,db3eaf8b9a7c7db7e3f906c2a664b942
B944CF0AF1A195B30D4B202B8EA729B4,9015,res/animation/map/ditu_baishen_shiyanshi.json.gz,c6d79bb2f25f44cd1fd1f0e56a63f7bd
0B6B77E216E3496DEE710FC90AE6999E,663955,res/animation/map/ditu_baishen_shiyanshi.pkm.gz,969908fdc12694f97bf4fd6d42a29c3f
19F24DB627301D2D42C52A2D68E06D0F,153771,res/animation/map/ditu_baishen_shiyanshi.pkm@alpha.gz,6ee9e96415a1f62653564f05a4a2fde7
D677C962A085FEEB5A79E690E2E72188,1138,res/animation/map/ditu_baishen_tiantaiqu.atlas.gz,bceda1f8c4bd1d2c89c10219172d0952
5A39776D5D521ED05B0C10F288A1654E,1620,res/animation/map/ditu_baishen_tiantaiqu.json.gz,322a3ae2c2c2bac1230f22d092668e7d
97D9B2CEF132A41C21A2BE0069F6D01A,343098,res/animation/map/ditu_baishen_tiantaiqu.pkm.gz,30f5d3af9e13cf4cac1d335a11299b44
36C8018FAAFF80826F518CD9FAEA64D6,106263,res/animation/map/ditu_baishen_tiantaiqu.pkm@alpha.gz,8b12476bbcc0214a4b0a3ba86a7eca0e
1F939DB44F93ADBA481A5E819EAA304C,951,res/animation/map/ditu_baishen_zhanshiqu.atlas.gz,73da6853602f7a47fbfa69a9753d4fab
983BCDB23C7F04491F701BDB8CB5D0A7,1735,res/animation/map/ditu_baishen_zhanshiqu.json.gz,ad2b81e1d34af1cb89111f2a71dda129
ECB4DB9BE6EB39C7FE5D93E314CBE2F8,245126,res/animation/map/ditu_baishen_zhanshiqu.pkm.gz,75a6124d66435f6f2f7add0bb62b7794
B2CCCD6D5F7F0FBA43C18FFA56643F9B,104068,res/animation/map/ditu_baishen_zhanshiqu.pkm@alpha.gz,16f20ffd0a5489a8867a2e17f259dac2
A9C00B47787B28DC0FD064A1DE4D2C2E,2047,res/animation/map/ditu_beijie_shinei.atlas.gz,cad8be8edb1584eb8295533947d92af5
BF6AFBD62589B6D8E66C6B3F04EF4F3E,3044,res/animation/map/ditu_beijie_shinei.json.gz,095057432aa5dcbe6ab3fcdd3bf49c73
9AB5A8EF103B00CBA0E70C22A916B95D,619631,res/animation/map/ditu_beijie_shinei.pkm.gz,b97a86530fe162798a24b848ea4ef6bc
526C0C60570FEDCB5C2A8B9B858195AB,288292,res/animation/map/ditu_beijie_shinei.pkm@alpha.gz,1ddae0e5070e0912fe50927a541a70a0
67FC27D025BFBF51F5E98BF4F9B37944,2167,res/animation/map/ditu_beijie_street.atlas.gz,1f6c85a5e38e012a0511b211e4efb010
F161B01145FBC66F15D062160C7D316A,2876,res/animation/map/ditu_beijie_street.json.gz,81bfdcc2988179f90214ea613fcb70bd
A3B9300FBE2013F6D256F9E7C592AF76,1225994,res/animation/map/ditu_beijie_street.pkm.gz,7540b42175340e12a076305a92b63d6e
5D15339C802E9B463CC047B1ACF3B6C4,349464,res/animation/map/ditu_beijie_street.pkm@alpha.gz,09b76a8647a823485871403a4af9e2db
89FCBCF225AFFC049D2D33E67408DE5D,2220,res/animation/map/ditu_beijie_tongdao.atlas.gz,61e2b8b4f61c27a858f2beffdc92e95a
B69C2CB8717D03BB25666502350EE3EB,3184,res/animation/map/ditu_beijie_tongdao.json.gz,bd89f2b5516bfee696c7df0122fbf310
21F9EF8018D46714732CBCC9BD9592F5,776900,res/animation/map/ditu_beijie_tongdao.pkm.gz,c701a81cf6c5af641941ed3126303048
58E744DA113AA340EAB9434790C61CCC,318790,res/animation/map/ditu_beijie_tongdao.pkm@alpha.gz,15c3c1d6da9ea3fa1be228342e82e471
D699C5769ECD200510288A8445018E2F,437,res/animation/map/ditu_bg_huanghun.atlas.gz,433d110de51a88b2321f815b5dd229e8
825FCF0A6B180CE3D4660652B2279BB1,670,res/animation/map/ditu_bg_huanghun.json.gz,30427c7fb620dd11f56a3e8ba6f5184d
F9C9209B1D69E754E24ACAFB3C4F2036,79025,res/animation/map/ditu_bg_huanghun.pkm.gz,ee553b706a2c6b2efdb064b6054b763b
DC9A04C6C233EC0B9F1FB2E902A4315F,36664,res/animation/map/ditu_bg_huanghun.pkm@alpha.gz,830830867f503bafd618eb8431e31658
7090BDE07961850518F8B98FD583C5A5,1235,res/animation/map/ditu_blackmoon.atlas.gz,c8908f7df33a18f17775283f42815603
9A2D348722721BE22CCEF54C920DE967,4726,res/animation/map/ditu_blackmoon.json.gz,6b6725d59075a87a9c645869b30210ef
386A4CDEC9665CB7CF290E4BD947AF51,490660,res/animation/map/ditu_blackmoon.pkm.gz,fbcf6215e90033cba954200a57b61852
F619B2B57E99605572551F906A85498B,247658,res/animation/map/ditu_blackmoon.pkm@alpha.gz,d082b62f647f6f7eb3ea976945ebc578
3753D122F3EC336E9C003B6F38F277A6,1208,res/animation/map/ditu_boss_yeshenjiexian.atlas.gz,25a10d7995eb955adfdbc72fc6df9496
67EC4A49F3EBCB491C678D81B7FF91DD,90582,res/animation/map/ditu_boss_yeshenjiexian.json.gz,331616075cb80c08dcc7ef2d9c6c3b2a
C1CD0AC9BBDAAEAA027D7284BB2EB875,14792,res/animation/map/ditu_boss_yeshenjiexian.pkm.gz,d8fdfafc958c9f54b2c58248e1619f64
4020A21E1ACB295629C521105480B801,15266,res/animation/map/ditu_boss_yeshenjiexian.pkm@alpha.gz,a7e7f7b66077c7787347ce6c042aa384
1B946A170720A8212B2400ED9761F5A0,2140,res/animation/map/ditu_buyechengzhucheng.atlas.gz,03f64e098a77ce26a0198695ae18ea75
F0EB9927564EE7F73B8CABF514AD4FEF,5382,res/animation/map/ditu_buyechengzhucheng.json.gz,bf55a812516b39657590d6cfc5835fe1
3BF4029D44F2DF6D25833803B0B0E11E,875741,res/animation/map/ditu_buyechengzhucheng.pkm.gz,29d8a37716a10d7c20152c6672708ea5
0834EFF2663AE2D3FAF3C47C9C57D19E,281001,res/animation/map/ditu_buyechengzhucheng.pkm@alpha.gz,dc5a61b38ee4a9595e0cca9d34fc925f
A62108A40CDD1954C45BE7172FA2EF6A,1321,res/animation/map/ditu_buyecheng_baoxiangzoulang.atlas.gz,f019070c821c4a66ee5cbed8c855cc88
63BFFBB44EB4989EF7836D42ED398794,2446,res/animation/map/ditu_buyecheng_baoxiangzoulang.json.gz,e9b43c9b9fa44059e3a5c69ba421eb02
51F813CEDB6F19C5DA0010F59FA519E3,621016,res/animation/map/ditu_buyecheng_baoxiangzoulang.pkm.gz,c90e3f5126cacc1931a9c6b90f75442a
C9F162F2561AF9C8E99045C5854F3BDD,123476,res/animation/map/ditu_buyecheng_baoxiangzoulang.pkm@alpha.gz,af17ff4b46b94ce50bc7cd906066050b
8F6B44AEB5D8D41C542EEDC2FE9BD400,888,res/animation/map/ditu_buyecheng_bossjian.atlas.gz,4fcd95ca73834344c431a6f236d05d1a
26A889185D211CE70E34DAC16B6B62F3,1339,res/animation/map/ditu_buyecheng_bossjian.json.gz,4e523796ab5f5b5269190febe7ce2a8b
042F3A250063CAD4079CC84FA4D1A4E3,425263,res/animation/map/ditu_buyecheng_bossjian.pkm.gz,64362720fa8ccb97c6bced9b5e3ea9f9
73488A7EFF4441063DC6BC56A6AA0326,177045,res/animation/map/ditu_buyecheng_bossjian.pkm@alpha.gz,ecac06fea2b129364916818e3dc3bb2c
1A59F340E2BD4D26F23321014A16A46E,918,res/animation/map/ditu_buyecheng_chuansongtai.atlas.gz,0423effa8d8402c0059a70624a8b3daa
8E862FBA90C06B5F0F97F4FA2506122E,1089,res/animation/map/ditu_buyecheng_chuansongtai.json.gz,42138b56c8ff4f57219c72f05beaa07e
137DEEE2A8F38154BFF51A510D487A60,172827,res/animation/map/ditu_buyecheng_chuansongtai.pkm.gz,17e1b9da5b59040f5663472c48af5fb5
2B2EDFB1D1D472BD12F3B77498FEDE9B,74412,res/animation/map/ditu_buyecheng_chuansongtai.pkm@alpha.gz,400337daade13f87aa7dfc0d7a49019b
9459C116F15C08E9B5487E6019F3DB83,1296,res/animation/map/ditu_buyecheng_club.atlas.gz,cc2f4d9a5907f79d6d3a86abe728d301
2E579223C109D68669D95E81B915F153,2403,res/animation/map/ditu_buyecheng_club.json.gz,1f815f4fe5a6549a6abdbca672b1dbff
C629641DBC44C2BB65C5B87BF0D84EA9,441764,res/animation/map/ditu_buyecheng_club.pkm.gz,e9ce3ee060289c5007bdc727d3e92d72
2B9DB925B3BF2497DC9B4786D2070F99,211758,res/animation/map/ditu_buyecheng_club.pkm@alpha.gz,489c5c44ef10d4d4d4c83d0f0b762211
B8B1D999C310EAD8AEDD405AAE3D3A3A,1133,res/animation/map/ditu_buyecheng_dixiatongdao.atlas.gz,3feb3dfb50b3b7191d762d95c5f501fb
B8FE7AF250FDE2E54471C937B81AA3AA,1374,res/animation/map/ditu_buyecheng_dixiatongdao.json.gz,ed87392a7f71546f8fc34605eaa77d7f
8AEB039BDCE2452827C55F314C6200A7,286070,res/animation/map/ditu_buyecheng_dixiatongdao.pkm.gz,8a401adb6e4d2c538b9e6985cf7bf1c7
CA9CD27822517B89EB4B22A9ACD2BBE4,118368,res/animation/map/ditu_buyecheng_dixiatongdao.pkm@alpha.gz,d36f3be0d1793e04e418dbe4b39a13fb
EFB6E97CAE0E519456FA60C7C4132BA2,907,res/animation/map/ditu_buyecheng_jingjichang.atlas.gz,e8d873f266c040303d3d471fca55c207
5415099239057D6C71D0B121A0FE9069,1772,res/animation/map/ditu_buyecheng_jingjichang.json.gz,b1a795b0a90b7aff71f9fe79acd61235
C93124FDE00E8404A44485944687CA5B,440904,res/animation/map/ditu_buyecheng_jingjichang.pkm.gz,825e26411d420367493eea3b67723372
E5F71AC440EA59EE07BED063B7D559AE,206798,res/animation/map/ditu_buyecheng_jingjichang.pkm@alpha.gz,379f26ba3593a91bfac2b0e00b4d9b7a
AF92363C86FFA9859C7C7ADEAC1E1AC0,804,res/animation/map/ditu_buyecheng_matou.atlas.gz,c1af2936fe3c0dc66d47b82542503447
2DABE6842C8DD279F263879249C25757,1972,res/animation/map/ditu_buyecheng_matou.json.gz,6e4b486a15e29e37c2a4a11e2a3007c4
60C17E13C407ED550B2FC8E0B94CFE75,392597,res/animation/map/ditu_buyecheng_matou.pkm.gz,d14b609abde74180a40d3968a109d639
B05CB583F149F477219133747F04122F,92807,res/animation/map/ditu_buyecheng_matou.pkm@alpha.gz,da1835bbad8649705fd51c5033df71e8
46261FA4E2E8E40DC947F1CA5FBCD560,1529,res/animation/map/ditu_buyecheng_shinei.atlas.gz,43b6348191d49c119b3d4513982fdf6b
9509B29CABE099DF2B1A83C6B2E7D903,2869,res/animation/map/ditu_buyecheng_shinei.json.gz,af47663d0bc83fd945e388fe5fa9f433
5E56B35EF77E7902EEF814C49D554CB1,462047,res/animation/map/ditu_buyecheng_shinei.pkm.gz,364ed0a1201a79d08257fc24a8b6f912
967C695E86029EF108748D14848CAE97,231850,res/animation/map/ditu_buyecheng_shinei.pkm@alpha.gz,bfb1ea131ffed16f71e89346ecf417dd
2FA3D3B3996DC430B56CC16A859AEF86,1013,res/animation/map/ditu_buyecheng_shiyanshizoulang.atlas.gz,59d0f829694311d72fd256850b024127
250971CB9ABA40F4B611C2548517F18B,1125,res/animation/map/ditu_buyecheng_shiyanshizoulang.json.gz,1c98a869af3f2d374f825fd199356086
5BB5E935111A46F3A15C07C0835875D9,664052,res/animation/map/ditu_buyecheng_shiyanshizoulang.pkm.gz,fb97f2e5918bfa94363d9e838f51a9ee
D5B7A884C7C2D1A7CC989BCD469D9EA3,139282,res/animation/map/ditu_buyecheng_shiyanshizoulang.pkm@alpha.gz,da6476c6d6231d8753c875e1ede946cc
084CE21BB13F4D267FBB4E8C5F55DFBF,912,res/animation/map/ditu_buyecheng_vipbaoxiang.atlas.gz,f5b5ec86e44be9aae50f4752c27b3741
3E85111FA7756AC13B318B33EE92C4C8,1564,res/animation/map/ditu_buyecheng_vipbaoxiang.json.gz,15422c4976e7e5974fc7a372875960f0
53CD312F0618BB2373AA0F76B942132B,514999,res/animation/map/ditu_buyecheng_vipbaoxiang.pkm.gz,6a52e9a8725076def99585aeab515fdb
661D10FC760E5046CCCB7E62DEC72D2F,213581,res/animation/map/ditu_buyecheng_vipbaoxiang.pkm@alpha.gz,d827259b48794ef45f446996a74a737e
09884AA08CED238A58EF3BD813C36947,1919,res/animation/map/ditu_buyecheng_wuding.atlas.gz,b667b97bb0ca2716493d0886a59790fc
CCC277DDE67324CFDC3160773E085CF4,4828,res/animation/map/ditu_buyecheng_wuding.json.gz,81cd974fd24fe6b84bb5ba40688c2f09
0364190B282E8115FFFC8E6D07A43EA4,604930,res/animation/map/ditu_buyecheng_wuding.pkm.gz,b40e8badcd0d4a855584983fd7dc1a05
9EB1B751681FB8C2641FE1289F309035,228009,res/animation/map/ditu_buyecheng_wuding.pkm@alpha.gz,63875258f725d02f588501f2bce6cbb2
659B54EF1DF0586B25ECF41DC7877588,969,res/animation/map/ditu_buyecheng_yuanjing.atlas.gz,33e2561a5c17b8cfb7a36fd8ecd73d18
65848CE3880A4090661C533B6EC16CA0,1297,res/animation/map/ditu_buyecheng_yuanjing.json.gz,f697adc5bab89a9de0482803caf316dc
03268B9311DFCF3E763B8768B0464106,220419,res/animation/map/ditu_buyecheng_yuanjing.pkm.gz,487c2917e9802120f428b9ae74df100a
0C1241CB9B1CA906D05084F00C05CC11,60557,res/animation/map/ditu_buyecheng_yuanjing.pkm@alpha.gz,e4c3aab7822a9befcd62e5d6f7f654e8
53825AEAB7FB4241CD4CCA3749C39C08,714,res/animation/map/ditu_buyecheng_zhunbeishi.atlas.gz,e95e248c68d27dce474d77b513c35202
98CD4566542EB3FA9EAA809F080A2CE1,909,res/animation/map/ditu_buyecheng_zhunbeishi.json.gz,4f861ad20bc22e66de0207acb49ac677
D543B66BE3E799A12E792A630A70395E,220543,res/animation/map/ditu_buyecheng_zhunbeishi.pkm.gz,a1cbbdce5cff2fffaa9af63ef371f6ba
8E6756F0B6AB79A8719EB9EED4D241C3,78081,res/animation/map/ditu_buyecheng_zhunbeishi.pkm@alpha.gz,40af0a0d7a6f8d03829d87275caa414d
8101A34DC03B48939455F6EF3FA8D7CE,714,res/animation/map/ditu_cangku_dixiashi_huanghun.atlas.gz,2d19bbaa9aa285aacdbc49520d3bbc21
77E41CBFA57C9554A787FC03B4591A3C,869,res/animation/map/ditu_cangku_dixiashi_huanghun.json.gz,f016a4a99adcda8cfd930b7863d79155
DD123462C8678FC562FE62A37FE5A671,253400,res/animation/map/ditu_cangku_dixiashi_huanghun.pkm.gz,f0c01aa74d765b27b7ddb41a30f42787
3544274D6F0F5F97939932AA26539D0A,20176,res/animation/map/ditu_cangku_dixiashi_huanghun.pkm@alpha.gz,5cab61533eb8c03c4ab19b718d3660a9
E3B305211757CAC56726F46C23E200A3,1590,res/animation/map/ditu_cangku_dixiashi_yewan.atlas.gz,388d302be9854234628109e1d1521b5c
96BD9AC95AE8E528F181F2D4744CF758,2024,res/animation/map/ditu_cangku_dixiashi_yewan.json.gz,16debc272c389c24fe8210e53306a567
79590B679CD9C1065C2623569ACA336E,460916,res/animation/map/ditu_cangku_dixiashi_yewan.pkm.gz,5bcc025c4ba8c3389aa2320daf9e2e21
BD190D7DC650B9119BB18E354FCDD9C6,104568,res/animation/map/ditu_cangku_dixiashi_yewan.pkm@alpha.gz,2f7abffe495091ec8d4a80933776d431
B191DFBBA138896C2E2F7C24F1EA857F,901,res/animation/map/ditu_cangku_judian1_2.atlas.gz,4686032154d724a46c7a38450b6cf3e5
03BF30D924619672F8F01C144C0E67D1,1311,res/animation/map/ditu_cangku_judian1_2.json.gz,64db83f68b13fc9a1620a4fe91313f9f
A1D986B7AD17387471867F629FE0F05F,747585,res/animation/map/ditu_cangku_judian1_2.pkm.gz,c8f55aa91a82d991b7b2dbc036022cc8
CC61A24C13A6B865F966B1921C5CFD55,206892,res/animation/map/ditu_cangku_judian1_2.pkm@alpha.gz,760de75da9b8c383ff263b15c44443bc
EAFA306CDBB8EEDFFB0575E48109B5D6,653,res/animation/map/ditu_cangku_judian3.atlas.gz,98b9a24316cd879f9e68df90c6635d48
D4E365631472AE5C8244F29F250C0BD2,633,res/animation/map/ditu_cangku_judian3.json.gz,c9afbbf4ed15100c39c2fe5b3cbda7a6
FB34A7BFC34C2F5978CD6A1DB479AB7F,319734,res/animation/map/ditu_cangku_judian3.pkm.gz,ab2240b6fb0bc8964b0a65b067e3609b
4A3BEB1A456BB65EF3D1ED94788C10C3,49380,res/animation/map/ditu_cangku_judian3.pkm@alpha.gz,930f918b95d90412298c7c0683eec3c3
5F2F021627E3B49B0543FF2F90AE24C9,1456,res/animation/map/ditu_cangku_shinei.atlas.gz,748747de36419f414ef7828510b7368b
E3DA55C0CEEC4B4C30CFE4698225C2A6,1971,res/animation/map/ditu_cangku_shinei.json.gz,c3f981a8ef0532e07945b1f6d27328f7
F576FFC4B60CDF0E14A37AD7BD649897,778126,res/animation/map/ditu_cangku_shinei.pkm.gz,255ebcf592d62a915b5781832e874f3c
CF90FFC2A5AF1B4DAA950352FCE6C94C,155615,res/animation/map/ditu_cangku_shinei.pkm@alpha.gz,aa75abd372ba104ff92e06ffee091195
21346AB7A409B52D09466B5744290132,1382,res/animation/map/ditu_cangku_shinei_yewan.atlas.gz,9874101c1841086acc68728818be9ef1
B461CB794687ABB730F965BBAB58E505,2125,res/animation/map/ditu_cangku_shinei_yewan.json.gz,3e5eb5db795c192d1b37d98187f13393
4BAEE78D6C6FDFAA1A8DCAB9D1E7D418,580632,res/animation/map/ditu_cangku_shinei_yewan.pkm.gz,a8ceb49c2ed1a637e8de6acbaafb66d8
764B00F3AB393C858B82B6F17EABEE34,153339,res/animation/map/ditu_cangku_shinei_yewan.pkm@alpha.gz,651af48a51cc1092eb442d88218ae45b
58134397E80F9FC84453675F2AD251D8,1413,res/animation/map/ditu_cangku_tianqiao.atlas.gz,ddb34776b961365c5e68b7f728995a4e
DBA894E329E38C6554765AF3445B35DA,2415,res/animation/map/ditu_cangku_tianqiao.json.gz,acb8cd5419005014b8eb248710163a80
24BB88F6530AEFB239FACCEADC95FA97,773943,res/animation/map/ditu_cangku_tianqiao.pkm.gz,534d5cd2e7d42cafe8f95060d80402de
95024986092D8B9D6D6EFA412B2C3628,374439,res/animation/map/ditu_cangku_tianqiao.pkm@alpha.gz,ededc4886ccd9a16d22d8ae7129df26b
1ECEBE8D36BF7EEE7B58705D7C4A4EEC,1135,res/animation/map/ditu_cangku_tiantaihuanghun.atlas.gz,1db2ea0ed8b3ce700d4018c1b5256c6e
01FD34553E86EC922B8D80DFE4E23DDD,1510,res/animation/map/ditu_cangku_tiantaihuanghun.json.gz,cb33a574c6c9e0d72b7269da07d1684a
89E946152DE37D064135B7B5CFE8EDDB,412952,res/animation/map/ditu_cangku_tiantaihuanghun.pkm.gz,e36b8c998b57ee50eeccdbde284e2def
524E7AE4D338A3939E539D6614CBDC82,267270,res/animation/map/ditu_cangku_tiantaihuanghun.pkm@alpha.gz,3ad49c8f37f4136f60c2541ee08c2f07
FA89FD0AEF95EC2248EDE36F1C68D2F4,858,res/animation/map/ditu_cangku_tiantai_yewan.atlas.gz,efc0079b681bcc7e103b77e3f5d183ea
824B89DCC64BC68758326035262EDA3C,1224,res/animation/map/ditu_cangku_tiantai_yewan.json.gz,1f505d45f021e95b7c02e78df1b1a875
2E94DA08608A97D2FE1CED09950290E5,379619,res/animation/map/ditu_cangku_tiantai_yewan.pkm.gz,230f931a5f586d32fffe4ab73354e756
8611C263816C29693C2A6177565B2657,201675,res/animation/map/ditu_cangku_tiantai_yewan.pkm@alpha.gz,b833df164bcee3c44c592ddd69e7c967
64EB885BB8DAD3BA268311F4DA1CD6BD,1091,res/animation/map/ditu_cangku_wuding.atlas.gz,e5ad0b4ba45a7bc3286a4704a266cb48
79CAE98769C90871478B04BE55B8DFFE,14409,res/animation/map/ditu_cangku_wuding.json.gz,d154eb7b40158cc4147062ae5c4a5a57
3E7F16F09312299B9378C16FF5051019,684196,res/animation/map/ditu_cangku_wuding.pkm.gz,f602ba59ab828d539d25c72a50c20e68
2DF1762812C3DCB90313903E2DD2BE4D,292301,res/animation/map/ditu_cangku_wuding.pkm@alpha.gz,9050836ec777b768ade8435534d25d0c
4E0DD1C10EC0C33E4DBAE5F7ADF700C8,1061,res/animation/map/ditu_cangku_zoulang.atlas.gz,07626dd811917744f2e5bebc123e997e
3913F35FDA1110E90DF446B3DCFA31EE,1419,res/animation/map/ditu_cangku_zoulang.json.gz,cc4fc03628994f77e60a1386479c9690
926D367E919D541B25F2CB89916DD96C,427930,res/animation/map/ditu_cangku_zoulang.pkm.gz,81afa08b25214c25e190c343d1427658
70C86AD88AF8612F84BBDDCDCE88B376,207681,res/animation/map/ditu_cangku_zoulang.pkm@alpha.gz,03317adad1279db057867eddf1b45f18
C4A39F2F3F411F4A8D26796AE94357A0,1418,res/animation/map/ditu_city_officebuilding_3.atlas.gz,def9cb89de8dff4d3749928555c5ea99
EE52E56CD9F4B0011B372105F86A0231,2190,res/animation/map/ditu_city_officebuilding_3.json.gz,c9c3e72c0a1393e418d8b3e19a4dd199
9E8974235261047481FFF00FDDFF97EF,415494,res/animation/map/ditu_city_officebuilding_3.pkm.gz,0c7e319bdbf5512afdb3de84216d9b44
6E0B05CE1F0CF1EFE44BAD9A0DD940C5,213021,res/animation/map/ditu_city_officebuilding_3.pkm@alpha.gz,96c28f1fd74ee9ddd263f5c222d5142a
D3077ECEFAACED2670224FBB21CFF809,1175,res/animation/map/ditu_city_officebuilding_5.atlas.gz,3010bcd5242b5d7cc7220656c4bf576f
9F10AA1C7640D95480E00B1D730BFE9E,1679,res/animation/map/ditu_city_officebuilding_5.json.gz,345bb0d769063c6354a32959628bd98b
614886697EE76EE40859DB33CE045CB0,298119,res/animation/map/ditu_city_officebuilding_5.pkm.gz,dec11dec51b91aab619dc7c01aa67ce7
D9AED8EBBD5BA5EDEE1B59B91FC98543,102245,res/animation/map/ditu_city_officebuilding_5.pkm@alpha.gz,5ded34d93874195b680aec7833631d15
74F2F46451109DC7DFBEFE2952CE0C30,881,res/animation/map/ditu_city_officebuilding_bg.atlas.gz,15aa571db3c959a022f4706734c7c917
8ED0FD31BCAE0965CD533FCFACBD4BAA,5455,res/animation/map/ditu_city_officebuilding_bg.json.gz,c7622ee6d58b2237d78d8d09fafc7fbd
526B95499D069BF033347088A4669CDB,705396,res/animation/map/ditu_city_officebuilding_bg.pkm.gz,e98088a0d486102a9604f6a88e8d2942
2A28E42BB5C1D444CC2F9F8A9414C48C,265832,res/animation/map/ditu_city_officebuilding_bg.pkm@alpha.gz,f5c80fe9ccacec2971f5249dfced8734
551DFD0CE5896B2FA5C3DE484563BBB6,1214,res/animation/map/ditu_ditiezhan_campchexiang.atlas.gz,869ec05d69e5673f9ecfca1e904ab48b
415A4942DE129D2A1F9C423996210D6D,2665,res/animation/map/ditu_ditiezhan_campchexiang.json.gz,e336c5d9d228b7e7cda278cf2fd51723
9D4D1F194F0F6C9B0BB5F6CC8675DC63,310998,res/animation/map/ditu_ditiezhan_campchexiang.pkm.gz,88195b1ff9003437346898dc99d35669
EFCDB301B3D471AD1D5B4BC252994A21,59852,res/animation/map/ditu_ditiezhan_campchexiang.pkm@alpha.gz,ef273eb0d691e77a897b63872912aee2
A9A87A2096570EAFD07ADF2EC3A80B2A,1047,res/animation/map/ditu_ditiezhan_cheding.atlas.gz,5ea46a1d1f675d15f5a365186c4c59d7
B5CE742CBEB6A4469E037C500F052857,2126,res/animation/map/ditu_ditiezhan_cheding.json.gz,0549795c9346a9c35507f86fe4f3b816
A5C39644D8821329777B554DFFF032CC,602645,res/animation/map/ditu_ditiezhan_cheding.pkm.gz,1823749a36b7a2f273eb2f9be095eaf5
AD6B3BE2635D685C986356511E78D692,188718,res/animation/map/ditu_ditiezhan_cheding.pkm@alpha.gz,944dbc5144a60289d9dc749c8c95ff2e
0B5807C4A5592445E6F8B6D5C4CBD100,1577,res/animation/map/ditu_ditiezhan_ditiezhanchexiang.atlas.gz,9d231c45d4632ed888c717b7b334b59d
B78B7F6F06D88429D3159932E450189A,2590,res/animation/map/ditu_ditiezhan_ditiezhanchexiang.json.gz,a236165e841c221c32f59071ad262c9f
3DE45DFFDD5EC2E3B896A576D73E340C,522884,res/animation/map/ditu_ditiezhan_ditiezhanchexiang.pkm.gz,04e44ca0b3236244ac7658e67905447e
BDF17FEAACD07BF360DA9FB77028BEED,159784,res/animation/map/ditu_ditiezhan_ditiezhanchexiang.pkm@alpha.gz,a6e45e2e99d66cbf74ef3b032108e199
35FD095A43652BBF021B3F7E1CAF003C,784,res/animation/map/ditu_ditiezhan_huangdi.atlas.gz,5e501551a420c5818500219c9eb7c4db
B6FF6E7E18F6E17B666078D79D0F3D5C,1158,res/animation/map/ditu_ditiezhan_huangdi.json.gz,5083660630cac1e031707901ae95c432
214285B55A2ABCE16EB188E29388FFDF,375612,res/animation/map/ditu_ditiezhan_huangdi.pkm.gz,4a94229a0284ef811483bfbda946649a
B39FA5A53D67662767EB8641667E9219,81932,res/animation/map/ditu_ditiezhan_huangdi.pkm@alpha.gz,fc0ac2405f44499cfe4d6e957e407f83
3D5FC627ED44CF1418DFC8B1049C2EA2,1527,res/animation/map/ditu_ditiezhan_jiuchexiang.atlas.gz,87a9e1fb75ced69415199c74504858c8
1482569D0969CA50730150E7548A6E69,2121,res/animation/map/ditu_ditiezhan_jiuchexiang.json.gz,d65f195dfba2c8398239b613b6180520
5FFC8CE669EF3671FD7D495E70033BEA,494810,res/animation/map/ditu_ditiezhan_jiuchexiang.pkm.gz,f2c443e1c9ff168aca75e8112f1f8d87
8919B89E2F02C3D1C81CC203D88AE4E8,189904,res/animation/map/ditu_ditiezhan_jiuchexiang.pkm@alpha.gz,2bb40cb61e2b052ef7b544aef9e44200
64CB59E7209791BE1E584A97E863687E,1092,res/animation/map/ditu_ditiezhan_jiuchezhan.atlas.gz,e389d9fd3cfe064fee405b889afae1e6
07AEE357ECF9CA8FD7DFFB9CBFDBE4B2,1185,res/animation/map/ditu_ditiezhan_jiuchezhan.json.gz,77b4f6f75fe87de486e5abd1efbfffa9
E3656805871D07358813947DEB91160E,491357,res/animation/map/ditu_ditiezhan_jiuchezhan.pkm.gz,02796a151f494745de92962ccad5c2cf
D603667F5719EA060241876CD106C59D,283696,res/animation/map/ditu_ditiezhan_jiuchezhan.pkm@alpha.gz,259dd9d053ba2b072b23dfce724b6de4
2DB525B4409E3283056A64D1D36F3671,2686,res/animation/map/ditu_feixu_shinei.atlas.gz,da96726e47a208ebb4242ac70432d35c
BD2529541475EA45F90EF88CAD9A5AA8,7784,res/animation/map/ditu_feixu_shinei.json.gz,8afdbac074ca258a47b1e8da8d24a2eb
7CF92847A7A846A8B3766A5B3861A52E,729685,res/animation/map/ditu_feixu_shinei.pkm.gz,3c0e3be6a341453ed30e71226b3394e3
33F9EE11D4F46A4808FF0DA4A1886B15,491861,res/animation/map/ditu_feixu_shinei.pkm@alpha.gz,693070f28c7a0a5cb45c5377ae87dfe4
85FAFA7227E7DE74B49FB387A192BA3D,1982,res/animation/map/ditu_feixu_shiwai.atlas.gz,cc7112b046b6633b30dd14c49ec46a76
5CA5C366E6088C1F1B85D5E3BE420F11,4449,res/animation/map/ditu_feixu_shiwai.json.gz,c20e9e264c76c7c8ff00adfaa35805bd
60E168CD3D946AB17961B49D4A45EBA5,1286557,res/animation/map/ditu_feixu_shiwai.pkm.gz,7541696de037c02c9fa26d36fec1c192
5BE13D775109AFB5EFD2D5EBB9C0230E,592224,res/animation/map/ditu_feixu_shiwai.pkm@alpha.gz,90ec2657c9d37a96e89d0caeeb7efb1a
681BB11845A596B3BEF9A8768857B222,1907,res/animation/map/ditu_feixu_wuyun.atlas.gz,ab7794fe8915151407a8c90f7c360b6b
1A524987EDBB6699C4D374A4400E2780,3775,res/animation/map/ditu_feixu_wuyun.json.gz,f64dea22fff76839c2640ef110cca93e
52347DAAEAEDAF204CE1EF0B3EB2C9B9,698828,res/animation/map/ditu_feixu_wuyun.pkm.gz,f2263c322e2e5ab02ba2dfe2fa1d40f6
80E5DA74DF22EA70FF7C6FBF3964EEE1,175823,res/animation/map/ditu_feixu_wuyun.pkm@alpha.gz,542a41ba3193cb1b047e3748a685c946
BCF652E7041C202D0153CC3870ED3BDD,1506,res/animation/map/ditu_feixu_yewan.atlas.gz,4d8f17138902b521212969f89d1f6f1a
13CE0B0895EFE5451359121B23A7A2A6,2838,res/animation/map/ditu_feixu_yewan.json.gz,0000a84773a5cd0f0270d23474ea5ff0
BF92EF75D2C6BD76606A9E86BB22B18A,926356,res/animation/map/ditu_feixu_yewan.pkm.gz,0e7ddd06d3e9576dac341f38d359e2ec
D291A658EB585BA7ED86F22C8303705E,241833,res/animation/map/ditu_feixu_yewan.pkm@alpha.gz,dfb203edfdc119a525850e185953eff4
61D24DB56336483D02A206E6673ACD19,880,res/animation/map/ditu_gonghuikongjian.atlas.gz,117734cf20fc1c96abf70bf065c6c992
A01E7B6E728B15F1EABCF8D09A84DA4C,1254,res/animation/map/ditu_gonghuikongjian.json.gz,d3e534e5134f75a5722a7d79b3b87aa4
B2ED186F31D6CC153EEDD2AD1DCB83E9,445988,res/animation/map/ditu_gonghuikongjian.pkm.gz,f36eb15f6f48b6f32e1ed61843d24326
264CD8B7C310075E4B607DF3CAE75964,298039,res/animation/map/ditu_gonghuikongjian.pkm@alpha.gz,31120e3a44f40dcf54c4c19eed3dacd8
A7400F57485F11A7ED248A6B20FCFEEB,936,res/animation/map/ditu_gongzuoshi.atlas.gz,98e619ed6ca6d81d69a8eafff58a746c
42005EDEAF8E2DAF5C70DBA34171F7A6,2177,res/animation/map/ditu_gongzuoshi.json.gz,756a7efe3f7be569014f80059df434b6
268FE5DD9565B9EC14F985439D8B2EC7,403351,res/animation/map/ditu_gongzuoshi.pkm.gz,ae5250b0be9d5f9c531eb1c4e4e1fc34
FDC7E88AAC1C3E4736966564510B8156,113075,res/animation/map/ditu_gongzuoshi.pkm@alpha.gz,21ce1c5719ac3371532064ba0a62263e
9F18BD1392C52E7965EA40A3C4AC4699,1881,res/animation/map/ditu_haishangdaqiao.atlas.gz,d1f92263e39c7d2a304c6e87c27b8ea9
D17874166DEF71E2D3CEFC7651AB0761,10870,res/animation/map/ditu_haishangdaqiao.json.gz,ff9611dfd085ecaffdda7d4823bfcce4
6017B92BF49A2E62D6A6631C9142DFDD,1189624,res/animation/map/ditu_haishangdaqiao.pkm.gz,8a3bd9ced9e2cfb8021f4dfcd850dee1
FF7E4CC2519F005119C62373496109E8,360002,res/animation/map/ditu_haishangdaqiao.pkm@alpha.gz,f5dbc9b54c04f9d5d67a9e445afb1482
C8DB8F010EB03766D064456ECA7F9D1E,2011,res/animation/map/ditu_jianyu_zoulang.atlas.gz,22748cb8c3096c1dfc94cf5ebf1045f0
A64155F665AAA980792F3FB112CC6785,3700,res/animation/map/ditu_jianyu_zoulang.json.gz,14fe417ad9efa3c07e8b63bfcbb643e6
4DB365A82E7A2C3162363F134B8300B6,724099,res/animation/map/ditu_jianyu_zoulang.pkm.gz,56ff5880459f6a3934660637c6802f73
0E16DC6FD2304284B0D90890621F8772,261795,res/animation/map/ditu_jianyu_zoulang.pkm@alpha.gz,50d9e96a8b36ba054427ce06b2e7f2f6
3A9B5CB5AE92DAE3568C47BD0170BBAB,1158,res/animation/map/ditu_liangongfang.atlas.gz,58b32da2594da9a143a43cc341bc4307
7C0A3BC6FE4A701DB80AC4CC8D16D587,8927,res/animation/map/ditu_liangongfang.json.gz,21e085e310b1e7b32d7f282bb4b58f02
70555B8F73DDE8E3D69586D3558AEEF6,356197,res/animation/map/ditu_liangongfang.pkm.gz,d78751f152a0d76da1da883e32a5a089
F08249531C74DFCCEA3DE0ECFE7DCF6F,60682,res/animation/map/ditu_liangongfang.pkm@alpha.gz,23ba6f1504acae61e44cb5e8b7454b77
E4C0FCA7E1785EF4D9B0608C26545C8A,1016,res/animation/map/ditu_liangongfang_zhandou.atlas.gz,4a741f2bd77d46abcb30e5b47ae2610e
F886C0E493B3EA4924D07C0C7985797B,4839,res/animation/map/ditu_liangongfang_zhandou.json.gz,6135695c9112d5e619ef4fa1ed74c3aa
8253E3A107924FADB9CEAE9ED633B084,331023,res/animation/map/ditu_liangongfang_zhandou.pkm.gz,6e214131934214c4916507478b0b56b9
843F779B1DAD33B17E9EE1BB130E764B,54404,res/animation/map/ditu_liangongfang_zhandou.pkm@alpha.gz,93b698dc3afc4f5e8cadcd20324a8d4e
3D426D2EFFB5E8CCB6FEF1E2526CD0DF,392,res/animation/map/ditu_running_daytime.atlas.gz,e858fee59d46a1b9aa4f8db622736b19
4C4E80B41D390E590521864D0AEDC193,1244,res/animation/map/ditu_running_daytime.json.gz,87b26171338e426f3e388fb8595795f8
B35405B3AC7C62F91326D431609AC157,72642,res/animation/map/ditu_running_daytime.pkm.gz,d9f7153982c675a48ff0a4fb47cab9dc
660D69325FF1A6CBA78AAF01140FBC07,25493,res/animation/map/ditu_running_daytime.pkm@alpha.gz,14ceadfeef4aad3105d49d9ebfa724e0
485A1941F2DC1356116EE823A0B9CB89,2108,res/animation/map/ditu_shangyejie_anquanjudian.atlas.gz,1c199015097bb72e0cee90dc9a09849c
E6D201D9F570238286786E2CE34538BB,12477,res/animation/map/ditu_shangyejie_anquanjudian.json.gz,1514bee2121c5d24b8e68050c7bdd006
9FA3DBDDC795F91CE4946974DC46F508,1205557,res/animation/map/ditu_shangyejie_anquanjudian.pkm.gz,f280f3d13bcadd8f88392a2830d06244
7C5CD7FD22E7244D01733E06606DE123,330003,res/animation/map/ditu_shangyejie_anquanjudian.pkm@alpha.gz,786e6491aa743112d951b54961ff5c99
6E6B4F38D30877139E85907194B5AD93,1772,res/animation/map/ditu_shangyejie_buxingjie.atlas.gz,c9cd5a383e3249fe4fa6eb987794a547
BE7221D759E5DFB3F366E7C228BE78D1,7710,res/animation/map/ditu_shangyejie_buxingjie.json.gz,4e173d83ed6c7979d37cd40027a3cbcb
B805B1D03297A33D7622F57FF1FB25A1,847286,res/animation/map/ditu_shangyejie_buxingjie.pkm.gz,0b76f4099ad1f046312c29576708763f
6E3CA002B4560C9D989461E85CA08970,287847,res/animation/map/ditu_shangyejie_buxingjie.pkm@alpha.gz,ed909a431a503878ffc49cb7eac6acc6
94AD259614BAEE7A5B878DCF4343BE74,1046,res/animation/map/ditu_shangyejie_jiexinguangchang.atlas.gz,234e7e1e3ada093ab899f80929955ae5
D5DB631EA57CCA884CE1C127D65C309E,3298,res/animation/map/ditu_shangyejie_jiexinguangchang.json.gz,4e8ebe0de528d08e7618d92f5270ec2d
69A442AD4475F798BB0F0F1FEFA16D78,462817,res/animation/map/ditu_shangyejie_jiexinguangchang.pkm.gz,c4d7d0c8df398bb668bf636ef4a342f8
B438C79611F17CAC6B8498C16AC127CC,156595,res/animation/map/ditu_shangyejie_jiexinguangchang.pkm@alpha.gz,a4cf979ba45fef98f2f31d6149b16368
AB821A31871424C7B45F7E2F9CC2D833,826,res/animation/map/ditu_shenmikongjian.atlas.gz,bec0e26ed6bedb9acf5ec98f1257c205
FDC7C515806AF8100087F1B9860BCBD7,2297,res/animation/map/ditu_shenmikongjian.json.gz,21beb671f75c3c4c11512798928e895f
C6DF699D68D048AB066991749028922B,75670,res/animation/map/ditu_shenmikongjian.pkm.gz,134c46f9487d0acf315cacb18449e826
2E25B19AC60A0923CB98C5B653D69439,118684,res/animation/map/ditu_shenmikongjian.pkm@alpha.gz,85dc32ca4318da1fd30d03ef9f005a45
B3738F135B1D49A5BAB59AB35B1B93E3,1549,res/animation/map/ditu_simen.atlas.gz,310538b36b6085f5ea51b2336fecf234
318217901CC782386D9295FE29002C17,27889,res/animation/map/ditu_simen.json.gz,df5c88c59df3fe734ab8ef3d1445406a
6CC500CC5F02E03202B7B3FFD25EC655,110481,res/animation/map/ditu_simen.pkm.gz,e85eba7a7aa76638b01c3445b96ccab2
383234DF5EE3BE7D673DFC8267590E84,116806,res/animation/map/ditu_simen.pkm@alpha.gz,2030aa0cfb21f14841aeab00ae618d72
E2D2E87082674A3C62089101AB66F915,216,res/animation/map/ditu_tx_color.atlas.gz,a912cbd37282a17f42e70cb39dc80ba0
F644D15B34C156FEED8FDFB6785F2687,452,res/animation/map/ditu_tx_color.json.gz,9c0ed30c0e351b4fc04d910b01dae8ae
91639B69536DEF91DC1BA9EC2AE2B592,287,res/animation/map/ditu_tx_color.pkm.gz,6c6cbbe94cbbec9f1d22d8806139c1b1
8DA5BBEC1002533F6FBF04F4FF4F7FE0,287,res/animation/map/ditu_tx_color.pkm@alpha.gz,6c6cbbe94cbbec9f1d22d8806139c1b1
5CDE7FAA5E00B4FD1022DB09E5A42A1A,2262,res/animation/map/ditu_tx_fire.atlas.gz,241cb303c4e9efcf2693d8235a95f3e4
B2FC9958E5D819E179951C43A121F1FB,7897,res/animation/map/ditu_tx_fire.json.gz,9154a322e4b0c6d64630aa7de88d1fdf
57F155A4887233817DC96D6B17D44D76,153210,res/animation/map/ditu_tx_fire.pkm.gz,777530d61df681524898a00ef1052f85
158E3B904F319AB93869D5348D772C68,152566,res/animation/map/ditu_tx_fire.pkm@alpha.gz,b183bd8aeefd43065842bef786903bdb
F9FA2109910699E8EF75E36468224F12,268,res/animation/map/ditu_tx_frog.atlas.gz,4021aa0e516baea580d719e9481ba8dc
7EADF15FF80010CD3C5C95EE0DA60E21,2731,res/animation/map/ditu_tx_frog.json.gz,d241fab6bf505fc84ab27210a0ff8bdc
27DC2E74A2B71D095097CA80AEA60A2E,7843,res/animation/map/ditu_tx_frog.pkm.gz,7552929a5e4d698b436a087dd1394cb0
1FF4D6AA86184A03F383238AA9AD46A7,6067,res/animation/map/ditu_tx_frog.pkm@alpha.gz,9406b7bec24a5a0ef012092f906654a7
B3012D6D29EC14D5A02C4DFA874F07A4,2180,res/animation/map/ditu_tx_heilizi.atlas.gz,7fbb5c072953beb92b9af53643b964da
3CAC513A64C859787972477D97FF88F6,7916,res/animation/map/ditu_tx_heilizi.json.gz,4cc5c11131486629b6bac468939a0880
5C8F80DD3D45548A2F955A541626B2B4,5263,res/animation/map/ditu_tx_heilizi.pkm.gz,1252e6dd04d401055da2e5803a2d8ef3
976885198A387FB1CBE3CDBA4322C7A0,20611,res/animation/map/ditu_tx_heilizi.pkm@alpha.gz,42588014c51e7647478c792b4eb456b4
104003ADC397BFDCFA6FEFC737CA938E,1099,res/animation/map/ditu_tx_heiqi.atlas.gz,7ab7e46bd142e5b81f65fd23298ac418
7C497B2FFDDFBFEE6DAE9D810C01C118,1803,res/animation/map/ditu_tx_heiqi.json.gz,5db34186d8f2766dd7b6870521c53f27
582CC29F3F904C2EE9B0A987D3C456BC,31173,res/animation/map/ditu_tx_heiqi.pkm.gz,7d26d70e36d223b3862d3d7714b3d2f2
8A25D3AE86DA758CD12DAD6AE97BADE4,175974,res/animation/map/ditu_tx_heiqi.pkm@alpha.gz,5c151073cae4dbb31ac8b3a5987e2cdb
EF884AA19DF19AEB34BFFBBA7218A7C1,470,res/animation/map/ditu_tx_loudao.atlas.gz,5a70b572822ef2aaa677f08ea5b47ce5
D3D1AF1CC8E4F0D5D537440E295DB61B,6750,res/animation/map/ditu_tx_loudao.json.gz,2f01d2e35350b08739fc406110891628
DEF858720FE74F67CCAD6E4E03277750,88260,res/animation/map/ditu_tx_loudao.pkm.gz,515f6b51c091a30c118a5f0cd5ed70b0
3C6F8F2EF9B97FDB8A54BD0D8D547629,52778,res/animation/map/ditu_tx_loudao.pkm@alpha.gz,fb5110da79f145c99b477a31c53bc68a
B26799A0FC8AAB0979EE5CFCF95BAC26,602,res/animation/map/ditu_tx_niao.atlas.gz,e5de163159208f7c7e551cef60c729e7
D5118AE9BB6009249E1B443D7E2D98E4,1415,res/animation/map/ditu_tx_niao.json.gz,1758220016e3a5ad69615a6aa816de33
2050DFB0790B6305CCB25EB40B2112B9,4073,res/animation/map/ditu_tx_niao.pkm.gz,8265a18611b4ff0458e7263ea8e6df0d
FEE06A90024CFCF2621237E24EE1786E,4627,res/animation/map/ditu_tx_niao.pkm@alpha.gz,c67c3e5763206baff8b17cafbecd5895
D220789FDDA4DE865F89DAD9BA0A4A44,262,res/animation/map/ditu_tx_smoke.atlas.gz,39f32666fb25e07a384308d153a4e060
67170BD6101A658E40567DEDBCEAED8B,4599,res/animation/map/ditu_tx_smoke.json.gz,2ca3a267dd5f996ede7d01a67f8733f6
12AEEA5339CCB5F58F000BD4186BBF9A,7509,res/animation/map/ditu_tx_smoke.pkm.gz,2e2a7db430bc42380b357148abe69df9
7717CD2CFABFF4CB0742FC595E9E2372,7977,res/animation/map/ditu_tx_smoke.pkm@alpha.gz,c5c3ce0bf93d30eb51be18f30acb00ca
35EF437A88AE80C66FFCA5ACD62475ED,322,res/animation/map/ditu_tx_snowy.atlas.gz,3907656e041b00740c19c9cd6ce7a0c6
5BB99F482DEC7E3893CDCA1EC9FA180B,892,res/animation/map/ditu_tx_snowy.json.gz,5effdb84e4b46b6b4f11917eeab01c2b
16FD656A9CED8389B48E08EB896FB7A5,66387,res/animation/map/ditu_tx_snowy.pkm.gz,9ba0989da4414c08a08d4a3c920614d2
2BF383A516BEF771587A14B189D369B1,35011,res/animation/map/ditu_tx_snowy.pkm@alpha.gz,a974a7e850fea08118f78091f43f2f23
E2896F8BAC31700ED0B1EF057693E106,356,res/animation/map/ditu_tx_wuyun.atlas.gz,f33848ea315147d811c5ad1b5e725d1d
C35F29660C7B61990066E4F866F19C4D,771,res/animation/map/ditu_tx_wuyun.json.gz,e7309599a34e13fafada72638901ffc2
17BF1772B32C6F9A4D7046A1738CA2AC,11150,res/animation/map/ditu_tx_wuyun.pkm.gz,7312894d865c4ae7da7686860a8166e8
60B6731F031D0C9B9D6EA7AFF12D535F,20969,res/animation/map/ditu_tx_wuyun.pkm@alpha.gz,537685ae82f3b9774271ad2566f688ed
30C5E86EC89834D7F8CDECD46660CF5B,1851,res/animation/map/ditu_tx_zhenya.atlas.gz,764ab2318946b384be58ca750142e51c
E4AF00A7E326D9E18D9B85A7201CE625,7383,res/animation/map/ditu_tx_zhenya.json.gz,7acccb31b3696ca143e7ba3cc0121376
E7691911FDACE2FC6960FFDDDC092BFB,120896,res/animation/map/ditu_tx_zhenya.pkm.gz,4311ec13eddc7ec1c66c0f10b7333c16
8A8E843D2CFF4D1A6C513D7114740C27,152681,res/animation/map/ditu_tx_zhenya.pkm@alpha.gz,c6f0f9ae2dfc0f801e8241d9e4774e93
1790A78F710EE662936D54E4075F9FB7,1139,res/animation/map/ditu_xuanren.atlas.gz,db968769bc79e93eb366d4c1e291b5d6
89656B10333BB91CB2F4549F9D6790B9,11373,res/animation/map/ditu_xuanren.json.gz,d69bc4110929c3c7ae21bb413c803732
D50C3EBD0F823BA2D4E733BD4E9F2824,1266963,res/animation/map/ditu_xuanren.pkm.gz,406dd66c7030e66894b08e1d35b3fdbf
D243ECAF7A119F6564BF7A74C3C16E2B,583401,res/animation/map/ditu_xuanren.pkm@alpha.gz,9db3bb9cdf1f33ea42337089922a68af
421A79E1C3150433CC963C8E4745251F,1409,res/animation/map/ditu_youlun_jiaban.atlas.gz,d6ead9441dd6a352bb577fcdcf978880
2CA81B2535114B55F55A368494196AD3,3650,res/animation/map/ditu_youlun_jiaban.json.gz,2b1d2d347da323ba5644ce6d089d6fb6
3FB169A9EE9EB12D0DB7E194466EADAE,290660,res/animation/map/ditu_youlun_jiaban.pkm.gz,2de07dcc9b1b2d96a7c69178260040a8
E38E10019087B8F3CD201CCF55301DE6,150985,res/animation/map/ditu_youlun_jiaban.pkm@alpha.gz,acbd9fe9477e9dbe8fe786a22a7ea7c5
4247FB41302314D8C255A98126DE3F27,1065,res/animation/map/ditu_yuanlin_digong.atlas.gz,7b461fc4a5b5c9373d0647737772fc3c
254BD38A5A1D78E61AE0FE0E152BB00A,2096,res/animation/map/ditu_yuanlin_digong.json.gz,3acfa2ecf554a8ad170ff2f58ce039c7
D07029452221D8B71918D21DC4F81519,549728,res/animation/map/ditu_yuanlin_digong.pkm.gz,040869cfce54e4c1b2782873b46b1a04
DCE8C962F3FEB5F96480BE7C513DAF9D,150677,res/animation/map/ditu_yuanlin_digong.pkm@alpha.gz,815f8da0348134b078e7bd80c1f3f8e6
6E25166F04C6AE3BC6B3EAC7BDEB47CC,804,res/animation/map/ditu_yuanlin_green.atlas.gz,b56090e8e31fbf3e9e4957388ddc3805
084A799AC33488C1C97461250A06229C,1442,res/animation/map/ditu_yuanlin_green.json.gz,159ed1275bd0064fe0c7baef11a841fa
45F6F91DF46B74D47D351F76DA6797E4,257095,res/animation/map/ditu_yuanlin_green.pkm.gz,1ea0146d3bab1a9f611e38a4908346a6
02AE106854CE65F1BEEF18EB2230265B,156851,res/animation/map/ditu_yuanlin_green.pkm@alpha.gz,bef25ddd72c159d02a0d18ecede69b2d
7B66CA6BD0C1C5BAB46BAC527B328AA1,1242,res/animation/map/ditu_yuanlin_maple.atlas.gz,0b6d48fc9303c0a971a34c3c88610772
4D9E55639D0023F3734A37773BB7D928,3993,res/animation/map/ditu_yuanlin_maple.json.gz,a63e65f2c2fabc1312170760e957dab7
D93E81857ED3BB8CCCFC41CF385312E6,470652,res/animation/map/ditu_yuanlin_maple.pkm.gz,7b22329506114079c51585866aab98ee
E613050903331298CF685F8EA67BACAE,383011,res/animation/map/ditu_yuanlin_maple.pkm@alpha.gz,f50bff3d4ce27db88ca6673ae8515719
80220EC6F3BD3E92276F1FBE3D70FDE6,803,res/animation/map/ditu_yuanlin_tielong.atlas.gz,3fa59301117c2a26e7d7890235b5fe90
8B3AB3EE59E1547E1AC644064BD4A01E,1462,res/animation/map/ditu_yuanlin_tielong.json.gz,b42e08b3132f912e568f16366f4619cc
11E82219D84F50029B880CFC593C7A51,257479,res/animation/map/ditu_yuanlin_tielong.pkm.gz,711f8e18bd26ffc9cd219d9251285e74
A9434C9C28D60ABC84614BC5B11FAB17,140536,res/animation/map/ditu_yuanlin_tielong.pkm@alpha.gz,4641276517a28a3cdfaa2e63d8a435a6
712EA3D2AE06F2B33FFD544E9F5B4490,583,res/animation/map/ditu_yulecheng_dianti.atlas.gz,8e0e719f9898db53d2642cb3d8555e0a
4302FFCB6253065A6273CB9C94F9828D,845,res/animation/map/ditu_yulecheng_dianti.json.gz,c3e04ee0c6a736e8eb885e4e05ce3422
490496D96D4DE694CF2EA8C8FC0B9FCC,129524,res/animation/map/ditu_yulecheng_dianti.pkm.gz,da5b8811172d9db1b15e3946354bed1c
6BE9693FD00312DEEAA4961A85B397A6,40101,res/animation/map/ditu_yulecheng_dianti.pkm@alpha.gz,f3c48477f06c5c4dda93197e6726b9f6
9DB6A2D19C5AB100068763DE1BB1EEBE,1214,res/animation/map/ditu_yulecheng_dixiashi.atlas.gz,3da768451360695d5e8f613132347026
4B7F8123FAECA37E9E9E35F2E162D396,2975,res/animation/map/ditu_yulecheng_dixiashi.json.gz,ac8b3a5724b2b5288f5bc0d281837154
28220E6755994AE9C07AA700C065C12D,339459,res/animation/map/ditu_yulecheng_dixiashi.pkm.gz,f772cd8210c271ea1300d890f807797a
B62317E4D3F68C39807ADA50C1F589F4,140350,res/animation/map/ditu_yulecheng_dixiashi.pkm@alpha.gz,284e153c040775a5b5d210a8351bb66d
8E485D7B02437E34F8880D1A5B7051B5,1264,res/animation/map/ditu_yulecheng_golden.atlas.gz,1bd3f94ee0ac3c8afaabb82b08ff0613
CD55DEE20D53ACD84CCA7B6B5B2966EC,3471,res/animation/map/ditu_yulecheng_golden.json.gz,91db71c57db28e4fd4abf3be0fcc34ee
E3A6937AB48CE71CB5904BADDCA02B48,857760,res/animation/map/ditu_yulecheng_golden.pkm.gz,17f0c819184118bf8726dd2cc8d257cb
919B53BE60B42FFDEC0ECF2B3758C90F,365773,res/animation/map/ditu_yulecheng_golden.pkm@alpha.gz,8f4a45a0cb9d1066cc77a7dc601c4c18
F5FD42E9520D2FD2A14AD333E3D88B90,1740,res/animation/map/ditu_yulecheng_green.atlas.gz,378e388256a1ca5405b93a93e57fc436
BAAE69398EF00EE9FF3FAD615C013C3A,3850,res/animation/map/ditu_yulecheng_green.json.gz,1381b2e68533c7cef947eb7f44c249a8
F7063250A7C27C15AD50A79C42881A5B,725063,res/animation/map/ditu_yulecheng_green.pkm.gz,22a7927609da375ba10f4d99b3da20ae
6201BDC2A87BE92286D18BBB863A0E84,282526,res/animation/map/ditu_yulecheng_green.pkm@alpha.gz,f8ba43f9d3c8f81205ebd1860a160a73
70715117D9942F59735691EE2671B75C,993,res/animation/map/ditu_yulecheng_menkou.atlas.gz,8898591439d74e5ee1c5a66eae6aa0eb
E80BABE1F0C44655B662620C5BF81D90,2472,res/animation/map/ditu_yulecheng_menkou.json.gz,9a188b94b1483e1717a2d710e458ac71
64A7B57CE81E160E08544A45C56E7805,560765,res/animation/map/ditu_yulecheng_menkou.pkm.gz,17dcbb483d3fadd8c02ea769a596660f
28773A3BC32C3A2062D0262867CB080E,194216,res/animation/map/ditu_yulecheng_menkou.pkm@alpha.gz,781f7ed218e79d769ef08c74dd60802c
25F8E5C71D32D806BB50F49432C0DBBF,1691,res/animation/map/ditu_yulecheng_purple.atlas.gz,24161bbd2116b51cacaf513817c98c25
B4EC032553AB24D124614F8C701A1127,3825,res/animation/map/ditu_yulecheng_purple.json.gz,84814f85425730eaa817cecf71e126da
9DF808F675A4EB2768151EFFFCEB3EA1,573648,res/animation/map/ditu_yulecheng_purple.pkm.gz,cbb92e7de5b03d11524af4fec80d26af
334F2916BB42F42A0137604DBDC9CA4E,250760,res/animation/map/ditu_yulecheng_purple.pkm@alpha.gz,6b75bb7fcf26fb8ca94ad62edd2d4582
68F5210E8FF380167D189005F647AC40,1673,res/animation/map/ditu_zhongta_daqiao.atlas.gz,572fd66813de0e0f96d7fa2f25520cc8
CC61D5072F9FDA0976377497B404B63E,4189,res/animation/map/ditu_zhongta_daqiao.json.gz,fd2b7b7f8156103c47f505bb33afcd69
517F50C51344BE0D58A83EC14E3D92AC,646473,res/animation/map/ditu_zhongta_daqiao.pkm.gz,a4f4fc020b4915166bb7c127358ad502
6F054B05E8F739A0C81A7013796E1175,202435,res/animation/map/ditu_zhongta_daqiao.pkm@alpha.gz,87ed91c83959e63f73dce700bd357bde
F63CCFB09FA302A29950C910A68C37CF,1180,res/animation/map/ditu_zhongta_diantiwaibu.atlas.gz,81f8c3b06f10b1e25937a3117c34582d
8A31E917900BFE9852A8169AB8DA936A,2919,res/animation/map/ditu_zhongta_diantiwaibu.json.gz,b40a3776bd9cc60a0dccfb79dc245ed0
0D655769C6EEF36EC6188560D2DA0554,477650,res/animation/map/ditu_zhongta_diantiwaibu.pkm.gz,ae7f2a61ad5f2af2496659beb8ed1d68
ECF7BA0ADA16FE631F5C66AE4E23E130,211827,res/animation/map/ditu_zhongta_diantiwaibu.pkm@alpha.gz,0cc921e9988c43b99fc835d162368f31
DA539E7923EEE4441844899AFC7E9889,1249,res/animation/map/ditu_zhongta_kaijiachenlieshi.atlas.gz,ce2a17c5b5de545dbfa61a201c78bd14
2135614B1B01A704404475FA97A9B924,2100,res/animation/map/ditu_zhongta_kaijiachenlieshi.json.gz,e0e312cada00f3e57e47b4b1daebab2f
318EE340757356B3BB1A3D055C5EA6B0,348051,res/animation/map/ditu_zhongta_kaijiachenlieshi.pkm.gz,b6906a3ffc19e61c6dcb6a0ba200800a
3C4CF3183A199C5F8AE54FD2B5D160A8,182011,res/animation/map/ditu_zhongta_kaijiachenlieshi.pkm@alpha.gz,5b33cf02c393c9ee5b140e34d09d9d4c
89883CE0A514BE77C1B41B3509A581EB,852,res/animation/map/ditu_zhongta_lengbingqichenlieshi.atlas.gz,9077b4d22038cfbdeb486b6e0c33b8d2
675FF43233C1CDD00C5677BD9DDB8948,1489,res/animation/map/ditu_zhongta_lengbingqichenlieshi.json.gz,3c803b2097838a08a85cb7ecee04afb7
ADA6F549C49A2CBB92DD73CC7BAAB87E,197631,res/animation/map/ditu_zhongta_lengbingqichenlieshi.pkm.gz,63d363916c0234e47e71bd123158b3cf
E9251D6A28FDAB09F64F54DFB1FA97B0,43710,res/animation/map/ditu_zhongta_lengbingqichenlieshi.pkm@alpha.gz,7bfe810453bcb88706758ad563c8873c
CF564CA0A46E3B11A6A501F5914AE3E7,2101,res/animation/map/ditu_zhongta_lounei.atlas.gz,8c4f94edfe197f88ab4967bd9965e732
EFFD71E91F1CD049CC58271D4E93C97B,6629,res/animation/map/ditu_zhongta_lounei.json.gz,3940844c25c3db9f873440f805d4895c
C296276735383EDF199518D36B8C71FA,486945,res/animation/map/ditu_zhongta_lounei.pkm.gz,5b3a9928e703d774ef58d332fa43b3ff
744A7496F7CA38633A4A70401D115177,307960,res/animation/map/ditu_zhongta_lounei.pkm@alpha.gz,2f0e57d110bf2eec51d9458fb9f70d50
BD196BB72476946A3ECF2B21ACF06DC2,935,res/animation/map/ditu_zhongta_yishupinchenlieshi.atlas.gz,c435f8a2aa5316ccd266800556c4d4b4
75F598300041413FFC2193B4A72FF820,1678,res/animation/map/ditu_zhongta_yishupinchenlieshi.json.gz,be3fdacf0628c82581c609466bd1ed28
A63E62C99527FE5303E771DF5A548768,274039,res/animation/map/ditu_zhongta_yishupinchenlieshi.pkm.gz,7abe622269304499976bb125fd2f02ef
CDD17525892FFF780B15C86F353DC1A6,121021,res/animation/map/ditu_zhongta_yishupinchenlieshi.pkm@alpha.gz,fc9535d5a5895c56324706e1b4ff475a
16FDCE5B4E08C9BB097EBA27455F09A0,1197,res/animation/map/ditu_zhongta_yishupingelou.atlas.gz,7c488cb1afc4b7dff81a29221cb8c8a8
1DC06DBF64DDCD3EC3468E87EECF9F8B,1681,res/animation/map/ditu_zhongta_yishupingelou.json.gz,a7815807a585c7aed5d212cbc4632c71
4EBE7B550FAF03501DD8896CD8CD4A72,320554,res/animation/map/ditu_zhongta_yishupingelou.pkm.gz,d07a74877a71b07037e458c140ce3016
565B44DF5794FB49761B5B0C4A31F4B4,181776,res/animation/map/ditu_zhongta_yishupingelou.pkm@alpha.gz,9c32ebf056e6a9e46ceea20c53edecc0
0EC9FA2B5E41118D55B2C518E9422927,1393,res/animation/map/ditu_zhongta_zongjiao.atlas.gz,d13a3ae1f077eebd6c55f3844836d3c6
4094E20E39B375E12CC02FB75B65B97D,2462,res/animation/map/ditu_zhongta_zongjiao.json.gz,74270da737079e4a4957a92a00c8fe27
AEEF8BB120BD995BCAA51EEF7ECDB256,569968,res/animation/map/ditu_zhongta_zongjiao.pkm.gz,8bf2ace87c80549669b381c4225b98a3
56BAA0187241C48ADD0EF6AE6A6DED0C,271792,res/animation/map/ditu_zhongta_zongjiao.pkm@alpha.gz,1e2bd58d5456133954cda62615164848
5F049C6C73BA17BEAEEF52FD8C4420C2,1770,res/animation/map/ditu_zhucheng_jihuiguangchang.atlas.gz,a4f451fdde791880cc8eb3bb79ba59b0
2E131F9D5B9DA7988AA59951B13D18B5,4199,res/animation/map/ditu_zhucheng_jihuiguangchang.json.gz,144dc9b0df97e94100d998aa8bda303e
1FD75A9E4E97D80FCC45F4DBD28F648C,639070,res/animation/map/ditu_zhucheng_jihuiguangchang.pkm.gz,eea2a0a470d427b48db1cb08dac007dc
DF14BA42C39BF53D5DF0185997FEF3CF,266959,res/animation/map/ditu_zhucheng_jihuiguangchang.pkm@alpha.gz,e79ef564bbca1243fdb262f12b26f030
A578F420C16ED37B59E8A310820DF96D,1360,res/animation/map/ditu_zhucheng_shenxuan.atlas.gz,9940c19c56db7661c499937d03879642
566E0AA8F47F59BDF4818FAA39531DB5,2776,res/animation/map/ditu_zhucheng_shenxuan.json.gz,5e5aeb7322d9870923ad12d607a82dda
8061917C65A035D94B294E38A9E8C84C,612137,res/animation/map/ditu_zhucheng_shenxuan.pkm.gz,9509face89a36dcec83834f48f895aca
135FBBD81260873B941DF65D90C1429C,146247,res/animation/map/ditu_zhucheng_shenxuan.pkm@alpha.gz,c3c1a3302d157662ca5bf86146943752
5A5F17A2648655417629C549B02AF484,929,res/animation/map/ditu_zhucheng_tingjiping.atlas.gz,ca63771e9342016592436bc5dc48461c
C3E132C3C78DCFF34B59F21EBBB6FD97,1252,res/animation/map/ditu_zhucheng_tingjiping.json.gz,641fd1bf91bb22ac82023355d2f74a99
E76397A6827B3A1EF856108DA595C8DE,438575,res/animation/map/ditu_zhucheng_tingjiping.pkm.gz,e9bc694c2ba3afb672a5127a22701d95
CECE9B1383A5FE9CF5DD09C5FD3B26B9,112737,res/animation/map/ditu_zhucheng_tingjiping.pkm@alpha.gz,c0054c28dac75c475ae6efa24ef52d46
704ACF49E0419D26B9FB787165A7CA08,1724,res/animation/map/ditu_zhucheng_xueyuan.atlas.gz,15df58f936456039e0add5e4d3a0a28a
E78D503F06C162C071E1E250CAABF1A7,10703,res/animation/map/ditu_zhucheng_xueyuan.json.gz,79b590b4e7d1c299ded6729d1acedd49
B7A9381FD4510CB0CDDD19D8435DCC25,959049,res/animation/map/ditu_zhucheng_xueyuan.pkm.gz,864625e4542274b1217ec2c19423daae
4D12AD9816BD7039A35DFB856719A233,338881,res/animation/map/ditu_zhucheng_xueyuan.pkm@alpha.gz,39faf32e1b69d949ae8d043633e85c28
6C81CBC936ED7E035F84CA6419F984AE,220,res/animation/map/skillactroom.atlas.gz,e348703b1076173b55c758ad4565c158
9E35BF34D7FB3517400C0C3DD1027AD2,244,res/animation/map/skillactroom.json.gz,c3c74a8bb8b220ca15ce8bf8c4b175a3
F5118BE651E296D2E3FA524542B96713,163032,res/animation/map/skillactroom.pkm.gz,272d32bf59b0dc73523aa34dbe8ec136
EE5AEF4D42D0DCA0CB462663977B97D5,2069,res/animation/map/skillactroom.pkm@alpha.gz,f46028a633898b16db19744ee33df528
A9C77EABC6D7A731B62445B08B0FCFE0,437,res/animation/map/tx_camp.atlas.gz,96774e592983bee2041232d974458a93
11AB1D22FFD6F4C5517D43A7882A3BEC,807,res/animation/map/tx_camp.json.gz,a938f02fcd0c5942a3bba654014e855f
2A80AE33CC8896E2F5A6A2F75F338EA1,19103,res/animation/map/tx_camp.pkm.gz,a1073631f581b6af0f3eeb7f5d0d4d2f
244D599F5670248C7657F05A54B64A2F,9421,res/animation/map/tx_camp.pkm@alpha.gz,6c75dbe69def584ff9c86ff0a286c58a
20FCAC83C7A1EB25046A589FDEF9E338,576,res/animation/map/tx_rain.atlas.gz,40ed5f18b7435a40e7c0427f235689b4
BB252C2CC0AA916BC8F7B3092DCB3C6D,1162,res/animation/map/tx_rain.json.gz,bea75fd60875a4713a6fb7a232272356
73C8416402341B7FD71A37AE119BF3BB,17739,res/animation/map/tx_rain.pkm.gz,87d003187e62d11f8748ca5f030035ff
0B2FB66EB1EB55F51E85EEFC46D3C6D8,16971,res/animation/map/tx_rain.pkm@alpha.gz,f053d15b75b3a018a116f2c5f3795704
954FB1D2556BB954EDA0056D2E956F7C,2702,res/animation/monster/boss_ailin.atlas.gz,c56d6f052771d512f163b656f645253e
FA9C619FBDD8DBCCA6C3865CBC75515C,213454,res/animation/monster/boss_ailin.json.gz,dc8c5d1fca7dd407df8fddc2be37d14c
D5146BC6DB37A8C0CAA7C6358FE916E9,253582,res/animation/monster/boss_ailin.pkm.gz,e3e34c7478433b471ddce2782e903c3f
F02E7AE47AC39ED3D07B069FCF64BA52,150493,res/animation/monster/boss_ailin.pkm@alpha.gz,62ea2fc85b4a91d43383e89d35834bde
029BE155A1F24F7C8DA61E9E6A782DB6,1753,res/animation/monster/boss_ailin_main.atlas.gz,934e444080ad5d3aff3c656ea89907ea
D6A0B6172CFB8B8690EAD1086675CB54,217917,res/animation/monster/boss_ailin_main.json.gz,a45e0ac285b512a3cef14f1f7dda8ec3
58EBFCB303498CF7BDF5185F1443094B,82936,res/animation/monster/boss_ailin_main.pkm.gz,bc6cfc8101efd266c7c8d0be17c53067
C20A9ED278EC1996A6F17CED76C7C045,48805,res/animation/monster/boss_ailin_main.pkm@alpha.gz,a59534c1c3b5372d4034aa00ca6622b9
09B52B41AF41BD5A0F1B01EFE082DA6B,2145,res/animation/monster/boss_ailin_robot.atlas.gz,9909c8688e8fff9130e6c05339c4a0e7
C1614697D54233B9E62E8A167A319262,65307,res/animation/monster/boss_ailin_robot.json.gz,c2558612a10a2e6485ddd814cc29b811
5C8EF1777FE40828F209FF9DD993CE8F,211045,res/animation/monster/boss_ailin_robot.pkm.gz,a849f27aa1eb1e72cd847fd68cd6c2e0
DEB2B9499BDBB69C72A4456D1E3733B8,149690,res/animation/monster/boss_ailin_robot.pkm@alpha.gz,a299dbcb18eee08aab8dcbdb254b9841
9517FD47192280385A8F17097CC40771,489,res/animation/monster/boss_ailin_shouji.atlas.gz,ff01ae296e4d4ed39443820c23db6627
BE05A9086A8707FBDBCFF259C2DA1529,373,res/animation/monster/boss_ailin_shouji.json.gz,949b5e27d090217ac32546b21a7932e7
CA8494FFA0018B270E740C0757D0B98D,33325,res/animation/monster/boss_ailin_shouji.pkm.gz,07a771778500b4945966ced0ec1a9129
39C35FABA24584BECE25CCF681BF8376,21659,res/animation/monster/boss_ailin_shouji.pkm@alpha.gz,c1c1298e6003f2aa64e16a9661a1e712
5F2D3CD5182BBCA5A39CD6926DD27F1C,1319,res/animation/monster/boss_jixiejiaofu_1.atlas.gz,100e928c1b47139e53477bfff8b679bf
DB6EB5E4D3FC39973356FFCF7032443B,65204,res/animation/monster/boss_jixiejiaofu_1.json.gz,bdd312c1ea7187cd9dff1a988cd711c6
DA998048CACFEC8343A504A7656869A1,146309,res/animation/monster/boss_jixiejiaofu_1.pkm.gz,054c5caabdf9e01ed2040258d2fabdb1
F4C5A1FC1FB5B92479D0C20C8C7934FC,64272,res/animation/monster/boss_jixiejiaofu_1.pkm@alpha.gz,d2a8b554dc6007fa682a3bdefa176b06
2FDAD10DF9B3BA0F447FC9FC0B2257BA,1287,res/animation/monster/boss_jixiejiaofu_2.atlas.gz,d3ca1a633700790198c677dd5ee2f95b
BEB9CD8FB5FC3E3F2ADBB9FA249528D3,36634,res/animation/monster/boss_jixiejiaofu_2.json.gz,ad17d400f6f09914cd392b782be29d91
2853FD774638F131F3423F3A7883AADF,141117,res/animation/monster/boss_jixiejiaofu_2.pkm.gz,df60ad5c120144c625af8cabe391ba79
B93C1E74FBAA4D56A81A50DF59236956,47413,res/animation/monster/boss_jixiejiaofu_2.pkm@alpha.gz,5687822d8d044a00abf0081a542ccf03
1FBBD301241D27573378E1AB4928EA35,1061,res/animation/monster/gvg_shoumenyuan.atlas.gz,17e0d6a33bf38954cad88e697875c92d
7440AEAE01D6FABB6DF14496EF86BF1F,13812,res/animation/monster/gvg_shoumenyuan.json.gz,7de1186330f3c499b5850edbc8d58a63
109F94C4E1F24C968EE74A2D09DE692D,547979,res/animation/monster/gvg_shoumenyuan.pkm.gz,f87fc1e0b4669be8f9fe7ca766ee15f1
2301B3E2CADFE381324F0E0D031F5EF2,163359,res/animation/monster/gvg_shoumenyuan.pkm@alpha.gz,ff514664bd71d65cfe57ea1c5a1e7f59
E27ABA9B1D53B73BBC09BB810395A2F1,597,res/animation/monster/gw_boss_anmen.atlas.gz,112c9a06f5ab89bd5135e5106ff21ca0
12EA8FE45B6A950BBA4A3FA3815E2216,3185,res/animation/monster/gw_boss_anmen.json.gz,69f5fcdc0ed2354ab49bb1106fc30e79
F1AE3A46F6E799A55712980EAC4B7D22,58409,res/animation/monster/gw_boss_anmen.pkm.gz,f93c851576c22e132d0bf77f3a191dfa
AB78AD871BE69CFA2EE8ADCF6A5764B8,21825,res/animation/monster/gw_boss_anmen.pkm@alpha.gz,f248f24a8c79aa18026b579e394220de
D8B7341353ED0DD6CF7C192E7B8CB2F2,1110,res/animation/monster/gw_boss_asilan.atlas.gz,beb078146a022e39c955edfd9a57fb39
20D9C37A62D7D8B9E2368E9D9C3D3AF4,86378,res/animation/monster/gw_boss_asilan.json.gz,aa0e5b03f1f65f3c62e931add05a85ca
96AD5B051CD9D908152D0CE560EF40A9,89991,res/animation/monster/gw_boss_asilan.pkm.gz,9d807373609faf3a9e6025507e03312e
F07D09B7D3530332BC90AE7D5424B911,51119,res/animation/monster/gw_boss_asilan.pkm@alpha.gz,119fae55470393aafebd5a1f6da6c442
0F9817FCC118B82611814B5B56DDA18B,824,res/animation/monster/gw_boss_baifuzhang.atlas.gz,2c6046834fae6edfd585b6f025e56f91
B629383BBD62A900B6CD6062F2DDF9D0,22562,res/animation/monster/gw_boss_baifuzhang.json.gz,4705878a19c3d8dd8a47cc085c78116f
579D6AD7D0E43910364E0AEAA07CCB2C,38462,res/animation/monster/gw_boss_baifuzhang.pkm.gz,3ed23a523cf3ec6b82dd4aac4ad8d1bd
E9AE6607BCD89CD2AE2088D17C2CA9A0,15217,res/animation/monster/gw_boss_baifuzhang.pkm@alpha.gz,cfc95e14510aeb0859a5eadb5aac5b0f
03F1273F5B2EA0ECAC6AA70E53E7DF13,1077,res/animation/monster/gw_boss_banmeia.atlas.gz,71994eb6a03570b23ccb02b1b12d2928
E25FCA87BEB723F5A79B0E2F5ADE845A,72422,res/animation/monster/gw_boss_banmeia.json.gz,88f04cfb7947b1b3c9539641ffa0904e
41F629ABF03BB7F480952CF2A305F876,31254,res/animation/monster/gw_boss_banmeia.pkm.gz,ebcd5d08db5d119f31e0356829fa8863
C5132A2E178AD5A83E5271C3A67365EF,16452,res/animation/monster/gw_boss_banmeia.pkm@alpha.gz,8f7ff0661632943fc9f49c27905d598a
CD18450597EA5601EBF0C70E06C16972,980,res/animation/monster/gw_boss_banmeib.atlas.gz,3996e04dc1703fd712bf4be7a247084d
C9E8916A12E250CB6B32249D9A5F19EB,33269,res/animation/monster/gw_boss_banmeib.json.gz,059489737a835f5f97b7553fa4679872
8AEC1F1A74EEE61E0EE63A3904F78CE1,35763,res/animation/monster/gw_boss_banmeib.pkm.gz,551962097cc4afcd2afa7c2b41636ae2
7086007B0C094B01A55FE9AB8CCC9008,20108,res/animation/monster/gw_boss_banmeib.pkm@alpha.gz,280c7d663a84b748303219eb4165853e
3C5C15E968F9AA1F0313464E0AF1704B,840,res/animation/monster/gw_boss_benxingshou.atlas.gz,8da15ad6399761ac58924c5b08620a9b
DE6AD42C8ABA4ED3E181D790201D2D51,46177,res/animation/monster/gw_boss_benxingshou.json.gz,14f43b9fbef3a333e7815cd489d02264
42B707EE867BC32ADA3E7088DA9A3906,116141,res/animation/monster/gw_boss_benxingshou.pkm.gz,e1b535dbc678aa23ac2f2af6b92988a9
FE1722B1AD2933F71FC7901CB92EC78F,34847,res/animation/monster/gw_boss_benxingshou.pkm@alpha.gz,8700914a18134811c4fd50fb3a27e6a9
1CC215049D4580D680265F626F7AD267,762,res/animation/monster/gw_boss_canci.atlas.gz,0f648368cfbac83360f35a767507a7b8
6E82ACA76EE835AD0D528BF6E20FF1D7,14429,res/animation/monster/gw_boss_canci.json.gz,bf7506ace4dbfe13f3489866a7d8983f
EF5B847BE5F3619A2B365820EAB818FD,38549,res/animation/monster/gw_boss_canci.pkm.gz,37d1dfe2115ccb9b46c378a376cafbe5
8B20062EBA7212D882B7A4090C742A30,14350,res/animation/monster/gw_boss_canci.pkm@alpha.gz,4f2436f6b67d6edd4d49295e9ae34695
7AC2358EC136D7E2CCA1B4B7DDDB3179,1297,res/animation/monster/gw_boss_daoke.atlas.gz,eaa2483cf1c27deadf9a772452644d21
17F85641D5075EE915B79943A566FA07,115406,res/animation/monster/gw_boss_daoke.json.gz,e245aa0b888a10794a29273d187541f3
DEFF11F8CBC6646FD7E9EE32FAF64393,113665,res/animation/monster/gw_boss_daoke.pkm.gz,ee43e48328405684702b040b1912f025
58DEB6550358ADF091C436715665B961,73524,res/animation/monster/gw_boss_daoke.pkm@alpha.gz,a0027e24bd88c4ee8deeeb4da2e9268e
E2AA0A5C5D3CCA0C2A625215201BAF41,1058,res/animation/monster/gw_boss_dog_chibang.atlas.gz,7fce9c29a25657702013041a27de2dfa
296AF464381BBFC8421B3D57B05DEAEE,36392,res/animation/monster/gw_boss_dog_chibang.json.gz,1445e0d39bd83444a052c1fa1a91582f
42CED18F189FFC0FA23A5E0731809E2F,154349,res/animation/monster/gw_boss_dog_chibang.pkm.gz,c15bddab9e0ce2ae033213888a9e50ef
6EAE390B7983AF43362E3DF1AFF95B69,62270,res/animation/monster/gw_boss_dog_chibang.pkm@alpha.gz,dcc4c4a13151ea0b7c5f021754b41159
7DE4AC3C0AF261DD1EB86BCC3A838AF6,811,res/animation/monster/gw_boss_dog_jinzhan.atlas.gz,706c6885f10e808800e7268132a423d0
B1AF1185EE2C82A336AFA2E242C9CE7B,45711,res/animation/monster/gw_boss_dog_jinzhan.json.gz,cb97c702ef895d292894dd991b6b6f7c
333CB88E92E915A3E35E8C958AD817C7,122835,res/animation/monster/gw_boss_dog_jinzhan.pkm.gz,0ef9a0c7b053b12a847837a0f41c1c07
C4919CCA116E6EE77E68C2A02B69810A,34856,res/animation/monster/gw_boss_dog_jinzhan.pkm@alpha.gz,75e8423d1619229bdf1e181b2deb9b1d
3A15BA118179AE720BC97A8650D96CF3,985,res/animation/monster/gw_boss_dog_yuancheng.atlas.gz,74b1a0a13fb46c55b5eee0484016fadb
7B82C1705B7310587DF274BB1F459A93,45819,res/animation/monster/gw_boss_dog_yuancheng.json.gz,e4bcac290f2e02d6526dd0c6a62648a3
77B665F5D47D04EAC4019AEEF55744A4,106767,res/animation/monster/gw_boss_dog_yuancheng.pkm.gz,86a1160ac37836ba2027b32146e9cd13
E52DF18009CFE440CABF0F61CE4180E9,34536,res/animation/monster/gw_boss_dog_yuancheng.pkm@alpha.gz,06acea3e044ccf033f8f66f7d3a49da9
C520827FD825B875F706063FDDB9F98F,982,res/animation/monster/gw_boss_dundaolong.atlas.gz,0f1ffce20b57f6e850881130c2ad7463
2210D2F5A970FAA5D74B0CDF55C0181B,53097,res/animation/monster/gw_boss_dundaolong.json.gz,facb3520fc5cd4f4219f18c5a696f6b4
C51CF8EA9B9D9AC161DA8FD01E5CD8FA,105874,res/animation/monster/gw_boss_dundaolong.pkm.gz,a88baa28fbb16b4ec673d172aaeaf0d1
501604FDE0D24A89701DFF845486071D,33566,res/animation/monster/gw_boss_dundaolong.pkm@alpha.gz,400cc62bb93e5c19aaf4f9a35dc67f6f
51D4A2CB660AE9A0345EF75DAEEE3393,649,res/animation/monster/gw_boss_duyanxukong.atlas.gz,292d3a96292fc580b8a4d965347a4343
841B4F1359FB7F431C21C2163FAE5E8D,25258,res/animation/monster/gw_boss_duyanxukong.json.gz,39c71ca3f66c9232fd87aa6af26a143b
B43E8FDD377FF90EF5AE27DB9D24737D,108276,res/animation/monster/gw_boss_duyanxukong.pkm.gz,a853d657b4227a2a3f11549039f59856
E1EAEC02052A023C9916A4A4C74FEA50,42833,res/animation/monster/gw_boss_duyanxukong.pkm@alpha.gz,5c2124e79e80467e877f302d15d50bb4
C0C87D518799450035BCD577E7EEC418,1576,res/animation/monster/gw_boss_fangshouwu.atlas.gz,c6cd1e6d8bf799f1592a63aad0a79e10
5823510E39C1BC04D466A12618D3D592,8205,res/animation/monster/gw_boss_fangshouwu.json.gz,1929a7da4731788365982460989e3c95
27F21B426F4C95163A79C0CF6C1E3EB4,116552,res/animation/monster/gw_boss_fangshouwu.pkm.gz,b5d036536992649314a817e8e74f2196
533E625B0B1D6F7D486C7F29F996AF81,78983,res/animation/monster/gw_boss_fangshouwu.pkm@alpha.gz,6b4b891489d58fa9cb0037346b85d375
3770416AB26378BC782FA5236F940BE9,650,res/animation/monster/gw_boss_feicanci.atlas.gz,edb4e15c3efdd892c0991618d1245da9
90BAB2206FD40C960F52E7B995F24911,8813,res/animation/monster/gw_boss_feicanci.json.gz,91b9c29c84f8983c305576fe72045492
8985CB53946AB5E03AE151419C0C480C,11955,res/animation/monster/gw_boss_feicanci.pkm.gz,66f3a9d090b9aa88ec46c9d10763cbbc
D5785F33346E349C5E0310932943289A,6972,res/animation/monster/gw_boss_feicanci.pkm@alpha.gz,bb97d47693d38ce0360c32aaab97382c
F5A08FE9F5DDD5F0A516988BC057433C,1318,res/animation/monster/gw_boss_feilong.atlas.gz,8949b40bc3989040eefe8e7c0832f419
C4E06C8F5953528D8BDF47758051886E,35490,res/animation/monster/gw_boss_feilong.json.gz,dbd155e24db69c2493882d556d8db38e
F527B829C3D486BF48D41747C4EBE2F5,243965,res/animation/monster/gw_boss_feilong.pkm.gz,71a088e7f16d0b2b132fa13f7f49b2fe
A3B596093C4AFF1A04B22BAA9B60B11D,127267,res/animation/monster/gw_boss_feilong.pkm@alpha.gz,c63d425ad5d496678f827dce03ca04e2
0EE53C1C6F6FBA0152156902AECDAC74,1146,res/animation/monster/gw_boss_fengkuangyingwang.atlas.gz,2743d558079ad5772075a10204b10921
0E4120701CFA1CDEE456CE785402AF40,46033,res/animation/monster/gw_boss_fengkuangyingwang.json.gz,506cc30962884e7da2c3380eceb98a7b
57FF29DC759F7CD47A8CA60519852ABE,175989,res/animation/monster/gw_boss_fengkuangyingwang.pkm.gz,933ddc1ec3fac3ccf75979d1c87e81fc
939261DFF2B8CD4E4C9C53108A84D4F5,102726,res/animation/monster/gw_boss_fengkuangyingwang.pkm@alpha.gz,69fb37a5db209f59b28558f458b0482d
1E4F24CB5219FED8052209881522E7E6,782,res/animation/monster/gw_boss_gcanci.atlas.gz,0703a264448c7ea0bd8e8f7b1df92461
56F4681320D6FF956F566942A3732EB4,15124,res/animation/monster/gw_boss_gcanci.json.gz,f7cc87c2ee45497ac3f92466d795c126
AA489BEE872235600CE01C9C5B268FAC,40082,res/animation/monster/gw_boss_gcanci.pkm.gz,7710379d1d76684fb9b4a4ccecbc15be
0D646F65FE35E7C521CF62518DC3549E,14632,res/animation/monster/gw_boss_gcanci.pkm@alpha.gz,5ca62e39493cbdc6b88bc76e9b79cdc6
073A0751439BFDD2DB3B5409749B6D16,661,res/animation/monster/gw_boss_gduyanxukong.atlas.gz,6c478736c36b439304fc48bc9e54ff46
F205452FAD2CA50D85C230686045CD34,25223,res/animation/monster/gw_boss_gduyanxukong.json.gz,d2d2014d24aace6e8a540513310d1468
E545526ACDF48D2CAF7BB21A2150088F,168900,res/animation/monster/gw_boss_gduyanxukong.pkm.gz,caafbc5ca3be1fd4bbd2c0a440e53730
CDA53DC456D6A62037F074FFC67342D5,41018,res/animation/monster/gw_boss_gduyanxukong.pkm@alpha.gz,8e19340368396ab757d640d98db487e8
DA3F248ED90A54BE54AF4349C14BB71E,666,res/animation/monster/gw_boss_gfeicanci.atlas.gz,1181f0bb4ebb6eadce3dfa0f8fdb659e
F2AD990BA65C4C305B9E42338EDE3083,8732,res/animation/monster/gw_boss_gfeicanci.json.gz,8a8fde0409f2d716c9e17603b45f31c5
B291979EC6122B66954D51ECEE85AB87,13917,res/animation/monster/gw_boss_gfeicanci.pkm.gz,659ffdae3b045dec46fbaed4daaa9890
668F926BE1ECE867EB17AC890FADEE99,7542,res/animation/monster/gw_boss_gfeicanci.pkm@alpha.gz,af758d8130215c72eeb719e8fe5c6fa9
7C5C1607FBEF0C9B6B5E74063562EABA,756,res/animation/monster/gw_boss_ggoutoubangzi.atlas.gz,296794e5e3b8a0af856030ba59201f1a
705B2E6C59EFB262474879CAB2AB2D7D,10410,res/animation/monster/gw_boss_ggoutoubangzi.json.gz,e2b846e5dc64ebd86ce8ee8e196ef5c2
45EFEC0B8BC1B914CE7783818246FCF0,22857,res/animation/monster/gw_boss_ggoutoubangzi.pkm.gz,8f1acf40729a784de8c342f53b259e92
93F428E9E868BAFB90DCE61F046CAC8A,8557,res/animation/monster/gw_boss_ggoutoubangzi.pkm@alpha.gz,ba46193b052587e14960f39df23ebc59
F680DDBE20AC6D731A972BEC529C82CA,980,res/animation/monster/gw_boss_gguyongbuqiangshou.atlas.gz,0a406268d3c1975b0930ec671ccf33e9
D2A5FD58F7D5F62C90DCEB69AF662560,17030,res/animation/monster/gw_boss_gguyongbuqiangshou.json.gz,4d3dc9111e3db32a4917f6d15db922de
2B1AF59DEEC54155D5E859FAB457C6BE,53674,res/animation/monster/gw_boss_gguyongbuqiangshou.pkm.gz,f3fb0073f0efb303fdb7a847991054fc
24CA2F46F7D3C3DD172B32A0607F42F1,16330,res/animation/monster/gw_boss_gguyongbuqiangshou.pkm@alpha.gz,10216543818091ee7a36018e0e4f8b5b
10F20D84399A33094EAD303F66B86CD4,1258,res/animation/monster/gw_boss_ghostdaoke.atlas.gz,d79f48244aa862c346c90371b22a1066
FC3A55C8BC4C71C9E6709E363328E101,115403,res/animation/monster/gw_boss_ghostdaoke.json.gz,07dd503423ff62d83e22fd99e80dd011
BD37E04FA7108C6437523A50EE3327A2,38103,res/animation/monster/gw_boss_ghostdaoke.pkm.gz,e1e4f8cce140b853cef66cbc6e9d09ef
7BFF377B3725E84835F35BAAC16A8693,28245,res/animation/monster/gw_boss_ghostdaoke.pkm@alpha.gz,538c89db57ebc58c3c87952e7d759008
6452325AAA6E0B26823C2E6B31B58107,1663,res/animation/monster/gw_boss_ghostshaye.atlas.gz,e605e930a2d9152803b58737df05ddb0
8E3FDC2F89FC54099700CD6A4BB5651D,68826,res/animation/monster/gw_boss_ghostshaye.json.gz,aafd073f16f576f1beca3a0424c5d779
22E7B26B362378E21BDAA59A703E99A8,143635,res/animation/monster/gw_boss_ghostshaye.pkm.gz,f7455f6cd3a0f1c77503dd3944d8d929
5F5F86DCFFC1EE3EF93F24F50C57BD13,68670,res/animation/monster/gw_boss_ghostshaye.pkm@alpha.gz,acfa7d8570604f66d77f5c1866066b41
0C2D58060068819A1B4228FF9FFBB37E,1246,res/animation/monster/gw_boss_ghostshenmiasilan.atlas.gz,876afb80ee67afce867bea3b53d23dc5
F78AB53B64717728F8A08D9231B93857,91402,res/animation/monster/gw_boss_ghostshenmiasilan.json.gz,f4d0ec0a61482c4b1ffdcdc19d8e8972
C3B41102CCFD2BB53DF7FB7809F6D9B9,113370,res/animation/monster/gw_boss_ghostshenmiasilan.pkm.gz,82b2e56994277418353158437b8d7e6d
FCB72C457C33D70BB3772B52CE6CD4BC,67513,res/animation/monster/gw_boss_ghostshenmiasilan.pkm@alpha.gz,c4be305dbb325ac2606f25e51cb7ab4a
33C7D114EF92C0C4720841DB8D246AFE,1426,res/animation/monster/gw_boss_ghostyamei.atlas.gz,5730b2c5e965caacd8e419281dc5b569
FEEF910CF333190E75E7B2C14D27E646,63847,res/animation/monster/gw_boss_ghostyamei.json.gz,d720e504f45c1caee3b8fab3ce62b293
E9239103B980EFC78E57066DF05B3E30,262463,res/animation/monster/gw_boss_ghostyamei.pkm.gz,6ab0a9b0eb0455edbf1e9f3a87d2117e
526D38EFDDBC6CED427EB91CD5C6B118,132310,res/animation/monster/gw_boss_ghostyamei.pkm@alpha.gz,d9ea79b3f817364ef2a3ef3232d27fc2
A791CE0397B463C2614C6CD0712E9AE0,1773,res/animation/monster/gw_boss_ghostyeyuan.atlas.gz,3f756fdddbf428c2f20cec634f1dcfee
B61021CDBE0E78E34B93D1DC5786861B,98247,res/animation/monster/gw_boss_ghostyeyuan.json.gz,3501912ea34303a012317fe4614e528a
762C02050010B6AE3FA7379C021B188F,198584,res/animation/monster/gw_boss_ghostyeyuan.pkm.gz,2afd81ad13d569d9d43b6339cf48f681
558122AC3717DEC6F23CBE27AF7F4B89,90111,res/animation/monster/gw_boss_ghostyeyuan.pkm@alpha.gz,cde3a4080c1bc7d8f97e562efa027075
A2B8824AA1B5FBD2ED2E2DFD6693F33E,1166,res/animation/monster/gw_boss_ghostyinglie.atlas.gz,5d94160ff99ad3ad42a34bbf1d779679
C0ED869B37655575B9DBB525FFA52266,45425,res/animation/monster/gw_boss_ghostyinglie.json.gz,144bc6e548d2dd9175218fee1da18ef5
A45BDF67AD7F9CC745697ED0F88365D1,110324,res/animation/monster/gw_boss_ghostyinglie.pkm.gz,6ccb2fcca60012882b3edcbba941e310
3FC382E1E480DC8E451ADC6ABF0702CA,53960,res/animation/monster/gw_boss_ghostyinglie.pkm@alpha.gz,4e97ff780c6cfc873a923d15f4894bda
973C94DA94BB7E8FFF219C9A73070D1B,1142,res/animation/monster/gw_boss_ghostyingwang.atlas.gz,0d7a10a22e104367ba5917366e758d69
FB5DC88B660FBD20FD26735928D27359,39553,res/animation/monster/gw_boss_ghostyingwang.json.gz,a2abe1fa195e051d55fa555984b1efb8
22D4BC7FA05078EEFB39F4F31F72D96D,171202,res/animation/monster/gw_boss_ghostyingwang.pkm.gz,881e72a7f224959e0bdd6378903c83b3
C5AE4B7A8D54C72C471FBFAB02EA7580,88370,res/animation/monster/gw_boss_ghostyingwang.pkm@alpha.gz,f49a17aa458384a20b5e369c0f5754d7
F9C35883545B7D93C7780D8201ED02E2,1036,res/animation/monster/gw_boss_gjumoduizhang.atlas.gz,fcf0808dd3c31a17178b4599f89a1b91
23FD433371F35D452012ABF39A47C47A,114099,res/animation/monster/gw_boss_gjumoduizhang.json.gz,46664550aacfd16cc72254e11d410ff4
D3AE5F2C76BE1298579A35E5B4DF2FFD,356084,res/animation/monster/gw_boss_gjumoduizhang.pkm.gz,73e16c659852cdbed47cd40243434c09
2CB4590CA1684C70930D65C17AA42B5D,86316,res/animation/monster/gw_boss_gjumoduizhang.pkm@alpha.gz,b131006f99e9cae3ff823f2f8161af8f
78C00929444C0ED0A644DC0F81EB0C54,725,res/animation/monster/gw_boss_gjumoqiegezhe.atlas.gz,e9b547c7f65a4cc260e68c75aaf91ef0
9212F3BAA8FB8FC8A08A74F372E864C7,31334,res/animation/monster/gw_boss_gjumoqiegezhe.json.gz,7952ada22d5d39cb5f3e8f1114a76b7d
29383F894C3BC1F2626D37375384B6CB,97392,res/animation/monster/gw_boss_gjumoqiegezhe.pkm.gz,f60f4d353542cd70456bc61f485ff9ad
BDF9B89F2808E1A92A54449DF1D94ADF,20430,res/animation/monster/gw_boss_gjumoqiegezhe.pkm@alpha.gz,39661f257e88ddb7907bbf49eb572a24
57EA5895D502E8192A59579E1EC7CE2B,838,res/animation/monster/gw_boss_gjumozhanshi.atlas.gz,5a37feff16082c91efd2602621c87c14
F26F3D5D20FE295574390318F9647791,13612,res/animation/monster/gw_boss_gjumozhanshi.json.gz,592527b28fefcd92809ef54ee69c1664
6BB58AB961C9BBB5634F04C7DDF9EBB2,78656,res/animation/monster/gw_boss_gjumozhanshi.pkm.gz,7371f327c9a0e7615a698133b0a233f3
290E542DFCB01672924206D0A208A4E2,19377,res/animation/monster/gw_boss_gjumozhanshi.pkm@alpha.gz,3b2c24ca21e75799b242d48384c8d92e
4BDA328E639F401CAB6399C07DEE11F8,864,res/animation/monster/gw_boss_glongqigongbing.atlas.gz,b20c4f8218268a756e50d2aac4974d1f
9B77799B3201461BACAC71B25E95EF3C,23096,res/animation/monster/gw_boss_glongqigongbing.json.gz,710608735b0c181ed61d02834486924e
99218E232DE7B4AE046C83C0F34BEBDA,122648,res/animation/monster/gw_boss_glongqigongbing.pkm.gz,9b8332d96cf2fec1ecef3c2588f01b33
0CF7724E031FD55C3F77539F653F726F,32443,res/animation/monster/gw_boss_glongqigongbing.pkm@alpha.gz,1ac36988bae5d65cebff467d52d1fd87
6F01D38818B267550DCB768FFFFFC540,1024,res/animation/monster/gw_boss_glongqiqiangbing.atlas.gz,80f635f335cb8bfaa346abf6786475ed
293F98B948D5275B3FA2EEFC99585F11,40282,res/animation/monster/gw_boss_glongqiqiangbing.json.gz,530c783d2364eb1f4cdaf8af07cc9346
559CA555D87B8A836D29E189AF9DD796,194924,res/animation/monster/gw_boss_glongqiqiangbing.pkm.gz,ee5013d4e4649375f8841dbec31dc163
E895F55FAC7A2C8C09E677FFA234BC9D,53286,res/animation/monster/gw_boss_glongqiqiangbing.pkm@alpha.gz,54f671f1455617a0ae20403867c3865d
A26AB4EE4DC3E63BB79A4A45B8513546,1033,res/animation/monster/gw_boss_gmalieke.atlas.gz,150db1528bf71b5926f234f8d7eac136
BDF99266E3AF1291C8254A02906BB777,133556,res/animation/monster/gw_boss_gmalieke.json.gz,2fbdff3af4d8483fe529be9231664f14
A617F8CC2D1519F6B8EFEB757C6F4E63,320094,res/animation/monster/gw_boss_gmalieke.pkm.gz,720e655193da37f1dab248fb0abaacf9
2F69DBDF2494FC03AD5A33D49107E43D,84810,res/animation/monster/gw_boss_gmalieke.pkm@alpha.gz,d204cae709694b2ee2bc9471b93f0bd8
432E5C889E2847BDC26BDADBCBFC6287,722,res/animation/monster/gw_boss_goutoubang.atlas.gz,53986e0cfc07c4d5197b01d62dad3087
F08676F06FE1F4177150AA8FBD44C447,10410,res/animation/monster/gw_boss_goutoubang.json.gz,76cc6545b294c38930005aa7160d62d3
71B80F9CF9A03E295C619E506722DB32,17454,res/animation/monster/gw_boss_goutoubang.pkm.gz,487438e63aa911f023b09ce75a438b8c
629810DE8AA81A4CF6766E088F23025C,8546,res/animation/monster/gw_boss_goutoubang.pkm@alpha.gz,a2a02f92de1f0ffc1dbbc8d7656a4f04
CBAC7CA3AE5DFD743215A061B018D67E,784,res/animation/monster/gw_boss_goutourendachui.atlas.gz,527483f59a48af4d56420c33119f533c
72E8E2809C765C934D60EE7DD6657ADB,12222,res/animation/monster/gw_boss_goutourendachui.json.gz,3f32ac0789c628264d3a165361bc05c5
D67EC16984456C0469880062348AA05A,21349,res/animation/monster/gw_boss_goutourendachui.pkm.gz,5b488d3187779d7c37a719522c436f85
813D55C64423B562ADA08A1774F7FE3E,9060,res/animation/monster/gw_boss_goutourendachui.pkm@alpha.gz,427c0873e2fb19cff0ab1a2bc6daf3d8
483E4DB409FF2D18608CB24373FB49EE,784,res/animation/monster/gw_boss_goutourendachui_new.atlas.gz,9d1fc3a861bcf30980c8cc7ca74b8028
8B296D03D484E4C762A5D9DEA354298B,9712,res/animation/monster/gw_boss_goutourendachui_new.json.gz,8643c99d5dbf5188f8af2d26e0a29429
4F2B8223B052BD4C69F04BACA89A7F96,26444,res/animation/monster/gw_boss_goutourendachui_new.pkm.gz,2f7b9ccdc8a34fa7160b35a34c5ba0cc
B7E0B7A3070F101001A9F0456404CDA8,10738,res/animation/monster/gw_boss_goutourendachui_new.pkm@alpha.gz,4e941145764057003e9ee86a49e17f6e
945A6785FA01622B2848A2BECD21759F,1950,res/animation/monster/gw_boss_goutourendundi.atlas.gz,6e886f7dd8ec2e658f4f002530794adb
C516B1F3D86299D75396343445E7BCCC,14204,res/animation/monster/gw_boss_goutourendundi.json.gz,ecf3b49c22288c397c9d8ac562014ba4
7FA23145A30BB4015297FCA8B1106CEA,241632,res/animation/monster/gw_boss_goutourendundi.pkm.gz,d4d5c5ffe2d1824e21fcdd4f1fc0f805
490441A4E0E2ED6D3A0DFAFE567EB83D,209718,res/animation/monster/gw_boss_goutourendundi.pkm@alpha.gz,543c33ac28f3a68c78c53958032cdd93
0B8BC663C6AA83BCC57C989A90331E23,1991,res/animation/monster/gw_boss_goutourendundixiaoshi.atlas.gz,292c8f8b2b0942ad59557375a9992829
21F8CEA6817BE4F3C357DEAC1526EF8E,11796,res/animation/monster/gw_boss_goutourendundixiaoshi.json.gz,6016a52c6064a2c2de1f50a5f4aff280
55F1E14C1483246D6A1156AA043281FC,241632,res/animation/monster/gw_boss_goutourendundixiaoshi.pkm.gz,d4d5c5ffe2d1824e21fcdd4f1fc0f805
D22F9C8A3C4FB5B7E2834697C12FF1DD,209718,res/animation/monster/gw_boss_goutourendundixiaoshi.pkm@alpha.gz,543c33ac28f3a68c78c53958032cdd93
1466D6B4DA4A03060EFA0DEFA6BA95EB,751,res/animation/monster/gw_boss_goutourenlingzhu_new.atlas.gz,aaa0cd5fbf224703046a97aa0c0860d0
BF9A3C8421C843C981B2F41DF65D19EF,12722,res/animation/monster/gw_boss_goutourenlingzhu_new.json.gz,2eb1be34bd65cc2784cefa96f5021e86
1C0803F7723750F873B0AB7FD02FE25A,32443,res/animation/monster/gw_boss_goutourenlingzhu_new.pkm.gz,7f7bf0903ccdd6e77e21e2278b0e8817
27157E2E8AF25E942C81D86FA70BDA31,15573,res/animation/monster/gw_boss_goutourenlingzhu_new.pkm@alpha.gz,c30a3c3e123380f53ac6c61632bf4f86
82AFEC766037F3E3DF3B91CD05746F24,968,res/animation/monster/gw_boss_hanbingjumo.atlas.gz,4a46c0a9b5cf988278ca44b9e0603b62
839367DD0142D7DC1B8BAA3B725CFAE4,85767,res/animation/monster/gw_boss_hanbingjumo.json.gz,7e113e23386a55cbbde3b74e1db85737
93A01C69C4A8AA4F8A7158F08251A918,155396,res/animation/monster/gw_boss_hanbingjumo.pkm.gz,169736203576c32b72ca67443c4c8fde
DCDA1DCEA93E3C1D41AA3001284B1381,60700,res/animation/monster/gw_boss_hanbingjumo.pkm@alpha.gz,ba44faa979c57f58bfd5650ba1da7c7e
18EFAE732DB970458CF29F7152645668,969,res/animation/monster/gw_boss_hechengmolong.atlas.gz,e962af02776af8e996bb67a576168418
8F84ECD777015D40D48E69B939D707A2,28861,res/animation/monster/gw_boss_hechengmolong.json.gz,3f2bef4c5b934e05debd99b7f4056f14
5FC65DA6BD46715B3116EDFF786333EF,103519,res/animation/monster/gw_boss_hechengmolong.pkm.gz,e56e5e5d25271eca31259cbd8c69919b
46D3CF34869BC8D9FDA13E8301C5E19A,35727,res/animation/monster/gw_boss_hechengmolong.pkm@alpha.gz,9e9c649fe93ab6059d0b6aa8fa0531fa
647F3557C0FF10F6D25C119A49136E0A,811,res/animation/monster/gw_boss_hechengshou.atlas.gz,744f1aa1c1d231b9d1fadbf97808ec3f
9624380376A1F7D1BA7553E146B41C88,26643,res/animation/monster/gw_boss_hechengshou.json.gz,4e080a2c13f9e5e12be608d371fe1f83
D6E6B6DBA1388812D8B7AB9326E9F8B0,115601,res/animation/monster/gw_boss_hechengshou.pkm.gz,fc21b0be166979f83d23ca9f0929301b
BFC58D5CC0CC46C306E4560A783C3428,35451,res/animation/monster/gw_boss_hechengshou.pkm@alpha.gz,e4821d973a9ac4e17c6fa183f8bc8a5b
D924ECDC3F202821BC8F72DD05ACD6D3,1017,res/animation/monster/gw_boss_hechengzhiwu.atlas.gz,16b2bdbf4c73b01f54b699fa1772ebf5
D4618168D8EDEFC080F3AEA200F57BD9,27061,res/animation/monster/gw_boss_hechengzhiwu.json.gz,3d13f42a7de99565cd444ded40e55eb3
A3E721D05551D14A4A1BBA3DA6F5E8CC,173826,res/animation/monster/gw_boss_hechengzhiwu.pkm.gz,5b667e00c4b2931f28066b5790f8cd62
25B96CCBEAFA1C74AD0A7C609EECAAD5,62390,res/animation/monster/gw_boss_hechengzhiwu.pkm@alpha.gz,097c6706dba71190e3bda8dfba3ab15e
121E35974AA252CA4DAE02C0B28CB245,844,res/animation/monster/gw_boss_huojianfengzi.atlas.gz,ff6b4e4b47bb6e1ac22e7a0ca47c80c4
3D06D892A831ED946AC776ABEB1A24B3,26172,res/animation/monster/gw_boss_huojianfengzi.json.gz,4ad6e3c7547d3e927306a311c75f0979
1E910CA2681A6436AEBEC85E58CB566E,100948,res/animation/monster/gw_boss_huojianfengzi.pkm.gz,f2fc6c5ab6902b404728bb167acc4405
A4CC150BB7A52FB11BBC3038A9C9DE30,29484,res/animation/monster/gw_boss_huojianfengzi.pkm@alpha.gz,c55e3a3b572abcb20b3d39193b0375bb
C3B2E4FD6DB97725E62144DC6BAC4340,866,res/animation/monster/gw_boss_huoyanyiyinglong.atlas.gz,237ac32196ff2106a7280c179614ee30
7323755E34F70482D86F6DFF1AC8B244,42168,res/animation/monster/gw_boss_huoyanyiyinglong.json.gz,9297a8b45a1e33ec83fe944a072057cf
2D912A13A35947EF50381D8F6BD24EB1,59887,res/animation/monster/gw_boss_huoyanyiyinglong.pkm.gz,180fdc365760c1444165b908b6416d2a
FB90F0B54EB4E7E330F0ECFFEE6A4945,27621,res/animation/monster/gw_boss_huoyanyiyinglong.pkm@alpha.gz,c8a61af394a8a6f7d41b9222bda6eec6
A3043C621446F5E684D041978FAAB187,1984,res/animation/monster/gw_boss_jinengshuijing.atlas.gz,661376b2488abdb0d4f95018d1402f3c
870A6EF7F71CC3E27F2DBFC49451A2F8,6747,res/animation/monster/gw_boss_jinengshuijing.json.gz,3c2d63f7105542281828eb98f21d5aaf
17960E710121245720A22F4570EAEF02,257214,res/animation/monster/gw_boss_jinengshuijing.pkm.gz,d904cf3d6f809d4043ff419816b331bf
9D42667D2E8B62922E8F469B78EB6CD4,183576,res/animation/monster/gw_boss_jinengshuijing.pkm@alpha.gz,d4132bc3126b72def1974e5b2f78dc87
D144D3567248958568F3E79ABB19662E,615,res/animation/monster/gw_boss_jinkuangshi.atlas.gz,a3d02aa8af1884286d60b86fe8eb8f0a
DD85E1CB8ECA5C0C6597988D08AE45EF,2442,res/animation/monster/gw_boss_jinkuangshi.json.gz,15300ea4a02b00c6243a4548d5445079
9B1D2B711855B2BD7A32257913F20851,36912,res/animation/monster/gw_boss_jinkuangshi.pkm.gz,baec24adaa24f1e30c744d75b7e23116
155E02DD719D538E51D7B421D5ABBC5F,27439,res/animation/monster/gw_boss_jinkuangshi.pkm@alpha.gz,5138589c1dd58fcc5245a82f3fc9442e
88D4C3D8FC408AC803021D8F0B25088A,1719,res/animation/monster/gw_boss_jiqiangdama.atlas.gz,34ae82fab9ec25582f64a5e46df17be6
814323F2ED3A2DD6A745EDF4967B3BE5,102985,res/animation/monster/gw_boss_jiqiangdama.json.gz,c72f463b90acfa3d3028826d39caa46f
4BE9DC12223E2E8AB185A315C5CF8BB1,216639,res/animation/monster/gw_boss_jiqiangdama.pkm.gz,b777752396d994d016e70082392bd937
839000DFD9B871BD2BFDB06D0055515D,91332,res/animation/monster/gw_boss_jiqiangdama.pkm@alpha.gz,8985f3c277a9919ed5ede6f195d3699b
0EB612911AE04181D7839C89D1329D3F,1728,res/animation/monster/gw_boss_jiqiangdama_lan.atlas.gz,609891a112226b1b36b02218aeccecb8
8F525803F530AD70D9036B396089D547,101147,res/animation/monster/gw_boss_jiqiangdama_lan.json.gz,6f006bc0219ab2ad0aeea4db9d41aeb1
7FC4810D74DC3028812F2DB46877D3BF,176541,res/animation/monster/gw_boss_jiqiangdama_lan.pkm.gz,3e14b578acad49f2cbe5e35f825ff55d
D8970CACC863669BE854345831AAA177,86440,res/animation/monster/gw_boss_jiqiangdama_lan.pkm@alpha.gz,81e6c8eb786aac3788cc796aacf7f4fa
483D8E147E402ED970F72BBD867A75D9,728,res/animation/monster/gw_boss_jujishou.atlas.gz,2af078901298fe53e0c0e68562af8bb5
E972CB4C4C50FCF7C4BC3E6B74AC3300,10910,res/animation/monster/gw_boss_jujishou.json.gz,748f0e325433e6e364512f4663110a26
CB3D9C6C30F141B7B51DA81176624EC6,65211,res/animation/monster/gw_boss_jujishou.pkm.gz,f2b1b9a5a382555e894a2af6e88fc3e8
FFEEE63A95061B2C5881E0C21037160A,20646,res/animation/monster/gw_boss_jujishou.pkm@alpha.gz,8f024133b0a4b27c860bcca9828b3a9c
F4527D182B4FA0D09A27B00CC19E481C,723,res/animation/monster/gw_boss_jumang.atlas.gz,b33ac3d322836062b106090fca66ba32
2200CE7A4B61516B5AD676894BFD21BA,45028,res/animation/monster/gw_boss_jumang.json.gz,cda58678c57d8ffe694be2440af53803
ADB605328A7AF9FEB208B16C9EF90E5A,1700,res/animation/monster/gw_boss_jumang.pkm.gz,fa6001d26cbfe4a2decd4fca9641198f
749AC28DEFCCABB751D308656BBB5D96,1700,res/animation/monster/gw_boss_jumang.pkm@alpha.gz,89e7972dd4437fe99d6c7cb647fa43ed
B4948E51AA03370F520130EB6CEBB044,1065,res/animation/monster/gw_boss_jumoduizhang.atlas.gz,1ca11f774b353d9209f1226aa42383c4
2C81B5C79A55864FA594B10984D28FA7,101891,res/animation/monster/gw_boss_jumoduizhang.json.gz,441ea12b956fe3bba0cea20e94490fd2
7ECACF6CDB1F157CA84EB497A03ED713,235030,res/animation/monster/gw_boss_jumoduizhang.pkm.gz,953e87adcd70249c23eb7021ef67b57e
32961043F5C6E80CF7B8962C8580AB01,94726,res/animation/monster/gw_boss_jumoduizhang.pkm@alpha.gz,c548f975170afcf1ead649843dd17777
76C3BC67D498F70FE69AD59C9517B762,1034,res/animation/monster/gw_boss_jumoduizhang_bai.atlas.gz,79a5704f53192bfebbffab1047f9a834
682F8D5E7DAD9854E9FC9E57426F93F4,109824,res/animation/monster/gw_boss_jumoduizhang_bai.json.gz,33047733c0adbb66346763ef7826c57b
460F81F63D09B1CAA189C44372992D30,333163,res/animation/monster/gw_boss_jumoduizhang_bai.pkm.gz,e763ec16f3ce340d6360de828495ca7b
78B290F52DD648D7D89BD8E8940264B3,92899,res/animation/monster/gw_boss_jumoduizhang_bai.pkm@alpha.gz,79ea6c3531a1bd9c8b853cf6cd9e0222
11A8495A552C6196D9D8F12889AA1090,812,res/animation/monster/gw_boss_jumodun.atlas.gz,7982a7265223831c71a945c0c202b4b6
B7F0B090FDB928094FB107973AB7FC44,16413,res/animation/monster/gw_boss_jumodun.json.gz,fe07b1f308444f4515ac8bb66adde778
8553AF4AEDC2DCDD3A55DFEB2A3884F9,117936,res/animation/monster/gw_boss_jumodun.pkm.gz,aafe6b6d2c35cbf8e85cb1177f21b99b
66C7F78ADD7A82BDDCA4ACC37256734B,37113,res/animation/monster/gw_boss_jumodun.pkm@alpha.gz,adcb87d99c7a83d51edfa9b93683f95f
5E7D7163E3875EC077A061FFCFEB9204,822,res/animation/monster/gw_boss_jumoliandao.atlas.gz,6361deb181bf6ca02abace02e769ccb3
A4D41C20B5588BEC4CB7CEC4142D2D5E,29242,res/animation/monster/gw_boss_jumoliandao.json.gz,34e8517590e710ad0071f435ed1655f5
697DA0AE0745AB5FD97FD591D302F1AD,71101,res/animation/monster/gw_boss_jumoliandao.pkm.gz,d38a03bad0f237a3d5582e7fe29dab4e
95DCFD96784245E83082BDF4A54780E1,22054,res/animation/monster/gw_boss_jumoliandao.pkm@alpha.gz,e52f0d8518ba556b32eca17116b88511
0E521E50FF37413BEE91B2DA328A5F48,745,res/animation/monster/gw_boss_jumoqiegezhe.atlas.gz,90698ca539c82b3a9195687d96ec7520
A5ED5E04E5C23D1E9392E40F2C0A4A89,31216,res/animation/monster/gw_boss_jumoqiegezhe.json.gz,a966c9224984730fabe1b440abf57902
4E7AA274C88A3231FE296082F202F5CD,84141,res/animation/monster/gw_boss_jumoqiegezhe.pkm.gz,15e02319109d7305576850b00cae3e34
9C8CD1A74EC7CF6022E192C99823D34E,21884,res/animation/monster/gw_boss_jumoqiegezhe.pkm@alpha.gz,68c91ed676958250afbc8115d2cab954
0BD8C0E6B9FB077943EEB262B7B58052,969,res/animation/monster/gw_boss_jumoshoulinren.atlas.gz,ad1a3d6cf7b956136b68ae46124bd632
5389AB0BB9B78521C2FB9863ABBAC918,28480,res/animation/monster/gw_boss_jumoshoulinren.json.gz,ee01540d71cbb6e67280ed2eea96b4f0
F553FDA21E79496B94BF039C624E0E43,127655,res/animation/monster/gw_boss_jumoshoulinren.pkm.gz,108c75c1d3af7b30c920a1317c7b644b
FBF62082C2D8C5A1A1D71A5474F9C903,45534,res/animation/monster/gw_boss_jumoshoulinren.pkm@alpha.gz,c6d191e399d128f86854e053beeb4b52
A3FE4E51441257FBFD396B29D977D2CE,1103,res/animation/monster/gw_boss_kaboke.atlas.gz,c3fa0e1a5aa29d406b79c7ca1060f78b
467AA777AE5997DA3361D4379B243943,58783,res/animation/monster/gw_boss_kaboke.json.gz,9114f614e24ffa927ee1ea6b7d6e5e9f
51B33A7004488F99ED2F8DBBBC3AC00C,485,res/animation/monster/gw_boss_kaboke.pkm.gz,6031b32f7b5b6cb392052f3ffffa51c2
21B56E3F8BB44D8325743062475609A5,490,res/animation/monster/gw_boss_kaboke.pkm@alpha.gz,6a9103280480bfa07b71f9ac60e7e856
07FECF11A78449E1E15B3EAF8D32E41C,681,res/animation/monster/gw_boss_kulizhalide.atlas.gz,f83f0a48343db694a02e08d07a30fd82
D7BE655A6048D3D152673A646C5B3BEF,22676,res/animation/monster/gw_boss_kulizhalide.json.gz,3b067757c69c703340059d3acd0f5fac
709D35F3FB309503DB27B7E1BFF09446,310,res/animation/monster/gw_boss_kulizhalide.pkm.gz,26d5eb61d142f1c424809efe358e0e49
1CDAC38FFC23073C7F79943FCF954A55,311,res/animation/monster/gw_boss_kulizhalide.pkm@alpha.gz,b3f022fe421a469bed64c515e9213105
EF28464210DE77AF852BFF7FA8BA40ED,899,res/animation/monster/gw_boss_kuloufashi.atlas.gz,f6925e165e81806156b5e3a106d49181
18AEFA291C2A784D8C9E701AB408E847,52774,res/animation/monster/gw_boss_kuloufashi.json.gz,901e7b1b32667b7799632da8a44edd93
0B8D52E9E6A8F3359A20AA5AFE743E5F,935,res/animation/monster/gw_boss_kuloufashi.pkm.gz,5d1eed42f9ce5c2cf4905ec2ef743b0a
FE434126E5BFFA1F3D1CF7652FED7D87,936,res/animation/monster/gw_boss_kuloufashi.pkm@alpha.gz,968c4f4b07de0a2fbeb87cae265eb437
9F423C4A38BD7D7351A9F6CB0D4634BF,891,res/animation/monster/gw_boss_kulounvwang.atlas.gz,759dea8c4e9c745e2367fa1e1354338a
E244530993A8AA631FE8A86DE94010F6,21753,res/animation/monster/gw_boss_kulounvwang.json.gz,9d300f635b5cb8daff23616b0ede335a
24627031BC94F1623E7236063501B981,485,res/animation/monster/gw_boss_kulounvwang.pkm.gz,6031b32f7b5b6cb392052f3ffffa51c2
CC8B2A2881D7C7D8A22F08CC0A840287,490,res/animation/monster/gw_boss_kulounvwang.pkm@alpha.gz,6a9103280480bfa07b71f9ac60e7e856
27B6EDB9B34BB1CA6FD61ED8B370FC5E,1045,res/animation/monster/gw_boss_lian.atlas.gz,23df539fd971a0da7f5b987f5fc4d128
E714F376E7656FD978DE5ED1CDB5A2A3,28620,res/animation/monster/gw_boss_lian.json.gz,1e8441ae4d95b6624d11aae04c79c579
3629202E50CB3E741591491D605FDF24,118282,res/animation/monster/gw_boss_lian.pkm.gz,c485fef03e95356cf9646eb977a4f809
4CACDDBDF71657D7B9256BA2A63C1427,58660,res/animation/monster/gw_boss_lian.pkm@alpha.gz,77ab13ee74da9935df2d83309d25aafc
14684DDCBC0889BADF23212C3E84D825,1079,res/animation/monster/gw_boss_longqidajian.atlas.gz,80595e786813937714320ec19cb18a58
A68A7B2E6D15DF43B5D589E44668E2D7,66372,res/animation/monster/gw_boss_longqidajian.json.gz,b494950818f129a1f8cb58e5079eb38a
FACC140E1F16A259CECC472BD4682C44,200825,res/animation/monster/gw_boss_longqidajian.pkm.gz,6c2258d5e3dd3488fe0b5dc4789f6263
009D6DF57488E86E57D492D9F46DE42C,59576,res/animation/monster/gw_boss_longqidajian.pkm@alpha.gz,f397496493857149f1e849ee6de5ee69
5FD6624EA60BC87E6222EFC07E1A2611,1076,res/animation/monster/gw_boss_longqidajian_blue.atlas.gz,8004f19cc97101aacfe8973e1f18fbd5
DB36ECF1A8938B20094F6A0BF33D8C61,34151,res/animation/monster/gw_boss_longqidajian_blue.json.gz,3cb529a797fc81d2ee81c443624dc4fd
D06D167EEF148CE42572765BCC44EE53,171908,res/animation/monster/gw_boss_longqidajian_blue.pkm.gz,9880969451816fd0bb92554ba53c1ebd
E4B391CC9FC672872BAEE1A81C1BBE83,61142,res/animation/monster/gw_boss_longqidajian_blue.pkm@alpha.gz,1a7d4e2759c4a7667de11bebdeba9050
171A8BBD31F8DD758C3768A0A59E7CBA,1008,res/animation/monster/gw_boss_longqidundao_super.atlas.gz,69978ed123be5b506d7e0ee6aa4e5e32
5E53B2475BCA9D2374DCA0EEA29F6209,37827,res/animation/monster/gw_boss_longqidundao_super.json.gz,1c3fe5d220d6c4bd54629a817262135a
7FA80B0EA86F0AA81C9790239BB95E3E,107216,res/animation/monster/gw_boss_longqidundao_super.pkm.gz,7decfd27a376aad949976fe6867fc168
7C8A3A9B75748071724F3C694687FB60,45399,res/animation/monster/gw_boss_longqidundao_super.pkm@alpha.gz,5da444251bc5795fbeadbf3e8476126e
05E622A1B4C3927F0C90A520CCA33C97,863,res/animation/monster/gw_boss_longqigongbing.atlas.gz,1521099518f543b76c11cb6902ddec3a
A4FA8BE53A97FFAB037FE123D6BD6F63,35421,res/animation/monster/gw_boss_longqigongbing.json.gz,9ac70ef4f74df98f373806724b7ef38e
E006018BB5809B07898515085365FA09,90396,res/animation/monster/gw_boss_longqigongbing.pkm.gz,f02a2b62ac39b19ce21eae80a327c2d4
AA7FECA05CF2619216F441256B399FC3,31238,res/animation/monster/gw_boss_longqigongbing.pkm@alpha.gz,7e3ced7fa536da95169455fe73c887f5
29924AE4F12637DEE0F9A59A2637C706,908,res/animation/monster/gw_boss_longqigongbing_blue.atlas.gz,4cf750b870553bebbb5e44a9d20d134b
044CBE4D2E3B203E1CF44302B22DF53D,34908,res/animation/monster/gw_boss_longqigongbing_blue.json.gz,4ee8d2c6ea9886fb4943568c65a8de3b
4BBE3B8FC9A2806B2737DE6000FB5C8F,69857,res/animation/monster/gw_boss_longqigongbing_blue.pkm.gz,459b9127b6f218aed2ab81e7f65232cf
D5E0C040E182BE150669FE0CD5E26D24,32383,res/animation/monster/gw_boss_longqigongbing_blue.pkm@alpha.gz,1ba7a21191f889e8181ff38958a380d4
DB09739998E1A5901D9C67987BD57F7F,725,res/animation/monster/gw_boss_longqijuji_blue.atlas.gz,afcd98b85d7f484fe94deccbd40155c6
B7E55B4C0A67D09C9D040E7BCE467C4D,10691,res/animation/monster/gw_boss_longqijuji_blue.json.gz,1e2934767d335093cd9d6750654741bf
2BD4393D2E811FDDCB1796F46C865C53,64181,res/animation/monster/gw_boss_longqijuji_blue.pkm.gz,6aa2daf4789ce54e11be36a58d61c940
66C31CECEFF6E3455939E7BD6772B188,24684,res/animation/monster/gw_boss_longqijuji_blue.pkm@alpha.gz,a932f4798361a020e898ced4d39ebce3
7DA1F57ADBE6C2AF4D5A819BE709294D,743,res/animation/monster/gw_boss_longqijuji_super.atlas.gz,431fec44a36e21bec9bc78f54c481312
F69FA9D4AECB5D634DB6AB49355A784B,10859,res/animation/monster/gw_boss_longqijuji_super.json.gz,ca52f38c836ea1d585885de8ad140c9b
1BD291D7676B069CAF9C16B2C0A90A93,71805,res/animation/monster/gw_boss_longqijuji_super.pkm.gz,97777882c39f7ad1508552bae087dc80
8898BB565496D190B20F6BD564C513C5,25263,res/animation/monster/gw_boss_longqijuji_super.pkm@alpha.gz,a57610030e4b9a6cf59140ce68c5ab39
CD1B349388270AFC161864E2DDFB37A0,1042,res/animation/monster/gw_boss_longqiqiangbing.atlas.gz,03fa0a1cf9cf6338f9ec3e9c0abc3f8a
1E74C289EB8AE49CC10E5A3FB09BBD0C,58050,res/animation/monster/gw_boss_longqiqiangbing.json.gz,88eca2c1bf628ba1ad025f61d73903dd
BD1529B6E373252955433C87F2F19C56,158429,res/animation/monster/gw_boss_longqiqiangbing.pkm.gz,43d2102647b302bb97e442ea6f6a61ec
22DD78D298F4D6A62CAE173DF685CA24,52409,res/animation/monster/gw_boss_longqiqiangbing.pkm@alpha.gz,14627e7a35473e43f6cf040adbcf8c63
BE47FE1534EAF6489CA1C82B1FB77E22,902,res/animation/monster/gw_boss_longqishuangdao.atlas.gz,757e028fcc0af67ff2642f9dc965dbd7
F1D1C923084630983FBF1E04BBA65F2B,35359,res/animation/monster/gw_boss_longqishuangdao.json.gz,bad1fcca01d5bad91f24da7514fd0cd3
E83D7EF8CCDDFDF5964544FB46C6F4CF,75123,res/animation/monster/gw_boss_longqishuangdao.pkm.gz,30464d5ba9324956a0933dd130dffcc1
FC73AB9E34C104A01CF135C9AF23D441,26124,res/animation/monster/gw_boss_longqishuangdao.pkm@alpha.gz,96b875745d6c011c5a05c920d90bd336
81735E1AFDB58FA0F4705EC5314E1818,887,res/animation/monster/gw_boss_longqishuangdao_blue.atlas.gz,488f67e2e6f01406cefc55cecaffad9b
170FEDEA05AEA1DC23CD2D357593CBA9,26785,res/animation/monster/gw_boss_longqishuangdao_blue.json.gz,1c9cc981811d4075aace67d6f724f16b
06DC83005D3BCA6539BE280F03942D51,62774,res/animation/monster/gw_boss_longqishuangdao_blue.pkm.gz,b37eb422e9c6538c60646b05aac52452
A232A76CD713D49ABB62DC7C7A176CCE,26715,res/animation/monster/gw_boss_longqishuangdao_blue.pkm@alpha.gz,1418af69f16c0bc05a2b901ac29bbcaf
6BEA5C9CC945AB4EF88A72EA81CFF61B,876,res/animation/monster/gw_boss_longqishuangzhua.atlas.gz,59bfa175fdb23464131cebe2dc23a470
6BDE74183DC4B98CB6B73ED444333EF3,39919,res/animation/monster/gw_boss_longqishuangzhua.json.gz,4c526fac2345ac07dcdb1456a37962a9
24B331C759A1F158C6EA07A068580A29,77686,res/animation/monster/gw_boss_longqishuangzhua.pkm.gz,bd95f52f1ae224bcc7ff2d61a83d1903
F633CCBE9A197A657B6C2FAF2079AE8C,26841,res/animation/monster/gw_boss_longqishuangzhua.pkm@alpha.gz,1f8850fe740353d48bf4e1fa449565ae
BB9714C8F0AC161222A337D36C415B0B,1232,res/animation/monster/gw_boss_longwang.atlas.gz,c6bf6200412c87a55b46cb596cab2e22
5DFE44F47BB56FDF1599F5D7C77EAF67,75278,res/animation/monster/gw_boss_longwang.json.gz,19644a003ec173453c1029f45f1538a3
38A5613FE812084B9FE8F0136CAB93B0,3219,res/animation/monster/gw_boss_longwang.pkm.gz,7568bbe4ff5cda719285c4e90f266f25
63993E26321DCCD727F9ED7CC5892AFD,3222,res/animation/monster/gw_boss_longwang.pkm@alpha.gz,6b3eafe81e82f0e132da0ec2e00554d5
A79ADE36D783DB26279540DA93E1D9C6,1036,res/animation/monster/gw_boss_malieke.atlas.gz,a370f3756678c7147226f9f8e2b522a5
310E778C7309886DAA568DB1E66E1C26,135677,res/animation/monster/gw_boss_malieke.json.gz,247b5ad44b6183dac66773f18ea53177
12DBCCCA2DF3E4B74C2CAE8E521D568B,239752,res/animation/monster/gw_boss_malieke.pkm.gz,0cadecc7e338732ba1ba3baccf61b91c
2B4267C5B098FB46EF2D12B6F657726C,88245,res/animation/monster/gw_boss_malieke.pkm@alpha.gz,9a72161bdeb3ab8d89c3408219707e13
22C50C1E9831C886E2488A67729DE3B6,1277,res/animation/monster/gw_boss_miusi.atlas.gz,c7edf521a12d0f68ff3d597db77533ff
C3E27C60E3FCCE8A327CA966FD3E3E9F,71268,res/animation/monster/gw_boss_miusi.json.gz,8dfd822f73113a8879fdf5f0a8b93a8c
79C42C56345B23638D430C1AD01CB950,249261,res/animation/monster/gw_boss_miusi.pkm.gz,3bd669b988648e1f9d643c2c86ed92b8
F077F2C7888AF3F6B9F4217DFD2271B0,85154,res/animation/monster/gw_boss_miusi.pkm@alpha.gz,769b3fa334ad86fe9d6971c9535d2442
93CBC6A4D0C3B619F5CE774C546826DD,664,res/animation/monster/gw_boss_newduyanxukong.atlas.gz,0833d626e2ca1b57a902a5a951433a65
7AF220756CE785ADC68922BAEA026802,25242,res/animation/monster/gw_boss_newduyanxukong.json.gz,3cf4c848f59aee359ce0fabea3825faf
75482BA77B4D8C0EF40AC992AF2E2F3B,136927,res/animation/monster/gw_boss_newduyanxukong.pkm.gz,b064e74776098a4389ad92539252e57a
3654F9552F9E5713D2889AADC515AC3F,42263,res/animation/monster/gw_boss_newduyanxukong.pkm@alpha.gz,114265d4dc81a32eeed2f70a1ead2afa
92964BAB3917E90BA608B65D63090C14,1015,res/animation/monster/gw_boss_nianshou.atlas.gz,bd673b62a6b818db3604b29d9c6b30a7
F14F2FFB6118E936148F3B5E39A460BA,133563,res/animation/monster/gw_boss_nianshou.json.gz,1f2ac37a0eb0c2101faa8a9809bcb670
B8C27E639149FAF173F72237941C4E7A,87360,res/animation/monster/gw_boss_nianshou.pkm.gz,76bb7804e3121b0b275cc69332d6ec8a
A47BF2DD018B258B1229215396D2E105,32982,res/animation/monster/gw_boss_nianshou.pkm@alpha.gz,1c06d656668c70b39bcd274ffe069927
F14207D2D7B0547275A82A9FF61DF015,834,res/animation/monster/gw_boss_niudanji.atlas.gz,ea682ba6b67f374a7c3f9e7d93472089
AB85674EE727A4120A74B5737D955269,17252,res/animation/monster/gw_boss_niudanji.json.gz,f9fa79f4ed6d48bf691f644c22a268ef
7F90C52B1E8DA0F6F540F6151F276C92,40406,res/animation/monster/gw_boss_niudanji.pkm.gz,4c8c03fc0a050fb64f684c7829c3c3e0
F1486473DBC330ADDEE0FC75B8982061,20361,res/animation/monster/gw_boss_niudanji.pkm@alpha.gz,306de0522c592073bcfc06e88395470f
3F83D9F9FD98E0235A2A9ED0184469F1,924,res/animation/monster/gw_boss_nvwangyong.atlas.gz,6c1d82d354baf793f42dde632e4a0c78
0F58D4BC070ABE0A75BD6273C9B991F5,37306,res/animation/monster/gw_boss_nvwangyong.json.gz,0ccaff1d699c8892ddbc72ccb76d878d
FB9AD9C87672E1A9DB45561847D958D5,3219,res/animation/monster/gw_boss_nvwangyong.pkm.gz,7568bbe4ff5cda719285c4e90f266f25
3CF0E2C575129248BDDB90349B6FDFE8,3222,res/animation/monster/gw_boss_nvwangyong.pkm@alpha.gz,6b3eafe81e82f0e132da0ec2e00554d5
C2E5B3016AF98863F4382D2BC00BE98C,796,res/animation/monster/gw_boss_qiangjianbing.atlas.gz,8a85a14201fc79eff4f6efac3f679438
1A81109895DADF98DAF3726988E6DE15,44387,res/animation/monster/gw_boss_qiangjianbing.json.gz,faa33c164862bfbd5cd89f659bbcd4b5
FAC6ABD5C52280F0C0BEB525E0351285,79024,res/animation/monster/gw_boss_qiangjianbing.pkm.gz,d6a1dbf831752890a726ca0813bc29ee
863BEF4A3FF3FD6577BD304B2AECE8F5,23304,res/animation/monster/gw_boss_qiangjianbing.pkm@alpha.gz,4247597142fc545239d5627d3969e29a
B88D25F2117DAA6B2FCA58E5C8FB11E9,1236,res/animation/monster/gw_boss_shanbidao.atlas.gz,6b99dc3f41dcdf57df3c40c824415644
602503608FFC341FC6C19B7C9C7C4A16,112720,res/animation/monster/gw_boss_shanbidao.json.gz,9a7b66f170530a4c9ffba1f03d3bd162
92A90FA6AEE9EEC160A4F8DDD643A13F,38383,res/animation/monster/gw_boss_shanbidao.pkm.gz,d8bc9a398dff961c1efe2b20bee5795c
20A96CC1A822AA2FB7C385318688EC16,27637,res/animation/monster/gw_boss_shanbidao.pkm@alpha.gz,d0df53cf2e007d7b650fcb732c7b48ce
87B40A2C6F45ED8571AB2AD3405F739B,1634,res/animation/monster/gw_boss_shaye.atlas.gz,f6ac0c38e84d6fe95badc8830da9b6cc
CD254B567D5D0CF38A846137DA10F2C7,68826,res/animation/monster/gw_boss_shaye.json.gz,aafd073f16f576f1beca3a0424c5d779
D4D2570780CDEA63F732FE10B04C5D85,168930,res/animation/monster/gw_boss_shaye.pkm.gz,e5a8f831aec5b60eb96cb30079feae55
BEE3A0A5C3B8C645E079015BF7BBA1EC,75726,res/animation/monster/gw_boss_shaye.pkm@alpha.gz,5a4bfa782308c48ec0412df6a98058dd
1B7B7AD16CFF7E93B6BCE8F5E59E6E1F,1262,res/animation/monster/gw_boss_shenmiasilan.atlas.gz,c7c7252b33e38ff80a6d5675d66ebe6e
1779E6B9C8900425CDA3820FCC16BCFD,94160,res/animation/monster/gw_boss_shenmiasilan.json.gz,1f72d763901abe189dab3467a37fec8b
F70AAEFF77DDAAEE8934C35784EF8294,136904,res/animation/monster/gw_boss_shenmiasilan.pkm.gz,8d07d2b85feaf968132d6b72820f9d75
949F698D1C5D036B8A98735BC3E8C378,61380,res/animation/monster/gw_boss_shenmiasilan.pkm@alpha.gz,723e9dfafcef7e1c522061cedfd5c04c
41E3C6BFF9291014CCD58912451D5B81,739,res/animation/monster/gw_boss_shishigui.atlas.gz,4173ef2580d853c938a98532d7a2d3be
C04F1594BD05842DC547777F69DFF052,26478,res/animation/monster/gw_boss_shishigui.json.gz,951751067a1e0d7c0756e7d29929e489
CCE2C63C6D269518854A5C0F695932DC,22547,res/animation/monster/gw_boss_shishigui.pkm.gz,2df4b5df1e6ae3a2c7075af3f2173c91
0DD58EBB33FD75337374122294C4BCC2,7798,res/animation/monster/gw_boss_shishigui.pkm@alpha.gz,5f4c3037e827909127b13eb10d0457a3
FA7A114E9899152359E295B1F349E1A7,752,res/animation/monster/gw_boss_shuijing.atlas.gz,157abe2fdef9fa46dd44430ea5b92140
2588B41356DD438CC8939FE49172156F,4967,res/animation/monster/gw_boss_shuijing.json.gz,1575082300ae6428a2c42700f881446a
0D3FFE7AEADE63B78B6EA879566E6759,61717,res/animation/monster/gw_boss_shuijing.pkm.gz,444c9c6e6a801b97a8934b267ddd02f2
B01EF5479FF13800BCB84E99E605B7A4,31100,res/animation/monster/gw_boss_shuijing.pkm@alpha.gz,e1240316ca2c9aade687727207f05cd8
F49B36BE32986AA8A9367B17CE71EBF2,1201,res/animation/monster/gw_boss_simen_bianchenga.atlas.gz,5946adce3ea7272d222639d6ecb853de
DAB2C743FEE8C55E58A60BFC193B92DE,9476,res/animation/monster/gw_boss_simen_bianchenga.json.gz,a452a214f8c6d86b209b7c8fd8f82a76
C31EF6B27F797F050EDCA861F5397D67,335211,res/animation/monster/gw_boss_simen_bianchenga.pkm.gz,969662f30d372c2a8eab449963942173
553C0CA77D97A1FB4A93195B0D10F820,171799,res/animation/monster/gw_boss_simen_bianchenga.pkm@alpha.gz,72617b9e04fce36140a6580171d6f559
79E3BC563FFA20DCDFD127C8656087A5,1201,res/animation/monster/gw_boss_simen_bianchengb.atlas.gz,99f572a75e5428ce5bd67ec11f8160fd
96CE20E0B4491A13291DA765D182A770,9470,res/animation/monster/gw_boss_simen_bianchengb.json.gz,4d9d148dfc6f4b629f7ffd5ea1b8a0e6
06DFE5C92CBBB7EA7D3267845DF6504C,335211,res/animation/monster/gw_boss_simen_bianchengb.pkm.gz,969662f30d372c2a8eab449963942173
9A05CDD9E9A2A804436BDB39D18EB51C,171799,res/animation/monster/gw_boss_simen_bianchengb.pkm@alpha.gz,72617b9e04fce36140a6580171d6f559
CA273246FABC047A34ED97876FF33ED1,1201,res/animation/monster/gw_boss_simen_bianchengc.atlas.gz,5420c38162338ff1c2d457b967867ce6
F569BE7F1B018EC8F8F4A1D57A1ECD59,9471,res/animation/monster/gw_boss_simen_bianchengc.json.gz,fe58d0559bced4ed3e71d68021b1b7ea
7D3C53D59B76B2FCB05EA733CB02EB38,335211,res/animation/monster/gw_boss_simen_bianchengc.pkm.gz,969662f30d372c2a8eab449963942173
0AF1D0BC5489653D74CD06D5E4AD4162,171799,res/animation/monster/gw_boss_simen_bianchengc.pkm@alpha.gz,72617b9e04fce36140a6580171d6f559
8446EE62DA10D42130994CDAFDECC02C,1201,res/animation/monster/gw_boss_simen_bianchengd.atlas.gz,300d27392d057c1502189247be92fde9
D046CE4EB8D160111FFA630BF745C299,9470,res/animation/monster/gw_boss_simen_bianchengd.json.gz,4d9d148dfc6f4b629f7ffd5ea1b8a0e6
5EA4E809057773E8F8A951A9EA6F5C2D,335211,res/animation/monster/gw_boss_simen_bianchengd.pkm.gz,969662f30d372c2a8eab449963942173
A8242B62BC530FA2C0F07E1660EDF7A9,171799,res/animation/monster/gw_boss_simen_bianchengd.pkm@alpha.gz,72617b9e04fce36140a6580171d6f559
71C1C9264E2DF200BC5E6DFE246B1260,1208,res/animation/monster/gw_boss_simen_zhongxincheng.atlas.gz,17ab59ce507af1452c6d3fe697d6d5d5
7423747F2912953D3C4B12649AEB741E,9470,res/animation/monster/gw_boss_simen_zhongxincheng.json.gz,af084f47f2c1a890d011b422b81474c1
F43C1AD7CDB953287A63CCB9C35E658E,335211,res/animation/monster/gw_boss_simen_zhongxincheng.pkm.gz,969662f30d372c2a8eab449963942173
ABB8151FBBEC90AA9D02D8CD8899A091,171799,res/animation/monster/gw_boss_simen_zhongxincheng.pkm@alpha.gz,72617b9e04fce36140a6580171d6f559
48E7F8A751F474A787B5B4DE803CDED3,988,res/animation/monster/gw_boss_siwangshou.atlas.gz,385763a12b2e5e61d92faa95e53d2d90
A9DD1988EB06181629683CF66CB1ACDA,45685,res/animation/monster/gw_boss_siwangshou.json.gz,1e48f104c72c7bb5236f674104cd3ad7
803C86E329FDD862950190AE2B502171,103020,res/animation/monster/gw_boss_siwangshou.pkm.gz,3a6b9ed6545f1e4df7b7dc0034d11a0d
CBA79581BB30068224A6923B885DACA6,35459,res/animation/monster/gw_boss_siwangshou.pkm@alpha.gz,a44f21c87880808e59ec55084220edd9
73C9B4EE2291CE7D9FE838B4CAA1F730,1001,res/animation/monster/gw_boss_tanglang.atlas.gz,922ec607f4a78f7ece0da5a052dd2bbc
1D16D076184F0B0F8219523CDA3E9B2B,20602,res/animation/monster/gw_boss_tanglang.json.gz,9f6568be6a0a2ab3c4411cc93c61c651
0E6D8FF717E1149F89958E49BDDC1468,161304,res/animation/monster/gw_boss_tanglang.pkm.gz,d212d68d45f38474ef94cc50f6ee4ccd
BD9C614400594F0BC76A2CD7EC08D430,69015,res/animation/monster/gw_boss_tanglang.pkm@alpha.gz,9e2ce3d760330c4bc0cfe496d7cc3af8
D14B2561DCB6AF3F65DE6E053A1DBDD7,640,res/animation/monster/gw_boss_tongkuangshi.atlas.gz,f6f02f7bc950d6913157f5ca3c103538
710224C462D640CDDDC258063BD7D33E,2577,res/animation/monster/gw_boss_tongkuangshi.json.gz,607728471696500bcda6684642b5aab5
791ADDBA3C599CBE4F0A629EFAC54C63,39456,res/animation/monster/gw_boss_tongkuangshi.pkm.gz,8472c49e5c9dc05be64bc452fa7f0ce2
0BC6B0E6B8EDC239A7EFBC33DAFFE646,23376,res/animation/monster/gw_boss_tongkuangshi.pkm@alpha.gz,11c5f4a02c435ccee1d9feeedf6cb488
47B34A5F7846599708C81D69D8CCA1C8,1714,res/animation/monster/gw_boss_toumei.atlas.gz,5bea7c46ac44f1840c87ef079bd2f4d8
765862EBB6471856C71C8E587C29A245,35025,res/animation/monster/gw_boss_toumei.json.gz,0943bf35b23824b71d7c1542ed4a5b3e
1C30B4BC431C0F9A75D5FF86D4FB38C2,149487,res/animation/monster/gw_boss_toumei.pkm.gz,4dd8739edcc97743c35c6ad7ba83c1d1
AA2DE37A443BEF741984308ADA7CE831,67628,res/animation/monster/gw_boss_toumei.pkm@alpha.gz,4d6afd982044642bb54b00957afb05f5
4054BDED3C06823DA5F24D9276E11976,835,res/animation/monster/gw_boss_wanglingjunguan.atlas.gz,0c3d32900085abbb5bc80f12c5b76d4f
F7948760627D316BB395BF9929CD2444,20876,res/animation/monster/gw_boss_wanglingjunguan.json.gz,87e2bb8700a2b077c857d1b972cb8acf
47A5E6C2EAFB1B3BF8AD217EF0DFAA73,1700,res/animation/monster/gw_boss_wanglingjunguan.pkm.gz,fa6001d26cbfe4a2decd4fca9641198f
4775B08737FF54B202909535F01A10BC,1700,res/animation/monster/gw_boss_wanglingjunguan.pkm@alpha.gz,89e7972dd4437fe99d6c7cb647fa43ed
D915AA75C47DF684D383E6E527983BCD,1064,res/animation/monster/gw_boss_xinshou_jumoduizhang_red.atlas.gz,6212043a88b7dc3ea8abeb2cef11b3af
8B60B4BDD931B1FC43E80917C4BF975C,96481,res/animation/monster/gw_boss_xinshou_jumoduizhang_red.json.gz,fb2bc128e240b9592d8ad17b873b512c
C72217048F5B463D91A3AE7FEF2DD4FE,233306,res/animation/monster/gw_boss_xinshou_jumoduizhang_red.pkm.gz,fdc1bc5c6890ecaab31bab3ec3f688be
167DDE40E4CD7F673E375DFFA84C16D8,85562,res/animation/monster/gw_boss_xinshou_jumoduizhang_red.pkm@alpha.gz,236b60a23cdf93b934e6dccb2628f785
81FA79E3F15F83E1ACD780BDA46E31CE,1101,res/animation/monster/gw_boss_xinshou_jumoduizhang_super.atlas.gz,e381b8b98605f9ccbbcd246a39a0aefc
081D65F8687B4BDFF70E214A0C66E841,96626,res/animation/monster/gw_boss_xinshou_jumoduizhang_super.json.gz,0fd4e56fb10c3a86c60d146c76c5aa25
0BE9157C64FF1FA385D65301C160CBA1,429040,res/animation/monster/gw_boss_xinshou_jumoduizhang_super.pkm.gz,7e356fde237693468ca2dac5b53013af
329AA7D4C7D25ADB051616CB71840F0C,113821,res/animation/monster/gw_boss_xinshou_jumoduizhang_super.pkm@alpha.gz,56183f09db691badd2bf7cdd28b4f764
26AC5942F13742934520D43194300C4F,1489,res/animation/monster/gw_boss_yamei.atlas.gz,583a40c80599a7e372cfce90cbc9fc26
4529059AEC32D00484F553127B5A0C2C,63847,res/animation/monster/gw_boss_yamei.json.gz,d720e504f45c1caee3b8fab3ce62b293
26DA07C6854B22C900318FD2E54781C8,394813,res/animation/monster/gw_boss_yamei.pkm.gz,9a1652675dd617fd85b5cb5de9fe42ef
E912854BFB4300EC7AB8809751C21091,176446,res/animation/monster/gw_boss_yamei.pkm@alpha.gz,c2b61c92dc6647780b3b8a79b4c60cb0
93376FC8E6780052AFAE5309FACE179E,1439,res/animation/monster/gw_boss_yamei_hong.atlas.gz,73bccbfa8445f075a3618b19c1964102
A75E176F7A3BB4786EC3826B6EB1213B,63884,res/animation/monster/gw_boss_yamei_hong.json.gz,e7914bf6cf99fc587efa47cb5fe12cf4
D86C2FA92C0BCD36B4719914ACEBC96D,308017,res/animation/monster/gw_boss_yamei_hong.pkm.gz,358b178d50ce9e4a3b1e443c912bc0b9
1BD53C9653A4676AC58942F001C39923,121782,res/animation/monster/gw_boss_yamei_hong.pkm@alpha.gz,33dac70916f75094b77532853dc0a644
580C33132A7215ADB914A42FC68CD99F,1272,res/animation/monster/gw_boss_yangui.atlas.gz,f0bab9e5857ad0485e3cac0d9e33ad4b
75D3F0ADE777D027B1E2C57F2671E968,70817,res/animation/monster/gw_boss_yangui.json.gz,af66e042a561abfce9e7340fe2fec3a5
0471282084FE2B1A4DD898AFD1C133FF,341029,res/animation/monster/gw_boss_yangui.pkm.gz,a733d69ecfb1d7ecdca20ad714a90c08
F9067D669D6F90BF6BF08809262FFB31,98664,res/animation/monster/gw_boss_yangui.pkm@alpha.gz,ef48e02a54544cadd6036a39020f5e3e
1CBD66D274D82B0BFF08DB478D54CBF3,1270,res/animation/monster/gw_boss_yeshenjiexian.atlas.gz,12ca5455ee95976afe0a50c20541299f
4AD2750F750B5DD46FE9E96DC0AB65CF,59309,res/animation/monster/gw_boss_yeshenjiexian.json.gz,13a5b2e1e63e0f6e1d1cc2218ccc8898
D11D5232981E0E41AF269A0CF2F0EB7D,191877,res/animation/monster/gw_boss_yeshenjiexian.pkm.gz,05535e7b1e909b6bf82a573883d40b66
BBB77A96FE78215274F8DF1F5DA16EF4,75793,res/animation/monster/gw_boss_yeshenjiexian.pkm@alpha.gz,4960bb9b2c462fd872e3873474359d53
31A924C0E394CADB14543D5DEF192223,1143,res/animation/monster/gw_boss_yinglie.atlas.gz,1074c7a5b3ab047f566aa52dc04c8a72
95DEC7E852C7CAF1D7DC9E2400BBFC88,71712,res/animation/monster/gw_boss_yinglie.json.gz,e2351a329d88a579beed7e3bed791226
B61EBB6D4FA62FA306F009CCE9431A5A,111149,res/animation/monster/gw_boss_yinglie.pkm.gz,fd8c30aeb08ed08849c212efc154be86
A66E88BEE59AD3CDCB154AD350E8DF44,53570,res/animation/monster/gw_boss_yinglie.pkm@alpha.gz,9c119d2a5c8355e0b708b33d5ccac6a4
F63D7E6E9286D63249AF5EECA83372C1,1149,res/animation/monster/gw_boss_yingwang.atlas.gz,c2cb1d691676c15f1e85bd840d4808a4
F47B00981AC507E958BCE5A671E8FE93,66423,res/animation/monster/gw_boss_yingwang.json.gz,667f42b9755ce6e5466f641d00048fe2
7CD8A9A5EF78A074A9D0B903A5D8FD3E,139134,res/animation/monster/gw_boss_yingwang.pkm.gz,4df3c747cfc23ac16d15ef0143d95f77
09CF67687D343F918BEBB1988471B75B,88405,res/animation/monster/gw_boss_yingwang.pkm@alpha.gz,5ec8eab36c0390e3371fafac12faee58
D78491B622D4E0B3DC4683272375B714,579,res/animation/monster/gw_boss_yinkuangshi.atlas.gz,b6692022d097ac24465ee3b56fc7618d
1CEBDEDB52A0C0EB64986FE9B5608720,2167,res/animation/monster/gw_boss_yinkuangshi.json.gz,79f67776eca62ad8ab4d7b31d6fe58de
AE08239AB4AED56915C928E538BEABD0,42620,res/animation/monster/gw_boss_yinkuangshi.pkm.gz,f41bb1f48e3840f0e96202b38b68bd68
D9D375289396E276459DE0778D19B2B9,28367,res/animation/monster/gw_boss_yinkuangshi.pkm@alpha.gz,dd01ffbbfbb0b5e6d9267e8253a8583f
01A92DAE29052F8FC5BE71B870AC3733,1266,res/animation/monster/gw_boss_yizhongchaoxue.atlas.gz,106082c621d8e4447b05bd358c2a6a81
A33EA97EE97EAFE0C2D5EC9880FC9F25,10479,res/animation/monster/gw_boss_yizhongchaoxue.json.gz,be5a9b68097e21f78ce91be6aa6d89ae
5523C569486A2358D63A752D5EE631A5,339386,res/animation/monster/gw_boss_yizhongchaoxue.pkm.gz,b8adb27a02c50ea905bae85f11f3a229
9C1375E212854EF47FA9328FB41375FB,173024,res/animation/monster/gw_boss_yizhongchaoxue.pkm@alpha.gz,d39296b024662f0cb4efb4f98aeff6b7
9ABED862DD51F235BFE9926C6C2EEE2B,734,res/animation/monster/gw_boss_youling.atlas.gz,064d71975062be790719121388001f90
2179FFE058C56D5C9F155D4A03A38758,10695,res/animation/monster/gw_boss_youling.json.gz,3681dd04961274bae8cd51070d41b8b1
26FAB221C1916D8A9E6630C95486F9B5,68425,res/animation/monster/gw_boss_youling.pkm.gz,1b1346ff5d5dd2c335331f872ba34d23
1E7A4FF51D7F4EDC25611DC4FCBB14E9,18136,res/animation/monster/gw_boss_youling.pkm@alpha.gz,67f7c97f1a2cf57d63b8a5e316df9c94
8F70A036400E29284B5AC4D4DD2458A3,1492,res/animation/monster/gw_boss_zhangyu.atlas.gz,de9d03e89caf5499363ce8b3ac2f632e
AB4D1B28190AA412106AD4D8E3444639,75115,res/animation/monster/gw_boss_zhangyu.json.gz,c0bafec1bcd0a6ecf449e374cdb73f61
320C62127FFC7C31304870BA886F77FD,132553,res/animation/monster/gw_boss_zhangyu.pkm.gz,2ca700c7384283c36164e119467af678
9CCFB667BB73B8210C703FEE6F711302,75754,res/animation/monster/gw_boss_zhangyu.pkm@alpha.gz,038e07bbbd31f2dcc4f7d57f6931016a
5D6CF2F0A20A31F2E26BEB4D8FC8C635,1042,res/animation/monster/gw_boss_zhuixingshou.atlas.gz,05e283eba51f1dad114a5e492f6d4f7b
D2019635FB7AC941DA8C4DA269AA1DC3,35133,res/animation/monster/gw_boss_zhuixingshou.json.gz,1fceb33230cabb33b9e20016ed049e21
F8983B9F5B30F2333A61CE2E77BA92D9,176033,res/animation/monster/gw_boss_zhuixingshou.pkm.gz,21c05f03fa2e50c5341e4a12dfccdda2
F5C4417FCA171EC7E932B7EAEDF7CDD7,65602,res/animation/monster/gw_boss_zhuixingshou.pkm@alpha.gz,7be5dc102546ae8f61057d0c3239d071
6D1286729B8D477E325C8A12B459EB4B,780,res/animation/monster/gw_boss_zuandilong.atlas.gz,73ae1eeec90161315d6d43633d00ed09
42CFFDC06D63441E5F8326D7140F2125,43762,res/animation/monster/gw_boss_zuandilong.json.gz,04e70213e3e9c3de7731eeb63a0d5ad2
239B24B0C4201C10074F2D3810A3EB80,112752,res/animation/monster/gw_boss_zuandilong.pkm.gz,1b7f4014b64b2c89ec52f717cddd9d59
7EEED2A76B9A7F4AAF50413E887B737C,64417,res/animation/monster/gw_boss_zuandilong.pkm@alpha.gz,346b4f130cd315b65204b0cabeb37b2d
9A0180AB0849094660AE1676E8560BD2,555,res/animation/monster/gw_chushou.atlas.gz,fe47b8c6343bd6a3b1726f236c1554ea
FB8DC87ED4B85C2969C016C963356AF3,40673,res/animation/monster/gw_chushou.json.gz,2379986aea611df273b983d31a75d69a
1F73A0ADAA88F576B28CCB9E54670A73,95758,res/animation/monster/gw_chushou.pkm.gz,263e9556f7bf88a4f7faece8a52e7438
5A0E5F0E6BF024CB55EF98FDCDE44C3E,48226,res/animation/monster/gw_chushou.pkm@alpha.gz,ac10b4d4b3066b8f1d6188b3cfb57517
C374E5D6675D15EDAAD9213B29BC7FAE,549,res/animation/monster/gw_chushou_bing.atlas.gz,df233a32fa9abcf0d846bc8e4b652044
B90055F486920406DC936E2D0250941A,29273,res/animation/monster/gw_chushou_bing.json.gz,121d6cea9fe4af75ec59d03f0c9dda23
46454BF3A1FFF56A497237A52F903EF9,110835,res/animation/monster/gw_chushou_bing.pkm.gz,3b5e4317e8c1693795572fc383a0f9ec
EBB1E5E03A20C1ECFE46548C08EC3650,49033,res/animation/monster/gw_chushou_bing.pkm@alpha.gz,6aa98a53b2a42230eb6ed7d5b5ade7de
7C5A5B9771D0C8ABA75FF4DD7D390554,553,res/animation/monster/gw_chushou_di.atlas.gz,3747294df78d2fb3fc2061f2fadb7429
2601727848393C127655CCF5E91983FA,29530,res/animation/monster/gw_chushou_di.json.gz,ddc813a25b4277ef7babf4f0fb201d6f
3C9E447092ADA569410B9ABC18113CA5,111291,res/animation/monster/gw_chushou_di.pkm.gz,2b61c9ab7ea30ce4659e5700efc7ecca
E7A4803E412CCB0DAA000FC4C9CF349D,50652,res/animation/monster/gw_chushou_di.pkm@alpha.gz,4608f6fc89444c481099651b4321b3a9
3E8E881C46D6C02B33117CE0BC1E0884,550,res/animation/monster/gw_chushou_huo.atlas.gz,407c4aeec6e7b84948348431517b1570
F90CB46C40468001A6F8E049EBE7BFDD,29109,res/animation/monster/gw_chushou_huo.json.gz,16ce6d6cc97cc95956c2f9062431fe76
45294F92EB2FE8815BC25E1ACC7FD858,172317,res/animation/monster/gw_chushou_huo.pkm.gz,7ffe5329dd97f6b772bced7ac8bf6f2d
68D7ACF1CF3C70FEA39E643F19EBB4C5,88886,res/animation/monster/gw_chushou_huo.pkm@alpha.gz,4acc0819a55ef071c0c6f545d458f48b
974811E23E016C1088869DAD010AC86C,571,res/animation/monster/gw_chushou_lei.atlas.gz,4ac29556d3d825450cf7d842e7340989
827FAA55451F3DF4821AF501B54F7254,29250,res/animation/monster/gw_chushou_lei.json.gz,495eb51ebdb11c52d74c301a6311d765
F1CABBD42F8230350CD696FDD2E8199D,156545,res/animation/monster/gw_chushou_lei.pkm.gz,7d0901ee6973ca3501165b81966a0d44
DF9F9B7F4A2ADC2652553131D380A6B7,72413,res/animation/monster/gw_chushou_lei.pkm@alpha.gz,5149915b9b1225e895a262a836fae5be
93AC862BD884D551D48B68C76126BD46,549,res/animation/monster/gw_chushou_wang.atlas.gz,e3d5d2284443993cfbf350db31af868c
5F55CE62BDD1418E8B64A3007BDC4570,61015,res/animation/monster/gw_chushou_wang.json.gz,ae753eb331eaa2b0a5e072bb5af2a029
E960071F7235EDF992D5AFA25EA4F16A,183676,res/animation/monster/gw_chushou_wang.pkm.gz,cd4bba1f2d74de5343c99035ffb48181
7FC6669AF228490F3F03604122767237,75793,res/animation/monster/gw_chushou_wang.pkm@alpha.gz,60db6d0aeb2fc7e127a24b9f9e7a6845
4D89E738D2E20EBF678DA8996623194B,787,res/animation/monster/gw_kbboss_zuandilong.atlas.gz,14ab64682c3a91823ee8857d5c77d92d
D1FC01B80A0A75BA83569F478F1B9FB3,21790,res/animation/monster/gw_kbboss_zuandilong.json.gz,694a3fec4cc1c58fbb1e76d88c35be5c
E318F4D13A9CC746B9CCD987F5E13381,112752,res/animation/monster/gw_kbboss_zuandilong.pkm.gz,1b7f4014b64b2c89ec52f717cddd9d59
B2B09FFF46B305181121474EE39C52F5,64417,res/animation/monster/gw_kbboss_zuandilong.pkm@alpha.gz,346b4f130cd315b65204b0cabeb37b2d
158D866FE26F16492D8899CB668C07D3,1199,res/animation/monster/gw_s1_robot01.atlas.gz,c1e6018548eef4e38bae9eb733b4a11c
828CAD593D4EBF8A980EA502C3E66622,10315,res/animation/monster/gw_s1_robot01.json.gz,d1c7c3caa56348c384e14d5357a13dbd
E11E6E81F61470AB6D7FF6D7E1B1C43F,286040,res/animation/monster/gw_s1_robot01.pkm.gz,46684db066205aca7849e8fc21213672
377F7016E4C199925ADD2677B105198F,148387,res/animation/monster/gw_s1_robot01.pkm@alpha.gz,f4142e64b0af995ee1a0bbf4e48fa38b
52619648960C83D9607D145EB617E195,1222,res/animation/monster/gw_s1_robot02.atlas.gz,8efb954e79b4764a14e5fbd2f1e8ae7a
92B1A7EE2AB387FA167BF0F4DED0F9DF,16676,res/animation/monster/gw_s1_robot02.json.gz,9f46e79d7147f26de31eee9e21bc0aaf
E38908D10BDF26B308047148FEF5A5AC,51217,res/animation/monster/gw_s1_robot02.pkm.gz,456a687be1a9e653149e156ff319473c
B0301C70FE384A656E986E83BD579E1D,36984,res/animation/monster/gw_s1_robot02.pkm@alpha.gz,1e92df5f536db0c42e8f6a0c8403475c
0A3806DA550CA09F76B87BC12F618804,738,res/animation/monster/gw_s1_robot03.atlas.gz,24229bb4a7a15bc6a4e5f2079c45e48a
E8ACCE8F355D9A118C6FF892EAB2D1F7,32138,res/animation/monster/gw_s1_robot03.json.gz,24b45f3ab59400490e6e04da1d7e54d8
3EA3EE0AC1A9BDE98EA14F08FE8E3501,29242,res/animation/monster/gw_s1_robot03.pkm.gz,d2d973306d0061f5764af1d826817565
4297674703C8924FCD5BFE7913D1613D,10443,res/animation/monster/gw_s1_robot03.pkm@alpha.gz,5c5cbdf29f1d3a72946f0d153417e9bf
25160F53FD986C46EEEA98FD46E2982F,784,res/animation/monster/gw_s1_robot04.atlas.gz,46b94cfa893164b3cbddc121c5ff099e
A452255AF1077820A97DF9B117B1158B,18223,res/animation/monster/gw_s1_robot04.json.gz,9c48d9f8994310a17e4484b7c26daaa7
582A57820FBBFC96BDE736CA0A0AD0E2,109213,res/animation/monster/gw_s1_robot04.pkm.gz,c6317661f2c400d037929c2692ddb119
8D180DA58D6FC06BAB4482C22028828F,60825,res/animation/monster/gw_s1_robot04.pkm@alpha.gz,ca4b56e58b79e4dd7ec461b9596859ea
AADD9FFE71012AF6B6EC37004A525360,1059,res/animation/monster/gw_s1_robot05.atlas.gz,affe2427ae7303c3b9e67394abede1c6
5B500D5AACD4A2DC731DFBB040698814,52924,res/animation/monster/gw_s1_robot05.json.gz,1819eeb1e2b061bd5b66444ab2cd45f8
5B28808689418A8843C6CEE27CBDD6B4,83950,res/animation/monster/gw_s1_robot05.pkm.gz,00065f1c465e24f8c0335695c9b7298b
208136EC3BBCCDEAB3F9B240CC8F509E,30508,res/animation/monster/gw_s1_robot05.pkm@alpha.gz,5210f2189b41c34dc07e7eca5ccff731
20B7754C4D3B8772B8A0EA605176A9FB,1116,res/animation/monster/gw_s1_robot06.atlas.gz,cbc7ad1a13c29173ebe8e19c586beeec
74837D22A0304479DC0A84E93EAA96D1,53830,res/animation/monster/gw_s1_robot06.json.gz,fc6ea18a2e5b22ab7c580067b81bfff0
DD1B526395A2E911FCEDEB802FF81FA3,54520,res/animation/monster/gw_s1_robot06.pkm.gz,36cd5096e343369cfc706836760c70e4
DC8863BCE2DFDE6785CFDF910B2440DA,23340,res/animation/monster/gw_s1_robot06.pkm@alpha.gz,90fd9322a96bcd6fb712288e4c0e7fd5
7451C9BE74C3D9BD8C7696ABBF176E18,1072,res/animation/monster/gw_shoumenyuan.atlas.gz,145eab8d59c7b6e6980c151188aa70c3
499B385F109BE35ECF02AAC8C00938E1,13814,res/animation/monster/gw_shoumenyuan.json.gz,e83f77eab58c5160ffd65e916fce8dff
F34E769F3C55DFC7B5A2B72A92F8FC4B,201849,res/animation/monster/gw_shoumenyuan.pkm.gz,76d554d7b207581b393d7df84aa67bfb
A4989ADB7474D618AE06F84475823C1F,65153,res/animation/monster/gw_shoumenyuan.pkm@alpha.gz,55522d86dc83d3e5947e675a9bcb9d16
2D272CBB9F710046AD1E038A7BA06E31,285,res/animation/monster/gw_trap_00.atlas.gz,38030cc6fd9b630f06cbb4ccce3efbe8
93D6CCAAC3D2CA32FD020DD6D243F8B9,582,res/animation/monster/gw_trap_00.json.gz,619e118bff2f6d8f273eeea7d2163aba
2F97862C9B6AC50093F7385D172E7C1D,10107,res/animation/monster/gw_trap_00.pkm.gz,7f6a0531d21946b00c08f034128cb336
BCBE6C525397F0604DCF23B4CF6916F0,11317,res/animation/monster/gw_trap_00.pkm@alpha.gz,aac8de54092302436bff07846ebfaee7
190FACE3DB368064C988D101A2B7F6BD,829,res/animation/monster/gw_xiaoguai_baifuzhang.atlas.gz,58f2c4427ca1a333fe280b912ba092d0
AB4DC74455F0129D47F2312991B6AF85,14037,res/animation/monster/gw_xiaoguai_baifuzhang.json.gz,208334da49a12b8cb758f250ba1fe8f3
3FE61AA384139B800A10CDD32C3C42F4,33609,res/animation/monster/gw_xiaoguai_baifuzhang.pkm.gz,4ffa8a01e5ee01cf5c151bd137efa0bf
581E3A60ED43D02B2E93DAE7D9EC7387,14778,res/animation/monster/gw_xiaoguai_baifuzhang.pkm@alpha.gz,f7215babc2eb6ceedbe7144060727a70
CC8C07D67BD49485E76E9F2F91466172,792,res/animation/monster/gw_xiaoguai_bangqiudipi.atlas.gz,385b89f22e53fceaf43a56150316cf45
91261907A0E36A02974B703A3BE0BDDD,20412,res/animation/monster/gw_xiaoguai_bangqiudipi.json.gz,940abbf2c18134e238949fb5e911db43
9A539E0B0BE0C1C658597849BF637DB7,21536,res/animation/monster/gw_xiaoguai_bangqiudipi.pkm.gz,8a2626f6feeac9df3574ad9af351010e
EFADAFD53A102CB8337818793A5618B2,11787,res/animation/monster/gw_xiaoguai_bangqiudipi.pkm@alpha.gz,915fa44d8956733cd338ca120d8dc281
6122B46776DB4DA4F88441349D0ACD1C,759,res/animation/monster/gw_xiaoguai_canci.atlas.gz,7d1fbdc3b93cb579bc1325549c2f4f50
9E72BD04F5FC9393356157DDD79D17A2,14407,res/animation/monster/gw_xiaoguai_canci.json.gz,c27d88eb5edd00932f220ba1cd8ca76c
358FFEC3B55A290A40C0EC21B6720DFD,36878,res/animation/monster/gw_xiaoguai_canci.pkm.gz,2c0e98fcc5f127e2b89de86815734cbf
17FFCB7981D3004A6FFBC56F30D006A9,14734,res/animation/monster/gw_xiaoguai_canci.pkm@alpha.gz,8e4ff64712135f8853713b8602d33f92
D6C884BCF1C4807731C241E1D0796C24,1040,res/animation/monster/gw_xiaoguai_chengnianmantuoluo.atlas.gz,3c17c20bc79e4aeb7c26130f30e3f9cd
69C8B616F86A3EA630BFBF6E9AAABB9A,46620,res/animation/monster/gw_xiaoguai_chengnianmantuoluo.json.gz,fb949fec04f3c1e919cc66d17c30ff01
E4076BD0C06C0DF72F6F07AC1EC198FC,485,res/animation/monster/gw_xiaoguai_chengnianmantuoluo.pkm.gz,6031b32f7b5b6cb392052f3ffffa51c2
7E43EE517EC76A6682420519D41FF6FA,490,res/animation/monster/gw_xiaoguai_chengnianmantuoluo.pkm@alpha.gz,6a9103280480bfa07b71f9ac60e7e856
6F118214816BDD8F6ED56709169CA889,824,res/animation/monster/gw_xiaoguai_dianguanglueduozhe.atlas.gz,6370b28418473e9232e1944150e486f2
332F0661BC00F791B408191B0E57ACA9,14294,res/animation/monster/gw_xiaoguai_dianguanglueduozhe.json.gz,b8f44e90d5522ba64774ca021b487f75
7728073FDA17627A1F7C5949C324F03E,274,res/animation/monster/gw_xiaoguai_dianguanglueduozhe.pkm.gz,e8bc593d4b53da8b31e2c6c359df9c02
14FA4EFC60C95FB6F0392638ADF86F98,275,res/animation/monster/gw_xiaoguai_dianguanglueduozhe.pkm@alpha.gz,d3462ba3060d1de60f8b2880076073ad
B306D59C356E7EAA6AB4C9002C9310CA,652,res/animation/monster/gw_xiaoguai_feicanci.atlas.gz,7a17865aa86044e4d9d5852dce61d4a7
1CDD934414F14385130B055325DECB5F,8202,res/animation/monster/gw_xiaoguai_feicanci.json.gz,63f26f2a3c6d1e48928ea121b701df54
6329A0D70F6808C05F5F2735CB2BDC7D,12880,res/animation/monster/gw_xiaoguai_feicanci.pkm.gz,5218bff2d3445745f7156aea8aa53d62
88F0D696E058DACE747BAF91D8F76CD5,7067,res/animation/monster/gw_xiaoguai_feicanci.pkm@alpha.gz,5a46752045ef287db81b08f87ab94696
FE0B1D6134F4C03CFDDC03B2157FC219,1047,res/animation/monster/gw_xiaoguai_feixingbing.atlas.gz,fa6bc762b9c881799d7ca7dd7f33b02b
3E6C502AEA88F1ACA0FA609BD59A4388,17402,res/animation/monster/gw_xiaoguai_feixingbing.json.gz,02e7470afb5caf957634fcda2f9acec0
14C6C46D1AFDFB949304E19E57A8D2DD,64834,res/animation/monster/gw_xiaoguai_feixingbing.pkm.gz,199553ca79b4674d7a6feec1c7a51c91
07A99AF641D587B7C47DF861998800DC,22025,res/animation/monster/gw_xiaoguai_feixingbing.pkm@alpha.gz,becaa61352e2217ca6b0613e14b86140
0042CEA7EC19AA2FFDD5EE1335EFD8AF,1064,res/animation/monster/gw_xiaoguai_feixingbing_new.atlas.gz,d78d4c38d5cf4feba08b1da74ec72788
85E85CCDF6645300E0C019CB4D99F9FF,17342,res/animation/monster/gw_xiaoguai_feixingbing_new.json.gz,91aef3a5c02db2bccc2a39248188235a
4218C35789D2F4E6F3713074280F5E79,66664,res/animation/monster/gw_xiaoguai_feixingbing_new.pkm.gz,4f595e2afc2877831ea35131f2cb3872
31292F845BD36DB0649600F5D08AAD98,24771,res/animation/monster/gw_xiaoguai_feixingbing_new.pkm@alpha.gz,06b9b7ff081d184966c4628ab3b8ad10
0CCD3DA45CCE50E178ED8C26C896FA3C,1005,res/animation/monster/gw_xiaoguai_glongqidun.atlas.gz,c5802274516529add93ccbdb6c6b4681
B520625E47E9A2F9E469790FDCCB9CC5,54429,res/animation/monster/gw_xiaoguai_glongqidun.json.gz,0d6f9a2b1d95c985216cba8ef46c5645
30DD0480F80F44B1E9FAD98D7EF6E40A,123171,res/animation/monster/gw_xiaoguai_glongqidun.pkm.gz,b3551ebe557ffe342a995585d6bdb4df
77939FFE95B0BD822A2E73455AD5546C,39898,res/animation/monster/gw_xiaoguai_glongqidun.pkm@alpha.gz,9c0c186ab955d0970d3b1146f245abaf
0558F361B87C8FD54FEB9C06A7DCE602,740,res/animation/monster/gw_xiaoguai_goutoubang_new.atlas.gz,a21a72af4329fe527a2bf2a79cd5d14a
5994E2B54E668987194A492FE6A20B7F,10080,res/animation/monster/gw_xiaoguai_goutoubang_new.json.gz,b11d6a6ecfc16ce7599595c4bbc96ebb
0866C6134A23FA9E6851ECB74B9D39FB,21074,res/animation/monster/gw_xiaoguai_goutoubang_new.pkm.gz,d1d164545935164dfa58bcd2611b4e28
934322F67D03F83837905848E048D0B0,10482,res/animation/monster/gw_xiaoguai_goutoubang_new.pkm@alpha.gz,0378fa9a3e66e45dcec82f89e42b9f74
16AEABDB41021C105DF3218C18FB10C0,771,res/animation/monster/gw_xiaoguai_goutoufeidao_new.atlas.gz,cdd6df6cded7eecb50489b5e7ff6edf1
1DCB548489D9234D739C1103A1B49741,11032,res/animation/monster/gw_xiaoguai_goutoufeidao_new.json.gz,56c3eb6f5b32a14cbf33ec8218b82f82
AE37D895D3D6BF6D33E5106B2CBCB116,22538,res/animation/monster/gw_xiaoguai_goutoufeidao_new.pkm.gz,066e6bda1d5e4f76ccc4f0e259eccafd
A9FB0EEFAB55253717899479E46EE26E,10115,res/animation/monster/gw_xiaoguai_goutoufeidao_new.pkm@alpha.gz,da040e8a5f5fa0b2f13979b92f2c6e1b
C015911A8DEBB165A06E264CC5724E26,1957,res/animation/monster/gw_xiaoguai_goutourendundi.atlas.gz,a544b1e84febc5c169f44e724882a48b
BBB04CA8DF42A308D742BD9F2C821BD3,14196,res/animation/monster/gw_xiaoguai_goutourendundi.json.gz,13406f758e0383bd48a1634cbb127a39
6E87D068A9E472F86DF299DC2B3C297D,185700,res/animation/monster/gw_xiaoguai_goutourendundi.pkm.gz,3b256ba7d49812fd54edf27e84563392
28A95BE28BF2DCEE2B18ECB1A75E1F67,209718,res/animation/monster/gw_xiaoguai_goutourendundi.pkm@alpha.gz,543c33ac28f3a68c78c53958032cdd93
B1785497780CECC743BBFEC808B73519,1981,res/animation/monster/gw_xiaoguai_goutourendundixiaoshi.atlas.gz,c7f558066d40d8c2cc8c1140f567220b
84FC574C3B52379E6B96C4E96D8D863B,11769,res/animation/monster/gw_xiaoguai_goutourendundixiaoshi.json.gz,0565d54e0f72ba9990e45da85e99a219
CCF5039BC447C72C24DE9561C872175F,185700,res/animation/monster/gw_xiaoguai_goutourendundixiaoshi.pkm.gz,3b256ba7d49812fd54edf27e84563392
F400D5AB36F7F39B0E9E98DA8947892C,209718,res/animation/monster/gw_xiaoguai_goutourendundixiaoshi.pkm@alpha.gz,543c33ac28f3a68c78c53958032cdd93
C550433ABC3186257679B815BA744831,741,res/animation/monster/gw_xiaoguai_goutourenfeidao.atlas.gz,d67e30d54423ea7e3f0de9b4c073d68c
628C99D4C78D8EF6AC9559B2AFBCCFC4,11297,res/animation/monster/gw_xiaoguai_goutourenfeidao.json.gz,652eb5e6c0782e96a6259ba8094d604c
38531FEBD77B35B79C23F49B556AC37B,13915,res/animation/monster/gw_xiaoguai_goutourenfeidao.pkm.gz,afa875d5340872023794572735a0a8e9
9DAFCEC23D61C3205340B40F8D7DC529,8689,res/animation/monster/gw_xiaoguai_goutourenfeidao.pkm@alpha.gz,754621b7208739e201d3bce7f2011452
BA3237674F5B786AD2BFCA2B1BBD02F0,823,res/animation/monster/gw_xiaoguai_goutourenhuojian_new.atlas.gz,f8792aae6da9dda3d8caf023f7678802
46A2EE91B3B8068DD24153A1BC5788A5,14776,res/animation/monster/gw_xiaoguai_goutourenhuojian_new.json.gz,82c54bdfe8beeb0059bb21754bbf3d1e
24FD8369A32088D2C8DA1A33E023F1EF,46085,res/animation/monster/gw_xiaoguai_goutourenhuojian_new.pkm.gz,38e040bb4b1f1588c2001e030b89796a
F27BC13E6E32B458124D5823A4128F1D,15500,res/animation/monster/gw_xiaoguai_goutourenhuojian_new.pkm@alpha.gz,095bee991497dbe04e6e4bdabee34268
92DF8A432E8D1458518AA6B4B5B172E0,746,res/animation/monster/gw_xiaoguai_goutourenjichu.atlas.gz,f2706d3d5c482b10ac553addb81125f8
83F14F746BBF86CF6559623E66D2C79B,11621,res/animation/monster/gw_xiaoguai_goutourenjichu.json.gz,cbe8bde2c2d0d8432ede392eb3b3fe74
C60FB3950FCD09EC82B5EF110342575C,14173,res/animation/monster/gw_xiaoguai_goutourenjichu.pkm.gz,e5cce026d6f03226a3775a6e3c3e1fe8
F4A7FAF8F077092040A43D470B497A85,8546,res/animation/monster/gw_xiaoguai_goutourenjichu.pkm@alpha.gz,a2a02f92de1f0ffc1dbbc8d7656a4f04
C0713D5B78C21A0A67C7D361B5F1E5E4,808,res/animation/monster/gw_xiaoguai_goutourenliequan.atlas.gz,6dcbe556d977509ac2000d5500b7775f
A982DB1943A89626CB8AD05B4EAF4BB4,19010,res/animation/monster/gw_xiaoguai_goutourenliequan.json.gz,f3c76b066a52c3664ba7ceff5f74da6d
C4804C93DD157A210A6DA032E4FD644B,37037,res/animation/monster/gw_xiaoguai_goutourenliequan.pkm.gz,e11a90193a51e075530e3fc435377121
B4C430C5D77B51F1A300318BF4A586B0,20566,res/animation/monster/gw_xiaoguai_goutourenliequan.pkm@alpha.gz,d99335085a58de36781db149b2443bf9
717357B8BCF3C74A86D36CF8553FD499,775,res/animation/monster/gw_xiaoguai_goutourensanmiao.atlas.gz,71a40479a6478ad6eca9daf7d649fca2
B8BAA00D7C33F03CD53AF7DD1D653C8A,13970,res/animation/monster/gw_xiaoguai_goutourensanmiao.json.gz,7cc0f0d2f5f3653b15ded0b3e71c94bd
A7138865F345794919205142F2DD0867,19118,res/animation/monster/gw_xiaoguai_goutourensanmiao.pkm.gz,8d2cbf08a5796b08f295b10bc62eb19d
A29C0F37186D4973B9EF860D3C70373B,10925,res/animation/monster/gw_xiaoguai_goutourensanmiao.pkm@alpha.gz,ebb9708040cdbeb840fbdcb7829d2e43
22FBF8B320858F6487148626AF55BF66,773,res/animation/monster/gw_xiaoguai_goutourensanmiaokb.atlas.gz,6513b798b714de9b5abf1b04ee425692
8F5EA7CD26753A733CF97BC784A6EB99,13913,res/animation/monster/gw_xiaoguai_goutourensanmiaokb.json.gz,9de74e24a233389e5414a1f7ad889404
28ED710AC91F68F9B8BBEF983BC7768D,19118,res/animation/monster/gw_xiaoguai_goutourensanmiaokb.pkm.gz,8d2cbf08a5796b08f295b10bc62eb19d
75593CAD6A2FEA480A382D73B819FAFE,10925,res/animation/monster/gw_xiaoguai_goutourensanmiaokb.pkm@alpha.gz,ebb9708040cdbeb840fbdcb7829d2e43
D9588676F4953827B7B9044347E9566A,818,res/animation/monster/gw_xiaoguai_goutourenshoulei.atlas.gz,fe40b7b6858ea599f7bb91a65507f69c
D87555A91C5D3442FD6B7F3D4DD988D4,13301,res/animation/monster/gw_xiaoguai_goutourenshoulei.json.gz,16b1b1dfd9b2ae8ee31d6b172cdd5ce4
3589E28EB5B1759717AE660B2E0C6233,17715,res/animation/monster/gw_xiaoguai_goutourenshoulei.pkm.gz,8758a755da4ee0e819d2f32b7f413569
DD2BD33392F80349DB1DA6209380E3AB,9582,res/animation/monster/gw_xiaoguai_goutourenshoulei.pkm@alpha.gz,cbca9c38f8e63a39b1b3f8373cb3512a
B73313BDCD9FCC03088C4BB07039CF36,813,res/animation/monster/gw_xiaoguai_goutourenshoulei_new.atlas.gz,3dbc5cb0acb274e7ad1c2facacac6144
AA28262184CBD004AE63C2031A7303A0,11291,res/animation/monster/gw_xiaoguai_goutourenshoulei_new.json.gz,d817a7e1088b7a08ab041eb70d8be7d7
F5131BE293C9F1AE370F1E4778BD4D88,29125,res/animation/monster/gw_xiaoguai_goutourenshoulei_new.pkm.gz,7c1a4676916a352a7b4e06472dfd411d
D9318DDF9822A1601C5DE228B79C6A41,11375,res/animation/monster/gw_xiaoguai_goutourenshoulei_new.pkm@alpha.gz,7965338f432a788abc080640e0f69937
21700CF4A815938D9C9511170E0A92B2,776,res/animation/monster/gw_xiaoguai_goutourenxunshoushi.atlas.gz,6546339de704924f58c9661dfd852da3
B74527C2852F0FEC4343E6257CE72AE1,16903,res/animation/monster/gw_xiaoguai_goutourenxunshoushi.json.gz,2f34fa3f7a48f75edf662c610ae654fd
624149FE6E16C8F64ADB283A8E13E2C3,25649,res/animation/monster/gw_xiaoguai_goutourenxunshoushi.pkm.gz,03c4a1cb782549b191536d573c7a5c5a
1684BA5652BDAB882CA59C81A51E80C7,13372,res/animation/monster/gw_xiaoguai_goutourenxunshoushi.pkm@alpha.gz,9245b9d9f29b1dda9fe0f22684510967
91E491B3277A9DE4FB59FBBB3FC3C2F5,791,res/animation/monster/gw_xiaoguai_goutourenzhaohuan.atlas.gz,a4cc1d6c2516df08d4d540aa0e9783ab
FDBEFA72EF83CB34F36D5ED793F7DD58,14228,res/animation/monster/gw_xiaoguai_goutourenzhaohuan.json.gz,9ee74c9d8b4746357e20d77aa031c74a
EE8DC432AD9A28FEE024B050969B2F67,16193,res/animation/monster/gw_xiaoguai_goutourenzhaohuan.pkm.gz,ad82902b2bf71f138c9e1d04a5c041e8
6A82E2940DBCE62134E7AC36D045BC8E,9020,res/animation/monster/gw_xiaoguai_goutourenzhaohuan.pkm@alpha.gz,419f53f0f9623bf53015aab04ae60f0c
2926F8E2D6A7907FB604D1233D8133B3,774,res/animation/monster/gw_xiaoguai_goutourenzhaohuan_new.atlas.gz,000dfe7845b96d620185376ef88876a4
7825E33980B65BD24F534881DE655623,13778,res/animation/monster/gw_xiaoguai_goutourenzhaohuan_new.json.gz,db99c45c299fefbabb23780dcf6252e9
84D313FBCAF37414754AFD5AF0BCBD44,29002,res/animation/monster/gw_xiaoguai_goutourenzhaohuan_new.pkm.gz,e000a5c37fc86289528ff365c4771742
242E05CD47409C68DB513BEFDB952A36,12735,res/animation/monster/gw_xiaoguai_goutourenzhaohuan_new.pkm@alpha.gz,5a9d98d81f85a3f7d4fcf614000cdbcb
9964EFBBAF19ACD9B578DB5E4A48EA45,790,res/animation/monster/gw_xiaoguai_goutourenzhiyuan.atlas.gz,3c81fb8b42edfc2dd837560e97223f84
E8DDC266FB187C0EB31E1517CEC95A5A,17102,res/animation/monster/gw_xiaoguai_goutourenzhiyuan.json.gz,05e02985b551c16c580a73db028f9a1c
BCB0FA9CFAA3FEC157277620CD79BF1A,16623,res/animation/monster/gw_xiaoguai_goutourenzhiyuan.pkm.gz,d3293a1564adf4c115b52430258c2ddd
5DE850A364D410E23E302A0C910E3555,10281,res/animation/monster/gw_xiaoguai_goutourenzhiyuan.pkm@alpha.gz,42d97b0ac6c4257cb01d3ed147298d04
9DBCAC8581C2EAAC22353A0D87F936F7,785,res/animation/monster/gw_xiaoguai_goutourenzhiyuan_new.atlas.gz,5de19f4989ec7adb5ae656641140efca
0C28C76AC07801EEE8500C2CB46C26BC,10543,res/animation/monster/gw_xiaoguai_goutourenzhiyuan_new.json.gz,76d47abf9801da34a86ec1e5f09d467e
567C98990D35E091CA07208FF84FA6FF,23615,res/animation/monster/gw_xiaoguai_goutourenzhiyuan_new.pkm.gz,6da6c1d6708ec18ce1cdbb61ac239538
F1EB608F2358179FA8C76554D744D4F2,10219,res/animation/monster/gw_xiaoguai_goutourenzhiyuan_new.pkm@alpha.gz,289d7141e592f0824d1e5227c7e5f852
AC420B4BC49A3C7B34359D1A168BDEA9,978,res/animation/monster/gw_xiaoguai_guyongjunbuqiangshou.atlas.gz,58adbfde840cc6fb860eae370584d1c0
04269741A433238DCC30AE96E65F9BAE,23564,res/animation/monster/gw_xiaoguai_guyongjunbuqiangshou.json.gz,fe6852fa81236fdbb1481e6186576867
43D8C895994E48264A034826FF0E0C32,44359,res/animation/monster/gw_xiaoguai_guyongjunbuqiangshou.pkm.gz,d1316602d2e2c18f6bef08a30ecc7676
C985E3D9CD2DC6D14C725DFDEC15177D,16330,res/animation/monster/gw_xiaoguai_guyongjunbuqiangshou.pkm@alpha.gz,10216543818091ee7a36018e0e4f8b5b
66006D142C289FBDF4806F1A74D425B7,978,res/animation/monster/gw_xiaoguai_guyongjunbuqiangshou_new.atlas.gz,5f2e0e87e17e098d9a67f0b415b6f2d6
4606BD2185BE51E645B3E6E3E2E976C1,23649,res/animation/monster/gw_xiaoguai_guyongjunbuqiangshou_new.json.gz,c8789e57d6b64ae9c081b0f8b39ce081
05A16C35E0CF301C4310B526CA0A8783,42535,res/animation/monster/gw_xiaoguai_guyongjunbuqiangshou_new.pkm.gz,8a838cda33922a69e7c791933deb9c6f
C1BE5785039AE3F313F7D87C0B154286,18115,res/animation/monster/gw_xiaoguai_guyongjunbuqiangshou_new.pkm@alpha.gz,ff92c1e0497ede518109895b376e3791
6325AC15421F27B016322614D1763A9F,24145,res/animation/monster/gw_xiaoguai_guyongjunbuqiangshou_new.skel.gz,88b037bb2e45b1313b104dd3c99b21f1
DC1B2311928D31BE5B7E12B7D1F36446,979,res/animation/monster/gw_xiaoguai_guyongjunhuwei.atlas.gz,9e40391cafe95e3bb7329d6bddedfae2
600287CF41E3233B27F4E2985E2E910C,23714,res/animation/monster/gw_xiaoguai_guyongjunhuwei.json.gz,7a2318bbd6d23968b40b1a7719626caf
AEB77ABE0FB5D3849535DCB150BD0172,37501,res/animation/monster/gw_xiaoguai_guyongjunhuwei.pkm.gz,2ca99b610385b1b5af6691583073d4b1
06A28B8E43D60CD7D23F27D636273389,14492,res/animation/monster/gw_xiaoguai_guyongjunhuwei.pkm@alpha.gz,7282eba94e080dedb89e9695aeff3548
3C2520878AD190B5FA0EE8BD52403F2F,970,res/animation/monster/gw_xiaoguai_guyongjunhuwei_new.atlas.gz,513ec7e2daca82031802d199dd5a7051
18738571A4CC1410F691EE9E060B101E,23714,res/animation/monster/gw_xiaoguai_guyongjunhuwei_new.json.gz,7a2318bbd6d23968b40b1a7719626caf
E3EC4112D6D95EFBD13035AF59A56FBC,35421,res/animation/monster/gw_xiaoguai_guyongjunhuwei_new.pkm.gz,53666cbc23f9cffc67e5e9c8b3677d3d
912D7B4518EDE416FE82F350B016F158,16047,res/animation/monster/gw_xiaoguai_guyongjunhuwei_new.pkm@alpha.gz,cabc740e9e279479ca9d945b1b58acbe
D6192840312424D94F892275B257B59B,1033,res/animation/monster/gw_xiaoguai_guyongjunjixiebing01.atlas.gz,ae14b5aa472d566f536ab4ade7a5d198
727BCF667CAEC12D3B21893E6DFB46AB,19878,res/animation/monster/gw_xiaoguai_guyongjunjixiebing01.json.gz,3f338daca0ee6210fcb60f6b04f7ff11
8FE11F7EB16A08F0208C823696B62AB4,59165,res/animation/monster/gw_xiaoguai_guyongjunjixiebing01.pkm.gz,7b00e1ed5ebdb60c7b94192c659761f1
2589A0CB7D87D215B054AED865E61930,18659,res/animation/monster/gw_xiaoguai_guyongjunjixiebing01.pkm@alpha.gz,054f26b90d6328d49c587f121f530c9d
D05F81597CD2F44AD360C89ACFF2E0DE,1023,res/animation/monster/gw_xiaoguai_guyongjunjixiebing01_new.atlas.gz,cac4ab8f9bbf607c3dbd8a0ea7f7c15b
1CFA06133E7A4E3B49FC96A078215F84,22036,res/animation/monster/gw_xiaoguai_guyongjunjixiebing01_new.json.gz,47e4fc3d3e0482a7a56e182db05d1316
BB5520689DA330A629FCAF844E215D42,55421,res/animation/monster/gw_xiaoguai_guyongjunjixiebing01_new.pkm.gz,588efb49eb8e5899d10dd6a58a442ac1
C7B947F7C9F11A904C3B9DF91090D408,20515,res/animation/monster/gw_xiaoguai_guyongjunjixiebing01_new.pkm@alpha.gz,a2578317e096930e690e424e1d291343
80DE50B1A9301347BBBEC009965B4C47,969,res/animation/monster/gw_xiaoguai_guyongjunjixiebing02.atlas.gz,d70920ff034d36a9fcb3b9aa48977e54
99E34DF9C4859D04F64C9D55FD3B8E51,17023,res/animation/monster/gw_xiaoguai_guyongjunjixiebing02.json.gz,1efb09a31f7297575b459d4551124ce0
834801E3098E30DC0E91F2E310518E37,57196,res/animation/monster/gw_xiaoguai_guyongjunjixiebing02.pkm.gz,04b68c2b2536a391e658b05612163d70
EE5C07387157F36BDC1349ED60B3F79F,18163,res/animation/monster/gw_xiaoguai_guyongjunjixiebing02.pkm@alpha.gz,2628abc5c218c25490e035476d9b61f3
441F3978EF77C0A75B065A33DD65FF52,923,res/animation/monster/gw_xiaoguai_guyongjunjixiebing02_new.atlas.gz,fb1fab5e043dfe0c2291be00566de845
23D1D3272A6BD5A4B07F898E11F96429,17007,res/animation/monster/gw_xiaoguai_guyongjunjixiebing02_new.json.gz,914d10b9fa50a913bba377ed18ae613a
D251FCC4FA0B268D48AF317524421A0A,53528,res/animation/monster/gw_xiaoguai_guyongjunjixiebing02_new.pkm.gz,fe21db32841687cac89a320b57dbf826
D7F60A16D397D9784AE95E20BF646A0E,19901,res/animation/monster/gw_xiaoguai_guyongjunjixiebing02_new.pkm@alpha.gz,bb82685d40702a7b970e2231b01d39fc
22A90B4BFCBDFDAF45978F5093857165,1063,res/animation/monster/gw_xiaoguai_guyongjunjujishou.atlas.gz,9110e123e3cf5a3bb630c40fc3eee887
FC597A9A94D254E05A181BEF5B7CCFEF,26242,res/animation/monster/gw_xiaoguai_guyongjunjujishou.json.gz,6618db5d5b641e4e26e5268cb40729d0
A318BCB6F7A3C84AB2E4A908011A2FB1,54842,res/animation/monster/gw_xiaoguai_guyongjunjujishou.pkm.gz,72460b8e3d13c3de5c4ef8ee59bad125
6DD52C58A9FDFA3B2FAD2963329B81EC,22074,res/animation/monster/gw_xiaoguai_guyongjunjujishou.pkm@alpha.gz,10a34f7f927ac7a00b29f64e32b19238
204EE7546409758A9C1B2B25AE26BD86,1043,res/animation/monster/gw_xiaoguai_guyongjunjujishou_new.atlas.gz,c4f67a993a828f836aa0c938fd4ba2aa
85B43144F3A921446174EFF140D66D60,26262,res/animation/monster/gw_xiaoguai_guyongjunjujishou_new.json.gz,3d5f25dc0216515ef94487ec9f9ee105
526EA4D740F532BB632DC29F074CD0E3,51899,res/animation/monster/gw_xiaoguai_guyongjunjujishou_new.pkm.gz,836627ec7bfc04694114e5229ec622ec
AAF45607C7C2EC23D8CFBC7642FFA243,25848,res/animation/monster/gw_xiaoguai_guyongjunjujishou_new.pkm@alpha.gz,b1f04b2dd2e2c6b109d32f2fb079792e
0F887F4E66D434CA85C6CAABCF9C7D53,1769,res/animation/monster/gw_xiaoguai_guyongjuntezhongbing.atlas.gz,96b43c9f03791b598016d7f812f5d228
410A5981C93EB2C584B3CD9C3C41B240,33087,res/animation/monster/gw_xiaoguai_guyongjuntezhongbing.json.gz,02e6b67df4a80b939b5d5f887c76ba5e
5832FCC1ED14A2E6070FCB3CD6D2CD3C,385856,res/animation/monster/gw_xiaoguai_guyongjuntezhongbing.pkm.gz,f19cda6e3478d2b245a78636ec0c4319
F2AF0F6601F209AA4962F429C1E67AC0,413038,res/animation/monster/gw_xiaoguai_guyongjuntezhongbing.pkm@alpha.gz,76a455045f94c4b06e7b04262a54052e
31A625B8B98CA7A53D25EACD6DE54600,1133,res/animation/monster/gw_xiaoguai_guyongjunyishi.atlas.gz,fbedc6ce298a6299317fd6a33ca2a77a
DA30FDE3D900485C91D147182E529F9A,31612,res/animation/monster/gw_xiaoguai_guyongjunyishi.json.gz,b41e67cf162584dde281ec9f27c499c7
C7E78344C9F1E2C0A82B8F327B118310,45865,res/animation/monster/gw_xiaoguai_guyongjunyishi.pkm.gz,b8da6d4e6f2a7740eab7026977266c33
77E363322CD389CA2CB1409F5ABEDBDE,21697,res/animation/monster/gw_xiaoguai_guyongjunyishi.pkm@alpha.gz,19cd5a03f8a1c7b75664641055092437
4946D36DF1A246E5F303A0F0B00ACF74,996,res/animation/monster/gw_xiaoguai_guyongtezhong_new.atlas.gz,74a1c61e21bad77943778d6c56307696
2A0C36BC144D9BAC10E3B41818F9B7A3,22581,res/animation/monster/gw_xiaoguai_guyongtezhong_new.json.gz,1ec7f509768bf6c601ab0c7957a4e7fc
A8C3A937782D00CF495E2FD729A073C3,45241,res/animation/monster/gw_xiaoguai_guyongtezhong_new.pkm.gz,c80ef54c53fab38baa4d6d8218ff7856
A2348CF4CCB89AE8147BBBAD4576F3B4,20457,res/animation/monster/gw_xiaoguai_guyongtezhong_new.pkm@alpha.gz,f14a49ac9f30c6a365b69f49acdc72fc
DD4E842081A8303FF45DAB2DE460FA27,719,res/animation/monster/gw_xiaoguai_hanbingduyan.atlas.gz,8e87edefe4421fc183fd178b7f361bb3
C96DD456C463B2CCB6414FC80388F79D,5561,res/animation/monster/gw_xiaoguai_hanbingduyan.json.gz,7806e9e644c6db18badb1ba762f831bf
6C1FD65D91CD60631DC0F5F1D1870299,24536,res/animation/monster/gw_xiaoguai_hanbingduyan.pkm.gz,ec5d353bacd21fa088a0a3a84b79904e
7D5C4C36DF646070A6F063CE2DFBBDE5,11139,res/animation/monster/gw_xiaoguai_hanbingduyan.pkm@alpha.gz,ea6f4fd803a22bfbabe2dee2fc8de1a0
8E432A08F2D539B9B368CB8645947D6B,831,res/animation/monster/gw_xiaoguai_heidao_nan.atlas.gz,bf6969bcfc259075d5dd2f37aa1d3baa
0711B873CBF504F37D48F258D7BFB828,24890,res/animation/monster/gw_xiaoguai_heidao_nan.json.gz,920357a1eff4e25ff12f31a9ffeff935
89E30656942F5123571DFAF0A837A0C0,54858,res/animation/monster/gw_xiaoguai_heidao_nan.pkm.gz,364d2f71f4f570161f4646c673842254
F894B4F1AAE0BA12240971632B6CD510,22110,res/animation/monster/gw_xiaoguai_heidao_nan.pkm@alpha.gz,f1734ee43c190f52326b0a9a3f62cf33
EE9E57B9C18430B4204C2FF6F464FE15,998,res/animation/monster/gw_xiaoguai_heidao_nv.atlas.gz,192e15e37d68989d7bc56edc164633cf
56E62BF9798D71C86728CAB7B3635F24,21161,res/animation/monster/gw_xiaoguai_heidao_nv.json.gz,6a97d502b646f4a3ead2de8b63650f97
076455FE7D93820E8FBCBD15CA0438E3,31634,res/animation/monster/gw_xiaoguai_heidao_nv.pkm.gz,7d5a8b7ff3c59b4029f5cfab56e6945d
C4BB8EC721ED60D6EADFEE64EB1AFB40,14172,res/animation/monster/gw_xiaoguai_heidao_nv.pkm@alpha.gz,4570fa449072815233963a706614cf7e
C7F6F6DE92EC62B08FF75AF6BD4C4C4E,774,res/animation/monster/gw_xiaoguai_hongyanxukong.atlas.gz,daa0d8561a2cd6ce0238feab69ef55e1
038FF7B5A6F2417E74174346EDE707A1,22264,res/animation/monster/gw_xiaoguai_hongyanxukong.json.gz,e48da0bf0dd7fa71bf730f444844bf8b
6A4CC3C36F0879215828047B1E9B79F3,315,res/animation/monster/gw_xiaoguai_hongyanxukong.pkm.gz,47592ab0940c76c13e6ed61bc73cb24c
88D50F0FE4117E6104B69D35731E9F66,315,res/animation/monster/gw_xiaoguai_hongyanxukong.pkm@alpha.gz,e5b175501b894217e7ec735cd54ec46b
9588476B43389CCA3A359A2A41AD9FCD,565,res/animation/monster/gw_xiaoguai_hunling.atlas.gz,1888721b21e33bb4b03901e170631647
CB000177AFD55C129A4F0D2BF0764B6C,12169,res/animation/monster/gw_xiaoguai_hunling.json.gz,825eb62f8bec9f841f820e9b15a0f669
442639FFFF9FCB54A0FAC3BF4D436325,310,res/animation/monster/gw_xiaoguai_hunling.pkm.gz,26d5eb61d142f1c424809efe358e0e49
090100545CAA8B476B612C62222F401E,311,res/animation/monster/gw_xiaoguai_hunling.pkm@alpha.gz,b3f022fe421a469bed64c515e9213105
6502739AA44E94003FD5C9C57DC9C707,980,res/animation/monster/gw_xiaoguai_huopingdipi.atlas.gz,b233ebc94a641263c6f16c1d5e66d95a
DF2CF802C6B4A982FB2B618883DD1925,21567,res/animation/monster/gw_xiaoguai_huopingdipi.json.gz,3744f946d980b20f2ae7ebd23f123834
5698C6F4DA3221FC3F29DA403C1372A3,23623,res/animation/monster/gw_xiaoguai_huopingdipi.pkm.gz,ebe12892fe0f0a243b26fd520f341a92
26B4E249701AD0E2C69C973B4BFE8117,13119,res/animation/monster/gw_xiaoguai_huopingdipi.pkm@alpha.gz,1dddb1f380ff6f0d58e8741e929e3f37
E38069C0D50740A7587C980A1757FF4B,719,res/animation/monster/gw_xiaoguai_jixieduyan.atlas.gz,34cd9bd08d7d932c790cf0e350b09a0b
4B4FA387CB913F84F88A5B7C6C79D543,5138,res/animation/monster/gw_xiaoguai_jixieduyan.json.gz,bb11c8558c35131ab0bb8f2829c6b593
E5A712337D80EF272D46CEE74F8C90C6,20314,res/animation/monster/gw_xiaoguai_jixieduyan.pkm.gz,cf4be95c61fb5a8fb116975ef0ae8cfb
B1F162824BDBB53F9889CC3AD374524C,8346,res/animation/monster/gw_xiaoguai_jixieduyan.pkm@alpha.gz,2c18809438e072646300365f0ff5ae9e
6FB9E85805E031C52E214ECADB747321,822,res/animation/monster/gw_xiaoguai_jumochaqi.atlas.gz,36f049db8051d1758ab7ebcf017bc54c
35BE125B9FA87E024C3BECC698063DD8,11792,res/animation/monster/gw_xiaoguai_jumochaqi.json.gz,84d718438019c43c32ded82e4586c830
6251D0F4E2B84013A11E5D2D336D8A5A,62634,res/animation/monster/gw_xiaoguai_jumochaqi.pkm.gz,793cd16193c24e8c25572143a28c826d
3D08521242B05FB5AB1FE86EE69A5C04,22851,res/animation/monster/gw_xiaoguai_jumochaqi.pkm@alpha.gz,6e771034841d6b2683b69e00408cde73
DEF6850539B618397143401B636D6B66,825,res/animation/monster/gw_xiaoguai_jumodoushi.atlas.gz,402f92439579195a448342620a54e1c9
B246C654595DF3780AA351799247E6C9,26201,res/animation/monster/gw_xiaoguai_jumodoushi.json.gz,7995be77279d0785c2fb0cb9c7c18cbc
8A3D34BE9F2114ADB0B5DDA89DA8C843,45977,res/animation/monster/gw_xiaoguai_jumodoushi.pkm.gz,d63fd54f6431b3102910aa1f069f2142
0F1B7169029FCD6A94F6016DAAC5CCF5,19912,res/animation/monster/gw_xiaoguai_jumodoushi.pkm@alpha.gz,f59f4263c99b1976787ca9e0a8380d14
10359174DD97027EB1C8F69DA1ADFF97,843,res/animation/monster/gw_xiaoguai_jumodun.atlas.gz,794fdc9ff257729d4e0381aa9d00f7ea
F915D3145D77CC661BB00B5F8B4FABEE,16056,res/animation/monster/gw_xiaoguai_jumodun.json.gz,b32ca009c5e7104d8eb54e4ee8c77f91
5A7AA8D2EA80353705D4B9D09E108B0B,112493,res/animation/monster/gw_xiaoguai_jumodun.pkm.gz,7aae3137f5d27fcd1c5041db8e9918bc
9CE0BBBA4A54A94A24E7FE3427801F3B,37011,res/animation/monster/gw_xiaoguai_jumodun.pkm@alpha.gz,aa0d1025f713f9ca3a0c808fd3278c7a
B0260D825EDE19BE67AF714C0D76B0D0,807,res/animation/monster/gw_xiaoguai_jumodunshi.atlas.gz,bf3752ae281e51476753f2fa5dc61895
E6B570FC6D03C6BEB8ED21872163BCD3,13333,res/animation/monster/gw_xiaoguai_jumodunshi.json.gz,7e131e3348afc3aec17d6fa662ad5980
8EB5B700BD768F1F255AE806338800E5,65204,res/animation/monster/gw_xiaoguai_jumodunshi.pkm.gz,03899839382bb611abc3f9e87b7a711b
0A93B17C63A82323EB3EBFB5B1AD838E,20281,res/animation/monster/gw_xiaoguai_jumodunshi.pkm@alpha.gz,a153b58ccb8f391c67d0fd7cc2421e8b
2FA3315C46FBDEE68FF49DCFA2C9DD87,844,res/animation/monster/gw_xiaoguai_jumodun_red.atlas.gz,87087942f28bd54e6950b07a8575bda8
3661001BD10FC5CB7D401B6B90BEBF14,16109,res/animation/monster/gw_xiaoguai_jumodun_red.json.gz,d2c328f574311d759ca0e136bda239aa
9107028442D3AE0E96E0597F070CB4CF,92897,res/animation/monster/gw_xiaoguai_jumodun_red.pkm.gz,913ab028bfa312ad1f4f0793fc04730a
834271344F9ACA3AA50B673D03C38899,39276,res/animation/monster/gw_xiaoguai_jumodun_red.pkm@alpha.gz,253bf34f97ce51116aed99366bb7c274
0184D078DD0A89A8FDFA952C6ACB7EB8,851,res/animation/monster/gw_xiaoguai_jumodun_super.atlas.gz,d40d9dbcea8d17f84eb95a143fc387a3
BDEF8C5CA2B747580167CEFFBFF659D9,16129,res/animation/monster/gw_xiaoguai_jumodun_super.json.gz,db3ac814d03dd863762d07ba7968d241
F7B516F36463E0467C0E5889C821AF99,135141,res/animation/monster/gw_xiaoguai_jumodun_super.pkm.gz,227f45dd0793b1bbb6ea9ac768dc0349
08C2EEBC1325ADA61B850C8A1663985C,44153,res/animation/monster/gw_xiaoguai_jumodun_super.pkm@alpha.gz,2a2e4021178de3e4534e5d9d904696a5
368B56A1876C85AE3F1209A6CDAAB218,737,res/animation/monster/gw_xiaoguai_jumolian.atlas.gz,ecc369937c792b3218c60a0f00149e2e
EB7B8011699059057B536656A9AAC6EA,28923,res/animation/monster/gw_xiaoguai_jumolian.json.gz,0048f06a2f316b682102a7b69123b226
262ADA2720ED1B3A97A36E959C304587,16771,res/animation/monster/gw_xiaoguai_jumolian.pkm.gz,0439ce083654fa5ff988757dce69ca34
8557D2C6A3E10BFB1ACD68EDBB019C0C,9629,res/animation/monster/gw_xiaoguai_jumolian.pkm@alpha.gz,d4b7d1b889c7f7c24bc70b2b04177768
B6F3854160449279AA13AB8AAA09D803,829,res/animation/monster/gw_xiaoguai_jumolian_red.atlas.gz,6b91993ff70229b2c7e9d5cfc8bb5c6b
18832659CD7FEEA7991393109BF9ADB4,28877,res/animation/monster/gw_xiaoguai_jumolian_red.json.gz,c3dd4d3c6fa28ff003a40becae19c158
A60809282B5D3232DAE428C02D861698,50932,res/animation/monster/gw_xiaoguai_jumolian_red.pkm.gz,5176404e9d303803474656c24ff761f2
836E28E1C08EFBED75F330D5F3663B2C,23831,res/animation/monster/gw_xiaoguai_jumolian_red.pkm@alpha.gz,0e221b8bb23b82003a17bea06116045f
0D90743A1189BEA3FC59651D8C0C50A9,797,res/animation/monster/gw_xiaoguai_jumolian_super.atlas.gz,678b695d4e8ff43715cd84e9dec56a7e
FC03C385D526B187FF215DA09C8E87E1,29376,res/animation/monster/gw_xiaoguai_jumolian_super.json.gz,b002c9844801a9b432ee4799a46fd83b
07DFDC0ED6090AF6C2E29B90DB468E63,113065,res/animation/monster/gw_xiaoguai_jumolian_super.pkm.gz,545d93f1012fe306f2c5a0cab25362e5
E29CAD2284A32C67CD8D1DCA1C14EDA1,39778,res/animation/monster/gw_xiaoguai_jumolian_super.pkm@alpha.gz,9f7fc6de610db4ea8b04435184c8cff7
31E24D5A380C12749127474250ACB96C,748,res/animation/monster/gw_xiaoguai_jumoqiegezhe.atlas.gz,7bd46905431f1454ea70179e84f34da9
431066FB278D54575113D0C7F672A8A1,31334,res/animation/monster/gw_xiaoguai_jumoqiegezhe.json.gz,7952ada22d5d39cb5f3e8f1114a76b7d
BEEB013299E9359B865D09D0029E3870,69476,res/animation/monster/gw_xiaoguai_jumoqiegezhe.pkm.gz,b70dfe94d1b2f04fc2b2365afcda8c20
36E824373941AF3D46638C94F5BC78FA,20720,res/animation/monster/gw_xiaoguai_jumoqiegezhe.pkm@alpha.gz,e3796be071df18e9b6e61ac092f8c582
0B6A84692CA0EDDB4EBA4AC458710EAD,745,res/animation/monster/gw_xiaoguai_jumoqiegezhe_red.atlas.gz,df7055c936481e4d9ed821e7ae560f63
E91431A831CB16DCB94D6DFDC77BFE23,31212,res/animation/monster/gw_xiaoguai_jumoqiegezhe_red.json.gz,b3246ed961dbd1d00575e54ff6305bb3
C4505B79F09573AA87159CC9DBD5B726,53442,res/animation/monster/gw_xiaoguai_jumoqiegezhe_red.pkm.gz,83b7cef9c4f9306c8a953af208076355
696C5B98A1B529B46671B2FE83209F64,20946,res/animation/monster/gw_xiaoguai_jumoqiegezhe_red.pkm@alpha.gz,251260b2fd4392119c86348b62d26593
90554E6BB9D05C20494A824C1BA77DD2,742,res/animation/monster/gw_xiaoguai_jumoqiegezhe_super.atlas.gz,b64a674dd0efe70e8a24ab30160b27f3
9AC8AF5E1A473007939A03B0A928A459,31224,res/animation/monster/gw_xiaoguai_jumoqiegezhe_super.json.gz,53bbef1b0257ce7121ccf63a58ab0bf3
8BEC8C30EC746ED4963CC62B4E6F18F8,92390,res/animation/monster/gw_xiaoguai_jumoqiegezhe_super.pkm.gz,363775d4e00b3c4141859ca43f7e55c9
7291878E0D3E56B0A8268661359AE4EA,28864,res/animation/monster/gw_xiaoguai_jumoqiegezhe_super.pkm@alpha.gz,0c57920e22fe5d6a0c83b9e8661462a2
A86CF86EE15AB3BA66441535A2E64F77,839,res/animation/monster/gw_xiaoguai_jumoqishou.atlas.gz,bf1bd4882baca892bec966d58ad0e4e9
75A2358138D9C7F0D775A37E9679AEB9,14268,res/animation/monster/gw_xiaoguai_jumoqishou.json.gz,987d52a8b592b610ef7d7d62bdf2a236
98136D1569338B39E958B04887AF6BE2,49160,res/animation/monster/gw_xiaoguai_jumoqishou.pkm.gz,edd3a701f60f82d1c27c855925ef038c
A5C89AFE434C2793CFEDD8EB4E86CC4A,20600,res/animation/monster/gw_xiaoguai_jumoqishou.pkm@alpha.gz,c98e1993a88a84c0a063cee3a68518f9
988043FA3FC9F3AFE3632A69BC65721F,955,res/animation/monster/gw_xiaoguai_jumoshoulinren.atlas.gz,a666ee7a2c82291113f4eab07d409e8f
7026089729B57F4D831765C8582E7CF1,28343,res/animation/monster/gw_xiaoguai_jumoshoulinren.json.gz,48e2249ae7434a3f210e890f1971d2ed
3C9646901F459C7F78373D95EB42937E,133394,res/animation/monster/gw_xiaoguai_jumoshoulinren.pkm.gz,26c4fb89eed3565d55a774f709542011
0A0DE36B64D43D381186BF034F65D1DE,46439,res/animation/monster/gw_xiaoguai_jumoshoulinren.pkm@alpha.gz,a996726c15030cb921d0a439106e544a
8D927191D8B18CC70640378D8E37026E,958,res/animation/monster/gw_xiaoguai_jumoshoulinren_red.atlas.gz,4996e1f1022e6c1978ad755b3efcabc7
5AE00FAE6D8895C9EE0FA618C7F5E509,28590,res/animation/monster/gw_xiaoguai_jumoshoulinren_red.json.gz,4e272c5c98b463ffe799d08eb4557f8d
0F4ADE33366CD96399145BE0A6CFEC5B,107843,res/animation/monster/gw_xiaoguai_jumoshoulinren_red.pkm.gz,19ad634aa2bf1fef254f12abcd89d935
D092971808E0A14A5AA560D0735128CD,45048,res/animation/monster/gw_xiaoguai_jumoshoulinren_red.pkm@alpha.gz,5e5b6e5a7b7e37cfaa4a3637b460e6f7
B953BD394953F85E85C0588F4911F97F,976,res/animation/monster/gw_xiaoguai_jumoshoulinren_super.atlas.gz,190d17e070a4678d4055c3f91b4cd62f
FBE70656E0235C0E6F425282C7752A05,28565,res/animation/monster/gw_xiaoguai_jumoshoulinren_super.json.gz,ecef1211883b9b47ac3f487a5687a639
FCB46BB4E996496263AAB5D121CA3F5C,176219,res/animation/monster/gw_xiaoguai_jumoshoulinren_super.pkm.gz,c833a0ae8e9f2c6c2ff2b450701341ad
796C2C81AB837A3B87F48433152DBC89,69152,res/animation/monster/gw_xiaoguai_jumoshoulinren_super.pkm@alpha.gz,6b2d7e8f87272bc967ee6ae58a4e488f
6A5F56533A2190DE60EEFD05A82570E5,837,res/animation/monster/gw_xiaoguai_jumozhanshi.atlas.gz,24a00b46c613fcef5193b280343544af
64E431F310F0C4F2CFA267B7DC795F43,20478,res/animation/monster/gw_xiaoguai_jumozhanshi.json.gz,b6ec04cc4f326f53815c04ee8b07ebd4
E3F4A634269BB2101F0A67538DCD4871,47298,res/animation/monster/gw_xiaoguai_jumozhanshi.pkm.gz,2b68569dbb79038257c9675279f0eae9
96FF9FAD4882963694DCF1DBCB45BCCB,19451,res/animation/monster/gw_xiaoguai_jumozhanshi.pkm@alpha.gz,d7971ba73a604147665bd0a848098a35
7ECCB54DDF243092BDC9FD28C1721C46,796,res/animation/monster/gw_xiaoguai_kuloujianci.atlas.gz,51aca8aa6ee9b283e1d4fe6116edccea
13DCE53B6AB42CD020CC57EA71E7E10A,43788,res/animation/monster/gw_xiaoguai_kuloujianci.json.gz,db41b5cf4c562299e61e48ea601dd38a
7BE5A66C4936E10C66C7929342240CBA,485,res/animation/monster/gw_xiaoguai_kuloujianci.pkm.gz,6031b32f7b5b6cb392052f3ffffa51c2
44B56502974964B5D34F0FDEFE96E2EE,490,res/animation/monster/gw_xiaoguai_kuloujianci.pkm@alpha.gz,6a9103280480bfa07b71f9ac60e7e856
BC55EBAB5CF0617C5016EA8F87927B87,1097,res/animation/monster/gw_xiaoguai_longqidajian.atlas.gz,7329a386235e49a3a0fed4b52f51ef82
64EBC52B2BAF9243EAD4BD05EC9AFB0F,60511,res/animation/monster/gw_xiaoguai_longqidajian.json.gz,8e7a4c67f078b9bee5749b7041bd80c6
C5FBB2D2F661E7EB2E76AD49C9E87FCE,120827,res/animation/monster/gw_xiaoguai_longqidajian.pkm.gz,6ce184286050c291a1d99058552cde6b
0F7D7A6675523D805BE3C62C2250D924,58036,res/animation/monster/gw_xiaoguai_longqidajian.pkm@alpha.gz,7046d9b7d98871f9380903ab4a800ac9
511EEABCA7CBA72191557EB163BFD165,1012,res/animation/monster/gw_xiaoguai_longqidajian_super.atlas.gz,dee5c124a0867497188ed8ab29e70cf5
E2D7CE44C4880502D18BA9823FEE8A7B,29060,res/animation/monster/gw_xiaoguai_longqidajian_super.json.gz,5e0541017db49279bed4497d32e61a52
88104754B792084DC07BF337A54E562F,177494,res/animation/monster/gw_xiaoguai_longqidajian_super.pkm.gz,7a459dafe3fe86d335c267a99157cc87
A0993A43A567E64705567951C7C52125,65283,res/animation/monster/gw_xiaoguai_longqidajian_super.pkm@alpha.gz,3848992575b107d38e18beb1a89d9d72
CFFE4094E9F3FF50C9701A327EEEDC83,1002,res/animation/monster/gw_xiaoguai_longqidun.atlas.gz,1c694ba727d71234b07f5cf38fc782fd
90A4729556EF65C6415ABD51C31022A8,51851,res/animation/monster/gw_xiaoguai_longqidun.json.gz,3de6efab464ef41688109d12b05394f9
10CBAF298F8F29570E1EB6271031C979,119896,res/animation/monster/gw_xiaoguai_longqidun.pkm.gz,9044cc292b39b5e647cf0a8424937a43
6329F792433570F18B615E6B0F608087,40865,res/animation/monster/gw_xiaoguai_longqidun.pkm@alpha.gz,dbb64d91f0b5dcd6e256422ecf1c49ef
E10DC41756ADA725AB78A26DE9D4E33A,1006,res/animation/monster/gw_xiaoguai_longqidundao.atlas.gz,cf58ec6142debbbdbf3132a99bb3e120
41EB56B2429067B620AAF9BAFE388747,71744,res/animation/monster/gw_xiaoguai_longqidundao.json.gz,ea93eebe97a00891dc62bafcc37d013b
16FD6DB486F2A222E555BA5794504761,73672,res/animation/monster/gw_xiaoguai_longqidundao.pkm.gz,cd803a718c0b50882b31b599efc5b271
67D0DB0970D5BB3A5397BE3381887103,33566,res/animation/monster/gw_xiaoguai_longqidundao.pkm@alpha.gz,400cc62bb93e5c19aaf4f9a35dc67f6f
CE5C28525330039C93C2B05C59B785B3,992,res/animation/monster/gw_xiaoguai_longqidundao_blue.atlas.gz,b761b9c4923198dfc5686680a70958a3
81708C139BED5FB338D31D645BD47EB5,37999,res/animation/monster/gw_xiaoguai_longqidundao_blue.json.gz,51ee6374835dc574aa2a74e187764763
0B830CFAEF387202D69856F5243AD190,98930,res/animation/monster/gw_xiaoguai_longqidundao_blue.pkm.gz,37a5394851e5f9374605314a99943e60
BBF3AE24CA38EF401DE39CC88668DC0E,42641,res/animation/monster/gw_xiaoguai_longqidundao_blue.pkm@alpha.gz,c61c4e23d3fdaffbdffab47a75214d75
64BD539A01B2A7E3CA3FABEEE7F062D1,880,res/animation/monster/gw_xiaoguai_longqigongbing.atlas.gz,e63dfc68ca75a220ba085b05d00ba427
3E07E99AEB8F885324A01735A7762B22,35473,res/animation/monster/gw_xiaoguai_longqigongbing.json.gz,84d5a72277e23b036971f2643f5ed4c6
595B071A710EADA15D43050D654D4569,60746,res/animation/monster/gw_xiaoguai_longqigongbing.pkm.gz,152e8140208fa637c486924537b663f4
1F441324642826C782F45EF448C459A7,33379,res/animation/monster/gw_xiaoguai_longqigongbing.pkm@alpha.gz,732bcf957c2dd44c701d801ea1ba2c1e
1DD66D2F5B89AD8D0572B72832EC87FC,872,res/animation/monster/gw_xiaoguai_longqigongbing_super.atlas.gz,fca5ae455e3ef0380b647652567061ea
E134D4B82CD0F299CA22A2B916536461,32308,res/animation/monster/gw_xiaoguai_longqigongbing_super.json.gz,cde0718d00caf9bd363e2d3ba9e77d0b
FD33C6A3AAA298DA1F77AF825C23E04F,94426,res/animation/monster/gw_xiaoguai_longqigongbing_super.pkm.gz,6eb01f7952319c6f9da264c285eaeda4
0F03E26ABA79CC197C3F45AE2597F1F1,35535,res/animation/monster/gw_xiaoguai_longqigongbing_super.pkm@alpha.gz,81f4339992b905c8682daf67597fd68f
E54E8276730523FAD34F6905C2ACCC94,1028,res/animation/monster/gw_xiaoguai_longqiqiangbing.atlas.gz,ee7bc156e07991ab900c6dc48ceb9ed1
05B6FDBCEF74C2C25CADC81315279E42,58099,res/animation/monster/gw_xiaoguai_longqiqiangbing.json.gz,4ba854a5c16dca70326e85d9516610b0
D990E554940769D08FD0B9F50033C76F,103444,res/animation/monster/gw_xiaoguai_longqiqiangbing.pkm.gz,e6cc2ddecf0b7b2375fda0a371ee04a7
4D183C10B118859E4A96FA8B0EBBEDEF,53329,res/animation/monster/gw_xiaoguai_longqiqiangbing.pkm@alpha.gz,8a074ca7f6cf4f301c78e2f06f3391b7
1FF4556CD8DDF5F75A5810F69619E8E4,1015,res/animation/monster/gw_xiaoguai_longqiqiangbing_blue.atlas.gz,5ee678853ce28cb8050d9687eb83395f
35DBC66F633B8521F374CF63446761F5,40301,res/animation/monster/gw_xiaoguai_longqiqiangbing_blue.json.gz,7d55caf8a98687ea9b869a46cc82f93e
13910E49A38F8B005FB0842ADDFC6E66,137635,res/animation/monster/gw_xiaoguai_longqiqiangbing_blue.pkm.gz,61e62ee4a876c0649476ffa96fdaf895
9FAA0566C2FF6CB264CD58B2B2A9431F,55767,res/animation/monster/gw_xiaoguai_longqiqiangbing_blue.pkm@alpha.gz,e8d8aea11f209fc86f007fec7f6b53e4
2FDF190DD92CFEB905C049499628EED4,1039,res/animation/monster/gw_xiaoguai_longqiqiangbing_super.atlas.gz,5a5b8cbe9d5acede17334d4b4bfa7425
207A31698FDCB936C6AC15C65E241272,40344,res/animation/monster/gw_xiaoguai_longqiqiangbing_super.json.gz,1e67023572ea0ad38c4ff28a9d6f6958
049ADC876A184D482550B089BA2CB8E4,178038,res/animation/monster/gw_xiaoguai_longqiqiangbing_super.pkm.gz,d50c55bb8ba987189330dc6f2c9ae46c
B39BDF34E6257AD0D29620AB84AC60DF,67948,res/animation/monster/gw_xiaoguai_longqiqiangbing_super.pkm@alpha.gz,582dfa3c31547b3151e3673402ff8bfd
8D963BD5BB15F42D7E3A3FD51B9580FB,869,res/animation/monster/gw_xiaoguai_longqishuangdao.atlas.gz,d8fb5c26b73b773dcb0ccdd4aeb92e23
BF770075583E3DAC82B2808620CFF033,36901,res/animation/monster/gw_xiaoguai_longqishuangdao.json.gz,d9a2616fea3e2e3c8eead4bd50b5c8f3
14FB68E484B2ADD2197BAD9A48FB48CF,51760,res/animation/monster/gw_xiaoguai_longqishuangdao.pkm.gz,5f41b756b675c9615eb71df50981988f
B49E4D2A32A08279B21F2D99B6EFBF4B,26585,res/animation/monster/gw_xiaoguai_longqishuangdao.pkm@alpha.gz,a7b48497890375afff9405e26f726971
26435F9DF12D6B9CF2E45B6F73B40105,892,res/animation/monster/gw_xiaoguai_longqishuangdao_super.atlas.gz,28235ed2f31a664c76f9cd312580b88e
1001A03B58ED4D9FEE9C47B3CA9360C5,26901,res/animation/monster/gw_xiaoguai_longqishuangdao_super.json.gz,5e18922db33266914dd6fda92e200ce0
336DC6D5B359ED09F900409798B86247,84696,res/animation/monster/gw_xiaoguai_longqishuangdao_super.pkm.gz,49825fa655c84780f074c4bf0172a51d
1438E9CB0141D1F2DE360F3CA6265C7C,35340,res/animation/monster/gw_xiaoguai_longqishuangdao_super.pkm@alpha.gz,355416b3ceb748763c3ac75022cc7dac
1C7F0E863D530AC4EA6D4FA22F2A9D18,910,res/animation/monster/gw_xiaoguai_longqishuangzhua.atlas.gz,fd4459cd6d723b7a19b39b9d021800e9
F150889F76D247863FD15BC36667FF95,25415,res/animation/monster/gw_xiaoguai_longqishuangzhua.json.gz,b485bbbea89a99c58a5400ff3cdb0c46
07FADD0A6A23104B35663E14A1303A15,82273,res/animation/monster/gw_xiaoguai_longqishuangzhua.pkm.gz,2d7bd46ea2bee37de38cd33565b3b7cf
8EE5A511F1501F05B9D76E3315FB3C74,29437,res/animation/monster/gw_xiaoguai_longqishuangzhua.pkm@alpha.gz,4a15ba6492cb90374d63660bcdf62443
4DDBC81A4A6807A4B5C93FF80E36662E,925,res/animation/monster/gw_xiaoguai_longqishuangzhua_blue.atlas.gz,3329b468f11dd7e52076dae5a621b1be
3823FBE4C4689269ACEE2FC14B16E8D7,27253,res/animation/monster/gw_xiaoguai_longqishuangzhua_blue.json.gz,daff8e5be1bcb3ed53377f9ba4e4c78f
29DE4EBE8C20CACB8219F02CB34CBCD7,65405,res/animation/monster/gw_xiaoguai_longqishuangzhua_blue.pkm.gz,0bfcf8c58f2013a097c98e792533a350
3269B031DD6DCF917B5891516A959BC1,29225,res/animation/monster/gw_xiaoguai_longqishuangzhua_blue.pkm@alpha.gz,9c55eaf2cb2f57236a6e9f36d346b5eb
D8509A0742E5826FD78C4584E918A83A,893,res/animation/monster/gw_xiaoguai_longqishuangzhua_super.atlas.gz,123717617e89be31f8588de412779144
FE5B47FD4EB2B0730EC894FE33B4C877,27267,res/animation/monster/gw_xiaoguai_longqishuangzhua_super.json.gz,bb86bf98ed04b060f96385e254072718
8951E595A6795EFFAD610AE2ACCAC316,85162,res/animation/monster/gw_xiaoguai_longqishuangzhua_super.pkm.gz,0561d6496becd91c6a718ed029c2d954
C78E16916ED7D7AD8A945C7A39850823,33333,res/animation/monster/gw_xiaoguai_longqishuangzhua_super.pkm@alpha.gz,e1431be83b93a1de1e9ab1d565e5bfb2
E6EC9F72656D2DC45D44D5264158DAB3,1109,res/animation/monster/gw_xiaoguai_mananafen.atlas.gz,4d58af265646d1451ab0f3c68b304db4
43FEA48A95654A1FAA1789D4885CC63F,76157,res/animation/monster/gw_xiaoguai_mananafen.json.gz,dfed30824e8259c1e157dfb0e905d750
AF619942A63CA894ABC476F35AD0FF0B,485,res/animation/monster/gw_xiaoguai_mananafen.pkm.gz,6031b32f7b5b6cb392052f3ffffa51c2
5709080B7FDE19BF0B352770ACE84915,490,res/animation/monster/gw_xiaoguai_mananafen.pkm@alpha.gz,6a9103280480bfa07b71f9ac60e7e856
5C53A511222C9E900F1C8FA4BF386031,870,res/animation/monster/gw_xiaoguai_newlongqigongbing.atlas.gz,69c498580bcf81990786bb47be39f823
443D7809EFAB568427FF2A7760FB0880,32424,res/animation/monster/gw_xiaoguai_newlongqigongbing.json.gz,8b2a01d33a33f84211cc24b290a87c86
314E86E31AEA0AB7975313548DE4093D,55239,res/animation/monster/gw_xiaoguai_newlongqigongbing.pkm.gz,fecca49c89023e2ec94d08a529ed5c84
4C679A205C8E2B67E7E925CDDA38F2C1,32567,res/animation/monster/gw_xiaoguai_newlongqigongbing.pkm@alpha.gz,c46bbd619c5481f9195cb1085e8063f5
A5ADC91A3BD8D0250F6262FD15C5F16E,736,res/animation/monster/gw_xiaoguai_rongyanlong.atlas.gz,40a27051cca2052db03135da0bcaa305
F7E237FF281AD625363AD338A3F7E26A,24369,res/animation/monster/gw_xiaoguai_rongyanlong.json.gz,66bb415eefd68b70dc3895fbee11cfee
56505617988BF8D58E0B4B4FA433E0A6,61333,res/animation/monster/gw_xiaoguai_rongyanlong.pkm.gz,324e53f61fa1535e3301cdb27a0c8c89
5EFCB0BB1116AE677D57BF17AEBAC997,23698,res/animation/monster/gw_xiaoguai_rongyanlong.pkm@alpha.gz,9a75e640c7548abe2ff6cc392b664405
84CFD3F35E74A119FFC1031A95A85A56,1052,res/animation/monster/gw_xiaoguai_santoulong.atlas.gz,b99d51e3803e8e315c383afff9ce5fa6
293173F934E784B58C7306408F183353,33849,res/animation/monster/gw_xiaoguai_santoulong.json.gz,83c1e6a631a765d76d8642ea7af0a018
384CB8143B0D71E42789681FE9232C10,935,res/animation/monster/gw_xiaoguai_santoulong.pkm.gz,5d1eed42f9ce5c2cf4905ec2ef743b0a
12148C635EEFE34E898B4FE07C104F47,936,res/animation/monster/gw_xiaoguai_santoulong.pkm@alpha.gz,968c4f4b07de0a2fbeb87cae265eb437
CB9CBFD959F114D78E30918D1C28E58B,1063,res/animation/monster/gw_xiaoguai_shenghuabing.atlas.gz,e107ae576f223656be381ae5682aefe1
06BBD883BF457AE9370AB9FCA826404D,17932,res/animation/monster/gw_xiaoguai_shenghuabing.json.gz,8149233634b1696a9d90f0ac9d18e208
BA32DA9658546D5B0BF2A03824A0BD4F,45056,res/animation/monster/gw_xiaoguai_shenghuabing.pkm.gz,94d391da8fd1bc42c43823d4d0ce66a8
7C5E2607773C4B0BD74B89A4B2BD802D,17395,res/animation/monster/gw_xiaoguai_shenghuabing.pkm@alpha.gz,2fff588d8372aaf359eac6aee60d7ea2
4CBFAF6BF7FC4144ED34DEC4D9B897E0,1030,res/animation/monster/gw_xiaoguai_shenghuabing_new.atlas.gz,f8ca2fdc79cccc9c7d9a3d82ca2698c0
6332AEFD302580996B9C169FFBDCC07C,17930,res/animation/monster/gw_xiaoguai_shenghuabing_new.json.gz,1258623d53686e7dbd40f4f0242b0dfe
CDE8E86A01B3972DD5AF8990DAF28C0B,45600,res/animation/monster/gw_xiaoguai_shenghuabing_new.pkm.gz,f5d9671861658ad1fe274010ed85f31f
3D90D69E1A6DF0E34C7E5333D58CF728,20913,res/animation/monster/gw_xiaoguai_shenghuabing_new.pkm@alpha.gz,5cc6d9b906f786db7eb26df7afa25377
63C2F704E68F60375FFEC527FEE056AF,850,res/animation/monster/gw_xiaoguai_shengyulong.atlas.gz,fb76b12cb1e8fb4ffda24428f75f5e01
5500BCA6FD31985DEE324C5440196F49,34938,res/animation/monster/gw_xiaoguai_shengyulong.json.gz,0be95e89673707345d73511db5112072
B3479DE866A634E405AA3D165F4B1CD4,64271,res/animation/monster/gw_xiaoguai_shengyulong.pkm.gz,3cc8b22f23971f2fd2000d2e09806359
6FCE6B8F670521C9211423C10E9F683E,37999,res/animation/monster/gw_xiaoguai_shengyulong.pkm@alpha.gz,dfae3088774ef92f6f74de242066f152
B519E856277CCE41158AD5A9C6A36047,780,res/animation/monster/gw_xiaoguai_shenyuanjiduokabangzi.atlas.gz,b836bd38487ab3314621a96cd71442b3
54BF154C803AE3FA66809FC9D2D3C32B,16489,res/animation/monster/gw_xiaoguai_shenyuanjiduokabangzi.json.gz,fc6358cd0960edfd218172915b2aa06f
4576F849F37384CEB12FABCE19671F69,25870,res/animation/monster/gw_xiaoguai_shenyuanjiduokabangzi.pkm.gz,ad3f1bd27b264fafc17642178b73dac4
BC8DA2C6D59D95253F9EAAAAE22270A3,11302,res/animation/monster/gw_xiaoguai_shenyuanjiduokabangzi.pkm@alpha.gz,1f5f629f63a3a4cbf97a70b3cad0d117
25F185CBB3CBBC3688BF4E6018573B1E,834,res/animation/monster/gw_xiaoguai_shenyuanjiduokagong.atlas.gz,c44d8145ee33ea6152f108f0cbb0349c
C48133D9CC1898D8C0C733DB8B70BE8B,20603,res/animation/monster/gw_xiaoguai_shenyuanjiduokagong.json.gz,0696d037e04db4bb2e83ffff5700909a
7B45FF4144C0D75C26EB2FA9446308AC,23422,res/animation/monster/gw_xiaoguai_shenyuanjiduokagong.pkm.gz,3c568b245f044481e73342d3d81d6f73
E4EA2160EEA47DA3D4421FBF22040007,12893,res/animation/monster/gw_xiaoguai_shenyuanjiduokagong.pkm@alpha.gz,3edb0f40098d78ab1a7c85a5846bfaf4
98F7044500F72A8CF757D3DDD0AFB503,851,res/animation/monster/gw_xiaoguai_shenyuanjiduokazhang.atlas.gz,453b96642f9e7d3d69bd08299564228b
708BB54046651A478478A56031103861,27524,res/animation/monster/gw_xiaoguai_shenyuanjiduokazhang.json.gz,3eaecaf10e4474c49c67e2b738b8d12a
297C9953FA84C26BF164A8771D5F7B01,26754,res/animation/monster/gw_xiaoguai_shenyuanjiduokazhang.pkm.gz,3fe13426733e397de6052f67ba9eb26e
E01F6F5D40B0B93DDA76C2C521F1DD34,14096,res/animation/monster/gw_xiaoguai_shenyuanjiduokazhang.pkm@alpha.gz,7519e0924efce5eb48611f5c01a7dd2b
63E91712514B3D13BD735C722A47C21B,826,res/animation/monster/gw_xiaoguai_shenyuanmolong.atlas.gz,457d823efe1f241a508747af1e2e128b
3E93816736CAB28AE6D1EC092681DD32,34826,res/animation/monster/gw_xiaoguai_shenyuanmolong.json.gz,15a49c90928daa56d4fb6ad0e31f3ac0
6526576A7D7946872E8DD98B16243F58,53059,res/animation/monster/gw_xiaoguai_shenyuanmolong.pkm.gz,8dc37e897ef5c3a305b84e6ecf70c8d0
F4CE8EFF1B9DE2D9BF7A037CA0DE758F,26078,res/animation/monster/gw_xiaoguai_shenyuanmolong.pkm@alpha.gz,696b7436c7ebff8143b44dcfc43ac720
F9BE2F7429C82824F778AE396D585D98,744,res/animation/monster/gw_xiaoguai_shishigui.atlas.gz,1fd523233c48b18f1e838e7a408a256a
50B43237A54919807A3316F8239816E8,21931,res/animation/monster/gw_xiaoguai_shishigui.json.gz,1ac48528a77ddf9ac06654c63807810b
DFEB0C0000499FB61C7ED1B34C98D0DA,21397,res/animation/monster/gw_xiaoguai_shishigui.pkm.gz,847c110f96c60e7aff087b584ade0f84
CF3D5E4BD1A2C5D3502D7D322CEDCC05,7880,res/animation/monster/gw_xiaoguai_shishigui.pkm@alpha.gz,b36393faa49ab8c490c07e7f655c4d15
0BA0EFD9F09412469F55172D2D7568CA,863,res/animation/monster/gw_xiaoguai_shishiguilieren.atlas.gz,45a381b6a467a72f907d385bfb4ebe3d
9EA1DAB235D1F0B4746009F604BD94C8,30886,res/animation/monster/gw_xiaoguai_shishiguilieren.json.gz,0945d76259357f9b7447f12470c5f5e7
B6B239D989FD772E50869DB64A476516,274,res/animation/monster/gw_xiaoguai_shishiguilieren.pkm.gz,e8bc593d4b53da8b31e2c6c359df9c02
4CD032937946A39B035FBD07A9CE6834,275,res/animation/monster/gw_xiaoguai_shishiguilieren.pkm@alpha.gz,d3462ba3060d1de60f8b2880076073ad
9298E05E40EA9C19D18BD48BA8359C6A,1582,res/animation/monster/gw_xiaoguai_shizhu.atlas.gz,99683d071fa10d42c9872b2e950f16c6
D04AAC60202306237F79459CBC358649,11138,res/animation/monster/gw_xiaoguai_shizhu.json.gz,988d0b49b56459ac3328538e9a0e260a
B6DAFF5335F9EF799155CE0EFBAF8776,109143,res/animation/monster/gw_xiaoguai_shizhu.pkm.gz,c64b39a1d6e474dda3fd9ade8126dce2
70779C8B8230E2B693B56C717183F0BC,114434,res/animation/monster/gw_xiaoguai_shizhu.pkm@alpha.gz,f40b603af03fe8ab2ff5620b02b99442
F5FD6488BC32027E8BCC892C95B31ADF,1190,res/animation/monster/gw_xiaoguai_simen.atlas.gz,b7cd4d4dd0ab8db0db38f019161e0115
72A4ED3E8BFA7FCF4491F05932EEB6FA,10053,res/animation/monster/gw_xiaoguai_simen.json.gz,72f0ff7f50882a02376c5e551576e036
5F2A86F3BA1F5385076B0A16E9C5AB6E,335211,res/animation/monster/gw_xiaoguai_simen.pkm.gz,969662f30d372c2a8eab449963942173
1B4099EECC4EC77094CC88FEC03E0498,171799,res/animation/monster/gw_xiaoguai_simen.pkm@alpha.gz,72617b9e04fce36140a6580171d6f559
DFF23E939F62428482ADACFEBF4BC706,941,res/animation/monster/gw_xiaoguai_tiequanjumo.atlas.gz,7d5815ce8422021fb7192c7b5b493cc6
D851ED435D7DB41571DBF77E279720DB,20131,res/animation/monster/gw_xiaoguai_tiequanjumo.json.gz,77ff0b471ddd99db832759f7f0d370de
E971C19BA4050657ED1BC17D60A1FB94,68704,res/animation/monster/gw_xiaoguai_tiequanjumo.pkm.gz,3d790381c354fc776e81e8f8d448ca7e
17929FCBEF386D1D762B124A74B853C1,23929,res/animation/monster/gw_xiaoguai_tiequanjumo.pkm@alpha.gz,62474399c5d855708e60b0ead45f80d6
F3D69DAA5D430F8F649D95957DD2966D,793,res/animation/monster/gw_xiaoguai_touzhijumo01.atlas.gz,fdecca5063a18fa02e1dbdfff12fe48c
57F2BC76B373B4DB5C97976750555872,15431,res/animation/monster/gw_xiaoguai_touzhijumo01.json.gz,59aa622a0633764d4546b8896f41ba84
690012482018926FD5958CBC45BD1DAA,66158,res/animation/monster/gw_xiaoguai_touzhijumo01.pkm.gz,34f652d50a99839a6a0fbb2491e11718
2580F8C17CEFBA3201666A888FE3BCDF,22437,res/animation/monster/gw_xiaoguai_touzhijumo01.pkm@alpha.gz,44fc326a5a577059da71ff63af4be562
68B16D9C472368A5AC7586A0BC6ABC6E,831,res/animation/monster/gw_xiaoguai_touzhijumo02.atlas.gz,120fa2b54ab6106f1ab1fbf870b4d990
7ABA91B3541C393BAB60AA718CBE3C90,22490,res/animation/monster/gw_xiaoguai_touzhijumo02.json.gz,a97beeee695fc88878236264daf79020
6CC1AD8F3B650E7FB489EA8C8036CA57,51640,res/animation/monster/gw_xiaoguai_touzhijumo02.pkm.gz,de89d52e8239322f0b8570d39e0f51c2
221D2F027FEC272EFA690DAE599E4496,20047,res/animation/monster/gw_xiaoguai_touzhijumo02.pkm@alpha.gz,d03478870ad285c55efe38c63533d190
F57824D599216B6178F6D422CC83C0F5,539,res/animation/monster/gw_xiaoguai_wanglinglieshou.atlas.gz,2e68e6f59fd36d3d682c14fe063e7021
527690BB8C3221E59B1CF08EBA913787,12954,res/animation/monster/gw_xiaoguai_wanglinglieshou.json.gz,f64ac35715cd0e016184384c0ed01679
240E4F05A8FCC225424B0B2FEC77CFDD,270,res/animation/monster/gw_xiaoguai_wanglinglieshou.pkm.gz,0f1ec06f59c9ab1472bd9f4f3318bfa3
333F7B6F0A18FD0C97EA7BF43FCBF225,271,res/animation/monster/gw_xiaoguai_wanglinglieshou.pkm@alpha.gz,ccc935930b9f1539d7a98126bde1d1b9
56F915269AFE18F45B8EEAA1830CE18E,907,res/animation/monster/gw_xiaoguai_weixiaokuilei.atlas.gz,b51194ef4caf4d6e9877cf163c5fc643
66FE155B1BC80144584EBFAFAC86F9DA,17234,res/animation/monster/gw_xiaoguai_weixiaokuilei.json.gz,42daa952e10c93f79b5e92d06c925010
379DB0827AB0B392B58255DBD3480098,485,res/animation/monster/gw_xiaoguai_weixiaokuilei.pkm.gz,6031b32f7b5b6cb392052f3ffffa51c2
3CD03B3AFC6F27FBA687F1110433FE89,490,res/animation/monster/gw_xiaoguai_weixiaokuilei.pkm@alpha.gz,6a9103280480bfa07b71f9ac60e7e856
33325833A9B441090F6C9F45577FE1BA,775,res/animation/monster/gw_xiaoguai_xiniu_hong_new.atlas.gz,8e16f011bed238cd961e7a2a444851df
CE5002DED6C040B5241F5275D2461EE6,14249,res/animation/monster/gw_xiaoguai_xiniu_hong_new.json.gz,38745f908fa0c8bdee4b96267ee52bda
E6B10441C42BC93C642D8751FF3FB644,98078,res/animation/monster/gw_xiaoguai_xiniu_hong_new.pkm.gz,d71fc87e268b8014c44d0cd986df260e
B5A8CB68BC968DF8EC8D9FB31BE0D617,32420,res/animation/monster/gw_xiaoguai_xiniu_hong_new.pkm@alpha.gz,d4f9e77cdb83cfcd57290002b57c8f63
41B00D555C09E6D4089D88EBAA420C14,782,res/animation/monster/gw_xiaoguai_xiniu_zi_new.atlas.gz,dea1e2c26ea8a007e6489368811f234d
7F231689A49866111B85A7A298148C92,14251,res/animation/monster/gw_xiaoguai_xiniu_zi_new.json.gz,7d049059212956062e3bc88c809a064a
1A81A0E99A48642684B9AC56F99B8AD6,97085,res/animation/monster/gw_xiaoguai_xiniu_zi_new.pkm.gz,ddb3560164b04df92ff37438756969c3
6A4669F61559D08FBA1E18D153615FB0,32420,res/animation/monster/gw_xiaoguai_xiniu_zi_new.pkm@alpha.gz,d4f9e77cdb83cfcd57290002b57c8f63
AB284DDC2D365FB71B45C94F9ACCE60D,1130,res/animation/monster/gw_xiaoguai_yiliaobing.atlas.gz,329dee91196fbab634bb538a8129d605
133595D9401807B0B3FCD57CACD06CFC,26436,res/animation/monster/gw_xiaoguai_yiliaobing.json.gz,ad61da71044912cfe49a8bd6e1c7ae30
DEE66526694533B3DFD491EC92DBBFAD,63194,res/animation/monster/gw_xiaoguai_yiliaobing.pkm.gz,5e6afc276e57a56da20b7b3a5e00c977
FDF0E9773C86872B8A15AF79415E4177,21697,res/animation/monster/gw_xiaoguai_yiliaobing.pkm@alpha.gz,19cd5a03f8a1c7b75664641055092437
7F7099C76A22AC2ADA9EBC00BB907B02,1139,res/animation/monster/gw_xiaoguai_yiliaobing_new.atlas.gz,38b47d468bd0323588cffaf451267342
5719BF96FCDD83FA491286654EE30CC1,26464,res/animation/monster/gw_xiaoguai_yiliaobing_new.json.gz,fb60ca4d1b3d009c094480ab4f7b22d3
37BD3B3A0273B2B6E34F5568921C1A0A,63604,res/animation/monster/gw_xiaoguai_yiliaobing_new.pkm.gz,15a78befd020c313c59c821d1c307f66
CAF1CA2FD0ACFFBF7B7E3A7576CB53FE,33035,res/animation/monster/gw_xiaoguai_yiliaobing_new.pkm@alpha.gz,30b2c910c8da49b8abe9497d9929000e
3C30836EEB8D676F024C35FCC2642769,946,res/animation/monster/gw_xiaoguai_yinengzhe_bai.atlas.gz,28df723ab8f8457a22b8759178d6cafd
CFE857FCF13563FD7A2D33D45EC9AE73,17845,res/animation/monster/gw_xiaoguai_yinengzhe_bai.json.gz,94b075a49050d7b824c5d197771f2b7a
1F9B91F19DE1EEF09F028A7B41F19093,24967,res/animation/monster/gw_xiaoguai_yinengzhe_bai.pkm.gz,0618cc9852584ec4a145735cd3251757
BA211319AF9367DAED600622E30B70AE,11576,res/animation/monster/gw_xiaoguai_yinengzhe_bai.pkm@alpha.gz,5e4458d7793d6d3ea9eb489f74412b54
8BC90D215CF8A5202119F7CFEE837A58,958,res/animation/monster/gw_xiaoguai_yinengzhe_hei.atlas.gz,96a451a02b41427c5759e27a816116f5
B2FB3CA50D3B634644F0E6794021B8FC,20947,res/animation/monster/gw_xiaoguai_yinengzhe_hei.json.gz,b5d69929d02160de6a13a7d343aa07f9
D793341509558CD7E8ED357E439775DA,25491,res/animation/monster/gw_xiaoguai_yinengzhe_hei.pkm.gz,1e0766c64b3ef311c68130983a69bc6c
7D50BC6A69DE285E4068D2DCEAF48309,11542,res/animation/monster/gw_xiaoguai_yinengzhe_hei.pkm@alpha.gz,0984bdc1e78104e5f4423fee878d3a04
F3B88878AB90F5551C0D726FE52E03F0,683,res/animation/monster/gw_xiaoguai_zhizhucanci.atlas.gz,4622132541404f44408d4668e2622e0f
EC0AE45015CE0985300726815853902A,10869,res/animation/monster/gw_xiaoguai_zhizhucanci.json.gz,209c93ab9ee36422623b494f73489b9f
F39E5062981FC815E3BE7A9588C259C8,20558,res/animation/monster/gw_xiaoguai_zhizhucanci.pkm.gz,be9005df300974eadcdd291a94852b52
87376F14F32E50C8B9B19AAC0DFFC2C7,11419,res/animation/monster/gw_xiaoguai_zhizhucanci.pkm@alpha.gz,e690f5036c2dbd32fd2218a90a73915a
B4E5D77A7ED302469DDF4815A3A27EB6,830,res/animation/monster/gw_xiaoguai_zibaogoutouren.atlas.gz,1e7a2f02470e0d870837e9a99c47ffaf
142606EB5BB70F7F41A24389F0C4D629,13163,res/animation/monster/gw_xiaoguai_zibaogoutouren.json.gz,b3a3bf929697f515f3d93d28e88cf7fd
9E9337739023A47DF3B00D0B0C6EF3D1,21137,res/animation/monster/gw_xiaoguai_zibaogoutouren.pkm.gz,23fb654f96b802b1c1265b151b5c5e62
D5C28BD0B5E63977B5A73EC72563A70A,9243,res/animation/monster/gw_xiaoguai_zibaogoutouren.pkm@alpha.gz,171ef0bd7a47ab9d56460cee01f6a509
6DCF5DB61D9C05FAAA917D8EAB7DF10B,821,res/animation/monster/gw_xiaoguai_zibaogoutouren_new.atlas.gz,5b3994821306c416bb7b97eb8899684f
BCAD5E08AFCDAA942E98CE96AC424188,13262,res/animation/monster/gw_xiaoguai_zibaogoutouren_new.json.gz,766ec64d518b0bf498abbf2ebcd852b7
594AF0618C97B69D804C59DE4BA2BDAF,26763,res/animation/monster/gw_xiaoguai_zibaogoutouren_new.pkm.gz,a76aa67e5d9eb9b678121bf39a2cc7ef
5BF6CCCE176A4195FA973DFF782EEC60,12612,res/animation/monster/gw_xiaoguai_zibaogoutouren_new.pkm@alpha.gz,91458a570f32d44047e74d9f970166c1
B7242D78B351CE21FFE3C54E86F1D0BB,727,res/animation/monster/gw_xinghen_changqiangnv.atlas.gz,7f621e0b9f9021f878fc99462a86b053
B0B24299416EE0ADD73150D9347BEEDB,40190,res/animation/monster/gw_xinghen_changqiangnv.json.gz,4a51e90919f6abafbda8e5f01d6d97b2
80191516737068C5A921EE7BE88EDD35,33229,res/animation/monster/gw_xinghen_changqiangnv.pkm.gz,50c9ba1f516ba2939cb5679fe03392aa
9C6235EF7174D4D79035E174C56E1598,17393,res/animation/monster/gw_xinghen_changqiangnv.pkm@alpha.gz,ecb6d23c5bd7c647f428da6b8cdd2d21
CF6A26DA3BE71CCB0B69C123C7A52444,746,res/animation/monster/gw_xinghen_lunrennv.atlas.gz,70d774a795567e3912c3e2e042bc7d1c
B0B946C17CA006922795B97C3800BF7A,46190,res/animation/monster/gw_xinghen_lunrennv.json.gz,ef89d056c7c73d4efa036ca29a6e859e
336014C9E40AD4C9795931E51D125DE8,32202,res/animation/monster/gw_xinghen_lunrennv.pkm.gz,38e5d5be46f196412af018bf93da3b60
EA9F900FA2C224CC504CA075FFB33EA8,15013,res/animation/monster/gw_xinghen_lunrennv.pkm@alpha.gz,180423f707f67b01c008d34d84eb9a0d
A77C30BDC3EA54F21496AC5439A1C6BB,715,res/animation/monster/gw_xinghen_yu_dishang.atlas.gz,75e202942335970ced32d2090339faf5
03D598DD9E8A435E939DCA1E9A9DA2D0,54201,res/animation/monster/gw_xinghen_yu_dishang.json.gz,dc746ed44ccbddff68375c46c2180b67
78E976C9EF68183FFE9620F9677C748C,86658,res/animation/monster/gw_xinghen_yu_dishang.pkm.gz,57e58acb8394560c72289d01c3542034
5C23D57E2BF44E4DCFC58F2C99DEECA7,29631,res/animation/monster/gw_xinghen_yu_dishang.pkm@alpha.gz,d0a642861d9467fed04ad0df8a769752
65DF0CAE13A9516294DCC292A7727874,816,res/animation/monster/gw_xinghen_yu_dixia.atlas.gz,c4c8496be7dc57392d56a986f9c7e85e
0B8DB83B118C17F75293397910BC96FD,15783,res/animation/monster/gw_xinghen_yu_dixia.json.gz,0439afc8528f13f9b7f4e3cf42a041c3
B90B5CDC4E2C52AFE2D8A1C95A066CEE,88162,res/animation/monster/gw_xinghen_yu_dixia.pkm.gz,7ef08c449ab2220dd231d463537c1667
33E1041E173B1B33225E7783630071F1,34519,res/animation/monster/gw_xinghen_yu_dixia.pkm@alpha.gz,37a2391b132944e40b7a88d44b5aec85
FD72862FCB9FEB4EF195B41EA1CD8A06,281,res/animation/monster/gw_xj_penqixianjing.atlas.gz,565d139b6eddcc72ec28ba59c16afeb9
376CCA18E0B4D91BB226FCD15DC074D0,389,res/animation/monster/gw_xj_penqixianjing.json.gz,d5c429bbfd6f0855af87365c6ae3e72a
A8D0F3C85898D8189B095A7B96CCC21E,3216,res/animation/monster/gw_xj_penqixianjing.pkm.gz,ee6c372bda769470b555b474db0cb01a
31556C93CD3CB11EBF0D01C9D1FCB019,8884,res/animation/monster/gw_xj_penqixianjing.pkm@alpha.gz,9e768f8e826a0d157db9ba09387ad1db
327F6ACC8CC566F1BAF024CE9D0097D2,1775,res/animation/monster/gw_zhaohuan_jiqiangdama.atlas.gz,35af27bd024e75d70f6426944af587c6
8896A216CAA81190EAC936DCC6B78DD7,99101,res/animation/monster/gw_zhaohuan_jiqiangdama.json.gz,fdd1a199f14d5679c9533b265c5e8b08
5AC6A8A4FB842924A44500341343532F,47580,res/animation/monster/gw_zhaohuan_jiqiangdama.pkm.gz,da51f43f2cdeae65c50fddc5cb135b0d
14DD2CB45CD8FAB252F83DDCA390CC77,33334,res/animation/monster/gw_zhaohuan_jiqiangdama.pkm@alpha.gz,f5436d3d77f4c19c6ba968edc04dc522
03AB2E999369338DA38A78D7F70E2E6C,1061,res/animation/monster/gw_zhaohuan_jumoduizhang.atlas.gz,fef38d34a9a4897851a79cfa73daf36f
080EDB7CDF70CB3E813C0AA24B4BE4E1,111104,res/animation/monster/gw_zhaohuan_jumoduizhang.json.gz,60c0e55827806b8186c32ef5a3b417e8
959D2276A8A3858BEE92BB447247B9EE,228199,res/animation/monster/gw_zhaohuan_jumoduizhang.pkm.gz,79140cb0e915fa7bd4c1dc4757585a87
847777B1462AC69C171192DB025BC6B2,105782,res/animation/monster/gw_zhaohuan_jumoduizhang.pkm@alpha.gz,eb4ca297784554ccac8c1fda7cba93c0
BEFA20292270703DE21CAA95FA60F204,1050,res/animation/monster/gw_zhaohuan_longqidundao.atlas.gz,c7550b586ee49700cae26541418fc00f
EDCA4B1A243E1A7469B9CE4743755956,71834,res/animation/monster/gw_zhaohuan_longqidundao.json.gz,10b28fd09437cabe3d6221b07fde076f
A8E4068D1E3B8969EC399248D4AC9229,42259,res/animation/monster/gw_zhaohuan_longqidundao.pkm.gz,4c6b40b91fb27f83ffb0c8a93837a00c
B961B2BB3A7C48D8EF1B30AFCC5BD3DA,18835,res/animation/monster/gw_zhaohuan_longqidundao.pkm@alpha.gz,b055b70bc371436d4dfb959c7452d782
982D5EA5B7875938640D44D54520F495,802,res/animation/monster/jumodun.atlas.gz,a9e6ef97580d1d0d9560da608919e7b8
4B215CA911797A419CCA2DC3FC47CD81,13331,res/animation/monster/jumodun.json.gz,945faad9889df746a64bdddd208532cb
2882DBFB703A1F3638C5E43D76A6B27E,62502,res/animation/monster/jumodun.pkm.gz,4751ae2d912300b5d8c7f378d62e768f
72100CF1006B7F864A0F34E7AD1AC799,17838,res/animation/monster/jumodun.pkm@alpha.gz,b5cf99fecce7d1b613e8f6832eea5085
AE3CAFFB70000BFD971AC99DEED42B6C,1319,res/animation/monster/kb_boss_feilong.atlas.gz,81e9cba53af91ebbe91fc747af9a1267
1AD4D6633758F55244FB9133CD83DEA0,10349,res/animation/monster/kb_boss_feilong.json.gz,92128c585e627143aa71b6eb2db2d870
9A89AD1B89C46D6B6C773EC7E06AF12A,243965,res/animation/monster/kb_boss_feilong.pkm.gz,71a088e7f16d0b2b132fa13f7f49b2fe
D91DA6A176615D0F74784F0431A322F6,127267,res/animation/monster/kb_boss_feilong.pkm@alpha.gz,c63d425ad5d496678f827dce03ca04e2
6BA7B1C7B2AED8F1A864467C13D6F6B3,214,res/animation/monster/kb_boss_yeyuanzhiyuan.atlas.gz,3f2c5620fcc83f0f82e1b666908e2043
236C35342A5B29AF891BDC527D9D7C61,614,res/animation/monster/kb_boss_yeyuanzhiyuan.json.gz,a9be4831e3d7cda7d2b31107dcb24c43
CA094CD768EE20954C97D802F1788B9F,277,res/animation/monster/kb_boss_yeyuanzhiyuan.pkm.gz,d5e40d07f10d331aaec6f0907cf3d4e2
62EC2569865DE5E61A710DC3E83CDEBC,281,res/animation/monster/kb_boss_yeyuanzhiyuan.pkm@alpha.gz,1d2b2c4114c49f452017600b03cbcbcd
5C913928133CE50E5F303A05AEBE0672,218,res/animation/monster/kb_dundaokongbai_zhaohuan.atlas.gz,1ed8ad85369ea8ca50087c784e4994d8
6E235E171DF05584F9FB2C6963093954,597,res/animation/monster/kb_dundaokongbai_zhaohuan.json.gz,881b740f028ad1b247d6662843a20602
C114A42CF9750779ED6784134B35843C,277,res/animation/monster/kb_dundaokongbai_zhaohuan.pkm.gz,d5e40d07f10d331aaec6f0907cf3d4e2
17ADA7F676A4287526BB1F9A2E394A81,281,res/animation/monster/kb_dundaokongbai_zhaohuan.pkm@alpha.gz,1d2b2c4114c49f452017600b03cbcbcd
9D4EC5113BF58481E894ACD2C6580E3B,1263,res/animation/monster/rw_ling_sanchongyingwu_fenshen.atlas.gz,bb622aaaf018a4faa9024396e1939b06
B6F6222677F7ED4342E696933BF96EAA,24746,res/animation/monster/rw_ling_sanchongyingwu_fenshen.json.gz,d50c398efe276d9f457ee5b9b9a187da
0F443689BF6D2B5B070B77AB404C284D,27825,res/animation/monster/rw_ling_sanchongyingwu_fenshen.pkm.gz,b5abc7371477e8549e570c23567b4a5c
CE953E57A65C33FEFBC7EC2FF5B80DDB,19413,res/animation/monster/rw_ling_sanchongyingwu_fenshen.pkm@alpha.gz,2e164299a9ba10f9aba0b49028691eb9
FE9A04ABE3802501BBC02D35A1D5D9FC,755,res/animation/monster/tx_boss_jinzhangou_erlianzhua.atlas.gz,9ea0d998102573ab5ddc208e1217f624
869E64933A90FB8F1A03B2CC9681E087,1465,res/animation/monster/tx_boss_jinzhangou_erlianzhua.json.gz,4469efa84bb78240ee227241ff8a5f11
805DCCEF71D8C847DBC9BDEF12DDA62C,146677,res/animation/monster/tx_boss_jinzhangou_erlianzhua.pkm.gz,eeac47c9fd5acd0d3d65a3aeef3e080d
0A73A04837A60A6B47F2500019D54D9E,95500,res/animation/monster/tx_boss_jinzhangou_erlianzhua.pkm@alpha.gz,59423a9abf83c3fc6ef9c8245b8b087d
B081A7B25FC780D55CEDB74E3A25B4D3,1917,res/animation/monster/tx_boss_kuangshi_zibao.atlas.gz,3cc73a6a48ebabdd9fdea9062c3dee76
731493A1DF44C967BE8B3B1D688E9382,6362,res/animation/monster/tx_boss_kuangshi_zibao.json.gz,3ce26a0133fecc27f2287d3e3d7f6193
4DE1CDF31889B533A4085DE397E68749,355954,res/animation/monster/tx_boss_kuangshi_zibao.pkm.gz,83373203136d2a82971be7a3f9319342
0071287C9D392B93633FDD0231C1817F,275625,res/animation/monster/tx_boss_kuangshi_zibao.pkm@alpha.gz,73809f4d959a12f72e4215e1ce0b07ba
54493BDEF3EDA2053732A408708F3645,400,res/animation/monster/tx_boss_niudanji_niudan.atlas.gz,3b36fdeb02e307332133d12560ee6a40
6DB1739E3D4798AFB4E61C42E3C2C517,946,res/animation/monster/tx_boss_niudanji_niudan.json.gz,099e118caee09bec2ee16b16890ddea4
4518BE89191DD7D1FF598224332CE9D9,5804,res/animation/monster/tx_boss_niudanji_niudan.pkm.gz,72b119571f421a229114fef8226a8066
62E3C8615C6D950867FD7401EAD9859D,1994,res/animation/monster/tx_boss_niudanji_niudan.pkm@alpha.gz,960c5382cc1b08c4a551977f7c0780c2
9AABDC73CF3DF0650F37C439446D333B,1232,res/animation/monster/tx_boss_simenfeng_fengren.atlas.gz,ac2100c508a1e77b8793996d308747b0
6484A11C456D498859C0C9907FE45D37,2014,res/animation/monster/tx_boss_simenfeng_fengren.json.gz,4ea55c328844a1d51945035b2757345a
11D7860328E7226A50531EB653FFCD4F,379749,res/animation/monster/tx_boss_simenfeng_fengren.pkm.gz,0d3f76e5467188d7bdad7f97baafcdcc
3E99CFBE3DDB9C329FAF7507C532AFF3,304586,res/animation/monster/tx_boss_simenfeng_fengren.pkm@alpha.gz,34fc4d2a7675bee2ebedda7fa73890e0
4CBF8BFA83EEDDA424620103FE723D98,780,res/animation/monster/tx_boss_zuandilong.atlas.gz,c54e8f7cdd863c8a5c1b399dd2e2adfe
98D52AB46BBCA567850C19FCE9538025,44022,res/animation/monster/tx_boss_zuandilong.json.gz,6ac343b6d6b360c4e9a9193304746222
9FD2D9F99EF1805C8DCDD07E71DD6903,112752,res/animation/monster/tx_boss_zuandilong.pkm.gz,1b7f4014b64b2c89ec52f717cddd9d59
241E987088A63C643B210E2B8AFF62C5,64417,res/animation/monster/tx_boss_zuandilong.pkm@alpha.gz,346b4f130cd315b65204b0cabeb37b2d
34AD5FD1041E219C3C0937940966D91B,2438,res/animation/monster/tx_ciyuanzhimen.atlas.gz,95e32c42a1f7eb439f842a9ff05238e3
7889506B224258E913472DEAA4B63B48,28577,res/animation/monster/tx_ciyuanzhimen.json.gz,8a0769a000d70301d888bb6786388dcd
FA50D6ED1CFB42624F679EDDD71C574A,809393,res/animation/monster/tx_ciyuanzhimen.pkm.gz,86e93d2c623239e0cda7bd9a27ed80ce
0FA6D18510A5D51CA8A67D0152369650,429689,res/animation/monster/tx_ciyuanzhimen.pkm@alpha.gz,ae17646bcae99ebea03e54beaf2ece71
159FAEB48131F60A8DA81326A103DA78,751,res/animation/monster/tx_tanglang_jiaochadaoguang.atlas.gz,b32da40ec4dec26e8354422517a8c51f
978B1EEAF177D5316B395A99A73F2E42,1465,res/animation/monster/tx_tanglang_jiaochadaoguang.json.gz,4469efa84bb78240ee227241ff8a5f11
B243295247B7B22437A08E5457F5AF2F,146677,res/animation/monster/tx_tanglang_jiaochadaoguang.pkm.gz,eeac47c9fd5acd0d3d65a3aeef3e080d
BE6840BB639E3E61589058D616B4ED77,95500,res/animation/monster/tx_tanglang_jiaochadaoguang.pkm@alpha.gz,59423a9abf83c3fc6ef9c8245b8b087d
5A46FE29A40E35F0AF193FCD0329EFF2,2167,res/animation/monster/tx_yangui_quan.atlas.gz,564d6f6bc678739c9aa5924000f84c42
CC328F15C1418DE5E8BA75A699489C7A,5072,res/animation/monster/tx_yangui_quan.json.gz,647572c6e3a379ac51fef456bd7e6f05
424109D5C686D291FCBDB9E6879F116C,535488,res/animation/monster/tx_yangui_quan.pkm.gz,627319f13986953aaa2c6027bc2f6c51
AC910FCCD8468E14E2D189E1928081B6,416291,res/animation/monster/tx_yangui_quan.pkm@alpha.gz,19cac4c189373ecac490ed781521129e
4EC2E2730670003F79E5466449FCCCD5,595,res/animation/monster/za_duqixianjing.atlas.gz,9685350bb05cdd31fce9e8d001ac4644
9735BE89832271694F490FA6B5D07947,3307,res/animation/monster/za_duqixianjing.json.gz,c9a4549e8b8cd3d08eef0fbb620b9b97
041E3650D58F43F2ADB0C0F249FCB8D4,58409,res/animation/monster/za_duqixianjing.pkm.gz,f93c851576c22e132d0bf77f3a191dfa
3C24C34EB77BBFF6602953AD1C2F1245,21825,res/animation/monster/za_duqixianjing.pkm@alpha.gz,f248f24a8c79aa18026b579e394220de
F59FE57F49CF09A2B2F894E439CC456F,1733,res/animation/monster/zhangaiwu_baoxiangtong.atlas.gz,4568683e1917015185be9f6e70c82592
2D5737338E48FF8AC9D8209B0C6BA515,4017,res/animation/monster/zhangaiwu_baoxiangtong.json.gz,3b1b1f9ccdf0e5981ce72180c185d5f2
42AEA4A9C60B39591FA20CC7B85111DB,196133,res/animation/monster/zhangaiwu_baoxiangtong.pkm.gz,e863cc5dd4a899162f09c4ee53cc199c
82E8A2CD27FB01AF037CF3025E255CBC,149159,res/animation/monster/zhangaiwu_baoxiangtong.pkm@alpha.gz,6a8bf95cabd08e10106661837db465fe
E0F93CFA340932F5ECD9AB59A9953976,1472,res/animation/monster/zhangaiwu_baoxiangyin.atlas.gz,b98ada9e163fb4fa5953c64ad6d6839e
BECA64C355ED133282B6A6E4BEAC55F2,2695,res/animation/monster/zhangaiwu_baoxiangyin.json.gz,590a8352fe5f97c2c134743e5ac57a60
97D763C7464C31AB5CAB26BC2457BAC9,204949,res/animation/monster/zhangaiwu_baoxiangyin.pkm.gz,a315d9844cb7ec4e6e2b4933808acfc0
F7D25ED7751603B3E240E4EA263A7B2B,158463,res/animation/monster/zhangaiwu_baoxiangyin.pkm@alpha.gz,e275150ddab50be39db1a1e36949ed08
1A06B89B18A99C85F686135DB0EE940A,1475,res/animation/monster/zhangaiwu_teshubaoxiangyin.atlas.gz,5e0697c3b3172b314a9248eb06275f14
36C40BF7E19FA4383E675775B208B18B,2955,res/animation/monster/zhangaiwu_teshubaoxiangyin.json.gz,9d2d38b33fc5bc15569a1250fbf329b4
D7C7465C5F20489BEAF37020572FCB62,105314,res/animation/monster/zhangaiwu_teshubaoxiangyin.pkm.gz,67395fee195ecb9f3f9c62c8dcef48a9
39BFD82654EE77D25C903DD98D0763B5,90203,res/animation/monster/zhangaiwu_teshubaoxiangyin.pkm@alpha.gz,55cb0fddd4b29f42f4da8fbfd71e7f71
790D0B766D94665A1A33B6C272607107,1026,res/animation/npc/npc_aiweier.atlas.gz,f8ca84f99f6abf8b1ef7f3a7997ccfed
AD08738489ADFC5B00D845FFFF38B950,26649,res/animation/npc/npc_aiweier.json.gz,332b7fc0e280762dd3242ff32e19d88f
AE228AF5B8B2FD0C82E8B13CA6E546D8,58468,res/animation/npc/npc_aiweier.pkm.gz,3facb3277e4005d6202039c453bb8734
401E7FC793A9C687A22B640222491EDB,32436,res/animation/npc/npc_aiweier.pkm@alpha.gz,690e4fe843ceaf99728577cd933b11ca
425EE305DF0E79C1341A8D72A9C08384,769,res/animation/npc/npc_bartender.atlas.gz,0739fb94e4efdf9e46dd08cb60548bfe
CBD94B9937F3350E2DCD2146BDAC1A8E,8575,res/animation/npc/npc_bartender.json.gz,929eaa287972d2cd63d687fb850a4569
64025D6AC937C6EE2C9DDAA77C9D1F23,47046,res/animation/npc/npc_bartender.pkm.gz,6d4365b8c3222760176ce8e1c6bc2537
3741E3BB5554453C1394434F821BF8DB,24777,res/animation/npc/npc_bartender.pkm@alpha.gz,2da6e5679138ca1d7ea4579fcf27edd4
9A9186A0358DF4A9FEECBA4CD1B9206E,819,res/animation/npc/npc_dashu.atlas.gz,4d88004dd82829c933dc60f2b2eeefc8
E8C1AC3966680B33EE8ED50E7B6394A0,12662,res/animation/npc/npc_dashu.json.gz,2a3b6f04772915a68519758dbdb8db26
C2D644FE005FCD7EC22C66CA32AD7E5B,25053,res/animation/npc/npc_dashu.pkm.gz,77532de63b422301eae96e7042ce2f35
E3672090639B89D9FA0ADD8328BFBEC8,11726,res/animation/npc/npc_dashu.pkm@alpha.gz,3812f8cab41eced551368a7af6ec176b
8C3A32A41CA0163E20CA86FDB31B7F52,1059,res/animation/npc/npc_dashu_shop.atlas.gz,d7c528f2eb013856b88616db7b2a0c3d
9748E823626F995C4AADC6565EF32791,18678,res/animation/npc/npc_dashu_shop.json.gz,89346942d89dae27065c3506e1b16b9e
F8900AE17CB0E5514BE4C246F60FF64A,37848,res/animation/npc/npc_dashu_shop.pkm.gz,30168e000baca1aa4df95da6f9192b91
5DA2A5636DAC65FDFDCCD78924621B06,15879,res/animation/npc/npc_dashu_shop.pkm@alpha.gz,82f50b8adaab4405d928a4aef4e47e98
163A25FDCBA22DC2942CA441778019B1,669,res/animation/npc/npc_eggmachine.atlas.gz,ede5afbfae1f0728bf1988ea0adf85a8
35D663913014AFDACC9B4B18EE80D02A,1556,res/animation/npc/npc_eggmachine.json.gz,dfc774322add3be7dccd6d26a043e226
CA659DBAF08B0B986543AD6D361835CD,31284,res/animation/npc/npc_eggmachine.pkm.gz,42a08b73f7e13950626b43f0aac0b0b5
6DC190FA5A6F219AD771CE99F4B2DCAD,17299,res/animation/npc/npc_eggmachine.pkm@alpha.gz,a9aacf576bd3496aa83cfd404d72e976
9D69992C17B973B5448E23D60E0F4F79,981,res/animation/npc/npc_futouge.atlas.gz,cccfdbb1c0c8fb5b147a9272b47aa8a8
3E491BB7FBA75E8D9ACD23AE92191497,23730,res/animation/npc/npc_futouge.json.gz,5094ccdcc1201b03b2656628567d94d0
A5B2722B79288FDDB8F918B7B58709AF,28771,res/animation/npc/npc_futouge.pkm.gz,9c9d060ac088a47aa9339b4f6c7a4f52
64A76AC504551D9746FA7B60191F4A3C,14901,res/animation/npc/npc_futouge.pkm@alpha.gz,ba1cb9ebf026c58e28c337a1ac6143cc
B40130C4BD496C3A209116E320BB8F14,943,res/animation/npc/npc_gonghui.atlas.gz,92e229093ee3d54b5c7bcdbd934aa1bc
DF1B06D29DE3B52C3B86815570D7357F,18370,res/animation/npc/npc_gonghui.json.gz,a3719282448503f8742e3b2a2d03ca8e
B2CF48FD504002491427647B7ACE90B3,20460,res/animation/npc/npc_gonghui.pkm.gz,c73ee9cdf3b371ee4a63e72e646abcf2
BDF5752FAA88DD809380FDB78C503EDC,12653,res/animation/npc/npc_gonghui.pkm@alpha.gz,7827b1399f1b7afde1ed6bab132dd13e
B33257D6AD42710AE10EF42D89A38F77,835,res/animation/npc/npc_heibang1.atlas.gz,a1b0694803bae59c94e4a048c6bab007
06AD6371BFC0182D976A8421D9E67FF5,10715,res/animation/npc/npc_heibang1.json.gz,288145e7dfd768c71bafb7be92cc52de
820113938C24192BE4ECE4F7F0F1A583,14763,res/animation/npc/npc_heibang1.pkm.gz,e5203d24f72e78ddc6602528b757aac1
F9F947672515224FD4D53AAD0D023841,8979,res/animation/npc/npc_heibang1.pkm@alpha.gz,c8da5bed7a02eb92bd59624bf0c18787
F0A1B59F86403AA14D406E8F58E245D1,893,res/animation/npc/npc_heibang2.atlas.gz,a4fbc3b8c30ace9c7ac645159e0a654e
EA08B905B9CA7597F278D4F126723AA2,10517,res/animation/npc/npc_heibang2.json.gz,d1a6f573867a0d886187c7295801f64a
9273D83C16CD6E2166005E994337BD78,13302,res/animation/npc/npc_heibang2.pkm.gz,4cda85298bc38a0036bccc80f1c82246
429F87038A1F2A9305657A97D5030103,9054,res/animation/npc/npc_heibang2.pkm@alpha.gz,472789122f34e59cae878c9107b6c79c
13B987B34EF3BC108BC95C6A7CF3FA81,861,res/animation/npc/npc_heibang3.atlas.gz,aa4d95e913b14dac721230ceedd4b5a0
87961159D1AC498E4DE332A41481895B,10813,res/animation/npc/npc_heibang3.json.gz,39e97b5d3c18af352c1b0da1e2d6c739
3567C19B57811B5778599D05DC448366,13427,res/animation/npc/npc_heibang3.pkm.gz,6c08319f62e4d96ff6b6e19914b04022
79D4AE37B021FE60AFCA37CBC079B983,9527,res/animation/npc/npc_heibang3.pkm@alpha.gz,80fa80cc7602cfe9f3f4e17c8e6567b0
2C596B3255861142167C410086BE64F2,768,res/animation/npc/npc_heibang4.atlas.gz,73dba1f022e081e41811563e7e3751cd
5715FC0FC06EA76AD679A1E3C5AD4D1B,11134,res/animation/npc/npc_heibang4.json.gz,e3f9bf631782fdb037e1f7be2578d211
3EEF5D18DD2ED2133B1EB8319A24F2BF,13752,res/animation/npc/npc_heibang4.pkm.gz,10831afb83797d4fc7e11488bc683ebb
021A630C00F9F605A8DFE056A9FEA69A,9345,res/animation/npc/npc_heibang4.pkm@alpha.gz,7f68f0088789ffc15511951dd5b7f24a
384A33359B3A82207951F3D9E312DE7B,838,res/animation/npc/npc_jiqiren.atlas.gz,941464a79197f0af2fdc37c7ceca6120
1F052816F3B13349FEC0FBE8A74001BB,6893,res/animation/npc/npc_jiqiren.json.gz,9bab1a783f196963e43296e2a4e1099a
EE80717BCA7C8902C07FED133A3631D2,16145,res/animation/npc/npc_jiqiren.pkm.gz,dd69eb31ae2ee52718ba8eaec0222a14
3ACC492767B79341137601E727110551,7367,res/animation/npc/npc_jiqiren.pkm@alpha.gz,c231c77bb223b0c9c844638a52312fa9
28B9A8A1CC2A708104E49B8252C042AB,806,res/animation/npc/npc_jiqiren2.atlas.gz,4e2cd5f8eb2610d379682908c93650c3
9A7BB9F20A641A00CA23ADE471C4905F,6822,res/animation/npc/npc_jiqiren2.json.gz,afbd070ea6cd47f487040eeae906260a
00E1B962F552BC6F0422CC931FBC9537,15909,res/animation/npc/npc_jiqiren2.pkm.gz,01e884d6cedf7e4fcc0ba49ccdc3694d
DA2130B5F058DF9EA621C083A193A94E,7164,res/animation/npc/npc_jiqiren2.pkm@alpha.gz,510703db9cbd912294c16ffd99da77f4
5CA222F23CA420140ADBCDA24F653B85,779,res/animation/npc/npc_junren1.atlas.gz,ec9a6900bae9cdf6134592020e010a91
CCAFA08FD0AE7BC1989C11BFDFB33FD8,14359,res/animation/npc/npc_junren1.json.gz,744e6405291ec1a57a35f5250d8a5a37
3BEB14F51D383C99022E07F25FCD2C70,14670,res/animation/npc/npc_junren1.pkm.gz,1b4863457a354cd6cb2f1236c50b4ae3
431CFF63CEDF89422AB724A97B77CB73,8448,res/animation/npc/npc_junren1.pkm@alpha.gz,f9b55452cced08012b569903018e88df
A59755FB028F7077914E4D4E86A5D13B,999,res/animation/npc/npc_junren1_shop.atlas.gz,5beb9f51272692d4f4c415ab2be30bc5
2AD737571F2BB18FDF38781FC494FB5A,16250,res/animation/npc/npc_junren1_shop.json.gz,c5053ba1b073221d2940755026c481a3
882C72CCBC6B27688776A17B99F747D1,28334,res/animation/npc/npc_junren1_shop.pkm.gz,bcf826ae56370387a0e69b9b2e25578b
DE1FF08CDD51DFC47AEE9C9F7CC8013A,20976,res/animation/npc/npc_junren1_shop.pkm@alpha.gz,7238530dc78da42596a08950a5136fa1
E4945102615EADE8889CC93AB81EE1AA,761,res/animation/npc/npc_junren2.atlas.gz,acce63f76aebab92cbac13ec1eda5d0f
7D21E83C855EF473F710C085EAF8A866,11925,res/animation/npc/npc_junren2.json.gz,007bbf9a677e84f789ce90badb766d91
BA6608CE11F7B4292D2F0AD73EACC4DD,13395,res/animation/npc/npc_junren2.pkm.gz,4b5ec47267dc07e5437fcc208f54d511
C4E7F455384E115A06C6FCA69AF67B5A,7505,res/animation/npc/npc_junren2.pkm@alpha.gz,29973f3f0b580b0036752a186b9420e9
9F853AF1ACE18718AB6B7731E207B374,843,res/animation/npc/npc_junren3.atlas.gz,dcc1e6af0ecf29937de841ad798ada7a
935C425F510232847A205B44434E8614,16217,res/animation/npc/npc_junren3.json.gz,028b2fb3a26294ba14395de658dfe3dd
81ED0545010527CEA560F5DA5C1722D0,16220,res/animation/npc/npc_junren3.pkm.gz,93f4073b991cee06d91527ad52c33acd
5FA2B5F5FEE8F044AF6B35E416D21370,8872,res/animation/npc/npc_junren3.pkm@alpha.gz,ba3b39ff7b7cc11afa6a6c12cc4d003a
B86A3FC64985819BA2CCF7C33406EC92,754,res/animation/npc/npc_junren4.atlas.gz,8812bd30cb22e0cc0b4263171fa3e052
6C7E626EBBE38EE50B17B23D0F2F827B,11977,res/animation/npc/npc_junren4.json.gz,dd2e1a271e87246ada46d5846e3e7627
A28B50CC6DED9045BF7103452C4A8012,14545,res/animation/npc/npc_junren4.pkm.gz,08b1b527a698c088a6a6d0c9fbef09a8
AB9100FF986FA99AAFABF9D40CFE2C1C,7958,res/animation/npc/npc_junren4.pkm@alpha.gz,2024c886f521cf96f1f5cd60e644ccf8
F2D05395190129F9569A4BA057444366,832,res/animation/npc/npc_keyan1.atlas.gz,d1f84b31ae3a821121f401148d240321
43BE8EF7F385C6451033669F196297D5,8393,res/animation/npc/npc_keyan1.json.gz,44a9cfe60b8d8a8c8c9bd12b75100be2
BFF4A3D7BAB4E91D9237075667EFCCF3,16293,res/animation/npc/npc_keyan1.pkm.gz,0caed9d02771856206f0c743c674c512
C9E401EC5628C68F2850593D50E76ADF,9874,res/animation/npc/npc_keyan1.pkm@alpha.gz,59706d5c2f5efb6b5db25f0258a0c0ac
86C47BD963959AB4FE4C51C3844D2F78,843,res/animation/npc/npc_keyan2.atlas.gz,c690e17d8be6e5d8f4e6753e8bc62236
EA8725842AB05480112327B516462B9A,11188,res/animation/npc/npc_keyan2.json.gz,ace5d71f50936381f5e7601d84fe42ca
423B5E2ADF713EF13F331E8E365709B6,18339,res/animation/npc/npc_keyan2.pkm.gz,cd9dad23f92108f7096ab867aeef38b0
5126FBBB8CD1A5D64360E46886DA39BE,10728,res/animation/npc/npc_keyan2.pkm@alpha.gz,730ca14a8185d41735cb0482aaac25ad
7995861D334608E48985286DFF4B3610,836,res/animation/npc/npc_keyan3.atlas.gz,9900c346e0ddb587986185877ae1d3dc
A3DB79086DBF51FEC3B95E78EE5395C2,9773,res/animation/npc/npc_keyan3.json.gz,ed12f7c3db6f94c031d0440ffd28b4bb
A27735064471272C0EE92973C1D1648E,17675,res/animation/npc/npc_keyan3.pkm.gz,3fec52d10be534dd615587cb7a76173d
DCF5278B2A305159CD9D80602C54E136,10414,res/animation/npc/npc_keyan3.pkm@alpha.gz,a9dd35bdbb5481a0ef41852923dad1a6
4A9DC1F8A037C869394CB967CA643CCC,970,res/animation/npc/npc_keyan4.atlas.gz,f2214a0a6101d9ef2305e4ab7b6caa6c
51F408B578F13E8F3F55383401600D7D,15240,res/animation/npc/npc_keyan4.json.gz,62f712faa3cf109ca80132718063a07f
C4DCC8A06B3F7CDC9A30123AAE08E0F0,13960,res/animation/npc/npc_keyan4.pkm.gz,b39007aebe0d853bc486514b769f58e7
504AB061AE162CD9C3BD5209FC21C9D2,8756,res/animation/npc/npc_keyan4.pkm@alpha.gz,d28757040b17313ca10ee7e51b525fd5
2552169304E719660ED63C070CE8101F,836,res/animation/npc/npc_keyan5.atlas.gz,9900c346e0ddb587986185877ae1d3dc
87D2ED1470629D34C37FD8F8E85171DE,9765,res/animation/npc/npc_keyan5.json.gz,0d77bf0206ff5a3c879768ac89698b20
48E2B939638E24EB02A86597D3C76A21,209,res/animation/npc/npc_kongbai.atlas.gz,db9d15fd1ff9ef9662239451f942f6ed
C2A018AC3415C584A54EF788E67976A6,230,res/animation/npc/npc_kongbai.json.gz,1ef00db1289bf42d0ea589796cd6e2a5
98B2597D48D1A948F00A953AB9C1FEAF,9250,res/animation/npc/npc_kongbai.pkm.gz,dce035e59d0835965156eab7753be23a
A85B66BEF50D481E5CAACC8D19116D9E,3038,res/animation/npc/npc_kongbai.pkm@alpha.gz,3fc8b2a8bd4fa127ec2ed80be056f3c9
12B063CF1C98FFACE9B5E74391F7D86A,216,res/animation/npc/npc_kongbai2.atlas.gz,db6adf4ec42e4b61157eff4976f40633
48C5709A721FACA242D3A336DC16639B,249,res/animation/npc/npc_kongbai2.json.gz,d8f5349637905e5f54948478647f2e6e
0C202584E62B91BA3B27A83EE46C3887,2263,res/animation/npc/npc_kongbai2.pkm.gz,2ec74d5caeee762de4e5ae188f30b679
30C8E2B2C12A5F5E49A2EC5CE7691883,933,res/animation/npc/npc_kongbai2.pkm@alpha.gz,8d4c4e2388775bbcdd46131dfc9eff92
83F2BDDE99F583B6280539111F9726ED,291,res/animation/npc/npc_kongbai3.atlas.gz,ad0cc66dda8d3aa360c26ed1321ef524
1D9F378638E068C4A2C9AE5CB322FDFE,219,res/animation/npc/npc_kongbai3.json.gz,79cf400029f8a5e3e9355f4d81927e7f
4729E8BE684B6CF94BFE739BE6900E2D,7647,res/animation/npc/npc_kongbai3.pkm.gz,72e6cdfb58df6f652e9ec4d058f8bc07
DF3F16F95E1B461D6EA20641028DDF4A,2937,res/animation/npc/npc_kongbai3.pkm@alpha.gz,fe3be33ee2370120d355350af083a765
828AA20F6695CA84C3A65E8B5252027F,478,res/animation/npc/npc_map.atlas.gz,dd065b7607e09c175eeb23b6659c480d
499CB3C632BDF6752D41C6A60E9D0592,856,res/animation/npc/npc_map.json.gz,f379a2372c46f03ba3533185883780d4
90A37CFBBB7EAA43A68C7921ED463C14,3738,res/animation/npc/npc_map.pkm.gz,2bf91c55d4291548eaa06e50b16c36c5
9580B20BED167490E2EA067880C46089,3303,res/animation/npc/npc_map.pkm@alpha.gz,91e5d488000f86939f0dd7988137e655
879C0CD05A12D1D8E523FC237F8D79EC,506,res/animation/npc/npc_missionboard.atlas.gz,320390b149a1d3bf0f130818816b4a9d
5658B072305A1EED335CC866C5E5BB4D,1148,res/animation/npc/npc_missionboard.json.gz,088d58f5098ab39e010f9241a3970fe0
8C8219D3B92C171D3F6DD724F525113E,7407,res/animation/npc/npc_missionboard.pkm.gz,bbe92ac61e711018dac077de10a43a30
CF989C05E72CC8F3CA58FB7DAAEEE7F3,3737,res/animation/npc/npc_missionboard.pkm@alpha.gz,956d1cf73d5c06d7b84c8190689c4ac4
73ADCE68C8F7FFEE92A9E0DDACE50708,1049,res/animation/npc/npc_qingbao.atlas.gz,521af65b1bb03ac67cf5ddd4caca8bf3
4AEE3AE7594933C022032F4856E91F4A,11662,res/animation/npc/npc_qingbao.json.gz,4455e45583be93b2421f2a7e3cd27907
C383491DF9DBAB613E671B3C588A4601,23945,res/animation/npc/npc_qingbao.pkm.gz,34d9d0c64ff3d3745a5a86926e9fe10e
0DCF9629C6B5A7546C8998F245695545,18796,res/animation/npc/npc_qingbao.pkm@alpha.gz,9bd30f9f4a739d736a0e4fcb8b6dfdee
382FAD4E0CC10EF6023C4CF301E8A931,913,res/animation/npc/npc_renn.atlas.gz,4b39374b5a41abaf1dc0c1cbd08a56de
084D63C00EB2B14C7576667D4D207AA3,10000,res/animation/npc/npc_renn.json.gz,ba0f3438581d98f4ee00c9898707929e
9B39C722AA43B561F826BA80B5F749B9,16384,res/animation/npc/npc_renn.pkm.gz,5d9db19c659e259c5e7e29da60fc5753
AE5EA7D92A44207B9B7E21AC3F6D8B87,10180,res/animation/npc/npc_renn.pkm@alpha.gz,55eba818e9a90c4a04df1c700d2058e4
AF6047E62D99B672B67C2945F5F6D4CD,799,res/animation/npc/npc_shenxuan1.atlas.gz,d4b5dc80ddca8ba4f0a31a6b270297b6
475F4F7530403FD0049FCCC30480586E,7189,res/animation/npc/npc_shenxuan1.json.gz,a3c03d31bd189057060239f53a54e396
AE7C00CA2BDAB9A0960B81605006C835,15528,res/animation/npc/npc_shenxuan1.pkm.gz,e644421271d1a90fad8b7b7b2d0c4eca
5911456F93809640826CDF2F12400399,8771,res/animation/npc/npc_shenxuan1.pkm@alpha.gz,ffd5ffedcbe0b863fc381e8a7b899d8c
CCB9475E6F483032406197848FAAD036,770,res/animation/npc/npc_shenxuan2.atlas.gz,9bb552a45c732b824a15cd7524475eff
A18BCC5A2F49DC946FF1D8ADF6276F04,7331,res/animation/npc/npc_shenxuan2.json.gz,168332567fe352d1b1e7c1b14aa649f2
E9A63322F2A2488B643900F8A2FEFC48,15238,res/animation/npc/npc_shenxuan2.pkm.gz,e577b874d439981bd8df595d969e7131
F189FD970FA7ABA9F206BBFD288EC69A,8904,res/animation/npc/npc_shenxuan2.pkm@alpha.gz,6b6ab634100b79d802506c29c0a63a92
D7BB80093D7B06E78DC033D566B3A9CE,824,res/animation/npc/npc_shenxuan3.atlas.gz,8f54dbc036c08f9c5b20cf21bc9c0327
67A7B76670D104C93B6F1532DF586AA5,6671,res/animation/npc/npc_shenxuan3.json.gz,ff90c4f2a8e07ced9720fdb196d2c887
49AE76D4C6AE70861418745DB8C49FD6,15548,res/animation/npc/npc_shenxuan3.pkm.gz,50a56079e1cd3cc3fad950ece2ba31ea
2B6CFA4D50575ADFB1467B00CAB3D2A7,8848,res/animation/npc/npc_shenxuan3.pkm@alpha.gz,47c9edc58db0f9c23812639902f3b913
C6477A386456D116414EBB3FCF0FC6D6,789,res/animation/npc/npc_shenxuan4.atlas.gz,7ce9c43a8f6cc25a4044191bfa39ab05
4E506DEBCDC05AE39F964665656E7EA7,8711,res/animation/npc/npc_shenxuan4.json.gz,45682350d5649734948753e44855837e
D779278382228D0C8E2E27B3804C4F1C,15683,res/animation/npc/npc_shenxuan4.pkm.gz,b8a8a8cae11567665b4d487e9f4283bf
98C21FB51EC62D7B1E21DD30403E6D23,9220,res/animation/npc/npc_shenxuan4.pkm@alpha.gz,5d6a50880924445a4d9fe5f960c3400b
86588BDB0171886137A3DAAD32B5E68D,989,res/animation/npc/npc_shuangmawei.atlas.gz,bda154ee4c81c3d04018870ecc38fd8f
48DCBF1F045E4655A68D488B054FD90D,10400,res/animation/npc/npc_shuangmawei.json.gz,a3a8298fa94be4eaf780c1bafdc3db4f
2CC1F7E6EB973C1AB357CE8AB66B3D62,45203,res/animation/npc/npc_shuangmawei.pkm.gz,da0024259db5a5268ed589a05d719548
04649A68B04905C2A91798C2F9DFD225,20034,res/animation/npc/npc_shuangmawei.pkm@alpha.gz,de297e917d8efdfbc67d1773d7d663a8
5707067713A5E259C7F1C6C12EE49579,940,res/animation/npc/npc_wenyu.atlas.gz,35e4eceedd9b2cd7f0947497a8fa4b9b
DF766BE8A8A4F6F43E54389FB9E44467,8755,res/animation/npc/npc_wenyu.json.gz,66de48b8882aae1f5fc323f187a7cf52
79ED28FECDF9AB5C2FDD5949FEC4B75A,17935,res/animation/npc/npc_wenyu.pkm.gz,d1944a716149b8dd1d2a935b1b435663
A25ADC7158B6992E0F06F22AA5A07024,11121,res/animation/npc/npc_wenyu.pkm@alpha.gz,faaeea92fb5354b58ea1d598e232200d
670467A4183034366C9029DC06D91CAA,969,res/animation/npc/npc_wushilinghua.atlas.gz,1daccc32d04fdbcaa0a1e6393f97b010
8F6BF2053B3054F13E95D8F053401B88,15585,res/animation/npc/npc_wushilinghua.json.gz,e131e0c7c5ebf309cb3d5d31bca7518e
2FFB1D130EED6DCF22670F9C79AE75CB,19759,res/animation/npc/npc_wushilinghua.pkm.gz,078e2641b792e8030bdf9dd47fadb52f
80DD8EB74E16D761E1FDDE3B398B2FD2,12119,res/animation/npc/npc_wushilinghua.pkm@alpha.gz,215ec5e3e2150ba2a13c0aea7651a161
1E375CA69EB7C27F154CA3DF7549FA99,1066,res/animation/npc/npc_xiaofan.atlas.gz,10c35e5d1e3d0a6c3af37832e8cb4d37
7A0DAF93D53357595B68321E03EB9E2B,11739,res/animation/npc/npc_xiaofan.json.gz,e50e8f38376d163fa0c5e62dd232d702
13196CD09E213C83872D3E64F086A618,27739,res/animation/npc/npc_xiaofan.pkm.gz,78e41cff57c60ae3d7c0d546af9cf029
C016249A151916942E4282A84EF6B188,22269,res/animation/npc/npc_xiaofan.pkm@alpha.gz,90d9e25f0ae1e92585ae82cd3352015a
ABBCFF202701747639F0674BFB07B37E,977,res/animation/npc/npc_xiaoge.atlas.gz,aaa60176452586cf0c8193c37e61dcc8
53F101F34CAFCBC00E17FDBABB05BBF6,10000,res/animation/npc/npc_xiaoge.json.gz,0d2623dbbe7fe9b4cf84c5a6baa3fb4d
E131F2455948009A60566818EAA27287,27483,res/animation/npc/npc_xiaoge.pkm.gz,d49476426eba4502db421f32cb690011
08BE6803F176245064BFD082CE99407B,12559,res/animation/npc/npc_xiaoge.pkm@alpha.gz,345ea3414adb9da174aa0d75dd9ed7f8
5F39D77669595C9AD8A4FEB8AF6318E2,928,res/animation/npc/npc_xueshi.atlas.gz,8447fe1081b6762b2799fda8d98378a8
DB7DF5049A6CB559E0C62E61951373A5,13581,res/animation/npc/npc_xueshi.json.gz,501154c46ae756f7df55f8a93bddc849
5DA300B4A9AB769132C3A281A4130DBE,49220,res/animation/npc/npc_xueshi.pkm.gz,405208eb109d8236d37c83c516671d14
C4A027D0CD45871A8AB798723961799E,24482,res/animation/npc/npc_xueshi.pkm@alpha.gz,7991139d0de372753bda9c9670a37639
4E09F10FF80CE1F8B9270E7F02976134,1012,res/animation/npc/npc_yijianailika.atlas.gz,e34a29c73bfea071d4e73ef83ad28a59
67265130851C0AEFFC04AC3783C50460,19017,res/animation/npc/npc_yijianailika.json.gz,c6cf5fb4d8f6bac665525e9144848471
0CD231BB30A847E9A169234BEEE1269C,61793,res/animation/npc/npc_yijianailika.pkm.gz,230f753d4d635c6f4daea02eb1261206
41168977EAB9DB7CEE52389A3E1C96CB,32090,res/animation/npc/npc_yijianailika.pkm@alpha.gz,93b787e3d3addb0d53191dbdc1c44b44
F02EB4C79057F63D2156119F18F0258C,885,res/animation/npc/npc_yingyan.atlas.gz,4f0fb9b8aef771e1d8197cd064cc6830
54CC017A74B1951A33670882A129C125,7262,res/animation/npc/npc_yingyan.json.gz,59537cdcd1acdedc8733bda662945357
91657BB76698C7D1D59C7B8836C92865,19942,res/animation/npc/npc_yingyan.pkm.gz,bd3bb6b71eeea091e1d66f559002e5d4
50D0220B5834C62FC58CAE023408102F,12672,res/animation/npc/npc_yingyan.pkm@alpha.gz,70a78733a595200269b7e9c981d5f67a
CE5846C5CCD970D7C6294B9318A22087,990,res/animation/npc/npc_yunji.atlas.gz,84b9d8cdbc5007326d63c0da6ce43519
0E9CEE470463B02E2FCD696DD4D0DC2D,13460,res/animation/npc/npc_yunji.json.gz,cfce0b5f8af1a250d451afac18c9f3f0
44559636B4242BABEAEDF8AD2BA5B2E4,28715,res/animation/npc/npc_yunji.pkm.gz,79a9024ea979e293fbc89bc450d6be03
9545C74DAB8881692829E32F2772342F,19211,res/animation/npc/npc_yunji.pkm@alpha.gz,933e6e476aa4f18d2d062a56e52d598b
F7308E318606A3874ACF0D76935004B2,777,res/animation/npc/npc_zhanhun.atlas.gz,efe88df802179218f0ce174d35579b63
F1A0DCFB552B943280858C0F7487B45C,5477,res/animation/npc/npc_zhanhun.json.gz,4703280bffa5de234927a4c65244ce98
270E39099157C7F50CC796C747797E53,16029,res/animation/npc/npc_zhanhun.pkm.gz,a5e5627351a7883088a85cbe4d43b43c
EEF6F99CE608D665CBE4EDE800E9AD8A,16785,res/animation/npc/npc_zhanhun.pkm@alpha.gz,f69f513008b87573b0d4717e1f22fbf0
69C0CE2D62DF7661E1F119D63DF10EA3,775,res/animation/npc/npc_zhizuoren.atlas.gz,6963f2d9cd42b135d0e197b8c1cddf90
791949C2C67EA30EA438C59CB917E902,4046,res/animation/npc/npc_zhizuoren.json.gz,afdf2ac754c3708bfe30e9160d64d613
EBD02ABC6D5CDA5DC8751E02CE4104BA,61575,res/animation/npc/npc_zhizuoren.pkm.gz,aac77bcf6d4dd692522006b70eb555e1
C3EBA8EAD07A096075F445AD5D7C6CEE,36501,res/animation/npc/npc_zhizuoren.pkm@alpha.gz,14a7ff36e4eb05994469fde6907c2775
ACCC176DFE9FEC1756FC05711B414425,644,res/animation/npc/zc_npc_jiqiren.atlas.gz,9dc8bd9012ca6edaf625156c4bde0380
BA8D4100AD9782AC37E3E9B5BFA0DBFA,6780,res/animation/npc/zc_npc_jiqiren.json.gz,a77edc79b1c27f368a0d9c3b327144e0
2E0021D2AE77B744677EAAB5030F347A,18042,res/animation/npc/zc_npc_jiqiren.pkm.gz,6955505cfdd6b90b0055000981a456f3
670E6A279A8AD9A5B36A8F2C4E383F36,7790,res/animation/npc/zc_npc_jiqiren.pkm@alpha.gz,03669169be254b254ec32323a4279ec7
2FADE1D548A930878D7A7E82CB72ADE8,1584,res/animation/obs/zhangaiwu_baoxiangjin.atlas.gz,d8cf60f6fbb6e56656166153ed43b434
DB8E70C5058AC002B266ABBC34D51193,2894,res/animation/obs/zhangaiwu_baoxiangjin.json.gz,9fdfc35015201a6e91509a2781b778e1
8E4170B809A296D26255C674A021BE81,474959,res/animation/obs/zhangaiwu_baoxiangjin.pkm.gz,b9227b1b69ff6146e68735468881b00c
D9646AC65817540809E4267ADC86BD42,335091,res/animation/obs/zhangaiwu_baoxiangjin.pkm@alpha.gz,c89ea5db15833c60649bbf4f7bebeb89
263D430A0ADE620858CD3A3199F5EB87,1912,res/animation/obs/zhangaiwu_jinengshuijing.atlas.gz,2b4f9cf571bf0a381b631924935e9dc7
726757764499D1F03CFFA74BE8B09D8E,6543,res/animation/obs/zhangaiwu_jinengshuijing.json.gz,aef48b025ecc5d8a94856fff59526dcb
67842A06F0A0AA0834A6EE001DF338F3,143918,res/animation/obs/zhangaiwu_jinengshuijing.pkm.gz,ce72a5c39fe20e4056f203e6436082aa
D467EB2B8BC78AC8A9E21F4B71517058,109440,res/animation/obs/zhangaiwu_jinengshuijing.pkm@alpha.gz,ee53de149b78bb035fe27ec17dc33384
E65464FAC424EFEFA7C693EBD93F7D17,209,res/animation/obs/zhangaiwu_kongbai.atlas.gz,e8a03f21d36de56ce57500afa07ad844
8F2F61336DF462034B28A53E0E5BD675,499,res/animation/obs/zhangaiwu_kongbai.json.gz,13b8b6dd0a8a85f63828f0ead6af790d
C54BC40E19E5F7D8A78EE8656CAA7B5B,269,res/animation/obs/zhangaiwu_kongbai.pkm.gz,1f67545aa2d151d0a56b8d3d0687aa08
15A76BA84B9AABBC2479A0BA61A5DA2E,286,res/animation/obs/zhangaiwu_kongbai.pkm@alpha.gz,6011343f534593172d12afc34c5d2c07
CD776CCE628CD69222CE2F209DB49035,216,res/animation/obs/zhangaiwu_kongbai100x100.atlas.gz,f2aa77a5b987e1cab2c15f8def29ce1c
3B6250B0BB89BBD11E6B6460AD12A4EC,491,res/animation/obs/zhangaiwu_kongbai100x100.json.gz,869d05c19ca291f68964ea0cc41f4ce4
341F6E9EE6D0B31F830AA35A5AA2E314,269,res/animation/obs/zhangaiwu_kongbai100x100.pkm.gz,1f67545aa2d151d0a56b8d3d0687aa08
0A9DE4B190B3F3D58EC367913FED13E7,286,res/animation/obs/zhangaiwu_kongbai100x100.pkm@alpha.gz,6011343f534593172d12afc34c5d2c07
34C215F5BF229B2E565E4145A1B02EF0,1383,res/animation/phantom/mx_huanying_haikezhiying.atlas.gz,cb296edb2ec6a1f60fb8af4313dcb074
D769A77449138B2677A91EE86CB9950A,2550,res/animation/phantom/mx_huanying_haikezhiying.json.gz,09f76da67e96652ec4ed14f50199e50f
6DE8DFBA97F62115B1C8B3BCCEF6E589,116525,res/animation/phantom/mx_huanying_haikezhiying.pkm.gz,cc6427f7129f8639b83985b4a8932694
0F47B70A665AB3863D688188492C0FA1,83411,res/animation/phantom/mx_huanying_haikezhiying.pkm@alpha.gz,dc0dabad163f45f5336af4a0131c191a
C2FCC184158B69003D5A7644E0BBADFC,1593,res/animation/phantom/mx_huanying_shuiwenyiyi.atlas.gz,aeb2198edc36712b57e88f584bfe7b25
E62A530EDC3D4E940F51527FD0E01014,2691,res/animation/phantom/mx_huanying_shuiwenyiyi.json.gz,4fb91a677c1e48600ebb1b44c9a7dc02
3FBAC603F1A92B696AEB9C571B221609,75277,res/animation/phantom/mx_huanying_shuiwenyiyi.pkm.gz,0e4c3d8b9a0e668d416133b17d0a6693
BE77A1BFF5CC64BB76C3B824A84F4BD0,62350,res/animation/phantom/mx_huanying_shuiwenyiyi.pkm@alpha.gz,ef9d59bfde95712009f7f0dc2765692f
8D4D6E39AFB6EB196B8635E7127BA716,2008,res/animation/phantom/mx_huanying_xiarilangtao.atlas.gz,e621723b21faa8fd9f8bcd69823d27fd
7E2D1512840B1A67D597B7F135053AF6,4407,res/animation/phantom/mx_huanying_xiarilangtao.json.gz,80324718cfbaddd344136f5df496fc99
6E9373CB7239E001DFA38250C7A257B5,116667,res/animation/phantom/mx_huanying_xiarilangtao.pkm.gz,52c6e0d2de05125fa710a7756a139f47
852FABD5282E9873CAB0445CA78E7AE5,93229,res/animation/phantom/mx_huanying_xiarilangtao.pkm@alpha.gz,3cd39e8bb80ac5f166c0b8ab540f1cab
B761BF3FAEAC4569620262080EF124A3,660,res/animation/por/chuansongmen.atlas.gz,cbde5d4c7a5e0f79abb3a283d46473d7
F2F0863270A4C595EC36D534F3303B7F,893,res/animation/por/chuansongmen.json.gz,3a7a69f9dd2bdb7d4a65bb6dc5f88d53
486C2C6B23CE636AB3A2E68B9EF75017,2529,res/animation/por/chuansongmen.pkm.gz,ed2e58a5ceea620b0c9d3ca427b671cc
18E5C9B7EE91A0B055864855FFE5D995,2487,res/animation/por/chuansongmen.pkm@alpha.gz,43eaf8867bc5dfcbbfdfae2a644287a1
CD453E41BC7027BB4F5572B72E730829,684,res/animation/por/daloudiantimen.atlas.gz,80af9e43783469568378168ec813df1d
7DB62535B8EE83A4CC23E6AE60238E6B,1154,res/animation/por/daloudiantimen.json.gz,00623d9a59746781595799565ea24be9
5B6DB944E4F6B5AA2654C5EF1F91252F,103013,res/animation/por/daloudiantimen.pkm.gz,5277e150f6b9b027503c254dee8c0ca3
7CDF7C5BE68F89DFD1D1FC2D0B3EDBDB,21180,res/animation/por/daloudiantimen.pkm@alpha.gz,60a9b558d4cf89c8f4bc5b3b548fa066
9FCD430CA32DCB9B50B17C32F27727D2,524,res/animation/por/enity_helicopter.atlas.gz,62de1e00b32fe027365cc64214ef4056
B23C2312963282EE71F232790C770B60,2898,res/animation/por/enity_helicopter.json.gz,2617ca5aa74e9a3695f455f845a9cecf
AF987791692FB70117A227E382E9B0A8,210830,res/animation/por/enity_helicopter.pkm.gz,91aab05df08d7b40a43b73b6352b3624
BA6B382D47C1C70C33E2D0740E86E9CE,35866,res/animation/por/enity_helicopter.pkm@alpha.gz,10e1e3d23e5917e6cefcb37141ff747e
3FC1B6413C3FED2363D9A2D8414E0CD8,1144,res/animation/por/gongchengdianti.atlas.gz,ba899fc370456ca18b5a5043771d16e7
FB02981D7416B708E9F804DC2C0197C4,3669,res/animation/por/gongchengdianti.json.gz,426fe720f2a2d27e56a2ef4a52966861
22B1E572D07F3742593FECAE43060188,369407,res/animation/por/gongchengdianti.pkm.gz,752b0f6a5979b245f0e35a9b259973e9
86EB66867A3E06BF8E147C5620DE7513,156374,res/animation/por/gongchengdianti.pkm@alpha.gz,8374154e0fb7e31f2cc94fc3f338e28a
39C040A0431C3D1CBD463964F8797A78,913,res/animation/por/tx_changjingtexiao_yaoshimen.atlas.gz,c7a812e044d8cff87d0f7c04876c4101
6C63C22A3C5E293D3901E6BE0BA6B975,1145,res/animation/por/tx_changjingtexiao_yaoshimen.json.gz,2c5fff0789143d14338f6d26f32315f0
24E466AD9ED151614808B8106C3C5F6C,590637,res/animation/por/tx_changjingtexiao_yaoshimen.pkm.gz,747a06e6b5927b606501c7f06de94878
B697DAAE4EF2F7548C7D2F12B243E363,407949,res/animation/por/tx_changjingtexiao_yaoshimen.pkm@alpha.gz,9cd52170610ba700f97e75f0503f6909
FCA1DFAFE6655928FC1CC4A85CFBE501,212,res/animation/por/tx_chuansongmentishi.atlas.gz,cd03de2bc9f67977ec74c8e56d8b2c8e
C5F0F25D8EACBCCEBE2840D6A811D73D,378,res/animation/por/tx_chuansongmentishi.json.gz,254aed19c5046487c0293368c58ffced
66D02E24CFD605E145DDE665CA6DE164,4044,res/animation/por/tx_chuansongmentishi.pkm.gz,44dbcc8757c8ea7dac55889757d724b2
089B2D0ADF6A1D0E8178153C8411A5A0,2447,res/animation/por/tx_chuansongmentishi.pkm@alpha.gz,6509551105d43d00f995271063977b04
FE3220B3044931CC58987A892BB9C065,671,res/animation/por/tx_shikongliefeng.atlas.gz,367837c2ec7ab5134dedc5a9ea855287
62D42199E83F35B761922C45E2E3E8E3,619,res/animation/por/tx_shikongliefeng.json.gz,b8ed1b0ccba8e0ff36ec72780e90226e
0EA043866A4F31A8C3AF9813D2F2EDC1,384500,res/animation/por/tx_shikongliefeng.pkm.gz,32ee908027c3d944b2f07e0e882553b0
4004D70BFE256D7BF86C5870B7E2D23A,167016,res/animation/por/tx_shikongliefeng.pkm@alpha.gz,4ae25dd739cd4b1835af8e846a60f20f
A2F3A9BF92A7BFB4481608D37E38C65F,1521,res/animation/por/tx_ui_sizhongchuansongmen.atlas.gz,2607fa33a2208b746801d67cac846053
5548DC6AA2325B6DCC5DB086EE0D638F,4888,res/animation/por/tx_ui_sizhongchuansongmen.json.gz,9d6f4c9b1a84cbd753d17b29667ebdaa
049030827E9C89E1C5319BF895ADAE0A,719994,res/animation/por/tx_ui_sizhongchuansongmen.pkm.gz,0254dc443043bc9c882cbc76ddc69ab8
CC268870C88D6A7B80A2FB0547E80848,522061,res/animation/por/tx_ui_sizhongchuansongmen.pkm@alpha.gz,a001c4cd6e43abea3ac4afdc67493d8d
C99463CE951F84200E3E6BCC5C6C06D5,1257,res/animation/por/tx_ui_xianzhichuangsongmen.atlas.gz,a037823307e8fc8f322a240775eb2f55
10DA2892D51EB1D2C059D5345003E370,2031,res/animation/por/tx_ui_xianzhichuangsongmen.json.gz,1fa4810ae2a0fd086d773342a38264cc
48440FEE33CDC40F3C90FF2AB2705C69,7543,res/animation/por/tx_ui_xianzhichuangsongmen.pkm.gz,0cb8a50689d5b45cf9c34af939f95e80
E7792E11E7F5BEA55FAABBE4FD23223D,296953,res/animation/por/tx_ui_xianzhichuangsongmen.pkm@alpha.gz,e16409203fa5e12aba0a68300834b28b
DB2CFE99F4D869BA654BF8626D03533A,1020,res/animation/por/tx_ui_yaoshichuansongzhen.atlas.gz,b3f2d5c2d8074e4ed9324386ea034e49
6F5B101259DFCFDAEA16F36233E593C5,1556,res/animation/por/tx_ui_yaoshichuansongzhen.json.gz,ddce528d2843f272246124e98e7d0fcb
34255B5954D7A387C20CBE8D62B0A072,285505,res/animation/por/tx_ui_yaoshichuansongzhen.pkm.gz,c202730a28618cfd4948648b5f0b49fe
23C562BC656E7AE4EEEBA17B988FAF91,169547,res/animation/por/tx_ui_yaoshichuansongzhen.pkm@alpha.gz,6003b658df0b533090f4e54e5ba5fc61
9C944C9CECCF3C17DB164759BC7F9616,699,res/animation/profile/touxiangkuang_dongtai01.atlas.gz,000050a4462cd1c9c9c07406728b8f79
E8E63CF6FC3D140036260E42522CFF21,1438,res/animation/profile/touxiangkuang_dongtai01.json.gz,389d742dcd820e9dc0b17bfb9d7fce37
654D2EFF8336523223C2C863A3FF6C89,3768,res/animation/profile/touxiangkuang_dongtai01.pkm.gz,1f00b5ecd9695b59d6e9e5f058cd67a5
01C999FAD844A6755DDC9B0DB819EA7A,2923,res/animation/profile/touxiangkuang_dongtai01.pkm@alpha.gz,0f97cb7189319905c6dbd3b0a7564443
77885E500EB2FC5A4222BED219AA4804,635,res/animation/profile/touxiang_dongtai01.atlas.gz,19e91e59683f7e5c0b16ac56e2b3c024
A8DB3BD20564B94EBE3ABD65D4662A4E,812,res/animation/profile/touxiang_dongtai01.json.gz,ac4688aa06adbd94cb6fc290054a2127
D995938026FEB4E7B363FE4F5EBAD103,35360,res/animation/profile/touxiang_dongtai01.pkm.gz,53e8accae092d44c1ac1188aa1b983ae
D8E940ADE8E07D909676C0D040DFBF8F,6896,res/animation/profile/touxiang_dongtai01.pkm@alpha.gz,6448af009cf23cb1fb39d0a2bb7bae0e
6EC4EEF7647312728420C9724C4962B0,611,res/animation/profile/touxiang_dongtai02.atlas.gz,c2d21e49cff24a5784b0931cf7daa91c
8AA4BD6169D25561A078FA175A3E4624,788,res/animation/profile/touxiang_dongtai02.json.gz,5d1a5f57288e2ba313e18bbe705081db
51765796EAF73B9514A51BAE302166C9,44350,res/animation/profile/touxiang_dongtai02.pkm.gz,2c94eb8ca495c70c6cb02600839f0346
EC24015B04A06099AF675159F16BA7D9,5516,res/animation/profile/touxiang_dongtai02.pkm@alpha.gz,5d7901ad88a9f1fb29fee6afa564de75
DFDAEBE12505374C6F3D111E8DC6BFE4,982,res/animation/sprite/chongwu_ailin1.atlas.gz,83994f405f93dad3d8d68af29fa76e6b
319FD6BA202DB8909B6E98F0D322CD73,84019,res/animation/sprite/chongwu_ailin1.json.gz,eafbdcb9b653e3106e46550d9df3c1a9
8B32D5C6947CEAA30634752BCAE7836A,43492,res/animation/sprite/chongwu_ailin1.pkm.gz,ce65c64ced86bb2a2cc262605002303b
A1A76AB18ED78351AE700F94D2F8ED0F,39245,res/animation/sprite/chongwu_ailin1.pkm@alpha.gz,2eebed43a31ae4e65c884323c88d0c62
5C75ECA918AD7AEECBC5ED093D57C67A,1026,res/animation/sprite/chongwu_ailin2.atlas.gz,1b517299455663bc502de2e70cc89624
C3BE979CB13CF46A8430E68CD3C8D950,31625,res/animation/sprite/chongwu_ailin2.json.gz,0bbc37c53999943fc9c4aa4a212c88d9
5F1AC4FF7FC175B9A0050CEB2D112BB9,43184,res/animation/sprite/chongwu_ailin2.pkm.gz,509b8ee60f7cb845fcf3d183fc98642c
CB132D6BF314C23487D73C7DDD5C16E5,30169,res/animation/sprite/chongwu_ailin2.pkm@alpha.gz,c99b606ae354e482b145fdb8a8cf5ce4
D893C0F299557C2F9644D8C158FDC5BB,1104,res/animation/sprite/chongwu_zhongqiu_2022.atlas.gz,36050cb8e4fbfd0108c6e5ff562bec9e
921F915B2A472977189457E20B644EC6,44385,res/animation/sprite/chongwu_zhongqiu_2022.json.gz,9fc15bd6b5e3282c381114cd3879b497
63476B97A88D3048691C386F8782C3CA,38428,res/animation/sprite/chongwu_zhongqiu_2022.pkm.gz,9ffaf2be87623c199d7f489e653f94df
DDBEF76E2ECC8A1488CE5B6246B60652,24586,res/animation/sprite/chongwu_zhongqiu_2022.pkm@alpha.gz,3ee5e68ab3eb0347f1942a743dfa5472
8CA81B6687E6142ED79638091A35EE3B,1484,res/animation/sprite/mo_chongwu_heiyan02.atlas.gz,1ab5e609e5524d4bdbfc7234503d6461
396002E63814669963301A32B59A4DED,79648,res/animation/sprite/mo_chongwu_heiyan02.json.gz,f528d6012dea7bb8c137cbe7bd8a9610
7221E0628957D37B467ECAB826B66995,97130,res/animation/sprite/mo_chongwu_heiyan02.pkm.gz,c8f72e1949c46bb376ca89fcd346c313
E29B888E3D0D02AEA15844E5704CFB54,60122,res/animation/sprite/mo_chongwu_heiyan02.pkm@alpha.gz,0a098dd86594bee4e89ba68811b066cd
2D28C43C33F4453F41A32E1934F99A64,1185,res/animation/sprite/mx_chognwu_shishi01.atlas.gz,d712cd7b9decdd29d112601b89a39366
915583F156BB77356DB6062025ABEB90,16603,res/animation/sprite/mx_chognwu_shishi01.json.gz,574738a7cac09d3b18d6afa6d12cd9c9
1AF7F76EB1F0968FE6658BC2D4A1B02B,11786,res/animation/sprite/mx_chognwu_shishi01.pkm.gz,2683eecdac594ed68be7ee585c97e185
17636D8DD56E835A2FF3A0455DE913A3,8492,res/animation/sprite/mx_chognwu_shishi01.pkm@alpha.gz,110b1a08d61ed299dd0141942d1475bd
F5A5EE5C7659986F206D0A9A7EBC4D40,1038,res/animation/sprite/mx_chognwu_shishi02.atlas.gz,24a9176e78a8215fc82fb4ace84fe7c0
FCCF25C18989A53760F7BB7FED5B6A38,15138,res/animation/sprite/mx_chognwu_shishi02.json.gz,741b02b9b84c33ca0d68444a3547dec5
D55B681D99A2EBA91214200D1C1F4CFD,9133,res/animation/sprite/mx_chognwu_shishi02.pkm.gz,331716707d079f1fbc88117c56e27120
456C14816CEF7F81A528DE06F0BB85F0,7547,res/animation/sprite/mx_chognwu_shishi02.pkm@alpha.gz,a096395f393af77a8f5ac81f548a9467
F3F94FEFB54A036D787891647B80382E,1048,res/animation/sprite/mx_chognwu_shishi03.atlas.gz,50d63a5b0f8871df9d2dfe3b32f6da4a
80DD69D603C903BD4634D3A6DD81C0AF,60992,res/animation/sprite/mx_chognwu_shishi03.json.gz,d1ead360a08e450ca45dd16d2fb97fd5
A9F4D1A1C69138A7F17AD25A25BA5CE4,15186,res/animation/sprite/mx_chognwu_shishi03.pkm.gz,163a1b6c8769e78e52bab4055eea2330
10A5E24419D8688F2B8FD4B25337A11E,11073,res/animation/sprite/mx_chognwu_shishi03.pkm@alpha.gz,413dfeaef65dd16fc2255a19941787cd
790A5BAE088BD9F939F834099F2DAE5D,603,res/animation/sprite/mx_chongwu_4399.atlas.gz,027dcd08ebdc4eab7cd0e55143af9b21
0173CECA9B107D7AB453094DC168EE43,17475,res/animation/sprite/mx_chongwu_4399.json.gz,4676013b0499367c223a917466236cbc
FECCDC3EA316138095420543FCCDABF3,11151,res/animation/sprite/mx_chongwu_4399.pkm.gz,ee8822dcbc644a58d19184cde6844c49
01BC2C62A84DE8251E5C73762F51606A,5820,res/animation/sprite/mx_chongwu_4399.pkm@alpha.gz,c78d1e1206dd35b9a2e96dd933655142
94E9E05482E56E4BAE692BA36228ADF3,525,res/animation/sprite/mx_chongwu_9you.atlas.gz,107424e8bfbddddbb2fe819157c91441
F2CBE3C476EF03896F014EBB93410436,33337,res/animation/sprite/mx_chongwu_9you.json.gz,0720d2ec6cfbab9fae908b619528dd14
17C4A656C36FCB6FB10160D3F6DF9DEB,13541,res/animation/sprite/mx_chongwu_9you.pkm.gz,3ac27dd592fd671cb161037f16a00d64
173E074260D872487BC80CC74BF56A60,5478,res/animation/sprite/mx_chongwu_9you.pkm@alpha.gz,6b76f06a2aff426a196771973a33d03c
374C637AA2A220E73A894B1CFC97947B,996,res/animation/sprite/mx_chongwu_a_1.atlas.gz,f064cc6835d961c38499d9289b49f705
8BB15F104772B4371C6278D3BCBD2798,17677,res/animation/sprite/mx_chongwu_a_1.json.gz,a62de2f0f187046cace8a85e705100af
7444D7A6156B8DD632AF0B91B4D41C38,16339,res/animation/sprite/mx_chongwu_a_1.pkm.gz,aea924f06d8b30bc1be555a163ef12e9
FA85D3CDF5146BAD76138888B9D57372,10836,res/animation/sprite/mx_chongwu_a_1.pkm@alpha.gz,3e00a998939bc92fc771bcb65a19ac9a
399BF3E084FA7B2E70F0B03FCD92BF9C,794,res/animation/sprite/mx_chongwu_a_10.atlas.gz,ce1fed4acac1994eb867956fda724350
B812498E8D8E52E482570190B407EFB2,15204,res/animation/sprite/mx_chongwu_a_10.json.gz,74a1fe3f454a96f127ffed878857ed5e
CB67AA67C036FD041D65420148BE5FF5,16932,res/animation/sprite/mx_chongwu_a_10.pkm.gz,fcbe06d460443b76c3788d7a6d9126ea
C65DB2DDE71148E8B9F2C3B63AE0D2A4,11969,res/animation/sprite/mx_chongwu_a_10.pkm@alpha.gz,149bafa9e2505392e829da331ff46ff2
5FABB31ABDBF552497C5AF9597B0BFD4,795,res/animation/sprite/mx_chongwu_a_11.atlas.gz,3915a9031dedcce10c017e00623b278e
5D2FC5DCD59FD5602215C8C8CD8BA4EC,17759,res/animation/sprite/mx_chongwu_a_11.json.gz,3ad945fafedc8b9cde44c8c9d15ea0b8
7CFFA7F4E2E7669631FD2E08D370F395,14327,res/animation/sprite/mx_chongwu_a_11.pkm.gz,d2e51dea68da52702a47987011e38b18
0D176B4FFEFC9574AAE067E463725FC9,9526,res/animation/sprite/mx_chongwu_a_11.pkm@alpha.gz,3b1cb2b31bb640bfa196da572810895f
47C075AD403595D615CF3898940B5F38,857,res/animation/sprite/mx_chongwu_a_12.atlas.gz,da646c88ed24fb754a971a094a15fd2b
1E057D30EC4D485EEFACA8537E70A9E3,18234,res/animation/sprite/mx_chongwu_a_12.json.gz,508b3d0602b85e748864ed7095de3884
E0407AE9453A815FFE9C22AF3FE76AA8,20232,res/animation/sprite/mx_chongwu_a_12.pkm.gz,3767606c196fd6001ebb050e892b8da1
E7D061229593AC18E66A7C92102A82F7,13223,res/animation/sprite/mx_chongwu_a_12.pkm@alpha.gz,f4c40ca28a9588872c759b2274a072ca
BF5CC49F66F692E07E5305B06B588A89,797,res/animation/sprite/mx_chongwu_a_13.atlas.gz,e41e6e42646636e69cb07d42310e4a9a
817FD00E0825972159A8B5D918E655A8,12493,res/animation/sprite/mx_chongwu_a_13.json.gz,7887df1a93a2a6178915c8c94573a274
A4F568CE494B1BF475B94885CC1B645D,20609,res/animation/sprite/mx_chongwu_a_13.pkm.gz,8c8f1f240e783730f4b968c0e75c63ee
7C2B603651879A4CE0021BF8EEF98F14,11966,res/animation/sprite/mx_chongwu_a_13.pkm@alpha.gz,1176651599778fa63b4445a309d8b095
84B868714EA53B23EAF88F0FFECE6745,732,res/animation/sprite/mx_chongwu_a_14.atlas.gz,08e121cc5084fad1c2deb50bb3960c81
B6CCB6BD2101AF640995A03BC158E448,12668,res/animation/sprite/mx_chongwu_a_14.json.gz,2efde5fb9dfdf51b451b342af1f7b347
3700C91DFE11E79D9D9650334DFDEE37,14391,res/animation/sprite/mx_chongwu_a_14.pkm.gz,c40efee6c794c8571486b660e083e6f2
E535C5137C98616414FB7B4CCFED0380,7966,res/animation/sprite/mx_chongwu_a_14.pkm@alpha.gz,9570557d22e910939e385a5d297f7e94
0B85664D96A9C0CFF703E03834BDF6FE,943,res/animation/sprite/mx_chongwu_a_15.atlas.gz,9ddc3fd394987e4363d4d0ca9522fdf2
036CFC076557D71B0122A69AE2D131E7,13127,res/animation/sprite/mx_chongwu_a_15.json.gz,5d9562622c04af884f5fb6f1735d88ad
E4B335ADB623FD33851D2CB6B1B70C6C,28579,res/animation/sprite/mx_chongwu_a_15.pkm.gz,d0045e40176a87abf880f46fa0d3f52e
CFF378B820C122CFBAC5BBB8F2FE88FC,16705,res/animation/sprite/mx_chongwu_a_15.pkm@alpha.gz,d113ad21698f253f1dba32f7243a73c9
99FA899A1BD938036A82F9235B7B69AD,747,res/animation/sprite/mx_chongwu_a_16.atlas.gz,fba6fbb679e2cbcf913502dd89fd0f14
5992A58EE87222B9FDD55493B278B1BE,6695,res/animation/sprite/mx_chongwu_a_16.json.gz,958b298958d38ab6c3beb85a66334296
26026445520141FF0F6A9626F49746EC,10701,res/animation/sprite/mx_chongwu_a_16.pkm.gz,d0983196ff2181b378d5b9445786cbcf
90EB5D0BE8BB99C54A04014AC9A172C7,6108,res/animation/sprite/mx_chongwu_a_16.pkm@alpha.gz,fedff8a0b79f9422dbd312f12c89f968
ACDAFC4C46FE8A9EB8AF8193BB8B5B42,712,res/animation/sprite/mx_chongwu_a_17.atlas.gz,4d58bcc7b302ce737d766e7147df56dd
F7EB1E4EF931B52A70D634D261D2B4A1,8019,res/animation/sprite/mx_chongwu_a_17.json.gz,1cd998b159f726aea3e5361f6e2de901
1A74AB3EDC22B9E9F0E581F743A69590,17759,res/animation/sprite/mx_chongwu_a_17.pkm.gz,373cf7c734da9295a3dedd6710913c19
837A05B2EEBC5EC4CD3647FE3A4F5B4C,8942,res/animation/sprite/mx_chongwu_a_17.pkm@alpha.gz,86e9500a42ac15318b5f2f99a8695f97
FD05127F2530B3167F86DDC12EB16B44,886,res/animation/sprite/mx_chongwu_a_2.atlas.gz,e008631cc81712d844eed6bb76846bb8
951AD4A82DF71A31EF2724A7F8B56AC1,13703,res/animation/sprite/mx_chongwu_a_2.json.gz,529b04abe96323db277d43c74a4af2bf
11F524584F9F211F1BEAED08CAD4EC88,18954,res/animation/sprite/mx_chongwu_a_2.pkm.gz,57808fe51042065545bc6a6dfc1d755a
65B533784AA0F4BF19186E9056646D73,10300,res/animation/sprite/mx_chongwu_a_2.pkm@alpha.gz,36ecd5c1118456bc8e4bc0d0b1654fe7
47DD6BC18B91813AC0106D0975D52721,851,res/animation/sprite/mx_chongwu_a_3.atlas.gz,294923cac340349ab6fdd0d9f443e996
F4EDE053B53FB3D05E1E02452FC75175,13253,res/animation/sprite/mx_chongwu_a_3.json.gz,94dc3529f1b1ecd5cd301212d60cca3a
7C79B42CE3714E565096693427AB0BE6,26749,res/animation/sprite/mx_chongwu_a_3.pkm.gz,b168e469fc6cccf4a6964e324d768d2b
B4F2418860418CB4523D4969A96263E1,12498,res/animation/sprite/mx_chongwu_a_3.pkm@alpha.gz,2993adc79a414fca272332633b7ea146
F2C264D0592A5D3C7202303B549D44B1,753,res/animation/sprite/mx_chongwu_a_4.atlas.gz,c7f3d49a1d1a27bd00018aa76f4b4f2d
CBB294B89FC3C0913403A733C77D8F7A,5914,res/animation/sprite/mx_chongwu_a_4.json.gz,d9600d8e9851db36a74d6b96d8ef17f9
E6D107D0E9BE9959D44CD384A8AEA691,10599,res/animation/sprite/mx_chongwu_a_4.pkm.gz,47bfe4f9200621be45116fac867953e6
0AA1AEBD755311A1C0F125589C27872F,6283,res/animation/sprite/mx_chongwu_a_4.pkm@alpha.gz,3ffcef2cbff7376fe3381f0e669b11f8
977820C3B4F0C2E3DF5682666F206AE9,774,res/animation/sprite/mx_chongwu_a_5.atlas.gz,3f88a4341a352951e46fec8f93658746
210CD2C94EC6F785633D896DC760C99C,9081,res/animation/sprite/mx_chongwu_a_5.json.gz,8199772bc0d53c114fc205901cd063a3
8E833787B9035C9697F1785A1572FDAE,12549,res/animation/sprite/mx_chongwu_a_5.pkm.gz,e9ab7b0f2b65ca144eade773fae61d76
6531640100C01062138AE3726FBA77F1,6563,res/animation/sprite/mx_chongwu_a_5.pkm@alpha.gz,438f57fdc637e733a6d698d4210b072e
6B8DF42F8444F9F045BC8C981E006933,749,res/animation/sprite/mx_chongwu_a_6.atlas.gz,077d3528c12d9ae9b8b61847a41bca44
9BE2B2439F13CAC31C1B38DE5EA6364E,9555,res/animation/sprite/mx_chongwu_a_6.json.gz,9d75bd7d323065a383b2474d38ccd8ed
0ADB9B0F68E895974376C87BFA7267BF,14075,res/animation/sprite/mx_chongwu_a_6.pkm.gz,99eea07a4f28de2b303a67f7e3edf81e
BBF67FE9FCE92A3DEC205C3FEA8192A5,7902,res/animation/sprite/mx_chongwu_a_6.pkm@alpha.gz,67ee4fe296b99ee0a33bdbb69153fdfd
4636F9CD02916D0B5EE2EBAAD61FE3DD,783,res/animation/sprite/mx_chongwu_a_7.atlas.gz,53315c290355fb790913a9ba99c3dfd4
2D62DCC83C5A14F471B6BFF7BFC68FCC,15491,res/animation/sprite/mx_chongwu_a_7.json.gz,3b781d04a8f50318bc9db2e98d8d50ce
8406E2F13DD0E3B23B315F5AD942A657,19017,res/animation/sprite/mx_chongwu_a_7.pkm.gz,3c46090eec1e1e215c0c4ae1177eb7ec
CCEB1B77F45AB99555D685267E94E2C5,11669,res/animation/sprite/mx_chongwu_a_7.pkm@alpha.gz,7eeb89e9c43cf51d7390b030e6629a81
17EAD60FDDC0734AE49A4BCB23B43CEE,826,res/animation/sprite/mx_chongwu_a_8.atlas.gz,957bb16395a9248acc290e7ef6ea7b48
8D4E78A129F8C475E2D9A5C828EB45A8,21959,res/animation/sprite/mx_chongwu_a_8.json.gz,3a6788cbd2cb89d2521896b981306143
69CB231D47A989304244DE795F679929,18270,res/animation/sprite/mx_chongwu_a_8.pkm.gz,62db65a4530a637582f3ca9c873a6c80
2F7FA7AE18781886CFA94C7BA6C9D807,10620,res/animation/sprite/mx_chongwu_a_8.pkm@alpha.gz,490d91384598db13b8882987f192d3ee
8DFD14AC11EDB834AAE1FE5878F3A1DB,826,res/animation/sprite/mx_chongwu_a_9.atlas.gz,86daf2e252129929c43d66ac600f32dd
D36553BE7FFFE4812600F12E35F5BF7D,11226,res/animation/sprite/mx_chongwu_a_9.json.gz,52a4b2be9e99c213f8a45a0dc34a2e21
D1F5676A57992BCAFF01FC81AEEB834A,15340,res/animation/sprite/mx_chongwu_a_9.pkm.gz,c667cf740a5e284a3a4c38f4543c4913
8DC346723FD9769D2D46FC5B611718A5,9489,res/animation/sprite/mx_chongwu_a_9.pkm@alpha.gz,5143026d450bb38be20f0e7a351fba4b
C18C53E095018B88B8B96B7DABC281B5,849,res/animation/sprite/mx_chongwu_bilibili.atlas.gz,c5fc0fa1497ad50c284cfc2a7b681788
AF36AC30F7CC5241522B07037BFDD38C,19579,res/animation/sprite/mx_chongwu_bilibili.json.gz,86e2dbff4e46e1d39832d8ffed3183f4
F165AB9D555FACBDCC872EBB788D8CEF,17991,res/animation/sprite/mx_chongwu_bilibili.pkm.gz,84a5aecc3b7952040b5a161da8859e40
8B8C06C518962B1FC1CC100A0306E1B8,10310,res/animation/sprite/mx_chongwu_bilibili.pkm@alpha.gz,716fbce9c82f4081ab646955701fbabf
EAFBF05FDFCAB3DE8B393760D4DF37AF,369,res/animation/sprite/mx_chongwu_b_1.atlas.gz,af535b8917c4e379636f10fc17029c5e
ADF4AACCBADAD22B8DF8840DD5A5464D,3811,res/animation/sprite/mx_chongwu_b_1.json.gz,b2e0d758455acc1832a53fd6b2b97b4b
001496050666E1448B7B8F2809473438,7971,res/animation/sprite/mx_chongwu_b_1.pkm.gz,0483a45e4e2f7080faf4abe2355d8c06
900525003D8FF6EDD6DE0B9389C48AAD,3670,res/animation/sprite/mx_chongwu_b_1.pkm@alpha.gz,9cf4a35c0722a70eb551cded5d46dfe2
0B9F3AA5A588B6D7AA2E3B682CFF8B41,685,res/animation/sprite/mx_chongwu_b_10.atlas.gz,3762dc91a481a89b398b4dd9436bb003
BAD07220A9A61D6D1EE628E08816F498,6943,res/animation/sprite/mx_chongwu_b_10.json.gz,5b4a6688b8dcf934834d0b827fb19f4d
1F555DE8F50E6C726181046682F7913E,14999,res/animation/sprite/mx_chongwu_b_10.pkm.gz,fe3841ab64d07e58e2ec18a64b9573ea
6CCE2643EF3946258FF88C1182E24676,8302,res/animation/sprite/mx_chongwu_b_10.pkm@alpha.gz,a7fe974836e6905e9801018d62aabafc
15836D55826F55DEDD21CBA3293E8753,642,res/animation/sprite/mx_chongwu_b_11.atlas.gz,83ca41b52a9680bfcea5f63fd77fa596
491EDD326DBC9345CD6831D5B85ABDBB,6285,res/animation/sprite/mx_chongwu_b_11.json.gz,43bd0069191cda1bb33814bca85c3b9b
E42588DA2F357D99E5CAE6068CF77D0A,9263,res/animation/sprite/mx_chongwu_b_11.pkm.gz,ba4a4a37bf20026ee9e332c0a3bd3ce8
A6C8D6477CCB6D714A509A5AFC361A9E,6450,res/animation/sprite/mx_chongwu_b_11.pkm@alpha.gz,f705b04f17a8888621e512ba77814001
E92E61B0793C89C79B753DFD5FF2517D,526,res/animation/sprite/mx_chongwu_b_12.atlas.gz,5d4ccb9d8b128859e39533eb563e6053
4054D5DAF1E9079584563D20B3C2497D,3913,res/animation/sprite/mx_chongwu_b_12.json.gz,b5d5f591f8a070b42a4af68eee3e7b3c
5F160BCD7EC67637F00EC4C4EB4AA64A,9686,res/animation/sprite/mx_chongwu_b_12.pkm.gz,244a14f896dc8e58484f7c99e0472732
8364530DBBF96584595BBA6EBF7C3C62,4919,res/animation/sprite/mx_chongwu_b_12.pkm@alpha.gz,a1f1ac02ff2674fdc1aed4c399075b56
47AA0E0D80EA971E169DA07379F646F3,673,res/animation/sprite/mx_chongwu_b_13.atlas.gz,5ad489ac3f0d850e68d013936ee2ede0
9C4AEF729ADDC31D18FDD31C5AC024FD,7115,res/animation/sprite/mx_chongwu_b_13.json.gz,d4c321e8bc9ac2965ec4982549440c21
076C754C51650F8C6C0A44A245E5FBE2,12444,res/animation/sprite/mx_chongwu_b_13.pkm.gz,792e0c9b94284373f6608722315423ec
C1B6D369F252C82E4FCE0FFDAFCD192F,7156,res/animation/sprite/mx_chongwu_b_13.pkm@alpha.gz,0a929d89149ae7ce7788c2e21a0a2b02
BB4D24E3B60ABA14CD7BD94FB67C74D8,723,res/animation/sprite/mx_chongwu_b_14.atlas.gz,b5a70a64421efeb283a5646ce43ec1b5
F5B14FBA7B9083D2BE32B3341BFAA89C,8480,res/animation/sprite/mx_chongwu_b_14.json.gz,9d791c557cb6690cdd37165ae7d6feac
BC88D610D6C7BC430A1EFB3D61328C1F,16727,res/animation/sprite/mx_chongwu_b_14.pkm.gz,89f76e89e393eb5a13e2ce74942f097c
D92EE042A02F45AE457BDDE2201F4E74,9439,res/animation/sprite/mx_chongwu_b_14.pkm@alpha.gz,d5afa578a20d75041a6242da6971503e
C0EDC4B30325FF033429E9BC9323AFCE,487,res/animation/sprite/mx_chongwu_b_15.atlas.gz,19e8392cd0317c6dba173e7aaac825d2
16E24571AF604FD59FC2A7D430077D02,4399,res/animation/sprite/mx_chongwu_b_15.json.gz,3a86790d30601d1acf8e5a228bcb1829
A761E898156C807F33E32572638471F7,17898,res/animation/sprite/mx_chongwu_b_15.pkm.gz,248e12b3478ad06bf6df33803a600f49
918B3038ADDE303A3D7605273ACAB0A0,8266,res/animation/sprite/mx_chongwu_b_15.pkm@alpha.gz,ebb8713cc03c6381879e2762ec52b4dc
F8AA43FD0F03332D33FAB4CB3EBF5C69,562,res/animation/sprite/mx_chongwu_b_2.atlas.gz,62d9c115b32e1d1e67c00b12b566082a
71BE6B19BD42B2FA331BFD7BC19C7438,5874,res/animation/sprite/mx_chongwu_b_2.json.gz,4b18d2ca6c6e9da24a222551409eb648
B4CE9D64FF58C4E1DFA86962BF38AC6D,11069,res/animation/sprite/mx_chongwu_b_2.pkm.gz,f25c140b7fa5d7f19a45efbb9be2d6ba
197F705F69AA44475C6DFD97315626D0,6231,res/animation/sprite/mx_chongwu_b_2.pkm@alpha.gz,f4ade95ea47daa26ea331d1cb59ba83b
3CF9FF916D03FAEF040C90E0CC76D01D,531,res/animation/sprite/mx_chongwu_b_3.atlas.gz,39904e536493c473d6b6b9c1b2f86dd7
6D036545067CEBC2A1E70028E482E61B,5876,res/animation/sprite/mx_chongwu_b_3.json.gz,5fc05126b1fceace91daf4ede4cb46bb
AD2903429C5DB30E67293671F9E5031F,11235,res/animation/sprite/mx_chongwu_b_3.pkm.gz,46501404d199df0fe5134a6edc8efa4c
03437EA83DB0E5C2617CFB4A2DEF47BA,5388,res/animation/sprite/mx_chongwu_b_3.pkm@alpha.gz,401460519bab25beeafff2fa241fe83c
4DE0184A068CB3662DCB2101953405E8,605,res/animation/sprite/mx_chongwu_b_4.atlas.gz,f151c8258499910a2e88f1c38a934c9d
F2B3EF732CC6CD3F457ECBC981E10551,4102,res/animation/sprite/mx_chongwu_b_4.json.gz,debc27afab03bd579e99861176be580a
8BA4083824367080526794930B3E0EEE,12895,res/animation/sprite/mx_chongwu_b_4.pkm.gz,68510503f7d1a988ae914db1629f823c
77483A9F87503C37BC8B6B67463F6F5A,7391,res/animation/sprite/mx_chongwu_b_4.pkm@alpha.gz,b1973e081aa8957fd20b00e18a404770
F47C77DF2D58848FBECFD21376887FF4,606,res/animation/sprite/mx_chongwu_b_5.atlas.gz,fd6ffea85618d79ef83c8719016dd81c
B69D60FFA23D3D6441E5255CF97506E6,6858,res/animation/sprite/mx_chongwu_b_5.json.gz,c148206f13f414253257bf8a5c481b7b
8B306D09A2785DCCB241C4C0BE674A15,8773,res/animation/sprite/mx_chongwu_b_5.pkm.gz,e0d26e2bb961f63054c4091252dab1e8
E5DA13740364FB77ED154F4144E93B23,4739,res/animation/sprite/mx_chongwu_b_5.pkm@alpha.gz,2852c82a3a416a2245d0e111fbd09181
7A5D16633F9E88B7D0D817316F8E74D3,647,res/animation/sprite/mx_chongwu_b_6.atlas.gz,72c5536cf269ce5bb5e42fd146486ec7
B7CF8BA7027E696C12CBE3EBA35CBF67,7260,res/animation/sprite/mx_chongwu_b_6.json.gz,f06b05dc7508bb526ee1d6add711900e
EAEEE761DF8ED55B881BB583805ECF8E,7539,res/animation/sprite/mx_chongwu_b_6.pkm.gz,8d79ac028fc9c70dbd0b5b8268924cc9
FEFBF5C0AABBFB4C1724056EFFAAD720,4387,res/animation/sprite/mx_chongwu_b_6.pkm@alpha.gz,af1230263b51a735c9e764c5cff4a429
885EB4B963831B27E3CF6F689B527B49,521,res/animation/sprite/mx_chongwu_b_7.atlas.gz,0a9f1e07a37465083b1de3051335c3fe
0AE436D643BA103C0BB50D57081F8963,3701,res/animation/sprite/mx_chongwu_b_7.json.gz,bd9155abdd9e4fe2833aa032f7b26208
5CC3D6788DC85EAAAB39B262E24F7EDB,7135,res/animation/sprite/mx_chongwu_b_7.pkm.gz,093820e05d599fcdd759c39ffe4ef52e
7D12BDE3CB599ED3C0E00FFF335BC99A,3457,res/animation/sprite/mx_chongwu_b_7.pkm@alpha.gz,4da86623dbb5035ce9372529187c7c1e
327F546DACE0369C4A0A58D285474B13,619,res/animation/sprite/mx_chongwu_b_8.atlas.gz,e0e40609a3f152aca5bd6fc4eee9c7a5
58D74BF06360778A3617084E1E5D7763,4801,res/animation/sprite/mx_chongwu_b_8.json.gz,94b15dfa31f512ecc2b338f027cbc76e
D5DD6414B78485CE0C34DBFE97DD5CEE,8245,res/animation/sprite/mx_chongwu_b_8.pkm.gz,9d2b2313775cfb914e8faa6b66c7fdc2
9A5C3B08C5C8779CBB607A10C9DDD22A,5292,res/animation/sprite/mx_chongwu_b_8.pkm@alpha.gz,0ae3b3417be406237e271ea47d5dfa21
D20CAA05A7568E26431BAE7FE1986CD5,609,res/animation/sprite/mx_chongwu_b_9.atlas.gz,0fd1b5fab452ee567fe93677bee7ee10
BFE1338AAE7A127C6F90345710597DF0,5289,res/animation/sprite/mx_chongwu_b_9.json.gz,fa4e39595f84230a1ec1b8f7138c435e
BFFA130D4CCC9D7E93C45D7FB83A3BDD,12431,res/animation/sprite/mx_chongwu_b_9.pkm.gz,f91f5821de8bf7fcf25bbef4922b7434
A027A017FCBF5DA0365D871B834D8D96,7287,res/animation/sprite/mx_chongwu_b_9.pkm@alpha.gz,79a5f33fb8ef33c9ca0659cafc9160ce
68A28D8DAD67EE7742D834DD44ABBEFA,1079,res/animation/sprite/mx_chongwu_cangyanqishi.atlas.gz,d305484359be28cb64d57a5e1f5e4c74
161461FE8021A4F0CD7042C48F11C2E7,20132,res/animation/sprite/mx_chongwu_cangyanqishi.json.gz,440c6771ad36d10a6977d8b46f4cd6c9
807FAB45D97FC1EC4B803AE78039DEB1,15552,res/animation/sprite/mx_chongwu_cangyanqishi.pkm.gz,df3f30bf24999037d5c57f0141d2e1f0
E69E3AC849A51F3E247C1814BAE42F69,9949,res/animation/sprite/mx_chongwu_cangyanqishi.pkm@alpha.gz,8b0c00888047a60c05524af6e7e4a8c4
37DF796FCA7F97CD49203E310950B907,568,res/animation/sprite/mx_chongwu_chushou.atlas.gz,90b8a5cf1ce26cbc04a2c6f564eb9714
2B279316857289F21FE167A812B5A23D,66233,res/animation/sprite/mx_chongwu_chushou.json.gz,5654307a73f41df6868a5594b8f85dae
716B8FB862B36E295C9E6513181F1D48,326393,res/animation/sprite/mx_chongwu_chushou.pkm.gz,9a34ffafacb0320507fb85c1234171a6
4511B19EA6ABF0BACC929C529F56D4FB,125513,res/animation/sprite/mx_chongwu_chushou.pkm@alpha.gz,6ad66b7a7501e394751eeb0c45cd1672
1DDE72B54E4E3999A9DA31B95D1B033B,825,res/animation/sprite/mx_chongwu_ciyuanlingzhu.atlas.gz,e9b765a61760308d302df37f92388ee9
A1E79D07B2F42ED98C08F6547B7DD1A3,19038,res/animation/sprite/mx_chongwu_ciyuanlingzhu.json.gz,2c07911b13ad27f5d210c9b2fc4bc2ff
E40982D24A6ED9864D77141946F759FE,13970,res/animation/sprite/mx_chongwu_ciyuanlingzhu.pkm.gz,fac536c07b995b715e0ebd079d564a8d
6774C3A22CD396F165CE733158FDB211,9244,res/animation/sprite/mx_chongwu_ciyuanlingzhu.pkm@alpha.gz,a2016bd47a261a3f88aaf6e56eb1e79b
BF7C25B88B865289B98B3E0473B1149C,859,res/animation/sprite/mx_chongwu_cldc_lilimu.atlas.gz,1fee1a10905cce7a5fb414676501fbf6
DDD0CC29C9863E7DB55F1BC95453901D,37473,res/animation/sprite/mx_chongwu_cldc_lilimu.json.gz,cf1c5ff793e35cf5ac86398426208a2d
93F4EA9BF634EE05E920C87E301EBE44,21019,res/animation/sprite/mx_chongwu_cldc_lilimu.pkm.gz,6f1b3a0d9a0f4009c1eccfcccc8a3956
2324E5242C2D1079530B6C1940DD5ACF,12650,res/animation/sprite/mx_chongwu_cldc_lilimu.pkm@alpha.gz,b602e7e1e3f175369aabd7950a5c972e
DF3465BDCA87E7F8858CF64DA2B5FADA,1486,res/animation/sprite/mx_chongwu_cldc_ling.atlas.gz,f453bde150f4d47bfdc6a9b19cff4d22
F90CBA8748BC3E21FF7A30E95A932A0E,115756,res/animation/sprite/mx_chongwu_cldc_ling.json.gz,5f6c052ffed8b88d92b41018e138ba4d
0481AB94D19AEE5F0E4B211EEEFC1175,44492,res/animation/sprite/mx_chongwu_cldc_ling.pkm.gz,a8b2841b6b55c755d348c5daf84c25d4
69FEF9BBAE85DA72F698C9A513224FC6,44060,res/animation/sprite/mx_chongwu_cldc_ling.pkm@alpha.gz,14aa683d13690f673d2b6633c968438b
4F2E751ACC66C8CBD96E9362D8741947,769,res/animation/sprite/mx_chongwu_cldc_shenyue.atlas.gz,6b16c30e862ba60cdc7f5bcacb689e97
2B92DD046D211FE2506D27DFF7849320,29329,res/animation/sprite/mx_chongwu_cldc_shenyue.json.gz,864ac613c7a599b208fdb6ccd775381d
33241E97EDDA192A62557B3F15A69962,15596,res/animation/sprite/mx_chongwu_cldc_shenyue.pkm.gz,4fdd1fc99cb8ff5432f0310eeddd1252
76844B85CA7A95E09E6F26A2D2DEB756,9958,res/animation/sprite/mx_chongwu_cldc_shenyue.pkm@alpha.gz,ad60f9a624d43f9105351ab902f7bb02
C7BFB7B9ADDB302891ABA2923781622D,204,res/animation/sprite/mx_chongwu_c_1.atlas.gz,580e496e823a81b0f4cdfbf4c67a638b
67C1F72B6EAE16729B7906A9FFCD8DFF,888,res/animation/sprite/mx_chongwu_c_1.json.gz,b45dc798b6dfd5695516415739832d21
108EF60FDD7D6418A4D4C1CE2EBBBB0C,3156,res/animation/sprite/mx_chongwu_c_1.pkm.gz,2046aae30f70f18cfe4f412e7df9d286
2290BE30504A5E1ADAB5DD7248D26B7C,964,res/animation/sprite/mx_chongwu_c_1.pkm@alpha.gz,c43c5c17e98c802e66970b1fbca77e4f
F61405CE28D5BFB98C1BBB4B4F6ECCC7,204,res/animation/sprite/mx_chongwu_c_2.atlas.gz,fd8010293fc9c9d7369fbd85423cd933
08CE77A417878AA00C1C044F3C44E491,888,res/animation/sprite/mx_chongwu_c_2.json.gz,b45dc798b6dfd5695516415739832d21
46F7866C1F2907D03DDC7295A529C773,2911,res/animation/sprite/mx_chongwu_c_2.pkm.gz,78126232a264ec164904807a4c81d2ef
9EAC215F0D25F18DD62EB75402A8CD3E,966,res/animation/sprite/mx_chongwu_c_2.pkm@alpha.gz,eda9350fc614842f8f1217f7049fd266
690D52D46989BDD35BB4E9E734E77B54,204,res/animation/sprite/mx_chongwu_c_3.atlas.gz,da117eb5a306842fcb9082a153337819
2CBECB7ADAD6CBDCA5D8BE799435675D,888,res/animation/sprite/mx_chongwu_c_3.json.gz,b45dc798b6dfd5695516415739832d21
2C82B9391A4E70882137E4466317A111,3002,res/animation/sprite/mx_chongwu_c_3.pkm.gz,9534be55cc8e671b9dbf52b70b1c7817
B09CAA7CDBFD5F36858D58401B40603C,966,res/animation/sprite/mx_chongwu_c_3.pkm@alpha.gz,eda9350fc614842f8f1217f7049fd266
1503121D2D6DE6BFC52CAAD9B91656A1,204,res/animation/sprite/mx_chongwu_c_4.atlas.gz,7ea91fa2a24616ecba82323b30355faa
E5E49D6C2EE002A7EB7DFBB3B89F8E60,888,res/animation/sprite/mx_chongwu_c_4.json.gz,b45dc798b6dfd5695516415739832d21
475437F40A2A91F63623FBD291A2EE00,2885,res/animation/sprite/mx_chongwu_c_4.pkm.gz,1c8fea7c5c6d83e36412087026fa260e
9EADD9B014BF5445AD53F4490308B50B,966,res/animation/sprite/mx_chongwu_c_4.pkm@alpha.gz,eda9350fc614842f8f1217f7049fd266
DC3F4B4C6A1CB980D7530861AC2E37F8,204,res/animation/sprite/mx_chongwu_c_5.atlas.gz,b262d5877becd53e5c02257f1f910714
7B89D1E7C9DA55FB2DB7E2373B44E4CC,888,res/animation/sprite/mx_chongwu_c_5.json.gz,b45dc798b6dfd5695516415739832d21
BC5B6D599839D25770D88AFBF6A7555E,3152,res/animation/sprite/mx_chongwu_c_5.pkm.gz,be7e8de214f9b6d8c83bbed600577b8c
A7DB8939133ED38178D27D66F59CAD69,964,res/animation/sprite/mx_chongwu_c_5.pkm@alpha.gz,c43c5c17e98c802e66970b1fbca77e4f
8FC823EAB102B240E1C7A3E83F32F050,204,res/animation/sprite/mx_chongwu_c_6.atlas.gz,c0903bb41be28b4018dee6dd51a9b693
5FE2B9BC9BE15C93F4E0C81A3B3A0DB9,888,res/animation/sprite/mx_chongwu_c_6.json.gz,b45dc798b6dfd5695516415739832d21
A99904A2AE7038B128E7EBE9F7F9FC05,2785,res/animation/sprite/mx_chongwu_c_6.pkm.gz,cd87b06ccc7780fff54b97d6024339e3
3A8ECC45401C19946CD96F4AB044AE02,966,res/animation/sprite/mx_chongwu_c_6.pkm@alpha.gz,eda9350fc614842f8f1217f7049fd266
DBC71EC989F25F88509222C84098B9D2,204,res/animation/sprite/mx_chongwu_c_7.atlas.gz,ea43614f050510990c09deb58dac533e
B48AFEF6D2A97F72D9884E0A26E38030,888,res/animation/sprite/mx_chongwu_c_7.json.gz,b45dc798b6dfd5695516415739832d21
DE8202CE8CD170642702F5F01D9412EF,3115,res/animation/sprite/mx_chongwu_c_7.pkm.gz,cc120df76d9fd9e38390ee84f7194bb3
2AC7132D08689EBFDE7B9BC55542895F,968,res/animation/sprite/mx_chongwu_c_7.pkm@alpha.gz,db828a9c3b15a49a6c1297ee7de09937
22A65D4CD14513087B43DF54FB2B38F4,204,res/animation/sprite/mx_chongwu_c_8.atlas.gz,4582739ffb8f360cc61360b082b6c601
404FD6C5654B0F348D9D1BA6F04FF0BD,889,res/animation/sprite/mx_chongwu_c_8.json.gz,520bdc4eb2b2cc0b90f0613f82c84dcf
ECE1DA2419E35A5C1746F2574F5986FF,2897,res/animation/sprite/mx_chongwu_c_8.pkm.gz,f035e2e4d9e4352bc0b82eefb9066cdb
20BFF096C67A3D8A97A3A128035C148D,964,res/animation/sprite/mx_chongwu_c_8.pkm@alpha.gz,c43c5c17e98c802e66970b1fbca77e4f
33C962309D8247DB38048FAC209F4324,653,res/animation/sprite/mx_chongwu_duyanxukong.atlas.gz,960e325b02bba4f3d00a948c07cb3876
E2990D4C38D97FFB861B99CBC9C2569B,28166,res/animation/sprite/mx_chongwu_duyanxukong.json.gz,b07a5a5ef6541db543b4cc2a14ee1fc5
6041D4FBDA64A7C887303D30BFECC326,172020,res/animation/sprite/mx_chongwu_duyanxukong.pkm.gz,d1d230b3562d0555c5cfa1ecedd4089c
F3F3A70A007CE1FADADB1CFF834637BD,44745,res/animation/sprite/mx_chongwu_duyanxukong.pkm@alpha.gz,49d3bab4fee16f6c051a7e090450a306
907210E5579AA6A3F72C6E3955A3D423,1093,res/animation/sprite/mx_chongwu_fenlier.atlas.gz,6d7b94bac1f6c1a9968bfcc8b55102fa
5D5C831B84C5665731616CD3469056A1,37997,res/animation/sprite/mx_chongwu_fenlier.json.gz,b71b0e11dcde8df4f6e313295814f59e
39FB748F63A23AF570CDB13CF244D341,65023,res/animation/sprite/mx_chongwu_fenlier.pkm.gz,d410816be546a0044ac7f4fa699da53b
9112D64769DEE35C2A873EACE8841D39,35445,res/animation/sprite/mx_chongwu_fenlier.pkm@alpha.gz,470af5f640bb0fa399b3f5756846bdfe
92B0FBB97AC3AC177E18099F179AE8A9,761,res/animation/sprite/mx_chongwu_haoyoukuaibao.atlas.gz,0e15670300e3e35c87d9edac2fd3622b
8DAAF151AE8F66519427A6C3F6FE77FC,18393,res/animation/sprite/mx_chongwu_haoyoukuaibao.json.gz,cc681c3e6aa537c52a0eeeadb246c958
3250D758626E44A1244E93CDEF1B24E1,16414,res/animation/sprite/mx_chongwu_haoyoukuaibao.pkm.gz,a72f7ec5bfa6a3c34e60c987709b115d
4A3724D4A8B41424609B03C035A71E4A,9868,res/animation/sprite/mx_chongwu_haoyoukuaibao.pkm@alpha.gz,3767f05688a2ce9c68c9f825ab2ca310
397C91F23B91695B67F2E9F116A7313A,1213,res/animation/sprite/mx_chongwu_heisha.atlas.gz,67ca6c4a0d6da889b28848726016fb7e
904170AD351B73A57863785F50D7E572,35815,res/animation/sprite/mx_chongwu_heisha.json.gz,29278be275f48e8a6c4c85f417d833b9
C7034E04512997C833A9A1998512B6EC,48472,res/animation/sprite/mx_chongwu_heisha.pkm.gz,c34bf6449e2100eb19203e523098c0e5
130E9141C5653A5241230F6CF1606A7F,27194,res/animation/sprite/mx_chongwu_heisha.pkm@alpha.gz,80b00cd409dcab22fab8c8f8feddbcb8
2C5F0E51E982B55349396E62AAA8D883,1119,res/animation/sprite/mx_chongwu_heiyan01.atlas.gz,a2062979dddb13e7370773744393dbbc
1CEC6F03633B114003FF72E152ADACC5,117908,res/animation/sprite/mx_chongwu_heiyan01.json.gz,70b0e7b1f25e811df8d3d0d5f2712b70
66AE2E6086DB1F1ABE02ECA04665E242,28774,res/animation/sprite/mx_chongwu_heiyan01.pkm.gz,ddc702fbed1b0c0109711b5e2d809146
21B64498CCE216B89A4F31EB2BF97F40,15172,res/animation/sprite/mx_chongwu_heiyan01.pkm@alpha.gz,5c8bdbaf1bf2c66d5f5e4a1d60205e0f
B1815753DC5768D89FA8BDA1ECE1C089,1110,res/animation/sprite/mx_chongwu_heiyan3.atlas.gz,3c53d7fc8e1fd8a8a244f0d3cb7eb875
6558295DD498439AF43C67B462F1BF89,229232,res/animation/sprite/mx_chongwu_heiyan3.json.gz,5bda6086257a2469ef25e674a4531bb4
5BE2357FD25A9BDD0376BAB293FB405F,74774,res/animation/sprite/mx_chongwu_heiyan3.pkm.gz,87ff8920c3eddd72a8b82044c2807e2e
CDAC94885748C3F15C6E3127AEF71F3D,49320,res/animation/sprite/mx_chongwu_heiyan3.pkm@alpha.gz,680b4347979e3731e2b4c1a0af8db8a9
414FF270AAE85AE7280DBEF4A4E8D32C,1229,res/animation/sprite/mx_chongwu_heiyan4.atlas.gz,5aed1e6c0fb1e51a12bbf7b3271eed1a
31E18F5C92FABA79DD3921ABA15C9BC9,164526,res/animation/sprite/mx_chongwu_heiyan4.json.gz,19355cbd20929d5539ce76298a2e9f82
0DF7B756C277C7F7CED20B4F25A6B6F1,92359,res/animation/sprite/mx_chongwu_heiyan4.pkm.gz,3812cd8da77909b047fdfe6986eb22af
B2D2209A418742680DD525B0FAEC053D,59287,res/animation/sprite/mx_chongwu_heiyan4.pkm@alpha.gz,04865d2fb168d789de139bf8d3a6bd70
3AA79D2E8BA23CC26EC19E2EFB49F197,945,res/animation/sprite/mx_chongwu_huawei.atlas.gz,c0af22e112dea86cc4eca6357a03aab4
B9B167B52FD47B114BEF7ACA411E6DB9,15926,res/animation/sprite/mx_chongwu_huawei.json.gz,b6151cb77da67d5ae43bfce8d6823476
6F17461890A522B0B0DCD7DB8EF547EE,26672,res/animation/sprite/mx_chongwu_huawei.pkm.gz,4d4512aec52c04d2d9c4f18612acaee7
69F640274E882E49A5D71659AAE997C0,16791,res/animation/sprite/mx_chongwu_huawei.pkm@alpha.gz,72d9808bb0a5432e59cfae67d9be553a
3EDAC4613D1E4BBA52BAD0AA36DE2C4D,1109,res/animation/sprite/mx_chongwu_jiabali.atlas.gz,31e2c6904327ef37247077ad6c58419c
D2CE023606F3017E3147BAC15FD5657C,319486,res/animation/sprite/mx_chongwu_jiabali.json.gz,83911d0d1b5e3bb05f97306aa8ee888f
1571FAD7D2DC63EFAFFAC5BD3366243F,85731,res/animation/sprite/mx_chongwu_jiabali.pkm.gz,cdf8ffa24b00275435ec817377a9e8ef
D73AB3A895D5C2FFFAC93AF10028206F,58601,res/animation/sprite/mx_chongwu_jiabali.pkm@alpha.gz,4280db7ef028edb68d8b5c23412aa335
70BEAEA4B8CCB5FB85DA9043A6C1FA57,792,res/animation/sprite/mx_chongwu_leidian.atlas.gz,6b043cc84ae48274fd5596f468eb01a4
7D7765CC069C7EE6CE6C865EF5785F0D,11204,res/animation/sprite/mx_chongwu_leidian.json.gz,c2c94835089f0c41956e0166a5672b7d
5B90C9AFA56D26CB22666365D2BF1697,25041,res/animation/sprite/mx_chongwu_leidian.pkm.gz,6c1e0bda552770d96510044e36d8b4b6
C1878ECE786B37072D1831152B8CF663,15867,res/animation/sprite/mx_chongwu_leidian.pkm@alpha.gz,39b4e247c91fb52ee21bd0bbcdcdefba
3934BCA26D1F2FCE5C45ABE86660BE1D,1350,res/animation/sprite/mx_chongwu_leiguangshenshi.atlas.gz,cf01f57986bfa9144c2d3fcf092ac923
2BD422E72EFFD6670F0B91C3FC0B5E31,17399,res/animation/sprite/mx_chongwu_leiguangshenshi.json.gz,144190b0ef90e81dddefac33899dd63e
8F1F6DB78C96EE9FC845CA64A3AC38B0,37699,res/animation/sprite/mx_chongwu_leiguangshenshi.pkm.gz,08d9233dc49f3f3198a9b0149cc64430
95F61ECFE464DBF69BFB238715C376B4,23440,res/animation/sprite/mx_chongwu_leiguangshenshi.pkm@alpha.gz,db86a1ceca26ab81b9ff0325d38760ce
4632D7232C928F271D4452EA0C9B3AB6,607,res/animation/sprite/mx_chongwu_oppo.atlas.gz,11d3029764a9950ee8f0038acab788b2
178E9E32B6266E3C2801CBD5A67B1365,14996,res/animation/sprite/mx_chongwu_oppo.json.gz,4d6e894dc6e9d98122398815c0d25387
6F32BD9499C65BE271B2DB809E49682C,7201,res/animation/sprite/mx_chongwu_oppo.pkm.gz,425afa6d3763dd52cefaa4e9ae00e2ab
69CA1FC7BD2066CF6D38F1090E117F04,4823,res/animation/sprite/mx_chongwu_oppo.pkm@alpha.gz,d930346875cddad575a43cd3919bbd91
ADDFABDCEB608C78577CBB57F2F006FE,1071,res/animation/sprite/mx_chongwu_ruiya.atlas.gz,63ae240db491cb95593439526381348e
5D94FB62B7FCD144C67C71DB6AC9FBCB,42155,res/animation/sprite/mx_chongwu_ruiya.json.gz,1e1b616026bba262e4a25ec599301186
FA6509944F29D262C619B58068E95024,23817,res/animation/sprite/mx_chongwu_ruiya.pkm.gz,a1f541374610da498900a34472553565
AC1F21DFC6F84C9A2C4C7C2448283CAD,11753,res/animation/sprite/mx_chongwu_ruiya.pkm@alpha.gz,d5d7b5c0c220a6a67dd2d170ba8f60cc
A2F876B70E4748E645362C910067FB16,1245,res/animation/sprite/mx_chongwu_shenbing.atlas.gz,dd3462b2d215a26e7f77fb393fd38ea0
9FFDE0D16135740D797A45835C2136F5,21804,res/animation/sprite/mx_chongwu_shenbing.json.gz,a8b7394eda7340bb821c0d67960dd716
C6E01690EE7585B350E9E2BDA9937BA5,33842,res/animation/sprite/mx_chongwu_shenbing.pkm.gz,4bf2cf826f572616a4707c00b9bd92bd
3A00E6B455A5C910DB3F7AD3B9FEEF43,22834,res/animation/sprite/mx_chongwu_shenbing.pkm@alpha.gz,759f8a52d63dc6e552a55004eafb1d20
9AA1264DAC644860C108E713BA71DD1B,769,res/animation/sprite/mx_chongwu_s_1.atlas.gz,0f558e85357cdc5306869e315908d6e7
F4C18BE32EEAAC92BD6AA70C82F3FAC8,16666,res/animation/sprite/mx_chongwu_s_1.json.gz,e891b3eb1a35a9d90289f9099fcc743e
722A546D096C220CA3FFA46E935592E6,31564,res/animation/sprite/mx_chongwu_s_1.pkm.gz,9cf126287bcacaed8d1654ec01fac440
4E5E6C89ADB939D2E687860016CF8CDF,22348,res/animation/sprite/mx_chongwu_s_1.pkm@alpha.gz,4dde926f8e9b38664ee6bae57e707646
5DCC9FB82F01DE4AF15556F16CB068F8,1043,res/animation/sprite/mx_chongwu_s_2.atlas.gz,a619594cafcfee6ec9bd20ad9f284408
7D952692FD1AE2DACEA97F78515F0291,21613,res/animation/sprite/mx_chongwu_s_2.json.gz,5e42b2c61614a97224782dcf7bba6fac
4B667B4A800D5E0ED5ECF4AA536EACE0,22222,res/animation/sprite/mx_chongwu_s_2.pkm.gz,2b575f58508067eb19351db34e12401b
57A72D746C188DAF3454256D10ED8568,18366,res/animation/sprite/mx_chongwu_s_2.pkm@alpha.gz,f0258c60862dcdf203c2223017fc5c69
AEF9785410D1667977F45EC4C1CAA3A2,840,res/animation/sprite/mx_chongwu_s_4.atlas.gz,a11fd18089fb3d54cc9e36456a74f19d
33493C2D0848DD6A3154387833775905,16830,res/animation/sprite/mx_chongwu_s_4.json.gz,6355355e320ed250e46537247b5ae311
04DDCBDD37C3115B3F7D34BF25507155,21477,res/animation/sprite/mx_chongwu_s_4.pkm.gz,27e253863a85d4cd4136aa02cd41382e
050FAC1DAD4E377F22FB35AEEE590473,11380,res/animation/sprite/mx_chongwu_s_4.pkm@alpha.gz,cbf3457c18bdecc03df74c06a3c23ce6
7375FB30C9C3812507EEA53923459A7E,947,res/animation/sprite/mx_chongwu_s_5.atlas.gz,4257f48c7ff483c966e660b40a9bd957
778298EDF17130A3A65AEFB36BD87CAC,21636,res/animation/sprite/mx_chongwu_s_5.json.gz,a776e2852d6ddbbcd60f9a653bd8839a
F71198CB09F52912DB2CA38E81BD408D,25446,res/animation/sprite/mx_chongwu_s_5.pkm.gz,e4e4d425a711de293132afc8ed9df031
C585C7005EB2A849CE9743593FBF9BB8,14120,res/animation/sprite/mx_chongwu_s_5.pkm@alpha.gz,58bf59ec124d012ed76d8ebb59ef1097
28CF9704C7884673068560776A01AE0F,747,res/animation/sprite/mx_chongwu_taishan.atlas.gz,7b6fdbe108512b28cdcdbe301918e7b3
E010F4FA7A06C5BE7816B2DA1A79B974,26328,res/animation/sprite/mx_chongwu_taishan.json.gz,ed46e37627c0596c4ba831b53dcadfe7
1A6DFD7E90A02AF5367C94E29CD7DF3F,71584,res/animation/sprite/mx_chongwu_taishan.pkm.gz,619688a47cb7cc2e0b38e2562812b868
91258FE9620BD92E16DD26D26E053980,27307,res/animation/sprite/mx_chongwu_taishan.pkm@alpha.gz,b7184c0600ebde9799c53fe72b0bc8e6
6DA2AFF9A3242AC8D2B3B090D7E786F2,803,res/animation/sprite/mx_chongwu_taptap.atlas.gz,fe9e947788650d8cf0289580a08322c3
F568E779F615AC568C7DA2FBCAFA7334,11625,res/animation/sprite/mx_chongwu_taptap.json.gz,6f3a37f479f06fc4c6520543332408cf
4CFE714BBBE13703630F34685BAD13EA,16855,res/animation/sprite/mx_chongwu_taptap.pkm.gz,9ad0c605011c6b90347de741fa6af7c1
648F47B883FAB93B129B15CF690EAA06,10074,res/animation/sprite/mx_chongwu_taptap.pkm@alpha.gz,34e328e49c98bb8b2748af4012ed13f3
DB167F769FC562BF5AC10710DE3D9F00,991,res/animation/sprite/mx_chongwu_temisi.atlas.gz,ae43d9f112794ebf1e08e04032a6bd7f
3715D4BBE754A1ACE409EE8CFCA24EC8,59400,res/animation/sprite/mx_chongwu_temisi.json.gz,023e70d903c0d81b4390ee90cab33899
0011DEF3BCC8F265C7E5CBBAD03BC981,27171,res/animation/sprite/mx_chongwu_temisi.pkm.gz,978e9f362cbc01606d8998daabdfa9b1
B7D068E76D15419DDE06795F82792D7C,13083,res/animation/sprite/mx_chongwu_temisi.pkm@alpha.gz,36cb01ac943a78a2bca1c3e44af09b0d
F6B8F0F6238FD847CAA9C95CA502E690,972,res/animation/sprite/mx_chongwu_tuzi.atlas.gz,e30b9a17caadc95006bb0c4e811630fc
CB462C3E0BCF09B970151929E3EF61FC,29028,res/animation/sprite/mx_chongwu_tuzi.json.gz,a03068674f08543fe2d4cada877d5db0
A9211BECC8728A016EBFD4E6FECDB0A8,27384,res/animation/sprite/mx_chongwu_tuzi.pkm.gz,5f202ed38f53f29d100397f850a7b049
6555E721B242039FE891D94FAF72244F,14849,res/animation/sprite/mx_chongwu_tuzi.pkm@alpha.gz,4a99c37e98d30610b5da19bbab075159
9C10458A3A8DF78585E00BD87348CD4D,626,res/animation/sprite/mx_chongwu_vivo.atlas.gz,9460f3d9f27be813a645ed6577f96705
9A25BE988C48CBEDFF9C8CFC09DBAE0D,19896,res/animation/sprite/mx_chongwu_vivo.json.gz,8670351bf7012e76432bae5b6bbcba1f
D51646732437B0E83B56783B9EB8508E,10267,res/animation/sprite/mx_chongwu_vivo.pkm.gz,c5f6e61ce895486cf175533f05e8c24f
D54FE68B69BE2D2743F3A8649F94B092,5016,res/animation/sprite/mx_chongwu_vivo.pkm@alpha.gz,06b04d9b8e4dd298a4e1786379300540
3FC46166F3945B3D95892C67281E0389,904,res/animation/sprite/mx_chongwu_wangyimumu.atlas.gz,b331a3f5e2e2474d64bc10a7bb00c50d
5CEA2D55C017CD412DF062CD81CDA256,26445,res/animation/sprite/mx_chongwu_wangyimumu.json.gz,55c6e798dd1e71ce991f139a49d331a8
39F49C069D6FB61BED0EF314171EA9ED,41736,res/animation/sprite/mx_chongwu_wangyimumu.pkm.gz,f1f78d4f318c61bd851182a911d32978
96D4226006E86B36B47838F607E971C7,19304,res/animation/sprite/mx_chongwu_wangyimumu.pkm@alpha.gz,0853415597faa059bf8b87da367a1155
E0725040CCED4D9B6A98799DC08DC455,808,res/animation/sprite/mx_chongwu_xianqu.atlas.gz,cda7900cf3d303212eea58f013ff17bd
88CC14A3F4DE2F9B9DF5E6516E01F4B1,36383,res/animation/sprite/mx_chongwu_xianqu.json.gz,a6761517c6420cf27271578f9ee985ba
BC1C2C0BB599A58A185E39D49F5489FC,51004,res/animation/sprite/mx_chongwu_xianqu.pkm.gz,4c39646f7744f71cb3cf58f3fbe2cfb6
26AA29FAD5AB85B394CBC5910F00E85B,25272,res/animation/sprite/mx_chongwu_xianqu.pkm@alpha.gz,51bf8e0dd3439a0092dc51998071b139
ED715981CEE0907ECFFB6F0FB1C866EA,887,res/animation/sprite/mx_chongwu_xiaomi.atlas.gz,8f614f6243ae4e2cca589b1c6ab19b1f
84C78B12B72B8866110DB6F07DD46CFC,16278,res/animation/sprite/mx_chongwu_xiaomi.json.gz,44b2669a15dc5f9d522070c48b58e3e9
69362E8E5DB30D9C26D8A08BCDBC7BBB,20683,res/animation/sprite/mx_chongwu_xiaomi.pkm.gz,14a0efc7a2174db8b758db3f6a9e843e
DAB575E5492D115AF3DA8A42AB0EDA55,10487,res/animation/sprite/mx_chongwu_xiaomi.pkm@alpha.gz,1edcf50d6d3033a71e6bbf65cda6874c
28963CFA60D2E958BE3876BFAEDE4E5A,1026,res/animation/sprite/mx_chongwu_xueyu.atlas.gz,af3289655e63f5c89d0647b846e6f228
E2D4559FF2A7331BD934EE028ADD0A00,32671,res/animation/sprite/mx_chongwu_xueyu.json.gz,23cd411780034ac325fb3b97dfde4d87
2E5637CA6FA013315FDED6D0C3B5EB0B,38072,res/animation/sprite/mx_chongwu_xueyu.pkm.gz,9ed412b9615d10fbffa75bb6010bb5a5
7F4ADE324C620292BFCC26EDE434CF4F,22540,res/animation/sprite/mx_chongwu_xueyu.pkm@alpha.gz,52aa8875df5c904ea33223b7e660e132
D5A77BC4690548100A68493B30A392B4,871,res/animation/sprite/mx_chongwu_xukongmonv.atlas.gz,a46fb805b39311e8219cbcb66eecd227
DA5E77E1D6238E534C4B656244E2D025,27169,res/animation/sprite/mx_chongwu_xukongmonv.json.gz,360a71ff566aa9ba03b82b5686d436e1
DDF0CF346A57DEEC4DA3B6AF81897530,18601,res/animation/sprite/mx_chongwu_xukongmonv.pkm.gz,5d55f04c21507ab402adf3a8496655de
78B17A9DB03A1A0AE54434140EF79CD3,11949,res/animation/sprite/mx_chongwu_xukongmonv.pkm@alpha.gz,bcdfdbcaaef48a6dacec260f3936f325
6BF53D0F6C6DBBF804BBCE3796C146B1,709,res/animation/sprite/mx_chongwu_yingyongbao.atlas.gz,db567c94f5729026a122a07c7ca776d0
A024DA84868D069119B12594499D4882,28074,res/animation/sprite/mx_chongwu_yingyongbao.json.gz,846e29895147c06509e9f47045ddd9eb
35E533BA948F5421C28FC76F7BC4FD98,13601,res/animation/sprite/mx_chongwu_yingyongbao.pkm.gz,c1a2cb8b275f537a696f51bdd9bb2291
9570BB7CE0823C1218B650F7FD45CD7F,7495,res/animation/sprite/mx_chongwu_yingyongbao.pkm@alpha.gz,4c24a00af2714fd313b4ec212af36f56
65FAC79CE3F77A7FFA494604B635B7D8,1055,res/animation/sprite/mx_chongwu_youna.atlas.gz,1069707bbe74106e7257b09b211a021c
A968D408DBC7A88C5EDC3A0D426CBB38,123526,res/animation/sprite/mx_chongwu_youna.json.gz,a2ed7d9e8ce369b45e7fd23fc29ce4c4
1956A9D12E4DD7F3E42B9417F4CD43D9,37006,res/animation/sprite/mx_chongwu_youna.pkm.gz,48a6dbfe3e3b73dd86d69fea66b2a09f
DA233DD90679217106324D7D8F69530D,15792,res/animation/sprite/mx_chongwu_youna.pkm@alpha.gz,df92df9dc1f830bd92e9ef58a4a3f619
4F967E3B1C2B792B5AA0BED1CFFE167B,985,res/animation/sprite/mx_chongwu_zhuying.atlas.gz,99a9ce42d89ae391c14e88f77b5150e6
B88E84E6608ABA90307D3F5FD2F0F479,10596,res/animation/sprite/mx_chongwu_zhuying.json.gz,67d5a9360be5b44839d4e182847718f0
241D3E9FF5533C5447CCB29024DC0473,17052,res/animation/sprite/mx_chongwu_zhuying.pkm.gz,aad69136f84f7c86b9d1a9ae93037fab
C136124DBBD45FC9E44A3796FDDB766B,16404,res/animation/sprite/mx_chongwu_zhuying.pkm@alpha.gz,e494ff1e32007b72362101b34991c556
2B094F73F5E9949AFC9A9800673C6AAF,385,res/animation/story/quanjing_cg.atlas.gz,3920bb437ef2b27ad0f264efac01397d
95E84B5BA3F6E3D824EA35A1D4237E1D,422,res/animation/story/quanjing_cg.json.gz,156cf34914571b6a3a1374e8166fa0e2
20BCE6BF236542089768B2779913B888,519565,res/animation/story/quanjing_cg.pkm.gz,d559e3e779bc59c412f288e0e26fd779
2B65D481D799F566372D4EBDA912BF71,72865,res/animation/story/quanjing_cg.pkm@alpha.gz,40f497fa893d66fcfe006717357d9639
59A0BD1EFAA46EF0DDE4F1871EC1F75F,204,res/animation/story/storycg_aiweir.atlas.gz,f35c278c3288cdfcbedf4e853fb8f048
C7A13CA6545951FA5FC89B235C4343B8,330,res/animation/story/storycg_aiweir.json.gz,0e8615781c05dac6ec8c2a5910ac475a
0658CDA168DFEE6A48DDEB049163D564,264010,res/animation/story/storycg_aiweir.pkm.gz,0428c9e1c0954fc13943cbea77dd66f1
0AFCCA935052A6B97294D4ADB533A4DE,2192,res/animation/story/storycg_aiweir.pkm@alpha.gz,c6d8c6ef547ed2cedc3fbd6115f15174
7A48BCCB1EC1DA2A415F8AB33C128218,210,res/animation/story/storycg_chiyan.atlas.gz,f305e85ae06ec9c5144f3bffb8f71f2d
3A81E6D2AF917F2C9973D1032C81C3B2,262,res/animation/story/storycg_chiyan.json.gz,17c5954f3cc2869de06896ef8f734485
79011B1742813E631B9B31F490C32F83,971578,res/animation/story/storycg_chiyan.pkm.gz,43013c3957d12bb44d1f28f1aa47e126
ADBBE77BC5E3DEFE21E5D3AEB68B01F6,7306,res/animation/story/storycg_chiyan.pkm@alpha.gz,b2809b8d2a88d084563002db14b46136
A3E166F5628C254EC05B9ADAA4061922,644,res/animation/story/storycg_cisha.atlas.gz,e90c0843f4267a0c19b4a6f0f423a7b0
7DEE4D2940611CFDE0183A23797CE961,2533,res/animation/story/storycg_cisha.json.gz,ea513b10674d29435b4f4d720e83bede
9BE251B46778F77DAB22B245B6022E89,231007,res/animation/story/storycg_cisha.pkm.gz,20c1a89dbd2b71dbe94cbdcc03cbdaa6
2C2C7F342408E4F0DABAAB5CC81379DF,131424,res/animation/story/storycg_cisha.pkm@alpha.gz,b48887d0bf2ce73b2ec5f5acc1309fc7
56FB92719DA87DC0D1482B2FE5A69770,201,res/animation/story/storycg_daoke.atlas.gz,d471f87388bc49646a2f9b592e920c85
5259746D71DE75212724C07A4FD518A6,292,res/animation/story/storycg_daoke.json.gz,0b76e01922611bc6ebf4ec18ba1a2828
C99C18C55412A4D4A927FB07899E7412,168133,res/animation/story/storycg_daoke.pkm.gz,8a887726f2491514ad4563a9805c482e
E03EFDC82A818895959662585FF12C13,2192,res/animation/story/storycg_daoke.pkm@alpha.gz,c6d8c6ef547ed2cedc3fbd6115f15174
950147F65259F998CEAF2F0DD1B4DC5B,317,res/animation/story/storycg_daqiao.atlas.gz,10d9025f6715803711146f4f0f9e0272
612D533C412E9DC5731B7515D44B0344,891,res/animation/story/storycg_daqiao.json.gz,12e3703f0761572993046beb43cdcadc
A7F668BDCE8F3BA50651F8C38CA681E9,405589,res/animation/story/storycg_daqiao.pkm.gz,8a5f7d9bece34c9e97340a6d4139fb59
58D7FF8A0C5C126E2908E68467B56B10,29084,res/animation/story/storycg_daqiao.pkm@alpha.gz,0d86f2b1ed48bbca44375d7730ba612e
D1422882C4603B236500020999830CE1,265,res/animation/story/storycg_duiyi.atlas.gz,e05bc54b812b287781e00645e5eed7d8
2C40C9806410EFDF87A3A0F97E8F0CDD,318,res/animation/story/storycg_duiyi.json.gz,3565c61fef7147ebc8de74f3ac5244ec
7D964A4E22C3F0095B0AF2BD144ECC5D,806253,res/animation/story/storycg_duiyi.pkm.gz,f70198bfb8b689a58d6c8a2ac3ad5550
5E31C343B537CC6B3B3D970742E7934A,13909,res/animation/story/storycg_duiyi.pkm@alpha.gz,9870254be25e12d4746239ea1edd0133
1956010B9F03B23C7BFB90EDBAEB4ECE,416,res/animation/story/storycg_feixu.atlas.gz,b2ab7dbe7fe97042448f7a56d86540c8
7FEF1ADF6ADAAC902552CD0C25847F57,485,res/animation/story/storycg_feixu.json.gz,321637e3c1613a267c31d7228e1c4005
45E6E6673B0688CF2A0590E6EB4E6167,308948,res/animation/story/storycg_feixu.pkm.gz,42038b68f94c1a007d9b4ebe39080ab0
B3529A74D971402F4176F816042E9899,37835,res/animation/story/storycg_feixu.pkm@alpha.gz,948ae26be6e483d43256ac909002f67e
0E1E11C22704E0F0129B0442A32B1E97,212,res/animation/story/storycg_feixuduijue.atlas.gz,548d8a6e83c9dad210c6f6f678fe9e00
0E550361048AB9082E774F43A4485544,241,res/animation/story/storycg_feixuduijue.json.gz,7234ddb1dd400fc534f9542d7ae04189
99F71444AF0AC0AFC4EFBACD0C4F4A3E,511479,res/animation/story/storycg_feixuduijue.pkm.gz,77192cffc55c8d749045674eb2c9e80a
B9BA92C8D4C8463F91C5D95860855E71,13183,res/animation/story/storycg_feixuduijue.pkm@alpha.gz,7cab0997f55db6ebfdb2e974f0af25e5
95482798CBEBDB2ED6F7F9EFF6B9C6A0,386,res/animation/story/storycg_gaobie.atlas.gz,aec5130575cf0712576f65591e0e3ce2
7F856C6E3374430339945F69966304D5,538,res/animation/story/storycg_gaobie.json.gz,611aee90636e362615696e9e7aad89d9
E9155EF6FF7E883145A3B8BD4360ED2F,467691,res/animation/story/storycg_gaobie.pkm.gz,224711924108828ba5005e79bc1e5dd1
63178226D2A85ECED0F0D457FF552602,81486,res/animation/story/storycg_gaobie.pkm@alpha.gz,8a1da242edd68d1a169a22fdea23b870
FA19AB199869CFA0305A7709C48F6B2C,213,res/animation/story/storycg_gongyuan.atlas.gz,5732d46346e9b6020a94e45d6a9e008e
FD707393922C23749C86065D1E342553,274,res/animation/story/storycg_gongyuan.json.gz,ebb6c7bc51ba5b3fc601dd89340d6d4b
9574212B28A6F9EF9A7B077547C40663,289236,res/animation/story/storycg_gongyuan.pkm.gz,c089d3e9e29b3abb2a9674c72739602c
8E48A357D6942B70BB99845120517819,3708,res/animation/story/storycg_gongyuan.pkm@alpha.gz,5e372cee4c7d92d7c6f863085ea11bbd
9652E63927E25F8A885790DA32890A93,389,res/animation/story/storycg_haishangtongdao.atlas.gz,88aeba0b52d6269999f209f5d5cd2b2b
068805786591DD0F62AC6B658F35D6CC,2410,res/animation/story/storycg_haishangtongdao.json.gz,ba4fbf8fc24a2cfa368cc119b5dceb27
1ECF2D332DC89BD96B8AF19EFA8FC9C8,783609,res/animation/story/storycg_haishangtongdao.pkm.gz,e20a537cec22bc445d406efdc3bdcec4
CFA2672BD0C982CF31F70D8874808E46,25255,res/animation/story/storycg_haishangtongdao.pkm@alpha.gz,bebb1cba931975c0926bcb2eb6be19c7
5A7E93F4D1C9CE21136BA8E05EA11CCB,587,res/animation/story/storycg_heiyue.atlas.gz,ffc0c0f1e6a731f492b5a6ff7ba907f6
6956B072BD2CF0D7A105CC542A6B89BB,8810,res/animation/story/storycg_heiyue.json.gz,f2d8f875a6d57fdd80959954f11b4807
7EEE123D0052E887D74C6673F30034EF,642450,res/animation/story/storycg_heiyue.pkm.gz,3c360fcc93fa3d9648e74476f281b87f
719A2E286915CB63BB6D27B1AF54D3C2,139617,res/animation/story/storycg_heiyue.pkm@alpha.gz,3b897d3f807802f16b0a55cd759dba98
BA147AE2C7ED64D64251C1D6F3154828,219,res/animation/story/storycg_jianchashenti.atlas.gz,19511722cbf290b3612ec73f547d00a6
7862DDAF79A69263DD17433B6FF2F24D,241,res/animation/story/storycg_jianchashenti.json.gz,7234ddb1dd400fc534f9542d7ae04189
CA33948CA622CA5897822AFA79FE2C94,509137,res/animation/story/storycg_jianchashenti.pkm.gz,a299624499adb7e6b2706d2a8bf34bdd
17A68E996D99F3D361FA1C57E37E6AA2,13183,res/animation/story/storycg_jianchashenti.pkm@alpha.gz,7cab0997f55db6ebfdb2e974f0af25e5
77B2793C9115247D9CF1BC69C72447FE,215,res/animation/story/storycg_jianchashentiwuren.atlas.gz,cc21cf918aaa80fd73fe1352323563b8
B8E07B984B4D9D5563F3A73D0E764678,241,res/animation/story/storycg_jianchashentiwuren.json.gz,7234ddb1dd400fc534f9542d7ae04189
F41F554564E4DBF372041C5124E4298F,234471,res/animation/story/storycg_jianchashentiwuren.pkm.gz,df307e0d0dd7e1eff46a9090dfdc12e8
307A18787EC6A4CE73C5944E1EBF2737,3708,res/animation/story/storycg_jianchashentiwuren.pkm@alpha.gz,5e372cee4c7d92d7c6f863085ea11bbd
30128E559DB07358A7411C9D47E59290,216,res/animation/story/storycg_jiankongshi.atlas.gz,3b52babbb001efd3ec790e90d9fcef26
5C3A85D882804F9205D949DBCCF10D77,241,res/animation/story/storycg_jiankongshi.json.gz,7234ddb1dd400fc534f9542d7ae04189
D2CCDCD89EF2007BD729F37D6D3736DB,700167,res/animation/story/storycg_jiankongshi.pkm.gz,a2d3658159d9786e9b7f8d27e4a87bb8
500ED85D7CE84138C01AF805D3699ABE,13183,res/animation/story/storycg_jiankongshi.pkm@alpha.gz,7cab0997f55db6ebfdb2e974f0af25e5
D0B9183FB574EAB2A321D7D83DC59128,206,res/animation/story/storycg_kaichang.atlas.gz,8754130ecbbcb3a6f65df1902fe891d2
72A0DA3A1CDCD8B74EB4F002E4F5A41D,329,res/animation/story/storycg_kaichang.json.gz,756331f7c2e0bbc3919be1d58e0cf452
1955FAF0FCF9C0C83D05367D04B610BB,675373,res/animation/story/storycg_kaichang.pkm.gz,c0149ff1ce8958dc82cdee7d90ff0e30
DDEAC0FD08985CC7BBDCBA85533E3261,4031,res/animation/story/storycg_kaichang.pkm@alpha.gz,04e633bb7fe95df3d499d62d1a63c02a
566AACE7E9BACFCB176636BF41D64212,612,res/animation/story/storycg_lian.atlas.gz,79de03a001694eaa2828343deaadd0a8
EA5C83475B961F64EA10359C8FD35BC3,2617,res/animation/story/storycg_lian.json.gz,f05e22f1bcf202c67dbc532829d9da4a
0B74AA47228E774BAF81C8DFDC47EC05,916791,res/animation/story/storycg_lian.pkm.gz,5eb9e1c0f04c268aa6a7c126e210f867
20EDE82E1B743270BCB59F6DC9F22A12,258615,res/animation/story/storycg_lian.pkm@alpha.gz,19509aaf3a122eda28e82a8192537635
AF4D0188D5BF16EB9800B572450A25E0,212,res/animation/story/storycg_nvhuangxinglai.atlas.gz,136784eec0b4fb94f8bd6bf49a47e25b
BB6CB2209A94321494662DCD27DD8F58,241,res/animation/story/storycg_nvhuangxinglai.json.gz,7234ddb1dd400fc534f9542d7ae04189
E71D0A9D7DA2497169CB108E231B2BD9,490689,res/animation/story/storycg_nvhuangxinglai.pkm.gz,759e8b5700d5dda391578edfce6c037f
B4B8FE894C7561936FA859CCFC92009B,13183,res/animation/story/storycg_nvhuangxinglai.pkm@alpha.gz,7cab0997f55db6ebfdb2e974f0af25e5
CCDA773F74BB8564AAD31C46D512FE07,431,res/animation/story/storycg_ranshaojiequ.atlas.gz,8016b2f1d08a9319dd855452b630b16a
C296403F0D1D30A91A8301A81DDD3B90,645,res/animation/story/storycg_ranshaojiequ.json.gz,fb74813bfe2009f2ebf02c3d2dfbe56c
14BC93AD11A482C866F199D249043B2D,422891,res/animation/story/storycg_ranshaojiequ.pkm.gz,9d3de1063bd8eacf3a517ef2688c2ee6
0BCD467F44C8AF39A12292D97E8BD395,33113,res/animation/story/storycg_ranshaojiequ.pkm@alpha.gz,b0d203beefa6db0a373f414484c0a7c2
C2EE7A8F5B5C3EE338B897D92A2B4BE1,206,res/animation/story/storycg_shaye.atlas.gz,baa41ce47f6859d2d07fa3dcefbb1108
36C995FD12FAB47C3F925E5A107BE6BF,224,res/animation/story/storycg_shaye.json.gz,271497ba4e78bc3d411439d68c3e7d73
90A7D140FF30FE33A29197E1CAE696BF,267865,res/animation/story/storycg_shaye.pkm.gz,6d675257d876a55933ff28ffc878ca98
06FC128CDD5210D765172B4E9E34ADD5,2192,res/animation/story/storycg_shaye.pkm@alpha.gz,c6d8c6ef547ed2cedc3fbd6115f15174
D091C6FA6994DF7CBAFD843F88F31CB2,217,res/animation/story/storycg_yeshenkaichang.atlas.gz,9a9f9d3d84b315c217adc4a2de6065b6
704F0F3155B9499D17F3F80DC3898E81,293,res/animation/story/storycg_yeshenkaichang.json.gz,40b0fc3c982b8b5f7a1993ebfc760110
8862E9ECA32AA3BABCD3737EE8583B93,552574,res/animation/story/storycg_yeshenkaichang.pkm.gz,a0fc66ce931e598dc04f239a02cdaaee
807D4F369A5E1EF4491BB31F1A813CD5,4031,res/animation/story/storycg_yeshenkaichang.pkm@alpha.gz,04e633bb7fe95df3d499d62d1a63c02a
53249029EA2B8B41E07F1174135EB9EB,204,res/animation/story/storycg_yeyuan.atlas.gz,769d4dffa3e594aa722c90e62c80ce34
4E39EF3FCA26CB7FF018CE62E1E9403F,251,res/animation/story/storycg_yeyuan.json.gz,7ef78188060ed9e94404ffc560f62e5e
E43876514DAABD95181315A783162C6A,243190,res/animation/story/storycg_yeyuan.pkm.gz,23cb889ed0583793a66c0941eb92d247
6CB7FDF7C03F8F627F55238C1AD648FD,2192,res/animation/story/storycg_yeyuan.pkm@alpha.gz,c6d8c6ef547ed2cedc3fbd6115f15174
DDE50F5F2A397FD753464BCDA9D65012,592,res/animation/story/storycg_yeyuanlian.atlas.gz,4fec81afea819c557b3e727c0ab4188f
853F6E688A062D9D77C73AD824FF7417,1486,res/animation/story/storycg_yeyuanlian.json.gz,72d5f43a6a9a032319bae8899f53552d
0E544DCD8B414F511865F526ECD8CA10,415245,res/animation/story/storycg_yeyuanlian.pkm.gz,bc484a1eaaa720c7908abeea98c3e1fa
4763543B7DAD28FBF49BADA55DC2CFE2,63028,res/animation/story/storycg_yeyuanlian.pkm@alpha.gz,8e41392f31fe5cd202b7f63c5bbd2dad
CD3C2C9AFB1E0E86D74BD6035D668EA2,278,res/animation/story/storycg_yingwang.atlas.gz,4c5fc8f1230719984717ffadea1c6726
9C26AB83552EA091775C87DAFA83C36A,540,res/animation/story/storycg_yingwang.json.gz,4785d6cf52718eb62e29e5d2634d43db
12564CEB0820321D0F03763DA3AA1DB3,838201,res/animation/story/storycg_yingwang.pkm.gz,48be0487ed6b6a4c9df99b7c879acc28
B282037DE7764C8FBB9500C9B311076C,31488,res/animation/story/storycg_yingwang.pkm@alpha.gz,f6e34692cdd255043408e87cf5a03be2
C9490028769B97663457ECD8A166C297,274,res/animation/story/storycg_zhiliao.atlas.gz,898a5044d5eb8b5bdafc8b37abfffdcf
81C213AFB4A97ED845AFE68AD24768AD,353,res/animation/story/storycg_zhiliao.json.gz,ace83889d37b6171e41ad507eb10a3b2
A634AE264B89516AEE369E985561472D,407561,res/animation/story/storycg_zhiliao.pkm.gz,4084972383e08ae6c6884120e85a23bd
793C81014DD4DC22F3CDEE25CB2B91FB,2458,res/animation/story/storycg_zhiliao.pkm@alpha.gz,b817c7a59c845a532f603be5f0782173
A372E847005E008BF8B23EEDB01C6FEB,326,res/animation/story/story_001.atlas.gz,038b1a7ef3b9c21424b02b7c6db68f9b
8F2AD72E74B253CEC886BF825F49F2AC,451,res/animation/story/story_001.json.gz,9610664ff533a522272d5e56d5cfa15b
3F967D0F2266EE3F8151C9FAE5D9D400,127853,res/animation/story/story_001.pkm.gz,d16bbfe51b6d0ede53292c18cd0dbbd6
B814515AAB8211D47F1B530444851F2B,4368,res/animation/story/story_001.pkm@alpha.gz,09e0bcba086d2a89029c654c3542a47f
1007EAC1A9A079DDB8216416E5D880B2,554,res/animation/story/story_002.atlas.gz,0dc2f70c41c1f4a972b69be8b9e2deab
33C4B9D0C9E91FF7C4AE8C7F7BDF62BB,2774,res/animation/story/story_002.json.gz,746a4554aac385540e0514be54618e65
C2271571CB2F06E68BCA33A96E9773E4,318305,res/animation/story/story_002.pkm.gz,3ebf6378dd90b518fa48b4a46fbd8089
FB56E6B3085AEC4C9301A890DACDD4B3,54685,res/animation/story/story_002.pkm@alpha.gz,b153092133f6b1419ffeda42fce294a4
38CA87BF203F65423D45163394929F32,275,res/animation/story/story_003.atlas.gz,55ef420c1307a0cceca96f0dea549dc1
438D4CDB4D3974AE38C18FAF5975B2A7,234,res/animation/story/story_003.json.gz,19a57ad1ac4434bffefad873a3957243
4C801EFAD021555781CF95462F1F9AD9,150395,res/animation/story/story_003.pkm.gz,f32b39012e11bce9e1effcd9a4e483e3
D169278EE1F1C656EFA01569E2CED434,2330,res/animation/story/story_003.pkm@alpha.gz,6f9bab858c1ae6f662187a2f8265bbbb
FF2A479C582C31D3C8F5A7C52A3A6250,275,res/animation/story/story_005.atlas.gz,f9512e9c86a89652cfa124312c428aa0
4E843390C2CFF417D86184D0FBDE9345,239,res/animation/story/story_005.json.gz,f3196bf775f730372c8d04df3170a4b9
443BD9CB5A48C96DDD0E90CE63AD0AD3,162031,res/animation/story/story_005.pkm.gz,755e11deca4429ac01b12a4824b6c385
A2EEE66CB8656F8FAE27104E9D1E472C,2283,res/animation/story/story_005.pkm@alpha.gz,8fecc37b775f6cea101e9ef19870b590
51FF2FF35FBAC56A3F36F00BD9BC3B75,275,res/animation/story/story_007.atlas.gz,5692456352e7c7873c11358035deab7f
89854F013A3293F0106A38FEC946D7F8,214,res/animation/story/story_007.json.gz,ced2fd6a73046f6b6c2ca709d4277618
E05477D2ED04070B737FBB184D08E605,171169,res/animation/story/story_007.pkm.gz,b2037cf686300848f23b5520548f2efb
05568CA05DC849F2AB8E39EF1B27C2BD,2283,res/animation/story/story_007.pkm@alpha.gz,8fecc37b775f6cea101e9ef19870b590
4B774135903DD60650070E88AACDC71A,275,res/animation/story/story_008.atlas.gz,477fc823fa25631cc3595c4775b30b48
3E2A01A5F48A0FFBDFF356F08E122D11,218,res/animation/story/story_008.json.gz,87403dc1e8117f9eaf15df2ddb3c3feb
BBF4A854A8EE6D769338B1D5CD6F4F6E,148066,res/animation/story/story_008.pkm.gz,23d13edaca12815a06b0567fc74d9e9c
38B8EFB6DB6E460C71A96187DA436285,2283,res/animation/story/story_008.pkm@alpha.gz,8fecc37b775f6cea101e9ef19870b590
289108C16F5B25DB7C0F81B8DB3F3BC9,275,res/animation/story/story_009.atlas.gz,88a7988eb748edf2fbb4bbcad4fe02dc
8434901F8902D1B0B9D96C2D8B817DA1,249,res/animation/story/story_009.json.gz,733533fe6f40db77bc4b26b36696500b
F902F0105916297D72BAEC1382F62F6F,129187,res/animation/story/story_009.pkm.gz,b4b7b07c885c29a99193a3923cd1aa2e
DCC833DCC6F55455F36832673A9A246E,2283,res/animation/story/story_009.pkm@alpha.gz,8fecc37b775f6cea101e9ef19870b590
AC4BFAB7AFB862AF68633842F4B7CB76,235,res/animation/story/story_010.atlas.gz,7bbe14e9fb120f41c33a1793135d6dd8
9D48C39C04890ABBDB8C168936503D34,226,res/animation/story/story_010.json.gz,4c775cbfa3592d0fc1ed1fc87e8aee37
B68C6EBC562A3773AA0DBFD18027BE6E,361455,res/animation/story/story_010.pkm.gz,8b29320f967b1c2609843d3a282990d3
592439A22F1C0E7EADDB453CF5490B3F,4145,res/animation/story/story_010.pkm@alpha.gz,76fc392adfa514dc7c705bc525238422
A72E37E342AA3F0AE8CA44DBCA283994,646,res/animation/story/story_011.atlas.gz,13919fc2592c1d164a94e04ddb12327c
356876C1AEFC64B3AC07144D3538CDBA,871,res/animation/story/story_011.json.gz,2d8965459cef68ed23f0ef40ca040160
22F2C948F748D3A5133E09933204E36E,180512,res/animation/story/story_011.pkm.gz,a6eec8f340a9e2fdec7cfc730dcc21c4
F48F9A341B4331EB9F204A90DA3B1C69,41080,res/animation/story/story_011.pkm@alpha.gz,94c59ec4d25c6f54695594e9a660bc98
AB6BC75E1E4055EE3208A0481B05BE45,311,res/animation/story/story_013.atlas.gz,c59b21cab92b3ee60b82de14e7ad678c
9D1E8028363E9F20BCB7175C249F580A,302,res/animation/story/story_013.json.gz,aef971bccf5e85abc5b938dde98f3dc8
5EC3B974DD925376DD4B89B9A670550C,327124,res/animation/story/story_013.pkm.gz,5b0b91754cb86666a80c616ca1596643
BA628B75D8BA5398830CD446D5C94E76,4076,res/animation/story/story_013.pkm@alpha.gz,36ce486ce6c89509c863deb0e6b3f650
C76DFEBC579F48DED76030635187FE23,370,res/animation/story/story_015.atlas.gz,0882c9b5f42d9ba11ee2f6f60d085c56
42F59149A4535D5E2038FA3BF41758CA,437,res/animation/story/story_015.json.gz,b6aca0f8c8fefbe90dd1c80f51498f92
D0DE20F486482257A576BC1D04404D4E,144914,res/animation/story/story_015.pkm.gz,28d6665fdbbf7a61faa22d60fae6a259
CE19968F11BC21D74687E747C4309D14,1546,res/animation/story/story_015.pkm@alpha.gz,3456d8f786c754040112b861d22b9b5d
4290AA2C76471E76BD43F843AAB5E8B6,275,res/animation/story/story_016.atlas.gz,683f0b36a7676a3f0dc48a8771daed8e
D97185986DA4A5C2071BD2B4C23811CF,219,res/animation/story/story_016.json.gz,5ea5a3885bc0d160c1c625746a93204b
9FDA8B4AC408CC01575F26BDF02C251E,148844,res/animation/story/story_016.pkm.gz,d6274dfc2bb6904d57d9df31a3d17adf
E94832CA30CEFDCFB5CE3490AD6AF439,2283,res/animation/story/story_016.pkm@alpha.gz,8fecc37b775f6cea101e9ef19870b590
27DBEA31A3745547710975227528AB08,274,res/animation/story/story_017.atlas.gz,41bbf99021337bdedc8da939b6caf035
3A6523589B3773C40457FE2ADAB0C27C,284,res/animation/story/story_017.json.gz,07417a4f2cfddf2c27e2c8363d706c73
701A58CD4EED081FC9EDF43B6498B3F1,57602,res/animation/story/story_017.pkm.gz,bac133a952afcce45a0ec9bbb254310a
EAC52929B5BA1E029BD326218FE75F0F,1259,res/animation/story/story_017.pkm@alpha.gz,be40c0d5dc3dd942cebde9e70b9fcffc
CD208F3523BCF36190B89BA2E6A5A0BB,432,res/animation/story/story_018.atlas.gz,c07d6104dcd5a3be1cea7cdd8f49a78a
857A2A7E16DF90DEB7B00B2B5E24DFB4,503,res/animation/story/story_018.json.gz,14ad691436add318e3d5872cddb2a35e
8EA0BCA06791549B7F8339DBEDD58DAE,27728,res/animation/story/story_018.pkm.gz,956fffc281afb37932f61fa131f45b9f
248BB1D53F54A13C8EB76ED10F088064,14352,res/animation/story/story_018.pkm@alpha.gz,b4bf0d1aa82abf69e7e51d9966a95993
2D1FE274F68655D761F2C48408BFD19A,281,res/animation/story/story_019.atlas.gz,e044c3c1ac439dcfb07527a0e55393a3
43B2E207F1A062FC610B3916740589CD,226,res/animation/story/story_019.json.gz,b511e29ae60df5cfdde2461e4f379b5f
0B371AA908E1C3083CD6EA9416B7806E,205008,res/animation/story/story_019.pkm.gz,8801a142815d76241894a96e0eb5a471
09B94FC8C30AC7BED3CC74C4256201C4,3797,res/animation/story/story_019.pkm@alpha.gz,552f85c05fa57fd6b87061f3fca1ca00
5B6359C08845124CC25BF8194C747811,282,res/animation/story/story_021.atlas.gz,96190734bba4fb35f4b3e29f8fe66a2d
E564726DF11B8DB3882700924053F8E5,235,res/animation/story/story_021.json.gz,bd0feb4be2dd06b1a11bd6588970cd7f
280E90447F3548A925E60506699D3E2F,119032,res/animation/story/story_021.pkm.gz,247ebdbb2db651e77177e219be275309
1C2F61309040EF2A5D63CC24FD1AE9C7,3797,res/animation/story/story_021.pkm@alpha.gz,552f85c05fa57fd6b87061f3fca1ca00
BC69A3E6699CFC5B09AA9144AF1DFD3F,600,res/animation/story/story_023.atlas.gz,bb844ec3dbf7bd5ddd427ee43af4a1ef
D520D248829E76EDEA7FB854036D5066,968,res/animation/story/story_023.json.gz,135b506e45bc162dd3f0c9ddcc3ab8b9
89B9CE3F80576461C6B3BA60980ACEF0,3123900,res/animation/story/story_023.pkm.gz,deeafe19fcec5173d2b5e713159d253d
A2A284DADBE6D440AC382BC8A355F0EE,362337,res/animation/story/story_023.pkm@alpha.gz,c9a4051a895482a74637e23e68ca19ec
F720D77E8CF4F55D9EA73F49695C0437,552791,res/animation/story/story_0232.pkm.gz,2fa8c3ee8c79f3547b69d96d043a2572
01AE8718ACFA5DB82DDA599652EE1CDB,75954,res/animation/story/story_0232.pkm@alpha.gz,0db25836cbf88caa9470057844237b09
D4994B643FFC64460E97CFE1184ACC04,492,res/animation/story/story_033.atlas.gz,dcfb44d26e6915326771c49393783e58
5232C912F74AA060FB54B4AB1FF49AFF,1486,res/animation/story/story_033.json.gz,cbdafaeacf0e9b0be5991e95d65baf8a
4F26AEB52BC5791BDD9B37848503D5E6,319268,res/animation/story/story_033.pkm.gz,5ba4238f47f316c75a8d733e0d5620a7
99270F4DCDBBB34A35CD487698D972F4,18832,res/animation/story/story_033.pkm@alpha.gz,29eeec66f26d1dbe2403afe359aa8c6b
05177BF0FD0ED84C3BE19971D6ACB4D8,660,res/animation/story/story_034.atlas.gz,e54ad43a7e053f005b8fe4029abcbffe
8B949370CD4A2025A8473B77537CB5BA,3829,res/animation/story/story_034.json.gz,b735eee4b1092eb1a8fa1a539b2f0375
892D7E7C6CFB68F8563AC07925E72DC6,383826,res/animation/story/story_034.pkm.gz,3e4c784552c63314b71ec74896779b06
12E3726C149B2C44E56B9DBA4643FC90,72467,res/animation/story/story_034.pkm@alpha.gz,4eaeb61b04a0faa27942c3e0195d2bf7
C3596D112B28892DE5F09639CA808C28,282,res/animation/story/story_035.atlas.gz,d7e734e01d27316f451a292b31c01881
C0EA78E5CD9F595180AB96135C958952,235,res/animation/story/story_035.json.gz,bd0feb4be2dd06b1a11bd6588970cd7f
493FF93A384123728C2D70F43819A9EB,151994,res/animation/story/story_035.pkm.gz,2fd27e83e89a9bdba0f2e49f538b00ba
B7E37BD7C5D7A45515376BB9742BBE97,3797,res/animation/story/story_035.pkm@alpha.gz,552f85c05fa57fd6b87061f3fca1ca00
F96D803639F4F52F0D0898447E7CECAC,288,res/animation/story/story_jiankongshiwuren.atlas.gz,76eac16b7a64155c389cfb6f3d61be62
B49DB8A267F980D0050BBB586814A9B0,226,res/animation/story/story_jiankongshiwuren.json.gz,b511e29ae60df5cfdde2461e4f379b5f
2403C07637D03A8464F72378B3B5758C,344064,res/animation/story/story_jiankongshiwuren.pkm.gz,7157b7535189f85bb701ad850f7dfa90
FF700A2BA7271A039B1D398C16681EE8,3797,res/animation/story/story_jiankongshiwuren.pkm@alpha.gz,552f85c05fa57fd6b87061f3fca1ca00
54A8708CAA50342C546FCD28E3D9FAD0,207,res/animation/story/story_tx_color.atlas.gz,0225dd6a952649d6247c940779f4cc97
BE85EC3239EEA325C1DFB66DF3548D31,248,res/animation/story/story_tx_color.json.gz,9816d097dae860d39fb26684c948ad5d
559651C52CA0DA2AF98F4A0A4D230191,256,res/animation/story/story_tx_color.pkm.gz,5418ece1d32ad0865c534dfaea53f8a2
6BBE4B03F86DAAD400B075307308C07D,256,res/animation/story/story_tx_color.pkm@alpha.gz,5418ece1d32ad0865c534dfaea53f8a2
55D0E39D6653C42F2AFCCC6395BB0F12,278,res/animation/story/stroycg_qiangke.atlas.gz,e525fcc2e7d48e54a522609289def86e
7D1974D03BFF722F8C422EBF4D276A09,354,res/animation/story/stroycg_qiangke.json.gz,06578842129b37824a45d4a587bfd775
EBB1EDF6735AC1349E61B2D9F3FD60F3,1249131,res/animation/story/stroycg_qiangke.pkm.gz,d83eb2b8ab49e9bdc2834a0e95b16e74
DF7F01B69A03F4F431BEABF50E5DCFE6,7437,res/animation/story/stroycg_qiangke.pkm@alpha.gz,e02aac5230515c997a89fdf796bf262a
C6D115A0CDEFF1B4C5F76D9A17798729,707,res/animation/ui/afy_7days/ui_tx_qirihuodong.atlas.gz,6f66d9418bb68c9a3429cb3b91b7c25c
D043E0D27873BF4E7FDFE39D051A4F71,634,res/animation/ui/afy_7days/ui_tx_qirihuodong.json.gz,91baed023738b8480c9d7354c248742e
B9AC5A519402C69C2993E0169E9B5799,53919,res/animation/ui/afy_7days/ui_tx_qirihuodong.pkm.gz,989f637724bca3609d1db9b99d69dfa9
F035089B1B6D1B243ECBD73687C2DE5F,32054,res/animation/ui/afy_7days/ui_tx_qirihuodong.pkm@alpha.gz,b65f9bb05fe40cfb87d068e35986192d
552A5BEFC6F324B84EA3051AF543CDF5,1776,res/animation/ui/afy_7dayslogin/tx_ui_qirihuodongchibangtexiao.atlas.gz,61fd1a646a7efe4fbdb7b5435cc11614
9D6A44A4543740C5F53338FF87D5AC25,3067,res/animation/ui/afy_7dayslogin/tx_ui_qirihuodongchibangtexiao.json.gz,e66bb547f57bf564d4ff0a00e7ef90b2
2C10E15C189FA8CB1A88E1BEE7E373D9,64977,res/animation/ui/afy_7dayslogin/tx_ui_qirihuodongchibangtexiao.pkm.gz,b06c6b765275a67ce8d59695ef7052da
A851A57613979D26054908D75C2756C2,46461,res/animation/ui/afy_7dayslogin/tx_ui_qirihuodongchibangtexiao.pkm@alpha.gz,40255952f80f145b55bed6c22c391d40
934F40F9ECC52BE046BE01E5A4D73785,750,res/animation/ui/afy_activitytrial/ui_tx_activitytrial_an.atlas.gz,12f55c18471deeca8559e996c0d14e70
5D68B76196EC0A422C74BD93EB21DCFA,441,res/animation/ui/afy_activitytrial/ui_tx_activitytrial_an.json.gz,beb30ca774dd60b5857503a217877c47
4F3B4D8BD3C43D146BFF95E8554F808B,31282,res/animation/ui/afy_activitytrial/ui_tx_activitytrial_an.pkm.gz,5358460015df92aeea2c1aeddd22a3e4
876779B77BA85AFE817966AAE834FA16,85813,res/animation/ui/afy_activitytrial/ui_tx_activitytrial_an.pkm@alpha.gz,b3dfe8ff4d9c0d8a35d862bdf8fc919c
705F1E89A74C30D6F80A4A9BC388205C,871,res/animation/ui/afy_activitytrial/ui_tx_activitytrial_bing.atlas.gz,a8fa7619d359a83583944a3bcb1861a6
BF2C2F4498B5879DD90DEB1EF4DE53C2,1115,res/animation/ui/afy_activitytrial/ui_tx_activitytrial_bing.json.gz,0b9a6eac4120643212940662e45a200f
DABBC53934121F8265ED136152B29684,117875,res/animation/ui/afy_activitytrial/ui_tx_activitytrial_bing.pkm.gz,3075594c8f2849c3b8904726fadc3abd
F5C84C60B6B2570260A92923415E437F,60944,res/animation/ui/afy_activitytrial/ui_tx_activitytrial_bing.pkm@alpha.gz,b20cd90a6c50a2117742e56c42527c56
9DCD8F1DD785E371D862DB44428F821C,1217,res/animation/ui/afy_activitytrial/ui_tx_activitytrial_gang.atlas.gz,6e00674aa6c08ec9bb35d0b96e5938ef
871D0837D6824B4A82DF7C10CF2621F9,1397,res/animation/ui/afy_activitytrial/ui_tx_activitytrial_gang.json.gz,868793669bb5ff72db3807a19690b1bc
4EF59BDF6C89308FF1123A764C79B8C7,24070,res/animation/ui/afy_activitytrial/ui_tx_activitytrial_gang.pkm.gz,517de5113583bfdb138c8ba0e9425ef6
99DB43B4A37A8FDE2778EE8033236A33,16657,res/animation/ui/afy_activitytrial/ui_tx_activitytrial_gang.pkm@alpha.gz,ca3848b81ccd38d51725462f3ab3e8eb
7A6F8EB3E5061152F4A327913395D56F,720,res/animation/ui/afy_activitytrial/ui_tx_activitytrial_guang.atlas.gz,eb9a37002c6a4c4958338982ffdc7081
63498BB678700E631C78D328DBA0713D,612,res/animation/ui/afy_activitytrial/ui_tx_activitytrial_guang.json.gz,95125fb101f4a83b9537464707bc00de
710D56FB7BD979749C72C8858E6BD76D,216998,res/animation/ui/afy_activitytrial/ui_tx_activitytrial_guang.pkm.gz,7df879e1f34d0dfdd4b687f0fbb3a111
53E9292FE0A8BDA9F0CF5F049132E62B,132253,res/animation/ui/afy_activitytrial/ui_tx_activitytrial_guang.pkm@alpha.gz,ff15ee104fdb31f1a0730870b74fcd23
20F840321747F4575535E1F8BF2CFE6C,712,res/animation/ui/afy_activitytrial/ui_tx_activitytrial_huo.atlas.gz,d90886a57bd30ff3d819065184d00005
3380F690FF732BC097A1277B6B98A032,451,res/animation/ui/afy_activitytrial/ui_tx_activitytrial_huo.json.gz,dc8a88e88387b810b6cbd517286494a1
B213916E004F6DBDFE26AAAB530B63DD,164161,res/animation/ui/afy_activitytrial/ui_tx_activitytrial_huo.pkm.gz,aa19cf1416e41e6025d20f3b82b23ccb
BF9E1D5D893E86F5ED0797E0AFB2CD4A,109230,res/animation/ui/afy_activitytrial/ui_tx_activitytrial_huo.pkm@alpha.gz,4f5c49a04d0569b2361dc40f90e3dae9
1A4FD160B4A56D48C9C4BBF56DF9469D,796,res/animation/ui/afy_activitytrial/ui_tx_activitytrial_wu.atlas.gz,113ed5069a5afb966c42586679f6afc9
8EDCBEF4B091F5D8F3D9357BB52C6F37,1209,res/animation/ui/afy_activitytrial/ui_tx_activitytrial_wu.json.gz,d8b1aa78aaa3614ad1a3eac76872070d
98EFDBAE5B52D659A14773FB77D27792,10722,res/animation/ui/afy_activitytrial/ui_tx_activitytrial_wu.pkm.gz,54890322f267787e4b1c9210a20a9b03
C0B8215B64ACDBF69D130AA4CB9E436A,7820,res/animation/ui/afy_activitytrial/ui_tx_activitytrial_wu.pkm@alpha.gz,0ac674f50c2a94b021aa20ec1dc6fe8e
19B4509898B53CCB04EA17836BB6447E,915,res/animation/ui/afy_activitytrial/ui_tx_activitytrial_yuan.atlas.gz,6449ad47af1114c1eb84ee9a39fe40e5
B44B0D9D89B50F57BFF9CE845E90B99F,957,res/animation/ui/afy_activitytrial/ui_tx_activitytrial_yuan.json.gz,5102dccc36c288382a1542ca7f495f55
C963DDA50B7E8206F37CCB7E9556DBE1,180748,res/animation/ui/afy_activitytrial/ui_tx_activitytrial_yuan.pkm.gz,2a2593ac7423fa160a038ab623b19a45
08C257A99842DB7E2A83B9DA69B8732B,123760,res/animation/ui/afy_activitytrial/ui_tx_activitytrial_yuan.pkm@alpha.gz,bed6a468f555ed2a1a6afc36004c5072
001ECE9240DF04F5DEBDAFA44986722A,1868,res/animation/ui/afy_activity_ailin/ui_ailin_choujiang.atlas.gz,44d3a51334560e0906e11ee898515dab
027A97A0FD3FCCADE98BC16575BA9EB2,31596,res/animation/ui/afy_activity_ailin/ui_ailin_choujiang.json.gz,ccab2569121d629266b9775af50bb562
7E63AF46EBD65054DF3A245279B4629D,445383,res/animation/ui/afy_activity_ailin/ui_ailin_choujiang.pkm.gz,f6db84f36d59e0a35b4d64799d84afd7
B38D085D055C3AF00A21111E68EE5992,274873,res/animation/ui/afy_activity_ailin/ui_ailin_choujiang.pkm@alpha.gz,3d29b0c8662cfc52b30d7d2de8b3b3d8
F127EAAB1D9698723A15C15498898C65,628,res/animation/ui/afy_activity_heiyan/mx_chongwu_hyhd1.atlas.gz,57e12ce1a544d99f0e7abcdf127bf6bf
7669A06E52C2A3971CF72F1CF89A290B,4936,res/animation/ui/afy_activity_heiyan/mx_chongwu_hyhd1.json.gz,459ed06096643636ba7f198ac635c1b4
8C971FCFBD6D1A92856855E3FBD9315F,30996,res/animation/ui/afy_activity_heiyan/mx_chongwu_hyhd1.pkm.gz,d8e8129aa7fbfc7ee5c4072a2d70b8f8
D63754EEB75B8E43C6DEA5940F5AA7B5,16705,res/animation/ui/afy_activity_heiyan/mx_chongwu_hyhd1.pkm@alpha.gz,1d5d44ed04f477a2db9044915862ecce
9BFB671C4E5C03ED3DAFE33F957BCC06,499,res/animation/ui/afy_activity_heiyan/mx_chongwu_hyhd2.atlas.gz,1532d56de3e267bcabb70159a33c6cfc
2BEE0558F0C2653636947C69018CF0B8,2961,res/animation/ui/afy_activity_heiyan/mx_chongwu_hyhd2.json.gz,ec7f0ba4de1d00ee30fc65ad79e7abc3
3F6BD30DAB4F20E0ECD593C2522604D0,21437,res/animation/ui/afy_activity_heiyan/mx_chongwu_hyhd2.pkm.gz,f0624d71df5e94be9ec759b877519af1
47327851C18E751B1913EA4F8ECEFC7B,7547,res/animation/ui/afy_activity_heiyan/mx_chongwu_hyhd2.pkm@alpha.gz,90ebce7caf317008387aac4eac33e03c
B7989C552F9E6783D76B8D0099875EF3,557,res/animation/ui/afy_activity_heiyan/mx_chongwu_hyhd3.atlas.gz,f7ec4b45b6f2577a71015360b26275d7
B68AF16AEA188178FD3E1C9C63B0DD22,4957,res/animation/ui/afy_activity_heiyan/mx_chongwu_hyhd3.json.gz,accaeae4623ec547d13ace57ee617c90
CD46BB72F65DB989D9B0F403C054CBD6,30678,res/animation/ui/afy_activity_heiyan/mx_chongwu_hyhd3.pkm.gz,dde1c9385a5b664f373beb55fa0d43ba
3F410A2E44EAB0F4ACB84B09B33DC72F,11491,res/animation/ui/afy_activity_heiyan/mx_chongwu_hyhd3.pkm@alpha.gz,3fd951774d0933b0ae3252b22a7fa2e2
7E7D4ADD97E4C9B4E60CB3C51441B407,698,res/animation/ui/afy_activity_heiyan/mx_chongwu_hyhd4.atlas.gz,3608cd0dfb5f909c5a9f54e8500d79c1
F9FE2C83A0805C14D86FB4663FB9B526,5099,res/animation/ui/afy_activity_heiyan/mx_chongwu_hyhd4.json.gz,af295103f571a6cae2f6a249ba211158
972B8BE9AD43DE290203CF5599DE2A78,42535,res/animation/ui/afy_activity_heiyan/mx_chongwu_hyhd4.pkm.gz,9e8def6aa19c98bd27a70d03b387547f
BCD33943FFBCD5696EB4A6B50DF4579B,18256,res/animation/ui/afy_activity_heiyan/mx_chongwu_hyhd4.pkm@alpha.gz,4932806183a8037aebf2a3c77e38e921
8ECF0EEE8A91D4E096E8BC3C4E9DBB77,694,res/animation/ui/afy_activity_heiyan/mx_chongwu_hyhd5.atlas.gz,74c80ff0d378ec5cb8cca4acdcb2b561
EE018059421EBE1C4C50FCF21C8F472E,5866,res/animation/ui/afy_activity_heiyan/mx_chongwu_hyhd5.json.gz,b0fd14990bb035a99e78e06c27f7d6a7
6E5040668DE73664E526A439AAE0FDC3,48191,res/animation/ui/afy_activity_heiyan/mx_chongwu_hyhd5.pkm.gz,d586f8d15e66e0c751beefe0b1eecb7d
44EF630C00C1332AF2F8A0A304AF6216,19087,res/animation/ui/afy_activity_heiyan/mx_chongwu_hyhd5.pkm@alpha.gz,e9f55cc19befc214593e285eefe6ee77
ACE88C8003CDAF827A90FBF9029FD4D6,1172,res/animation/ui/afy_activity_heiyan/ui_tx_heiyanchoujiang.atlas.gz,f949e9d9eb2e665fdc88c278ef097b2e
06130EF46D94638A2E13F5B37CFA9F63,2248,res/animation/ui/afy_activity_heiyan/ui_tx_heiyanchoujiang.json.gz,81e9902ed9179371c8245f51f47cba34
1E042D4F34B0DBB92C8A06A742ACA87C,422232,res/animation/ui/afy_activity_heiyan/ui_tx_heiyanchoujiang.pkm.gz,4592d92f2656e23c46468382b678497e
6C80B95215B335F0C388820613210D9E,152061,res/animation/ui/afy_activity_heiyan/ui_tx_heiyanchoujiang.pkm@alpha.gz,5248192dd27734b025edf9e9b6b8844e
A31C6ED21E84253634A152BF77D026B3,1173,res/animation/ui/afy_activity_heiyan/ui_tx_heiyanchoujiang1.atlas.gz,c8c0c006d5a275e76ec691b2b6841cb4
157E9D4A84275E1CB6F248975D4E5C76,2080,res/animation/ui/afy_activity_heiyan/ui_tx_heiyanchoujiang1.json.gz,3eb526d1dd0482fd9030638341de5ff1
97DB534EF2CF70EFBB646C1FB578EF15,134367,res/animation/ui/afy_activity_heiyan/ui_tx_heiyanchoujiang1.pkm.gz,7d1707bd992e2c45f06ca706572cec82
50542E8C7DAC34B62CFAA289B0F277D6,89442,res/animation/ui/afy_activity_heiyan/ui_tx_heiyanchoujiang1.pkm@alpha.gz,c150454267367241a72a99f7437e12af
78BBE0233C873B6760B2834ADD639EDB,1143,res/animation/ui/afy_activity_heiyan/ui_tx_heiyanjuqing.atlas.gz,a99431affb91d51f07d46e7a5ccb9b7f
4307E5CBC3C24BDB052EB66E23A90987,1173,res/animation/ui/afy_activity_heiyan/ui_tx_heiyanjuqing.json.gz,5e8db6cd04237a2b18e743070410d44c
2AE4585C4FBEC31060E980A7530218EA,196309,res/animation/ui/afy_activity_heiyan/ui_tx_heiyanjuqing.pkm.gz,a8d4bc78bc10aafd97a6babe1b690040
BA962210433650583CA4D3CD6900469C,140503,res/animation/ui/afy_activity_heiyan/ui_tx_heiyanjuqing.pkm@alpha.gz,042c7d489454971846a66bd8a0c90a35
CDBF0C9E7A1DE20F5CDD6AE9A44EC586,562,res/animation/ui/afy_activity_heiyan/ui_tx_heiyanzjm.atlas.gz,b4d8c91307a7aea7b9f7f3b0f9fce69c
F1017C238E2F1E62CA4F9E34FF29D714,302,res/animation/ui/afy_activity_heiyan/ui_tx_heiyanzjm.json.gz,9d449523c4bd71251e5bbf1e676b256b
EB3D2BDC18462787BC9D82C85C0E0402,895017,res/animation/ui/afy_activity_heiyan/ui_tx_heiyanzjm.pkm.gz,e4e50b3813173c5af2f3dd1212da3b73
D9BA8284A8FB1889FDF573AAE265B7FF,204004,res/animation/ui/afy_activity_heiyan/ui_tx_heiyanzjm.pkm@alpha.gz,a3b12af413259326b9b7204b19ee8da7
BDA6964D9C7A18B3793EF728D828951D,272,res/animation/ui/afy_activity_heiyan/ui_tx_jianglixiangzi.atlas.gz,e7435f758c34e8d70034ac5299803f14
21B69A9978C7B3D213670888573AF8E8,559,res/animation/ui/afy_activity_heiyan/ui_tx_jianglixiangzi.json.gz,51f966197d439f1ab691f9689e9d11d4
174F6389D02BA2DBB6AF1D9F5AA0B89C,3420,res/animation/ui/afy_activity_heiyan/ui_tx_jianglixiangzi.pkm.gz,d0ed44fe84e786617890f1d34365d294
F263EF1A6E419775751488710F2D11EC,3696,res/animation/ui/afy_activity_heiyan/ui_tx_jianglixiangzi.pkm@alpha.gz,6937ca6a638afb9493ebcf41bf0ba132
415171B7F1E523525669ADB3EDA89C32,638,res/animation/ui/afy_allstar/ui_tx_quanmingxing_xitong.atlas.gz,1e13fad5e70d15d17002ffae53685de6
6B759B77820B62B07047F686EEEC2626,805,res/animation/ui/afy_allstar/ui_tx_quanmingxing_xitong.json.gz,58a026b995f0dda65b448f24815cbc05
10FA226BB9A3B8B60CC6E7623FC2273E,11251,res/animation/ui/afy_allstar/ui_tx_quanmingxing_xitong.pkm.gz,d3398ba9614469a3d30c2ed15bcbf842
4BDBFA26F620E783B44AEE89B64029B4,5254,res/animation/ui/afy_allstar/ui_tx_quanmingxing_xitong.pkm@alpha.gz,0e519a3cff08d299971a15debbf452f7
D368708019F8CDF2ED9DD336E56F29AA,693,res/animation/ui/afy_arena/ui_tx_jingjichangzidongzhong.atlas.gz,79035f22aa8802c1aadc2c0e7cbd05bf
AA3A7782630AFE51591DF8F5A6EAC361,420,res/animation/ui/afy_arena/ui_tx_jingjichangzidongzhong.json.gz,838e4adf0dccbae22a59c8c92b4a1d01
7462146211CEE7F550ED0422FFB5F151,41123,res/animation/ui/afy_arena/ui_tx_jingjichangzidongzhong.pkm.gz,ef9438d956eb16a4f29acf885a0fb7a4
00E23AF0566E1339DA39F3058F8A88D9,29007,res/animation/ui/afy_arena/ui_tx_jingjichangzidongzhong.pkm@alpha.gz,40bd476b0de9ccd1b0bf7dea5cb0fd9f
2BEAA33FA27C791667B5A2E2153FDA09,1086,res/animation/ui/afy_artifactlottery/tx_ui_choukajiabaili.atlas.gz,e773405789254015e1eba7e70f6b0888
7F7F3A4DE57FE84592285E97DAF28105,1161,res/animation/ui/afy_artifactlottery/tx_ui_choukajiabaili.json.gz,b9616253e2ba00fc251f731c44d0cfdf
E4C33E94CDCE711D096471C81F863B3F,367086,res/animation/ui/afy_artifactlottery/tx_ui_choukajiabaili.pkm.gz,a90b5567230951af77769c16d93b5de9
1D22BEE8D110F128F24A571A1127490C,190765,res/animation/ui/afy_artifactlottery/tx_ui_choukajiabaili.pkm@alpha.gz,34a9706368fb2ebc6f152a8cc73fd25e
AA2B708E5E1233AA5C8A1F95DE1AE157,1839,res/animation/ui/afy_artifactlottery/ui_tx_choukafenlier.atlas.gz,af4c90f775ac18bcb2d40f24c3735bca
6EFFEE2F31E5471AF5685FB525E75938,5317,res/animation/ui/afy_artifactlottery/ui_tx_choukafenlier.json.gz,9d040450620b222a0e45a8f8ea4daabe
5956BEE7EA00411D8DF1B17BACA1D8E0,146622,res/animation/ui/afy_artifactlottery/ui_tx_choukafenlier.pkm.gz,19729db0a918732948654f24fe2b8c68
033415E055FE9CBEBE6FF780DF59DF7D,114022,res/animation/ui/afy_artifactlottery/ui_tx_choukafenlier.pkm@alpha.gz,c729ec3f71a98147923cc8f6227e7674
037A56B48AA83A143AE43A749C2DD5B3,2003,res/animation/ui/afy_artifactlottery/ui_tx_wuzhuangbijizhujiemian.atlas.gz,8f0841994955461b0f50e2911b819191
278BD2FD890F287A6B9EF5E794667C6D,2437,res/animation/ui/afy_artifactlottery/ui_tx_wuzhuangbijizhujiemian.json.gz,421323e52850f9c6a0cc2a9f4237c58a
7CB744CBD92B2258629E8A82E14900CE,656380,res/animation/ui/afy_artifactlottery/ui_tx_wuzhuangbijizhujiemian.pkm.gz,08d220399b9a26c78e47ceefefbb728a
628A52428807617720EB8F7A77BF9F0B,226411,res/animation/ui/afy_artifactlottery/ui_tx_wuzhuangbijizhujiemian.pkm@alpha.gz,b9e769028ccf7dc36ead4638f7381a25
A5CE4073EC968517B412059287E9CDEB,2974,res/animation/ui/afy_artifactlottery/ui_tx_wuzhuangbugei.atlas.gz,75f24ab1e7212ed2165cded26f792781
F695FE62396AD689C5CFB3C642286E9F,3936,res/animation/ui/afy_artifactlottery/ui_tx_wuzhuangbugei.json.gz,ce83df4f0fb2206c9a545397367e2c53
24C6B688385BCD755BD5269D7B7AECC8,485337,res/animation/ui/afy_artifactlottery/ui_tx_wuzhuangbugei.pkm.gz,b15c9a9e6f8f6361b0569b69fc4da2cf
D7F218FA7BC515A7BF1FD7226C1FB378,329073,res/animation/ui/afy_artifactlottery/ui_tx_wuzhuangbugei.pkm@alpha.gz,c0a0eebb02088779eeebd7eeeae9f7fc
949ABDA81DBCC516005CB19F412D83F3,960,res/animation/ui/afy_awakeroad/ui_tx_juexingzhilu_shenqidiban.atlas.gz,c752eee6b3c76a370d650e09300d8779
44AB65792AA2DA628DEB82B25AD06856,2396,res/animation/ui/afy_awakeroad/ui_tx_juexingzhilu_shenqidiban.json.gz,2702a688a4095f1db3cf1e2096271c9a
ED96C1AFFB8F60525C4B40D97513D2C5,438593,res/animation/ui/afy_awakeroad/ui_tx_juexingzhilu_shenqidiban.pkm.gz,4a8544fd6bdb771007a8476787f8b16a
43C6490CB27F604709B45BE185F33FED,439189,res/animation/ui/afy_awakeroad/ui_tx_juexingzhilu_shenqidiban.pkm@alpha.gz,1f8c428d6c33f6dfd6644dc8a61fc9ef
FE6A917201F16805FB06CBBC132DCDB4,585,res/animation/ui/afy_awakeroad/ui_tx_juexingzhilu_yingyuanjiemian.atlas.gz,f66add3f5a54ffaf3cf14ada5d824036
AE97BBBD169239D9DAD2B7E6C48CCC4C,1056,res/animation/ui/afy_awakeroad/ui_tx_juexingzhilu_yingyuanjiemian.json.gz,33bf258dcd23718f133c08788117b79d
6F8B34E919323B907A872682C5731E18,191299,res/animation/ui/afy_awakeroad/ui_tx_juexingzhilu_yingyuanjiemian.pkm.gz,e45b687afc6d84f1c24f292c00a1e809
C782602CA42E52A1EDCBB654B35EB6DD,137534,res/animation/ui/afy_awakeroad/ui_tx_juexingzhilu_yingyuanjiemian.pkm@alpha.gz,31543b6012328f5eb21178b6e419b346
6DA4E6BC70D49250776797F28F3DA286,517,res/animation/ui/afy_battlepass/ui_tx_tongxingzhengjiangli.atlas.gz,3d539a39ee865e45f0b3e1eff218362c
542F732D9D6FCAD6A0AC5DE2837FCF99,311,res/animation/ui/afy_battlepass/ui_tx_tongxingzhengjiangli.json.gz,f5921875ac7bc06cdde17156957295df
D52A6C3FF122395D130E03FA5AA35709,221325,res/animation/ui/afy_battlepass/ui_tx_tongxingzhengjiangli.pkm.gz,fddb2b265296c876954636718ded64e0
3FDFCE354FF62DF08A8D60C9FCED13BA,90411,res/animation/ui/afy_battlepass/ui_tx_tongxingzhengjiangli.pkm@alpha.gz,649fc539f52f8289a78ba24b49e907b3
7A1473A5E7FC42DD1772DFE8748F2304,273,res/animation/ui/afy_bossrush/tx_ui_guaiwuqiehuan.atlas.gz,bb7bdf58ab42c49f407caa12314d46ed
B61D10D86AD5997F93E5E94F3BDB1A12,2682,res/animation/ui/afy_bossrush/tx_ui_guaiwuqiehuan.json.gz,ba6dadb4addf805d265dd0e753cf6ffb
4975AD07FCE4F09BC201B95AC122B74C,928,res/animation/ui/afy_bossrush/tx_ui_guaiwuqiehuan.pkm.gz,568161154d350f7291a48eef6a927517
2D168AE2C4446BF93978F95E7A7F2255,953,res/animation/ui/afy_bossrush/tx_ui_guaiwuqiehuan.pkm@alpha.gz,65b9447fa62e2d933bf2c29195d6753b
5E23DDCD970124E7A40E23D3A777275F,588,res/animation/ui/afy_bossrush/tx_ui_guaizhouweiguanghuang.atlas.gz,86c50c4f2736503ff5375c74b941cc73
80DD91BD51C70A7ECF5A7C6204A558BF,1766,res/animation/ui/afy_bossrush/tx_ui_guaizhouweiguanghuang.json.gz,eaf57d0bda676ad4784445899207dcd7
8698168B6FA40F4D084886BCDEE51D3E,24810,res/animation/ui/afy_bossrush/tx_ui_guaizhouweiguanghuang.pkm.gz,920e8864b56666585ded683f4acff31f
ADD81D6E35662369478B098396DF3EBB,24381,res/animation/ui/afy_bossrush/tx_ui_guaizhouweiguanghuang.pkm@alpha.gz,774b590ee396c1259e70430ab75d71eb
9517DA39C631040FC4BA9E9A9ABC33EE,569,res/animation/ui/afy_bossrush/ui_tx_bossrushshuaxin.atlas.gz,8c45e241f5b91c156cc51f59f57f6962
39804141C5B972C6F687AC34C78C16FF,524,res/animation/ui/afy_bossrush/ui_tx_bossrushshuaxin.json.gz,2cdde08fdb1d363eefa81d0ca39aa204
D551B749168129ECFDA8DF024C1E8656,103671,res/animation/ui/afy_bossrush/ui_tx_bossrushshuaxin.pkm.gz,46e61b7b30b585aba74092e9a773c769
A1E49DE2D7BC4F34178053E3F479DA47,49275,res/animation/ui/afy_bossrush/ui_tx_bossrushshuaxin.pkm@alpha.gz,7f90020ff33c16bb6e3a94decc8bb94b
F5544114597C549488A0116E934EC7DF,265,res/animation/ui/afy_bourse/tx_ui_qieye.atlas.gz,feaa9ceb249a69222b823d28451e7a80
B4023D29CD23ECABC76BF97E931B407B,1320,res/animation/ui/afy_bourse/tx_ui_qieye.json.gz,f9d43bb0b193f9827b493d108c9f6896
2969EF7FAB848C2AA164C5F40E6B1686,1703,res/animation/ui/afy_bourse/tx_ui_qieye.pkm.gz,87c67c0d011c204091709add1a574970
DDF89BA50E3707309303E0D8E26316D8,1984,res/animation/ui/afy_bourse/tx_ui_qieye.pkm@alpha.gz,0600fe51c35ec13b06392de30dac3f6e
58AFD6EE47820D460E22130562EFDACA,1819,res/animation/ui/afy_cashcow/ui_tx_ciyuankuizeng.atlas.gz,7782c2a82117638fcb7765e5b7924258
D4F32908236E37E61FA55A95A25ED07E,11608,res/animation/ui/afy_cashcow/ui_tx_ciyuankuizeng.json.gz,f050d83a90f59f687e63d923645b90f8
BFD6306012D8EFE733E36A59CAEFA6A0,552263,res/animation/ui/afy_cashcow/ui_tx_ciyuankuizeng.pkm.gz,035624d80ee9508a544f4577b4b24376
271F6FCBBF80076F2EBFF73AFE206EC7,175996,res/animation/ui/afy_cashcow/ui_tx_ciyuankuizeng.pkm@alpha.gz,fcaabadbd238f5c6a1f509534bcae774
717AD4A32B0C7C4F00D3B6BD725F2A51,212,res/animation/ui/afy_changeprofession/tx_ui_zhuanzhixuanze.atlas.gz,1b7dc9a8d41b25d80a30e6afbf0afcdb
F64DF7D1A8BDA7E224367789BF717FCD,221,res/animation/ui/afy_changeprofession/tx_ui_zhuanzhixuanze.json.gz,939f335bc3916e09f0bb34c90f1a6a84
BA026398A48E87441231FFE24B3705F4,2534,res/animation/ui/afy_changeprofession/tx_ui_zhuanzhixuanze.pkm.gz,c3929076dab7c950a963bbf6373c018f
6AA7A2C3FF19A8C24112F590DD57B31A,4896,res/animation/ui/afy_changeprofession/tx_ui_zhuanzhixuanze.pkm@alpha.gz,55186d824eabf9825804c889d295131b
B4DAD91AE12C408E8D8ED2CD0802C7DA,805,res/animation/ui/afy_collegetask/ui_tx_xueyuanshilian.atlas.gz,f59463d3b27518822281bca32121c216
CABE1F20962E71FFE8761581AC3ABA89,1912,res/animation/ui/afy_collegetask/ui_tx_xueyuanshilian.json.gz,9170b400fc7f86e59405e8592acd153e
D2C4966A7622BB06BC127E5C887DE809,49618,res/animation/ui/afy_collegetask/ui_tx_xueyuanshilian.pkm.gz,7d310832f1e3a394823cceb84fd90fcb
C1D343A6583A2AF39CAF33B28DA8CC57,47401,res/animation/ui/afy_collegetask/ui_tx_xueyuanshilian.pkm@alpha.gz,a7a084adcd01feb0449857d9cdbf6bad
F81892F1D7B4E20BB105B3F752191668,1282,res/animation/ui/afy_common/anmiemoyi_lilimu.atlas.gz,87fdce58dfa834d62c957d15d9f8a721
6BFDC51E411524B21EEB148ED7ED8087,292054,res/animation/ui/afy_common/anmiemoyi_lilimu.json.gz,b2b22fb18928ebe431b5f50cf4c0b1c3
5F03FF565551985E7896BDDA355F2A8F,343308,res/animation/ui/afy_common/anmiemoyi_lilimu.pkm.gz,24aa2ff1f5e04abf00138378f6a49427
48698BDDC40197638CA99557E3F242C7,136652,res/animation/ui/afy_common/anmiemoyi_lilimu.pkm@alpha.gz,64ee4c3d0c30539d2cc9de41b6bed055
D0468446C5A84DC2103D2FC1991A8C69,1316,res/animation/ui/afy_common/anmiemoyi_ling.atlas.gz,806a9a3314d41facaaa187fce52a3593
929D2099FFA94E1EE319A6AC53383414,89971,res/animation/ui/afy_common/anmiemoyi_ling.json.gz,d2bf895b317dff7c383cf4f7269cf193
F77DEB02B2161EF117D192EF9BD5D75C,413376,res/animation/ui/afy_common/anmiemoyi_ling.pkm.gz,53cb2eb8ae5ef8052bc89f071d4f6a1d
305BEA20FA148655E2D9EE063A4FB74F,181832,res/animation/ui/afy_common/anmiemoyi_ling.pkm@alpha.gz,cae4b55855a3aeda4d2b398b53ae3392
5B844B41F6F4C647E1BE8D51CE9507CF,1399,res/animation/ui/afy_common/anmiemoyi_shenyue.atlas.gz,957524f609a8fe56221a55c71e7d782f
6C847B7513F5941825E0F86AC74F64B1,107902,res/animation/ui/afy_common/anmiemoyi_shenyue.json.gz,24faf46b9df4381bd3297e6c99ce4b40
47841261E264261F32098319577AD138,443057,res/animation/ui/afy_common/anmiemoyi_shenyue.pkm.gz,68403027cd2122f4146b7a49c92a996a
EC3BFE12381D9B87C239CBBE7F7D3BB9,202358,res/animation/ui/afy_common/anmiemoyi_shenyue.pkm@alpha.gz,4f549a0c97f0ea18dca7c7d178cba2d0
0B474B672E4A9587F812D05A67EE2AE0,998,res/animation/ui/afy_common/canglanhundun_lilimu.atlas.gz,9f45ab01a9a39a76b0053f1a3e7bd75f
9630E911AAEDF0FD695BB5B3AE34B71F,36524,res/animation/ui/afy_common/canglanhundun_lilimu.json.gz,9430a4805628b1dbd8809b3230395124
911FF92AB6AF05429168212496C5C762,606576,res/animation/ui/afy_common/canglanhundun_lilimu.pkm.gz,76bae611332ae2df9e4bb279b57d22cd
3B9D74A8440C2EE09407A9ECE2DF1B81,227604,res/animation/ui/afy_common/canglanhundun_lilimu.pkm@alpha.gz,b7ac166afd844a102ec6d2edfdc9cea5
9EAB0EC3D3457E37B1B01804BFC1E5AC,1362,res/animation/ui/afy_common/canglanhundun_ling.atlas.gz,83d4be87105dbca6b3ff3665840b24b5
363279AD8E8920C881F0475CAE50ACD9,74762,res/animation/ui/afy_common/canglanhundun_ling.json.gz,5d284b467742acb983dccda3d3f736ed
E583F8267B2659556D02F15F491BE105,591145,res/animation/ui/afy_common/canglanhundun_ling.pkm.gz,aa256a85442597120ce877db5bd05ed5
B20C5D1B5132D6B7BCCBCCD42A50C912,244008,res/animation/ui/afy_common/canglanhundun_ling.pkm@alpha.gz,8b6a225c55456725e3ac7dc7a3527e8d
B8180978F4AF775FCCA843B70D007752,1132,res/animation/ui/afy_common/canglanhundun_shenyue.atlas.gz,0f3f697610d6821b157067743e93e09b
5DA4ABE5FE7DDB810AF564A5EFF0476C,336181,res/animation/ui/afy_common/canglanhundun_shenyue.json.gz,3321e19a0ccbbb0915e972403ce31338
08862BEC2A6EF192BB73160DA5217BF2,681404,res/animation/ui/afy_common/canglanhundun_shenyue.pkm.gz,ede21dd619732e19f0f77c43ce264a92
003754B014D42FAB0A4E165E9E137483,284597,res/animation/ui/afy_common/canglanhundun_shenyue.pkm@alpha.gz,e8a46c67ba73d005d2227e9acb74a10a
09837F78A8F43A6E807670A712072887,1484,res/animation/ui/afy_common/lihui_bianyuhaike_lilimu.atlas.gz,2625f8f35cb23bc2184685ca80381f2e
58804CA82611C86F2BB0E5F74CD7BBB3,262193,res/animation/ui/afy_common/lihui_bianyuhaike_lilimu.json.gz,c912bdae14bb91ce7e2beb2e9a8e4182
DB95384A3F1E2428C8BA6E2FC37DB5BD,506706,res/animation/ui/afy_common/lihui_bianyuhaike_lilimu.pkm.gz,bb3deaf182b96fb1e3084a73ba18dfc1
285C152D4457F15CA8D37A1C19C4562B,238502,res/animation/ui/afy_common/lihui_bianyuhaike_lilimu.pkm@alpha.gz,886932bbe04bb6cc443e09bc2ccc3af6
741C889166C2AF447E9D8AB3C39E4942,1480,res/animation/ui/afy_common/lihui_bianyuhaike_ling.atlas.gz,fe5e4767813708ec14b7cb245e5b1ea2
35E9068D83D93176C4EEA371D7008EF5,175648,res/animation/ui/afy_common/lihui_bianyuhaike_ling.json.gz,7d00ab01172b7d3385202e357ee0fad7
43FCFE367087999C0BEC8FBA6E506A9E,366144,res/animation/ui/afy_common/lihui_bianyuhaike_ling.pkm.gz,e7743ca1743a080643cc0dc5fc8ccf3a
81041CF9203062C04F7B276682CBDEE0,104870,res/animation/ui/afy_common/lihui_bianyuhaike_ling.pkm@alpha.gz,8245b7804af9895fd6811de0ebc6ad21
2C1A8DBD0F12152A600BD5BCCDD0AA7F,974,res/animation/ui/afy_common/lihui_shenmijianshi.atlas.gz,71615ef82b35ccc1f5df50190b0812de
17789C8F1849E384307331E8C76164DC,30388,res/animation/ui/afy_common/lihui_shenmijianshi.json.gz,1a763e71e37aa5f8fe67dfc6a5aa7b54
D8D5B46BD89E9048E2F4F3E7E0E75FAA,314718,res/animation/ui/afy_common/lihui_shenmijianshi.pkm.gz,57f0a7001978561ebc6c2e39df49b9ac
99A242DBF68F918AEC9461CA047E8C9B,133355,res/animation/ui/afy_common/lihui_shenmijianshi.pkm@alpha.gz,a4682d5f6f22aca819b2e572615bb8a0
03A2883DDE00B4F4AE6393A5D9989021,1215,res/animation/ui/afy_common/mx_canglangdichen_lilimu.atlas.gz,0a740cb53c63bd0a6737e1943cb546ce
48FC9974FC7904D9B52B1F27CA0D19D9,142918,res/animation/ui/afy_common/mx_canglangdichen_lilimu.json.gz,779b12685c465308fcb2066757b8bf17
42AAC3976CDEA51FCAE49D2A8C7FEA2A,467259,res/animation/ui/afy_common/mx_canglangdichen_lilimu.pkm.gz,a5c40e6d727d90ac1b6b72731745ff6d
52BDC68C28CE6FF68C61792AC369A600,181348,res/animation/ui/afy_common/mx_canglangdichen_lilimu.pkm@alpha.gz,a549b429924f4cd577b2d353fceac1d1
03385AC1C9E06F13E37CF3F97D068D15,1056,res/animation/ui/afy_common/mx_canglangdichen_ling.atlas.gz,a87bfe1bf30c985afc13d80a1dc8a4cf
D5699F950FB676FBD9D668D593443B65,103342,res/animation/ui/afy_common/mx_canglangdichen_ling.json.gz,809d259918876aaf3ce0a57e819c0ecc
A379575C63691A352E4F4237BC28C786,413055,res/animation/ui/afy_common/mx_canglangdichen_ling.pkm.gz,76f205e70d0756868d3c80a5fdd3bfa7
2506462094E2E54950E84239CE73F719,141477,res/animation/ui/afy_common/mx_canglangdichen_ling.pkm@alpha.gz,61f0fbff514418f1aac6c55cb0088a9d
4D26D1493D1F2EFD831E50EF159BDBD3,964,res/animation/ui/afy_common/mx_canglangdichen_shenyue.atlas.gz,7fb89d46c27624e9ac13512e481b45ea
35789442C745A195A06ADFFB4153F67E,88810,res/animation/ui/afy_common/mx_canglangdichen_shenyue.json.gz,f2f4e558fbcd526151b0bae3de90cfd6
F6258E68EE60564249570BB07666AB73,209128,res/animation/ui/afy_common/mx_canglangdichen_shenyue.pkm.gz,e8b233fb601db00565acea2526353687
038CEE86542F4AC95F4725B49C7D22CA,72987,res/animation/ui/afy_common/mx_canglangdichen_shenyue.pkm@alpha.gz,7bb1548b5d4ed2d9d33965124d460265
E5F4E26AD19736A0661FF739964060FB,1244,res/animation/ui/afy_common/tx_juexingzhilu_yunyinghuodong.atlas.gz,ca4abb3023845e03db8264476751596f
6104E33206CC38D91D2792F1A0218682,2380,res/animation/ui/afy_common/tx_juexingzhilu_yunyinghuodong.json.gz,52c579b210befc9db30d7ef2b012a7ca
CB2B750B49DCBA3D0D4F14B423A8A46A,31644,res/animation/ui/afy_common/tx_juexingzhilu_yunyinghuodong.pkm.gz,078b787ebd954ab5d176b8a1b354ed26
F6C5AE51BCB3A7158DC8D88908F82163,18326,res/animation/ui/afy_common/tx_juexingzhilu_yunyinghuodong.pkm@alpha.gz,11b8850fbf5688d15eb28947211a1294
B76F483D6042E4AF5E8F7B97C53DBE99,198,res/animation/ui/afy_common/tx_ui_hongdian.atlas.gz,65593de6599badad20acdc605b1256f3
3329DEDCA44D3E52BE4EFBA1017A1EA5,223,res/animation/ui/afy_common/tx_ui_hongdian.json.gz,cf6b96ab1a8f17ea683d59edfc3257ba
098B690DACE6FDD8E08831FA811E7823,482,res/animation/ui/afy_common/tx_ui_hongdian.pkm.gz,1bf69b40a43a1c7bcc325dd99de1d34b
532F43F22B66613A1F12DE40AF2FF3B2,365,res/animation/ui/afy_common/tx_ui_hongdian.pkm@alpha.gz,dd250a9e3fb2579287a49b39362ab449
5D824452FDC1CB1DC9587181FBFC1EFC,359,res/animation/ui/afy_common/tx_ui_qieye.atlas.gz,e6fce0842cfb413c0d6f53ef43a9618b
67A0EDB79C67970C4F2ACE5D4A3B764B,2068,res/animation/ui/afy_common/tx_ui_qieye.json.gz,22cdee5e5258c7e7a6f132e1ef9b4096
CB34FB7345A4074AB570170DA8DC7A60,10979,res/animation/ui/afy_common/tx_ui_qieye.pkm.gz,6bec2ff2defebf8ba11293f00b9f75e7
D2CF1AFD0EF51281DA2ECC4F1A7291DD,8611,res/animation/ui/afy_common/tx_ui_qieye.pkm@alpha.gz,fc4fec54199c9547d2aad0b96cf78ae1
0676AB35FF000C6872F63E2811CC0D89,212,res/animation/ui/afy_common/tx_ui_tishi_new.atlas.gz,ab206d09d7e0301febe66510bcfc2df3
E8A613C3DC476B0118F88AD1A60BB1AF,166,res/animation/ui/afy_common/tx_ui_tishi_new.json.gz,64ea499e9dd226bc3e8259d173ad110c
706026700280A5A62FB5B253FBDF5E90,831,res/animation/ui/afy_common/tx_ui_tishi_new.pkm.gz,860ad1f7363b1fc3704544aa8367d262
6998334EC383D7A0C626975B296CD7B7,886,res/animation/ui/afy_common/tx_ui_tishi_new.pkm@alpha.gz,9b95127d1414a78c05239d1ee758d87a
61F3FD06789CFBABCD4034907120E0D2,276,res/animation/ui/afy_common/ui_tx_gongyong_icon_xuanzhong.atlas.gz,f86c69fc38cb5e6cacc469f97bd30bfa
F53A27ECD9869F475B12FB7543C83A92,215,res/animation/ui/afy_common/ui_tx_gongyong_icon_xuanzhong.json.gz,93042819e886c158452d52a992076fd0
FA84BB613CD379548EFFFED6E00E7800,770,res/animation/ui/afy_common/ui_tx_gongyong_icon_xuanzhong.pkm.gz,f06b1df9ef6c2cddfe0a7f62d7f16673
4AFEB9EF9F0D4BD66DB2F1D1D1D252E4,2477,res/animation/ui/afy_common/ui_tx_gongyong_icon_xuanzhong.pkm@alpha.gz,9b636da463e4a2bdfecb018633dcb86a
EB59F46130CC207DBA5F1D6AC3A390BD,216,res/animation/ui/afy_common/ui_tx_jiaoyijiaobiao.atlas.gz,b8284fb2704a600f541ab4546bc85c5d
09B5A90CF22DC2C6FF4AE92494172A19,182,res/animation/ui/afy_common/ui_tx_jiaoyijiaobiao.json.gz,fc712e5eca0fa00d30e5030a3913efaa
F191CDC2E8BBFE8A832F9B269DEB3D60,596,res/animation/ui/afy_common/ui_tx_jiaoyijiaobiao.pkm.gz,051352c34a5ec407c019126a9c9804ad
F7FEA8AAE857BA6885AFD442A0A94617,559,res/animation/ui/afy_common/ui_tx_jiaoyijiaobiao.pkm@alpha.gz,d98e4777dcd438c5b0a3816d7c4347cb
8AEB70043917B4CCBEC695410A21F1CE,968,res/animation/ui/afy_common/ui_tx_zhuangbeikuangxiaoguo.atlas.gz,fc1f7fc02d6bea01cc6cb6249ed0b687
220EC15A7364B509AC03AA07F50B7260,642,res/animation/ui/afy_common/ui_tx_zhuangbeikuangxiaoguo.json.gz,c5cb70d48a212c3e2e06c93ba6740fc0
C36C4E6CACA5D9B3A6D56F7ECE3B72AB,67950,res/animation/ui/afy_common/ui_tx_zhuangbeikuangxiaoguo.pkm.gz,0fe862f145a6fa2e97b1dd2ed3c8ad54
C301FA25A67DE31BBFB3EB757FD5E157,65852,res/animation/ui/afy_common/ui_tx_zhuangbeikuangxiaoguo.pkm@alpha.gz,98da87b82b6db670809757702376f083
FD56E558CC57545B88634CF1C13E01B8,736,res/animation/ui/afy_common/zhongyanqishi_lilimu.atlas.gz,e3f062b387ff0a6b259a36f774db4071
547ECE096B6971416972F892C30660A0,60560,res/animation/ui/afy_common/zhongyanqishi_lilimu.json.gz,89c589b0d3c045bdcd131295b89256a7
A78881CDE0BD27E4A3309697AC885AAB,286139,res/animation/ui/afy_common/zhongyanqishi_lilimu.pkm.gz,15922e99e008348f9e72b12203f08cf1
A26B87CF8D9A4CFD5607D66BF42955BA,115460,res/animation/ui/afy_common/zhongyanqishi_lilimu.pkm@alpha.gz,8f225f1e4d4a5caa863109169dedbda5
DA63947D434DDAF59E0AE7C253AC32A5,1118,res/animation/ui/afy_common/zhongyanqishi_ling.atlas.gz,6c088ecc21793ee0a14394f083294d5f
9304932E1D5EF60BC7A0AB60EDABA866,202504,res/animation/ui/afy_common/zhongyanqishi_ling.json.gz,d3d47d1776f54e70ebd15d315caebbab
06ABDDB371B256DC278167538AAE0B7E,437861,res/animation/ui/afy_common/zhongyanqishi_ling.pkm.gz,a778b92fa033ee30a2f24765453464ed
6FC402FA40586B597F2A34BAB3FC5F9E,196913,res/animation/ui/afy_common/zhongyanqishi_ling.pkm@alpha.gz,7092ad4bd8e99eb4638ed78f0704fe40
AF4070E536AA33A097552CE2BD1E9140,738,res/animation/ui/afy_common/zhongyanqishi_shenyue.atlas.gz,baca86780e5efcf77ed9e2d31c35c356
55378240C428E00BA3E02C83A1B3A454,23262,res/animation/ui/afy_common/zhongyanqishi_shenyue.json.gz,89d6cb1f20f9d5a5f8a652d683260384
5C37C43FCDB5B837857A2D0D106E16D1,362252,res/animation/ui/afy_common/zhongyanqishi_shenyue.pkm.gz,ee088b04d04a0365f811d271eb82b15b
A1CBB6EB5EF5A6328499DD3C2AF8248D,155661,res/animation/ui/afy_common/zhongyanqishi_shenyue.pkm@alpha.gz,d6e20676519f10daffb1029b6cc7f86e
87888DE6670353E257C0DE896E67395C,647,res/animation/ui/afy_constellation/ui_tx_xinghen.atlas.gz,6dae4032787bc47147a0bdc3c345232c
ACE646EF86BEBBE12035502BDB736164,992,res/animation/ui/afy_constellation/ui_tx_xinghen.json.gz,087d1892022e4e7deb97bbaad2b550c8
DD3034723203234C9B78354BFB542E68,84731,res/animation/ui/afy_constellation/ui_tx_xinghen.pkm.gz,1dac03b2be4f2577e8e6f094c42d3904
BB42C9570A061E76123C8FE86614E2D7,37516,res/animation/ui/afy_constellation/ui_tx_xinghen.pkm@alpha.gz,bab9d2479078fd0d522fdb1a58c2affa
FDF7E0729C62195B87990CFD5AE0D4A4,225,res/animation/ui/afy_dimension_door/ui_tx_buwendingciyuan.atlas.gz,8fd7a6d834047a8e1336de0e18df4918
217A7361B7EA9DBF5F17AF61DBCA0EDD,148,res/animation/ui/afy_dimension_door/ui_tx_buwendingciyuan.json.gz,7bf223450a0fcc63622b051adc2a3d33
AA4C92601D13ADB3C3311832B5D275BB,16721,res/animation/ui/afy_dimension_door/ui_tx_buwendingciyuan.pkm.gz,9b1cef77f17762d5fafe1c6c6f8bd69d
EB868828B39ED8717F590F3241CFDB75,1213,res/animation/ui/afy_dimension_door/ui_tx_buwendingciyuan.pkm@alpha.gz,c72e816b6eb56cf6ab7cbe649db3deb4
97EA5DFAE4E59A749FEC45644484070D,1040,res/animation/ui/afy_dimension_door/ui_tx_diaoluo_1.atlas.gz,9dac8f0f7878a79e33d030882d8bd449
C291ACE00F53EE34F451EA4C900C9FD3,1422,res/animation/ui/afy_dimension_door/ui_tx_diaoluo_1.json.gz,4463cb400f0c9cda8eedc0897e520d9e
84EF5A854289D83321E6C2C29950F12E,412411,res/animation/ui/afy_dimension_door/ui_tx_diaoluo_1.pkm.gz,34d3e4d356d093a68784fd2e1870efcd
D0D093803E1F1CE676D0ED2EF7F35D76,265830,res/animation/ui/afy_dimension_door/ui_tx_diaoluo_1.pkm@alpha.gz,fe72bc8875b9a0ee01147bb5bc4450af
48C0BD22AEC9D00E33530743636DE4D9,1064,res/animation/ui/afy_dimension_door/ui_tx_diaoluo_2.atlas.gz,f13dbeb98413b8800473207a7b570b87
B7FEEF4BDCFA29ADDE53AE7F7626FD9B,1427,res/animation/ui/afy_dimension_door/ui_tx_diaoluo_2.json.gz,1ed9eb40354498a730d35a970789f9ca
5CCFA78A1ACA69EAD880DF456B076B24,526506,res/animation/ui/afy_dimension_door/ui_tx_diaoluo_2.pkm.gz,b72ef9883b435caaf1efe1f169644b89
91E85ED27A80992F1DBFEFFB6F29460A,308162,res/animation/ui/afy_dimension_door/ui_tx_diaoluo_2.pkm@alpha.gz,59547c22376ee6caf905b9ca8bef2909
0A8C0A2996B4EE28D9EED993462B6683,1175,res/animation/ui/afy_dimension_door/ui_tx_diaoluo_3.atlas.gz,62297ccd9f15d2a00938b2a30670bfd0
F413F85A69F4B4F77550C1EB997E848C,1619,res/animation/ui/afy_dimension_door/ui_tx_diaoluo_3.json.gz,4e53737650deba20770e79df19f2a099
04DC0E149FF00B5E10077D403FD28C24,652251,res/animation/ui/afy_dimension_door/ui_tx_diaoluo_3.pkm.gz,88d9257e09124d71a222c4dc63f1e5cc
8AE34E7B7A54890535439C95BA3816D1,404385,res/animation/ui/afy_dimension_door/ui_tx_diaoluo_3.pkm@alpha.gz,44a7c8b6c892e71d0a181f7c984efceb
9CE1F00E85078F7B73F382CB68AD2D03,1176,res/animation/ui/afy_dimension_door/ui_tx_diaoluo_4.atlas.gz,c0ff20b94e6bad717144542ad92b26b1
3F61FEC20F0ED5365D0D885C7008E39C,2164,res/animation/ui/afy_dimension_door/ui_tx_diaoluo_4.json.gz,6f82c011b4fde0b635ff919f51cf935a
0EB8CE599CDE437EC79D4AAFE310B089,727006,res/animation/ui/afy_dimension_door/ui_tx_diaoluo_4.pkm.gz,ea96a4fd069bf0dbe77ac7fe06f7d604
8195144A30FE9021963CFF4BC4661EDE,366022,res/animation/ui/afy_dimension_door/ui_tx_diaoluo_4.pkm@alpha.gz,842060a8dd8aa62b8eff83c233c8d624
D242E0181D371FB554ADC91B8D2BF321,1127,res/animation/ui/afy_dimension_door/ui_tx_huodongkuangjia.atlas.gz,82c7f0acb9f7350e350af11cd35ecffc
2C42A98C29275E4A8FB5E6E5016EBA64,4721,res/animation/ui/afy_dimension_door/ui_tx_huodongkuangjia.json.gz,cc59f49258518ca207fe0fa7fc64a1c9
4A6BE30F79117970D7D28EE7E930FC8A,56349,res/animation/ui/afy_dimension_door/ui_tx_huodongkuangjia.pkm.gz,75631cdf099dfdb5c19212f4eb92a257
EF09E5575B9A89D566B887B596C2D503,38230,res/animation/ui/afy_dimension_door/ui_tx_huodongkuangjia.pkm@alpha.gz,fcaf3e68e2a3024ef1f8bf198e7c5029
81BDC4EA4B3B49EE9C11FD99347BCE50,912,res/animation/ui/afy_dimension_door/ui_tx_shenyuanjiesuan.atlas.gz,cd474029bd8fbf3a3c739b2f7d6cc73a
757CC2DA3A7B9C457A5AF5C36C7CA685,628,res/animation/ui/afy_dimension_door/ui_tx_shenyuanjiesuan.json.gz,966b7f96a7a466716a69f5203882ed13
71335B6BAF0859309FD42B59D288DF5E,116799,res/animation/ui/afy_dimension_door/ui_tx_shenyuanjiesuan.pkm.gz,c8103b90b024efd65ad3a5d848e4a819
524E22CC6A309EEEAB368897C41A6557,82430,res/animation/ui/afy_dimension_door/ui_tx_shenyuanjiesuan.pkm@alpha.gz,f765b511bbd6e528ae7c9996e4e90507
2399079A20C3C88D058194AAED71F4B5,786,res/animation/ui/afy_dimension_door/ui_tx_yijiezhimen.atlas.gz,b75cf0518dcaec528a2e5288bef2a704
1F93E6CB32859079D42DC34CC5D37A45,740,res/animation/ui/afy_dimension_door/ui_tx_yijiezhimen.json.gz,d856314fac39a4a8a7057463430d9d2a
518A98F32E66F890A9180FF60B2AFAED,260647,res/animation/ui/afy_dimension_door/ui_tx_yijiezhimen.pkm.gz,8f9b6dbf85a9cc847fee2158fadf75e3
EE1898B8A38FA9986F40D8AC248276F9,193213,res/animation/ui/afy_dimension_door/ui_tx_yijiezhimen.pkm@alpha.gz,494bd24b25a0f332c03669aad47d117b
A2EAAC238C501BBBE8913E6B42842A6D,604,res/animation/ui/afy_dimension_door/ui_tx_yijiezhimenrukou.atlas.gz,aa70e251f0a4609517ec415aa5732f64
538A93E997620E5E7505453EC744175A,295,res/animation/ui/afy_dimension_door/ui_tx_yijiezhimenrukou.json.gz,f55e1270171b7a2f5fdd6e789027c69d
8C8295B2FF7ADDB7532C0BC787A80C98,195953,res/animation/ui/afy_dimension_door/ui_tx_yijiezhimenrukou.pkm.gz,aeec8c99353fccb8fc5992e7e97aeb87
8E078A7380EE0CE901D2FC3CDE40B21B,1999,res/animation/ui/afy_dimension_door/ui_tx_yijiezhimenrukou.pkm@alpha.gz,5eb67204c1b9959f9d73f93e8499b78d
8CA20633B915835D69F6A58BDB9E3355,555,res/animation/ui/afy_equiplottery/tx_ui_zhizuoqigundong.atlas.gz,4fd1f94691cdbf8b5bb69cd26d04164f
A7D688BB9AF6D232E4E1A258EAE86F33,447,res/animation/ui/afy_equiplottery/tx_ui_zhizuoqigundong.json.gz,35362937aed7dfa9d1a28458c034591b
BD527E54FDD6AF2A65CB082A4419C44A,97973,res/animation/ui/afy_equiplottery/tx_ui_zhizuoqigundong.pkm.gz,0abf152ad892c252d5eb1b52c48e7575
F52D5FDBD6AA1DAC2377ECBC2B6A6042,81270,res/animation/ui/afy_equiplottery/tx_ui_zhizuoqigundong.pkm@alpha.gz,e9988117bd8e2b85502d2b60b42dbcce
1675F7C5645F07412F2B56485EF93885,361,res/animation/ui/afy_factory/ui_tx_gongchangbeijing.atlas.gz,d0053205773269e49fe3994011bed3e4
F911DCF61AAA914B5BBF19CDCA4A3B3A,502,res/animation/ui/afy_factory/ui_tx_gongchangbeijing.json.gz,8a76af280e5c684cf16f6bafaf91042c
DEF2442F9B1CA11A4549800DE57F1085,34963,res/animation/ui/afy_factory/ui_tx_gongchangbeijing.pkm.gz,7e6ca27cbab20f654a2acc8eb3eab9d2
3F6396E177A188695EA659E1F0F5C963,4396,res/animation/ui/afy_factory/ui_tx_gongchangbeijing.pkm@alpha.gz,dda3275228eaaf44cc2cb1504db489a8
D3586F7665B027386499F3E252EA2A62,722,res/animation/ui/afy_factory/ui_tx_peifangbeijing.atlas.gz,4a1cf00796fd884b05f08055a8eced15
B08DD9EC2D73B95A186C2825E8AEB420,467,res/animation/ui/afy_factory/ui_tx_peifangbeijing.json.gz,d94be1e0902d2235c0176d47c953fa5a
3E5C7375068B0CAF0D9E5DECCFB31115,138631,res/animation/ui/afy_factory/ui_tx_peifangbeijing.pkm.gz,c4c00befb2a540b2077a94245080d7e7
0667B77A19B33B9D8DF1C109C084F7CA,7809,res/animation/ui/afy_factory/ui_tx_peifangbeijing.pkm@alpha.gz,96c08786c4dadeffbec2a86a98a0d889
AF1AE3E77F0A1D873796052099A9AFF3,629,res/animation/ui/afy_fashion/tx_ui_jiexiantiaozhan_yijiantongguan.atlas.gz,05a1aad7b69281c4ccc39539ee18bb95
5461FE3CC80638A4A8859861F3A8739C,548,res/animation/ui/afy_fashion/tx_ui_jiexiantiaozhan_yijiantongguan.json.gz,5fd956247c8de19e6a3d99128faefc8f
ABEB6D10B8DD2342E8C49F23EEC21CA6,58852,res/animation/ui/afy_fashion/tx_ui_jiexiantiaozhan_yijiantongguan.pkm.gz,bc03e8ca002b31f367bc3184d5dd9d58
3A8D0F9059FBE7AE818B434CBE5C3F3A,44232,res/animation/ui/afy_fashion/tx_ui_jiexiantiaozhan_yijiantongguan.pkm@alpha.gz,e69877174008b7830e12351620106d5d
89291859BCF359E786D16A1C8AA1B04A,1526,res/animation/ui/afy_fashionlottery/tx_ui_xingkongmohe.atlas.gz,e9411e3bf58d49c6838bdc104745a137
D33839E6FCA11CCB8AA7A19F6449D270,3271,res/animation/ui/afy_fashionlottery/tx_ui_xingkongmohe.json.gz,dcfd59f0898eed9ed5b9f33a35deabc9
A1FF606347C91AE5D82F0A323265B33B,554632,res/animation/ui/afy_fashionlottery/tx_ui_xingkongmohe.pkm.gz,504d00ef6c063a49b91d0e907e1711be
EA35DD7210AFFD18C9FB266796A53854,327419,res/animation/ui/afy_fashionlottery/tx_ui_xingkongmohe.pkm@alpha.gz,0bccd8a6257ec02651483c0d0710ff9c
9AD97BA8D0A0DC97BB4CC17108C9F6EB,2040,res/animation/ui/afy_fashionlottery/tx_ui_xingkongmohepinzhi.atlas.gz,d0961563140bf059bffe02c3bccc33ce
5D15944254C2FE005B9F01DF32D7FA69,3457,res/animation/ui/afy_fashionlottery/tx_ui_xingkongmohepinzhi.json.gz,c93147a4c385fdc82c128e3c61d31c82
9C385958580961A0524D9BCD5A5A3028,560987,res/animation/ui/afy_fashionlottery/tx_ui_xingkongmohepinzhi.pkm.gz,b850e6a50cf263322c41952ac084def7
1B5E08C2AE1142E11C23D50AEE669676,451896,res/animation/ui/afy_fashionlottery/tx_ui_xingkongmohepinzhi.pkm@alpha.gz,a1840f5b0f2cb1b82fedc2d871ad1ca3
92799B9B06A86B471C8AEF795C70E0CC,914,res/animation/ui/afy_fight/tx_fuhuo.atlas.gz,ad6f323e7761c6fd9f3255954a1cc118
9F41F243EA3E408393F63431C266EF21,1529,res/animation/ui/afy_fight/tx_fuhuo.json.gz,14770ffa451b5d3855e53d1c7e67097d
0DA3F0FA8A04931F94D3C29898ABC6B2,133273,res/animation/ui/afy_fight/tx_fuhuo.pkm.gz,b198ddb25a157f21859f632bf8b0f2fd
B51339336791CFF01E2620C14B7CD051,54972,res/animation/ui/afy_fight/tx_fuhuo.pkm@alpha.gz,6c32cc53b4c2598bba4ff5008a9ba052
6756E1FD74C1DC75AE3E49D33670BD31,819,res/animation/ui/afy_fight/tx_ui_baoqi_lan.atlas.gz,3c468395b1ffde31e878c620c2797876
5BBAFE3DA57465E8E45F6C329324284D,3986,res/animation/ui/afy_fight/tx_ui_baoqi_lan.json.gz,e08fe6db72c4110376f351e626553679
9B92CD09C06D885115D2103ACE65642D,21324,res/animation/ui/afy_fight/tx_ui_baoqi_lan.pkm.gz,3b7307293d258360982086a1ac0f3b24
49FE79643C34EA7DF0C95B461EB05C3C,30213,res/animation/ui/afy_fight/tx_ui_baoqi_lan.pkm@alpha.gz,0907aa360730a54c4d1c1789dc4cfa9a
572B63172E25EE2EBB84B10063C72A93,757,res/animation/ui/afy_fight/tx_ui_baoqi_zi.atlas.gz,64691bc08643a84ce533833201dc4085
BC350164696194E091BEB752880A699B,4068,res/animation/ui/afy_fight/tx_ui_baoqi_zi.json.gz,bc219742d15ba6d4dd0175fccd0e4332
4D1C55BB69EAB90DEA7B6730BAF6018B,22538,res/animation/ui/afy_fight/tx_ui_baoqi_zi.pkm.gz,8939f6fc4c6bbf54997487520f5e2125
DB2FCF1BAB2F2931D8C3CD7C584AEFAD,32138,res/animation/ui/afy_fight/tx_ui_baoqi_zi.pkm@alpha.gz,a0a850a1af844af663e30bc7407009cd
166B79204084D1A74044250E18450837,754,res/animation/ui/afy_fight/tx_ui_diaoluoguangxiaocheng.atlas.gz,6f6a722fc8eb4d2367c78435e85c94a1
0F05BE5E5CB1C49E424AF4AE14F6B1D7,749,res/animation/ui/afy_fight/tx_ui_diaoluoguangxiaocheng.json.gz,a6dce0a1765220e7aacd95e2cf3e6a94
C4F3E1B9E5D92356AA90C4C079E096B2,41870,res/animation/ui/afy_fight/tx_ui_diaoluoguangxiaocheng.pkm.gz,4236486a166c35e60252d64e2c2d5ff5
042D0C17B605F7729C5EBA07D96C9E4F,23022,res/animation/ui/afy_fight/tx_ui_diaoluoguangxiaocheng.pkm@alpha.gz,f44dfd077d2be972c3d31b0df3c33736
A9FE4DB15CBD2743B3D050D85D303A6F,710,res/animation/ui/afy_fight/tx_ui_diaoluoguangxiaofen.atlas.gz,61591bd00ac0c054230f498e2e546a3d
D66F5E9A917251598B30E6FD76B88192,760,res/animation/ui/afy_fight/tx_ui_diaoluoguangxiaofen.json.gz,08ea97319137b662dcdece80b6aed1e2
28C0ED92A3541C887FD1E8B0EB12E8BD,32598,res/animation/ui/afy_fight/tx_ui_diaoluoguangxiaofen.pkm.gz,23642476d3d53aa446e39e9c9d8a90ed
30BFD2F27CD814CCA0695C331B5C3D4E,23200,res/animation/ui/afy_fight/tx_ui_diaoluoguangxiaofen.pkm@alpha.gz,926d6a548d9c4d8f87fcb09fbff44e63
F68942C486490CD16117B5EAF828267F,208,res/animation/ui/afy_fight/tx_ui_diaoluoguangxiaolan.atlas.gz,99672f10af506449f5907f4af43ff3bb
932C8849E1A259E7A4D8BDD731A865EA,245,res/animation/ui/afy_fight/tx_ui_diaoluoguangxiaolan.json.gz,dd5ca28830587a3f5b5914178a3dff3c
ECE979E43B911168E520CF727F4C8363,1320,res/animation/ui/afy_fight/tx_ui_diaoluoguangxiaolan.pkm.gz,73a493252eea374d02b1d3b0b1a14126
16DBA0414AF83B53BF46FC56ED4646F5,1333,res/animation/ui/afy_fight/tx_ui_diaoluoguangxiaolan.pkm@alpha.gz,58c1df7574f0709b5dadfc6f7722de90
E541939C73D7B76DAE97E9EC45FF34D6,216,res/animation/ui/afy_fight/tx_ui_diaoluoguangxiaolv.atlas.gz,8cc2f5f432764dfbd43ad4a8ee8ee9d1
EF95DF9EBCDAF2433F7165F1C942E9DC,247,res/animation/ui/afy_fight/tx_ui_diaoluoguangxiaolv.json.gz,2a7041d33e4b206af533a06d057c41cd
E6572E42E62F87DB835D989B7CDEF30F,1811,res/animation/ui/afy_fight/tx_ui_diaoluoguangxiaolv.pkm.gz,e472514d92efeb36b384df93073c4af8
2A26D58C3CF54EEE6F9B0CBD72413942,1962,res/animation/ui/afy_fight/tx_ui_diaoluoguangxiaolv.pkm@alpha.gz,40ac4e731e7852c8ce042bf2eee92956
6257F637B5D1BF18A62A6F10414AD6C8,215,res/animation/ui/afy_fight/tx_ui_diaoluoguangxiaozi.atlas.gz,13849f4c22e946ac57824ed00aca1191
5F37555611A199F9FD8C6E2B442A8538,247,res/animation/ui/afy_fight/tx_ui_diaoluoguangxiaozi.json.gz,f8d36da12bb33781d1622c875eb30e40
66115D8715323DAD3CFF9749EB51F1F9,1912,res/animation/ui/afy_fight/tx_ui_diaoluoguangxiaozi.pkm.gz,456ca8087d259ad0592d41418bb49300
DFDDB7F86B573E43B2090B791E5F810C,1967,res/animation/ui/afy_fight/tx_ui_diaoluoguangxiaozi.pkm@alpha.gz,4c669767ce62f81ef1483d22cbef7ad0
88841BCAF9C1A492BD9C3F3124F5C6A9,579,res/animation/ui/afy_fight/tx_ui_fangxiangjian.atlas.gz,c8d850da252491ee0a23e521d6cb8cad
8FB3D36427AE3D33FE5C144D83DF3D8C,993,res/animation/ui/afy_fight/tx_ui_fangxiangjian.json.gz,16afcf2cdbde2a3c52b0f0f58c20d589
762065E44D4FF44BB3507E3018F74B2F,31822,res/animation/ui/afy_fight/tx_ui_fangxiangjian.pkm.gz,9e6734d896f8474b035dfbcb3f4fdc00
2FCA39948D6FCC3BEBCFE92E9E17895D,26053,res/animation/ui/afy_fight/tx_ui_fangxiangjian.pkm@alpha.gz,e75f8bcce12ca7af5b7976993ab518a5
E9E0CDD9D8A3CF979E0C1F9432976CFE,1041,res/animation/ui/afy_fight/tx_ui_fanpai.atlas.gz,1e21019dc549227ef4ae9bc984e977b1
DF7DFE562F8ECAC292792BAEEF4F8196,1529,res/animation/ui/afy_fight/tx_ui_fanpai.json.gz,ab3f4b16681d3a2c24474a31707f1470
52736CD1537281A34207BA15AF746C93,344658,res/animation/ui/afy_fight/tx_ui_fanpai.pkm.gz,eaf3ac8b4ee6c57b999246eb84234db4
955C3E1B1F68BAA31D71AB460EBC7C70,166763,res/animation/ui/afy_fight/tx_ui_fanpai.pkm@alpha.gz,b1fb90a8a9a42d9a2d18f80c9cf2c423
0141FA7FB1B9EA32900F940152B70A0C,261,res/animation/ui/afy_fight/tx_ui_jinengduoduanbiaoji.atlas.gz,5278d4dcac19f84213b6e840681185ee
25DCC4D8E1FA7E02221F180CCDA1A361,214,res/animation/ui/afy_fight/tx_ui_jinengduoduanbiaoji.json.gz,2a69069194eabdf2b8fb0b1bb2f37251
1491249FD0113C7420BB1BAF82CA2645,246,res/animation/ui/afy_fight/tx_ui_jinengduoduanbiaoji.pkm.gz,d51797f24ca51a30773f611363d2699f
1563C6B3779A32EAB0C1DDC28BEB7409,325,res/animation/ui/afy_fight/tx_ui_jinengduoduanbiaoji.pkm@alpha.gz,4131efad54044cb6e53f3387cc9eb6de
CF13F555DFBB0E10BA43E5C202C09D44,297,res/animation/ui/afy_fight/tx_ui_jinengkuanglianzhao.atlas.gz,c94dc937151392a7da84ade289a20789
DCCC43753E364E7916813F9A9BA4FFA2,479,res/animation/ui/afy_fight/tx_ui_jinengkuanglianzhao.json.gz,db1503660329b8d6861c2bf413eaf26b
A3177CB90E8FFFA9B2CF0AA39DA1532D,12772,res/animation/ui/afy_fight/tx_ui_jinengkuanglianzhao.pkm.gz,911b2485aa02e946f23071831bab2bda
3962029B41132A993FC7B78B94E49BA3,9995,res/animation/ui/afy_fight/tx_ui_jinengkuanglianzhao.pkm@alpha.gz,1553eba0ee210797e906ce71adaa6e31
735DBC2BA737C21814E29C4294F44C83,445,res/animation/ui/afy_fight/tx_ui_jinenglengque.atlas.gz,ae3943dcef8b0d37a67eb51c7086e036
A3F3035E2CECAEB7EF2BAFD371FE4F4B,614,res/animation/ui/afy_fight/tx_ui_jinenglengque.json.gz,b2904108c638fdd4121611f0430eebcd
FE8BCAD3CF9883FDAFC7B297837ABA7F,6110,res/animation/ui/afy_fight/tx_ui_jinenglengque.pkm.gz,2653dc1bbe3f3e7afbbed91f4541557f
8526EF37BA8D827E7ED066B3FEF75655,7257,res/animation/ui/afy_fight/tx_ui_jinenglengque.pkm@alpha.gz,ea72773561943ed2a41972d3477c57cf
8E8863679B1BEAB9A7FDDC010701A796,1591,res/animation/ui/afy_fight/tx_ui_lianjipingjia.atlas.gz,ea1fe1cbbc0d89c0940d1315f6b5960c
230CCF5024177475568F9BC73D9B4F14,2427,res/animation/ui/afy_fight/tx_ui_lianjipingjia.json.gz,6d4bf818364206c177d256c6e8f881fb
08572C971A514ED57F644DC544112E66,270204,res/animation/ui/afy_fight/tx_ui_lianjipingjia.pkm.gz,93d78d01b84c5d76d6a475d0559805b2
45056DF548B9B588DFA07C1E526D1FE1,186630,res/animation/ui/afy_fight/tx_ui_lianjipingjia.pkm@alpha.gz,dabbab37e7425feba98d84a68c7b075c
35A3DF79EFCC003A54BC683AC3BA8DC1,559,res/animation/ui/afy_fight/tx_ui_lianxiejinenghud.atlas.gz,6c862959cf381f385afd29955f9de049
2FD9BF67D094E12800997CAED00CD00C,354,res/animation/ui/afy_fight/tx_ui_lianxiejinenghud.json.gz,ac96f3e7e902a58587049b45b7bb4ddb
A4E473FC3E4F782FCB3B75D05A419209,21723,res/animation/ui/afy_fight/tx_ui_lianxiejinenghud.pkm.gz,1175248f2308c1724bd5fbfd7641a334
33B816F0F871F85B050198EA3F941067,13602,res/animation/ui/afy_fight/tx_ui_lianxiejinenghud.pkm@alpha.gz,8c2cc0ba7af2c987ddefef68966530be
0C3CD8387F448888C38313D56FF816A0,776,res/animation/ui/afy_fight/tx_ui_readygo.atlas.gz,66991d3294c76f8ba062eb2c48b7cf92
CC8F664B5773DAC6D517EA3348544167,1548,res/animation/ui/afy_fight/tx_ui_readygo.json.gz,0aab01dcc59968f74d1d8666698bc5aa
1747EF731BAC10F2BD654459BC7F4CAE,144123,res/animation/ui/afy_fight/tx_ui_readygo.pkm.gz,9c27b1341a78ec60a367c308f12fa856
492D409869A6835E471C4C5AB0927ABD,124782,res/animation/ui/afy_fight/tx_ui_readygo.pkm@alpha.gz,6b7fdabf13d537b2f0455cf9a3ba5b11
3C46B7CFA5936437123C8E5B3328AA16,276,res/animation/ui/afy_fight/tx_ui_shanbijinengqiehuan.atlas.gz,67c8b62d9c1fd9353e1e669e75833f40
A67956C42F40847FD82E114DA371CA16,514,res/animation/ui/afy_fight/tx_ui_shanbijinengqiehuan.json.gz,bf29688e6ff47629fd65b71dc4f19b25
9C2D18CE85A0F8DF0689BFD4DCC542C6,10164,res/animation/ui/afy_fight/tx_ui_shanbijinengqiehuan.pkm.gz,97896a567c57351f8f3a466fe861bdcd
F40D37662CA142593FAD6ABEA62F2898,7510,res/animation/ui/afy_fight/tx_ui_shanbijinengqiehuan.pkm@alpha.gz,683c35139e758b9e3cefea0d8a46e847
2EA1E4954CBA623350E79CFEBFF22AE9,516,res/animation/ui/afy_fight/tx_ui_shengli.atlas.gz,bc2f93c02d00df8791d63bb744e47157
0AE176BF507EDBC8D89A08767FC932CE,857,res/animation/ui/afy_fight/tx_ui_shengli.json.gz,9d322c23a7447ea77235d50ed70328f8
46DBEA50B43F357DBAE3D045EDE0EA88,81263,res/animation/ui/afy_fight/tx_ui_shengli.pkm.gz,0c64eba21d88c844b773d89c8d1092f9
A446BC83893D48913E622D620D42FA58,59701,res/animation/ui/afy_fight/tx_ui_shengli.pkm@alpha.gz,0c5b8561e9889536f94ba2c9c0fe6b09
146040933834FFB90DFAAE2FFCB32C55,211,res/animation/ui/afy_fight/tx_ui_shenqijineng.atlas.gz,7f6542c8aae62615db54686e6af446e9
B6A892F084A6B773A5B277A700FCA2C2,180,res/animation/ui/afy_fight/tx_ui_shenqijineng.json.gz,290322f14ba2fef9b7e449d7995af53a
3718CEB25F56A159C7F155F9D96CC2C6,2839,res/animation/ui/afy_fight/tx_ui_shenqijineng.pkm.gz,ebb877879999a49551da483bccc86713
B0CDAA2E5FFACF6F229CDEC0630DF860,2113,res/animation/ui/afy_fight/tx_ui_shenqijineng.pkm@alpha.gz,3ba552611c56578cb6e87db81995a030
7876AC172B6DC860B5035C13C7E338D2,470,res/animation/ui/afy_fight/tx_ui_shiquguangxiao.atlas.gz,209780c54401b382a1d98ea5f98df096
A98D74F4228562A4D497A2FB0542E57C,636,res/animation/ui/afy_fight/tx_ui_shiquguangxiao.json.gz,294b3b1e0447605cd3a986950142edd7
E5FDE818BEEDB871222223F87149F1CA,15733,res/animation/ui/afy_fight/tx_ui_shiquguangxiao.pkm.gz,3e71c7dc47a8a1475ba534f42db3dd89
0089F17ADB09104FE71B7158BA4B8779,14297,res/animation/ui/afy_fight/tx_ui_shiquguangxiao.pkm@alpha.gz,a0b131615e81d9f9bd173bf3e9ca6fac
EB3E77F28EA8713026D15F1393BC77AB,1203,res/animation/ui/afy_fight/tx_ui_teshufanpai.atlas.gz,e148a50a1995455edb535576d1293a8e
FB9A121B8FE4288AD518BBDAB88CFE12,1790,res/animation/ui/afy_fight/tx_ui_teshufanpai.json.gz,0b58ea7ed0c16026bf3baeace102e261
F9A6F8E354C62C917F8EDA5761C843FC,220609,res/animation/ui/afy_fight/tx_ui_teshufanpai.pkm.gz,58153b6aeee7d0674865e8587a522a6a
9E374FA4DAFD8FE769A5912C5E2300EE,197145,res/animation/ui/afy_fight/tx_ui_teshufanpai.pkm@alpha.gz,57c0ee280556f3bcd40b040338b6bf11
AD02C6F00130D7AE3647A587687C3EF7,750,res/animation/ui/afy_fight/tx_ui_timecount.atlas.gz,0629d5921aabdc911877c62632248ec2
CA53C3869C296BED2F05B83BAE949123,447,res/animation/ui/afy_fight/tx_ui_timecount.json.gz,17da18cfc2832e404d5c66cfd8810f28
7FA6E8202D81E68E2AA66BFCCEDC4D1D,109319,res/animation/ui/afy_fight/tx_ui_timecount.pkm.gz,59fa4395bd2519e8e0d2473e8da05c51
90A35D4217CD74FB2A4D19721D69BA65,67777,res/animation/ui/afy_fight/tx_ui_timecount.pkm@alpha.gz,a78445614c66ba882549b3474933a9e6
3315709EA1AA30B16F40007F94CADCE1,601,res/animation/ui/afy_fight/tx_ui_tpwuxian.atlas.gz,5bbc12963d3a503364ca87724ce1bc8e
5205DFB09F2C380C7A1219EF4A6D542C,470,res/animation/ui/afy_fight/tx_ui_tpwuxian.json.gz,ecb98f8efbb607abdce2598e94f9609d
9308B33A0645FACADF8B8F33CA602F14,10016,res/animation/ui/afy_fight/tx_ui_tpwuxian.pkm.gz,e6e55691435553872d6974ec7b3fcdbc
6AD28270C49F433BC3A6F5F2F36B84CD,8320,res/animation/ui/afy_fight/tx_ui_tpwuxian.pkm@alpha.gz,c1a06ebbd94829fa9181af2e8a092a56
AC908DC6AD8093879C93882868620067,576,res/animation/ui/afy_fight/tx_ui_xiaojiesuan.atlas.gz,014d7dd34f8147fddbc45b95980a8135
9A8B10B6AA98DAC10A8E952603BC3F86,622,res/animation/ui/afy_fight/tx_ui_xiaojiesuan.json.gz,3e1134fda9eaabdc3cc2b9d68ef35ff3
87BD181D86F1FC29387A8794B6ACAF30,75808,res/animation/ui/afy_fight/tx_ui_xiaojiesuan.pkm.gz,e00651c276720619909f3c9ed6572a7f
DF4E09CAA975C1AFF45B91E7CDCB3AC4,45860,res/animation/ui/afy_fight/tx_ui_xiaojiesuan.pkm@alpha.gz,b9bd37b6752550ced0e99295858e6a1b
62E6EF35E2E59279FE2A4F4660486BF5,813,res/animation/ui/afy_fight/tx_ui_yaoshishiqu.atlas.gz,7f70f8d7d3283ef5d5a2d412eb24d281
8ED1545C34F9BBF9F855E71DBA4C9D81,736,res/animation/ui/afy_fight/tx_ui_yaoshishiqu.json.gz,f21fa18f1712d471a88c8fc1475f39ed
84EC0345B62DC1ED8008D17D63029B7E,34801,res/animation/ui/afy_fight/tx_ui_yaoshishiqu.pkm.gz,3ff544781f04cdfb9a95a74fc18c9c53
B12D2829420F10A5D3D4085602EB28D1,21890,res/animation/ui/afy_fight/tx_ui_yaoshishiqu.pkm@alpha.gz,2194583f33f0b8cd7cbb1f047905c239
F821B70B61C54084626F40365D1D499A,1230,res/animation/ui/afy_fight/tx_ui_zhandoubaoqi.atlas.gz,e81896a31ab69e0318473a46212b93a5
0AB97DAAE37A3417B824ED91A09225C9,2659,res/animation/ui/afy_fight/tx_ui_zhandoubaoqi.json.gz,d12e9160fc2f372f9fb7d46de865aaff
777A324ACC5CFC569FA4E5E50F6535EF,99233,res/animation/ui/afy_fight/tx_ui_zhandoubaoqi.pkm.gz,7060cd4587335605b124a8038e84afd5
00344679A29FCF81B09CDF4D4CE39475,65799,res/animation/ui/afy_fight/tx_ui_zhandoubaoqi.pkm@alpha.gz,4cefb855e725f904935401e105d1f107
7C9B2CE346F6CC20E72B5F8437B6038D,607,res/animation/ui/afy_fight/tx_ui_zhandoujiesuan2.atlas.gz,c781f81ef99ac467e9ec8528dece5224
F2E6A0A75D16FBD36870BE890708984B,914,res/animation/ui/afy_fight/tx_ui_zhandoujiesuan2.json.gz,d97895eabb80bbded912b3d8327320f9
AE4CCCA2AAE36EC7B56886643739CCC2,26869,res/animation/ui/afy_fight/tx_ui_zhandoujiesuan2.pkm.gz,5b586e8c8b14919b941e3f25a3c881e7
CE5340B602FF2FE983FDB961D2EB3DF9,21566,res/animation/ui/afy_fight/tx_ui_zhandoujiesuan2.pkm@alpha.gz,50f2701697aa2a437eda2937b056f2b7
0370B2CC19F198B1C227A8E305707C75,281,res/animation/ui/afy_fight/ui_tx_changjingmingchengdonghua.atlas.gz,4ef53b62b051efdcd37f4c500345fc07
C7E88C6EE56E2BC1038A195C44183D47,419,res/animation/ui/afy_fight/ui_tx_changjingmingchengdonghua.json.gz,80dcb9e138db753921de844ee3deb728
B38B42230AB6BE51F399ACC456F30654,798,res/animation/ui/afy_fight/ui_tx_changjingmingchengdonghua.pkm.gz,3390d8bef33625090d845b498d2a3540
02F17942D4E691B37B9FB3CFABA71305,1012,res/animation/ui/afy_fight/ui_tx_changjingmingchengdonghua.pkm@alpha.gz,0da08a02639467fe37e6bbeb61954c0d
FF739DF2FD1B43BB7412586590A68EA8,870,res/animation/ui/afy_fight/ui_tx_hud_anjian.atlas.gz,a13258836ee413673881580458bb70de
3F90C6A05C5AE28CE19A76031653F9D5,1311,res/animation/ui/afy_fight/ui_tx_hud_anjian.json.gz,f5a7a1994ff5c31a6e71617698657249
892FDB29AB770F1BA1D16C0347022A73,38324,res/animation/ui/afy_fight/ui_tx_hud_anjian.pkm.gz,2f279236750527f72e7e6529ea590b34
64F2CBC60201B986322225281897E319,52911,res/animation/ui/afy_fight/ui_tx_hud_anjian.pkm@alpha.gz,0281ec076860bf9bf2c28329539e754b
E01B600E6AACB04E404281E55323FC29,203,res/animation/ui/afy_fight/ui_tx_hud_yaogantishi.atlas.gz,3732455e258cd89a56a1d79f99cc5d67
72CBFCD37D072791D78B1F664A71406A,299,res/animation/ui/afy_fight/ui_tx_hud_yaogantishi.json.gz,a2a071086f55474380616d8621710c13
69BC3FCA8AAE513EC5B64FDF32042FF3,751,res/animation/ui/afy_fight/ui_tx_hud_yaogantishi.pkm.gz,edee7fda61536e2666eeeb9cfbc6c9a8
D78C3274B6FDBD024BAF005CE4D064A0,1098,res/animation/ui/afy_fight/ui_tx_hud_yaogantishi.pkm@alpha.gz,f5510644b3b0ee0665ceb4e8ad36b938
5F1E6A1EBC536E96ED4BD260B5575D57,1585,res/animation/ui/afy_fight/ui_tx_nengliangcao.atlas.gz,bc55faceb86da4c90694f810478a7bff
8BE40739AC6A9970F78E1EC4CD5C2024,1672,res/animation/ui/afy_fight/ui_tx_nengliangcao.json.gz,f751018a7f9806dbb8435db0c13f4b5f
6D62274163B05CB4459F87A0614928CD,126643,res/animation/ui/afy_fight/ui_tx_nengliangcao.pkm.gz,60169b1307ab6a8c157374fc8b27c705
4E01064655B58E05946617002E69329B,80868,res/animation/ui/afy_fight/ui_tx_nengliangcao.pkm@alpha.gz,c4fc4ee12acfe2f9cdf9e11bd9fa8378
32AEB72EA90376E393808EC05D22F1AD,464,res/animation/ui/afy_fight/ui_tx_xiaojiesuanpingfen.atlas.gz,19df4d1def806abf0ef2a458348e182e
00689FDB259D53B8F962234443C55C9D,330,res/animation/ui/afy_fight/ui_tx_xiaojiesuanpingfen.json.gz,82885e8ef41dccc71adef7051cef123b
08C492BDB57CA1F5A0F041F58005761F,1946,res/animation/ui/afy_fight/ui_tx_xiaojiesuanpingfen.pkm.gz,1200399f5c4d39dd95177d9ec61e6603
76C16537EB56C16D8C70038FB262640F,1924,res/animation/ui/afy_fight/ui_tx_xiaojiesuanpingfen.pkm@alpha.gz,a2e6274a9a7b55bf5b4d633f4969ec21
6DA2932171846EA64B195A8F0BE70B9B,205,res/animation/ui/afy_friend/tx_ui_youxihaoyou.atlas.gz,60c48decf6d91da1ecacc9a0fb3bdc38
EFBC18F81DACCC96B68C26388CCD6461,186,res/animation/ui/afy_friend/tx_ui_youxihaoyou.json.gz,6973b53b757593edeb382e307c2a6128
90E4CC5D0BF316B2806B2D0A48717865,597,res/animation/ui/afy_friend/tx_ui_youxihaoyou.pkm.gz,3167002393058d953078e2c17fb33242
53787ED91F87FB8EBB7E42A91F25D472,772,res/animation/ui/afy_friend/tx_ui_youxihaoyou.pkm@alpha.gz,4e7094397b8a023efba5ae5e6b83070a
833CF83CB5E55C61336BF571AC699A8C,678,res/animation/ui/afy_gem/ui_tx_yinengshibeijing.atlas.gz,9992c2c01ebcbc6ce1d0163d282c3328
355997A20A74010127F645C842B92995,434,res/animation/ui/afy_gem/ui_tx_yinengshibeijing.json.gz,31dba70ce318f5a7d26da3211660de0b
0FB919856C5346897EFAB12FB3F5C3B7,28104,res/animation/ui/afy_gem/ui_tx_yinengshibeijing.pkm.gz,273ef53a5ba2f7c5db37c9732cefc926
E2DF951944494CCE4722FDF7AE7925D6,40786,res/animation/ui/afy_gem/ui_tx_yinengshibeijing.pkm@alpha.gz,4f01727d5b332c3ddf47d8c8554cf1a1
8C41EF4B68EE897719BD2A461F7D63CC,1201,res/animation/ui/afy_gem/ui_tx_yinengshiicon.atlas.gz,31cd8530adceaaab6f6b22cd20682984
E0EFD44E5936FA483825622CA30AEDA1,887,res/animation/ui/afy_gem/ui_tx_yinengshiicon.json.gz,fb78a60dcc8d7e06c4432c342bbb2bd8
E8CA68EC3C102B8569B024C79D4601B3,251557,res/animation/ui/afy_gem/ui_tx_yinengshiicon.pkm.gz,3ae885730bd829f08573c15ba3358569
86509F97D48D79EF1CE4E3CC3B45B404,173343,res/animation/ui/afy_gem/ui_tx_yinengshiicon.pkm@alpha.gz,5ca2e0a8590b35b0a42b5b4f61eb54ee
A0E014B8B04E1472FD9C0E24E157229B,1416,res/animation/ui/afy_gem/ui_tx_yinengshishengji.atlas.gz,a70ac59796796fb3185339bcf369e055
CA197E97F9E6E6151B9454A2B67E1FB8,1043,res/animation/ui/afy_gem/ui_tx_yinengshishengji.json.gz,7c99f3629e16ee198e30af2906583c44
46CC525A968A6FDE8A999D5FCC06452C,318045,res/animation/ui/afy_gem/ui_tx_yinengshishengji.pkm.gz,98c6e6d4b24e612a6e7dab0bbff2bfad
8FC5CA399E956C7DC8F1042E6CAB8EE6,188530,res/animation/ui/afy_gem/ui_tx_yinengshishengji.pkm@alpha.gz,c386fd70d9615f4fed621c8504f2e101
F77DAF7E8B622C3BDC6D85E4C0AB762A,800,res/animation/ui/afy_gem/ui_tx_yinengshishuaxin.atlas.gz,d29edad9dc2eec90dfa35a0cf0578a36
418BFAC4EF132AD68534D9A2BAAD32EF,481,res/animation/ui/afy_gem/ui_tx_yinengshishuaxin.json.gz,28a5dda23e93914ea3f78d522c0e666e
C326F8790467987FB8F6F4204F8C1DAB,8913,res/animation/ui/afy_gem/ui_tx_yinengshishuaxin.pkm.gz,9802ee4fd45ab7d73c1adb56fce54562
5AE40C0F35CE21DD8BF79264A268CBA8,31671,res/animation/ui/afy_gem/ui_tx_yinengshishuaxin.pkm@alpha.gz,b71887f47c896ea2f2decce9d5ed1afa
9389A9A8FC373B5CA83755078CD1BADD,1076,res/animation/ui/afy_gem/ui_tx_yinengshitupo.atlas.gz,778cece09bb947d3811346150bc4909a
1971BEA681D7543501863F9281A9CFAA,1873,res/animation/ui/afy_gem/ui_tx_yinengshitupo.json.gz,137cae59c850d42d65da42e78d9d885d
2052CE9AA5C13E72BF868BC28C5DBBCE,480268,res/animation/ui/afy_gem/ui_tx_yinengshitupo.pkm.gz,c43204ba04d8cb1f315d365e5f37d2cd
A8BAFD2C118E56418B204142C5F94AE1,445885,res/animation/ui/afy_gem/ui_tx_yinengshitupo.pkm@alpha.gz,e73605db363985e6760a350e13fb2127
BF2FBD661C05A4B42A73F67382D94726,2844,res/animation/ui/afy_gem/ui_tx_yinengshizhujiemian.atlas.gz,ecdf303d943f091dc6a0b35e3c3a825f
A828D9D3D34D065BE7E92DB003A0E541,3873,res/animation/ui/afy_gem/ui_tx_yinengshizhujiemian.json.gz,e010a81cc53d76607ef0954dea4312db
7E3D4E166C47CEECD33F36E0F36334B2,628540,res/animation/ui/afy_gem/ui_tx_yinengshizhujiemian.pkm.gz,f96bb501978d0d1bb88197dccae66bd8
6071EA191DBB4B6BEA788002ACF05360,391642,res/animation/ui/afy_gem/ui_tx_yinengshizhujiemian.pkm@alpha.gz,8d37821074476e874fff371d96097bea
90F4A1B769441BFE49636B88643B5452,1202,res/animation/ui/afy_gift/tx_ui_wupinpinzhi.atlas.gz,5c84f7e529b89c4e3e343a014e809e3b
1AA3B04A72791FA9A400034629E2B7DF,1161,res/animation/ui/afy_gift/tx_ui_wupinpinzhi.json.gz,d65a05232c2e5123761cb6bfa96ad827
86265046521750C9B78FD75A3C5B8693,222574,res/animation/ui/afy_gift/tx_ui_wupinpinzhi.pkm.gz,fb442ce88b22341f6f562f348005afbd
AEB03D3A62A0583FE0AC9690FE73B302,83787,res/animation/ui/afy_gift/tx_ui_wupinpinzhi.pkm@alpha.gz,2c175a149c5f2bb6e99535763b2071e3
F02B91F7F4903902B3CD86EAD431B161,1527,res/animation/ui/afy_godweapon/tx_ui_shenqishengxing.atlas.gz,e3ca337c5f6405e0cfa131514375e6da
0B5E340CABED361F194FAD2F4EE66388,2247,res/animation/ui/afy_godweapon/tx_ui_shenqishengxing.json.gz,51d72133fb185af5b8b87b9682467141
CCAC25BE00CF004056BC06CBD0AB8DCD,139764,res/animation/ui/afy_godweapon/tx_ui_shenqishengxing.pkm.gz,bb9d405e8d35b443b60772179257fe22
3359CB23D7E834F31A0606F42A2D363C,93415,res/animation/ui/afy_godweapon/tx_ui_shenqishengxing.pkm@alpha.gz,b60905cb6d470efedadeadcf643d0207
2B0874C1537EAD058B46D642E01E9C92,648,res/animation/ui/afy_godweapon/ui_tx_wuzhuangshengji.atlas.gz,ed1d7852bee2fe7cc111f49700ea27f8
0E1D1F2F8929B955FACFFD8D4F182A20,1485,res/animation/ui/afy_godweapon/ui_tx_wuzhuangshengji.json.gz,1b235305a42b3db512c7a89fc424f5cf
15BBBE57DA2B0F68B98E555BCA2ACA79,7183,res/animation/ui/afy_godweapon/ui_tx_wuzhuangshengji.pkm.gz,e3e2ba21a3eae1a15a1e17ed706ec549
A9E80EA4A21701261CCFA7C104586D04,8994,res/animation/ui/afy_godweapon/ui_tx_wuzhuangshengji.pkm@alpha.gz,8080293d9c0f72a008c859279f658932
B0F829D30250830DD440F511CD14BA4E,642,res/animation/ui/afy_godweapon/ui_tx_wuzhuangshengxing.atlas.gz,39b22bae1faf21751c78ecfeebb48e16
BF2DBE222BF767AB82093668F6F20843,1275,res/animation/ui/afy_godweapon/ui_tx_wuzhuangshengxing.json.gz,e297c502feb2fb70780016e41dd0ed2e
A1C1F43C38718998CB827897D2895736,8058,res/animation/ui/afy_godweapon/ui_tx_wuzhuangshengxing.pkm.gz,6fe639860bc1c0ff5853b785e55baf65
7DF5BB2BE4C7A9754F241B12A3395ACB,8175,res/animation/ui/afy_godweapon/ui_tx_wuzhuangshengxing.pkm@alpha.gz,a91c9cf636b61a58409e26f45793cf9d
E8E738A9A8682F638F0C0A17B10AB879,1645,res/animation/ui/afy_godweapon/ui_tx_wuzhuanxingji.atlas.gz,5fede4462fce2eebf481b31483d0ba96
B59AC9F43A3719A7472DEA971E7F7980,2075,res/animation/ui/afy_godweapon/ui_tx_wuzhuanxingji.json.gz,7ea8e9a58f4eaedb89dd8df0177f7b48
D3D327459E9842BF41190CA19DD60131,158612,res/animation/ui/afy_godweapon/ui_tx_wuzhuanxingji.pkm.gz,fb5cdea110d5cd566ac3628e6e856296
BB50C3677B00C10951E2F5D670E30CB1,91251,res/animation/ui/afy_godweapon/ui_tx_wuzhuanxingji.pkm@alpha.gz,27ccd557d5d489146fcfab407af97171
8AB14DDEE182B60D847764BF7B84E946,867,res/animation/ui/afy_godweapon/godweapon_list/ui_tx_wuzhuangpinzhi.atlas.gz,ba72d78f489f3c5abd6b0e51d3e12dbf
C5FD64D13D1C740123A167D6ED51F16A,1154,res/animation/ui/afy_godweapon/godweapon_list/ui_tx_wuzhuangpinzhi.json.gz,6cdc7333a3d778ea68b0fc5e3b25dc3f
4041CED8072CA3FBEBECF031B5876C63,166291,res/animation/ui/afy_godweapon/godweapon_list/ui_tx_wuzhuangpinzhi.pkm.gz,6e1c517c903eece85a187cdb5a93f6d6
1B996EA737A93FF89CF3C1080707EC3C,86749,res/animation/ui/afy_godweapon/godweapon_list/ui_tx_wuzhuangpinzhi.pkm@alpha.gz,f60dcf99ed577342e4c69bbcf03c3b1f
AF6B0D6597322BA3FD3C8ACA351BAC6B,809,res/animation/ui/afy_godweapon/godweapon_list/ui_tx_wuzhuangpinzhibiaozhi.atlas.gz,e5c775a539d4844877ec5629688c7f16
79A9A1AD0466B4141B4EE8AC8345D606,634,res/animation/ui/afy_godweapon/godweapon_list/ui_tx_wuzhuangpinzhibiaozhi.json.gz,e4abe3a97480558b74c5e905c97b241d
1F7E5293F118EBAD50030498232D3F4C,32648,res/animation/ui/afy_godweapon/godweapon_list/ui_tx_wuzhuangpinzhibiaozhi.pkm.gz,ca6d89a70914246558cee76bcadafd0b
633033EA83F7BB536B9C7DC345A59290,25512,res/animation/ui/afy_godweapon/godweapon_list/ui_tx_wuzhuangpinzhibiaozhi.pkm@alpha.gz,f1b43bcd370fb04cd4ab5a1d3257bdf0
85F766B68ED48AF3AF18ED4101B32F42,583,res/animation/ui/afy_godweapon/new/ui_tx_wuzhuang_zaxiang.atlas.gz,039fd03dd61ba405487db7ade9ddb1cb
3AFF870792D6292BDC48217BAFFD8769,417,res/animation/ui/afy_godweapon/new/ui_tx_wuzhuang_zaxiang.json.gz,c8ad7ca9efbae4029c1a33122d3474c2
8575A15982ADF6F5F51773811F5D747B,50160,res/animation/ui/afy_godweapon/new/ui_tx_wuzhuang_zaxiang.pkm.gz,5df17d3ad487d22c2cd9ba4df9677296
0BB9063F719E393A224789137168D9C0,31633,res/animation/ui/afy_godweapon/new/ui_tx_wuzhuang_zaxiang.pkm@alpha.gz,f95b72bc4518d2a9a5e920b3658a037b
CD92845F012A873859F136FF98AECCC9,805,res/animation/ui/afy_godweapon/new/ui_wuzhuang_biaoti_shengxing.atlas.gz,85181fafab6a12b91874e43f67e1b286
100B9048CCC14A87563BDC1293C59734,7888,res/animation/ui/afy_godweapon/new/ui_wuzhuang_biaoti_shengxing.json.gz,781a95bb39c6c19c59ee9a5cadf4c92c
5B6D0B2B75A884EEC524F92610A2DE00,33090,res/animation/ui/afy_godweapon/new/ui_wuzhuang_biaoti_shengxing.pkm.gz,49e77fc8aed1464be704e06fa5cf82dd
D1DEB0903FA1229A74F3814689D97335,28888,res/animation/ui/afy_godweapon/new/ui_wuzhuang_biaoti_shengxing.pkm@alpha.gz,0bc358fa50eb2650891a603ddd914f3d
54E3BF70632345B41F2EC738F981D317,805,res/animation/ui/afy_godweapon/new/ui_wuzhuang_juexing.atlas.gz,6eedf2f82a48a4d78e3ea120a431e834
6863911B602D97A1E12E764A461D4FE3,1475,res/animation/ui/afy_godweapon/new/ui_wuzhuang_juexing.json.gz,ad5dd365d4c3866897e85ae4cabd6635
0DE3C0F8A678110726FFE7EAEFFBF762,344697,res/animation/ui/afy_godweapon/new/ui_wuzhuang_juexing.pkm.gz,6ee507ba4ec19bfbf5ea14df8f8f9ed2
607867CD1D2AA5861E767D9E49C5A02E,262672,res/animation/ui/afy_godweapon/new/ui_wuzhuang_juexing.pkm@alpha.gz,4714062cc41778ba15cdeec875f8abef
6129B0E0731E6FADA222C5B26C6662EB,1964,res/animation/ui/afy_godweapon/new/ui_wuzhuang_pinzhiguang.atlas.gz,6ed5d56d410611f3ab7551899a8dc472
5A7D4DC7FF2D6B654E2D0C93F8E55C1D,2582,res/animation/ui/afy_godweapon/new/ui_wuzhuang_pinzhiguang.json.gz,40e91b35dfad742485466b205db35753
029F070CC45169F63A1511F43FF3AF21,3914883,res/animation/ui/afy_godweapon/new/ui_wuzhuang_pinzhiguang.pkm.gz,e5f35c0254dfbe8161f2b71b12040546
615F6D070C64510D2F48BA3F8B3171D4,1905043,res/animation/ui/afy_godweapon/new/ui_wuzhuang_pinzhiguang.pkm@alpha.gz,ef42961cbb35a90505511c01c5f1c8ca
FE970628FA54EC80D7BD2286AD74522A,601,res/animation/ui/afy_hunting/ui_tx_shouliexingdong.atlas.gz,615da78f4b3882e2d02c869cd21dfe67
0244FD97665E6FAC3F5CDC925BCE08DF,308,res/animation/ui/afy_hunting/ui_tx_shouliexingdong.json.gz,01da0177ec3fff840d8f02797dcaf4e0
C95F9645D7F6DCCA8566137022898B54,49199,res/animation/ui/afy_hunting/ui_tx_shouliexingdong.pkm.gz,b63e53c1fdd012a8e36461d9fbe22aa5
B270FDDBEF72555225BB1E70D49459E0,23531,res/animation/ui/afy_hunting/ui_tx_shouliexingdong.pkm@alpha.gz,70628dde24c798a11a020d2786987b4f
9E7D094CB84AD1522E5D174517D3C1DA,789,res/animation/ui/afy_infinite/tx_ui_tansuohuode.atlas.gz,727c4ef8ff3993f6cc9c3d453a481323
A12094CD293AF9C1252F759C944B4D49,820,res/animation/ui/afy_infinite/tx_ui_tansuohuode.json.gz,566b1cefcb8d85100002dbd8272b66eb
F7FA93FFA6C8FE818FC7F348E92E1A43,110061,res/animation/ui/afy_infinite/tx_ui_tansuohuode.pkm.gz,61a61b9722304cf4c9b56b3596f285ca
0AEC8E0E2E1C39C73BF52F4092A8BF80,84402,res/animation/ui/afy_infinite/tx_ui_tansuohuode.pkm@alpha.gz,670bd6f490152a48eeb5b0f794e64744
4C686C127D0A7722922B9A816B1D94F2,860,res/animation/ui/afy_infinite/ui_tx_kuangqu.atlas.gz,754adc2830767cce9d2a67db2345e1e4
1D79C9B51E520D0AE4799F2C1338C37F,11198,res/animation/ui/afy_infinite/ui_tx_kuangqu.json.gz,951510cc3fe36848f417612ec8c60063
48F51623407A7F6E6682666F50CD5897,68819,res/animation/ui/afy_infinite/ui_tx_kuangqu.pkm.gz,45fada7c1cc1a34bc44d6683024bc55a
F138A7E8C1165BCD49CC054463006A41,27808,res/animation/ui/afy_infinite/ui_tx_kuangqu.pkm@alpha.gz,dd43dae8047ccd6d5aae48afa27e376c
B76EE4EE6F21457261C5C865846BD9CF,888,res/animation/ui/afy_infinite/ui_tx_kuangqugaoji.atlas.gz,7f6970e89de263f39ccde0d1c9848467
6FAD44844AC1B39864F2D04F3E7D85A5,11198,res/animation/ui/afy_infinite/ui_tx_kuangqugaoji.json.gz,951510cc3fe36848f417612ec8c60063
A1407DB099586ACD052CCDF727245EC5,66677,res/animation/ui/afy_infinite/ui_tx_kuangqugaoji.pkm.gz,95a2c9c22f59a8fa56f011229ed35415
9746F948D4B171348040635DAED48209,27808,res/animation/ui/afy_infinite/ui_tx_kuangqugaoji.pkm@alpha.gz,dd43dae8047ccd6d5aae48afa27e376c
1C3138743FFC6C58BC312C35B7935C40,628,res/animation/ui/afy_invade/ui_tx_qiangdiruqin.atlas.gz,536219ec00ab12772db9b0960a0f0e09
0EFB8A77334CCE721D069C7EDF26487C,1002,res/animation/ui/afy_invade/ui_tx_qiangdiruqin.json.gz,83d24c4f338b17625e0ea5102ceae38a
FCE0E827BEC4FDEA5FBDDF9BD65EF08A,215474,res/animation/ui/afy_invade/ui_tx_qiangdiruqin.pkm.gz,35fc6353d3ff6f2203b7cdc7b7edb3f0
044638932F1371714D85B9F0D08F70D9,128709,res/animation/ui/afy_invade/ui_tx_qiangdiruqin.pkm@alpha.gz,143ea5ed6e3f38b249833c89f1ef3c29
16891B6F9944A60E42B65F600C569A9E,764,res/animation/ui/afy_limit/tx_ui_buji.atlas.gz,b17e3599311cd59bcc5c429412c75bea
617229173E33C5FAD433B0A9DF60E63F,2588,res/animation/ui/afy_limit/tx_ui_buji.json.gz,d5a06a2c1fd66419b02bd7ce1b70dc5c
26A9E70D6A7C358717C8228CB8AB27BB,40170,res/animation/ui/afy_limit/tx_ui_buji.pkm.gz,6da5267dac079e94df888a60908a0d01
CBC678F7DFD81D12DDF3296F7778CD31,37612,res/animation/ui/afy_limit/tx_ui_buji.pkm@alpha.gz,9246418750dcbffae5a6ad8f79fee7d6
FD839627FF139CB6CC9C89C6B7019245,5342,res/animation/ui/afy_limit/ui_jiexiantiaozhan_guaji.atlas.gz,6834dde7289347e00ce1fd94f32dbc4e
0321221C534D1AEE53807A025C63C323,98469,res/animation/ui/afy_limit/ui_jiexiantiaozhan_guaji.json.gz,a054bddde7c108a188db56843b4bfc02
25A5D869B6780C79753A5E4A6195B8D6,722047,res/animation/ui/afy_limit/ui_jiexiantiaozhan_guaji.pkm.gz,a05fa78688af561ca2ac6b5169d395b1
6DBA47B53251EB10CDB3EA236AAFF6F2,598441,res/animation/ui/afy_limit/ui_jiexiantiaozhan_guaji.pkm@alpha.gz,b26244cc847c935124f2aa3fc82a512e
B9B351334C577C6DA4E9345DA74F98A1,722,res/animation/ui/afy_limit/ui_tx_jiexianjingying.atlas.gz,d50e395e47ae5add9b49ceef37ceb7e4
16732EDD68FD8753F0FDAE5A25A6AC77,659,res/animation/ui/afy_limit/ui_tx_jiexianjingying.json.gz,7ca11c6e5e3a2641ad379934a2c62ced
1A058941B65B2EB23F3ADEA0B3BDECD0,123957,res/animation/ui/afy_limit/ui_tx_jiexianjingying.pkm.gz,b726fa86b2461bdc59e2ba59a0c07689
D9F6CB09666D3B695563A9F1F243D6AA,111986,res/animation/ui/afy_limit/ui_tx_jiexianjingying.pkm@alpha.gz,18172f229a0fbacedb9a1bdd3ca9cd25
0B009F63EC422F6DE05280405037A9AD,650,res/animation/ui/afy_limit/ui_tx_jiexianteshubaoxiang.atlas.gz,b1276523db7a0077ad4392af37d5e5e9
82A9AAA22BF6AB3D7179C0336221EA48,2533,res/animation/ui/afy_limit/ui_tx_jiexianteshubaoxiang.json.gz,06e70c26eeb2f36b6ce04041170e86f9
E163C2574E22A85823C9B17D6CB10F48,32974,res/animation/ui/afy_limit/ui_tx_jiexianteshubaoxiang.pkm.gz,58db1c46661b3e3d17d1bd89c28af0d1
576A3C8E0245ABBD71F187FE4745D979,21547,res/animation/ui/afy_limit/ui_tx_jiexianteshubaoxiang.pkm@alpha.gz,aa9db64a972da9bb60e23a76cf556fd8
A4D1C15827941BC804B7BE0E8FA73F39,861,res/animation/ui/afy_limit/ui_tx_jiexiantiaozhan.atlas.gz,741a7486971245891d27d7bab036a7c3
227C13B04B710DC4F562ADD43AFD990B,4171,res/animation/ui/afy_limit/ui_tx_jiexiantiaozhan.json.gz,5dfa7bf32c4d06f31c709507b18dc6ec
EA6C6360BFDCC282B3F64B7F8870E944,177200,res/animation/ui/afy_limit/ui_tx_jiexiantiaozhan.pkm.gz,60f87de91f49ef890537d437fcdca140
6CDBA235AE12B243A8A013C233232D32,103701,res/animation/ui/afy_limit/ui_tx_jiexiantiaozhan.pkm@alpha.gz,d0453f5f94ff085826c4edcbb62902eb
9B8765A3AB80A9D52AE3C2868200842A,229,res/animation/ui/afy_limit/ui_tx_jiexiantiaozhan_xuanzhong.atlas.gz,9dbfcc6e8639ef3abb5535c0891effec
5A703E80273166D05FF57859D79FEC52,2870,res/animation/ui/afy_limit/ui_tx_jiexiantiaozhan_xuanzhong.json.gz,2d546ea063186ee71cc3dfb08ca411c3
7150F7BDFAD9E54D023532A2FE04C619,208,res/animation/ui/afy_limit/ui_tx_jiexiantiaozhan_xuanzhong.pkm.gz,8fa93f5a7c801a5a09496aedb39cb1dc
8EE48B5CA0ECED3ABF55F8DDEE73A485,196,res/animation/ui/afy_limit/ui_tx_jiexiantiaozhan_xuanzhong.pkm@alpha.gz,40ab70752342dd67d3bdbf514a8fd8b4
187F653466FA58EEBFD9331A9B76F475,411,res/animation/ui/afy_loading/ui_tx_dabeijing.atlas.gz,da2f350922f4b28ad5eee49220d1daf4
EF473B17329A666B0C03F34AB7EDA448,514,res/animation/ui/afy_loading/ui_tx_dabeijing.json.gz,5e0001795de8c75eaf55471549930866
F538D62212A86CCE042B3E926FBE660B,1664,res/animation/ui/afy_loading/ui_tx_dabeijing.pkm.gz,62057498c552cc31ef56982d7fe07d93
14B3E9C0D6C051E60386387138747D8B,6090,res/animation/ui/afy_loading/ui_tx_dabeijing.pkm@alpha.gz,32f870109ac143d76a1038315621d9e2
C7FA050242630E234C4BFA1F85F702AE,301,res/animation/ui/afy_loading/ui_tx_loading.atlas.gz,ee58bb56be8babde520aad3d8f1e5b98
5BB53A6975808758E505F3C7B22651AB,737,res/animation/ui/afy_loading/ui_tx_loading.json.gz,cdc7f089b30de9724bd9cd3aa9452732
22C03BA8681EDB6CC21911B6404158F7,658,res/animation/ui/afy_loading/ui_tx_loading.pkm.gz,e6293d952136ca14f82876c03d83ab1a
5155B44D280039B29156ED3BC8C3F5E0,967,res/animation/ui/afy_loading/ui_tx_loading.pkm@alpha.gz,a465831b4bdf78ac94cc9c2d45dd99c3
7BCC2EE61A5A8F759170CB3401179408,588,res/animation/ui/afy_login/tx_ui_chuanjianjuese.atlas.gz,b49fd8e4ed00f6500dec128368cec52a
9C93C29DF166A316E4E17E5D2F49B93F,629,res/animation/ui/afy_login/tx_ui_chuanjianjuese.json.gz,ac3d8da486624ca2fcb2deb0e4692487
88BD71C7F93D31AB3B65041374710A0A,33106,res/animation/ui/afy_login/tx_ui_chuanjianjuese.pkm.gz,fb586b8d99e181b2092d6ed9c722a5f2
CADFD1C1120290D1F8A14375F88BD9AD,35846,res/animation/ui/afy_login/tx_ui_chuanjianjuese.pkm@alpha.gz,0ad05db52290403eeae83f8429fc4b3a
33AFDA8D8189CB8301FEEEFF90DDB45C,734,res/animation/ui/afy_login/tx_ui_jinruyouxi.atlas.gz,ae26346195bbcc65d30bd48a7593e840
52DB1EAD6CB6F65D117059FECAC5E88B,680,res/animation/ui/afy_login/tx_ui_jinruyouxi.json.gz,ece40fcef92f2a3d13e93b2b109cc0a3
D11E0440FC31AF02F802FA989CCFA18F,64805,res/animation/ui/afy_login/tx_ui_jinruyouxi.pkm.gz,2b867dbb83ee4b6536da32319e919345
BE0F2EB9EF798E8D0B4B7AF97A457D43,43272,res/animation/ui/afy_login/tx_ui_jinruyouxi.pkm@alpha.gz,d11b9a5d41bf7ab89782b57527d3722f
49CCBB733548D7035FE9063767DAA4B2,564,res/animation/ui/afy_login/ui_chuangjianjuese_qiehuanrenwuguang.atlas.gz,ffdd2ef7b52df603cd4040c525fa6bd0
AAE2DC485B35A723DA168F4CB3F38834,302,res/animation/ui/afy_login/ui_chuangjianjuese_qiehuanrenwuguang.json.gz,4e1b6564d576c50ed87ee7a72d202445
91CA53C6795E18543D33CEB2149FB051,168906,res/animation/ui/afy_login/ui_chuangjianjuese_qiehuanrenwuguang.pkm.gz,d30c35fbb056f572d1ba74676af92f34
6600DC03D39116F736A4627A1DBEE33A,115297,res/animation/ui/afy_login/ui_chuangjianjuese_qiehuanrenwuguang.pkm@alpha.gz,b43a32593fb01fd3ce90aa33606b5315
5AF4C193B2C47DBE42734EB57C850E34,374,res/animation/ui/afy_login/ui_chuangjianjuese_shaizi.atlas.gz,a713855e60b75769da7cdce963d25a75
1763EFF1531A4B9BB9D44B56F4679332,282,res/animation/ui/afy_login/ui_chuangjianjuese_shaizi.json.gz,7f5cd3be6f328823e43ef43410208bf2
657501827D07F500BB5B106E532FE8D3,4911,res/animation/ui/afy_login/ui_chuangjianjuese_shaizi.pkm.gz,b64087202480a81a06fa5f2ce86fe626
72326EFAF04B86FBCD318C57ABC342B4,2894,res/animation/ui/afy_login/ui_chuangjianjuese_shaizi.pkm@alpha.gz,cd0e440d04c45393d9150c07a29abd43
F52D289141E804E87AA9189B400C466C,806,res/animation/ui/afy_login/ui_fengmian_beijing.atlas.gz,ca8c2a77f80f6b28f8267251cf42a552
4475E62EDC80E1CD15FA82CD9285C42D,2428,res/animation/ui/afy_login/ui_fengmian_beijing.json.gz,fa559e397d06d4c6d82beea3789eb234
9B010212D92A026B90C2372EB20081EC,526829,res/animation/ui/afy_login/ui_fengmian_beijing.pkm.gz,470b5e51e70693ba2528b6ec16de5b55
847AA4CBE4094E8299CDF6FC8F352740,80453,res/animation/ui/afy_login/ui_fengmian_beijing.pkm@alpha.gz,108cf0a8debfd5bd5976c8a3b51ac0a1
96F11CFF5837CFC4D38DA861DABA7C17,3030,res/animation/ui/afy_login/ui_fengmian_qianjing.atlas.gz,dffdfd5c2f417979bf10af31ef8c089b
495EF979E127566E0902629612363F49,197081,res/animation/ui/afy_login/ui_fengmian_qianjing.json.gz,90b999234460bca9fa31507f3fbcf3f4
5180C0F5B0B9BB30ABC74367AB854A9A,486595,res/animation/ui/afy_login/ui_fengmian_qianjing.pkm.gz,c6338f8bfadcf8d5609d98bb35718de5
98617A3D2ADAE5BA46D1F8C6A754D9E5,258356,res/animation/ui/afy_login/ui_fengmian_qianjing.pkm@alpha.gz,7b2ac4daab7d8f0e8cbddedc1a47fd2e
C8BCA627F3738EF693BD42C8DAF66130,1847,res/animation/ui/afy_login/ui_fengmian_zhongjing1.atlas.gz,f85accfc076945ba2af81623d59cd51c
BE8BA0E483B2FDD9E936FFD72ED07B3F,48140,res/animation/ui/afy_login/ui_fengmian_zhongjing1.json.gz,0d33b2ffbd9ef746c3ee83ababc17fa3
47BA89AF113FAEE1C95F0B2B18D4954E,133516,res/animation/ui/afy_login/ui_fengmian_zhongjing1.pkm.gz,4363b58723dd1f237335cbdbdcd6d384
C9D32EE7342FDAA0AE1DA8E7D419811F,63113,res/animation/ui/afy_login/ui_fengmian_zhongjing1.pkm@alpha.gz,3ae228d84f7560424c096775dc4c404b
DB77ECC38EC1EFCDA69A5608E7B76246,1188,res/animation/ui/afy_login/ui_fengmian_zhongjing2.atlas.gz,8850a6dad071e60544885b9d00bce887
ABACE6E66F7DFE00EF219D94E62EE766,24036,res/animation/ui/afy_login/ui_fengmian_zhongjing2.json.gz,0ae106fa003a7d1cc510862379ad65b3
4D889236A773EBAC24C1699D0D65FE55,240860,res/animation/ui/afy_login/ui_fengmian_zhongjing2.pkm.gz,6e629a781c254284d1877df90a56f201
7554EA2C9A1D1214477AACC0A5E49BAA,42120,res/animation/ui/afy_login/ui_fengmian_zhongjing2.pkm@alpha.gz,9a4a55a605a1505dcea39377b82982f9
1F243205D86503F45A345DE34BFC6A5E,1107,res/animation/ui/afy_lottery_artifact_limit/ui_tx_chaojibugei.atlas.gz,f5560957badf7c42ef212d0f4fdba223
FDB501B0CD7E487E7F748FDF0A0935F7,870,res/animation/ui/afy_lottery_artifact_limit/ui_tx_chaojibugei.json.gz,8771bc757bbf7c0e36d12b66cc2e61a5
5DFBB0BEA2B2A6E387E2CA4C232293ED,205575,res/animation/ui/afy_lottery_artifact_limit/ui_tx_chaojibugei.pkm.gz,17184bdab6f0de6d17f1a72105234754
02338A37B7BC6566DA29D6FAAC82294A,147182,res/animation/ui/afy_lottery_artifact_limit/ui_tx_chaojibugei.pkm@alpha.gz,7a5f574994578bae87d951a3030327a9
22AE77CE2B419526555BC985ED9DBA02,205,res/animation/ui/afy_mail/tx_ui_youjianlingqu.atlas.gz,d769151e521e8065ba279259363abd62
CB4F613AF03A45B30828D598A9D15E50,204,res/animation/ui/afy_mail/tx_ui_youjianlingqu.json.gz,c6df7c99e45c20666b7b9e681972f9af
53C10A6743491622E72D5F3F6A4EB8CE,534,res/animation/ui/afy_mail/tx_ui_youjianlingqu.pkm.gz,4fb1d6990b33220102cf52f56e7989f2
C00B190B571EEF2AB18B965BB8E6D6CA,632,res/animation/ui/afy_mail/tx_ui_youjianlingqu.pkm@alpha.gz,876f281ffdd5a5a257c0d09c493bbbb6
428F26FCE3307779D1692C7121BD5D7F,222,res/animation/ui/afy_mail/ui_tx_youjian_xuanzhong.atlas.gz,9a37c0b91796515c1fb5b6b2dddab588
FF9973BA44A4432DAE56169466F963A7,153,res/animation/ui/afy_mail/ui_tx_youjian_xuanzhong.json.gz,b4f522793c9f33eaa84d6e148a2adec9
261B24CA5AC5106E7927FB9AC02D1B00,809,res/animation/ui/afy_mail/ui_tx_youjian_xuanzhong.pkm.gz,c08389358666485db61c269a09bbd6df
FFE08626F6F71EC251DD59CACFCEF30C,2197,res/animation/ui/afy_mail/ui_tx_youjian_xuanzhong.pkm@alpha.gz,c748310f5b1d6b8db20d412b818c3246
A5A7C0B7372093A28A70557C8E5B7FE7,517,res/animation/ui/afy_maincity/bt01.atlas.gz,fa10c6d19c756dfdbaef0eb1c90f28f2
B1E4A6883BCF7CDEFA3986509C5DF785,558,res/animation/ui/afy_maincity/bt01.json.gz,7db5374e3d0bb1ee8c1c8c7ff2b852ec
0DA6F14CB74264E1B375D0DFEEB6E68A,5777,res/animation/ui/afy_maincity/bt01.pkm.gz,cb80e12eec44431ba450d36515e5e57c
BEE48C6A7B7BC3CAAC41AECFC3EA022F,3405,res/animation/ui/afy_maincity/bt01.pkm@alpha.gz,0ae92b417d5efe7b1a367fc436a8530f
93C5425ED991058AD65103A458A42ECF,602,res/animation/ui/afy_maincity/bt02.atlas.gz,63a57dad4e891b8bd4dc3c7d41b0fcf1
C2E37521DF4585A140A33DA24745A570,507,res/animation/ui/afy_maincity/bt02.json.gz,d63dffed7730c0aec589f3b17936b74a
8B61EFFAD6E96D05C3BCCD3412B11443,3428,res/animation/ui/afy_maincity/bt02.pkm.gz,bad0a83444203109ae55071a5fcc9eeb
FA2F7177D1AABBE6279ED44DF66AC3AE,2385,res/animation/ui/afy_maincity/bt02.pkm@alpha.gz,37463ba4c077f18694469d1e43ac7a84
13921C3350E13B4A415B1BCF5992B197,576,res/animation/ui/afy_maincity/bt03.atlas.gz,4067822ff07092feb6c602374efdee49
278A605F7A169E850289CC297B38750B,555,res/animation/ui/afy_maincity/bt03.json.gz,49cb624f8a8f32c8850dde86ccd02c50
8D772FB3718FA00534BB0F7E2398E0C5,6272,res/animation/ui/afy_maincity/bt03.pkm.gz,89853e461b57eae4c2d787a4b7a3a4e8
A65A280E3BD85E1556DA160E7693C734,3966,res/animation/ui/afy_maincity/bt03.pkm@alpha.gz,46bca06faaff0053ca7f4da3fdcbedfb
E5E9887F7D1144FCC2F46FE60F55CAA5,284,res/animation/ui/afy_maincity/tx_ui_diaoxiangguangxiao.atlas.gz,fbc0650bbf1c9a94974e0b2e6c2880a6
9604196E09534477E6A04A82BD8A66D3,347,res/animation/ui/afy_maincity/tx_ui_diaoxiangguangxiao.json.gz,85742727ec05b805599de453952d4653
1EC3211E67BB91203087BC7F42CA08A4,87166,res/animation/ui/afy_maincity/tx_ui_diaoxiangguangxiao.pkm.gz,3ed0526e08e1db34cff8bcc25b1ac948
4B284339F7FBDAED472B99B40EB3EEB2,36754,res/animation/ui/afy_maincity/tx_ui_diaoxiangguangxiao.pkm@alpha.gz,c4cacb6b839279ac461afc8de56d781b
AB395F5DE7636E9919E865E94574A18A,354,res/animation/ui/afy_maincity/tx_ui_diaoxiangguzhang.atlas.gz,95323b227e477fbf37995e7046bc437f
E6B261F8F6CE994AC7B00BE5036DFC46,291,res/animation/ui/afy_maincity/tx_ui_diaoxiangguzhang.json.gz,ee3dae31334618bdf248f5d8306aaf35
925A46F7A26AE9D6ED9389636145B181,20192,res/animation/ui/afy_maincity/tx_ui_diaoxiangguzhang.pkm.gz,16f854035d6ed5e6496163f60b372aff
BBC29BE98E5B2A5EFF45E5DA5F76B330,18396,res/animation/ui/afy_maincity/tx_ui_diaoxiangguzhang.pkm@alpha.gz,c5c376d789413298e496235a69ea7bcf
8B269C4A2B938100D00E331EAB593176,521,res/animation/ui/afy_maincity/tx_ui_shouchongtexiao.atlas.gz,64f3fa98852758f3257fe96283952dcc
B404090D2030BFD4DBD940A4803931C5,480,res/animation/ui/afy_maincity/tx_ui_shouchongtexiao.json.gz,dad82b281da523f86dfc548cae68c108
B62AE86C1AA7FF425374844CE2730812,5768,res/animation/ui/afy_maincity/tx_ui_shouchongtexiao.pkm.gz,c13003d687e1c554915c62866e9228c5
CE8DDF23B1F2734132753D6FE712F177,4866,res/animation/ui/afy_maincity/tx_ui_shouchongtexiao.pkm@alpha.gz,4d1f6218c7337722e1dda04774f02e5f
2CE7AA96BAB644B6243D26A18DB56B6D,638,res/animation/ui/afy_maincity/tx_ui_tiliguangbiao.atlas.gz,eb734fef81eb12b92366196f2b66df82
A9A038C87450A82A9E9BB30851C03340,477,res/animation/ui/afy_maincity/tx_ui_tiliguangbiao.json.gz,55c3e6f3df35b5707274ccd66bb5cd26
DABFB7E34BB8DC4CF50E3DC846F46EB2,23741,res/animation/ui/afy_maincity/tx_ui_tiliguangbiao.pkm.gz,94eca77d61bde72f4dbc5dd00726d8bc
FFFDE280659719DFC209C17CBC02DA2C,13161,res/animation/ui/afy_maincity/tx_ui_tiliguangbiao.pkm@alpha.gz,226ab6e23e7e29d9bdb4a8c975dc3b52
A9100F56973EB2931CC182DF9C2E808F,212,res/animation/ui/afy_maincity/tx_ui_tishi_new.atlas.gz,1fe724fa5e585f4590ece887b7475ef9
AD4598EFFA595F98D4BA7CF3240FBEF1,173,res/animation/ui/afy_maincity/tx_ui_tishi_new.json.gz,c02ac4743e1e56aca43ce68ddbfaa38d
6C28E03BFE7BDA15CDED5B9C8B72DC74,824,res/animation/ui/afy_maincity/tx_ui_tishi_new.pkm.gz,518e3b3f97e4ebbcf7fbd8f910b50ed8
F863101DF1F6B8F42E6A075756DB42DA,852,res/animation/ui/afy_maincity/tx_ui_tishi_new.pkm@alpha.gz,fbbcc64e90a77cfd6278cafd9ec7c4bc
13AD112CB126C4F91F7794A6639231A3,1102,res/animation/ui/afy_maincity/tx_ui_xinrenwushuaxin.atlas.gz,144d632eee275f715a388220419bb03e
F14528E12F53BD65E5DF5BF81F01620A,1937,res/animation/ui/afy_maincity/tx_ui_xinrenwushuaxin.json.gz,e3485f7485d1a230eb27345cc81a1dd0
2AFC6E8CB61D35F299A779DBC61E32CE,101691,res/animation/ui/afy_maincity/tx_ui_xinrenwushuaxin.pkm.gz,44115a694e03429b0d6adaecea186da2
23F46E5287AB7D642A5DCE00FCB2BDFA,77786,res/animation/ui/afy_maincity/tx_ui_xinrenwushuaxin.pkm@alpha.gz,98019880beb48c0b1660a08d832a995e
E19B909187448843214326AA47083F9A,259,res/animation/ui/afy_maincity/ui_npc_biaoqing_huanchong.atlas.gz,aaf6db2756aa762559d5ae6a6a9c9fb9
04869AD4BE782C17B2B85159AB2FD024,386,res/animation/ui/afy_maincity/ui_npc_biaoqing_huanchong.json.gz,ca74fc77d5310b53c26574dd5e77387e
704AF03FFA6C28F6D273F7666796CAD6,3424,res/animation/ui/afy_maincity/ui_npc_biaoqing_huanchong.pkm.gz,14a0ad0d272f1aa9509d94e46d180e5b
6AD298A7D061BC014D39790244D6A1A1,2972,res/animation/ui/afy_maincity/ui_npc_biaoqing_huanchong.pkm@alpha.gz,5959c835c04547e3d9ace83e09c5512a
42B898B97173C1989287898D4F2C03E9,264,res/animation/ui/afy_maincity/ui_tx_caidanzhuangshi.atlas.gz,a36f437f2900a7071ed91251fb62532b
59A7F60AB2037381A4A87A71F1512339,374,res/animation/ui/afy_maincity/ui_tx_caidanzhuangshi.json.gz,3710610eca9a24c71d799a783470bedd
1E51E6F5AA46E603292D5AD7F9BADF52,131,res/animation/ui/afy_maincity/ui_tx_caidanzhuangshi.pkm.gz,df688e4c38bfef2d987b863703305ff9
9890E24F369C148999D62DD001C3777F,130,res/animation/ui/afy_maincity/ui_tx_caidanzhuangshi.pkm@alpha.gz,b978bb2d34fcce0b513e56fdce104a1c
D8CD2B346228054C4B6BB826509EEB6D,209,res/animation/ui/afy_maincity/ui_tx_mohezhucheng.atlas.gz,8799912a9ebe1cd480943809a4955320
00B11DD9A1A43DB8C6A6D7CCE3542351,321,res/animation/ui/afy_maincity/ui_tx_mohezhucheng.json.gz,f6da01ad40f8101d81a245ca351ba23a
7D5F7548C9B50DEB327655CC1C799218,969,res/animation/ui/afy_maincity/ui_tx_mohezhucheng.pkm.gz,ef7446b990eac7c5ce1a0774ad63a26b
66230EEB91919FC345EE99F169A49B97,1224,res/animation/ui/afy_maincity/ui_tx_mohezhucheng.pkm@alpha.gz,fe94d14c2a0dfbb55d7dde69985cc115
7BAE4FACEB8577AFE84C9CDE44FA2702,450,res/animation/ui/afy_maincity/ui_tx_qiangzhizhiyin.atlas.gz,4a15f1f6e92bb574f8ade70de1c91b28
12183FE02A52DDCF991C5F868ADD4625,975,res/animation/ui/afy_maincity/ui_tx_qiangzhizhiyin.json.gz,7adcab3298160e8042152479cb1ad3ea
F0FA22918BC3BA54B40A824FD37A8BD3,7777,res/animation/ui/afy_maincity/ui_tx_qiangzhizhiyin.pkm.gz,d2876b0d8fed5b1b4e6f96492489424f
33F877FE7605E7D995F131D0692B855B,13198,res/animation/ui/afy_maincity/ui_tx_qiangzhizhiyin.pkm@alpha.gz,4829acaf449b7d28d7ade4390cb86f5a
5894A33A23F1900969F7F14825111AB9,273,res/animation/ui/afy_maincity/ui_tx_renwu_wancheng.atlas.gz,7c3a0abb6954393de1e03244cbda31f6
DB0CAF0C3858BC7E2C5DBE65796B819B,240,res/animation/ui/afy_maincity/ui_tx_renwu_wancheng.json.gz,fdd6c5e6e9c76e6b613d6bb341eee9e9
3332D98CD7856A159145DF40F1B854C1,4048,res/animation/ui/afy_maincity/ui_tx_renwu_wancheng.pkm.gz,4fae286ea91e26b7b6f369b61428c7cf
44A7B83B9A1AB1C5A773ACCA610ACAFE,2564,res/animation/ui/afy_maincity/ui_tx_renwu_wancheng.pkm@alpha.gz,5d08365702b71ba940f35c113c9b2398
EBAD2ED2BAD81EBB27136F2DC8DDC7BB,271,res/animation/ui/afy_maincity/ui_tx_xinfubenkaiqi.atlas.gz,7ee4255bb70b5d0286153cd75a74bb09
AD9C68FC06B5A828CCC4AE097934747E,705,res/animation/ui/afy_maincity/ui_tx_xinfubenkaiqi.json.gz,37ee3dad4bfa6cf196b67ed87191f6c7
87DEE7A8C822863FAFE1E7B6627A4EC8,12715,res/animation/ui/afy_maincity/ui_tx_xinfubenkaiqi.pkm.gz,0684c374ca071121db1581ff7c3815cb
D1AD1446E008C838305FA7913FD1C5D1,6182,res/animation/ui/afy_maincity/ui_tx_xinfubenkaiqi.pkm@alpha.gz,597103ff8356f455752154787fdead68
258AC970C82E147F2B7D0A9FB85F1BEC,559,res/animation/ui/afy_maincity/ui_tx_zhiyetubiao.atlas.gz,b0442cabd05d1bdf00ada5342c5b3e1f
02716A6AB611D92B63D0E81C511077E1,447,res/animation/ui/afy_maincity/ui_tx_zhiyetubiao.json.gz,4af43d7e4fd4e884ca53a8928ed34eb0
C44793B7A975A1F30393F82731923312,177937,res/animation/ui/afy_maincity/ui_tx_zhiyetubiao.pkm.gz,725ff4c61bd410bdf3fb1901eafdeb0f
2155257E801BB56D3DD933F90A9090DE,76090,res/animation/ui/afy_maincity/ui_tx_zhiyetubiao.pkm@alpha.gz,71ce0326e73fa6ba7bba433bc6a82ae9
EDCCEF29F094C9F2336C38572A37E1F6,1068,res/animation/ui/afy_maincity/ui_tx_zhuchengnaozhong.atlas.gz,97a14c3db67b2c02822b2ee79c14a016
6B2E9DDA924A7821E6FA55D31062E90A,22369,res/animation/ui/afy_maincity/ui_tx_zhuchengnaozhong.json.gz,2d734e9b13191f1b7a9cb347484fec1a
563BB39C123364D55080642B67E2241A,152494,res/animation/ui/afy_maincity/ui_tx_zhuchengnaozhong.pkm.gz,b7dbac3cc3f2c241d3387a470e403a52
DEFEF1E89F7E0CAC65ED33F3A646FF80,101467,res/animation/ui/afy_maincity/ui_tx_zhuchengnaozhong.pkm@alpha.gz,c881eda40c694a82d352df43f04e267e
145FD10BC746431C9BABF201798B0044,308,res/animation/ui/afy_maincity/ui_tx_zhuchengpaimai.atlas.gz,3bda5c08066ed590895fc0adfcb9b34a
E98476C0B0D388F001B976542556F9C5,547,res/animation/ui/afy_maincity/ui_tx_zhuchengpaimai.json.gz,6dbb265f431f1544265d317262ae7919
2EF684B9037EDFC6E221D32610DB6EA2,5701,res/animation/ui/afy_maincity/ui_tx_zhuchengpaimai.pkm.gz,4233285dc4b2a4fa5c189cf105be6ed9
0D268FEB8ACA26B6802E9224FF42330C,4938,res/animation/ui/afy_maincity/ui_tx_zhuchengpaimai.pkm@alpha.gz,03f4fcc89f71f0aa0bbf29db43715772
FD629602853DC5102DDE8AC4A443EE70,791,res/animation/ui/afy_maincity/ui_tx_zhucheng_renwucaidan.atlas.gz,f7a44894ec90e43f1282963ad3b2dba3
6289CD66574840DA041ED0FB34C21037,12757,res/animation/ui/afy_maincity/ui_tx_zhucheng_renwucaidan.json.gz,59b0f6a55c41bab4baecc03cb3df873a
8747B2C6F1FE11DC65C28B47B9C78F1B,191608,res/animation/ui/afy_maincity/ui_tx_zhucheng_renwucaidan.pkm.gz,be4b3480ca7cb9d832a64f6367876adc
A7C8CC251B3B6953A3185507C14DA06B,60827,res/animation/ui/afy_maincity/ui_tx_zhucheng_renwucaidan.pkm@alpha.gz,15650f5250933a67e38a3ba88065be63
0B0836E55569B5A4271AD1E698D1CDA1,935,res/animation/ui/afy_maincity/ui_tx_zhucheng_renwucaidan_leiguangshenshi.atlas.gz,290f540136cfe5345b52fe214d3edf5f
15028A3738C4272A93B2EE2F3280519E,22631,res/animation/ui/afy_maincity/ui_tx_zhucheng_renwucaidan_leiguangshenshi.json.gz,81a40a8f76936113909cdc68f776ba40
1572E11E0DCF1F0CD4DB2ADC5A457045,71504,res/animation/ui/afy_maincity/ui_tx_zhucheng_renwucaidan_leiguangshenshi.pkm.gz,d3eb89dd2ba94cf70a53b121ce054530
67D397E9FEBBEA6451EE37FBE8BE8F3D,39855,res/animation/ui/afy_maincity/ui_tx_zhucheng_renwucaidan_leiguangshenshi.pkm@alpha.gz,7e5cf1a7190e1e9cfeed5976e0079ec6
3E7CCBEC31104DE47146AF3E29E7BC79,939,res/animation/ui/afy_maincity/ui_tx_zhucheng_renwucaidan_lilimu.atlas.gz,621268bbfb19c2a71beb01bcc7fca5cd
068D466338AD21BD853151E29B95B699,19428,res/animation/ui/afy_maincity/ui_tx_zhucheng_renwucaidan_lilimu.json.gz,6313e4347fb913e0392a4d0716fc31e5
B92955B2BA8898653940D0F31275C949,45527,res/animation/ui/afy_maincity/ui_tx_zhucheng_renwucaidan_lilimu.pkm.gz,e702f1eb10a5ac5f0e9068e653413c79
189D7A05835AF63ED117F8B3BE093080,25240,res/animation/ui/afy_maincity/ui_tx_zhucheng_renwucaidan_lilimu.pkm@alpha.gz,5978c10a77de35e8992e24d1fb45d000
10BE7E11F01D4D4479A94DBD82043B57,1237,res/animation/ui/afy_maincity/ui_tx_zhucheng_renwucaidan_nan1.atlas.gz,dfecac0eb5650c903909f15cb22d25ea
888E9025F00D060936822C168934479E,38848,res/animation/ui/afy_maincity/ui_tx_zhucheng_renwucaidan_nan1.json.gz,809aecb705d31d2e344cb7924e456ad4
5A8807159BF243493162169B719B1C73,98395,res/animation/ui/afy_maincity/ui_tx_zhucheng_renwucaidan_nan1.pkm.gz,b89874655054d181355fca2f63354c82
10E7374D7424CEE15DD9AEFA50D2CD5E,52364,res/animation/ui/afy_maincity/ui_tx_zhucheng_renwucaidan_nan1.pkm@alpha.gz,6c115b5ed5e94f3c1cf880a9a630b64a
294783842830F504FD9260539B109CA8,1053,res/animation/ui/afy_maincity/ui_tx_zhucheng_renwucaidan_nan11.atlas.gz,11efd4a850c983543cc51f042fc3b31b
FCA3B34E0FB5CC3487A4AC39004F8F16,29959,res/animation/ui/afy_maincity/ui_tx_zhucheng_renwucaidan_nan11.json.gz,f65aadb68c03fbac2fe00dfa1da7bcb6
F90B158C740BE50A698EF896220A1FAF,65763,res/animation/ui/afy_maincity/ui_tx_zhucheng_renwucaidan_nan11.pkm.gz,19afd2ab70675631ac83c4c42be4396b
DB77A28553DDEEBB34A891B6430F0333,41074,res/animation/ui/afy_maincity/ui_tx_zhucheng_renwucaidan_nan11.pkm@alpha.gz,1fab56f59355081137bcc6afd660a39a
E611EC0560300AC503E63433DF1DEBDB,948,res/animation/ui/afy_maincity/ui_tx_zhucheng_renwucaidan_nv2.atlas.gz,9794cc70d823cb3aceaf1fd566f5145c
97829BAD6B05934211CCE95A06CAE92B,20635,res/animation/ui/afy_maincity/ui_tx_zhucheng_renwucaidan_nv2.json.gz,77c080841c7b5443c5fca63ee54939f3
DD0F2A4A4DCA416177E9FBB089F0082F,135081,res/animation/ui/afy_maincity/ui_tx_zhucheng_renwucaidan_nv2.pkm.gz,215d75e8a5f723b407265d88c5c9e58b
369241EF5D27C36CD8E18AACF2880688,85295,res/animation/ui/afy_maincity/ui_tx_zhucheng_renwucaidan_nv2.pkm@alpha.gz,537d7b226367f4641a703ee652a43076
63CF246C730F26A63E0FD8C80D968F9E,1045,res/animation/ui/afy_maincity/ui_tx_zhucheng_renwucaidan_nv22.atlas.gz,32ecdc1c62cbec451fdf862ab1148fd6
CC6AA29B850995DD02079D89385F6AF1,33393,res/animation/ui/afy_maincity/ui_tx_zhucheng_renwucaidan_nv22.json.gz,63755363e38ff12a96846f696c2bd9bb
F2A230AEF687646ACDBC70711F3AAB19,75167,res/animation/ui/afy_maincity/ui_tx_zhucheng_renwucaidan_nv22.pkm.gz,481df9f4612ed5ad88b788e6523bd68f
F91D5C334B03AC6177DD0B929769C0F6,48400,res/animation/ui/afy_maincity/ui_tx_zhucheng_renwucaidan_nv22.pkm@alpha.gz,407bf5ac32bb1e33e8eaabc9a2afb34d
3F8734B798FB0FF6DD961C3D7310F810,943,res/animation/ui/afy_maincity/ui_tx_zhucheng_renwucaidan_xukongmonv.atlas.gz,d56d8bb844d953d8e14714fb7b447bb4
D75AFCF4E385889F45411E9EC7AC0CFA,34888,res/animation/ui/afy_maincity/ui_tx_zhucheng_renwucaidan_xukongmonv.json.gz,41ba299ed397083b81eb59374db933d1
C7DF0B0B4D83CE89BFB5890982A1C3A0,76859,res/animation/ui/afy_maincity/ui_tx_zhucheng_renwucaidan_xukongmonv.pkm.gz,a5963e5290364ae6b0984dcab6b12afe
D043D704F650AB439D9A5A4580BD7E73,43030,res/animation/ui/afy_maincity/ui_tx_zhucheng_renwucaidan_xukongmonv.pkm@alpha.gz,16a67c96555d5840ee0d15ecc86e9f53
C52A5AC16F1C77A6D745904D6CEC1D9C,212,res/animation/ui/afy_maincity/ui_tx_zhujiemiantouxiangtanhao.atlas.gz,5ba904f418c0a2c4f6e782d93c3978fc
30A0326A33934BB1DEDE415F517D618F,219,res/animation/ui/afy_maincity/ui_tx_zhujiemiantouxiangtanhao.json.gz,1ed2898e86f06236f04af74fbe568e30
BB0DE57EADE91484E72C29C7CCC19754,699,res/animation/ui/afy_maincity/ui_tx_zhujiemiantouxiangtanhao.pkm.gz,ecac69b2c5535c70e3a5681b4c556d99
FB2AF7B80F6CFB803431D4AA92B5E2EE,475,res/animation/ui/afy_maincity/ui_tx_zhujiemiantouxiangtanhao.pkm@alpha.gz,9e97dca681b24ffabce7be2804b34392
5C4EC81A1566B97C55425811EAF59A02,343,res/animation/ui/afy_maincity/ui_tx_ziyuantiaosanjiaodonghua.atlas.gz,f43fd74314af10e4e15fd67d7b0cbe6e
24AB74B1376A5789F41AFAF9D3233947,188,res/animation/ui/afy_maincity/ui_tx_ziyuantiaosanjiaodonghua.json.gz,dc303a51e5349654d779b03006e0cbad
E7DFD02525AF0404B8C957D39810B35E,613,res/animation/ui/afy_maincity/ui_tx_ziyuantiaosanjiaodonghua.pkm.gz,436a20a5eb7bbfd6147a895c6d2c10cc
C6DB25E870641E2C2750D33638046936,863,res/animation/ui/afy_maincity/ui_tx_ziyuantiaosanjiaodonghua.pkm@alpha.gz,c87e49d06a4beadb54156e67f99538a2
035CBE4005E251CD758BEB779925EE4E,954,res/animation/ui/afy_maincity/fashion_menu/anmiemoyi_lilimu_xiongxiang.atlas.gz,d9d045b50d9f84d6a7f399e2fd9491af
37D73216D469A8AAE104833F506FDB09,102979,res/animation/ui/afy_maincity/fashion_menu/anmiemoyi_lilimu_xiongxiang.json.gz,c946a7b8b24458e512fb20102f0d3507
C62C6A03399DD3E3FB813C2536206DF4,18088,res/animation/ui/afy_maincity/fashion_menu/anmiemoyi_lilimu_xiongxiang.pkm.gz,b5ca5fd5b16ded62fe60a03a03134e53
0335C1EE9B9C79BC0AC6E26C8CDC3AE8,9720,res/animation/ui/afy_maincity/fashion_menu/anmiemoyi_lilimu_xiongxiang.pkm@alpha.gz,8fc0382ede76dc6dcbb2d05500c18156
180E260095BA4AAAC991ED4BB17EB6E7,1162,res/animation/ui/afy_maincity/fashion_menu/anmiemoyi_ling_xiongxiang.atlas.gz,66f8455ad1a652d9c5a6c22a8ffa8a61
B1895482FE9CB36ECB60411A4B1E483B,42967,res/animation/ui/afy_maincity/fashion_menu/anmiemoyi_ling_xiongxiang.json.gz,7d94735e4106fd7834df737ac79df5cf
C7E969DEE123038273B38963F1B571F7,53035,res/animation/ui/afy_maincity/fashion_menu/anmiemoyi_ling_xiongxiang.pkm.gz,d3488f20ed6cf234ad819192bbfa5726
801176400ECC42C52F334181047332B5,28015,res/animation/ui/afy_maincity/fashion_menu/anmiemoyi_ling_xiongxiang.pkm@alpha.gz,298d7c789c1d31b93cb9a128f2c321c5
4F22D30A8F6A4ED61EEC6146A320D727,1108,res/animation/ui/afy_maincity/fashion_menu/anmiemoyi_shenyue_xiongxiang.atlas.gz,1fea23d10f2426a288cafe697b56b341
427126023DBE8E15881D2C705EE08E8A,42635,res/animation/ui/afy_maincity/fashion_menu/anmiemoyi_shenyue_xiongxiang.json.gz,41e6db6970749eb318a0c6a7cc536233
D3004DA398471E25168496B49ADAAAA2,40658,res/animation/ui/afy_maincity/fashion_menu/anmiemoyi_shenyue_xiongxiang.pkm.gz,ec59de8c83a939a42c3680baa0003715
5E02E992BA1E8668423B67FA281969D2,19564,res/animation/ui/afy_maincity/fashion_menu/anmiemoyi_shenyue_xiongxiang.pkm@alpha.gz,7b7bda8cca097935eadb484523f6cb2a
12B04D0FC3055547951029BC3133D66A,759,res/animation/ui/afy_maincity/fashion_menu/canglanhundun_lilimu_xiongxiang.atlas.gz,3a9ca4f81eb998bb7c1176ac3597eedd
7A90FCEDDCF41C072ED332011F55A260,14966,res/animation/ui/afy_maincity/fashion_menu/canglanhundun_lilimu_xiongxiang.json.gz,257b447e655dad1e43352aaa2e72f906
0C91F3A204CCB34ED59C672B1D3F2C69,133387,res/animation/ui/afy_maincity/fashion_menu/canglanhundun_lilimu_xiongxiang.pkm.gz,275b5c84a3ff5744412c99e1a401ccae
6C3CCD3899D8C50B332CD3DD7F1B8E19,43891,res/animation/ui/afy_maincity/fashion_menu/canglanhundun_lilimu_xiongxiang.pkm@alpha.gz,f091f3ef185c43410a92d2e0b64a7f8c
34AB440ACB41AE43A31D6AFF48668E79,1249,res/animation/ui/afy_maincity/fashion_menu/lihui_bianyuhaike_lilimu_half.atlas.gz,3a78cabe373a5f97da0e1ba4156abb5e
670DA1926003A5114C1617924BD0D07A,250902,res/animation/ui/afy_maincity/fashion_menu/lihui_bianyuhaike_lilimu_half.json.gz,3f8c22ac8e79c15c33ea7fa1c3f47f2f
644632067A22F0AE6BFD330553B1B9B9,60853,res/animation/ui/afy_maincity/fashion_menu/lihui_bianyuhaike_lilimu_half.pkm.gz,8b9e09603a78766f9a3df805782f379e
B79B518231B8D9F1F7717FB8183FE18F,30854,res/animation/ui/afy_maincity/fashion_menu/lihui_bianyuhaike_lilimu_half.pkm@alpha.gz,70d06354f788f53addc96aa4f63130ff
7AC982D4B991393F9D23CDA53FA3519C,1093,res/animation/ui/afy_maincity/fashion_menu/lihui_bianyuhaike_ling_half.atlas.gz,bb589e8150108b8e592f320aa374811c
C7936225DF17046F7ED43687351D49DA,167303,res/animation/ui/afy_maincity/fashion_menu/lihui_bianyuhaike_ling_half.json.gz,9577c716534f01054ec9f2470dc85675
CC35C042C3282BB6505A3579B39F89E2,34556,res/animation/ui/afy_maincity/fashion_menu/lihui_bianyuhaike_ling_half.pkm.gz,746d7dc1114b05a3e9b46714bc2bc955
5B884853FA7E9EF83F7A71DDF34D34AA,16863,res/animation/ui/afy_maincity/fashion_menu/lihui_bianyuhaike_ling_half.pkm@alpha.gz,7019bdcc663243abbac0fefe5529bde5
1EA95A01A9FA500FD63E78E30FC5410F,848,res/animation/ui/afy_maincity/fashion_menu/lihui_shenmijianshi_half.atlas.gz,aca7502fe8ca59b7b548477756e23e86
735C9295F462E1DE9DC87053B0AAEBFB,30317,res/animation/ui/afy_maincity/fashion_menu/lihui_shenmijianshi_half.json.gz,d7439b4a3dec384609b4b994e52a9cc3
2121688963AA9BCAE519E56E2EEE514C,21687,res/animation/ui/afy_maincity/fashion_menu/lihui_shenmijianshi_half.pkm.gz,4d26e39fc3f03309c5af6f0bed323f6e
0F89326D1049CB093A1AA966A6BF69AF,14632,res/animation/ui/afy_maincity/fashion_menu/lihui_shenmijianshi_half.pkm@alpha.gz,2af5befe85f7d29a16e206eb04d73d4b
9383E63BE2E5E7478C0E5E154A542B9F,1031,res/animation/ui/afy_maincity/fashion_menu/mx_canglangdichen_lilimu_xiongxiang.atlas.gz,a27a22f49a72679564267d29e6e20d1e
4A7879D786CF51B465D665F0D0DF3586,108717,res/animation/ui/afy_maincity/fashion_menu/mx_canglangdichen_lilimu_xiongxiang.json.gz,c5022fb2c8fa9a66a185b290c7c85083
18B2297883E308D457206302AC4AA836,64354,res/animation/ui/afy_maincity/fashion_menu/mx_canglangdichen_lilimu_xiongxiang.pkm.gz,c14f3788c3d2ef97bcd34cb557dbe4cb
052662170441564D99E184D643ABE308,36808,res/animation/ui/afy_maincity/fashion_menu/mx_canglangdichen_lilimu_xiongxiang.pkm@alpha.gz,0c7de0f0bb6ac98e034402c6557c592b
ADDFF863A0416CB4930A9D9033AC54D6,972,res/animation/ui/afy_maincity/fashion_menu/mx_canglangdichen_ling_xiongxiang.atlas.gz,b9020990e6292d7451068894638e00fa
D560092601D65098B3BEEB0F19F0BA40,69632,res/animation/ui/afy_maincity/fashion_menu/mx_canglangdichen_ling_xiongxiang.json.gz,fcd846dbdd78684a4ec87bc12afa4546
E6ED24F0B4F9BEE64A5DB11910326774,53725,res/animation/ui/afy_maincity/fashion_menu/mx_canglangdichen_ling_xiongxiang.pkm.gz,f0054e065525b058830df06765d10be4
2E1A785E96EE330EC1DFEC8777ABBD4C,31359,res/animation/ui/afy_maincity/fashion_menu/mx_canglangdichen_ling_xiongxiang.pkm@alpha.gz,05ac94a2554b704dd74000809396cab7
593E356BCA2E07081E3AF6D542393C8E,689,res/animation/ui/afy_maincity/fashion_menu/mx_canglangdichen_shenyue_xiongxiang.atlas.gz,95ecdba49eb57047de612fed767ae378
2E438BCDA002642356BBEB6A7EC11D4B,55736,res/animation/ui/afy_maincity/fashion_menu/mx_canglangdichen_shenyue_xiongxiang.json.gz,99aa06f817d7f3f21ae63fc5dc99c31f
C501BD5847DFB8D9EC985060B93BF2C5,32825,res/animation/ui/afy_maincity/fashion_menu/mx_canglangdichen_shenyue_xiongxiang.pkm.gz,4d26b507288e02ff323a1c1b108c9479
F851A3905CB0F86A15A4D6DB3E537492,13881,res/animation/ui/afy_maincity/fashion_menu/mx_canglangdichen_shenyue_xiongxiang.pkm@alpha.gz,90bc3c8a40a6e59e38cfa001e4ad68da
ABE6B3B652AB7B735D15A85E330CE150,813,res/animation/ui/afy_maincity/fashion_menu/ui_zhucheng_renwucaidan_canglanhundun_nan1.atlas.gz,1b23260a651dc41d3697d0071d686b9b
B7965889A5B26D437E10C47FBEC37DBE,23261,res/animation/ui/afy_maincity/fashion_menu/ui_zhucheng_renwucaidan_canglanhundun_nan1.json.gz,6fd190fef32d7a515076ce1bfa81a760
AA9F702CEEEA45504F1087626AB2AF1A,88315,res/animation/ui/afy_maincity/fashion_menu/ui_zhucheng_renwucaidan_canglanhundun_nan1.pkm.gz,69c3c4e160de88fecc4f9d10f0565c19
C62C7C3699982A0BC5F4A61BD9523FF9,34295,res/animation/ui/afy_maincity/fashion_menu/ui_zhucheng_renwucaidan_canglanhundun_nan1.pkm@alpha.gz,df430ff35cd447383efefe8f1695e407
5B239920A7F14E805A2629B6867CFFCB,1094,res/animation/ui/afy_maincity/fashion_menu/ui_zhucheng_renwucaidan_canglanhundun_nv2.atlas.gz,f5adceb1f27428e59bf3ac32aa7cbfda
E1C2FF2909331BA0DB1DE07111BC0746,18057,res/animation/ui/afy_maincity/fashion_menu/ui_zhucheng_renwucaidan_canglanhundun_nv2.json.gz,9e737967043b0deb97d5a16effdb003a
744CA61C276CFE95FAE75303DF3F6361,140154,res/animation/ui/afy_maincity/fashion_menu/ui_zhucheng_renwucaidan_canglanhundun_nv2.pkm.gz,e519ab5acbd3a9593d487277bcdc5424
7DCFC656295B15F351E0A2BDD45F7E19,63152,res/animation/ui/afy_maincity/fashion_menu/ui_zhucheng_renwucaidan_canglanhundun_nv2.pkm@alpha.gz,5d5ef31bb215d359487e7e4e866a5a61
09291730545754AA05F4656F395CC820,614,res/animation/ui/afy_maincity/fashion_menu/zhongyanqishi_lilimu_xiongxiang.atlas.gz,a6ee238cafea41e225c8164d7db953d9
09721E243FBA42E3457C70A42A86DEE0,42935,res/animation/ui/afy_maincity/fashion_menu/zhongyanqishi_lilimu_xiongxiang.json.gz,22617727532b082a375e4c4caca482dd
C0DECC13E37ECE65A5167D6CB85AA941,52494,res/animation/ui/afy_maincity/fashion_menu/zhongyanqishi_lilimu_xiongxiang.pkm.gz,3886047519b3c13bb9216377b6fb0673
2A1C29F3070F2AB66BA1AD1C0AD30EA6,23059,res/animation/ui/afy_maincity/fashion_menu/zhongyanqishi_lilimu_xiongxiang.pkm@alpha.gz,2f92b71146ead193b57a3711c11fe63d
3424ABFD40965B35C53B62FDC09E9A48,997,res/animation/ui/afy_maincity/fashion_menu/zhongyanqishi_ling_xiongxiang.atlas.gz,8c8668333de2936e604d92c41a9bbda6
AECDD5EC279DB856868E2C028D314A22,119258,res/animation/ui/afy_maincity/fashion_menu/zhongyanqishi_ling_xiongxiang.json.gz,7305f24b968bc024386ff1e3b437c206
BF00F9A95D42FE2D817A74F1246D554B,142871,res/animation/ui/afy_maincity/fashion_menu/zhongyanqishi_ling_xiongxiang.pkm.gz,eafcc34b9c433cf9c4c17f8296b57131
4C11292FB04AAD920E3850D1B4074CDE,56599,res/animation/ui/afy_maincity/fashion_menu/zhongyanqishi_ling_xiongxiang.pkm@alpha.gz,3f02e37af369eb09ea881ae7014b4446
03F3A0852C22F604D4F7AA9186CBC694,686,res/animation/ui/afy_maincity/fashion_menu/zhongyanqishi_shenyue_xiongxiang.atlas.gz,03d167932483cdee9875ca807f7571ad
28109A8069FA1A546A732C7C90537F9C,13813,res/animation/ui/afy_maincity/fashion_menu/zhongyanqishi_shenyue_xiongxiang.json.gz,f461bb5674192ed7c976bb31b566f458
F10CB68180BE3B238BA6C5B1BD4D78B5,147848,res/animation/ui/afy_maincity/fashion_menu/zhongyanqishi_shenyue_xiongxiang.pkm.gz,0871eec43c20d1879ac2cf21ed2ec640
CDAAE51F6BA6B051643628E10117316D,75506,res/animation/ui/afy_maincity/fashion_menu/zhongyanqishi_shenyue_xiongxiang.pkm@alpha.gz,9fd6191589191ae2788062b6f8b42943
4DAAF9DC990F9BC5B520EFF1AEC7DA5F,816,res/animation/ui/afy_make/jixiebi.atlas.gz,0d1ab24aa3251ddaf3d284c6d215187b
0F55F3DAFB08C574E1E5FA46841402B5,2461,res/animation/ui/afy_make/jixiebi.json.gz,b355a661578e641852315fca65193f52
CCBB87CFE2AFF968BC6440D9785C1493,41328,res/animation/ui/afy_make/jixiebi.pkm.gz,9fe034a0aec317f266f21fbbf0051afb
029BB42893B45A859525E6A78C5963CB,19311,res/animation/ui/afy_make/jixiebi.pkm@alpha.gz,0b2cc9b3c7ff5922e43da4e32860b688
3BA72604714587C91FA96B8EE838734C,1545,res/animation/ui/afy_make/ui_tx_zhizuopinzhi.atlas.gz,e60606d7b3743df58cf299a2d18726bc
9F73F60A068F8C02532A346BCD00F886,2479,res/animation/ui/afy_make/ui_tx_zhizuopinzhi.json.gz,0dc85218262fc38300781a4fb9a867af
9BDBED15177AE651BE1A9ED95F8AA283,350543,res/animation/ui/afy_make/ui_tx_zhizuopinzhi.pkm.gz,7e7a48f0e6a263c18a5381ba5035c132
26323F034AC66909ADFAC34248394CD9,212347,res/animation/ui/afy_make/ui_tx_zhizuopinzhi.pkm@alpha.gz,fea4b5aae3a4f879257c14a9cb103419
D6BC9131777DEA9BF7CCAEA9976CCF05,668,res/animation/ui/afy_newyear/ui_tx_nianshou.atlas.gz,d5852df425e4449ee4dcad1c59580206
BE7DAB2748471FA79BE02326A28EE962,6630,res/animation/ui/afy_newyear/ui_tx_nianshou.json.gz,f24299b18582906fabc39f2150172b37
3DEFB66212521399638B4B7D0D614883,196741,res/animation/ui/afy_newyear/ui_tx_nianshou.pkm.gz,dc7283c126eb8c29d728c188dfddbc2c
01BEBAD14B66C55A3A7C392B385AB8C6,169894,res/animation/ui/afy_newyear/ui_tx_nianshou.pkm@alpha.gz,79d857d80270cb53a7de8e3672f5e7de
6139A39FDCB74AF7E578A86B7E37B7DA,721,res/animation/ui/afy_paidactivity/ui_tx_bannertexiao.atlas.gz,0c2ce8fafc94d4703b8259ad72f7da48
45C01AED02245399A38A0202E34AF469,427,res/animation/ui/afy_paidactivity/ui_tx_bannertexiao.json.gz,3334c62e26e6dc5498a4ddf9804de876
86442374970707C904BA82B805FE048D,94291,res/animation/ui/afy_paidactivity/ui_tx_bannertexiao.pkm.gz,881fb280403b47962ec0a412dfdfd3ad
9749EEE4578B9D8275C2452518A81998,31323,res/animation/ui/afy_paidactivity/ui_tx_bannertexiao.pkm@alpha.gz,02f96cbffc25ab1aeee6bdeaea3c56ba
0B866FA31921C4862E3F4FF2F266196E,1567,res/animation/ui/afy_partner/huoban_lihui_ailin.atlas.gz,c01c8cf12ff9fb439abd02bc645d58ea
E12EE0A9DD94828443B8A1FEAF24B436,158856,res/animation/ui/afy_partner/huoban_lihui_ailin.json.gz,8978cd2f5b3cb6c8326bc98219510674
B19F43EAF5886E92B5DB1A1B1B805709,217402,res/animation/ui/afy_partner/huoban_lihui_ailin.pkm.gz,141ee4238de2819746b922ca3172e65c
D66DBD24ADDF949604FFCE5FE26BE4A3,98494,res/animation/ui/afy_partner/huoban_lihui_ailin.pkm@alpha.gz,3073ba6d89b6c2a6bbc7b3e3ba53e2fc
543A797589BCBEFD39BF49401DE9B3CD,1340,res/animation/ui/afy_partner/huoban_lihui_heiyan.atlas.gz,9cd0e8778ab80cc37c190e072a1102d4
5BB33A52487168B41832FC1EC9CBCB9A,84542,res/animation/ui/afy_partner/huoban_lihui_heiyan.json.gz,34665294fbb0d40176ab915089839e7e
6A66E015C3E76101AC15E72DB5ACD819,461166,res/animation/ui/afy_partner/huoban_lihui_heiyan.pkm.gz,30ce6178957ea12c26be440dc123b5f4
A2044376E3999EB7244BE38EBB3D023D,292417,res/animation/ui/afy_partner/huoban_lihui_heiyan.pkm@alpha.gz,cff28484032de11b44de063bc3816db7
EC6E3DAE88CBCC3A2EAD6856B90A0E3B,1052,res/animation/ui/afy_partner/huoban_lihui_xueshi.atlas.gz,4802515bc13f9746dae5f1955b1513b6
20FF16CA3413FD11E71BA449EB403E71,116145,res/animation/ui/afy_partner/huoban_lihui_xueshi.json.gz,7826894631ba29dbb569dc8c8045661c
9589414AED75D5EC53301861C3B403AA,73830,res/animation/ui/afy_partner/huoban_lihui_xueshi.pkm.gz,b3b6c767417753f60ce44b24e500168a
E2BB5CB275125D3754E8D1885AD73595,28229,res/animation/ui/afy_partner/huoban_lihui_xueshi.pkm@alpha.gz,d0fcb211d72b5b3213851932a2d6f10b
F8C211DE3ED1574E69A8ED55D82EB88E,858,res/animation/ui/afy_partner/ui_tx_huoban.atlas.gz,100181df1835749dc16453a887fd06cf
BEDD5EA4A52C2F2D8372775195040932,2310,res/animation/ui/afy_partner/ui_tx_huoban.json.gz,0256ec20b9781900ac9633bce13ed4c6
859D1131C8E00FC6A2B2B16F9E189279,69951,res/animation/ui/afy_partner/ui_tx_huoban.pkm.gz,5c711369ee3ceba1e3b0fb628543b7af
18A7BE6B0B3EDEF64ACBB152AE1CBA4E,50929,res/animation/ui/afy_partner/ui_tx_huoban.pkm@alpha.gz,db581038e6b9406095c7cb41de8e1a28
EFAAFD336AF6D260FB909EDC71DF0A1B,216,res/animation/ui/afy_partner/ui_tx_huobandangan.atlas.gz,94de6d85f3cf2ad2fea4e600a1394290
DAAFF0EFF3A5C97DD0702BB94B099567,221,res/animation/ui/afy_partner/ui_tx_huobandangan.json.gz,6d5f3f69312043b6992c1abdc0581ed2
7326E03F14D7426751C8FE759C77B408,85933,res/animation/ui/afy_partner/ui_tx_huobandangan.pkm.gz,d6d25b3a06301c4b197c81c4036ee7b4
A19EEB814C3376C2E6E0ED79D298450E,54472,res/animation/ui/afy_partner/ui_tx_huobandangan.pkm@alpha.gz,7c36791a350836e012d272f9351805f6
EE47EA32E4B015FDB59BD19E027D6454,497,res/animation/ui/afy_partner/ui_tx_huobanshengji.atlas.gz,7232db77a72ed73a647819d656ba5d74
BE4FBB2A942F42B66C9321E6B84D11B4,1473,res/animation/ui/afy_partner/ui_tx_huobanshengji.json.gz,1869b3093d4d04e4dd77ddf2c3d2cc7e
F1CD867F1D4C0A60092A850D503320B7,1002,res/animation/ui/afy_partner/ui_tx_huobanshengji.pkm.gz,6d0eb57ff644c12b03b39a4c9db2ad8c
A175A7B32B7300C28623D9EBE1DB4609,8294,res/animation/ui/afy_partner/ui_tx_huobanshengji.pkm@alpha.gz,0ff442d5c759072507530de874506308
03664AA48B43F1D2411989B217DE6C95,385,res/animation/ui/afy_partner/ui_tx_huobanshengxing.atlas.gz,fd6a60c51f3ce9ecc48d3d8f661fb194
414C2A5C4699E9CC089426B1297E6D10,838,res/animation/ui/afy_partner/ui_tx_huobanshengxing.json.gz,90fe47f2f7120603fc2a4709ec446529
426CE5C3E5A65498A3DF6D382ADD91F4,64246,res/animation/ui/afy_partner/ui_tx_huobanshengxing.pkm.gz,5ee077ed79ee63fa1e42ebd42f97c828
7C12C77D7CE16C22A62F2321A623F908,42651,res/animation/ui/afy_partner/ui_tx_huobanshengxing.pkm@alpha.gz,c3f5718622cc38d0958b07fc67d25257
66BC0DB5EEE0227B07EF86D260AFB58D,775,res/animation/ui/afy_partner/ui_tx_huobanwuqi_heiyan.atlas.gz,08e5cd96035af926572481d893a8f72a
EDA3E702A9CAA16EAA9548123CDBEF17,424,res/animation/ui/afy_partner/ui_tx_huobanwuqi_heiyan.json.gz,6fed9480c640e2fa786a710dd7694da6
10F1556CE8FEAFC0A0A96D0A1971FAFA,76045,res/animation/ui/afy_partner/ui_tx_huobanwuqi_heiyan.pkm.gz,6f7107a2268d3b4d5264007a1df1cbb4
1538E84BE938043286AB37F0F59AACC6,41367,res/animation/ui/afy_partner/ui_tx_huobanwuqi_heiyan.pkm@alpha.gz,bebdce84f87aa49ad73861475f5a354b
D77409341BBF01662652FCE3AACB67EF,842,res/animation/ui/afy_partner/ui_tx_huobanxingji.atlas.gz,f167978c90d2c452a0b89e6d81ccf7f4
7B0DB1E916AF9260240A6368B92E822B,1539,res/animation/ui/afy_partner/ui_tx_huobanxingji.json.gz,66c8f17f6ddf6587883cf555ce0313e5
1AB349D0D043C49E3443D18A41D2A81C,23577,res/animation/ui/afy_partner/ui_tx_huobanxingji.pkm.gz,03068a177d91aad398de0633c06cb94c
9B642B306525A75D77EC69817EA3B215,13887,res/animation/ui/afy_partner/ui_tx_huobanxingji.pkm@alpha.gz,b322a0f65ab4f5e3916b1815dec3dd77
CA03BB496471CEBE3748470009215145,904,res/animation/ui/afy_partner/ui_tx_huobanxuanze.atlas.gz,71d769dec630ec5ed329eb84a4eb7b63
578E3203ACDE676ABF96DED000664417,2525,res/animation/ui/afy_partner/ui_tx_huobanxuanze.json.gz,2bf6a63b0a46856f692d5eaa82e08fef
4B7D808B7264403625226AD29B66684B,1381984,res/animation/ui/afy_partner/ui_tx_huobanxuanze.pkm.gz,1d5f6730414a47569336b44863be4752
4F39076096E7FDDE3E22E6F1219EA9FD,1016039,res/animation/ui/afy_partner/ui_tx_huobanxuanze.pkm@alpha.gz,2f58abdcf99d2ac2e7fab2fefa470e23
AE29D4CED92605CFBC046C239CD7C71F,1107,res/animation/ui/afy_partner/ui_tx_huobanzhandou.atlas.gz,c0d018d6134fb8f9040051faca99b323
F0FD135A46C5D888479FF904573593F9,1323,res/animation/ui/afy_partner/ui_tx_huobanzhandou.json.gz,398995a111aaaa53670281f1f6897e7c
E27861FBE117A4267A5863FC28B6805A,873596,res/animation/ui/afy_partner/ui_tx_huobanzhandou.pkm.gz,86a03475cd2782f9171f8c9be0f307b4
9C9045469D7CC60ED718D1A3924426A1,473680,res/animation/ui/afy_partner/ui_tx_huobanzhandou.pkm@alpha.gz,3f1f8257bc8a66420aa2aa940bbc8789
FD52F333D95F08843117AC0CADEA920E,728,res/animation/ui/afy_partner/ui_tx_zhuanwu_ailin01.atlas.gz,5ad1bce99f8705348d6faab126c0a09d
5BC87D9F08D5E09C2EC5AE34C686E88D,453,res/animation/ui/afy_partner/ui_tx_zhuanwu_ailin01.json.gz,8695ebb21ff93c57cd9658cf405de430
FF8A4693263D01476E5540C8F1B554CF,132820,res/animation/ui/afy_partner/ui_tx_zhuanwu_ailin01.pkm.gz,d0dfbb5f623f505e47c2892ed20322d3
B35B2313CE20935215AA3EE971DDE982,88085,res/animation/ui/afy_partner/ui_tx_zhuanwu_ailin01.pkm@alpha.gz,e52e14880e9e28e496f6fa0e504bb638
BDBBD4D62D79B6D536CBF7BED9E6703A,1082,res/animation/ui/afy_partnertower/ui_tx_xuwuzhita1.atlas.gz,22bac459cbec474134080f681f03d36e
3252F576D1B6D4B6437E9C6C61C999F2,842,res/animation/ui/afy_partnertower/ui_tx_xuwuzhita1.json.gz,633dc9cdd0e2f06c62efb6347d376558
374C44B21EB9EC2523B60F74165F5A91,305959,res/animation/ui/afy_partnertower/ui_tx_xuwuzhita1.pkm.gz,4134f290e90a5904aa5dfe5d8388aedc
19D3FE777228FEB0A03E93242F0A2598,232912,res/animation/ui/afy_partnertower/ui_tx_xuwuzhita1.pkm@alpha.gz,0d492207fb1e215cdc726b63a24f9d0a
5A65EF3A822A4C4E46F87B0A1F3E1F40,575,res/animation/ui/afy_partnertower/ui_tx_xuwuzhita2.atlas.gz,35e78c393e76241a90ca7683634ec30f
9C59ABE884757A8DCEF18FD57E44C73D,346,res/animation/ui/afy_partnertower/ui_tx_xuwuzhita2.json.gz,5da5624879e17d83719956cace7209dd
78E1E08E79E6F678153B0CA6CBC308FC,724529,res/animation/ui/afy_partnertower/ui_tx_xuwuzhita2.pkm.gz,888204c470323188cba150e228c6c19e
13B20F27D891149610EC8D886B4B0CEE,178010,res/animation/ui/afy_partnertower/ui_tx_xuwuzhita2.pkm@alpha.gz,2830445e989b9bcd2b4af2bc09a964a9
7FE9B83F1683ACE1990FCDA4F413D0EF,716,res/animation/ui/afy_partner_arms/mx_huoban_01xueshi_wuqi_zhuanwu1.atlas.gz,f4399a7d312dd5cd23218a9852af3e39
2ED69E794F944FE73800AD32E205A857,2729,res/animation/ui/afy_partner_arms/mx_huoban_01xueshi_wuqi_zhuanwu1.json.gz,ebb58a597ca6aaa5b885db3fcfbb9b7c
5704E128879132F67EA618780A9685A9,56432,res/animation/ui/afy_partner_arms/mx_huoban_01xueshi_wuqi_zhuanwu1.pkm.gz,8a998dc32f621602c608f20d1ed7f0e4
74A553BDB8150FD9F598B5CD061489B3,43207,res/animation/ui/afy_partner_arms/mx_huoban_01xueshi_wuqi_zhuanwu1.pkm@alpha.gz,4d6963e18d29512939da308a705d197f
5ADF3C6C1FD0778273CED39F5A8A74F7,500,res/animation/ui/afy_partner_arms/mx_huoban_01xuesh_wuqi_chushi.atlas.gz,7059f14d91932d549d7cddc6be67114d
30DC0F6FFF39E491EAEEF3FB16EEDE8A,2291,res/animation/ui/afy_partner_arms/mx_huoban_01xuesh_wuqi_chushi.json.gz,0d718b4c8fd95fc09892c15e80200305
8AEF7CDA735CC11EC08A46EA28891664,2786,res/animation/ui/afy_partner_arms/mx_huoban_01xuesh_wuqi_chushi.pkm.gz,0ed56e7d575f30f39c80d08cc5943865
581E72AC1D4F128E1DEE05404CAB9192,1873,res/animation/ui/afy_partner_arms/mx_huoban_01xuesh_wuqi_chushi.pkm@alpha.gz,38501c12991939e54382ed99edafb89d
138705083CA6E89922A3DD475E55B88B,277,res/animation/ui/afy_partner_arms/mx_huoban_04heiyan_wuqi_chushi.atlas.gz,894d7af5a6e65fa6f49ebf9328e113da
F18501323C86E77820D275466BA9C710,2151,res/animation/ui/afy_partner_arms/mx_huoban_04heiyan_wuqi_chushi.json.gz,aab1f3f00fc15aa24e583f9940da2461
AF47229F52726ABD14A7FBBD3567FA2A,121,res/animation/ui/afy_partner_arms/mx_huoban_04heiyan_wuqi_chushi.pkm.gz,36975fced1e5620061b968d240f4f542
402CE5D76A22BFDBE6CCA08D4F0F24E7,121,res/animation/ui/afy_partner_arms/mx_huoban_04heiyan_wuqi_chushi.pkm@alpha.gz,36975fced1e5620061b968d240f4f542
C9A29D4D9E530D068BC71D9C559E5FDA,612,res/animation/ui/afy_partner_arms/zw_huoban04_heiyan.atlas.gz,045cb72c42124be3ca4aa19650af9d06
DBDF9FDAD1CA12C3B9C02B68BD2674B1,1559,res/animation/ui/afy_partner_arms/zw_huoban04_heiyan.json.gz,57eb9790cc95ac77d0b2aa196b20d655
49D9FCF85D33425543FDE429C2EBE026,37385,res/animation/ui/afy_partner_arms/zw_huoban04_heiyan.pkm.gz,a93483eb95c609b0987608fc9355472a
0CA09CCB60D61CF96D83151B99F6778F,23842,res/animation/ui/afy_partner_arms/zw_huoban04_heiyan.pkm@alpha.gz,47123def31e3fb86dc4b1b6d87608bc2
180AE77F46BD56CDCA7647933D0FF52C,651,res/animation/ui/afy_partner_arms/zw_huoban05_ailin_00.atlas.gz,9293da3a58dbcf701181a9a89f2637f3
F3264882D1FEB6B434B3B8C08C6E463F,2392,res/animation/ui/afy_partner_arms/zw_huoban05_ailin_00.json.gz,5ca8a1582bab5b8fbb87f8f9f95e57d4
AF7CF17AA33A674A5EB675E360AA8EC9,123819,res/animation/ui/afy_partner_arms/zw_huoban05_ailin_00.pkm.gz,3dc98d0ceee9f335b8372828f8525755
A04AE8C9CD7DADBDFD1EF9D1451F5328,58371,res/animation/ui/afy_partner_arms/zw_huoban05_ailin_00.pkm@alpha.gz,91b6b89e873323d48ebd66650693de8f
B57CE35CA08962DE6703AEC785514F04,1313,res/animation/ui/afy_partner_arms/zw_huoban05_ailin_01.atlas.gz,921f630f6c9fc275b944c62e765ebf29
3837277BE03706C62A40C8ED41402EBC,3793,res/animation/ui/afy_partner_arms/zw_huoban05_ailin_01.json.gz,2bf9fb050257b488c3484e8ddb2de22a
6A4AE7C020BB6CDDDB08D5C7FF46247B,437010,res/animation/ui/afy_partner_arms/zw_huoban05_ailin_01.pkm.gz,d096107455ab497be75911ee9a82ba5d
DEE5B32350487A04FC773F67B2F30751,282817,res/animation/ui/afy_partner_arms/zw_huoban05_ailin_01.pkm@alpha.gz,1c6a0501261364daa820481cea677ea0
D311790874DA402603F28492F0A0DF74,596,res/animation/ui/afy_payer_equip/tx_ui_chuandaizhuangbei.atlas.gz,c836a72ef218425172c19abf80a88a27
D9B42772E0FFED311CCDFC4A40ACA63A,386,res/animation/ui/afy_payer_equip/tx_ui_chuandaizhuangbei.json.gz,450599cf51e35421c62aeb2d0d182252
D13436BD801A0E6DA9A244920048B330,28638,res/animation/ui/afy_payer_equip/tx_ui_chuandaizhuangbei.pkm.gz,2d0c9c5b44ec83dbda5da6a192293b70
1723099DFC33DD892BF72A49EA48C346,30364,res/animation/ui/afy_payer_equip/tx_ui_chuandaizhuangbei.pkm@alpha.gz,f1889b111e88282d016611d12d7c081d
9D2354E5BD82C8694379B42DE8E37BD1,1484,res/animation/ui/afy_payer_equip/tx_ui_fenjietexiao.atlas.gz,ae4246110482518b5663702684fd75d3
7B138C878F154F60FE271FAF55457664,4733,res/animation/ui/afy_payer_equip/tx_ui_fenjietexiao.json.gz,90a1edad4e06e7c7b906d3d336b87c13
F8C355EFF8447C146D20D051C1EC007B,63349,res/animation/ui/afy_payer_equip/tx_ui_fenjietexiao.pkm.gz,e6c2146fced4220a7f0556777c0bc296
5B9FA8A63BD0BB7220E53087FA9AA6A3,52542,res/animation/ui/afy_payer_equip/tx_ui_fenjietexiao.pkm@alpha.gz,6dca64144a5c7e22d835bfd060341e83
81B3A2D33DF8308F216B05BBE21A2F0B,466,res/animation/ui/afy_payer_equip/tx_ui_jianding.atlas.gz,8313d21b38ec44d8d46409dee5115386
8F37D0663C3DD4ADA340577F104C8FEF,257,res/animation/ui/afy_payer_equip/tx_ui_jianding.json.gz,d484324fa1e7380db3de12deef53377c
E22079D469EBDDBE98D39875CDC9F80E,37024,res/animation/ui/afy_payer_equip/tx_ui_jianding.pkm.gz,bd2a771421da2c7b65f5fbd564a90de0
4F9F27A8F9F911A5B9565D56EFE3366A,25459,res/animation/ui/afy_payer_equip/tx_ui_jianding.pkm@alpha.gz,eb9c217f2a2a705128630d0262e6dab2
DEA402B2BA9DED9EA1D6185D63A257F7,229,res/animation/ui/afy_payer_equip/tx_ui_longyuxuanzhong.atlas.gz,a3a5b2607e63ef61d28281c14e8d4e52
EA31C7C96BCBD9400FE5FC2133D130CC,174,res/animation/ui/afy_payer_equip/tx_ui_longyuxuanzhong.json.gz,9e9a96ae940cc0c72343dc128abd3e1d
01FBF977DC88262690F3C3E176FB90C1,2351,res/animation/ui/afy_payer_equip/tx_ui_longyuxuanzhong.pkm.gz,c532f7fea74583cd7aff2e4f4e4bdbd4
E5C77FFB295AA980F6701818E28F2169,4821,res/animation/ui/afy_payer_equip/tx_ui_longyuxuanzhong.pkm@alpha.gz,38aff29e5cd7e76c97e67824e76f12a5
C1AF8BDEA910FE129B50DA93FE7AAD32,876,res/animation/ui/afy_payer_equip/tx_ui_longyu_shengji.atlas.gz,083aaa18636e4ceaf4c21b75385da4f8
7FDFE349FCA292849B4FFA0B2FED015E,1234,res/animation/ui/afy_payer_equip/tx_ui_longyu_shengji.json.gz,a8bde00017c5171a5fc2464cc95a79e4
AD4822314DB787A947718F50EDCB6E98,39871,res/animation/ui/afy_payer_equip/tx_ui_longyu_shengji.pkm.gz,5a9c582661b9111a11a2340b877d142b
D3FAFB35DF49C053B1A9BDAB5D1F13BB,42204,res/animation/ui/afy_payer_equip/tx_ui_longyu_shengji.pkm@alpha.gz,e05d58098deb1c82bbd6b062f6e1120c
806F2D2AC88FFC87465FE0C93A67FFFF,970,res/animation/ui/afy_payer_equip/tx_ui_qianghuachenggong.atlas.gz,07e9f582145c51540802281e6af2d03f
5C1D07A38C7AA9580C67654BFB6A2327,1469,res/animation/ui/afy_payer_equip/tx_ui_qianghuachenggong.json.gz,cf4544aaeed91a0cf480a995102f8068
005013DDD41146A9AA7CB87EC857AFDC,39625,res/animation/ui/afy_payer_equip/tx_ui_qianghuachenggong.pkm.gz,9def473e88d2da5cc92d3b9bc7687fb2
F421798DEE87A143159E8E5255CA1211,45024,res/animation/ui/afy_payer_equip/tx_ui_qianghuachenggong.pkm@alpha.gz,43c62f26642d58c1511f40e5b1ddb8e5
75223549ABA158E0E3B3E3770632B5E1,1119,res/animation/ui/afy_payer_equip/tx_ui_shuxingchongzhi.atlas.gz,d4b10922411505aee1a1b2f42960a098
91C086105C9B3C7F7D449E941BC44130,1328,res/animation/ui/afy_payer_equip/tx_ui_shuxingchongzhi.json.gz,5ccc431201c8618f86a71b57139b8c82
0AC342D97586E8A2F463AAD152E37BC9,582466,res/animation/ui/afy_payer_equip/tx_ui_shuxingchongzhi.pkm.gz,c6aa2073ed984b010bc89f6b1a029c07
9218B5E0CDA7659165B1E33E8228BA53,291589,res/animation/ui/afy_payer_equip/tx_ui_shuxingchongzhi.pkm@alpha.gz,09099e0743720c297266a96a9ef0dac5
DEE68A13DE354897C01B813A0089BDAD,212,res/animation/ui/afy_payer_equip/tx_ui_wanzhangxuanzhong.atlas.gz,7a8d0898e24038388d7707cc1a537319
931CB2ABB0C10F26F1B9A9D547E6B606,173,res/animation/ui/afy_payer_equip/tx_ui_wanzhangxuanzhong.json.gz,3c11cf6767733ff61f2786affc4136e9
CD7E6BCC92D93B67FCB540127C2AE5C9,1877,res/animation/ui/afy_payer_equip/tx_ui_wanzhangxuanzhong.pkm.gz,9c2a8d8b702bc21c344a296e69595b38
6A07F29480CAE0BEE4412E812ABB9E8F,4109,res/animation/ui/afy_payer_equip/tx_ui_wanzhangxuanzhong.pkm@alpha.gz,80c42db0b06f7238b840752bd2303e97
4854AFE9388152119B82E098FEF47D29,1128,res/animation/ui/afy_payer_equip/tx_ui_wenzhang.atlas.gz,7bc473b8587d76b56fa8d995720ddb29
EA2BA3EC8397472BE3CB3054A8F9E95D,1156,res/animation/ui/afy_payer_equip/tx_ui_wenzhang.json.gz,5fe7fead175fef26948a8a8910175a45
6912BD68D770C7400493530EFD792ABD,77381,res/animation/ui/afy_payer_equip/tx_ui_wenzhang.pkm.gz,dc76f83d7bb86faf2c6e37a77aa5314a
10E4C92818E73D3C29CD1A0CB627E2F9,77569,res/animation/ui/afy_payer_equip/tx_ui_wenzhang.pkm@alpha.gz,020b16b75a95509a78b7e0168602fc72
DD92BE25465AD8C69DBF334117D125BA,219,res/animation/ui/afy_payer_equip/tx_ui_wupinxuanzhong.atlas.gz,c09371d88c8137e6e698c4a9641567a6
93B047E33FE3641A3636E0D596C3228F,197,res/animation/ui/afy_payer_equip/tx_ui_wupinxuanzhong.json.gz,00d0e276e6a8ffa716cb4dca049c23a9
BD72DBF08CD48176388F2EAD9CCB0CD5,1138,res/animation/ui/afy_payer_equip/tx_ui_wupinxuanzhong.pkm.gz,194d340ec82b749f0d6a19362e6007bf
2078272A63070421C12E27E5B278A81C,3605,res/animation/ui/afy_payer_equip/tx_ui_wupinxuanzhong.pkm@alpha.gz,889adfc61362ae080afa968355ef39e9
47D55161E123CF490B580EF61FF96405,1042,res/animation/ui/afy_payer_equip/tx_ui_wuqiqianghua.atlas.gz,42529ada1db662e542101b1e4390053d
ED61FC0EAF146EED83C7C13036040C01,1140,res/animation/ui/afy_payer_equip/tx_ui_wuqiqianghua.json.gz,5852b01564024a1e26eab60839e3e190
31D03ED5627642CB135886C143967BB3,153767,res/animation/ui/afy_payer_equip/tx_ui_wuqiqianghua.pkm.gz,b1cde2722261bafc0fef5ff426097d9e
794407F6EEAA5AD63FF997F696E41D49,145485,res/animation/ui/afy_payer_equip/tx_ui_wuqiqianghua.pkm@alpha.gz,b2c4927e6ad02c3396cea16ecd72a8a0
C452231EE4F90D4FB22EA875F45900F0,632,res/animation/ui/afy_payer_equip/tx_ui_zhuangbeixilian.atlas.gz,f1a0f26304be4f9eec286913cb4c4f43
5980493C950F0C4AC3B5138050DE1012,880,res/animation/ui/afy_payer_equip/tx_ui_zhuangbeixilian.json.gz,8d5e86ebb8de94028ed4e33de2c32ffc
C3AC64E3B28412C2A07EA28393035C9C,19382,res/animation/ui/afy_payer_equip/tx_ui_zhuangbeixilian.pkm.gz,a4b0cfe1307a49150de57d24a3ca3cec
FEAE0BA965A07C23CE444CE027EEBA6C,9012,res/animation/ui/afy_payer_equip/tx_ui_zhuangbeixilian.pkm@alpha.gz,0681d513f338e4769d9ca96300cb3f70
EA34926982B265FE3383FDE43568402C,1168,res/animation/ui/afy_payer_equip/ui_tx_beibao_nv1.atlas.gz,cfc931e633667898a0a1e3df6c69cf00
CD080414F6CDEF8149FA480B2F8CC069,43745,res/animation/ui/afy_payer_equip/ui_tx_beibao_nv1.json.gz,b2278d67b7ad2c7230c145f2762d752e
38B7660CC20E188F42120C5F6C44EECD,181109,res/animation/ui/afy_payer_equip/ui_tx_beibao_nv1.pkm.gz,41ee3dfec604ec3200c38fd5570a7940
449A183B11B53937FCE420C624AB5D8F,57174,res/animation/ui/afy_payer_equip/ui_tx_beibao_nv1.pkm@alpha.gz,66b64a84e515be0a6c8999e9475e25fe
32D811DAD35A467E5624898968984AC8,1386,res/animation/ui/afy_payer_equip/ui_tx_beibao_nv21.atlas.gz,8543273d862a6848a877566e1ed886a0
C16A23A513F55475D35F7E26E8DB3AEC,78397,res/animation/ui/afy_payer_equip/ui_tx_beibao_nv21.json.gz,392a9bd93c8853f4cbcc98e79eb65776
2DE726F506DDF07C9766F0DB2C120425,230034,res/animation/ui/afy_payer_equip/ui_tx_beibao_nv21.pkm.gz,e7effa824630d6cd9cee09e73231cdab
248C877DC124B4A2C38A3B74BB6CA56B,89433,res/animation/ui/afy_payer_equip/ui_tx_beibao_nv21.pkm@alpha.gz,40d3ad88db7ceeb2643a63d0e1f8422c
4193522BCB4BDA18B068AF7A6B412817,1410,res/animation/ui/afy_payer_equip/ui_tx_beibao_nv41.atlas.gz,58c011e808d189be675cd9446c76607a
5811C29B0BF1F6F5F5607AAA357701B4,53898,res/animation/ui/afy_payer_equip/ui_tx_beibao_nv41.json.gz,3d57ac45ee57d427c1393381cff8c818
3C79CCAD90F04697E902B59F941D91F9,336163,res/animation/ui/afy_payer_equip/ui_tx_beibao_nv41.pkm.gz,0aba3462bee9e85852374acf7f0feafe
669E2692AF09D343FC238933F3A469E7,121844,res/animation/ui/afy_payer_equip/ui_tx_beibao_nv41.pkm@alpha.gz,35a9c9fa98d931104b03dd92daf78ec2
1BFDD69C1FF671C846F645BAFF9F7902,478,res/animation/ui/afy_payer_equip/ui_tx_xiangqianbaoshi.atlas.gz,33c6b869454d81a7c1c3e04634e5285c
C984C13CF091F2C47B6273C9C6D06454,956,res/animation/ui/afy_payer_equip/ui_tx_xiangqianbaoshi.json.gz,5cd6da1af7851a9c49bf180794bfb296
A67954B19753EF76551DE6C3231CCF6E,4290,res/animation/ui/afy_payer_equip/ui_tx_xiangqianbaoshi.pkm.gz,7760eafc3f0df987b60482a2d65639d3
80510F762044E8BD7B52CAEF1998059D,14721,res/animation/ui/afy_payer_equip/ui_tx_xiangqianbaoshi.pkm@alpha.gz,81bc43d13296c3bcd4b8a367260c1031
CAC1879D0330AED4C418578E7BC250ED,734,res/animation/ui/afy_payer_equip/ui_tx_zhaungbeiqinaghua.atlas.gz,2fc9ba04347ee3763fb5fe237ce10a08
BB6A0BAE5B548E2700AE696C34DA136E,602,res/animation/ui/afy_payer_equip/ui_tx_zhaungbeiqinaghua.json.gz,927184236c44a6f1d82a5c2f32f3ae09
7112842496712B9DBD7176FA2800A435,319317,res/animation/ui/afy_payer_equip/ui_tx_zhaungbeiqinaghua.pkm.gz,7f376147a97edff15746ebc40d1a3412
5D5B353F984DA37ED6484D98C65580A3,199217,res/animation/ui/afy_payer_equip/ui_tx_zhaungbeiqinaghua.pkm@alpha.gz,1b901d3589a45c025d98ba193b598f42
E0B8C52E0E543DA509D81161736BB6BC,650,res/animation/ui/afy_payer_equip/ui_tx_zhaungbeixilian.atlas.gz,2c92b039a3d80aa69c09c52bc97c6eba
1C66D89620A560BFB2F6E3BEB03074CC,333,res/animation/ui/afy_payer_equip/ui_tx_zhaungbeixilian.json.gz,a3daa07545a86587b6e15deb02389f47
39FF036D07C1D9668BC21A077CB247FB,63847,res/animation/ui/afy_payer_equip/ui_tx_zhaungbeixilian.pkm.gz,cee56d7d04e595720cef166a25361f7c
760DA783D321774B825C1A036F529A05,45843,res/animation/ui/afy_payer_equip/ui_tx_zhaungbeixilian.pkm@alpha.gz,7e8c96c2bfc723fa6aff8511b7ab7826
04BC14253BEEAD272713D34C97C543C2,601,res/animation/ui/afy_payer_equip/ui_tx_zhuangbeiduanzao.atlas.gz,9a467af8f57bbe754fa744196b9b832c
0AEFE8D9B2B3EA76B267404C2D10205C,678,res/animation/ui/afy_payer_equip/ui_tx_zhuangbeiduanzao.json.gz,2284a7dc6a00e19bd827768b8d43c378
74A9515F994F89F1F51056FEB7187A81,19629,res/animation/ui/afy_payer_equip/ui_tx_zhuangbeiduanzao.pkm.gz,9df2fcdb3996c92a709f7741ec4411e5
F5214CED3E0E0579683A7AEE3A10A763,13117,res/animation/ui/afy_payer_equip/ui_tx_zhuangbeiduanzao.pkm@alpha.gz,32c6cbff769d9144239473b841c02566
B76EBC96BB45B1933B912D618036F27E,946,res/animation/ui/afy_piggybank/ui_tx_piggybank.atlas.gz,3df66d2280fc2e9ca5ea5f96bf35d9a6
B60F531CE38CAE6FED5E22473B8274C1,6870,res/animation/ui/afy_piggybank/ui_tx_piggybank.json.gz,5d2e190a3d16a0652589374cf4f7c848
C52419753705FC91F891BDA1CC94B188,122426,res/animation/ui/afy_piggybank/ui_tx_piggybank.pkm.gz,1fca2191fc1fbdeb0bf50e8cb7a6e9eb
626BE57EAD01B8D9604910D169A64416,75389,res/animation/ui/afy_piggybank/ui_tx_piggybank.pkm@alpha.gz,2e3c28cd77397c1f8934454a89299211
9341B0CFD2399A0B31488993E385F205,432,res/animation/ui/afy_publiceffect/ui_tx_daojufaguang.atlas.gz,258b54d48d8c6799972f516cc3242762
7A473182CF9C78081F65CA2C7C8E3571,392,res/animation/ui/afy_publiceffect/ui_tx_daojufaguang.json.gz,b0fcb0df87a199167267f30a9cbf7d55
7E9DB0436A5837EFDE1401A2C391BA40,16011,res/animation/ui/afy_publiceffect/ui_tx_daojufaguang.pkm.gz,5fb7d1f67e1a2ac693eeb53a26e88856
19A00E4FB82203AB0456423B3826CACB,10930,res/animation/ui/afy_publiceffect/ui_tx_daojufaguang.pkm@alpha.gz,ff13b46a8390c0d49e2a7147cd4f891d
FA8E59F367A2C87BD7639F9C2397B8DA,600,res/animation/ui/afy_pvp/tx_ui_finished.atlas.gz,2afc3cfffc1b9f2262d6a2240786158d
AB30C0ACB704B400260111A47045CF45,1010,res/animation/ui/afy_pvp/tx_ui_finished.json.gz,abc7ce4e76246e53628c451e3a25cc80
3D78587D2A18EE35946170F9ACF0E45A,89909,res/animation/ui/afy_pvp/tx_ui_finished.pkm.gz,ca5fd786ac3f0771f4b91b1e678f5f30
E25F3D353480A518743C9C92E244BD5B,81207,res/animation/ui/afy_pvp/tx_ui_finished.pkm@alpha.gz,c6dc42ceda110e171d57d58934cc3175
7DF108D0D435566DB385B687D31DF05B,426,res/animation/ui/afy_pvp/tx_ui_pvp.atlas.gz,30928ec003ffb4d8ac04d11c010691d1
5BBD5A1FB3B30B325A59051EB2083190,662,res/animation/ui/afy_pvp/tx_ui_pvp.json.gz,0f94b1efeb20ad83321b58add18e6a4a
12130503D5ABB0C729CA915E07DE035B,44037,res/animation/ui/afy_pvp/tx_ui_pvp.pkm.gz,fa3cafdc8e2a291d26cbdc7fe8f93d1d
36B643DA22A3F692F4FE1FDC15403813,41248,res/animation/ui/afy_pvp/tx_ui_pvp.pkm@alpha.gz,f7206ea5b73080e26d7238c62c4b651b
060683BB01D44341363E3078ABD1F15F,2298,res/animation/ui/afy_pvp/tx_ui_PVPduanwei.atlas.gz,748cbe4a88bb04bdcbe3e8197ed4f512
3DFD5B4691D2BE0EBBD81422EEF0AD3B,4524,res/animation/ui/afy_pvp/tx_ui_PVPduanwei.json.gz,3dc3e0360e6e4ebebe46615e9c9e3d9f
131FEA490AD95FED4A685F2D153732F0,728007,res/animation/ui/afy_pvp/tx_ui_PVPduanwei.pkm.gz,68a3bf5b11588cb9d737dd398ca58d67
802915BC03CAE84AAF009A164F98329B,396156,res/animation/ui/afy_pvp/tx_ui_PVPduanwei.pkm@alpha.gz,9d20d6b543b4acd545b44d2504f95166
7DD80FE270C473302FD2CECEAE021F93,727,res/animation/ui/afy_pvp/tx_ui_pvpzhunbei.atlas.gz,6ce262578479dc7d22f6b01113ff4e12
95520D3EC1FBCF33F1B9C16BED07EA58,1791,res/animation/ui/afy_pvp/tx_ui_pvpzhunbei.json.gz,bbd62d3d4d8456f874a8993ef6b1cb6e
794CBC8711FA595A42A1739391F0482B,111467,res/animation/ui/afy_pvp/tx_ui_pvpzhunbei.pkm.gz,2c5c5c7cfdd86bd03efc5040d07ecb8a
2F85F9009A48B6DC3F3444BCF0171A1B,101880,res/animation/ui/afy_pvp/tx_ui_pvpzhunbei.pkm@alpha.gz,6c26875e725160e0c4c8478d75b511a4
E8E5C94FAF6C59705B6D014D691B381A,593,res/animation/ui/afy_pvp/ui_tx_buttonfire.atlas.gz,7baba762f7d6e8627a199d12bce0a511
E157B861F9B16A09E5856720F5A73D81,317,res/animation/ui/afy_pvp/ui_tx_buttonfire.json.gz,a83bbddd36b95a8b4c1132a654904111
30878B8E4C610341E3373CE14B7D7E3F,155777,res/animation/ui/afy_pvp/ui_tx_buttonfire.pkm.gz,b5ac03cb206c1926c30bfa11c198f718
4598AEA59495CC2565AC0820477409F3,148071,res/animation/ui/afy_pvp/ui_tx_buttonfire.pkm@alpha.gz,972c6249a31a5b80589f0e3a8da691c8
0287FBC69F9044AEE645D3ABF2021590,898,res/animation/ui/afy_pvp/ui_tx_dianfengxiaoyuan.atlas.gz,f17d5af2dedb53a6e798959f970f99ac
D1EE42E232C0C659803489B94EBBE6EA,872,res/animation/ui/afy_pvp/ui_tx_dianfengxiaoyuan.json.gz,f8da4b070c984f693eb1f23ed3d0d366
8EB6655BDCE96464C4662550BE2A8D96,144436,res/animation/ui/afy_pvp/ui_tx_dianfengxiaoyuan.pkm.gz,be3a6a1f9060f84e184d29cb152de319
7E9C6A4C7306C2DC4403C219CB2A1712,141970,res/animation/ui/afy_pvp/ui_tx_dianfengxiaoyuan.pkm@alpha.gz,543a0d3fb871fe6487566bdc494a8a5a
452D23A0F606AFAC920D3049E5260D05,616,res/animation/ui/afy_pvp/ui_tx_dianfengxiaoyuanpipei.atlas.gz,f0128032d00e9b8d8b9f5e709a947a0b
8D202C30A9B45618AC2CB855978E4D56,489,res/animation/ui/afy_pvp/ui_tx_dianfengxiaoyuanpipei.json.gz,6940b79ea2182a3eae2b08b89d5dd70d
B7D0AA9CD55DEAF5D82CBFCE5CC0BD98,116034,res/animation/ui/afy_pvp/ui_tx_dianfengxiaoyuanpipei.pkm.gz,194da8d5d58e1814be001ddc6c481253
3ED509E01BD93F7675860A7DFB5B0F5F,110230,res/animation/ui/afy_pvp/ui_tx_dianfengxiaoyuanpipei.pkm@alpha.gz,c1c6f1fda14a502814b58984cd408b43
DD0079BF1CA294C45B7DA255F69B42A5,514,res/animation/ui/afy_pvp/ui_tx_pvp_huoxing.atlas.gz,763075ee220b300c13c4ae9044f64526
F63F25AE56CC329D3E6BC19E09A607F6,7242,res/animation/ui/afy_pvp/ui_tx_pvp_huoxing.json.gz,e8d6a96338f84ae9ad432164c254dd92
E43036A5FFB2CDDFED1F6B4A0EFF637E,8294,res/animation/ui/afy_pvp/ui_tx_pvp_huoxing.pkm.gz,d57ca467aa3ecf5ab76d18f337c67332
FA3C4E8E977A484B30B2DC8253C1EF18,11661,res/animation/ui/afy_pvp/ui_tx_pvp_huoxing.pkm@alpha.gz,d734d3d69a6dc65d2d26ced3df27e810
7CBA774367EA1CFCA44236D5E2CBF898,2608,res/animation/ui/afy_pvp/ui_tx_tianti.atlas.gz,72ec901e869cc9c18dfea503f15d6aff
CF7E80DF7E3901F778A027C6B7F98005,6908,res/animation/ui/afy_pvp/ui_tx_tianti.json.gz,3c101abca6fc549db1f8c815e58d3804
CCF8E6735E0436C332EEF7896AEEDAA0,571965,res/animation/ui/afy_pvp/ui_tx_tianti.pkm.gz,f79fdad353ba7bcc13f3a9a8bca2c857
C0DE1C6B3F825126159DB04CCF4DE504,351634,res/animation/ui/afy_pvp/ui_tx_tianti.pkm@alpha.gz,45333ecd7cb5741cf428032aa1b4cb29
0BEE3D44E03296F0285E138013200BB7,598,res/animation/ui/afy_pvp/ui_tx_tiantishengduan.atlas.gz,1efd086e6cb76870918b50601cfd6bb9
DCE76305B38098E33D7E87DC4B9746DD,321,res/animation/ui/afy_pvp/ui_tx_tiantishengduan.json.gz,916b23a06e07767a55682c51f28dfacf
C11B7E05A6FC63E624533CEA17145769,80557,res/animation/ui/afy_pvp/ui_tx_tiantishengduan.pkm.gz,e001a90d87ccc3ed1502ac0e2a7ea477
0E6F3BFA86AC864A11D4D68A7ABD0D51,57820,res/animation/ui/afy_pvp/ui_tx_tiantishengduan.pkm@alpha.gz,c8594e375c37173de47a7318e318968c
E29898E65257E7E741FB30E91E65BFF7,209,res/animation/ui/afy_rocker/ui_tx_xuniyaogan.atlas.gz,71c14cf78bcd390d43bed376d95f3b85
40F05CFEEBA1A78924A91A754108D6CA,147,res/animation/ui/afy_rocker/ui_tx_xuniyaogan.json.gz,dae063d5f1c494da53af4627a394b19e
3230C6048A0224E995B365863C4CA975,8868,res/animation/ui/afy_rocker/ui_tx_xuniyaogan.pkm.gz,7779acc1b96b80c608079991af3d59a6
7BC8C5D660C44537D938AEC32F6D20F2,10200,res/animation/ui/afy_rocker/ui_tx_xuniyaogan.pkm@alpha.gz,595a8d7ed63f399bd9d020dcbbb6765a
9BBAA8D17922204C389BDA98F114BCA3,1670,res/animation/ui/afy_shop/tx_ui_shangchengtexiao.atlas.gz,f3733167cb5bc914f941ce0822a0b047
E3CA1D5B9A3996F32F4A986EAB5AA348,2182,res/animation/ui/afy_shop/tx_ui_shangchengtexiao.json.gz,2bb15c85badc327000270b9de49e154b
2E51408A0ACFA94B499B1FF6EFB650F5,161662,res/animation/ui/afy_shop/tx_ui_shangchengtexiao.pkm.gz,c8b952283fdd0303998a325b07d34017
F93EEC4B46C2F287271FA2C205DAE838,67178,res/animation/ui/afy_shop/tx_ui_shangchengtexiao.pkm@alpha.gz,129806dc46e7c8e4f7a96b5eea291a2a
31086A1A3849A47B44CFE5DD3DCA6BF7,460,res/animation/ui/afy_shop/tx_ui_shangdianshuaxin.atlas.gz,1ed828fdb6e698ccec098bb6dfcce9ec
A9AA8D2712FDBB891EEA3007D670B81F,343,res/animation/ui/afy_shop/tx_ui_shangdianshuaxin.json.gz,6c398fc4dc6d3e2aea22d7276d83d45f
7573429FEF157426BEA7E60E1E14A353,1790,res/animation/ui/afy_shop/tx_ui_shangdianshuaxin.pkm.gz,951c3f1b24a35ada130092bc3ebffda6
DB2E91E7DA787F0F19D95C25EB63FBCF,13291,res/animation/ui/afy_shop/tx_ui_shangdianshuaxin.pkm@alpha.gz,03b7e0c881da04920b9fda072d9ce8c0
6A35DF588A4D3BFEBA0D1E501D150F69,748,res/animation/ui/afy_shop/ui_qiyufudai_libaotexiao.atlas.gz,1b83ffaa2ea55381b65e9bb6b5656c77
99521FE5BDE1F2D13013D554AF89DC45,416,res/animation/ui/afy_shop/ui_qiyufudai_libaotexiao.json.gz,ccc5c63fab922d0e13013146fb0f82d8
8CF27A23F6669C46D8ACBC73D8838CE7,181484,res/animation/ui/afy_shop/ui_qiyufudai_libaotexiao.pkm.gz,26a9f6980e917291700ad3b42bc42202
05788F678E3B4EC871D6800CA6361D59,124990,res/animation/ui/afy_shop/ui_qiyufudai_libaotexiao.pkm@alpha.gz,170f2dc51d899fc6f172532f07410a36
408291913B2E0D0EDEAC8C57A67A1CAF,970,res/animation/ui/afy_shop/ui_tx_shangcheng_richang.atlas.gz,11db750c8f8b0849abfae776df1b2453
3ED58C4F4DE360004AE2C38619C6AD02,658,res/animation/ui/afy_shop/ui_tx_shangcheng_richang.json.gz,e43a32ddaf669c5ccb72fcea4c691347
6FD5B48DBF13CEF01A2AE8CA0809FFC4,115390,res/animation/ui/afy_shop/ui_tx_shangcheng_richang.pkm.gz,98d8dec39a11b430570ae8ef03fab3e7
4A6FA1A977C55C9917E39A54505AFA8D,7228,res/animation/ui/afy_shop/ui_tx_shangcheng_richang.pkm@alpha.gz,83c47b079a6eca7e6f223c4a16cc46a2
D57611EDED33B5BAD06B98149B76A266,367,res/animation/ui/afy_shop/ui_tx_shangcheng_tehui.atlas.gz,85c064f6cd5f4e56d882de5ff1fde9c3
D39D2C8AC60A1E6778D90132AF750D3C,435,res/animation/ui/afy_shop/ui_tx_shangcheng_tehui.json.gz,9650f1d8b290cef6c5b9f61b899303c1
0A7229F56ADD983F8CC0C354B50E6665,17783,res/animation/ui/afy_shop/ui_tx_shangcheng_tehui.pkm.gz,2baeb00cc4784793a768c7d4fe96f588
FA42C749D1F2F2B8AFC4FDF4BA91A8C8,4883,res/animation/ui/afy_shop/ui_tx_shangcheng_tehui.pkm@alpha.gz,5c05f62c77232c14625cbc6bccc426c5
039B10E196B0C407BB6F1E61F9128B58,232,res/animation/ui/afy_shop/ui_tx_shangcheng_xuanzhong.atlas.gz,f829b646f5c3a5bc70dc9f71f02020dd
CBD14733415E41801A76E7142B21D779,163,res/animation/ui/afy_shop/ui_tx_shangcheng_xuanzhong.json.gz,8d6e48220e7f31667c5f54f6cbf2a046
CFE4FA4ED8BB90A395391AA3283CCB9E,1273,res/animation/ui/afy_shop/ui_tx_shangcheng_xuanzhong.pkm.gz,1616141eb10b4d09897a2fcdcbe82b8d
F8B9D96BA5B88C00C2300914D80C2273,2154,res/animation/ui/afy_shop/ui_tx_shangcheng_xuanzhong.pkm@alpha.gz,994d4040eae13a67798d9d20d469c243
8FDD83D186D3DA4BA4C00E8DC519B0AD,673,res/animation/ui/afy_shop/ui_tx_shangcheng_zhuye.atlas.gz,e10cacb5baa986b75d1db7223ce280f5
3CA19C9B7251714A81555A3DA0764874,6681,res/animation/ui/afy_shop/ui_tx_shangcheng_zhuye.json.gz,2bd971fbf6b6c61322d326e792978c1b
4C676EF94D315E3102E6FCADF80C841F,424712,res/animation/ui/afy_shop/ui_tx_shangcheng_zhuye.pkm.gz,634f0e1b15919bbfba8965c1b5065b99
A7B8B0B3BF957A0C2B2E460A48A2AD73,217677,res/animation/ui/afy_shop/ui_tx_shangcheng_zhuye.pkm@alpha.gz,0b45607a455a7bc6ea9ee410d5726586
FCA75E60DAC8D5164D938781DFB44E6D,1416,res/animation/ui/afy_skill/rw_duihua_mofangniang.atlas.gz,14fccbc5844d066c5d04a445df2a7515
DB7227D3C69A50DD44ED9A866CE62795,48497,res/animation/ui/afy_skill/rw_duihua_mofangniang.json.gz,c5adabc7f04f66d36c4e656041c42277
B5BF1CA43EAF2AF70530085F3C088238,197610,res/animation/ui/afy_skill/rw_duihua_mofangniang.pkm.gz,e57bb980e37115272c085e8113f4ec30
67640D52C83871DBCCA40BC28A4965B8,90046,res/animation/ui/afy_skill/rw_duihua_mofangniang.pkm@alpha.gz,02d3a2018cd20c25011ca27464bcd6a3
1E9D5CDA4323B8EBCE55BC3FA33D90BB,819,res/animation/ui/afy_skill/tx_ui_jinengjiesuo.atlas.gz,6f4471101540af38164d3a9e174094a5
48D235722CCB8F138F19490DCDE5FC96,691,res/animation/ui/afy_skill/tx_ui_jinengjiesuo.json.gz,db0f29f2a5ba8a9e4ebaf1153d442038
E6AB3CE7C5D20CBBB5E955C440D10F12,96239,res/animation/ui/afy_skill/tx_ui_jinengjiesuo.pkm.gz,a496d52629b2f4821878f30623f8cf5a
651D0A3570291C105F1C9FA522BB2C40,63933,res/animation/ui/afy_skill/tx_ui_jinengjiesuo.pkm@alpha.gz,21e740b70968330d008c20ade4aeba84
A348C45D312D357611A6B7A8CFFB1C32,222,res/animation/ui/afy_skill/tx_ui_jinengkuangxuanzhong.atlas.gz,73c09964fd4f67c602c8a786ee88ab85
DE798F4C2954B0DB67BEC93319BCF104,687,res/animation/ui/afy_skill/tx_ui_jinengkuangxuanzhong.json.gz,ee6e69714557173adee7915c2eb467eb
A07E1633D5840D6E3FF8B2004CAFBB24,369,res/animation/ui/afy_skill/tx_ui_jinengkuangxuanzhong.pkm.gz,21f14b8aa30c7d2c7b644361cf2f2eb1
E6F4DAE0FA152E054F99FC303F0C5CE6,450,res/animation/ui/afy_skill/tx_ui_jinengkuangxuanzhong.pkm@alpha.gz,5e69f6cda1b3afe54b28da9bafd5ec10
646FD0034E72EDC5846187DDBA644E1C,704,res/animation/ui/afy_skill/tx_ui_jinengshengji.atlas.gz,cfb9e5fc18f6a0b8d91f4b75885bfd35
F2F18E795CCB9165B1B6A39015D938BE,473,res/animation/ui/afy_skill/tx_ui_jinengshengji.json.gz,c137486c86a6abb5240b22ca29d628e0
A00072B78FBC1EE6CF843CDE65A3905E,18367,res/animation/ui/afy_skill/tx_ui_jinengshengji.pkm.gz,f8932dc79d173766857c034e5d58b441
39E1FB98E7EC0400782F9B1DE5708399,11373,res/animation/ui/afy_skill/tx_ui_jinengshengji.pkm@alpha.gz,15dae3aa87a5ddbf3ff7d4ffae449574
F87338E0AAF65A492ECB978DDFDAE049,333,res/animation/ui/afy_skill/tx_ui_jinengshengjidongtai.atlas.gz,3620fecec23930625ad87200dff06867
E5C2A18EA7E6F99DF0926C2AA1CED6D9,431,res/animation/ui/afy_skill/tx_ui_jinengshengjidongtai.json.gz,a22d64f3113bc58103eb4a964c980be5
699F92688C5730F87BB07B155C929D67,8190,res/animation/ui/afy_skill/tx_ui_jinengshengjidongtai.pkm.gz,7fc0ba0e276444e12e2d21f5f2712795
F21DEC4F81CE972CC0407285D6FB3367,8556,res/animation/ui/afy_skill/tx_ui_jinengshengjidongtai.pkm@alpha.gz,0a50add5bd4742a663e90bdd1f2f1cba
77D1B2FE1C9462320A93368920CE5D23,556,res/animation/ui/afy_skill/tx_ui_jinengshuaxin.atlas.gz,15f4f4b01cab80e96793153b516bdcf4
9A810FEE59F8C4DF34E8388013A970DF,292,res/animation/ui/afy_skill/tx_ui_jinengshuaxin.json.gz,6d908e768937e039b82ce284db5b6175
8225B24E86100BE69A52352962BCA2DF,21026,res/animation/ui/afy_skill/tx_ui_jinengshuaxin.pkm.gz,630554ef9fafd006b7f8ad0cf362974b
4AADE46787ACB5BF0B089F99938E8FB9,34120,res/animation/ui/afy_skill/tx_ui_jinengshuaxin.pkm@alpha.gz,b8c3cfa17497869b4bf0868e728995fc
2930835C29171A1009BC8383695F8542,627,res/animation/ui/afy_skill/tx_ui_jineng_shoushi.atlas.gz,bc4b13532ca283472e16352dbe215789
2EA5B977B60F41A5B94E78C58A371050,1118,res/animation/ui/afy_skill/tx_ui_jineng_shoushi.json.gz,c5cced7bde8d662f0e378c2ce0f32731
D7E41D86524DFE7B8043E5C31590DF0A,17903,res/animation/ui/afy_skill/tx_ui_jineng_shoushi.pkm.gz,2b9cc58b3bfd65f69e967f5efa8ee4d6
4BF719D690B6E98A1E84F9C7A126115D,13801,res/animation/ui/afy_skill/tx_ui_jineng_shoushi.pkm@alpha.gz,5c95ab58258c633f586f0557b7e1ea39
2C5BA08E264042D763BC1D71ACDBF61C,302,res/animation/ui/afy_skill/tx_ui_jineng_shoushi2.atlas.gz,3e6ec68972c58ca13fa0973210be91ee
CE28F97383884A1A964106EC182ECC58,555,res/animation/ui/afy_skill/tx_ui_jineng_shoushi2.json.gz,9223604268674ec365177036df31cdd0
1426D05BAC932D2633DDA7BE9F7F1323,7952,res/animation/ui/afy_skill/tx_ui_jineng_shoushi2.pkm.gz,cb31b3d585ca6838b17be16d6728e181
07B8900899B376A56EB7FAAF6DE3B68A,5762,res/animation/ui/afy_skill/tx_ui_jineng_shoushi2.pkm@alpha.gz,ee397b809b00c3fc6730230150bf3ed8
E691E65E766C787FA5EB9E5AC9C5DBD4,587,res/animation/ui/afy_skill/tx_ui_lianxiejinengjineng.atlas.gz,be11624f50a59fdd9151c2ba335da77d
D1C8918C7ABF1A34BC488214A451F582,350,res/animation/ui/afy_skill/tx_ui_lianxiejinengjineng.json.gz,706c632867c28c24f1d4ddd127ebfb97
7A4BF204492E07030F5CFF97500AED56,19271,res/animation/ui/afy_skill/tx_ui_lianxiejinengjineng.pkm.gz,4823838db26d9e6d52437d59e589de22
B1B72448C49F3A2567767F9B3FB771A4,11833,res/animation/ui/afy_skill/tx_ui_lianxiejinengjineng.pkm@alpha.gz,038e8a2fa85572f0362053eb282cd29a
7C2910A4A2F381AB195860B06CB8F28D,643,res/animation/ui/afy_skill/tx_ui_xinjinengshengji.atlas.gz,3221b02b36a440b4e2344b760609f093
A6A1A6BC88973F538A79097F8A988CE0,647,res/animation/ui/afy_skill/tx_ui_xinjinengshengji.json.gz,6aedd3fbea22ba7b4a316a55390f4b42
5D594497C1431377C87E1816FED6226F,24454,res/animation/ui/afy_skill/tx_ui_xinjinengshengji.pkm.gz,7cff53c20cabd098fe5b1c76e3a4f575
3E8C459CB03051A1EC7D130EBBBEFAF7,17346,res/animation/ui/afy_skill/tx_ui_xinjinengshengji.pkm@alpha.gz,44a1a7d3b76ea7deaf4c4698053d2afa
EE24358883C4CF0B80313946743D68F0,211,res/animation/ui/afy_skill/ui_tx_gaizaoanniu.atlas.gz,84a7d7b6b5ffbeb61b7f55c4158e2573
A6AAB87D3984D8EFFEDF4F05F46D26E9,182,res/animation/ui/afy_skill/ui_tx_gaizaoanniu.json.gz,f56c98c22d31fdef1c93c8e94c386c2d
2A990F39F1CBAFC0DE9CD6629B9258B4,211,res/animation/ui/afy_skill/ui_tx_gaizaoanniu.pkm.gz,128c8c3866bc5d528dc080c42140e5c5
00ED3CAB5990B54DCF3C9458AF6EA765,614,res/animation/ui/afy_skill/ui_tx_gaizaoanniu.pkm@alpha.gz,cac855ea1d267c599883c2596ac09a54
5C874E196CF8C2A4BFDAAF939AE37239,965,res/animation/ui/afy_skill/ui_tx_jinenggaizao.atlas.gz,e90f6dc30002bced166878e40220afef
E9363CAFC560C68D24A88B1556F79AFE,1021,res/animation/ui/afy_skill/ui_tx_jinenggaizao.json.gz,efb0b97ec7d65903a9ca82d3def5a8d2
9A3975838548CB17491B1BF1B6FD36D2,5937,res/animation/ui/afy_skill/ui_tx_jinenggaizao.pkm.gz,8cea4581495c3c36d59a997946e3439a
0D9B2C2DB7A50665B330FD2440D526D2,25634,res/animation/ui/afy_skill/ui_tx_jinenggaizao.pkm@alpha.gz,925f2aeffdd25212a3a63e6632df84d8
369A4D02A3FE9B7ACF66CBD75B4E2F85,317,res/animation/ui/afy_skill/ui_tx_jinengxuanzhong.atlas.gz,1aac7ac3f87fba6bdd0fa86e72c39205
30FCA368ED9586C4FABFFEB52B4FACD3,303,res/animation/ui/afy_skill/ui_tx_jinengxuanzhong.json.gz,b5804fa837af788829f4009792ed7443
8C9D83989BCD0750B6BE177B175CB9C4,6295,res/animation/ui/afy_skill/ui_tx_jinengxuanzhong.pkm.gz,28263d975c93eb126c11dcb09bbb4d29
37B32C468147C6957753261015448577,6258,res/animation/ui/afy_skill/ui_tx_jinengxuanzhong.pkm@alpha.gz,1380f185d72e1dcb31f5bb45ff23b997
806DF1606C7A66B3AB6C771F18776113,208,res/animation/ui/afy_skill/ui_tx_jinengxujiesuotishi.atlas.gz,1c7afdafe998b53f7f93ca2a2fc6c0cd
9F3A3884A581EF436F6120BF82850E62,330,res/animation/ui/afy_skill/ui_tx_jinengxujiesuotishi.json.gz,a175225b3bf6da4bbce189f141787600
C050D6D7AA4B28C66F45BF5EC2E6078D,1260,res/animation/ui/afy_skill/ui_tx_jinengxujiesuotishi.pkm.gz,3c1e0f1359ab4c201e288960f0dd42ce
0B4A613234B2A04778261F1AAC742C22,1236,res/animation/ui/afy_skill/ui_tx_jinengxujiesuotishi.pkm@alpha.gz,183d4f1c370ba6d253686fc880801c60
4F11D96CC85E18B24ED7FAB78C436D38,1144,res/animation/ui/afy_sprite/tx_ui_chongwucailiaohecheng.atlas.gz,f97b536d4d53b7a4750d9dc8b95b5951
EED762B789845D5BD52482413FACEEC7,1604,res/animation/ui/afy_sprite/tx_ui_chongwucailiaohecheng.json.gz,22690e5b8ab934b2b2fdf3d3d715d86f
88B761A25629D8CE8B723B5E754762F4,92671,res/animation/ui/afy_sprite/tx_ui_chongwucailiaohecheng.pkm.gz,9a2ee19cf90f71716cce6724b2b63306
388E354E75DE04AD2CD51AB0CCE6EAF5,59079,res/animation/ui/afy_sprite/tx_ui_chongwucailiaohecheng.pkm@alpha.gz,0c72528af67adfbfde95011ea2de1ef3
1F23BD401AC02278F6E57F2D122CA057,1261,res/animation/ui/afy_sprite/tx_ui_chongwushengjie.atlas.gz,e0f078bce46cf3f0df8d8670d4cbeeeb
E5930BEA2419A6C281B245ACD03CBBFF,1749,res/animation/ui/afy_sprite/tx_ui_chongwushengjie.json.gz,29b4e6f179474b5a3b761d79c663fda4
FEAA0EB51702354A1A000464EE782E47,81890,res/animation/ui/afy_sprite/tx_ui_chongwushengjie.pkm.gz,1c5edece337579c37b93e019516e2dd3
3B76C41317DB6B75212281A85D1F0AA7,68498,res/animation/ui/afy_sprite/tx_ui_chongwushengjie.pkm@alpha.gz,d0fd4f245b5902910c18696ca50850e5
49059B8C7A3DE44A0C0C95E9DA26AF30,1188,res/animation/ui/afy_sprite/tx_ui_chongwushengxing.atlas.gz,e7c1ae3f4918005039926286e74e1da0
D81784A9553BE18C1E60ACE897436BB9,1909,res/animation/ui/afy_sprite/tx_ui_chongwushengxing.json.gz,b0d7b15f9a356a7ba8d8e9e500920f65
EB84849AB90DB636D5916268EA29C52F,227543,res/animation/ui/afy_sprite/tx_ui_chongwushengxing.pkm.gz,caa6aa1e7400d80815ce3a272780e93d
23A53AD52DD9042B9B2EB400A8C0837F,205584,res/animation/ui/afy_sprite/tx_ui_chongwushengxing.pkm@alpha.gz,123ab3e5827ca3d831e12cb77e90b2b8
49A6EC8DED8E60F42A8341CCD3CB3DDA,755,res/animation/ui/afy_sprite/tx_ui_chongwuzidongfenjie.atlas.gz,8d0fe8624987ce90b39910926c06226e
55176FDCA68B0F0CC0DDFADADA72CF9B,573,res/animation/ui/afy_sprite/tx_ui_chongwuzidongfenjie.json.gz,a96868a8bc90b8941edd27ebb123cfdb
D150766234FDF887D3ACFC30658199D5,59685,res/animation/ui/afy_sprite/tx_ui_chongwuzidongfenjie.pkm.gz,3ab2fae3a72c13dabc80c7169ffea543
74A4A8108C94BDFD0B43ECA0724C69F8,41584,res/animation/ui/afy_sprite/tx_ui_chongwuzidongfenjie.pkm@alpha.gz,aadd560da025c10c66d0608baa16347e
93EC39C78E4D30E0864857C5822A87E8,821,res/animation/ui/afy_sprite/tx_ui_jiangpinyulan.atlas.gz,77156690eb5b067b26873d3d0001bca8
5D425F2CBA43F8EF271F2A99EDBE1DBE,1078,res/animation/ui/afy_sprite/tx_ui_jiangpinyulan.json.gz,15483d046d6156822a19cef4465b77c1
44E5E020B16E5D3100F20DB6E277FFED,28742,res/animation/ui/afy_sprite/tx_ui_jiangpinyulan.pkm.gz,3d93a6258b1765c1ffdaaed58ee2ebe4
9E7030032FCA8ED53E2E18A3CA4A8FFE,19059,res/animation/ui/afy_sprite/tx_ui_jiangpinyulan.pkm@alpha.gz,c1fbe2117bceec94e3f93dacdd225874
8D8ED8F7E6E3CB73A8BB6F4389A266F2,818,res/animation/ui/afy_sprite/tx_ui_manghediaoluo1.atlas.gz,c9a4fe01ac1583d6829ce088aed3fe5a
1B6E453D2E817A03112BFA8A8EFBC230,2013,res/animation/ui/afy_sprite/tx_ui_manghediaoluo1.json.gz,854214503b4c107f4093420ea19cba24
D4103BFB901DC2D207F8CC1C3638541C,221412,res/animation/ui/afy_sprite/tx_ui_manghediaoluo1.pkm.gz,e623fe00b7a9f61448e98ddbc9c29c59
E147E7B9B5314B92AE2993D523DFA0D4,26505,res/animation/ui/afy_sprite/tx_ui_manghediaoluo1.pkm@alpha.gz,f6804fd1fe8e796d6f7c6300ded3d566
908167352F2135FBFE2487320863479C,590,res/animation/ui/afy_sprite/tx_ui_manghediaoluo2.atlas.gz,2cf4107717ba7d779cfd7caef6e66753
C2C4226EB27D3A3B2A5E3091A4A19688,1551,res/animation/ui/afy_sprite/tx_ui_manghediaoluo2.json.gz,3f50cf9772556be18d7428fe7a6025b6
B4F77AB31510408683656DEAF54CB020,354561,res/animation/ui/afy_sprite/tx_ui_manghediaoluo2.pkm.gz,5cbe2e6c7b2add1b9b6cc83494738227
5D23DF43BEA38EEDEF94DBD162D2ED3B,15971,res/animation/ui/afy_sprite/tx_ui_manghediaoluo2.pkm@alpha.gz,7ae2a7a10c36f048db3c4adbf6f18983
EF0801F5E60888845EA6400E856D7D10,1037,res/animation/ui/afy_sprite/tx_ui_manghediaoluo3.atlas.gz,47db0f02504c7811c89817451d2a28f2
1DFC36C23AEA7B4CF491B1CBEE9C55B0,3282,res/animation/ui/afy_sprite/tx_ui_manghediaoluo3.json.gz,933a87a4a0a854fa7c25d8e66de3385c
B874846322D567723DBB6BAC205E9459,66165,res/animation/ui/afy_sprite/tx_ui_manghediaoluo3.pkm.gz,ef773e4c7f29c6c4ccc262ef5bf85a1d
4E26B5468C6C9DDCCD7CEA981532B456,65595,res/animation/ui/afy_sprite/tx_ui_manghediaoluo3.pkm@alpha.gz,7fb63498aa66eb3bac676b2d6b0dfd8a
52A9E258692BEDE95733B1DD292DFEF5,797,res/animation/ui/afy_sprite/tx_ui_zhaohuan_zhanshi.atlas.gz,04b32bcd7ec76fded17fe24293c4b67b
1EA6C43CF086BDAB8BD9081E2C4E1D64,2280,res/animation/ui/afy_sprite/tx_ui_zhaohuan_zhanshi.json.gz,791363f5cebde369e360ca29dea7fbfa
EA902EF50B703EA14AB0DC5D603992BF,47762,res/animation/ui/afy_sprite/tx_ui_zhaohuan_zhanshi.pkm.gz,2beb4413c061f3f71a0fa9d6633343bd
15F19064142877DDC09A0C6D6600224E,40159,res/animation/ui/afy_sprite/tx_ui_zhaohuan_zhanshi.pkm@alpha.gz,6a1b7a5388b72d447f6a1ae631ca703c
2EBD78DD48395853297D96FDEDDA4830,750,res/animation/ui/afy_sprite/ui_tx_chongwubg.atlas.gz,8ccc4a0fa32187aff6a7188cf79bd0d4
F2BFB4127CBF5B50E444F8EA18BAAA9D,1063,res/animation/ui/afy_sprite/ui_tx_chongwubg.json.gz,ca4cec0cd8ad100918a6aaf30b74f703
0A8272F941204F8665491B30BA86D08B,13221,res/animation/ui/afy_sprite/ui_tx_chongwubg.pkm.gz,04a8466fe84548131daa04987db565b4
3C34241CE2B9523C8A6B7917EDC0E112,7487,res/animation/ui/afy_sprite/ui_tx_chongwubg.pkm@alpha.gz,620a1cfd85306344fb0845d3de8437ee
C2AF96458B5F6FB1D0C18349358B82F0,384,res/animation/ui/afy_sprite/ui_tx_chongwuchoujianghuode.atlas.gz,019f9f426fc3c96c3e326694b1771539
B96B4721AA9DDEE292E45413A04B5C9E,394,res/animation/ui/afy_sprite/ui_tx_chongwuchoujianghuode.json.gz,c4e58db3951238eaf6efcee27f96d105
16E900F9976E7914D7B4663FCCAFC3A7,38963,res/animation/ui/afy_sprite/ui_tx_chongwuchoujianghuode.pkm.gz,e026a6be3e429c6c2a5a538a4ba54f85
2B17F856B4311A3D755B586959045996,41514,res/animation/ui/afy_sprite/ui_tx_chongwuchoujianghuode.pkm@alpha.gz,1f69a58b2399abc376ce69566b95f627
18DD493F851637B5E28CB717A7491E21,1421,res/animation/ui/afy_sprite/ui_tx_chongwuguangxiao.atlas.gz,b90255080d83e5788bc6385018a60950
9A911A8BDBA0FD93F7DFD214E01C87E0,1132,res/animation/ui/afy_sprite/ui_tx_chongwuguangxiao.json.gz,fc8ec52e30c2377a1b39b7212c9a0f56
4ED73F0D15E231D6B93414D4491E5E4E,464388,res/animation/ui/afy_sprite/ui_tx_chongwuguangxiao.pkm.gz,b327693113f37150eb144bd6209da3f4
B7386C36048B159F4B2A5E9028EC3FC3,341351,res/animation/ui/afy_sprite/ui_tx_chongwuguangxiao.pkm@alpha.gz,c426d8204f9f944438666a5e9ccfef00
23F7471FC7816FD5256704411F914BA4,722,res/animation/ui/afy_sprite/ui_tx_chongwujinjie.atlas.gz,f6cf8b3139cca0d8c4fec9a308dd1abd
10C77785F5B9B66B2D1B7A6B85FD6E5B,520,res/animation/ui/afy_sprite/ui_tx_chongwujinjie.json.gz,a037617025b6470aaaa24f6d3e973aaf
6C675C2908C11626BED9D75A0B460923,23548,res/animation/ui/afy_sprite/ui_tx_chongwujinjie.pkm.gz,34e66e424807319def54b53e54808dc9
FF2975FE2B0B068C1F6AF63AC9F35490,17797,res/animation/ui/afy_sprite/ui_tx_chongwujinjie.pkm@alpha.gz,838f46b8cd5f18bb5713b8a8328d226a
347FB00DB6D2DE5186B78CBC0668D0F5,528,res/animation/ui/afy_sprite/ui_tx_chongwushengji.atlas.gz,af099542e481fca97b24290ddb8c3ccb
30B963E7AB64671A4C4C4AA9CE77CB58,232,res/animation/ui/afy_sprite/ui_tx_chongwushengji.json.gz,1c6c9dace4831f9a0a2bf7b91e9ce084
465CE40949EC36DB172012F91083EE13,10383,res/animation/ui/afy_sprite/ui_tx_chongwushengji.pkm.gz,7a3fa851216704700d38e7b57015c484
9035D4E6DE3E2877420D15269F8D1B3D,5487,res/animation/ui/afy_sprite/ui_tx_chongwushengji.pkm@alpha.gz,25cfbe101c824e187159542b80216f4c
DF1F7E8CE361A8AAD4D0842AF7C5BA38,993,res/animation/ui/afy_sprite/ui_tx_niudanji_zhizun.atlas.gz,dbf45f615875219b5a2234b90858b03d
9F04F06CFCF5B0D1F7AF4B96919FC01E,9373,res/animation/ui/afy_sprite/ui_tx_niudanji_zhizun.json.gz,0ddbab94bf68a11d099fb9888c4a42b1
1453E7CA4DF631A157566072B8ECDC00,178420,res/animation/ui/afy_sprite/ui_tx_niudanji_zhizun.pkm.gz,09c1e72660f0cda14c8f8ea509a17bd4
9341E4A5DF3CB74BF8D214F95B33A2D4,138189,res/animation/ui/afy_sprite/ui_tx_niudanji_zhizun.pkm@alpha.gz,d67ffc5d547f27a89b896fea22d5714d
2060EAEE878EF7651982C7432A3837AE,940,res/animation/ui/afy_sprite/ui_tx_zhizunniudan_zhuangshi02.atlas.gz,87ec80bc3ffd18a62a86631f2f8a59ce
D8AA970D546AEF0455F2D997CC468622,9263,res/animation/ui/afy_sprite/ui_tx_zhizunniudan_zhuangshi02.json.gz,dad53cf3877252c38d8fa5acb85dedbd
C03EA0A1912454CBD221583667D0E761,20159,res/animation/ui/afy_sprite/ui_tx_zhizunniudan_zhuangshi02.pkm.gz,9d8e99dffe022f2c476614722d551c1a
F3C5ABA09902BAC7EF381422B89FC546,10287,res/animation/ui/afy_sprite/ui_tx_zhizunniudan_zhuangshi02.pkm@alpha.gz,fce91508617034bcd89b33d6355b393c
DC04140843FE7E7653810FF9F39AEFDB,970,res/animation/ui/afy_stage/tx_ui_ditu.atlas.gz,dc10fb0786a12f73ab688aa3fa58a08d
31B6332D22C4BB9D03B00C22E48155AF,1148,res/animation/ui/afy_stage/tx_ui_ditu.json.gz,1d7f88cde011f57b2ac07361f4a15d7c
DF3CFE0497C9EC106298645CEEE8EB86,38101,res/animation/ui/afy_stage/tx_ui_ditu.pkm.gz,7db291d13ccf609de11f39f71a1a4c3e
8A05049E33566293ECEE9678A1C8A03F,37747,res/animation/ui/afy_stage/tx_ui_ditu.pkm@alpha.gz,46ffa832d6da2605bf1f4ffccdec5520
7E9F673D60D57F26584B0C549CD987F8,718,res/animation/ui/afy_stage/tx_ui_xiaofubentishi.atlas.gz,13aa9c76f57e5693a6ab0b5ba4eab237
49D601D7C7B286092BD49C11FCC7973E,460,res/animation/ui/afy_stage/tx_ui_xiaofubentishi.json.gz,c66c976d6289cf2f6eac87ab0a39ae6d
8B64FCE0AA57ECBE099DC64FB98C237E,21043,res/animation/ui/afy_stage/tx_ui_xiaofubentishi.pkm.gz,a6a70a4345f543513fca8c8316e65b94
E6AF4EBA62B2A62D84AACA968362335F,22224,res/animation/ui/afy_stage/tx_ui_xiaofubentishi.pkm@alpha.gz,3b1b53f46589d31c0b820372951f8073
B200CE350FB3369E7C3A1CF08B65C1E1,387,res/animation/ui/afy_stage/tx_ui_xiaojiesuansanxing.atlas.gz,40438c48a8a896ab65447e76cc310f82
7407ABB4729D12481EF325C75F25DA5F,428,res/animation/ui/afy_stage/tx_ui_xiaojiesuansanxing.json.gz,9ae37847cabb231ad90f3a4749a835f4
70A2FB89AC69AAAC727ADC0826A8F54F,19462,res/animation/ui/afy_stage/tx_ui_xiaojiesuansanxing.pkm.gz,40a9b68a83bbbcdb42ee54e3f97ca28c
A837AC9E43F22A6B75104D71A11D8D58,15351,res/animation/ui/afy_stage/tx_ui_xiaojiesuansanxing.pkm@alpha.gz,9f4cb8b47d444c0d81ccf4d20ca06a56
4CF548326F9F76BD76C2E67DFBC42060,798,res/animation/ui/afy_stage/tx_ui_xuanguanjiedian.atlas.gz,31eab4e03d670c3dae7bc94690bd4258
C168EB381E96787B11F13CFDAB33CFFA,833,res/animation/ui/afy_stage/tx_ui_xuanguanjiedian.json.gz,3d701794d06ade0ba8b8d9cad9b55d16
390DAE0A2C2B8A0D531C4C6DFAB1B2C0,37861,res/animation/ui/afy_stage/tx_ui_xuanguanjiedian.pkm.gz,0ba2fa5c9bd77b8f3539746fd8f45991
8AF8C5BB6EE8CE4B34CD72DCC4D2E53B,33107,res/animation/ui/afy_stage/tx_ui_xuanguanjiedian.pkm@alpha.gz,f67b2f505490159837b1fa50a95f6dbb
B019E17A9DD6320E95AA32F9A5A3F74A,657,res/animation/ui/afy_stage/ui_tx_fubenjindubaoxiang.atlas.gz,5e73978fc55eab4c75a347614049cb8d
8848F63596919431744AF449BD70C22B,620,res/animation/ui/afy_stage/ui_tx_fubenjindubaoxiang.json.gz,d29b75a09be8b1fc38f74a776afc576a
AE2E4207B177620C92216301D5E6E8C1,49035,res/animation/ui/afy_stage/ui_tx_fubenjindubaoxiang.pkm.gz,ad401011f5c6e6dfedcb99c3bbf1aecd
2AF606399A84E99CFBFDAA54F7C8E448,31876,res/animation/ui/afy_stage/ui_tx_fubenjindubaoxiang.pkm@alpha.gz,8f0571972aaa277b2cfbf06deb0775eb
1B5A25E5739349BCB7EE523DDFDDB41D,660,res/animation/ui/afy_stage/ui_tx_guanqia.atlas.gz,928da0d9caf6a77e5429d760c0ee0b15
929C43EB80D70834DB54E2CB27A2474D,1939,res/animation/ui/afy_stage/ui_tx_guanqia.json.gz,20b0f28b2666656a8a7bdf882925f8d5
4202BD207F21F68895009C279E28616F,212950,res/animation/ui/afy_stage/ui_tx_guanqia.pkm.gz,bb33633253ef7777d0c5afa8824a16d4
E5FEC43173AC90A92998B9FF0FFFC2ED,123639,res/animation/ui/afy_stage/ui_tx_guanqia.pkm@alpha.gz,08bba5a22c9fb5139c1711ca7e4e480f
A4C4100FFF80624FF29CFE1859894F29,287,res/animation/ui/afy_stage/ui_tx_saodang.atlas.gz,6b1e207bc43d9dcf98f5ec8da1007dff
DA7967B1F5B7D2E095C323D263736471,385,res/animation/ui/afy_stage/ui_tx_saodang.json.gz,d74c94a7f9c7cabb9c7b010cb996f89e
22D05EA6859B2926D6A6EDD6F1705EF8,1886,res/animation/ui/afy_stage/ui_tx_saodang.pkm.gz,fee201ebc0f9de060d42d2854976dc9f
2096EC81148333862A878F18626738ED,1986,res/animation/ui/afy_stage/ui_tx_saodang.pkm@alpha.gz,bc944074aaa2b3fef2f58cee8693de5b
3917ABB3143504479FAF605A74CC3659,205,res/animation/ui/afy_stage/ui_tx_xuanguananniu.atlas.gz,3d1caab313d1b62ef899f5231e24951e
DCB772FCF63E39D5B54BF9C922C08DD3,157,res/animation/ui/afy_stage/ui_tx_xuanguananniu.json.gz,57bdd89a682a3027bafaa7237b8c06f6
68726BE24B936A6018BF33BF6FE6CFB6,5580,res/animation/ui/afy_stage/ui_tx_xuanguananniu.pkm.gz,46bb51576ae0c070c7dd5650bc78c4c0
6AE14F06FCED723CD12024C35137D034,3313,res/animation/ui/afy_stage/ui_tx_xuanguananniu.pkm@alpha.gz,9760d4c1a22b2d23792ccabf61a4f59a
B01A2AD0323332982501078CDD7BBFEC,646,res/animation/ui/afy_star_box/tx_mohebaoxiang.atlas.gz,8b3acedd0535a1c4d51f62d19509067f
DC9FEE5838F41AD60F0C72FFCEF6D897,417,res/animation/ui/afy_star_box/tx_mohebaoxiang.json.gz,233e741d28696bb25d44af250161a12e
65D2A5A57C1B8476E9B786F2C89962CC,46806,res/animation/ui/afy_star_box/tx_mohebaoxiang.pkm.gz,40c10639cae45861d1c9b586da8d08f1
480EB68FEDE9B4FA0218100223054260,32790,res/animation/ui/afy_star_box/tx_mohebaoxiang.pkm@alpha.gz,075d0ca3c3c66363142f2d94cea79b69
788D1445A3028D098E371D9BDDE72817,999,res/animation/ui/afy_star_box/ui_tx_wanoumohe.atlas.gz,a9083ea0459c05e83a5cfc582bb7f658
42134C76A5E42515D040AF6BDAA29681,1338,res/animation/ui/afy_star_box/ui_tx_wanoumohe.json.gz,3c013f4a009bb65b6dc062f2e53148ee
E45B29EB29572A97DAABD5988B76C0BF,290782,res/animation/ui/afy_star_box/ui_tx_wanoumohe.pkm.gz,2cead46d2c29b3a1b9508c52d1eadb56
3B46EF8D53966E384B8956350D631664,156398,res/animation/ui/afy_star_box/ui_tx_wanoumohe.pkm@alpha.gz,1ffdba7c47b29827d76694113ea60c7a
8E9C7BD7BA0EF7CA9337D5BF655D59D6,1086,res/animation/ui/afy_star_box/ui_tx_xingkongmohe.atlas.gz,ac7647e94fb894c0da75eb8b7887204a
AA2505EC48E02FBDCDE9CEF7440346B0,1451,res/animation/ui/afy_star_box/ui_tx_xingkongmohe.json.gz,4c7a9cf3581aeb8e0a185b81b3e60309
CBC98187188B5FC23E3417642D4FD7A2,251264,res/animation/ui/afy_star_box/ui_tx_xingkongmohe.pkm.gz,ca53f2177e22be3f399b630391f715e4
C902D1D3CBD363BD9320ECE069755C92,121500,res/animation/ui/afy_star_box/ui_tx_xingkongmohe.pkm@alpha.gz,1cd363bf9ac5e88697af814e7ea5913b
2DFCCA4E634423A271AE5773EA14A099,255,res/animation/ui/afy_strong/ui_tx_bianqiangbaoxiang.atlas.gz,b96cc08c3a01dc6b91436ff6e6924d78
1D9386238B601B0E7AFD3949DA14B9D2,339,res/animation/ui/afy_strong/ui_tx_bianqiangbaoxiang.json.gz,b4a8d19cc6dd73f1755770b4c29fdec0
C40B52DC9D63D717D52719BB38BBB5E9,1136,res/animation/ui/afy_strong/ui_tx_bianqiangbaoxiang.pkm.gz,e48d35cf3cf868d0269e1e63b6935848
F2E0490BEA39AD4A4C3FF5F879F24D76,651,res/animation/ui/afy_strong/ui_tx_bianqiangbaoxiang.pkm@alpha.gz,85216822155f98c9b45f35a2b46678f0
7583358C077ECA5EA0DD506CA8C6AD37,431,res/animation/ui/afy_strong/ui_tx_chaozhibujitexiao.atlas.gz,b882d2bd9633a0f9305c7b0edea9855b
4DE1CFCC31E1BC70DBFF377E12A4E55A,376,res/animation/ui/afy_strong/ui_tx_chaozhibujitexiao.json.gz,196430c75cd0fa82489de1c7c2f2e413
07098735110D87969099BBA4DAFF50E2,8932,res/animation/ui/afy_strong/ui_tx_chaozhibujitexiao.pkm.gz,5b62af6d5ba842b05c3def98a931df65
593648212CEE356FF250EE298067CF4D,11251,res/animation/ui/afy_strong/ui_tx_chaozhibujitexiao.pkm@alpha.gz,7ae2fa780a05d83a8734792b9335064f
95965DEFDA06E1E8647C5A84F3D11B5D,688,res/animation/ui/afy_superskill/tx_ui_aoyi_shifangtishi.atlas.gz,56a45f4264e0716a1d6251e5d802d987
4594873A06D0B5D0D066E3A19481D8BA,631,res/animation/ui/afy_superskill/tx_ui_aoyi_shifangtishi.json.gz,a18b523356a4f0505b6371ec4dbede4e
7E391B04468F92D83E1BECD964D2DF5A,160229,res/animation/ui/afy_superskill/tx_ui_aoyi_shifangtishi.pkm.gz,773ead119a88fd6e5a24bd75d2f96b8a
06580FACD2D06269F73E62FD72DE6C09,105202,res/animation/ui/afy_superskill/tx_ui_aoyi_shifangtishi.pkm@alpha.gz,7fd6e2310217a8fdf24ce187f61fe018
7D00796A62781D7B9CDF3FEDAA779FB1,597,res/animation/ui/afy_superskill/tx_ui_aoyi_zhandouguang.atlas.gz,30390d3709609dbb4e74eb95bb1a0a47
879954ED6956147E0A5E5AEFAAF8909F,309,res/animation/ui/afy_superskill/tx_ui_aoyi_zhandouguang.json.gz,17091a87a163dabee1227e798b9e5187
75BBD905CA1965E73D3EC6A066F011CE,129123,res/animation/ui/afy_superskill/tx_ui_aoyi_zhandouguang.pkm.gz,2164023d1ad4464c30f234eab3aaa9d6
EE163E29643647234518287B169C8E88,86018,res/animation/ui/afy_superskill/tx_ui_aoyi_zhandouguang.pkm@alpha.gz,27700fb4c73baccdd44493cd589a7a8a
56F81227487DDA01A304A5E90E247682,982,res/animation/ui/afy_superskill/ui_tx_aoyibg.atlas.gz,a6dee05c09ac9e89f2c4856170dc5eee
28977B514161E0327FB65628924FA8FE,1342,res/animation/ui/afy_superskill/ui_tx_aoyibg.json.gz,bdfc24b1c65fa223695e1e0436145f9d
FD9667C16E9D721A98888FC1FB405BC1,9141,res/animation/ui/afy_superskill/ui_tx_aoyibg.pkm.gz,e0aaa5e1347b9af133b7b0a1e3d35462
393C9BFC40EB56CC4F22C1E0E7F71F96,11705,res/animation/ui/afy_superskill/ui_tx_aoyibg.pkm@alpha.gz,bb2f6a122320abee460b5b7dbc622ddf
7926F190434EC1F017D32D6CBD4474FB,1163,res/animation/ui/afy_superskill/ui_tx_aoyijineng.atlas.gz,23e22fe8374a8ad7eba52dcf8e220328
4C161482D8EAB047CAAF99F4AB1868B7,925,res/animation/ui/afy_superskill/ui_tx_aoyijineng.json.gz,dad25d7c13069770b4746420ac85cba6
E4E7881F7B610AA9B754ACB3FBD9A55F,158224,res/animation/ui/afy_superskill/ui_tx_aoyijineng.pkm.gz,5ff027514f37fef75e3b36d353f0d5eb
7B070801EFDC2320E4A5EE4A7E021152,101822,res/animation/ui/afy_superskill/ui_tx_aoyijineng.pkm@alpha.gz,bd428e76722150a3b5a5c492cf6e583e
8AED790EC578E2CBFD9D26FE26FD05BD,730,res/animation/ui/afy_superskill/ui_tx_aoyishangzhen.atlas.gz,ee8c69cbff0a406ad9131cb3a52db0f1
3CA5A07BA53F1311B83E685B2E77E3FB,402,res/animation/ui/afy_superskill/ui_tx_aoyishangzhen.json.gz,0b4a9b39bd2bf03a2e2431b01588be4e
7C606852F848F171FE74A08260ECCE82,151646,res/animation/ui/afy_superskill/ui_tx_aoyishangzhen.pkm.gz,cd96eb9891c56c8b17fda884211a4164
53C0196FD15262C23914104AC225879C,78854,res/animation/ui/afy_superskill/ui_tx_aoyishangzhen.pkm@alpha.gz,806ccea0b0784ad44868a17509260c0f
8EA19EEB50612652B76D8A9E6A8D9420,786,res/animation/ui/afy_superskill/ui_tx_yanxijindu.atlas.gz,fc82ce47968756dfe8fabf0a991219ac
C92FEB11C24FB09D4169EF1D3AA803AC,782,res/animation/ui/afy_superskill/ui_tx_yanxijindu.json.gz,e04ba5bf19d1cd2815f5fccd7ae1c5b0
7A629FFC9CB152A320AEB8B49CF285EF,55520,res/animation/ui/afy_superskill/ui_tx_yanxijindu.pkm.gz,92616832df8af12aff7c4302bfc28459
A91156DFE39B21056E46C1DAAB3BD5AE,28647,res/animation/ui/afy_superskill/ui_tx_yanxijindu.pkm@alpha.gz,0666439a9e176591f43b675558005c25
F8AC4DF6171A572E4BD868E2CF321B62,226,res/animation/ui/afy_title/tx_ui_chenghaoxuanzhong.atlas.gz,3c94c05f61820fa30e71f439344164ec
61D984EC2D81CE4A4842BF5AC51EE9BE,189,res/animation/ui/afy_title/tx_ui_chenghaoxuanzhong.json.gz,8d971f5b40d724ea49984541314c0641
C57369D14049C668D55E1776BD9CF645,1596,res/animation/ui/afy_title/tx_ui_chenghaoxuanzhong.pkm.gz,1a1482ee5cdf6e3e036e0799ddf284ed
DABD76FF6FE7648D85449CC4B3178599,2284,res/animation/ui/afy_title/tx_ui_chenghaoxuanzhong.pkm@alpha.gz,3ff98fccffabe52b0737d7e6e29ba986
45A786A30509C6BF8515E05FE2984305,216,res/animation/ui/afy_title/ui_chenghao_heiyan01.atlas.gz,27abc80505fc81efac1d7584882120b9
C89996F5E9EC39741B9699D8F75EB256,172,res/animation/ui/afy_title/ui_chenghao_heiyan01.json.gz,2b9c3f4948709957d60b667e74823b03
37BE5A74FD6C93BB07D4B4604BD4B911,11008,res/animation/ui/afy_title/ui_chenghao_heiyan01.pkm.gz,85bc04f9c6c7b13179f357d6655b5141
B87EA94D7724B9D703F3060A0DB12F09,3356,res/animation/ui/afy_title/ui_chenghao_heiyan01.pkm@alpha.gz,89cf2b87472fea3993c4c79ba355e327
FFE4E1327A9BCF2F81707089500AD893,1467,res/animation/ui/afy_title/ui_chenghao_heiyan02.atlas.gz,f0bd674ed3755d6192cb3dae206d7cfd
BA900CAA4A4C8BFEF1B626841012BF49,2873,res/animation/ui/afy_title/ui_chenghao_heiyan02.json.gz,77f15c6f33392816201c7b72826f5719
7D981A6D3FB125832D39369569D00C54,626209,res/animation/ui/afy_title/ui_chenghao_heiyan02.pkm.gz,d058572cbfe802348c3c99116fe4a8ad
3DFCF7623C952DFB1A405406931E98B9,118496,res/animation/ui/afy_title/ui_chenghao_heiyan02.pkm@alpha.gz,a83f5e7bd60b882a9ddf6fca2162ebd3
FB04591F755959C4A66D28F4E25A9520,1231,res/animation/ui/afy_title/ui_chenghao_heiyan03.atlas.gz,6ce66aed5ab29078008a025bdcd580b2
5C1CDD0F7C9F2A8D8A479FE8FF9DC07B,1221,res/animation/ui/afy_title/ui_chenghao_heiyan03.json.gz,830f6587d7b5fe4ccd811ab95c4f669a
E61F1C09E81C04EEA8C87AFBE12342A3,551599,res/animation/ui/afy_title/ui_chenghao_heiyan03.pkm.gz,75ca5c7d884e7fbc1070f08e8b47f6f9
C1D2A8D51EDE148AFC77C749E9EA97C5,13536,res/animation/ui/afy_title/ui_chenghao_heiyan03.pkm@alpha.gz,af5444fe91720d17fe91441634612d2f
C8D68125935B5A5E16BEF15EB16AE5DF,844,res/animation/ui/afy_title/ui_tx_kfjingjichangmingci.atlas.gz,a24f30c39519a4aa9417651c043a0159
30FAB885792BCCA3F5F21EE628212BD8,619,res/animation/ui/afy_title/ui_tx_kfjingjichangmingci.json.gz,9e75b6a86977c11cb81bbef568dccc4e
3B8D7A46A86AD51909657E218E4F57E1,77944,res/animation/ui/afy_title/ui_tx_kfjingjichangmingci.pkm.gz,32a40221c4a8642359f4c938298571e5
40CB5312F62A264E3ACA4AA377F2FF73,57500,res/animation/ui/afy_title/ui_tx_kfjingjichangmingci.pkm@alpha.gz,adec22a252188ff30cf6a2a24849402b
750ADAB65E20A05EC06CBB5DA6D555E9,2187,res/animation/ui/afy_topleague/ui_tx_dianfengliansai.atlas.gz,29f4a4d1ed0b0503b3cb19b94c3fd9fc
4DCB7AFB1FA93782E013487F81A4D4E4,6027,res/animation/ui/afy_topleague/ui_tx_dianfengliansai.json.gz,b486621b8efeb99d9560539737d498b8
A4F3432B198FD0EB16824A2679ED0F97,1121314,res/animation/ui/afy_topleague/ui_tx_dianfengliansai.pkm.gz,a89060f4cf62ee3a170fc7ded0dc73e7
44002A137720B571BFC1AF0B0387C671,693543,res/animation/ui/afy_topleague/ui_tx_dianfengliansai.pkm@alpha.gz,36eb82be74735b15bd4a3c8088b5baad
03A62E78CAD134134E82F7D2BEA6D72C,807,res/animation/ui/afy_tower/tx_ui_pata.atlas.gz,ba899371f83a3578e8aabebf655a8e65
88ED04FC88E4947AB2B1F711B3DAB4F2,1034,res/animation/ui/afy_tower/tx_ui_pata.json.gz,2dfc2ac7124d176168a53f4e5eeb39d3
7D3F03FE61AFF5AFA2D7EAF92DEC8BCD,47203,res/animation/ui/afy_tower/tx_ui_pata.pkm.gz,015b1f882da6e0bfae9dcb222ac8899f
35DF59B21F5518C93C014D9E086E1940,37079,res/animation/ui/afy_tower/tx_ui_pata.pkm@alpha.gz,7988d733f76347e21fefb58092df8e85
C7D26BF69C4A035EB927B8AA77C59816,227,res/animation/ui/afy_tower/tx_ui_patayun.atlas.gz,b55981cce96a9731995ed45516abf7c1
3C1DA9486BA2B031D8A2D4BA030DAE87,1566,res/animation/ui/afy_tower/tx_ui_patayun.json.gz,4d9588a9e438fd15c2092dccd3b932e8
4BBBA681618D2478D5EDE678DD7B70FA,4176,res/animation/ui/afy_tower/tx_ui_patayun.pkm.gz,3fbf67b8276c6bbd00fb90c111ad1474
DC2106BB3D2D2CA759547D897A3920AA,63541,res/animation/ui/afy_tower/tx_ui_patayun.pkm@alpha.gz,e6805b62d3e2f299ddfeffd5c32c9b51
E0C4C250BD935C13AC0B924267929F71,444,res/animation/ui/afy_tower/ui_tx_shilianta37.atlas.gz,827425363d7916958cc1835a603a8be2
DC0486CD049464B0F75AF946A01BB4C3,2004,res/animation/ui/afy_tower/ui_tx_shilianta37.json.gz,4662f16fef2d4e33d0a54ce833639f90
65066F8E7B4C064F0A8BB291391D6B5E,34425,res/animation/ui/afy_tower/ui_tx_shilianta37.pkm.gz,3c271bf01bd54e6ed6235c39c43fd31c
BB35ABECB4A648BD2249F5F341128FF5,4362,res/animation/ui/afy_tower/ui_tx_shilianta37.pkm@alpha.gz,b68c96370698a13d44f25530760b0d1e
1FE688FC21578467D3A5B1C25DCCA2E1,1244,res/animation/ui/afy_trial/ui_tx_shilianzhidi.atlas.gz,f41615472c1faab44ed6f6e005d74ee9
AEC7C892AE9825EE54FF7B3C02073367,3848,res/animation/ui/afy_trial/ui_tx_shilianzhidi.json.gz,796296dc9b9bba932bb30d035d04cc8d
85BFB556A7D602AD1BC52BCC0F3A3A30,538309,res/animation/ui/afy_trial/ui_tx_shilianzhidi.pkm.gz,b091d5bcecbbaec7682eafa51209e17a
E9A79DE5C119E3BDFAE851E115CA2652,179302,res/animation/ui/afy_trial/ui_tx_shilianzhidi.pkm@alpha.gz,48a36d2954845d3b878a2c7e6e8c6267
623A85849B39C6DCE9D90165C9644B96,423,res/animation/ui/afy_tutor/tx_ui_xinshouyindao.atlas.gz,cb797321544ca1bea87ea72e82398334
A56B3CA7FDA421721E6E0D2F8D9BDC0A,808,res/animation/ui/afy_tutor/tx_ui_xinshouyindao.json.gz,9c8efcfb359862c3a2650cae1391969b
43E8AE80314D2DA2A6DBF8193FBE69E5,8806,res/animation/ui/afy_tutor/tx_ui_xinshouyindao.pkm.gz,1dc9e83594fb88e9879ad13b92374d42
110C5C31EB212F40F571306F7419B2B0,16330,res/animation/ui/afy_tutor/tx_ui_xinshouyindao.pkm@alpha.gz,e34831d909ccd128eb95d118579d347a
995290F67860830BAC222CC7B73C3A4A,677,res/animation/ui/afy_union/tx_ui_gonghuijinengshengji.atlas.gz,c6731da24f4f13eeed9f7b3ea6fa5965
DAF2BC3D345173EBF6A5D96F148C962C,582,res/animation/ui/afy_union/tx_ui_gonghuijinengshengji.json.gz,0ad19d6440c52adfa82d090b4d1df35c
B680AD349D8E2CC17BD9BA57F24F94F2,243134,res/animation/ui/afy_union/tx_ui_gonghuijinengshengji.pkm.gz,c6f07195850811db1ef907bfc391aa13
E39BF9DE370E99EA2C68A6B6E426D055,165583,res/animation/ui/afy_union/tx_ui_gonghuijinengshengji.pkm@alpha.gz,61f9983444b725d4463a0137d704d05d
C32B061707FAC79B3FF6C2574D110978,1250,res/animation/ui/afy_unionboss/ui_tx_gonghuiboss.atlas.gz,e1d9590b5d4c43d3572b628a7cf19b08
ED684C72FDE7BD0898615F0311372797,1066,res/animation/ui/afy_unionboss/ui_tx_gonghuiboss.json.gz,8e3e23c4c12e0a7b56d8ba6cee79ac52
E5EFD73DA1F2C41ABA3B20BAEA9AF7D2,101363,res/animation/ui/afy_unionboss/ui_tx_gonghuiboss.pkm.gz,3f4a4e4a5e62317a540d70312a8962b9
37E1E6BB3149D02CF2655B6A99B2EB4B,91547,res/animation/ui/afy_unionboss/ui_tx_gonghuiboss.pkm@alpha.gz,f5320e5678dc84a6d934213a0a1f993c
6EA96588AD239B75E5716617D3EAC181,214,res/animation/ui/afy_unionboss/ui_tx_gonghuibossxuanzhong.atlas.gz,baad84fcfec019915a77f0e9c93baa37
EA084CF8FAA841689095C5D738EF2C98,412,res/animation/ui/afy_unionboss/ui_tx_gonghuibossxuanzhong.json.gz,2fa17130b25b77a3a059eaccd1de5349
EC231F4F88C7D1A87FD9C04FE74A7CBB,312,res/animation/ui/afy_unionboss/ui_tx_gonghuibossxuanzhong.pkm.gz,debcfc2510843f5d0919722ee7ce676b
782A02BC2A89E9002DFE9071FED6BA1A,611,res/animation/ui/afy_unionboss/ui_tx_gonghuibossxuanzhong.pkm@alpha.gz,ba2df414090f03119ed2c243fa2a2bfa
6332E1A4684C679CF34315CDD0105217,1392,res/animation/ui/afy_union_competition/ui_tx_jdzblilimu.atlas.gz,3a28144163e2aac77d024fcf7347e6f8
41B666D894A57C33161536BFF9A1C761,26615,res/animation/ui/afy_union_competition/ui_tx_jdzblilimu.json.gz,92f6b04a458a257594588fb9154be342
19EDB0F3F6E0F0A2F98D8F259F5B233A,45424,res/animation/ui/afy_union_competition/ui_tx_jdzblilimu.pkm.gz,b89aacff19a325eba05d5226a3d34023
F947DBA8524F9A625763D3081B837CCA,35525,res/animation/ui/afy_union_competition/ui_tx_jdzblilimu.pkm@alpha.gz,80f932e97724a5e98d9bf385a0124a4a
1DF6B766DC7830DDC72C85697B8B8B02,1090,res/animation/ui/afy_union_competition/ui_tx_jdzbling.atlas.gz,7b3a2c7cbff4cfc298bfe8f006779908
49EBE6F77D8191765BC7B8D66B7835A5,33666,res/animation/ui/afy_union_competition/ui_tx_jdzbling.json.gz,8d8d4ade90c97c917be2df46213490f2
A50BA6EA92E8588B3D196644A5BA429E,32405,res/animation/ui/afy_union_competition/ui_tx_jdzbling.pkm.gz,5ca37c9b1a34fd844d7d1a5e10219bd4
5A1B750D7D3A37284A666AB4D468D97B,25351,res/animation/ui/afy_union_competition/ui_tx_jdzbling.pkm@alpha.gz,389bfbd3d976aaed01e62755a25cc966
13ABB11129766E0D56D7ECE1DA7BD66F,1180,res/animation/ui/afy_union_competition/ui_tx_jdzbshenyue.atlas.gz,9c0919569d0613d0d0bf9d60b339c331
17CD7E21865A5DF71C96E2CF6547733E,28839,res/animation/ui/afy_union_competition/ui_tx_jdzbshenyue.json.gz,918926e35744592e38acb918a94747f0
99691CDF2ECACA92A722C3748A11FA38,41466,res/animation/ui/afy_union_competition/ui_tx_jdzbshenyue.pkm.gz,0ff2bf4d0f65cfd61e5d21f944f8215c
26BAB6FF1ECA07F4CBDA58231A3C0CA4,31679,res/animation/ui/afy_union_competition/ui_tx_jdzbshenyue.pkm@alpha.gz,903c905e90b0ff28de566584b49f6b07
0E06F8276C5462EC0AF1953B973DFDFA,873,res/animation/ui/afy_vip/ui_tx_vip.atlas.gz,2c7dbe7580e53a4b7c9395f4e87f6b5f
10BF2E1B4BB98D5DC7B99D03DCB01F46,598,res/animation/ui/afy_vip/ui_tx_vip.json.gz,5783aa28d50a3f267bc5be2d6a710c73
42C38006A83083DCDEDC6ED9CCFBCEF2,143825,res/animation/ui/afy_vip/ui_tx_vip.pkm.gz,37812eeba51707d89afd175adbca2fe3
7E6F131AA7013927D0B88F479372606C,45533,res/animation/ui/afy_vip/ui_tx_vip.pkm@alpha.gz,29609d0b1182ac8b83a08c7d057a580d
614158F33233A2A66A7317A05C73AB9D,1723,res/animation/ui/afy_worldboss/ui_tx_jujizhizhan.atlas.gz,e84807d9eb0b3ed1a9ee75a5b8bc80b7
5922F1D3E4389939A030D28D34ADBA07,22724,res/animation/ui/afy_worldboss/ui_tx_jujizhizhan.json.gz,3e66fa0f425e923dad08fbc01a5f9536
C1085A59B50065B587D46AC0C1A536DB,93823,res/animation/ui/afy_worldboss/ui_tx_jujizhizhan.pkm.gz,707c7c8163403bd8a7207528a5913284
FD415566A5A86CC064C8150898430441,67069,res/animation/ui/afy_worldboss/ui_tx_jujizhizhan.pkm@alpha.gz,7f457f54fba70887004de3ac0b61d6de
1E76BAEF76C9B0F2D4EC29C144305BF2,1747,res/animation/weapon/01_shenyue/shenqi/shenqi_shenyue_cheng_1.atlas.gz,fb056ee413fe531b34c2e185ed1322a1
BCDF6C24832F7C728308BCADB23CECB2,22461,res/animation/weapon/01_shenyue/shenqi/shenqi_shenyue_cheng_1.json.gz,4a60b980fb7a66b400ef305763984707
5EFF353EAD5BAE44CACC45C700E9FB72,277145,res/animation/weapon/01_shenyue/shenqi/shenqi_shenyue_cheng_1.pkm.gz,d153cd31f2ebca053ebd47da261e84f1
F20FA4CAFE1E1A63E82F92FB70EB645A,234927,res/animation/weapon/01_shenyue/shenqi/shenqi_shenyue_cheng_1.pkm@alpha.gz,67153229071928f5c6a0cfdd27e3300e
B8408F73F0CD690674D2871064B6F051,2306,res/animation/weapon/01_shenyue/shenqi/shenqi_shenyue_cheng_2.atlas.gz,d80633ab12f94ecc149e5701621aae5a
2DDDBA8F7B8C485DC75E4392912D1DB5,32397,res/animation/weapon/01_shenyue/shenqi/shenqi_shenyue_cheng_2.json.gz,dd4d8716072df2adecb22dc7b1f22b44
2E659759277C111BBEFAE488051BB182,449872,res/animation/weapon/01_shenyue/shenqi/shenqi_shenyue_cheng_2.pkm.gz,a85ffd923b11e1452ff8706e9aafe602
BA9CA8A4132D95D5974EA5D0B8CF12B2,355955,res/animation/weapon/01_shenyue/shenqi/shenqi_shenyue_cheng_2.pkm@alpha.gz,f82a8b4bfcb76739e04add057f98676a
B9F66CB73A776712E9479611A11936B7,2480,res/animation/weapon/01_shenyue/shenqi/shenqi_shenyue_cheng_3.atlas.gz,f300668919cb69680188b941d5f2dcca
9C30EAAD01AE5D0CB22CD52EB80ABD61,43759,res/animation/weapon/01_shenyue/shenqi/shenqi_shenyue_cheng_3.json.gz,c6797518cf63d0a9306cba1d827eb2f7
2735F92A2D4B7BA57BF53F0EAC5BFC57,668897,res/animation/weapon/01_shenyue/shenqi/shenqi_shenyue_cheng_3.pkm.gz,f313d6a5d9ea5f1152545c0bb53628aa
B0B77668EDF0BB5D437FBF125A284AE8,682540,res/animation/weapon/01_shenyue/shenqi/shenqi_shenyue_cheng_3.pkm@alpha.gz,89fb449aa7ad5307743012a78dd62a8f
993AC607440E0CF5E30A323A2AEA2EE8,2082,res/animation/weapon/01_shenyue/shenqi/shenqi_shenyue_cheng_4.atlas.gz,26b513ca8e44352cec7c1b9b66615560
E23A6A7C7430ABC7AAE7B8D7637A8AC4,8698,res/animation/weapon/01_shenyue/shenqi/shenqi_shenyue_cheng_4.json.gz,3b7358cd81ca1e2a33ee9088c9643fed
01150EC03DE2EEF8BF60AEDA056BCE43,279689,res/animation/weapon/01_shenyue/shenqi/shenqi_shenyue_cheng_4.pkm.gz,8489afc0608f2aed1ff69fdd0b2fb1a8
1986BFD4187432C6F12260EAC65635BF,199136,res/animation/weapon/01_shenyue/shenqi/shenqi_shenyue_cheng_4.pkm@alpha.gz,be58f492cbe63485c537b29d25d2a412
F2C29F65C363B4E5EBB9DFB76C9B54CE,2112,res/animation/weapon/01_shenyue/shenqi/shenqi_shenyue_cheng_8.atlas.gz,dcef2914e5de79296d859f868e6ead83
69C38AED361C69AE1E329D9804F77E76,22335,res/animation/weapon/01_shenyue/shenqi/shenqi_shenyue_cheng_8.json.gz,70643e1bd0d639f3332514a7723f05f7
A49541DF282F3710079E66A7A101B1A0,240726,res/animation/weapon/01_shenyue/shenqi/shenqi_shenyue_cheng_8.pkm.gz,4b3cbcf392c6231a99e5c768616e2b5e
2BA2DCD2FF81C327D0242CBB77565D69,234550,res/animation/weapon/01_shenyue/shenqi/shenqi_shenyue_cheng_8.pkm@alpha.gz,b12ce4ac164408d865391ad4d4f06abd
36170860EB516126DDF05109679F4BC4,840,res/animation/weapon/01_shenyue/shenqi/shenqi_shenyue_fen_1.atlas.gz,e280273685086d93759f74615d2be711
A6488C42380046FB3998B05B5A616C33,3120,res/animation/weapon/01_shenyue/shenqi/shenqi_shenyue_fen_1.json.gz,881a62ed9f3847510184487c4d67bd6a
AD6E497C45794702765E13B894C1BEE3,226714,res/animation/weapon/01_shenyue/shenqi/shenqi_shenyue_fen_1.pkm.gz,5416873d42e9fc526c0a983dc6892055
1D11E2FDB118C58B78E2041B42123B1E,216818,res/animation/weapon/01_shenyue/shenqi/shenqi_shenyue_fen_1.pkm@alpha.gz,49e6fa2b1417b1cbe00cf8aa028de992
E5B8109FA3D06A3181ECCF924A65DD5E,673,res/animation/weapon/01_shenyue/shenqi/shenqi_shenyue_fen_10.atlas.gz,f5c38319564ec12b69e1d511d2dffc9a
DFC79B6FDC2BD259BF07675ABB24B299,5364,res/animation/weapon/01_shenyue/shenqi/shenqi_shenyue_fen_10.json.gz,b999534fc344bd8a654cfcf0b21b47f9
DE4435EBC7F82F60B1093880E3748468,23135,res/animation/weapon/01_shenyue/shenqi/shenqi_shenyue_fen_10.pkm.gz,8148b0edcdaebeb1e8c9738ba0482815
E009489212FFA6B5BC885D2279E48B95,14807,res/animation/weapon/01_shenyue/shenqi/shenqi_shenyue_fen_10.pkm@alpha.gz,691a615f132d340847b1ed6a898c18ad
19107FB7CEE0A88A01E18114388A64B4,1883,res/animation/weapon/01_shenyue/shenqi/shenqi_shenyue_fen_11.atlas.gz,23344dc59c93eae2a1fbe231c4db66c8
9084C96AADA415EF80DDAE1D8F05CF1C,5541,res/animation/weapon/01_shenyue/shenqi/shenqi_shenyue_fen_11.json.gz,ecc36317b4cde6b1b96e9c30c611e7e5
3CB854D7F69B2BF425D39FAD7FDF40ED,283720,res/animation/weapon/01_shenyue/shenqi/shenqi_shenyue_fen_11.pkm.gz,95c2a0c39ad75cec4d9c851cae46f844
9AD89AA24FEF1C87D58645F99A1E88B9,240293,res/animation/weapon/01_shenyue/shenqi/shenqi_shenyue_fen_11.pkm@alpha.gz,241cebf3a793d78cbb39f7449faf52f7
4CD22D85B25A8FDB928AE7CC365F5112,956,res/animation/weapon/01_shenyue/shenqi/shenqi_shenyue_fen_12.atlas.gz,961425869561ba4e4edccad174fc7837
E2663A87F5A71B500F0ECFAF7E108861,2820,res/animation/weapon/01_shenyue/shenqi/shenqi_shenyue_fen_12.json.gz,721867f05cdc96d93c4b3dbfabdfb7e3
1E613793C63AD041E073A813D221E9A2,99686,res/animation/weapon/01_shenyue/shenqi/shenqi_shenyue_fen_12.pkm.gz,cfe9459515033c6387135e6236a04e0a
FFBB8509CA78A3FC1ACBF38283D21039,82019,res/animation/weapon/01_shenyue/shenqi/shenqi_shenyue_fen_12.pkm@alpha.gz,33e963671d1f8ad677023f7909b0196a
2711B581A0A80CAA355F085CE49255A3,1232,res/animation/weapon/01_shenyue/shenqi/shenqi_shenyue_fen_13.atlas.gz,4c2ba256c9d8c3c813a64a076af2abdf
D69C51AEDC2D10C36A3060E4AB4A0100,3713,res/animation/weapon/01_shenyue/shenqi/shenqi_shenyue_fen_13.json.gz,17bf405d356c67fb8795e48c1e614c91
83E5E9D9F6817EAB7FFA23569E95E017,49468,res/animation/weapon/01_shenyue/shenqi/shenqi_shenyue_fen_13.pkm.gz,b1c71cf2a7f16f4b59b6cccb0bcd4fa9
82DAE32FD3671B8A384279CD6C4D8031,62237,res/animation/weapon/01_shenyue/shenqi/shenqi_shenyue_fen_13.pkm@alpha.gz,bc61fe80035ca1d4fd600a774cf4a4ed
47EBC83BE16991A64F25B87EA597EC40,904,res/animation/weapon/01_shenyue/shenqi/shenqi_shenyue_fen_14.atlas.gz,3869bd6e909e2708ec502f2f769a2e83
AEF4012FBA8BF075E7C7DB3910046587,1430,res/animation/weapon/01_shenyue/shenqi/shenqi_shenyue_fen_14.json.gz,e60e9c92189de401a0de4a9593896d38
54F5531729A1B83A238198BBFC568E5F,44924,res/animation/weapon/01_shenyue/shenqi/shenqi_shenyue_fen_14.pkm.gz,e5e2c524722df275519252e6b1c7bbd8
1F5E56A9B046DC8D78DD40B0C7E5FEA0,38358,res/animation/weapon/01_shenyue/shenqi/shenqi_shenyue_fen_14.pkm@alpha.gz,3690c7db0ab16aeb5eb9f1a8ca809bd6
0D83A4C66FC15E91CE4F5F642FBDFE4E,520,res/animation/weapon/01_shenyue/shenqi/shenqi_shenyue_fen_15.atlas.gz,0760cff4aa6d6e671c4c13496197d0ac
A2FB408BCE186A29327FBDB7A587F012,1926,res/animation/weapon/01_shenyue/shenqi/shenqi_shenyue_fen_15.json.gz,f952d759282122e873759bff8b2f3656
B8D240C6B2B56E0E5B8158EFC435A87E,21246,res/animation/weapon/01_shenyue/shenqi/shenqi_shenyue_fen_15.pkm.gz,796ea19f4bf6e4299110a8d76cb397bc
7C4026CE31B9E240DB109EEC501155D1,16247,res/animation/weapon/01_shenyue/shenqi/shenqi_shenyue_fen_15.pkm@alpha.gz,fcac9747fb494573a9dbe5d9dff418cb
BBA16799C140B83F9614ABC3A1D0568C,496,res/animation/weapon/01_shenyue/shenqi/shenqi_shenyue_fen_16.atlas.gz,82a0e81887d19f8684820d3b243515c2
A33DAC6FE30137C3F226EDC37977978A,1131,res/animation/weapon/01_shenyue/shenqi/shenqi_shenyue_fen_16.json.gz,ecbc1c5659ba885c130c0a602803e4df
28ACE43962BE7509C3CEFA4199394FA5,15001,res/animation/weapon/01_shenyue/shenqi/shenqi_shenyue_fen_16.pkm.gz,07cb7fe8d74f5cebac1c677ae67c0852
EBB8F76D6B670999DBF2D4EE636AE0E1,9051,res/animation/weapon/01_shenyue/shenqi/shenqi_shenyue_fen_16.pkm@alpha.gz,fe4bafb2ebf6f5abddfb4ba2cebfda92
2FDE1F2CFD28681849348EE80CD81298,820,res/animation/weapon/01_shenyue/shenqi/shenqi_shenyue_fen_17.atlas.gz,9ec1fbd43d304d33c89722767b36915e
5F8E590057BCF9EFEF79AFE2328EE515,1761,res/animation/weapon/01_shenyue/shenqi/shenqi_shenyue_fen_17.json.gz,f9cd218995b0942ce5053d64340496f2
5888A6D15A23773D1A9507E38C1041D1,42461,res/animation/weapon/01_shenyue/shenqi/shenqi_shenyue_fen_17.pkm.gz,d0de2816347290735c42a22dbb336e9d
F1FEAB996F4F949F323E1FDAEBFFB1E8,29032,res/animation/weapon/01_shenyue/shenqi/shenqi_shenyue_fen_17.pkm@alpha.gz,ccbcd76717d1ef2a95493cae9414bf61
F569EFD8496EB2CE4F19FA5D46B25960,815,res/animation/weapon/01_shenyue/shenqi/shenqi_shenyue_fen_18.atlas.gz,bf7330b233b44cd49dab709af61d5f8f
389E90D5432ED6E520AD46A07AD9E3CF,3674,res/animation/weapon/01_shenyue/shenqi/shenqi_shenyue_fen_18.json.gz,5eb21d6cad80559b858529f9246e8094
216E6FC6D44AF7B4D47BA4DFAF3B96A3,54202,res/animation/weapon/01_shenyue/shenqi/shenqi_shenyue_fen_18.pkm.gz,f21bf62e410d355a2d401afceea03aa9
D23307CB1B377B97E699FA802474B30B,34427,res/animation/weapon/01_shenyue/shenqi/shenqi_shenyue_fen_18.pkm@alpha.gz,7f308c30918dad48d7fe5e6f4cea2694
7358E01BE5BEB81FB7C684233516CD37,1546,res/animation/weapon/01_shenyue/shenqi/shenqi_shenyue_fen_19.atlas.gz,c2f91540762147a2ab15c1fa2bb4cf22
84550DC22A23B78C09C5CC13A2113874,8512,res/animation/weapon/01_shenyue/shenqi/shenqi_shenyue_fen_19.json.gz,63488a6e11381c988bc0bf1b6862aa1e
2BB07C6188064167889B103848E63AF3,267742,res/animation/weapon/01_shenyue/shenqi/shenqi_shenyue_fen_19.pkm.gz,cb7be8edf65ecb90293a896e2edffebd
B059392F1966E29AB92F328BEAA9F335,210520,res/animation/weapon/01_shenyue/shenqi/shenqi_shenyue_fen_19.pkm@alpha.gz,0e5975077d6362e6859351346e402939
8F6779108A402FFE4F35D4D9B4571293,764,res/animation/weapon/01_shenyue/shenqi/shenqi_shenyue_fen_2.atlas.gz,4b5769f8382feb8f0fc1a5ee0d5a251f
572C65BA62F1476394C856B1CC3EF535,1213,res/animation/weapon/01_shenyue/shenqi/shenqi_shenyue_fen_2.json.gz,a527c9a27e906d6f833d358f1dc250c5
772CDD4A7D5A9253FBF6F271E7ADF354,40388,res/animation/weapon/01_shenyue/shenqi/shenqi_shenyue_fen_2.pkm.gz,7928b28ed67b165145a44c1fc42574b4
A7E003D404E3E8C588D9D93A52760781,45385,res/animation/weapon/01_shenyue/shenqi/shenqi_shenyue_fen_2.pkm@alpha.gz,69e7ec3df4824c47206baf95531165db
BC33D7ADCBDE958CDE7B0A1E572FED93,1096,res/animation/weapon/01_shenyue/shenqi/shenqi_shenyue_fen_3.atlas.gz,daeb36b8700a965db36b09b0890479b2
0186B28DDF063A1ED08371406FE264EC,2905,res/animation/weapon/01_shenyue/shenqi/shenqi_shenyue_fen_3.json.gz,29af6eac859a40a0a06e9dadd6913a2b
50721DD7D5979245CC14C392073E2762,497401,res/animation/weapon/01_shenyue/shenqi/shenqi_shenyue_fen_3.pkm.gz,52ba91dcea61c7705562da8cee66957d
945846843199D14BBD9B11B3DE5DE70E,337617,res/animation/weapon/01_shenyue/shenqi/shenqi_shenyue_fen_3.pkm@alpha.gz,925ae6cfa3e45c63f269eae4f0cd2e2c
F1C31E18CDC64585E1854116BC6178A1,1295,res/animation/weapon/01_shenyue/shenqi/shenqi_shenyue_fen_4.atlas.gz,c089d75b3369d23ee36971dcca21bb0b
DABFCE48F628901BA2D54B8038900003,4585,res/animation/weapon/01_shenyue/shenqi/shenqi_shenyue_fen_4.json.gz,59c5234110c485f35110468ab680a6b2
0023A6E7C5D739178A232A840338BFD1,97089,res/animation/weapon/01_shenyue/shenqi/shenqi_shenyue_fen_4.pkm.gz,3d153c5210a4b2ff15607a43b8955039
611D10DD57B8D9A33E0771A617D4FD40,86320,res/animation/weapon/01_shenyue/shenqi/shenqi_shenyue_fen_4.pkm@alpha.gz,908ad7a651523be0de4aa4ee3830a8b5
FE3185D91B58B8065E91B5927E24F355,621,res/animation/weapon/01_shenyue/shenqi/shenqi_shenyue_fen_5.atlas.gz,c7f9f11998eb33c4854480906f4f46ca
362D28B360E8F37B17224F28DEFCC29E,4491,res/animation/weapon/01_shenyue/shenqi/shenqi_shenyue_fen_5.json.gz,150487e4b9173f0fb7d8cbcb2899246d
9905EECDD2CE8FB02115E255FA7B76AE,26667,res/animation/weapon/01_shenyue/shenqi/shenqi_shenyue_fen_5.pkm.gz,90894d74263a30aade1b603615301914
6A9205AC199268355F4448ACBA30CADC,24272,res/animation/weapon/01_shenyue/shenqi/shenqi_shenyue_fen_5.pkm@alpha.gz,d4d0b67087f16390565a05677fd8cf5a
D0E31F54DB646400A3A3CBE804D25F27,1561,res/animation/weapon/01_shenyue/shenqi/shenqi_shenyue_fen_6.atlas.gz,1b6414428a9461c3cce1669b8a3d4595
6D0C0E036F2E0DF4BEA9E1E132EAB711,5074,res/animation/weapon/01_shenyue/shenqi/shenqi_shenyue_fen_6.json.gz,c5add11f7925f32b0501c6c1db6c1352
10B1EAFF45124F7A88F65E99906083A2,352483,res/animation/weapon/01_shenyue/shenqi/shenqi_shenyue_fen_6.pkm.gz,28ab0460ee3a28a5439db1b194b78ded
4FD905793BCA4A1370573129E8286C21,284415,res/animation/weapon/01_shenyue/shenqi/shenqi_shenyue_fen_6.pkm@alpha.gz,425134f87e776eb9349c0f5cf80769f4
DC515D355160978B544FE2C1A5507986,820,res/animation/weapon/01_shenyue/shenqi/shenqi_shenyue_fen_7.atlas.gz,8c6eec0ac2040b42411b24dad523f137
C26788FC5CE7B67C3FAF991C88B5E21D,3059,res/animation/weapon/01_shenyue/shenqi/shenqi_shenyue_fen_7.json.gz,2d8a1468a527b0db9a94a3e0c842b72b
542800B45ABA25CE199318F321CA8F37,61900,res/animation/weapon/01_shenyue/shenqi/shenqi_shenyue_fen_7.pkm.gz,8fabdd7ac28e191e6f5823d60d7d0f5a
721EFE6203EA92A0D6D7478C4A53F4D1,42014,res/animation/weapon/01_shenyue/shenqi/shenqi_shenyue_fen_7.pkm@alpha.gz,13b1738f065c3349772837c18b7d81bb
CAC414CD9F440AAC08C1C33C77FE3DA9,624,res/animation/weapon/01_shenyue/shenqi/shenqi_shenyue_fen_8.atlas.gz,020dfa84b614f5d5c35193f144dc232f
89E329116348ECCEFD6B317AC3A36DB1,1425,res/animation/weapon/01_shenyue/shenqi/shenqi_shenyue_fen_8.json.gz,949a5357251a176d63a991edf8ff3e57
14AC071B9420DB6E3D94104F84F0F13C,22784,res/animation/weapon/01_shenyue/shenqi/shenqi_shenyue_fen_8.pkm.gz,71a6579d66017c13ba6d6b0a48dc89f3
964D0D021894358BA49862FB6926977B,13945,res/animation/weapon/01_shenyue/shenqi/shenqi_shenyue_fen_8.pkm@alpha.gz,7b923390c3ae4a188b14f19975367a28
158F9BEF691C3060D9828C765CCCEFED,1270,res/animation/weapon/01_shenyue/shenqi/shenqi_shenyue_fen_9.atlas.gz,2646e0f1be29c6578ac9ee3f6398da3e
906844F715044009FC660E164F12D2D9,4572,res/animation/weapon/01_shenyue/shenqi/shenqi_shenyue_fen_9.json.gz,77667dcd545caf8020095f265f61aeee
E8E3A8470FF5BA6D9107093582FE77A6,38635,res/animation/weapon/01_shenyue/shenqi/shenqi_shenyue_fen_9.pkm.gz,a56aaaac3ba49b40b44e331a6ccb8339
10046FDFA5746ACA8DEC46A12A550F2A,48205,res/animation/weapon/01_shenyue/shenqi/shenqi_shenyue_fen_9.pkm@alpha.gz,13a492526e4d181448cf6f07650ebff8
78B79941A7A69426F0684476BCF3487C,810,res/animation/weapon/01_shenyue/shenqi/shenqi_shenyue_heiyan.atlas.gz,f6284ad197ce634f9738dd7535d7b839
3A8A902EF818F4C0462C1064DA50F4ED,1953,res/animation/weapon/01_shenyue/shenqi/shenqi_shenyue_heiyan.json.gz,1df44c1a560c6baedf44244db9bc5a91
2D7713835EDEB7B9DED36449B123395E,661536,res/animation/weapon/01_shenyue/shenqi/shenqi_shenyue_heiyan.pkm.gz,2971dc29807ed0b8822da860939a2d95
CD1E014B602C556AC30B6BE67D83E221,525265,res/animation/weapon/01_shenyue/shenqi/shenqi_shenyue_heiyan.pkm@alpha.gz,58af5412f2c6ac325c1fb02206f972dc
5973BB6FC7B31C04A34277F4DF91A6EE,1513,res/animation/weapon/01_shenyue/shenqi/shenqi_shenyue_hejindianju.atlas.gz,c460f907d4baf2151ca7905326ca7729
BD7D7BBFFCF755F4AF8EFA37DD110DEC,4796,res/animation/weapon/01_shenyue/shenqi/shenqi_shenyue_hejindianju.json.gz,e1afa65369ca01b6632c9802c6ce01fc
4E07542B8CAE228FDFB76DF17387D321,2493896,res/animation/weapon/01_shenyue/shenqi/shenqi_shenyue_hejindianju.pkm.gz,1f09d59aac8ecd365fe126ef63eebb98
AD84C0E7D0E3A350BBAFB32C90CD6FDB,1282525,res/animation/weapon/01_shenyue/shenqi/shenqi_shenyue_hejindianju.pkm@alpha.gz,2b1b58eb52be2f4678e4f7887dec6f25
4A534A9B61E3E51E2AAF2CE430176CCF,385,res/animation/weapon/01_shenyue/shenqi/shenqi_shenyue_lan_10.atlas.gz,4cf6276a819966d629327212aa3a5911
FCA1C5CCAD2BA2C14F71BDB86AED9D48,411,res/animation/weapon/01_shenyue/shenqi/shenqi_shenyue_lan_10.json.gz,83c3a0dc44a16bcca7b083832ed4d66e
955C82AEB84EB16818A3E7EF69CCD9D6,8947,res/animation/weapon/01_shenyue/shenqi/shenqi_shenyue_lan_10.pkm.gz,4b38df8f21252fb76ff5cd6fea987311
6A2384BFBBBE275E03075C4DF72B8D54,5039,res/animation/weapon/01_shenyue/shenqi/shenqi_shenyue_lan_10.pkm@alpha.gz,e89384ac7fcd576a20e6832228668291
F0661C0AD1A6E35391A3F6B582E4FE51,394,res/animation/weapon/01_shenyue/shenqi/shenqi_shenyue_lan_11.atlas.gz,18141eeb22b3f5c51c4a40613e03aebb
BB812BBEDA85A596B1D4E2BBEB5164A0,410,res/animation/weapon/01_shenyue/shenqi/shenqi_shenyue_lan_11.json.gz,76f358ae64f57f468b03cdb1988caaba
1FCACBECFD35277F68F956AF2A6DDFB2,6969,res/animation/weapon/01_shenyue/shenqi/shenqi_shenyue_lan_11.pkm.gz,1273a08e49266a7880eee3f265b53095
82AA2C355E7A01EACC1899C29C12F81B,4350,res/animation/weapon/01_shenyue/shenqi/shenqi_shenyue_lan_11.pkm@alpha.gz,9063e6c45a5014dd7e9b961c0774ce6a
234769AD2A633C30854EDC6EF6BACC02,385,res/animation/weapon/01_shenyue/shenqi/shenqi_shenyue_lan_12.atlas.gz,b1e3e99beb3d41dac04612beeb3c96fc
928C48AE608CEF8D693EA93A44B62E5A,411,res/animation/weapon/01_shenyue/shenqi/shenqi_shenyue_lan_12.json.gz,4ca31acdc351c3d6b93e0301a8b24cfc
491B505AAF2DDC5B7DA07CCBE66C79E6,8045,res/animation/weapon/01_shenyue/shenqi/shenqi_shenyue_lan_12.pkm.gz,022e0ea6539122080a6b262c09074198
6B7E5D1AD2D19652BDB9FED3E4DD126C,4541,res/animation/weapon/01_shenyue/shenqi/shenqi_shenyue_lan_12.pkm@alpha.gz,88c11012e5a1349b3671aefe2e4b4401
07197A0B93F727A679E43ED74B8420A2,387,res/animation/weapon/01_shenyue/shenqi/shenqi_shenyue_lan_13.atlas.gz,d3619f1299a9972fdf4668cb781d8d03
2CB3C436E529B39627A962CC19ECD51C,411,res/animation/weapon/01_shenyue/shenqi/shenqi_shenyue_lan_13.json.gz,51af28f09fbbea45c4f48fb90777cb51
211863F9753BD7D35248B1B4BAF89F8B,6711,res/animation/weapon/01_shenyue/shenqi/shenqi_shenyue_lan_13.pkm.gz,d6e5b4a5a311a16873baf154770b1645
1B073FC4F097FADB160141FC03E66E95,3059,res/animation/weapon/01_shenyue/shenqi/shenqi_shenyue_lan_13.pkm@alpha.gz,6042ff3a772544456a6374802eb0fe3e
7F372EDA1FD1AC547307B9375B26088F,393,res/animation/weapon/01_shenyue/shenqi/shenqi_shenyue_lan_14.atlas.gz,e1c50f7d45ff47337695b014cb106313
C2ABA6C8D4D8EF50691D61574AB431DC,409,res/animation/weapon/01_shenyue/shenqi/shenqi_shenyue_lan_14.json.gz,7a1946bab3daa90c651b02a634e39897
3EA8AB2F4AE4F5A5844F4BAE98366F68,6121,res/animation/weapon/01_shenyue/shenqi/shenqi_shenyue_lan_14.pkm.gz,42a0f5a64fc73972c518e0a31f177589
9D567D782E820EE2F494FDF424DE6954,4470,res/animation/weapon/01_shenyue/shenqi/shenqi_shenyue_lan_14.pkm@alpha.gz,4b0a3a1eb0ea20f5fc089abb67e5bb17
E0CF947B023488F0D3FD4E125440A521,393,res/animation/weapon/01_shenyue/shenqi/shenqi_shenyue_lan_15.atlas.gz,90cc99ffd643d8fd94b80d3ec6e9b9a2
2F6344695B8645982D2F759842EB10C1,411,res/animation/weapon/01_shenyue/shenqi/shenqi_shenyue_lan_15.json.gz,51af28f09fbbea45c4f48fb90777cb51
B7BCFB071E755A1602764CC2805CDD2B,5613,res/animation/weapon/01_shenyue/shenqi/shenqi_shenyue_lan_15.pkm.gz,65a20a47d0941fd73642fc131c5cb8af
B95D77A8E4E7A69DA2850CF05C750AA3,3153,res/animation/weapon/01_shenyue/shenqi/shenqi_shenyue_lan_15.pkm@alpha.gz,cbba3402b00816b54201d811b2b6cae2
0FEEA53AD87150E2839787D80262482B,386,res/animation/weapon/01_shenyue/shenqi/shenqi_shenyue_lan_6.atlas.gz,539527bc92082c71ef41d960d8bb35d9
0594E7E786F44650DEB4525AB5105DBB,411,res/animation/weapon/01_shenyue/shenqi/shenqi_shenyue_lan_6.json.gz,ee595e92543bedf0d9a04c8ecef56b55
0CFF623C7296F3F5F06FB29BB76FDE60,21889,res/animation/weapon/01_shenyue/shenqi/shenqi_shenyue_lan_6.pkm.gz,f85255f5a2fdb02dbcf72e5a0dabe1b7
EBD2C15A6BD83E7480EFA97CB6C3F9B0,12716,res/animation/weapon/01_shenyue/shenqi/shenqi_shenyue_lan_6.pkm@alpha.gz,b6b9e399c43f91cd22fe535ce7feb645
BA0885C3A825DFDA047D732243D8737F,392,res/animation/weapon/01_shenyue/shenqi/shenqi_shenyue_lan_7.atlas.gz,84bb9e22ca10a1f53ab648cd7ac18811
21FC3B70984E0C83EFED86CF85AB8D2F,409,res/animation/weapon/01_shenyue/shenqi/shenqi_shenyue_lan_7.json.gz,7a1946bab3daa90c651b02a634e39897
BFF24B0A95A9C09B099A5A27B238A65C,10700,res/animation/weapon/01_shenyue/shenqi/shenqi_shenyue_lan_7.pkm.gz,ae5c4392b2edc9cefe47d811237660f8
A7E1BD4DEA768F532CFE22FAF50694F8,6589,res/animation/weapon/01_shenyue/shenqi/shenqi_shenyue_lan_7.pkm@alpha.gz,f627e66d73d0504c0cb436e5251db0e6
88186280C0D26751A81F3645394B4DEA,392,res/animation/weapon/01_shenyue/shenqi/shenqi_shenyue_lan_8.atlas.gz,bbf03108b94d27d18fc8114e3b0e74d0
89C57C9059619D47355398475E8CD920,411,res/animation/weapon/01_shenyue/shenqi/shenqi_shenyue_lan_8.json.gz,3e909fd2cc8ab0d7af7242e39afcb86a
46A36722312D625132712F60443A01D3,10321,res/animation/weapon/01_shenyue/shenqi/shenqi_shenyue_lan_8.pkm.gz,9279d2dee5841d2ca28fced9a1e2cc19
AF03DBFEE3CBF6E7AA0CEE5C00FB8C35,5803,res/animation/weapon/01_shenyue/shenqi/shenqi_shenyue_lan_8.pkm@alpha.gz,0f1946dd72774e2761e175cbb479a2c8
A86A56B56D95F37E7CADFCC9DC2AD393,380,res/animation/weapon/01_shenyue/shenqi/shenqi_shenyue_lan_9.atlas.gz,591570302833f5ddbf510a92346ff15d
0D5C0D1FA85B4E2DF213962E5385A0D4,409,res/animation/weapon/01_shenyue/shenqi/shenqi_shenyue_lan_9.json.gz,6f1a423fbaf65e5c4744ed78931c7514
08FD0CE04A5F2ED0372C82394D99E748,21158,res/animation/weapon/01_shenyue/shenqi/shenqi_shenyue_lan_9.pkm.gz,1634f53fffc06c7de3143f32524d831d
7ADC5E1331D8DF985AFDFB5040B067D1,8584,res/animation/weapon/01_shenyue/shenqi/shenqi_shenyue_lan_9.pkm@alpha.gz,f966c23686688f9f4f3e7e7c7b25fa0b
26FBEBA785D663623602C5AC9709B6B4,386,res/animation/weapon/01_shenyue/shenqi/shenqi_shenyue_lv_1.atlas.gz,6e763be1a03172c15180a44578b4ac13
FB7AA1D724B973050F3A392ED345E7CC,411,res/animation/weapon/01_shenyue/shenqi/shenqi_shenyue_lv_1.json.gz,51af28f09fbbea45c4f48fb90777cb51
2C0B6EEE442E0D693AB4FD04D545B90D,5282,res/animation/weapon/01_shenyue/shenqi/shenqi_shenyue_lv_1.pkm.gz,5c0e173a6355dec638b5b031f273245a
6185484557DE4193077FEF922D84F040,2331,res/animation/weapon/01_shenyue/shenqi/shenqi_shenyue_lv_1.pkm@alpha.gz,2b5a29ff09ed03cf85e534885bfc524f
543971F25D5E7F11DB3004A7569CD2DC,386,res/animation/weapon/01_shenyue/shenqi/shenqi_shenyue_lv_2.atlas.gz,8f0ea271cf87282878faaaff64786adc
301AA172835484197FB58887925EB7F0,411,res/animation/weapon/01_shenyue/shenqi/shenqi_shenyue_lv_2.json.gz,51af28f09fbbea45c4f48fb90777cb51
E43A9E70D5E3059C3657FFB349017EAC,5288,res/animation/weapon/01_shenyue/shenqi/shenqi_shenyue_lv_2.pkm.gz,e365bac1c2a0122cde8980dd8a31bb48
30D0E2DDC2BCBE0AC08EDBAAFB9AB63A,3778,res/animation/weapon/01_shenyue/shenqi/shenqi_shenyue_lv_2.pkm@alpha.gz,0549c08284163ff343c482c863bfdcfb
40BCCAA2BFE14D335BDB8743F9A960C8,386,res/animation/weapon/01_shenyue/shenqi/shenqi_shenyue_lv_3.atlas.gz,91be6ca0530b08f538e273c946dbc775
0B492643192D6289B58F73708455B76E,411,res/animation/weapon/01_shenyue/shenqi/shenqi_shenyue_lv_3.json.gz,51af28f09fbbea45c4f48fb90777cb51
84ED9B125CB512F3CD082EC77D5D6868,5965,res/animation/weapon/01_shenyue/shenqi/shenqi_shenyue_lv_3.pkm.gz,3a33154fbf93079ec8032d3189a64bdc
9D5E50A39E8D75B6341541F701E0E2F0,3655,res/animation/weapon/01_shenyue/shenqi/shenqi_shenyue_lv_3.pkm@alpha.gz,34f692ec048b243fd747621915457677
9C341E9A00AA68712E30A61A3B68E7BE,386,res/animation/weapon/01_shenyue/shenqi/shenqi_shenyue_lv_4.atlas.gz,3b9078c05fbaf6a9c4ee288ad2236132
BFB7760D0710A9C956769CB94FD36AA7,411,res/animation/weapon/01_shenyue/shenqi/shenqi_shenyue_lv_4.json.gz,51af28f09fbbea45c4f48fb90777cb51
411EAB76367C55F705F0CABC586D100D,4029,res/animation/weapon/01_shenyue/shenqi/shenqi_shenyue_lv_4.pkm.gz,d9823522eedc96df1f75f4254568c9c6
3A0379B4A9CB6BE72A9C562D41615D1D,2305,res/animation/weapon/01_shenyue/shenqi/shenqi_shenyue_lv_4.pkm@alpha.gz,7339fe42c8b5c7bbd8ccd3f63c83ea5d
76F264AE58A9F036508DB86579D579CA,386,res/animation/weapon/01_shenyue/shenqi/shenqi_shenyue_lv_5.atlas.gz,1784375c197ff700ef89114894db2d47
1142BA9D94C0DE77636324D7E5430A42,411,res/animation/weapon/01_shenyue/shenqi/shenqi_shenyue_lv_5.json.gz,51af28f09fbbea45c4f48fb90777cb51
D11B5FA27A0122712A7AA0628D45D760,5053,res/animation/weapon/01_shenyue/shenqi/shenqi_shenyue_lv_5.pkm.gz,72ec6a028dac806458ebbf1bf36986c3
AAA55E8C45C0DC7FE71E652B1AA4FEB4,3026,res/animation/weapon/01_shenyue/shenqi/shenqi_shenyue_lv_5.pkm@alpha.gz,26c21e24c63f6fec3a07f7eb7a3f9ef1
75FC9528CB43C5CF0294172B0F99097D,630,res/animation/weapon/01_shenyue/shenqi/shenqi_shenyue_zi_1.atlas.gz,59a2c620b1a58646e59054b3d4810cda
36E74F5078CA985EEAF09580BFDFEF99,1253,res/animation/weapon/01_shenyue/shenqi/shenqi_shenyue_zi_1.json.gz,d407af76d65be4cdb3aa475a61eb2cd7
A1452584509E5C15EF022636AB6AFBF1,16243,res/animation/weapon/01_shenyue/shenqi/shenqi_shenyue_zi_1.pkm.gz,6685adf7d1955d23937708566c984d72
3B354CA980417EC6AD85099B082B9E2C,6527,res/animation/weapon/01_shenyue/shenqi/shenqi_shenyue_zi_1.pkm@alpha.gz,3c5b7b947c7d956b1071f2c01a3ced65
97A2C2C6139B44B1B21E5625FA3448D1,414,res/animation/weapon/01_shenyue/shenqi/shenqi_shenyue_zi_10.atlas.gz,7e0b63ec7ea86c2f7c14d68829269cb0
FACDB26F53E0E06F1455F11A4845150F,551,res/animation/weapon/01_shenyue/shenqi/shenqi_shenyue_zi_10.json.gz,9addb30ed893dd5fb2c0c8ed05939e15
640A80B174D870534155F063D43A9EF7,17548,res/animation/weapon/01_shenyue/shenqi/shenqi_shenyue_zi_10.pkm.gz,1c2ce4a5d9f6e80e99d2aa810084f1a8
792F469E2A92F8F1C60CE37DBFDC0C80,10001,res/animation/weapon/01_shenyue/shenqi/shenqi_shenyue_zi_10.pkm@alpha.gz,4a39c4444f5dfe8e87bcf44137b58e58
52D614DD6739EB3E9B8FAC45FBC96BBD,582,res/animation/weapon/01_shenyue/shenqi/shenqi_shenyue_zi_11.atlas.gz,5ebe2cd2334373bf07fb9d8fe8a2fcae
5A7413BCFA1FFBA3E34D9EB5506C03B1,984,res/animation/weapon/01_shenyue/shenqi/shenqi_shenyue_zi_11.json.gz,acad75b51f17f3aed3fa3ae2cb6c039e
96675026BD15755467B140A9FE97B1AF,17818,res/animation/weapon/01_shenyue/shenqi/shenqi_shenyue_zi_11.pkm.gz,454aef49c6f3f08ddcc52495e6f2bcea
9FFB3A3D3FCF1EE643A9ABFDB9818C1F,10629,res/animation/weapon/01_shenyue/shenqi/shenqi_shenyue_zi_11.pkm@alpha.gz,4fd0b97b68150e3aa34c721c85f40a3f
1C17461BCC739EE208F0D95134A34AD5,575,res/animation/weapon/01_shenyue/shenqi/shenqi_shenyue_zi_12.atlas.gz,bf6221180a5a41e2e192d9db5823e005
37D00F6BFC70E812FB05AC52E874592E,935,res/animation/weapon/01_shenyue/shenqi/shenqi_shenyue_zi_12.json.gz,130bc3187c9ae7781c2de1906069e14a
1D3B091728C5B890961DB195636833AD,16749,res/animation/weapon/01_shenyue/shenqi/shenqi_shenyue_zi_12.pkm.gz,e0d3bb8966f58eecaecf65c41855f00f
803453252C533FF58AFDA0E22545EDA1,8544,res/animation/weapon/01_shenyue/shenqi/shenqi_shenyue_zi_12.pkm@alpha.gz,66b22cf3a369654ad20b884c33b391d8
7902B4CE64E9A48EDFFD0FB6F4B65E09,694,res/animation/weapon/01_shenyue/shenqi/shenqi_shenyue_zi_13.atlas.gz,157c050e431e198272088ea90f1b57bf
BCCDD81A4D1A6B395C9A0AF13C28DA04,992,res/animation/weapon/01_shenyue/shenqi/shenqi_shenyue_zi_13.json.gz,cefe76a4594f50fddb11df2738454370
0CF7476FA7C0193A9EED964309219AFF,22318,res/animation/weapon/01_shenyue/shenqi/shenqi_shenyue_zi_13.pkm.gz,e5fc199f2e31c953098270f064d6c5ef
DA21FB07DC5B76CA824233330B3E0ECF,44562,res/animation/weapon/01_shenyue/shenqi/shenqi_shenyue_zi_13.pkm@alpha.gz,95a1e5078eabab7d34897fc00fb680c1
2BD552BF1C88EA7322B4D7662CFBFBA3,430,res/animation/weapon/01_shenyue/shenqi/shenqi_shenyue_zi_14.atlas.gz,7aac844538a9544eee227de82038a4b9
1A55290D8E5BEB01E5C8E674D1BE9BDD,547,res/animation/weapon/01_shenyue/shenqi/shenqi_shenyue_zi_14.json.gz,b95711c22127fef770592f0b0ecde95e
5484D4532E8150B7E6AF0A8F43950192,9724,res/animation/weapon/01_shenyue/shenqi/shenqi_shenyue_zi_14.pkm.gz,29e6c8a548c97efbcccfee83dd382081
00A2641502C48AC30E9A3B285A1DA60D,6297,res/animation/weapon/01_shenyue/shenqi/shenqi_shenyue_zi_14.pkm@alpha.gz,7761281993401c0fb9a60601a01e41ed
2562F37298FA56234630158C7BB78242,737,res/animation/weapon/01_shenyue/shenqi/shenqi_shenyue_zi_15.atlas.gz,1333847e8af797dc9173e4ef86997b54
62E1BA3B4AD5806DBB31FDAC0EDCF9A9,929,res/animation/weapon/01_shenyue/shenqi/shenqi_shenyue_zi_15.json.gz,a2c21eab28b6de54926b8c6e8515c62b
BA3902580570EE6B7C742145CDBBF84F,13569,res/animation/weapon/01_shenyue/shenqi/shenqi_shenyue_zi_15.pkm.gz,8f1b8fe8181f64481d8aedb65ed64809
DA51FD3FE641F560098778F44F862C68,12077,res/animation/weapon/01_shenyue/shenqi/shenqi_shenyue_zi_15.pkm@alpha.gz,6762d240b824c3f2c651c3551b6a3f5f
FCFC871FBC2D8F328B3E60B3AB5E9887,614,res/animation/weapon/01_shenyue/shenqi/shenqi_shenyue_zi_2.atlas.gz,4b9a8925fae8fb65ffc302d3df775f57
529875C889249C9724769B61155E896F,1270,res/animation/weapon/01_shenyue/shenqi/shenqi_shenyue_zi_2.json.gz,3070a7e75fcc012df395168da1d534fa
73F41D5DE39D42ECF494996C9951E3FF,14092,res/animation/weapon/01_shenyue/shenqi/shenqi_shenyue_zi_2.pkm.gz,b2d233afc9c44d04b58ceee7e1c38b84
009A67174FCAD1A686107C2EA9E4A4BD,7629,res/animation/weapon/01_shenyue/shenqi/shenqi_shenyue_zi_2.pkm@alpha.gz,40e05004f801e8efb79b1c8963e97f35
257AFF590FBBA85D137D8E70DBC38E03,515,res/animation/weapon/01_shenyue/shenqi/shenqi_shenyue_zi_3.atlas.gz,c7ca11ce2bfdf35fca987854c6dc8185
BADFC4E95A56E604E74CEB771BDB912B,896,res/animation/weapon/01_shenyue/shenqi/shenqi_shenyue_zi_3.json.gz,3ff4deecfb04b9183e9fd0495508993f
B08B0F6863AFA9584934AA7E7D519576,23156,res/animation/weapon/01_shenyue/shenqi/shenqi_shenyue_zi_3.pkm.gz,25a6412fc0e6047fb763c938ca89d5f3
B071752D2A476A28961A0705217BF1FB,19641,res/animation/weapon/01_shenyue/shenqi/shenqi_shenyue_zi_3.pkm@alpha.gz,ee876dba12927e56700e590134fb7963
41D80BE6D5AC80F45C04EF45F908AA4C,479,res/animation/weapon/01_shenyue/shenqi/shenqi_shenyue_zi_4.atlas.gz,14b88550109356828bc506ed816a550c
85E52F6ACB0FA559F3456B9849640722,630,res/animation/weapon/01_shenyue/shenqi/shenqi_shenyue_zi_4.json.gz,e5dcaf49f962f72d0946e9519ef6efc4
E99AA957D75969AC46AB6B88B167B54F,31214,res/animation/weapon/01_shenyue/shenqi/shenqi_shenyue_zi_4.pkm.gz,b3405c5bed5de3511b532ecd6f0c5475
FCC917E4EAA8A762AE45DC5EDCB55E04,24869,res/animation/weapon/01_shenyue/shenqi/shenqi_shenyue_zi_4.pkm@alpha.gz,a4b86c83dd0e28dc906c0f5c23ce0c18
F2204B9DB6E96E023431F5AC9EACBE6E,651,res/animation/weapon/01_shenyue/shenqi/shenqi_shenyue_zi_5.atlas.gz,61312334cbba046f3af7d913709fd957
7E1E19CFFD6633629198A42625AC000A,1402,res/animation/weapon/01_shenyue/shenqi/shenqi_shenyue_zi_5.json.gz,8a5db4d9683d03eaf5b86cccdb62dbd2
B8908475B53D3255B4C21DCEDF3DAF11,26138,res/animation/weapon/01_shenyue/shenqi/shenqi_shenyue_zi_5.pkm.gz,99b8ef73b888497d6936753b483d9c2f
8A6919FD3BFACD20CD69A9BFF1352523,19724,res/animation/weapon/01_shenyue/shenqi/shenqi_shenyue_zi_5.pkm@alpha.gz,c077db970546994d1e1fb335a50dd7f6
8FFFFFA033D38769D6C7484E790279C9,783,res/animation/weapon/01_shenyue/shenqi/shenqi_shenyue_zi_6.atlas.gz,415bbba4c5053673fadf81cbca10b18a
63A52C628EE03FDA292B4817301CB0AA,968,res/animation/weapon/01_shenyue/shenqi/shenqi_shenyue_zi_6.json.gz,50198a6a95c9ed5d41fd8aa02f6ccb1a
C1DBCA15495E28BC0EBA1ABBFFB22A27,24710,res/animation/weapon/01_shenyue/shenqi/shenqi_shenyue_zi_6.pkm.gz,4ff1357366a09b3425ee49ed5d75ca26
57FFCA3171B0FCC2643D2BE76B040D85,15578,res/animation/weapon/01_shenyue/shenqi/shenqi_shenyue_zi_6.pkm@alpha.gz,14bb2c94b60bedcbc8bd4d9b1215dc4f
377142EF0E78FD587D97A6DCD14963ED,1815,res/animation/weapon/01_shenyue/shenqi/shenqi_shenyue_zi_7.atlas.gz,440f6cb844f1afccd1dbed837d1439a9
83F140091799EB0CBF2BF4CB3BF7AD05,2601,res/animation/weapon/01_shenyue/shenqi/shenqi_shenyue_zi_7.json.gz,c1cab2f686370c4f61b307e8091f6e4f
8DFCA48FD37832C622DB11BB06DC51EB,29504,res/animation/weapon/01_shenyue/shenqi/shenqi_shenyue_zi_7.pkm.gz,5f36f056718e02144631676f1b31fd79
A6EFBB5EC8B9CDBE0DB7EB80D45087E0,23477,res/animation/weapon/01_shenyue/shenqi/shenqi_shenyue_zi_7.pkm@alpha.gz,5f3eefc4ee939929f0369e6bb2c73c94
C71C9D85B22A40E395998379E22E1119,1069,res/animation/weapon/01_shenyue/shenqi/shenqi_shenyue_zi_8.atlas.gz,9f3d4535779700a04c7dd77c8733eb74
D2CDB18714D9609A18F1AE4A25108264,2265,res/animation/weapon/01_shenyue/shenqi/shenqi_shenyue_zi_8.json.gz,22769e209423c1290d7f159b4a1be253
E3C0B5C092EE2ECCCCFA65037BF6145C,38418,res/animation/weapon/01_shenyue/shenqi/shenqi_shenyue_zi_8.pkm.gz,0a68b8e638f1a75eeeb19c7dbd689183
E42397B1BD30A966F1688AD856D457D6,42324,res/animation/weapon/01_shenyue/shenqi/shenqi_shenyue_zi_8.pkm@alpha.gz,a5bc560f48546bb1a84dfc08076ef737
53780B32127016D91705FF1BCA71428F,482,res/animation/weapon/01_shenyue/shenqi/shenqi_shenyue_zi_9.atlas.gz,14d0cc374dc722e5d29d71b3d4df6b6e
C4B08729BEBEC8041EEA06E1AC01536C,712,res/animation/weapon/01_shenyue/shenqi/shenqi_shenyue_zi_9.json.gz,ec8c7a8599ea5623f965449f7526387f
6520A8C207B20B6D90C5B1CBBA73DE53,18528,res/animation/weapon/01_shenyue/shenqi/shenqi_shenyue_zi_9.pkm.gz,c83148c310207e0459b00f5afa1fedeb
E887215CB05C3E9891B425D1A51E7E9F,7477,res/animation/weapon/01_shenyue/shenqi/shenqi_shenyue_zi_9.pkm@alpha.gz,4b3feb7d04efc3344e8e21b0a71b761c
1B8F60AEE38DBD09566D0C9889E51F10,389,res/animation/weapon/01_shenyue/wuqi/wuqi_shenyue_lv00_chu.atlas.gz,05d507e767f1d1f81ed53d180b9759b1
F9DE9AFF1E14C4576B4D798578932AE8,409,res/animation/weapon/01_shenyue/wuqi/wuqi_shenyue_lv00_chu.json.gz,7a1946bab3daa90c651b02a634e39897
93BD58A259C6C65004D43072D99C3F9D,6870,res/animation/weapon/01_shenyue/wuqi/wuqi_shenyue_lv00_chu.pkm.gz,300d46dc38b51946f49f61d526ef8695
440377A018AEA7469C3033ECB383C5D7,4039,res/animation/weapon/01_shenyue/wuqi/wuqi_shenyue_lv00_chu.pkm@alpha.gz,97f8273aedfba15b1878356227ad74cd
73E4B1AEF21E114652071B675CB46D0A,1958,res/animation/weapon/02_ling/shenqi/shenqi_ling_cheng_1.atlas.gz,d118b4cff73072309e6abf4a76d39823
45932A07E78C659E58722D9CD46B92A1,13358,res/animation/weapon/02_ling/shenqi/shenqi_ling_cheng_1.json.gz,9176fea9b239eea48146e55cbbf88992
4769A87C277D9B5981CD13D4F9EFD309,292685,res/animation/weapon/02_ling/shenqi/shenqi_ling_cheng_1.pkm.gz,fe537777779298780bbd95c1850f3cb6
C029456A4D41243075F4703E5573437A,222820,res/animation/weapon/02_ling/shenqi/shenqi_ling_cheng_1.pkm@alpha.gz,f434e3390a646d37d17f1631793ef5a3
307AB1570A79F2954353F3DD3F8A0FFF,2205,res/animation/weapon/02_ling/shenqi/shenqi_ling_cheng_2.atlas.gz,c536a41591d1e953ec5f7747509f8d16
A9EE153F99A415BDF2714213A898F960,14284,res/animation/weapon/02_ling/shenqi/shenqi_ling_cheng_2.json.gz,d0404fbace2edf23906b51425dff74c0
7C3DCCC8F0708F9FF2A8AAE62E1862E5,338266,res/animation/weapon/02_ling/shenqi/shenqi_ling_cheng_2.pkm.gz,dfe5bd8cf1c0333c56a68790483bb40c
7AC557480B154E2CFAD9410D5CBE6B6A,273756,res/animation/weapon/02_ling/shenqi/shenqi_ling_cheng_2.pkm@alpha.gz,90f0e0b049e1833d25bd5794284784ce
1EA9DE57B815DA2B7028289BD9606F32,2828,res/animation/weapon/02_ling/shenqi/shenqi_ling_cheng_3.atlas.gz,39fa20c0f22f9e39eeff9c74657d93e8
3DE739CAB9AE61AEB15818E197E97B3E,46968,res/animation/weapon/02_ling/shenqi/shenqi_ling_cheng_3.json.gz,2125b7409d61b13c243b44cb5caba301
9A0FB4D362C32F28D54A9C8FF8C87A71,659218,res/animation/weapon/02_ling/shenqi/shenqi_ling_cheng_3.pkm.gz,696ec19889f7a64d2b226a53b7874279
388AECE4994574F2E050EF70235BDEF9,691222,res/animation/weapon/02_ling/shenqi/shenqi_ling_cheng_3.pkm@alpha.gz,9186c8af4138dee189b9eb97a6705f9f
485C7E976D71DE1EB2059B91FFA3EBF0,2205,res/animation/weapon/02_ling/shenqi/shenqi_ling_cheng_4.atlas.gz,02c3465971a3d741b9cd2447f9f2c6d8
36EC203F4B1CFD8AC065252ED49482E3,14412,res/animation/weapon/02_ling/shenqi/shenqi_ling_cheng_4.json.gz,3ccbdb329c45698746039fa4ffbfa5db
2F3E23B0A8E52B0F7A179F566CCC7E04,539842,res/animation/weapon/02_ling/shenqi/shenqi_ling_cheng_4.pkm.gz,ed8c43b3375ff3c0c39e59d42e2112f6
26509AB97C835CF55E9976062410E105,404682,res/animation/weapon/02_ling/shenqi/shenqi_ling_cheng_4.pkm@alpha.gz,32f324ebe82e453ab2a3985d13212d28
C4C06C1C0E04696E56F79C63E36BC6E4,1959,res/animation/weapon/02_ling/shenqi/shenqi_ling_cheng_8.atlas.gz,0565f5356bb914fd9147bdda6e790cd0
C99E18275B336C304190009418045BED,13361,res/animation/weapon/02_ling/shenqi/shenqi_ling_cheng_8.json.gz,4116181112160e10f55e55488e285be7
3885E7ED8581526831415CD2E03BCA9A,285526,res/animation/weapon/02_ling/shenqi/shenqi_ling_cheng_8.pkm.gz,b71dba6f74c669ba55a4e6148b87c3fa
398226A044DCA425A50B8A7822412DB1,223959,res/animation/weapon/02_ling/shenqi/shenqi_ling_cheng_8.pkm@alpha.gz,df322a87f4cec4604da4f9ab7f70c045
A7046879D5D4FB31B9BE9C999FA2D1D8,902,res/animation/weapon/02_ling/shenqi/shenqi_ling_fen_1.atlas.gz,68323fb98aba82ef7d093c105fd85dfe
567F25C1266C476B63A0F58DFD8997D6,3337,res/animation/weapon/02_ling/shenqi/shenqi_ling_fen_1.json.gz,7d03474e6db5d44d102c66567d515493
16D5A0D37DF97897590E250F35DAA420,230798,res/animation/weapon/02_ling/shenqi/shenqi_ling_fen_1.pkm.gz,56e68c7fd45bbf5c55fc840e83fbab95
DE7B8CFDCC866F6D161A5A6644C64E1B,228530,res/animation/weapon/02_ling/shenqi/shenqi_ling_fen_1.pkm@alpha.gz,96eac9c1b8c824eae54a7f9a6a721586
5582023B805E6796D79220AEB16A4E53,749,res/animation/weapon/02_ling/shenqi/shenqi_ling_fen_10.atlas.gz,41d7f9926d333092c31fabeed6cfd897
1AF386C741722C19D64BEF91ECA11185,8769,res/animation/weapon/02_ling/shenqi/shenqi_ling_fen_10.json.gz,f05df73bcf93f66aa49c132f12c3f158
C8292491D54D3F01DE0ED500417FFE8E,8998,res/animation/weapon/02_ling/shenqi/shenqi_ling_fen_10.pkm.gz,3a238b88cb69dfdbaa5e3b525562a7f5
505CB94256A7BC33CDBBBCD268757BCF,7629,res/animation/weapon/02_ling/shenqi/shenqi_ling_fen_10.pkm@alpha.gz,28059640cc9989d6f8138197a335ba9e
4AEF4A714F411E12A536157A080FEB3A,1257,res/animation/weapon/02_ling/shenqi/shenqi_ling_fen_11.atlas.gz,68fe6d90603da25698e75e829215107a
89FD924FC67F94FC46F11AF3FB77B1E2,4484,res/animation/weapon/02_ling/shenqi/shenqi_ling_fen_11.json.gz,281774f6ff83dfdb66967e1199203e50
0F7A078F5A1FDB7C4B55418CBB1300B1,170077,res/animation/weapon/02_ling/shenqi/shenqi_ling_fen_11.pkm.gz,232f7fa2c95bb16a54bff492db9964e6
3A5EADAB1F4FAFAC79E5FCB52C31AD43,165290,res/animation/weapon/02_ling/shenqi/shenqi_ling_fen_11.pkm@alpha.gz,a93e06009b0b0dbd0556c6e084710cb6
B72756CBE48337B5C1901270A80C64DF,865,res/animation/weapon/02_ling/shenqi/shenqi_ling_fen_12.atlas.gz,32cf6cbd49c78977e8cebfa0921abb30
44B053B757879C1F0344F6F9CB40A7DB,2855,res/animation/weapon/02_ling/shenqi/shenqi_ling_fen_12.json.gz,6a4a1b5e54e86d7ea06428ee7c9957c3
9B92F326E90E3D5D9435EDA36590BAC2,24760,res/animation/weapon/02_ling/shenqi/shenqi_ling_fen_12.pkm.gz,dcdb63d298dfb55d5e6125d82f61d22b
83CA3C3755D32B376A025EDE0D9BECCC,38483,res/animation/weapon/02_ling/shenqi/shenqi_ling_fen_12.pkm@alpha.gz,5235670670b2ebba95c58abac51260a0
4D602D6A69D1E1548D36F69F30D68009,1134,res/animation/weapon/02_ling/shenqi/shenqi_ling_fen_13.atlas.gz,d0a274ddb442f687610590d614e289fd
E87821442237EFF1D861E9C69495EFD3,3430,res/animation/weapon/02_ling/shenqi/shenqi_ling_fen_13.json.gz,348aa6105335e5615e135cb1797af89d
2D3829FABAB6F61BDF30C480211A4B55,23558,res/animation/weapon/02_ling/shenqi/shenqi_ling_fen_13.pkm.gz,6f59ee890d2ab43014c7d0ab0f91d574
515A3EBFDA776A96AA0B381A168C1C5E,40510,res/animation/weapon/02_ling/shenqi/shenqi_ling_fen_13.pkm@alpha.gz,e47bef20512fe1e93f7be8b765368744
5E8C9EC453716657F4007DB75B36C69B,927,res/animation/weapon/02_ling/shenqi/shenqi_ling_fen_14.atlas.gz,f5e526c346361a37d5218fc5ef821e98
0DCB15260220CE585E4CAA5F8E8DBFF5,2395,res/animation/weapon/02_ling/shenqi/shenqi_ling_fen_14.json.gz,df2a53b9f185107352c29747abbccb49
0CDF1C1E3EDD6E3FA9E643E9795252C2,19110,res/animation/weapon/02_ling/shenqi/shenqi_ling_fen_14.pkm.gz,df678c376e7ff51d40c8f5dab9e1800f
86976D74F18331709BBE8D4E4BFA7007,36284,res/animation/weapon/02_ling/shenqi/shenqi_ling_fen_14.pkm@alpha.gz,55bca759c4fb314303bd5fa1c6f9e82d
BFD31CCAD3183E50E528A67BACBD8418,446,res/animation/weapon/02_ling/shenqi/shenqi_ling_fen_15.atlas.gz,a7029851054f4b7e8aae5f6d2cdbb8f4
585C5475239145BF78DB523FEA61AEED,1304,res/animation/weapon/02_ling/shenqi/shenqi_ling_fen_15.json.gz,2ba23b8597100533274ad449c0cc61c1
398475DFE6B178A2E9035A232419D77B,13919,res/animation/weapon/02_ling/shenqi/shenqi_ling_fen_15.pkm.gz,3f4fadb007d9d200a7cbe5013367562e
BE0011A677602143A5595EBA803E8187,12205,res/animation/weapon/02_ling/shenqi/shenqi_ling_fen_15.pkm@alpha.gz,ea5ce477a2098fd69e4c171b28961f07
603D15870F1AC2F5D1AE47DD6C1BBC7E,510,res/animation/weapon/02_ling/shenqi/shenqi_ling_fen_16.atlas.gz,c7150cfe97240489594c0ad530a3c5f7
2EE5E63FC294393014384A36B400DEE7,2050,res/animation/weapon/02_ling/shenqi/shenqi_ling_fen_16.json.gz,dc4fe59956a07335ae3afacd724d8ae8
6DA0A53A39050ACE5F5E4F17374027CA,7102,res/animation/weapon/02_ling/shenqi/shenqi_ling_fen_16.pkm.gz,d46a4c2ce1b430973c632082f7fa77e0
37CCB078EE8AE4892D362051DAAE482A,5911,res/animation/weapon/02_ling/shenqi/shenqi_ling_fen_16.pkm@alpha.gz,0295aab2fac17a1548efd1e06f3c4123
DB9F6A57B0E546D17049EC8F16A60F4A,458,res/animation/weapon/02_ling/shenqi/shenqi_ling_fen_17.atlas.gz,b1b0a3306a481f6ded84a01fd615f535
5EDFA4CB4561B525A1C66D6A416CE9DD,1385,res/animation/weapon/02_ling/shenqi/shenqi_ling_fen_17.json.gz,3c10904bcec8b4e99162440c71576068
44CD3BAD864AB8815A78F8C2DD16A680,7751,res/animation/weapon/02_ling/shenqi/shenqi_ling_fen_17.pkm.gz,4aabf77e7dda85e7ed223e9cc0c4b534
F62DC9D7A790E943C52ABB61FFAA7BEC,6869,res/animation/weapon/02_ling/shenqi/shenqi_ling_fen_17.pkm@alpha.gz,48d6ea6d07a94d5aa656c3e9aa662b3b
7826195797FA5B2D9070771524CEC394,762,res/animation/weapon/02_ling/shenqi/shenqi_ling_fen_18.atlas.gz,da98ad8bf8ae661f5ce6752837bcf430
E4B981EEE8122F4243CCA2FA45312858,3050,res/animation/weapon/02_ling/shenqi/shenqi_ling_fen_18.json.gz,f008c8b34639e1534414afffd4ee5fd5
E8500939974F1093BBB70DE90DFB1A8E,19032,res/animation/weapon/02_ling/shenqi/shenqi_ling_fen_18.pkm.gz,bf2c8b405f5145e248a20d94f778d2c1
B7EA5DDACEB8F0D1E6C71647769512A9,14226,res/animation/weapon/02_ling/shenqi/shenqi_ling_fen_18.pkm@alpha.gz,ee76ed70199d952bcdac1047f71b8d89
FBBD6DB76330F27F60F4BEEDA9D09E8F,1378,res/animation/weapon/02_ling/shenqi/shenqi_ling_fen_19.atlas.gz,c53c3911a8a83a8e117e8fd2f79cb419
3CD7D271AB1E72B94448967B76FB1945,4520,res/animation/weapon/02_ling/shenqi/shenqi_ling_fen_19.json.gz,228b8f3caaac75c6c1b3b07933331dad
3DBAAEB615D1872E1ED5EED93784B324,106068,res/animation/weapon/02_ling/shenqi/shenqi_ling_fen_19.pkm.gz,c0e3347b6694c87dcb38c90fd4ccc2da
845019FCCD41F538F28D59FE40960527,84832,res/animation/weapon/02_ling/shenqi/shenqi_ling_fen_19.pkm@alpha.gz,2c6f59448a64ed9cc17bea8e52ff6220
CF631B816A2A790A555E45DBEDA2DBA2,668,res/animation/weapon/02_ling/shenqi/shenqi_ling_fen_2.atlas.gz,eada3dbd13988ddf76df31bbc6283f19
36B36E95D0EA0CE54D35CA4EA09A5EFB,1550,res/animation/weapon/02_ling/shenqi/shenqi_ling_fen_2.json.gz,3b43d8410529843e057192734794c390
C3C396BD51228E265FD5C4E9B9054065,13989,res/animation/weapon/02_ling/shenqi/shenqi_ling_fen_2.pkm.gz,9f78ed874bf21a579458b699bcf6769a
57D0B910BE3189F7F89612EFF231A49C,30563,res/animation/weapon/02_ling/shenqi/shenqi_ling_fen_2.pkm@alpha.gz,bf5265c88f808d8bff45243f56c54aa6
B95EC752B91BD39E8981DA97053338F1,1015,res/animation/weapon/02_ling/shenqi/shenqi_ling_fen_3.atlas.gz,004aed1a08d2af5066bebf55e0455a01
F16A12D6448D05AE8316357917F7368A,3114,res/animation/weapon/02_ling/shenqi/shenqi_ling_fen_3.json.gz,3cb184a5aefb22bfc86c654569769b30
D3928C464FCA016CED776FCFDAB5E324,260572,res/animation/weapon/02_ling/shenqi/shenqi_ling_fen_3.pkm.gz,85866464e8d931ef397cf60b30600862
08801C9D31EDC7D3F9BF2A92ECE410E8,142981,res/animation/weapon/02_ling/shenqi/shenqi_ling_fen_3.pkm@alpha.gz,074526cf0ef05c34ef7b87f8013a7a5f
504316C10887400663C9A649B843E527,1000,res/animation/weapon/02_ling/shenqi/shenqi_ling_fen_4.atlas.gz,90f7f938f33fa62ff2b43e2e497ebf94
83219A569E550667F2BBB4CF2139A0AD,4296,res/animation/weapon/02_ling/shenqi/shenqi_ling_fen_4.json.gz,6b5a2ae41ae2b2d1ae335fae031bc364
25076B9D34E5BCC2EC4922F6967884B8,79590,res/animation/weapon/02_ling/shenqi/shenqi_ling_fen_4.pkm.gz,62daadd9ec9a7ad3078a87c19159ab8f
EE18E710A4E6A8320D9591FC1A63E0DF,72418,res/animation/weapon/02_ling/shenqi/shenqi_ling_fen_4.pkm@alpha.gz,338936b73e64174ea86f42fc566c0e70
45474E5C74A1FDCBBF6C6882D1C37A4C,690,res/animation/weapon/02_ling/shenqi/shenqi_ling_fen_5.atlas.gz,3de1ed470c9f5b6b006217d320e0457e
1BFCA082CFD81681EB73FC0028B0DB71,2654,res/animation/weapon/02_ling/shenqi/shenqi_ling_fen_5.json.gz,c55036c5492fc8f5b687cc3520a8bae6
2DAE22B7FD63C35217CD2991925086DE,9407,res/animation/weapon/02_ling/shenqi/shenqi_ling_fen_5.pkm.gz,c1f2099bbd07ae0cfdde7b42d3ddfe25
546B758186EC00CF088CDDBDE453198B,17219,res/animation/weapon/02_ling/shenqi/shenqi_ling_fen_5.pkm@alpha.gz,42c817dd9797a6f3fd8bf00be5c2f817
B5525A31EE91A70F16A1EDD58E7D4BCD,1300,res/animation/weapon/02_ling/shenqi/shenqi_ling_fen_6.atlas.gz,c0198b3b07570dcd4e4e6cc0c62d0671
7345358616BCA576C8F37741ED0A342E,4890,res/animation/weapon/02_ling/shenqi/shenqi_ling_fen_6.json.gz,c8d31ffbcc8dfae546da620c36b74ad9
8EBF342A3B54C0B7923898F143C85CAE,159644,res/animation/weapon/02_ling/shenqi/shenqi_ling_fen_6.pkm.gz,b688cc7f78890544afc67ef0ec62884a
094C7C749C17236040B34BF6D87D3FF1,146475,res/animation/weapon/02_ling/shenqi/shenqi_ling_fen_6.pkm@alpha.gz,1f88d6d5e89ced17029aa9c405a87549
353CD52C79F28DEB10AA5A702A5F2A62,754,res/animation/weapon/02_ling/shenqi/shenqi_ling_fen_7.atlas.gz,be69c95dffc62f181bd3a65f93958015
0DD518120271B2DE4E8A775E39B414D7,2813,res/animation/weapon/02_ling/shenqi/shenqi_ling_fen_7.json.gz,18ebc8cb7cc4823ff9d691c44533cf5a
E50F1E9A6B303193B0DF4C143457A022,19302,res/animation/weapon/02_ling/shenqi/shenqi_ling_fen_7.pkm.gz,7dfcef9080302f67279d41ae6777ccc0
B27DB3245636A487AC2FFA369191635D,13606,res/animation/weapon/02_ling/shenqi/shenqi_ling_fen_7.pkm@alpha.gz,55dbda4fbd59f681e6b1ad1f48129b7a
78614E30E453DD2A0B992D7EA18322BE,510,res/animation/weapon/02_ling/shenqi/shenqi_ling_fen_8.atlas.gz,5a6d7e0ec3cfa07c2e438bd4a3b7e9fb
AFD62AE3BEBD59F7E439A2DA6E598B54,2082,res/animation/weapon/02_ling/shenqi/shenqi_ling_fen_8.json.gz,5ba0c91b410f3753081318cb70d458d5
DCE2A898CDD68BC01838B545949F8D93,10194,res/animation/weapon/02_ling/shenqi/shenqi_ling_fen_8.pkm.gz,da929a2c65a9346e3400e02c25a7ceed
855EEE247954E1B90A54A87D3D7D48A0,7810,res/animation/weapon/02_ling/shenqi/shenqi_ling_fen_8.pkm@alpha.gz,24c223e04e36523c8990000845d762d1
DBBBD1CE1E016C3C5A873A0EB7451387,911,res/animation/weapon/02_ling/shenqi/shenqi_ling_fen_9.atlas.gz,7fcdb7570353d8fedb6bd91fed5b1df1
DEB428977B6A523B16060DEBD078AAE4,2500,res/animation/weapon/02_ling/shenqi/shenqi_ling_fen_9.json.gz,5836f4bb1608e1151bc8697035138a90
930E327379A0FC428E1B071AC99601A5,18718,res/animation/weapon/02_ling/shenqi/shenqi_ling_fen_9.pkm.gz,daa9553cd966092b52992817a30ef321
6760A5899A7F86E4E0B80123FA421918,14606,res/animation/weapon/02_ling/shenqi/shenqi_ling_fen_9.pkm@alpha.gz,a96a435fe344b79de0a40beb011e977f
E6DFFDC2069D7AB30975A7FECBCFC3C6,618,res/animation/weapon/02_ling/shenqi/shenqi_ling_heiyan.atlas.gz,349546c7aebd810463eab93610ed52d8
98D1CBE1A7436CDB2690027888360734,1040,res/animation/weapon/02_ling/shenqi/shenqi_ling_heiyan.json.gz,326d1629c5edc220e178eb3eb40947a0
03B37F7AA754B684CD984F344494C3A3,393043,res/animation/weapon/02_ling/shenqi/shenqi_ling_heiyan.pkm.gz,3b2aea0cddb5c380d609b143e3257a37
4D608066207A71B144BF98A6593BE406,194129,res/animation/weapon/02_ling/shenqi/shenqi_ling_heiyan.pkm@alpha.gz,7a2675c1e662572c86c64cd21e0c16f0
E72FF707B855691C209AC6270B662972,1455,res/animation/weapon/02_ling/shenqi/shenqi_ling_hejindianju.atlas.gz,8dfd398f329d7977bd6e21bdf0c18e32
786B47C1C0962CCD32D67154C1EF3AEA,4153,res/animation/weapon/02_ling/shenqi/shenqi_ling_hejindianju.json.gz,2b355496c53ca64068afad9d5a0c8c88
245131E27A5995864F7E382A96F643CA,901943,res/animation/weapon/02_ling/shenqi/shenqi_ling_hejindianju.pkm.gz,4137dee102084b4357797288a9811f61
FE58D4184E55A6F9542F28ABB73F0DE2,539134,res/animation/weapon/02_ling/shenqi/shenqi_ling_hejindianju.pkm@alpha.gz,bbbe484975f9c476cf65d279db6029a0
89860A7FDC4FF64412329880500623B6,283,res/animation/weapon/02_ling/shenqi/shenqi_ling_lan_10.atlas.gz,b5290944f301b25de36755916ac31288
E19D91D94323181D14D3D123E5A1D308,775,res/animation/weapon/02_ling/shenqi/shenqi_ling_lan_10.json.gz,48fa6eea61a7e13f70da907b1bb788f0
22E70EE5FC215C1EE3FA075F007D1060,1735,res/animation/weapon/02_ling/shenqi/shenqi_ling_lan_10.pkm.gz,6ec137989608e11ec92a20be18670cce
B23AA6105F7E4E748EF3D989535BEE08,1167,res/animation/weapon/02_ling/shenqi/shenqi_ling_lan_10.pkm@alpha.gz,f9969d93e9203ba806296105fbd95039
A91368692B2657FB476BED2801536197,282,res/animation/weapon/02_ling/shenqi/shenqi_ling_lan_11.atlas.gz,a521e4df2e02d3b809481afe5949cb2c
F6AF4BB34A1E26A859D2F763A01FFDD3,775,res/animation/weapon/02_ling/shenqi/shenqi_ling_lan_11.json.gz,48fa6eea61a7e13f70da907b1bb788f0
C25BB34A2FE062DD6292261A30CB2ECD,1422,res/animation/weapon/02_ling/shenqi/shenqi_ling_lan_11.pkm.gz,1aca9a320c1a4416d8bf47b9c2706d2c
20899D1B436D29107F5B7EC794C6D3F7,1085,res/animation/weapon/02_ling/shenqi/shenqi_ling_lan_11.pkm@alpha.gz,be9b417feb180e8533e509375cc03da4
8AB1F25F745E8A95A3F7D7951C46AC1D,283,res/animation/weapon/02_ling/shenqi/shenqi_ling_lan_12.atlas.gz,7f489b43992f16c96aae7fdfd80c08b2
AB0ABB4EAE3FEA112E15D84A0A26BF5E,775,res/animation/weapon/02_ling/shenqi/shenqi_ling_lan_12.json.gz,48fa6eea61a7e13f70da907b1bb788f0
2A6855F390B1DB5EA1947BB78EC9530E,1800,res/animation/weapon/02_ling/shenqi/shenqi_ling_lan_12.pkm.gz,621cdde37a77d86678fea658e59c105e
ED46264FB92C02E0DB3A498F4454DFE9,1394,res/animation/weapon/02_ling/shenqi/shenqi_ling_lan_12.pkm@alpha.gz,6189184bda3e2ff46252e50dad97c7c9
9AFA364AC0D51A9188E7975FA610A754,286,res/animation/weapon/02_ling/shenqi/shenqi_ling_lan_13.atlas.gz,235251241b374013935f600051295ca8
43325B9E67B5D77D3F05213F5446982A,775,res/animation/weapon/02_ling/shenqi/shenqi_ling_lan_13.json.gz,16889c19ad67fe0886b8d8e245bf715a
ACCEC4E3C692CF1BB92D2B23BC0EF3EF,2680,res/animation/weapon/02_ling/shenqi/shenqi_ling_lan_13.pkm.gz,bf6fb3315bc2b6af5ffdde585e53afee
6C85FBCDB4587DAB73732DCEFDB412E6,1959,res/animation/weapon/02_ling/shenqi/shenqi_ling_lan_13.pkm@alpha.gz,222f78778d551877cba883f122fbe544
F3EB3694610CB964B0EE0D7648C37FC9,284,res/animation/weapon/02_ling/shenqi/shenqi_ling_lan_14.atlas.gz,2e643a441a2b60e51fbd8a155b7f6b0e
02BB292033D598A77EEBF02DEB7FC099,775,res/animation/weapon/02_ling/shenqi/shenqi_ling_lan_14.json.gz,818ba2c65b5087600d87602e36758cbf
7C2EA25A5C12F89371A6B4D9FB91F7EB,1167,res/animation/weapon/02_ling/shenqi/shenqi_ling_lan_14.pkm.gz,824e7ac82797027801b622b2a1933f25
2326A6DB286F203F41D54AA0ADA26341,827,res/animation/weapon/02_ling/shenqi/shenqi_ling_lan_14.pkm@alpha.gz,0c4f6594871508158c32b4d5e6704aef
7915C35E2A9BDA2572D2AEEAF05556AF,283,res/animation/weapon/02_ling/shenqi/shenqi_ling_lan_15.atlas.gz,d51bd2e7a9a86e078e8d7c06eff0e643
0BAE2A53DB52B4F82F26B2D9999AFC6E,775,res/animation/weapon/02_ling/shenqi/shenqi_ling_lan_15.json.gz,99e80ca21a6dc2ed1cf8f0bd24928e85
69464AEA8B24B6535C039428EB0AD46F,1075,res/animation/weapon/02_ling/shenqi/shenqi_ling_lan_15.pkm.gz,5ca5034b772536a227548cf7d2114743
1ACA95D614AF3658BFC9B5E7735FEEB5,836,res/animation/weapon/02_ling/shenqi/shenqi_ling_lan_15.pkm@alpha.gz,90a0fc3dc20e553407caff0b8420e7fe
FF161A6A7654B572092D4845C84D9FCA,283,res/animation/weapon/02_ling/shenqi/shenqi_ling_lan_6.atlas.gz,0db359d1a0851c727549147165a0dc8c
A42A925513B54C2CB0AD7E1D4C181421,775,res/animation/weapon/02_ling/shenqi/shenqi_ling_lan_6.json.gz,818ba2c65b5087600d87602e36758cbf
A370F20AFEE9A6AB9864D506EAFA062A,1516,res/animation/weapon/02_ling/shenqi/shenqi_ling_lan_6.pkm.gz,f115eb2ec2b8ba41d1dbb412967c5a4f
D28E95AEF588AECD3908D06D6473D420,1077,res/animation/weapon/02_ling/shenqi/shenqi_ling_lan_6.pkm@alpha.gz,5e7a80f6f92c24ace3865329bda868e2
B3F0F990044B45B07CA0D9244B7DA634,283,res/animation/weapon/02_ling/shenqi/shenqi_ling_lan_7.atlas.gz,f479f9c69f8bbd6b0b062ba2e8ecabca
F13AC0023BD286B9B8AA2F71B9BF494F,775,res/animation/weapon/02_ling/shenqi/shenqi_ling_lan_7.json.gz,818ba2c65b5087600d87602e36758cbf
4F877A865467B059A0CC2CF590CDA673,2664,res/animation/weapon/02_ling/shenqi/shenqi_ling_lan_7.pkm.gz,a8276c8bbcdd892bad54ce3747d2341a
2F526B2EB42586E9D7474921790E3660,1996,res/animation/weapon/02_ling/shenqi/shenqi_ling_lan_7.pkm@alpha.gz,39cad0d94b784f7bc4f24873ec25d209
7ED7E9F93907437AAE5AEB36FFDA7C7B,284,res/animation/weapon/02_ling/shenqi/shenqi_ling_lan_8.atlas.gz,7454e3894cd0756576e759e333fea89a
C415E152BCEE2B89CA77205735D770FF,775,res/animation/weapon/02_ling/shenqi/shenqi_ling_lan_8.json.gz,818ba2c65b5087600d87602e36758cbf
FE4112AC8C61CA40E89465B49EFDB9AC,2010,res/animation/weapon/02_ling/shenqi/shenqi_ling_lan_8.pkm.gz,1fa54c979e576a8801fb40c88de4adbf
CEF1138D097BDE85841BAAC9C2924EAD,1302,res/animation/weapon/02_ling/shenqi/shenqi_ling_lan_8.pkm@alpha.gz,42963387b7dd243bb21879213587dbfb
16A6CE952ED8481F70E119DC08D38270,283,res/animation/weapon/02_ling/shenqi/shenqi_ling_lan_9.atlas.gz,32acf132db051ab81ed051ef5c04f2aa
90209D07A0517F46B19EF3AC1CB55E6D,775,res/animation/weapon/02_ling/shenqi/shenqi_ling_lan_9.json.gz,818ba2c65b5087600d87602e36758cbf
C26EE47F8500257744DE3066540D7E5C,2624,res/animation/weapon/02_ling/shenqi/shenqi_ling_lan_9.pkm.gz,8c949226467bb5422c328f4c05a36a15
01FE5283498116D57CBC6B65B11F8740,1908,res/animation/weapon/02_ling/shenqi/shenqi_ling_lan_9.pkm@alpha.gz,80a1aefced3cbb0bb587caea8d1e0ba8
DE3F141C355E993708B1A4699ED24A1D,283,res/animation/weapon/02_ling/shenqi/shenqi_ling_lv_1.atlas.gz,80db4c4d72a80475ff13e0a62a034a91
24A5AA89352136FBAA300A01477945B6,774,res/animation/weapon/02_ling/shenqi/shenqi_ling_lv_1.json.gz,a9512b7bb193d8187f8da7cd39c02983
7355B24C734B336CF787949768EF395B,3122,res/animation/weapon/02_ling/shenqi/shenqi_ling_lv_1.pkm.gz,079397d3e875fb1bccb64eb21438a608
4483EFC359AA17D49606ECE0113970C2,1759,res/animation/weapon/02_ling/shenqi/shenqi_ling_lv_1.pkm@alpha.gz,61ee1766a340c3c3a99adcbf78a76b14
4C8CEC59A355CDF5CC6B36B6A791970D,283,res/animation/weapon/02_ling/shenqi/shenqi_ling_lv_2.atlas.gz,190f522146b26211aede0b8357ddf4ff
68C1F652F8D595CD2D9D11F9AF5DE447,775,res/animation/weapon/02_ling/shenqi/shenqi_ling_lv_2.json.gz,62533f870b475df2af88c5e2b810adb9
57DAA30E89A04E43CC2974F50EB93235,2540,res/animation/weapon/02_ling/shenqi/shenqi_ling_lv_2.pkm.gz,7aa49e21d1a1dcbd8c009d2ce82af70b
AF791FE7068F0FBE1F6F925A4EB7C482,1882,res/animation/weapon/02_ling/shenqi/shenqi_ling_lv_2.pkm@alpha.gz,f7ef95e011d19aa062ed6043cf7586da
FE80327323CEF380904EFAAEA2888939,283,res/animation/weapon/02_ling/shenqi/shenqi_ling_lv_3.atlas.gz,3308e2c7a6f417279676527bec0e74ca
FA984126B5E1CB3F08F93AE15B7B6C13,775,res/animation/weapon/02_ling/shenqi/shenqi_ling_lv_3.json.gz,818ba2c65b5087600d87602e36758cbf
90D4C338FC550DD24849E080F43BE038,1089,res/animation/weapon/02_ling/shenqi/shenqi_ling_lv_3.pkm.gz,6abe1b223b44186c9aae21fee1000fec
D4923EB3D80C43291806B8C446351D76,936,res/animation/weapon/02_ling/shenqi/shenqi_ling_lv_3.pkm@alpha.gz,f3c60865f2f59213c1c02203a6d7386f
DC5EE720AA957B109092BC85797B5809,283,res/animation/weapon/02_ling/shenqi/shenqi_ling_lv_4.atlas.gz,363dee9272447cb4763fb31b1e4b5494
EB44130A4912ABA714C4E40DA2B6252F,775,res/animation/weapon/02_ling/shenqi/shenqi_ling_lv_4.json.gz,818ba2c65b5087600d87602e36758cbf
201FCC5A63DEB2F3E702162F093696FA,903,res/animation/weapon/02_ling/shenqi/shenqi_ling_lv_4.pkm.gz,e8df016846b225c9885b7759f2c2a308
66B605B17BF6A72D01B264D3C7935AC7,866,res/animation/weapon/02_ling/shenqi/shenqi_ling_lv_4.pkm@alpha.gz,580b06e07bddb8246e84dc1a072210d5
DED0FE28CF72BF7D5E6585F4025D1169,283,res/animation/weapon/02_ling/shenqi/shenqi_ling_lv_5.atlas.gz,022ba6cba70b9d2a6f9cf79b5bf9a286
961593EB00E2924F4A745DECA2896870,774,res/animation/weapon/02_ling/shenqi/shenqi_ling_lv_5.json.gz,a9512b7bb193d8187f8da7cd39c02983
34902CB0D88F21B04DC275175C8CAE1F,2461,res/animation/weapon/02_ling/shenqi/shenqi_ling_lv_5.pkm.gz,fb3194c8359c12d55da12b510eb262e7
819D481736C9B9E6B77A45B903E2835C,1946,res/animation/weapon/02_ling/shenqi/shenqi_ling_lv_5.pkm@alpha.gz,f5f6010e742c75fe44df585a41aaa943
018C7756C16E4BB12F947B2E89DDF148,363,res/animation/weapon/02_ling/shenqi/shenqi_ling_zi_1.atlas.gz,23057fb514e36444c45271a5663cba2d
67C02F947A32C9ED01BDFC50E9405E88,1221,res/animation/weapon/02_ling/shenqi/shenqi_ling_zi_1.json.gz,3fbbc8ae1cb502e1f59fcbe4de5bd478
1141DDE199436A7AECE7B8F449EEF959,5018,res/animation/weapon/02_ling/shenqi/shenqi_ling_zi_1.pkm.gz,05ead103af2cd0298ba78e1d5169b4a6
374C529A518B5D1EFA482534DF8856A7,3914,res/animation/weapon/02_ling/shenqi/shenqi_ling_zi_1.pkm@alpha.gz,dff63f4bbce0d8bf501eb299109a5587
1AF5AF136CFC0976EBB47DF8841AD6AF,324,res/animation/weapon/02_ling/shenqi/shenqi_ling_zi_10.atlas.gz,c5158b6c91d6ac86942cdf9db614bc8e
CC9B7A1D6906657512F422190EB77223,952,res/animation/weapon/02_ling/shenqi/shenqi_ling_zi_10.json.gz,aad6dd2dfd35e53514427cab010d4370
8F4E86CDC209601A4CD955F3A55112EC,2250,res/animation/weapon/02_ling/shenqi/shenqi_ling_zi_10.pkm.gz,768cc2fe5d64a97fbcb095ef00740c46
8CD0EB6366DF7F4F1C26E3249042A31B,1908,res/animation/weapon/02_ling/shenqi/shenqi_ling_zi_10.pkm@alpha.gz,e2c280550e15c9d0345e3c6b6b302bc9
F6EDC7AC64BCDDC8C1647D0A6604F1FC,438,res/animation/weapon/02_ling/shenqi/shenqi_ling_zi_11.atlas.gz,ec500ee4a4b3116221ccce434cb05cbc
FBB28E909014D4191B0B77E2477FD3AC,1322,res/animation/weapon/02_ling/shenqi/shenqi_ling_zi_11.json.gz,bf68d39102b42f85dbc7540cf6006197
1BFEAECE50D6AFC4C41477A9E39B5E52,6855,res/animation/weapon/02_ling/shenqi/shenqi_ling_zi_11.pkm.gz,a5c5e7e15ff9cb94c7da98f4978514de
B86144DD022EBCD297B4D37B6306A9F3,5300,res/animation/weapon/02_ling/shenqi/shenqi_ling_zi_11.pkm@alpha.gz,dcb2ad7f7a4252889613fd65fecc768a
18626194ED23BDAA132F94EA683C26CD,419,res/animation/weapon/02_ling/shenqi/shenqi_ling_zi_12.atlas.gz,4f5e629f7e889d32cb43ecf4baeb6b6b
AA5F8BD38E6C2513BA38F1C4DCF8234E,1326,res/animation/weapon/02_ling/shenqi/shenqi_ling_zi_12.json.gz,cac4d48651bc82610e821d5371c49127
725CEE49E104B19E3B0F6EF77BA7B067,4687,res/animation/weapon/02_ling/shenqi/shenqi_ling_zi_12.pkm.gz,196d1d8895fa1110daac53b7a2d663b9
8A94A7A7A57D46A8198A216279721A08,3252,res/animation/weapon/02_ling/shenqi/shenqi_ling_zi_12.pkm@alpha.gz,938772edd87e8452b0acfbcf4424b723
A815EC286AFB22782D5FAAA0967AB2C4,667,res/animation/weapon/02_ling/shenqi/shenqi_ling_zi_13.atlas.gz,8ededd083714077079c3db676e627080
EBA29EFAD0688E87D29FD7E315865EB7,1398,res/animation/weapon/02_ling/shenqi/shenqi_ling_zi_13.json.gz,8e4db39b7f7205e5edffe86c8d3ea512
AE1410AD60A4B28FB9F247FF0FBB9373,17538,res/animation/weapon/02_ling/shenqi/shenqi_ling_zi_13.pkm.gz,e281f38eae655992b92ff0d12057b09d
53E26BDE59A7C16FFD644792412F4A4D,40679,res/animation/weapon/02_ling/shenqi/shenqi_ling_zi_13.pkm@alpha.gz,388c9fe10cc77ed09e22df8b5c92038a
09A1BDC108D9DCF6F1A771A6C3756BB5,306,res/animation/weapon/02_ling/shenqi/shenqi_ling_zi_14.atlas.gz,85e14ab7ea12071f35d7367d985320eb
164CAB424B46B8DD93773E70B348DFDE,976,res/animation/weapon/02_ling/shenqi/shenqi_ling_zi_14.json.gz,bd735f0a12e8671381c185bd103f39fa
21A75AA26BE298D945E12ACF6CCDCA68,3620,res/animation/weapon/02_ling/shenqi/shenqi_ling_zi_14.pkm.gz,be0f89aadcf2d5dda52c2cb9eb44952b
4C68218C9908CE99B3E7EC0D43742ACB,3136,res/animation/weapon/02_ling/shenqi/shenqi_ling_zi_14.pkm@alpha.gz,812f427f365f0e0af3fe301398eb9f6e
8E46FC574F603B2C018BCD972320EF64,624,res/animation/weapon/02_ling/shenqi/shenqi_ling_zi_15.atlas.gz,db98948aa8deb57a4b4d5c7584a72d77
4E5FCCDD555ABC3DE38DEF54C3F147C8,1670,res/animation/weapon/02_ling/shenqi/shenqi_ling_zi_15.json.gz,d9e5524e32e07058c4e40203407d8ac1
9432C219C187BEEA8515FEB0975278FB,9135,res/animation/weapon/02_ling/shenqi/shenqi_ling_zi_15.pkm.gz,89ca6c0a72b3c86de6664be9154169b2
473FCDA45304CBD35C66120B658DD7C1,27173,res/animation/weapon/02_ling/shenqi/shenqi_ling_zi_15.pkm@alpha.gz,38a28f5b638da92591cd59510b8b91d3
408EAC77158CB2A914766818C012B350,360,res/animation/weapon/02_ling/shenqi/shenqi_ling_zi_2.atlas.gz,f1fc87dc2d01494c54a9f2e5356e026c
BB5A061156A00BB961AEA9E98B5462EB,1129,res/animation/weapon/02_ling/shenqi/shenqi_ling_zi_2.json.gz,44d011963ccf8de21ab86720997fede2
FB6C71A074B5E8D26298B9EA73BBDF9E,3334,res/animation/weapon/02_ling/shenqi/shenqi_ling_zi_2.pkm.gz,fa0d941f1d2b0614f76a8beb92919e3f
E3B9B97F0537251E261502211D3A2898,2353,res/animation/weapon/02_ling/shenqi/shenqi_ling_zi_2.pkm@alpha.gz,f36d79988324071e83ee9c28c8f9530c
2C49462C2AA0A239399D41C9F041FAE6,389,res/animation/weapon/02_ling/shenqi/shenqi_ling_zi_3.atlas.gz,795828a7b9605d0f7ef7b2fdd79d34f6
FC08131E4C9D4633A29871028906AEF1,1102,res/animation/weapon/02_ling/shenqi/shenqi_ling_zi_3.json.gz,d1a40979cc781a9785fc14b8088e7286
202B828ED446070111E22F3DDFEA02CB,8188,res/animation/weapon/02_ling/shenqi/shenqi_ling_zi_3.pkm.gz,49c260d181f13b5b7770b4a62ca853eb
AF23BF53F3817618772F2038A6EFE112,7064,res/animation/weapon/02_ling/shenqi/shenqi_ling_zi_3.pkm@alpha.gz,d8722b241f701af4346b061f10b4a8b6
800B02C464E117DF458FE86D6F7B155A,360,res/animation/weapon/02_ling/shenqi/shenqi_ling_zi_4.atlas.gz,30a62007c6a46269623cfc9c83f3e42c
3338FDE51BD27B3BF3169576198779AB,1022,res/animation/weapon/02_ling/shenqi/shenqi_ling_zi_4.json.gz,cd24999be3c09d32925a5baa48bb434b
90F797A519A8D377648D120268FAE4F7,9358,res/animation/weapon/02_ling/shenqi/shenqi_ling_zi_4.pkm.gz,95418ad05dd06d3cc71fbc6017af7243
E996C20DC0498D86852DFE759E5620B9,8171,res/animation/weapon/02_ling/shenqi/shenqi_ling_zi_4.pkm@alpha.gz,132e79a4cc7d3a49434536657d5774c4
875A7465E9E8878A79B4B96F85823B95,610,res/animation/weapon/02_ling/shenqi/shenqi_ling_zi_5.atlas.gz,d5f263df178bcd86c41f5a736edcf22d
D4D17298B31E1920FEB0CC4A1350EC0A,1960,res/animation/weapon/02_ling/shenqi/shenqi_ling_zi_5.json.gz,1bfa1780b500aba16688b638701d72b2
9E7C1E55B327CB7BBDFEB38E07375350,6146,res/animation/weapon/02_ling/shenqi/shenqi_ling_zi_5.pkm.gz,5c2ce238aa3bba5923fbcdf370914aa8
7F09B1A860B1765BA3EE4F18DF409C7E,5275,res/animation/weapon/02_ling/shenqi/shenqi_ling_zi_5.pkm@alpha.gz,3f5f3d598c5958433ff93774823f66d0
25E5BADEC4884E8FD5CCEF003AFC010E,724,res/animation/weapon/02_ling/shenqi/shenqi_ling_zi_6.atlas.gz,54db65d72fb3652e12d02f74cb7d7833
D842C90EB7C458C749ED50EB880AF308,1335,res/animation/weapon/02_ling/shenqi/shenqi_ling_zi_6.json.gz,a024569af533289e2de7311f3615bea5
2AB9F386D2EBF3B9975D00F671AAFFDD,8544,res/animation/weapon/02_ling/shenqi/shenqi_ling_zi_6.pkm.gz,7cfc3c1a999826366d2a1386a6d7e8d5
8F42315CDDE45E6B914058ED48CFB61B,6766,res/animation/weapon/02_ling/shenqi/shenqi_ling_zi_6.pkm@alpha.gz,d355c9634c62b5125f29b2c9ada7ca16
253B0B542C78D3F0A2F7434069BFB651,1656,res/animation/weapon/02_ling/shenqi/shenqi_ling_zi_7.atlas.gz,1d1d61ba3738fe8bec6c5efe832b2d8d
3AA0621EAC5D51DE53F3AC5C039CB31B,4126,res/animation/weapon/02_ling/shenqi/shenqi_ling_zi_7.json.gz,da551d3cb9c5d20317f6437f9949d3e8
BD23A42B9403FFDBEB55F608D4B2C564,14865,res/animation/weapon/02_ling/shenqi/shenqi_ling_zi_7.pkm.gz,710ddd6c7d67feb7341d69b51331107e
570C48610BC31BEA89C76180F341148F,13673,res/animation/weapon/02_ling/shenqi/shenqi_ling_zi_7.pkm@alpha.gz,b20a9797f7a00bf28489544f194fe3fb
B5BE8121788F71A5BF9C9FF68B85AB50,590,res/animation/weapon/02_ling/shenqi/shenqi_ling_zi_8.atlas.gz,9d1764e6fd25dd5e32fe83e723e7ce33
7D23B02C13FDA9D631BB8AA7A2815E43,2786,res/animation/weapon/02_ling/shenqi/shenqi_ling_zi_8.json.gz,7bc4f88ef8bfa2e089c2c59ef879a540
33FC6B83F1FAC0F8D348118DE4D7ADE9,4448,res/animation/weapon/02_ling/shenqi/shenqi_ling_zi_8.pkm.gz,f022baa658fda9b76726c58f266c2bd6
F5986114316FC7E24323FFFFEFD0E23F,9219,res/animation/weapon/02_ling/shenqi/shenqi_ling_zi_8.pkm@alpha.gz,4f05e8a6ee64f756e0f7d01c1ff1a604
B74369FF5592B728BD02E83BDCDE596E,356,res/animation/weapon/02_ling/shenqi/shenqi_ling_zi_9.atlas.gz,a04748ef02984e5359865b26c8e0d94a
A668218CC16DF5943FE6C9E168D1D1C2,1233,res/animation/weapon/02_ling/shenqi/shenqi_ling_zi_9.json.gz,138b16be5a1c6750f8b3a69d50d435e5
166574B7D8235BF1844E100419B66831,6480,res/animation/weapon/02_ling/shenqi/shenqi_ling_zi_9.pkm.gz,5129429d6ebecc0c74e4d0ab62e3418e
2A7E8A703684D7A368B9A4BEB8FF0DFE,4344,res/animation/weapon/02_ling/shenqi/shenqi_ling_zi_9.pkm@alpha.gz,a6681261af1861cc96dba4502bb90f1b
0DC0EFE37D00E76317628E35D4D5D27B,287,res/animation/weapon/02_ling/wuqi/wuqi_ling_lv00_chu.atlas.gz,a8c578c9a46da699b5ba462ed1df3a75
12AAC579B8AEB005B4FBAC0A587EEEB8,774,res/animation/weapon/02_ling/wuqi/wuqi_ling_lv00_chu.json.gz,2fd20f64412a1fcb88e59bef417c10db
15CA0FA36AB1E20A5D18C2D98DD57BCB,1885,res/animation/weapon/02_ling/wuqi/wuqi_ling_lv00_chu.pkm.gz,affe96e702c6f7d7b9e93b505efa922c
4A870E94DF0CE9F1BF42164BCBD10D51,1522,res/animation/weapon/02_ling/wuqi/wuqi_ling_lv00_chu.pkm@alpha.gz,902ff4cdf63c9b80ab51f390f82da80d
DA2045D9DA4099E1B5050B94829CE0DE,1619,res/animation/weapon/04_lilimu/shenqi/shenqi_lilimu_cheng_1.atlas.gz,3550aa7b517c6d1303afc82938b0a29e
708395ABF822E8FC531FBD2F486DBE6F,21401,res/animation/weapon/04_lilimu/shenqi/shenqi_lilimu_cheng_1.json.gz,89b2e62fc2acc191a8a6bfcdd1ebedfa
C469B203207DD4BB587B796883DEA9BB,106128,res/animation/weapon/04_lilimu/shenqi/shenqi_lilimu_cheng_1.pkm.gz,b35898c711599d128e204adbe2c08fa4
9AE7F299AFA122150C67A6272D841221,91058,res/animation/weapon/04_lilimu/shenqi/shenqi_lilimu_cheng_1.pkm@alpha.gz,407c068268d8bb540a4b5457dd6cbb88
B9512029551BDEA80F5B678A6D5C25BB,2602,res/animation/weapon/04_lilimu/shenqi/shenqi_lilimu_cheng_2.atlas.gz,dd7ccb6e1726fe66fe843f259ee4e037
7F60EBAEA980D250D8B2BA2153E10BDE,39846,res/animation/weapon/04_lilimu/shenqi/shenqi_lilimu_cheng_2.json.gz,24bc7e81523ad61c92b386c11b2c12d7
FB13D37BE4824C0948BFCB17CCC903D0,460063,res/animation/weapon/04_lilimu/shenqi/shenqi_lilimu_cheng_2.pkm.gz,37efcdce75b568c756152afe39cefeb8
968AF7DF6C4BA3FFA51E2BF6CCA70FCB,360799,res/animation/weapon/04_lilimu/shenqi/shenqi_lilimu_cheng_2.pkm@alpha.gz,2a7ad88d6d6b18365cc1bb41f019d3bc
61B740C111615D216CC8BBEB66A6FD54,2216,res/animation/weapon/04_lilimu/shenqi/shenqi_lilimu_cheng_3.atlas.gz,ab46c870d36121136035be5c86227baf
1C9936432B83E501925E85294C6AA08B,14742,res/animation/weapon/04_lilimu/shenqi/shenqi_lilimu_cheng_3.json.gz,4fd5915f7681bf2b926fa88b58872d8e
7ED53F28148261509818E1EA1CE0B92B,412554,res/animation/weapon/04_lilimu/shenqi/shenqi_lilimu_cheng_3.pkm.gz,4919fb2accaf291d2b81a984d8d5d917
45B390779DA600A7959821CB3DDBE13B,401532,res/animation/weapon/04_lilimu/shenqi/shenqi_lilimu_cheng_3.pkm@alpha.gz,9d4e2c6d606eb8c06b54af5bb4e49879
E6A9B8799F21496F316AA4C13C87FCC7,1581,res/animation/weapon/04_lilimu/shenqi/shenqi_lilimu_cheng_4.atlas.gz,6dccb17b6c273123765aee0f7480c83b
06E282B97F08C1E7B8F469338099162B,8096,res/animation/weapon/04_lilimu/shenqi/shenqi_lilimu_cheng_4.json.gz,c739478f79b38b093cbe2f1cb780aa10
34DA167BA94418A01136C05006066D96,233060,res/animation/weapon/04_lilimu/shenqi/shenqi_lilimu_cheng_4.pkm.gz,cbc58ec2f90656a73a527dfa5d6abba6
11F64FFEF7EA91965EC5B327A9DC473F,133373,res/animation/weapon/04_lilimu/shenqi/shenqi_lilimu_cheng_4.pkm@alpha.gz,4b9ff572565d04d8669802e79920a199
B37648E0753E27010540BB96CD6665CD,1900,res/animation/weapon/04_lilimu/shenqi/shenqi_lilimu_cheng_8.atlas.gz,16751e9ccd9f3311604629953e783ba3
2FD7B04396633D8503E1BFBD411027D8,21419,res/animation/weapon/04_lilimu/shenqi/shenqi_lilimu_cheng_8.json.gz,c26008c19a61deaf778d6c20922ef0b2
0049D3E591AFB0BCB9BF8129CA7D6308,92010,res/animation/weapon/04_lilimu/shenqi/shenqi_lilimu_cheng_8.pkm.gz,00726037fb5dc30513348db5415779e9
B8CB748B21F1BB4C2329E147200E1CC5,89152,res/animation/weapon/04_lilimu/shenqi/shenqi_lilimu_cheng_8.pkm@alpha.gz,a54fff64d52c0d9ece4851f58f1b49c6
449D8183F0A23FED4BAA3894E206E23C,803,res/animation/weapon/04_lilimu/shenqi/shenqi_lilimu_fen_1.atlas.gz,1967e196f63b0312f47e21011e4b2bc2
95E994E4D840A22748851D76237A4AD2,2689,res/animation/weapon/04_lilimu/shenqi/shenqi_lilimu_fen_1.json.gz,3cec3fbf546d693b5f3ffdebf5cc0e06
D49361E9D7957D4E955FAC0441132CF7,88838,res/animation/weapon/04_lilimu/shenqi/shenqi_lilimu_fen_1.pkm.gz,beedab6b9bed0557ecf0a01c21a5a98e
E0D524803C69FC27575B4EDF869AD4C6,84238,res/animation/weapon/04_lilimu/shenqi/shenqi_lilimu_fen_1.pkm@alpha.gz,72f155137fc4e829186c23cfb6622de3
CFCA06CE970385A97F68E8C8788AF92E,1026,res/animation/weapon/04_lilimu/shenqi/shenqi_lilimu_fen_10.atlas.gz,187e32edaee10cb0dd41983684813c64
A4A0CCA9A979EB3114499EA71334F225,7732,res/animation/weapon/04_lilimu/shenqi/shenqi_lilimu_fen_10.json.gz,a0623e45c0a721636803152e5350e7e0
8DCEAEAEB7BC6BCDA07769197CC6FCB4,28743,res/animation/weapon/04_lilimu/shenqi/shenqi_lilimu_fen_10.pkm.gz,950aa498e8ad2903994e1b595ca36b02
A5FD600EA6307308AB7A803CEED92CD3,24041,res/animation/weapon/04_lilimu/shenqi/shenqi_lilimu_fen_10.pkm@alpha.gz,fdf4d125e1d3eb6f316ddf45fe66bdfc
F165990FC41B15FFDFF1CA94F9CB30E1,1271,res/animation/weapon/04_lilimu/shenqi/shenqi_lilimu_fen_11.atlas.gz,02af00db2f11610433fb32ada9e19fb5
2D9E17FBD8CC89E2DBC2473ABC34B321,4478,res/animation/weapon/04_lilimu/shenqi/shenqi_lilimu_fen_11.json.gz,ed4012e0cfaf4721fcd543022c9ac886
0AFDA89B70A3D6F89FE56197B7C615E6,211907,res/animation/weapon/04_lilimu/shenqi/shenqi_lilimu_fen_11.pkm.gz,3845c7e1df251ed5957355e6490f32f4
F9F79B0F501C1A65BDF9A4B57F0477D7,193455,res/animation/weapon/04_lilimu/shenqi/shenqi_lilimu_fen_11.pkm@alpha.gz,bb9c417e2c9f0316fe0bbbd5c8d38dd2
CABC63CEA4D36A04DA3FE32DDB22C94E,430,res/animation/weapon/04_lilimu/shenqi/shenqi_lilimu_fen_12.atlas.gz,80a43894bf68b75e43db9fcd1a4e69e7
B49864C8248F94A530A8F093B891D6D1,1280,res/animation/weapon/04_lilimu/shenqi/shenqi_lilimu_fen_12.json.gz,5705c842822f559d33596130ac6d411f
1B893BDDFA58777B201EE51253BABB9D,20083,res/animation/weapon/04_lilimu/shenqi/shenqi_lilimu_fen_12.pkm.gz,d4375fa34f3bab36c6081e2d3795938b
E4107F70386A4518D99E0ECDCDA85F29,11882,res/animation/weapon/04_lilimu/shenqi/shenqi_lilimu_fen_12.pkm@alpha.gz,f28144163f9bba0561f1057dd2918b07
79B6CAB6253CA8BD6895387EDAA41645,1134,res/animation/weapon/04_lilimu/shenqi/shenqi_lilimu_fen_13.atlas.gz,c7165cabd36504f535029386f6803625
6DBDDC42ABAFC7CF7F23E16B1A9BCBFA,3615,res/animation/weapon/04_lilimu/shenqi/shenqi_lilimu_fen_13.json.gz,ac484c5dc2e36f669f59a41f00f93812
27ACBFC585D055D718AFC3F163BFBC7B,44127,res/animation/weapon/04_lilimu/shenqi/shenqi_lilimu_fen_13.pkm.gz,05913967b9896113509583e9362eb1fd
EB04F45FB860636E2A8A4F5DE113A78C,57131,res/animation/weapon/04_lilimu/shenqi/shenqi_lilimu_fen_13.pkm@alpha.gz,b27e7411fdacd7524ced36819c1caae8
79A65EB1261C71DAFE902B912C5446A2,892,res/animation/weapon/04_lilimu/shenqi/shenqi_lilimu_fen_14.atlas.gz,bc9fd91d3f990efbc7797e337b640458
C8589781457837149F4CE5211F5A798A,2198,res/animation/weapon/04_lilimu/shenqi/shenqi_lilimu_fen_14.json.gz,2712b9e618df9347d77f52b82d31d572
112239C06AAC8CA2678DDBF923EE1477,17480,res/animation/weapon/04_lilimu/shenqi/shenqi_lilimu_fen_14.pkm.gz,6fb53a2cc73b7e3c9707ba98f06c5fcf
4485F73FAA4194CE5F1AA75A5C9DC262,33878,res/animation/weapon/04_lilimu/shenqi/shenqi_lilimu_fen_14.pkm@alpha.gz,d6797ae338b706efb4be8878eb637705
B13076F72C5EF26BE8C12E23B2AE3E90,519,res/animation/weapon/04_lilimu/shenqi/shenqi_lilimu_fen_15.atlas.gz,36d7b00af178f134f6f92da69bb2c855
22319682153515C64E60E477966851CF,1926,res/animation/weapon/04_lilimu/shenqi/shenqi_lilimu_fen_15.json.gz,698446287efe447e62b0b627be74f90d
AA864DEC08B215633D718B2424195247,15373,res/animation/weapon/04_lilimu/shenqi/shenqi_lilimu_fen_15.pkm.gz,936e9f70e0695007a487f620c0824c29
27EDF15E01755B4DD1FD2E6B46D9DC3B,12714,res/animation/weapon/04_lilimu/shenqi/shenqi_lilimu_fen_15.pkm@alpha.gz,a6539ad7ed21f7d23100cecac69f77e3
08AF6B4380837003A2DCB8338B09018F,607,res/animation/weapon/04_lilimu/shenqi/shenqi_lilimu_fen_16.atlas.gz,9bd0bd0fbec94076630e218bdcc592be
905D4C3D5D85CC5208F3F6D1CB217A4E,2169,res/animation/weapon/04_lilimu/shenqi/shenqi_lilimu_fen_16.json.gz,9032f9d4f58f7b8f76428d9b4cc2fec6
9EFDF79DAC2662D9ABF7B486866CC018,12697,res/animation/weapon/04_lilimu/shenqi/shenqi_lilimu_fen_16.pkm.gz,9794a862739d62825c10c249d259dc82
D6BF76E37F04756938E225AAFC473ADC,8897,res/animation/weapon/04_lilimu/shenqi/shenqi_lilimu_fen_16.pkm@alpha.gz,d69cbd6a71537d95471ecc3f9c113ca5
61E53467DEA2CD5D407A2F04F013DC09,719,res/animation/weapon/04_lilimu/shenqi/shenqi_lilimu_fen_17.atlas.gz,43975cde86e90356084aa4bb4692214d
08BC0431DA00D02328B26C2E3C68E872,5682,res/animation/weapon/04_lilimu/shenqi/shenqi_lilimu_fen_17.json.gz,b2fd88da5de7543c660307bf345c85a2
C7843CB87B6D894090375E7ED02D93E7,22793,res/animation/weapon/04_lilimu/shenqi/shenqi_lilimu_fen_17.pkm.gz,808b062bd82241aca57106072abed404
86EE25C0785F85833886760C79F0C726,13987,res/animation/weapon/04_lilimu/shenqi/shenqi_lilimu_fen_17.pkm@alpha.gz,eef19ea1437f9a48c4da8fe9ef436dfd
B18F638327C4487D51FBB6A65C75F669,724,res/animation/weapon/04_lilimu/shenqi/shenqi_lilimu_fen_18.atlas.gz,13a7a1cd115dadb00074831d950cae1c
217245EB3224C9510210705315088AD0,2701,res/animation/weapon/04_lilimu/shenqi/shenqi_lilimu_fen_18.json.gz,c931281bc417854e0bd9f417262757f2
26108ACD1327345372CF8BDD51A39450,34835,res/animation/weapon/04_lilimu/shenqi/shenqi_lilimu_fen_18.pkm.gz,9af1efabf7beb96c5337115ee23979a1
31EAC3818D484F6B660FC8023F34E140,27734,res/animation/weapon/04_lilimu/shenqi/shenqi_lilimu_fen_18.pkm@alpha.gz,8cfe44dcf414dfd955a74517a4f1f3b3
05909479A95C2AD64DFA1D316C8EBBFE,1396,res/animation/weapon/04_lilimu/shenqi/shenqi_lilimu_fen_19.atlas.gz,87cec1ebc2395c204cf1499165100250
D8237AD34FD1A1FFC9E1D6FF86016A43,3910,res/animation/weapon/04_lilimu/shenqi/shenqi_lilimu_fen_19.json.gz,6c649ec386a161709514bde03ce3dc2c
8950D06F776F4D89B4EEC66ECBAD8877,251009,res/animation/weapon/04_lilimu/shenqi/shenqi_lilimu_fen_19.pkm.gz,9dafdab23ae97f66a3ee040c74c74f92
7C1D00B55E67655266F55F31F3F92BBF,200119,res/animation/weapon/04_lilimu/shenqi/shenqi_lilimu_fen_19.pkm@alpha.gz,b019908ef195068bb04313f1c916e175
F43CB2F65D479A586073784935C74BD9,705,res/animation/weapon/04_lilimu/shenqi/shenqi_lilimu_fen_2.atlas.gz,e1c401de930d7a424ae27d9b946624d0
725E59F0F7288BE07F3A33E6D49B8FE5,1467,res/animation/weapon/04_lilimu/shenqi/shenqi_lilimu_fen_2.json.gz,a3938d541e48866e840184aaf1b6f296
EA218AA155DBCBE5BF62ECFF2136CC62,26283,res/animation/weapon/04_lilimu/shenqi/shenqi_lilimu_fen_2.pkm.gz,f6fa79c92643dd3f41ce785c2f557ffd
047CBBE5BCCB483C748F1BB07657905F,39160,res/animation/weapon/04_lilimu/shenqi/shenqi_lilimu_fen_2.pkm@alpha.gz,5eec2a622fae30f51153735e6ae10907
7DCEBEC9816B94084BE71A8BBE4545EC,1019,res/animation/weapon/04_lilimu/shenqi/shenqi_lilimu_fen_3.atlas.gz,46e9628237aca86e9b6767758605cff2
0112A8B6A7543AA39D02AA156CCBF2C3,2748,res/animation/weapon/04_lilimu/shenqi/shenqi_lilimu_fen_3.json.gz,fb69bf7522c663c5a7d2c7d4967e098e
CCC6BA76CC1443008E75E923E61E76A4,412222,res/animation/weapon/04_lilimu/shenqi/shenqi_lilimu_fen_3.pkm.gz,206fe9e0923960348b5e826863478584
A2CECDA720BB83E0FFF1547DED247971,243779,res/animation/weapon/04_lilimu/shenqi/shenqi_lilimu_fen_3.pkm@alpha.gz,376172e086997a22a63b221b0a9e0605
A37E03BFE4415D0F10815C20489894DA,1104,res/animation/weapon/04_lilimu/shenqi/shenqi_lilimu_fen_4.atlas.gz,618b741055edb7e6c79596a7e7c31119
851F7CD699FD31533BE754D72045EB32,3637,res/animation/weapon/04_lilimu/shenqi/shenqi_lilimu_fen_4.json.gz,98ec4b4af1727c92ad93e31b27120b60
75DB24C8954E1F0154A3D9BF8AA4EF24,146310,res/animation/weapon/04_lilimu/shenqi/shenqi_lilimu_fen_4.pkm.gz,a7ec92e667cfe41229b0819080fdeaa3
CE010D36829CE3D02D033C50B8DB83E3,122485,res/animation/weapon/04_lilimu/shenqi/shenqi_lilimu_fen_4.pkm@alpha.gz,107355d850550b24162e88458a59d51c
620111C7E7EB732232A4C85BB102D7AC,704,res/animation/weapon/04_lilimu/shenqi/shenqi_lilimu_fen_5.atlas.gz,4bfc95286618644f7c4adbad06f9c351
2BD36D961900DF61180D5C19F369788E,2718,res/animation/weapon/04_lilimu/shenqi/shenqi_lilimu_fen_5.json.gz,0c02a74ec4cfad80c6c8366123b873ea
3F13952B3F494890B725AB0DF8835E58,22205,res/animation/weapon/04_lilimu/shenqi/shenqi_lilimu_fen_5.pkm.gz,e2ff8213132e548dbb7870c360919a51
662826F1C309A9AAF1F252C82A1A2068,24031,res/animation/weapon/04_lilimu/shenqi/shenqi_lilimu_fen_5.pkm@alpha.gz,30f884fd62c6c5a896296dc36533e561
5E6572560A6F809341E7FCDDBD0E8AF6,917,res/animation/weapon/04_lilimu/shenqi/shenqi_lilimu_fen_6.atlas.gz,736a4701bfceb599cc03568c33838115
0A12947C96A8D86F1442E7DD86F8B68A,3245,res/animation/weapon/04_lilimu/shenqi/shenqi_lilimu_fen_6.json.gz,bd6b83051e0cad46c3552d7e4328697c
C792D5767C84F0B6755E45AF422B28A1,67967,res/animation/weapon/04_lilimu/shenqi/shenqi_lilimu_fen_6.pkm.gz,523b12ecf256a50512f3128451bf31ff
06B7ACE65868ABDDF6A3A176EE14D2E9,48783,res/animation/weapon/04_lilimu/shenqi/shenqi_lilimu_fen_6.pkm@alpha.gz,f30914dee098c75d5095c082956fb48f
4F73AF1287E9AFD5B9A9E3028BDC2405,870,res/animation/weapon/04_lilimu/shenqi/shenqi_lilimu_fen_7.atlas.gz,7f07d1bd1c613d44bd4a5c4f3aedf92f
EDA72EDE2384A83DDA3DE93CA90398F4,3330,res/animation/weapon/04_lilimu/shenqi/shenqi_lilimu_fen_7.json.gz,145ccadf1f1ca89058f7898c208b33f2
8B9E7DC1724AF8D745170AC81928D07B,36661,res/animation/weapon/04_lilimu/shenqi/shenqi_lilimu_fen_7.pkm.gz,8b14da4193e031d2fde82f336d908a2e
828E016EF751402D46817080196908DB,29276,res/animation/weapon/04_lilimu/shenqi/shenqi_lilimu_fen_7.pkm@alpha.gz,3ac0f95d207336b8cb9d4763bbdebf8e
0A2193B378EDBF78081E1D3F1DDC1FB7,545,res/animation/weapon/04_lilimu/shenqi/shenqi_lilimu_fen_8.atlas.gz,afd403bcba390ab61fef3a01e9170e19
54A3CE4CB8B83823BAB07266EC9070D4,1796,res/animation/weapon/04_lilimu/shenqi/shenqi_lilimu_fen_8.json.gz,787299672056b9b3444e6de5cb06d5c8
A3BDC76C64F8CBD7DDE88476220338DD,19024,res/animation/weapon/04_lilimu/shenqi/shenqi_lilimu_fen_8.pkm.gz,da303510a0bafb7623a96d32ef52713c
C1585465A18C336B144975D95D5E2FD9,13127,res/animation/weapon/04_lilimu/shenqi/shenqi_lilimu_fen_8.pkm@alpha.gz,0d62b5804680a0e2b9630c2e6803540d
DFDD776039D11E8B5C58EC1113F65A14,1196,res/animation/weapon/04_lilimu/shenqi/shenqi_lilimu_fen_9.atlas.gz,0816b998a41453c14fecff1261291128
B101E9BA6ED3A0C6C59CF1BCA02D5CAD,3281,res/animation/weapon/04_lilimu/shenqi/shenqi_lilimu_fen_9.json.gz,dfd2809621cbad49a555dc0cd0303cb4
A1B84416B74A5D54F869EB3857449D56,83008,res/animation/weapon/04_lilimu/shenqi/shenqi_lilimu_fen_9.pkm.gz,10bdebbcb21722595eef8c5e56dab4ae
7531D65E39CD8A41F2F3D17681816F00,70881,res/animation/weapon/04_lilimu/shenqi/shenqi_lilimu_fen_9.pkm@alpha.gz,3a9b7bd93e99c863f85c776638f875ef
A46866E69D439327FFF86720AC65BEB2,879,res/animation/weapon/04_lilimu/shenqi/shenqi_lilimu_heiyan.atlas.gz,d5d946c2abecc31d57bfdd094e571120
206712D0036B3894A60478E0A82A997F,2436,res/animation/weapon/04_lilimu/shenqi/shenqi_lilimu_heiyan.json.gz,ec66ad0f5bbaa9a97e80776be0d7d8c0
A1E6D8EE4D81EED789A18A4DBDB1E26C,470878,res/animation/weapon/04_lilimu/shenqi/shenqi_lilimu_heiyan.pkm.gz,696658db207ae61ae8bf5a5549b333bc
960066AC64250986907D42F2793A500D,373835,res/animation/weapon/04_lilimu/shenqi/shenqi_lilimu_heiyan.pkm@alpha.gz,103700383c29a65d656b178300d8e8ab
470BC2D2245435B0E55A6B722619EB6E,1714,res/animation/weapon/04_lilimu/shenqi/shenqi_lilimu_hejindianju.atlas.gz,61c54aeef1efece0ace677c4066e3e6f
928907A08288EA0436B090A644CB67D1,4805,res/animation/weapon/04_lilimu/shenqi/shenqi_lilimu_hejindianju.json.gz,32f2d58726fd11305d1183ceb2367ed6
21AFD82075E98B716AF0494C343064FB,2259296,res/animation/weapon/04_lilimu/shenqi/shenqi_lilimu_hejindianju.pkm.gz,ff79ec8f39187ac9c6516d9eba1befac
7C327FCA84EC22AC81E333E38FC38654,1174480,res/animation/weapon/04_lilimu/shenqi/shenqi_lilimu_hejindianju.pkm@alpha.gz,1c91c3e422dac7cd4ffa45e31050967b
4B772B8F05B41F372AD234A4E92B2D3F,284,res/animation/weapon/04_lilimu/shenqi/shenqi_lilimu_lan_10.atlas.gz,11995ae6e048a09bfb0c298b7e06f3e1
F334C7E7D84A9C61DF633E644C4DA195,633,res/animation/weapon/04_lilimu/shenqi/shenqi_lilimu_lan_10.json.gz,3751f33122109c600fd9c01d449f9f40
56B36B06B6414F6F5EFF85BA15449E1A,4443,res/animation/weapon/04_lilimu/shenqi/shenqi_lilimu_lan_10.pkm.gz,a6e88edd1f43b4904be60fad8920772f
8B351CA2CDBD94B9ADD3B72C60CA848A,2770,res/animation/weapon/04_lilimu/shenqi/shenqi_lilimu_lan_10.pkm@alpha.gz,9c27c634ee4470d27b730772f564ff91
37BD4312E0A0F42395A8F39EBA70D8B3,285,res/animation/weapon/04_lilimu/shenqi/shenqi_lilimu_lan_11.atlas.gz,c0d77049c5442b032df39445422b83dd
EAC3D9EF8840196E4F7632E2765B4FF5,633,res/animation/weapon/04_lilimu/shenqi/shenqi_lilimu_lan_11.json.gz,3751f33122109c600fd9c01d449f9f40
46AFB8B46E32E0106C85EBC07A2EF932,3536,res/animation/weapon/04_lilimu/shenqi/shenqi_lilimu_lan_11.pkm.gz,e7746bb51c1973469fbcd23207cdd677
5E7ED6F1A3F7394137E2CAB7A3A5D162,2437,res/animation/weapon/04_lilimu/shenqi/shenqi_lilimu_lan_11.pkm@alpha.gz,3eac1b4c77b6a046c8f0234921c82110
95626A6B9926CD40D0383C10953DCDF5,285,res/animation/weapon/04_lilimu/shenqi/shenqi_lilimu_lan_12.atlas.gz,25f638f3b6be9341f31e0e0d67a3c31b
FD1B29335DF992AEA6F3E881D33C24A7,633,res/animation/weapon/04_lilimu/shenqi/shenqi_lilimu_lan_12.json.gz,3751f33122109c600fd9c01d449f9f40
26FB75EB2BC94EFDD3B12B169F77F4E8,6693,res/animation/weapon/04_lilimu/shenqi/shenqi_lilimu_lan_12.pkm.gz,39c04b16fde9c66a0114ebfa89b38214
CB1802823E48449F923F7FE5B7942E83,3136,res/animation/weapon/04_lilimu/shenqi/shenqi_lilimu_lan_12.pkm@alpha.gz,7ae4a74ad981d72953aa489661a6769d
812C08711635E4CAD75066A9FEBF5F8D,284,res/animation/weapon/04_lilimu/shenqi/shenqi_lilimu_lan_13.atlas.gz,c3e85928e2c0a8d6cc724f2d233eb02e
763E4D6697ABC58B3E86158D73BA4F27,632,res/animation/weapon/04_lilimu/shenqi/shenqi_lilimu_lan_13.json.gz,8359b1f2351cce2effd01d0afe9b8c44
C012593CFC1341518D4697BA1F8E6DD3,2680,res/animation/weapon/04_lilimu/shenqi/shenqi_lilimu_lan_13.pkm.gz,c4a33588859c0f289b07d6923fd64da0
D96F41C1525655783C01E0CFD9FD1639,1873,res/animation/weapon/04_lilimu/shenqi/shenqi_lilimu_lan_13.pkm@alpha.gz,57fb75671dccc8759096f682efa13906
8A98B37846D2DBE2F5C18CBC7AB027F8,284,res/animation/weapon/04_lilimu/shenqi/shenqi_lilimu_lan_14.atlas.gz,a87cca567314bb5acab0e85c52b11893
B518C12C8A76D1C7CA6B8096A84D97D3,632,res/animation/weapon/04_lilimu/shenqi/shenqi_lilimu_lan_14.json.gz,8359b1f2351cce2effd01d0afe9b8c44
1444F81B9030DC1BE13F09432CC3856B,2522,res/animation/weapon/04_lilimu/shenqi/shenqi_lilimu_lan_14.pkm.gz,b2de53d38510919fd686924ae449ce7a
E6F4BCF07577C082FE5DB52A9DD2B3EC,1792,res/animation/weapon/04_lilimu/shenqi/shenqi_lilimu_lan_14.pkm@alpha.gz,3fa8cc554cd7234b207513d71a27dd92
8BAB0F06C67D7D894F4E0A74495DFF2C,284,res/animation/weapon/04_lilimu/shenqi/shenqi_lilimu_lan_15.atlas.gz,b3293615a8ea36f7909daccc67475df6
2A66E914995A47FD484E298C5A0DB5E0,632,res/animation/weapon/04_lilimu/shenqi/shenqi_lilimu_lan_15.json.gz,8359b1f2351cce2effd01d0afe9b8c44
E572E1E49EB8CC56EFB17413AD29DDA6,2316,res/animation/weapon/04_lilimu/shenqi/shenqi_lilimu_lan_15.pkm.gz,2bdd053e67b859ab5e327249aeb8c8f1
702E3F480BCBDB465896879F222B5055,1562,res/animation/weapon/04_lilimu/shenqi/shenqi_lilimu_lan_15.pkm@alpha.gz,58566b2a3a1c265deae28ff02b130916
2F4CDF2A3E4D8DAF9638E6886496749F,277,res/animation/weapon/04_lilimu/shenqi/shenqi_lilimu_lan_6.atlas.gz,683cb74adfdbbd57c7deab8c02986bc1
529BD1886F6CD61163BB8E26885DB04E,632,res/animation/weapon/04_lilimu/shenqi/shenqi_lilimu_lan_6.json.gz,8359b1f2351cce2effd01d0afe9b8c44
B88282591F6D18267B2366EC1E3078D2,7625,res/animation/weapon/04_lilimu/shenqi/shenqi_lilimu_lan_6.pkm.gz,dddda6c872090218986d56eb8ab00dde
E7B072D92D2C07AA17B2510507E63892,4578,res/animation/weapon/04_lilimu/shenqi/shenqi_lilimu_lan_6.pkm@alpha.gz,c4979eeff178c9b7ab1ff2faa64cd078
55D2979FCB78FBAF73C762F43A5FAFD8,278,res/animation/weapon/04_lilimu/shenqi/shenqi_lilimu_lan_7.atlas.gz,ddd0eb92840a0141bc5f81984d4aa1c5
C6DEBBB1551C85F57DEEB67FC0402B23,632,res/animation/weapon/04_lilimu/shenqi/shenqi_lilimu_lan_7.json.gz,8359b1f2351cce2effd01d0afe9b8c44
79050403934762BB56AE66F423C6E732,4352,res/animation/weapon/04_lilimu/shenqi/shenqi_lilimu_lan_7.pkm.gz,724a130d16edb6e9aa51d4ba2937dffb
A8EEE21D4EB69160345385673756FC70,2884,res/animation/weapon/04_lilimu/shenqi/shenqi_lilimu_lan_7.pkm@alpha.gz,77a19f5cffa6ffd62400d9d03a821501
A1A0F7BCF4E6257ADD40BCBFBFFB7395,278,res/animation/weapon/04_lilimu/shenqi/shenqi_lilimu_lan_8.atlas.gz,80e8179d0b6cdf48dedf89c05ea82f13
C0AE5D5FE875D37EC5750BD141ECC690,633,res/animation/weapon/04_lilimu/shenqi/shenqi_lilimu_lan_8.json.gz,3751f33122109c600fd9c01d449f9f40
CDDF712A88C86E426CEDF23A720FAEA9,4009,res/animation/weapon/04_lilimu/shenqi/shenqi_lilimu_lan_8.pkm.gz,958580042f7c882cebccdf05913b9532
A62641A4F238A43BDBE784C9874D2927,2214,res/animation/weapon/04_lilimu/shenqi/shenqi_lilimu_lan_8.pkm@alpha.gz,8eb9340f6df5d0ceb11dc5c960355c26
1E93A477DFCA1B792605107E0949B320,278,res/animation/weapon/04_lilimu/shenqi/shenqi_lilimu_lan_9.atlas.gz,2ce1bf78d4b65952e796df5d352730dd
36F352DFF2B564021D7B61F74FD3D1EB,632,res/animation/weapon/04_lilimu/shenqi/shenqi_lilimu_lan_9.json.gz,8359b1f2351cce2effd01d0afe9b8c44
BC440E0011BF84AE7EB7174C80E09A09,4114,res/animation/weapon/04_lilimu/shenqi/shenqi_lilimu_lan_9.pkm.gz,c7b76b355b27490f6b4e904f2f43ca42
E8817C23A43025E2888F71AA4A7702E8,2954,res/animation/weapon/04_lilimu/shenqi/shenqi_lilimu_lan_9.pkm@alpha.gz,01704e280763b67ca751cfcd58aeb942
5C4A4688F16E739715DAA83F7617655C,281,res/animation/weapon/04_lilimu/shenqi/shenqi_lilimu_lv_1.atlas.gz,1cc949ffc0268d4e147d78f75e46b666
998A1AEC23C4AC74F8DE1B5640B19C05,633,res/animation/weapon/04_lilimu/shenqi/shenqi_lilimu_lv_1.json.gz,3751f33122109c600fd9c01d449f9f40
EE65CA942AD16302CD7567AEB31F646E,3415,res/animation/weapon/04_lilimu/shenqi/shenqi_lilimu_lv_1.pkm.gz,bd60389d3fa837d5b5c5530f27f209b1
E7C9FA99B47875CCDE1D28AB95EF8D06,1577,res/animation/weapon/04_lilimu/shenqi/shenqi_lilimu_lv_1.pkm@alpha.gz,ccaf278d2d84661738bbd0ea6a8d99b6
56821683C2CC8996DB73D6EC6726A90F,281,res/animation/weapon/04_lilimu/shenqi/shenqi_lilimu_lv_2.atlas.gz,5ce53d029845fb26dd395852899f4d21
03DE3A6512031C278B48A093D098B0D3,633,res/animation/weapon/04_lilimu/shenqi/shenqi_lilimu_lv_2.json.gz,3751f33122109c600fd9c01d449f9f40
B49273078F10E4BC0A2FEF769D3B6A92,3505,res/animation/weapon/04_lilimu/shenqi/shenqi_lilimu_lv_2.pkm.gz,b96126074a86f2076db9885e4e772f3c
62E5C1E02C85AA1A9D51131342CDAF55,1881,res/animation/weapon/04_lilimu/shenqi/shenqi_lilimu_lv_2.pkm@alpha.gz,4e191fccf06ffd4bdb5a1229eed7ac12
3CC864089BE878A2A279109D9D76F322,281,res/animation/weapon/04_lilimu/shenqi/shenqi_lilimu_lv_3.atlas.gz,ac2b84c507133765f707c9e938ca2a0b
019DC88122E1DCD42F537BA3869DE262,633,res/animation/weapon/04_lilimu/shenqi/shenqi_lilimu_lv_3.json.gz,3751f33122109c600fd9c01d449f9f40
2AFDDF16B70DCCABA1E2E33808732253,3090,res/animation/weapon/04_lilimu/shenqi/shenqi_lilimu_lv_3.pkm.gz,421dd618871a875c6bdef0c5da1617bf
ACA11010421665FF25270CDB9393C1C9,1762,res/animation/weapon/04_lilimu/shenqi/shenqi_lilimu_lv_3.pkm@alpha.gz,accdd3da0c36de242804bc40cfbc8991
77A7F2D2E37B48B9441FEC520F37E818,280,res/animation/weapon/04_lilimu/shenqi/shenqi_lilimu_lv_4.atlas.gz,7b4a647f81882af4ff3e411d9634e337
9F31EFDA9E8207D61D8CACAF97509DD7,633,res/animation/weapon/04_lilimu/shenqi/shenqi_lilimu_lv_4.json.gz,3751f33122109c600fd9c01d449f9f40
3790C47AFB70A143F82F23801B1185D3,5010,res/animation/weapon/04_lilimu/shenqi/shenqi_lilimu_lv_4.pkm.gz,d156a389514822ae481e82497e38ea22
BEB1E744754D77DB97DD51A45FA9097F,3647,res/animation/weapon/04_lilimu/shenqi/shenqi_lilimu_lv_4.pkm@alpha.gz,0dfa16c99b789961708abb7759d7fd92
7D200FCF9766D6FB79B4230278D103AA,281,res/animation/weapon/04_lilimu/shenqi/shenqi_lilimu_lv_5.atlas.gz,978738e5aa0491811f8a326af57758c8
1DA68534B91ADFB214F94B2F753B14FD,632,res/animation/weapon/04_lilimu/shenqi/shenqi_lilimu_lv_5.json.gz,8359b1f2351cce2effd01d0afe9b8c44
1CC8D169F3A3FA02D3B288246F52F4FA,2316,res/animation/weapon/04_lilimu/shenqi/shenqi_lilimu_lv_5.pkm.gz,e0ad695c68d0a4ccfd53064d9d6d6e75
8FD8E2D2ED73EC0509AAB6D611B07178,2362,res/animation/weapon/04_lilimu/shenqi/shenqi_lilimu_lv_5.pkm@alpha.gz,8a357691ce0d2029845f07d7398771fb
1D82BAF763BAE1FBC6DA715B4D98A230,472,res/animation/weapon/04_lilimu/shenqi/shenqi_lilimu_zi_1.atlas.gz,f9cd1452b0a2313bb4636b4e1f9f5a29
F6EA98BBD7758F15D985157138F55312,1124,res/animation/weapon/04_lilimu/shenqi/shenqi_lilimu_zi_1.json.gz,8ae636eb133ddad96165d21bd88621bb
C85D441C0D0695F60EC6F7A6B044484F,11984,res/animation/weapon/04_lilimu/shenqi/shenqi_lilimu_zi_1.pkm.gz,bbe64fc4088bcc13f3620662eb496709
83182C31C8F05BB6E991D29CDB47AA3C,7541,res/animation/weapon/04_lilimu/shenqi/shenqi_lilimu_zi_1.pkm@alpha.gz,b687f931a48589984e8b5e009e59bcd8
097A118EF194E09D51B9B293B7A88123,416,res/animation/weapon/04_lilimu/shenqi/shenqi_lilimu_zi_10.atlas.gz,3a23e96fd9636583bacc50893d2682a3
06C85A4AB9BD7FC1ADE694EC6D97939E,1022,res/animation/weapon/04_lilimu/shenqi/shenqi_lilimu_zi_10.json.gz,fde3a2eec3540f2b4d9f97f7d992192a
D3A01820DC27A887A8C7B8A71B02385B,14560,res/animation/weapon/04_lilimu/shenqi/shenqi_lilimu_zi_10.pkm.gz,0bdb8bc37eb1faa9556353f6268c0065
B24A78ADBCE6B2A9B1B12581A590AE54,11585,res/animation/weapon/04_lilimu/shenqi/shenqi_lilimu_zi_10.pkm@alpha.gz,dfcd4580e00d153536a03c1ae2e42923
81FDEE6B21EE6EF0D9B7FC1C0F6865BB,511,res/animation/weapon/04_lilimu/shenqi/shenqi_lilimu_zi_11.atlas.gz,2d5c932eb75ea099620c0f3998aa7cb1
97C1D75B9C3F5B76C6040BF95FF09545,1506,res/animation/weapon/04_lilimu/shenqi/shenqi_lilimu_zi_11.json.gz,09904bf5de4c6ecc3bd3f2d833958d9a
D7EC7E2231E33170485A0FB18087A718,14565,res/animation/weapon/04_lilimu/shenqi/shenqi_lilimu_zi_11.pkm.gz,9e6538c3e1519c94d88d028bd04f13f5
D4F04EA610B3A64DC02200C018C11C67,10414,res/animation/weapon/04_lilimu/shenqi/shenqi_lilimu_zi_11.pkm@alpha.gz,d73adbaa30b06da20b679273ec9b78b7
97126EEF936BF84B7835D0DC0940557F,528,res/animation/weapon/04_lilimu/shenqi/shenqi_lilimu_zi_12.atlas.gz,76612f832f40649bf5bd16ba87eb96c2
018EA2856BEADC2D6BAD4014223B2A5A,1237,res/animation/weapon/04_lilimu/shenqi/shenqi_lilimu_zi_12.json.gz,126045161b555583abc1c249cc09aac4
3AEDE7ED22A254F04281201F94D9041B,13771,res/animation/weapon/04_lilimu/shenqi/shenqi_lilimu_zi_12.pkm.gz,18b20f1814187f851849b2a0189e2683
D89AA1BC6AE2BD2F885C066A8753ACFC,7750,res/animation/weapon/04_lilimu/shenqi/shenqi_lilimu_zi_12.pkm@alpha.gz,4b8a96cf2b1456573d24025b25bf7571
609DA7FA97E8FCB36D3235873C369FA1,665,res/animation/weapon/04_lilimu/shenqi/shenqi_lilimu_zi_13.atlas.gz,70bdd6c69fcbd3a22e3f69f598e3f486
B5B54C7E4360D1FC9F0DC7233A0D65EE,1720,res/animation/weapon/04_lilimu/shenqi/shenqi_lilimu_zi_13.json.gz,306188de5f5d9f0b56846c2ca29571af
005B4EECC03848FE968DDD686D53501B,16081,res/animation/weapon/04_lilimu/shenqi/shenqi_lilimu_zi_13.pkm.gz,058be0149fcec90132ac499700dd3b2a
188328529C5E63F1CD44EA179A7D3293,33810,res/animation/weapon/04_lilimu/shenqi/shenqi_lilimu_zi_13.pkm@alpha.gz,0f7d760af6fe56f81084f05ad7d177a4
C7B4DC0EB8403AC5BFCB3745302C4A37,296,res/animation/weapon/04_lilimu/shenqi/shenqi_lilimu_zi_14.atlas.gz,7ceac500187e2d1ec74aa66542465f2c
4C0D6ABE52A6FDD7643A7C0733DA9F5B,842,res/animation/weapon/04_lilimu/shenqi/shenqi_lilimu_zi_14.json.gz,009e2b0bd13b7943ce665b80f45ae02c
C0DDEB1CEB6F65CEA31FA54A7D5DA61F,5754,res/animation/weapon/04_lilimu/shenqi/shenqi_lilimu_zi_14.pkm.gz,c00e744be163aca203ac1fb732a5bed9
542A153EDF5427358AA1FBB73BB7A64F,4222,res/animation/weapon/04_lilimu/shenqi/shenqi_lilimu_zi_14.pkm@alpha.gz,0e6bb2a086924175e6151ba328d7aa49
C3EC097898F27ED53CB914F60F5D9C23,704,res/animation/weapon/04_lilimu/shenqi/shenqi_lilimu_zi_15.atlas.gz,377b5c892961c49908ebd4acf866ebce
37D2497A5C43183B51690B2AE3723A36,1202,res/animation/weapon/04_lilimu/shenqi/shenqi_lilimu_zi_15.json.gz,1468fa1a6de8c597fbdf09faf9e38d03
256A0BB5DCAB50A30924F6707D5E8265,10483,res/animation/weapon/04_lilimu/shenqi/shenqi_lilimu_zi_15.pkm.gz,95c9ff00de8e9d2d5eac567ef4ad5832
DE1CA2B614422E312557B1CB09BF46B6,9008,res/animation/weapon/04_lilimu/shenqi/shenqi_lilimu_zi_15.pkm@alpha.gz,0ee2877b29fb22d2cd2b4beb96630097
B40EB88CD92384283E93EFE4EFD205D3,454,res/animation/weapon/04_lilimu/shenqi/shenqi_lilimu_zi_2.atlas.gz,f5a8a8192eaa9e2ec54eee26a9ae35bf
6CCFE3E243708266362EE38D599FEA96,1088,res/animation/weapon/04_lilimu/shenqi/shenqi_lilimu_zi_2.json.gz,e3736d6eff94dd9467e9c1d01a416b6b
38A850DB621B0CAFD8D4629154F1731D,10698,res/animation/weapon/04_lilimu/shenqi/shenqi_lilimu_zi_2.pkm.gz,6b5fd07bf4410b8c4d2970d77a0a1367
F9322951D9F53BC7986C145CCFD456D6,7241,res/animation/weapon/04_lilimu/shenqi/shenqi_lilimu_zi_2.pkm@alpha.gz,5037846356a7fd10c331059a51c8a046
D82B41BC68E62176F3ECC360C11889B1,596,res/animation/weapon/04_lilimu/shenqi/shenqi_lilimu_zi_3.atlas.gz,e37415c2dc1bf12d852b2996f5a93e94
05F71131C07C25D0524E321067DA0EF1,1321,res/animation/weapon/04_lilimu/shenqi/shenqi_lilimu_zi_3.json.gz,02e9638cfd7f9bebad302fd7d2b9ddbb
DFB45C4BD39A741E1C1346D09B7DDAB9,24222,res/animation/weapon/04_lilimu/shenqi/shenqi_lilimu_zi_3.pkm.gz,8964fca88461771f33b2154c49c54029
9B41C2FC868A73627AA12A3329F0E98A,20977,res/animation/weapon/04_lilimu/shenqi/shenqi_lilimu_zi_3.pkm@alpha.gz,2fc3c1674e527d31e992a807a7b71ee8
51D6C78C0C008A98744C845F3712CDBF,361,res/animation/weapon/04_lilimu/shenqi/shenqi_lilimu_zi_4.atlas.gz,4a0de6d6e77fd1b85ab66859b7a463b7
208A6D46BEAE1938123D07A1BF4F8D40,868,res/animation/weapon/04_lilimu/shenqi/shenqi_lilimu_zi_4.json.gz,5d0e1d25f60394219cc8b085c9b1b723
FCB6AF59165975741D39EE8B712E661F,21080,res/animation/weapon/04_lilimu/shenqi/shenqi_lilimu_zi_4.pkm.gz,f1de45c1cc2afba9029d73ee349a8f6a
CB825F8E04DAD4C76D3088CCB1DEF81D,17323,res/animation/weapon/04_lilimu/shenqi/shenqi_lilimu_zi_4.pkm@alpha.gz,9449760c2b57bbe82ebb9c302d32c3f7
FFD740C26199C7E67B153FBD4BA2ED1E,774,res/animation/weapon/04_lilimu/shenqi/shenqi_lilimu_zi_5.atlas.gz,a75ed531f2e43002bec2f8bef58d8c1a
A926D84CC81FD9B77C32839E93E72023,1548,res/animation/weapon/04_lilimu/shenqi/shenqi_lilimu_zi_5.json.gz,0970942e2c68e65ecd6a67b480c8f0b9
75618F23EDC6DDA50BD2AA26E9ACBE5C,34449,res/animation/weapon/04_lilimu/shenqi/shenqi_lilimu_zi_5.pkm.gz,69eff6f485e5cc43fe4a325ab7212385
235FBB3A524B0CDB00BB39CE8145B1DE,26866,res/animation/weapon/04_lilimu/shenqi/shenqi_lilimu_zi_5.pkm@alpha.gz,87c838338ba78d15c3344d9625cc0284
582F43757B842747B5739ECA93501315,740,res/animation/weapon/04_lilimu/shenqi/shenqi_lilimu_zi_6.atlas.gz,e4180bf163401535a16635bb827b50a0
8205ABA90FD52C6C61734A413D22BB16,1302,res/animation/weapon/04_lilimu/shenqi/shenqi_lilimu_zi_6.json.gz,87fc63a210be6931d82893ceb50930fe
63674851DBFE066711C76846CDC01D52,21926,res/animation/weapon/04_lilimu/shenqi/shenqi_lilimu_zi_6.pkm.gz,5336a58b8498158384339c5f38f9a21a
13D28EB4B4AF7369BC434796050A4B17,17107,res/animation/weapon/04_lilimu/shenqi/shenqi_lilimu_zi_6.pkm@alpha.gz,adbf1e6200aaecee6002498ca20f4b5c
620FB66965162E23FB58C6751EAD695B,1406,res/animation/weapon/04_lilimu/shenqi/shenqi_lilimu_zi_7.atlas.gz,606d7779def83ab8ffb4991faa1642ae
8F04BEA88F4A47B9AE500BB0895C836B,2861,res/animation/weapon/04_lilimu/shenqi/shenqi_lilimu_zi_7.json.gz,954265c9ffbf5138f8cd4366f5438d70
0DEF8F3152171F72F3EF943AF9495113,17860,res/animation/weapon/04_lilimu/shenqi/shenqi_lilimu_zi_7.pkm.gz,ea8a6f72946f002f638a8b4f6986b5d7
997BAF201BB7292CABED8386EB634E3B,16475,res/animation/weapon/04_lilimu/shenqi/shenqi_lilimu_zi_7.pkm@alpha.gz,ea2b2dc5da4599a976a54871968ff101
21F850785E9E50D878A03BF9EF7F42F2,1041,res/animation/weapon/04_lilimu/shenqi/shenqi_lilimu_zi_8.atlas.gz,afd3c16274d9b7f0d02af58c5fae4f87
7879DAA910C8B73DB66C97EFDDB4F77F,2702,res/animation/weapon/04_lilimu/shenqi/shenqi_lilimu_zi_8.json.gz,7ac8ca0ce06dc9248862be89a5541775
A5520D3C46CF76011A4ADA2D0A76DA58,34718,res/animation/weapon/04_lilimu/shenqi/shenqi_lilimu_zi_8.pkm.gz,c3e7d43d9934570de8b05863ff11c3d0
8E12C09DEDA19ED4759D57FDE490F1C0,38164,res/animation/weapon/04_lilimu/shenqi/shenqi_lilimu_zi_8.pkm@alpha.gz,e837b50362b990ee096ca0725b96ea30
54E8771A791D6A53F5DAE35275F09404,575,res/animation/weapon/04_lilimu/shenqi/shenqi_lilimu_zi_9.atlas.gz,cbf97135b178c21248fb990c5a9153e7
B0AD2BD9A77F57A2C5A14C639BF695FE,1311,res/animation/weapon/04_lilimu/shenqi/shenqi_lilimu_zi_9.json.gz,801cf03bb87a2463874ebcfe332f9af8
A10B58A01E48B796C82B040646833118,26757,res/animation/weapon/04_lilimu/shenqi/shenqi_lilimu_zi_9.pkm.gz,e668ef7e2d310bad4be6fbc270426370
92D356FA617317ED564DA04F91F89F1C,18095,res/animation/weapon/04_lilimu/shenqi/shenqi_lilimu_zi_9.pkm@alpha.gz,4790f3c3107b43c2c5d398419ee9467b
72C3C6C4535C9FB994EAFBC345E97E46,284,res/animation/weapon/04_lilimu/wuqi/wuqi_lilimu_lv00_chu.atlas.gz,70806a0dd1f11519c6ea6ecaa72a6b7b
4E0F8B578E679CB7F06086ECACF093B9,633,res/animation/weapon/04_lilimu/wuqi/wuqi_lilimu_lv00_chu.json.gz,3751f33122109c600fd9c01d449f9f40
FBCB6C42B05FDE192C0082E2B3195464,1700,res/animation/weapon/04_lilimu/wuqi/wuqi_lilimu_lv00_chu.pkm.gz,c4c0649447769e9716a60d81065ddbcd
E02665CC78D5EDCC0B3594EE155140F8,1415,res/animation/weapon/04_lilimu/wuqi/wuqi_lilimu_lv00_chu.pkm@alpha.gz,0299d3fc23c7b4c205d107d57215cb28
F192896D46785214466CABE3F47B16A7,388,res/animation/wing/lilimu/rw_chibang_lilimu_ailin.atlas.gz,75c652b2148ee7ed8c2e397da0008590
28B1DB37BCEE9E81DC1BE922BA931A87,2438,res/animation/wing/lilimu/rw_chibang_lilimu_ailin.json.gz,98c4328019d7bddc506ede7271133e4c
04CBCAED06548121B611F456721CC071,23391,res/animation/wing/lilimu/rw_chibang_lilimu_ailin.pkm.gz,ecc6d13cbc037eac9d58974cea064d4c
73AD67D8D8CA8E83F38EF306A09FC26A,11238,res/animation/wing/lilimu/rw_chibang_lilimu_ailin.pkm@alpha.gz,16512a6f533e5f712bc8a85a8e5c28a7
C3386C68F1242E40BC2D38D856B21EE9,686,res/animation/wing/lilimu/rw_chibang_lilimu_bianyuhaike.atlas.gz,17330cdad131b744dbd3d6fd543ca818
A3883FC3792F82D689058F520537CDED,886,res/animation/wing/lilimu/rw_chibang_lilimu_bianyuhaike.json.gz,dd7bbc6b13bc360f36727a8ab1190c75
F1B24DBFFFDEB396E995E85658EAF565,500653,res/animation/wing/lilimu/rw_chibang_lilimu_bianyuhaike.pkm.gz,997715fbb1b71f0c08a7635b37588262
660F62949CA206A344E481968C695C58,373827,res/animation/wing/lilimu/rw_chibang_lilimu_bianyuhaike.pkm@alpha.gz,9526742b7db34fde5c7f228caf3fbb9a
E62963EAC4FE9BBBA7BA77B0F11BA1BD,762,res/animation/wing/lilimu/rw_chibang_lilimu_haiyangpaidui.atlas.gz,56a685c9ea5a408f42605e7b7d6bf2a3
41AC5E9374C61B7FC9AFCE3C21739B3B,5441,res/animation/wing/lilimu/rw_chibang_lilimu_haiyangpaidui.json.gz,0479df88b1b98dc1b192ac83f85fccbe
E8E6045E63579A980363162BD5E9A5EA,39423,res/animation/wing/lilimu/rw_chibang_lilimu_haiyangpaidui.pkm.gz,09adbb3977042545bf5f4b2f3f483c50
72DADFB27B1326B1917F41687578BC40,19377,res/animation/wing/lilimu/rw_chibang_lilimu_haiyangpaidui.pkm@alpha.gz,7bb34a93becdf7e7f38b94ad532e731e
600CE6E31A0A2549B8D56541DB1FC7B0,1466,res/animation/wing/lilimu/rw_chibang_lilimu_heiyan.atlas.gz,0272f3b6fb988f7e6e4863ab161d5eac
C6EB0B7276196E9BBAA191083AC924AF,8263,res/animation/wing/lilimu/rw_chibang_lilimu_heiyan.json.gz,2b1682433da8c137741c73ff14f5ace5
55757526436A2CF1C42C8A927E62A93F,606227,res/animation/wing/lilimu/rw_chibang_lilimu_heiyan.pkm.gz,6b0048bf4e18abeba382b86651440134
D6BDB595335A1CB5C5E5BB243B6015C6,354367,res/animation/wing/lilimu/rw_chibang_lilimu_heiyan.pkm@alpha.gz,ab8a180791e1839cc5ca5a5b8140919b
641D088E669FC40BD60F1FC95F96FA9E,752,res/animation/wing/lilimu/rw_chibang_lilimu_heiyan2.atlas.gz,460c917d6174c64f0f59ea9e438e6c10
1A5DC17C762270F612EE72A856EBE20F,871,res/animation/wing/lilimu/rw_chibang_lilimu_heiyan2.json.gz,7d23dc07e630d33ec43998aa92e18bf2
B9C463E5B40A8A3A75E63BF7ACDE6850,253968,res/animation/wing/lilimu/rw_chibang_lilimu_heiyan2.pkm.gz,b39f9dd02122f8e661cfbef1ee762fa9
069FCC871AD28A378EDE9449294E4104,162375,res/animation/wing/lilimu/rw_chibang_lilimu_heiyan2.pkm@alpha.gz,7c49a0e00cf36a3da12b81648850fe80
203C1B52AC6132BA0936A97ACDA2CA99,730,res/animation/wing/lilimu/rw_chibang_lilimu_heiyan3.atlas.gz,8dcf627dd97974178ef115653e4111e8
D56EA83160AA76E258739F3C7F18C4BF,817,res/animation/wing/lilimu/rw_chibang_lilimu_heiyan3.json.gz,417728f7afe40895be5ac0a86b996bdc
694E243C8758BA130EA19C0F966A94D7,524847,res/animation/wing/lilimu/rw_chibang_lilimu_heiyan3.pkm.gz,175c18fe2d3e547996b4bf8f8e9ee6cd
F894CF241C569D65F6D6CF1D59788346,337087,res/animation/wing/lilimu/rw_chibang_lilimu_heiyan3.pkm@alpha.gz,6ead7bb38b7b6224816a94aeab7f8f7f
0FE3947FE5CA48FCB9AD85EEC21F9FF4,389,res/animation/wing/lilimu/rw_chibang_lilimu_jialanheiyi.atlas.gz,3b122014c49336d49ddb31367c82b86e
46A614CB60B785785594FF903945C8B6,4715,res/animation/wing/lilimu/rw_chibang_lilimu_jialanheiyi.json.gz,05a2de814bab04d9001dca37fec859d9
490B0023D2B4F4B82BB67A845B397B94,7602,res/animation/wing/lilimu/rw_chibang_lilimu_jialanheiyi.pkm.gz,8e5ec600b52ed60e467d91f1560ff2b1
D7F4E7641410777B22939C92E9B0B949,5900,res/animation/wing/lilimu/rw_chibang_lilimu_jialanheiyi.pkm@alpha.gz,922e1ccf3343d90b59acc60b3d60043a
282A4AE1787832DD3417473163B274EC,1000,res/animation/wing/lilimu/rw_chibang_lilimu_pomiefoxiao.atlas.gz,c546f88e134399545dc5e3afa3309f11
B52294D6DA7C0EDA277B174FC08709C0,6524,res/animation/wing/lilimu/rw_chibang_lilimu_pomiefoxiao.json.gz,a00dabc63a648e1377ca9b655c508861
882C8FD71320F0124CA1014BF7C825EA,85708,res/animation/wing/lilimu/rw_chibang_lilimu_pomiefoxiao.pkm.gz,b0dccf15d9536e66dadfbcc06e511310
B13638E4F6F02415EA5AE7B672BBEB6C,102125,res/animation/wing/lilimu/rw_chibang_lilimu_pomiefoxiao.pkm@alpha.gz,7c9d344fbe1de86f3a1339bd2816d22b
5D7A1BFF750D1609DEAFFA158800AE7B,873,res/animation/wing/lilimu/rw_chibang_lilimu_qingchengshenyao.atlas.gz,4d5749e73d981cc6fb0625124b6be832
BC7AF40C423B56017083D4684E6DEABB,871,res/animation/wing/lilimu/rw_chibang_lilimu_qingchengshenyao.json.gz,cb0f53f876ff680b64777eeb1b2f5152
6D89CECFAFE8442950C042C62F28FF43,67431,res/animation/wing/lilimu/rw_chibang_lilimu_qingchengshenyao.pkm.gz,94d9d943dbc5609a7afa445b65417181
50EC2A72A40F08E2E117DDF0679B2D9C,36481,res/animation/wing/lilimu/rw_chibang_lilimu_qingchengshenyao.pkm@alpha.gz,ffad851cc44ad6d6b1ac02521645ec90
46D298AF87BBB33FCD76BF9B9AD921DD,811,res/animation/wing/lilimu/rw_chibang_lilimu_tiankong01.atlas.gz,aa8f2875d1671360e57eff9a409fb0ef
6CFD886CD1E4E1F9A0D0AC0A38FFD85E,871,res/animation/wing/lilimu/rw_chibang_lilimu_tiankong01.json.gz,cb0f53f876ff680b64777eeb1b2f5152
622780905AB0351488952D17F96CC003,57731,res/animation/wing/lilimu/rw_chibang_lilimu_tiankong01.pkm.gz,7624d625eb7b515a5d5f14e9ef13b519
26B774BC50AB51D411280263C76AA02E,36481,res/animation/wing/lilimu/rw_chibang_lilimu_tiankong01.pkm@alpha.gz,ffad851cc44ad6d6b1ac02521645ec90
27574E4F09CFB8306084AAB50D160F0E,397,res/animation/wing/lilimu/rw_chibang_lilimu_tiankong02.atlas.gz,9cad45c7b575dc9a3d85cf052ee0b7c3
B0E429D2AF614343F2E8F19DACF3FBCB,3479,res/animation/wing/lilimu/rw_chibang_lilimu_tiankong02.json.gz,e7f890b7344874bd64ee94c31c07179c
E8475A5BFF64A9F0BCABA891B2A1C118,11835,res/animation/wing/lilimu/rw_chibang_lilimu_tiankong02.pkm.gz,d7fb49b65cce34ef07697e3cfc6eb596
C03CFE85FB4193DC5EDDC38217E3FEA0,5429,res/animation/wing/lilimu/rw_chibang_lilimu_tiankong02.pkm@alpha.gz,9ca9281056e0aa48609bbdc4a142a8fc
5BDC8487190AB1D4538A9681EE588D4F,391,res/animation/wing/lilimu/rw_chibang_lilimu_tiankong03.atlas.gz,f55e86ae0f8962842d4cfd55ad9e129a
A465CC426C7A1A9DCA185276457ED999,2420,res/animation/wing/lilimu/rw_chibang_lilimu_tiankong03.json.gz,9055b8d331fd7128414fdd50aa20b9b4
C072BEDC37D1D8C16753BB2AF6879558,3226,res/animation/wing/lilimu/rw_chibang_lilimu_tiankong03.pkm.gz,b1adcd02f54a8144d80a4bd2f3b4d95a
C8830F70C8B48B6BF4290AF856D05457,2193,res/animation/wing/lilimu/rw_chibang_lilimu_tiankong03.pkm@alpha.gz,487a52f36807b8708c265c2cc83f3975
F5B82E0AA67F7BC4A55F65E8564CF82B,391,res/animation/wing/lilimu/rw_chibang_lilimu_tiankong04.atlas.gz,2789d9bd62257805d38590084fbb2a92
4CEC44CDDDA56C24896F336A1EB87D8F,3469,res/animation/wing/lilimu/rw_chibang_lilimu_tiankong04.json.gz,beaae201cb7a5d9c12c7ac5eabe446b4
D7E9914D8D45E9DDF8C2EADBA309D84D,10812,res/animation/wing/lilimu/rw_chibang_lilimu_tiankong04.pkm.gz,48046bdcd5a6c6e7700d421986b674c3
1A01B57EF53F25D0817E076D765A96CB,4672,res/animation/wing/lilimu/rw_chibang_lilimu_tiankong04.pkm@alpha.gz,6e2aa87ce62e1f2e79de2e777049774e
FAF32E23980FC93EC284BF8BB75F051F,362,res/animation/wing/lilimu/rw_chibang_lilimu_vip12.atlas.gz,ac3f58df9fdfde909eb70bab6ddb553a
83E58B07E50B9DFAF47D9E1A6F335E81,3482,res/animation/wing/lilimu/rw_chibang_lilimu_vip12.json.gz,18000a09696289cabe412d317460a4a7
0485FD6BBEAA854A8BBED4424A5CB130,13420,res/animation/wing/lilimu/rw_chibang_lilimu_vip12.pkm.gz,0f7f9749d1491a055bfd288b4213385a
5632D97AA3B195B9865BE24CD67830B8,4234,res/animation/wing/lilimu/rw_chibang_lilimu_vip12.pkm@alpha.gz,047730139176ccaeb6d0e574aca6bf32
865696D9CFEA89C2614AD5EB9EF23E1D,364,res/animation/wing/lilimu/rw_chibang_lilimu_vip8.atlas.gz,e6638659b88fb435e8a36899a01cfe21
C103DFA45B160099E02974121CA3F92C,4715,res/animation/wing/lilimu/rw_chibang_lilimu_vip8.json.gz,05a2de814bab04d9001dca37fec859d9
FEEB173F8042D2B6C18019C3B9F6D2A1,13816,res/animation/wing/lilimu/rw_chibang_lilimu_vip8.pkm.gz,16c9f8b1fbb8d5fc239f75636213bf26
6C9D24ABA43DA705BA1081760BD75C55,6159,res/animation/wing/lilimu/rw_chibang_lilimu_vip8.pkm@alpha.gz,ed3288934f3def3115749f2dc2c2c148
1223774C1CF770747B57B81BF6B50C9B,384,res/animation/wing/lilimu/rw_chibang_lilimu_youmingmoyu.atlas.gz,19e340f6db1db1b427db2220c063b7c4
DAC94CCF91942E2C341EC9B487E6AC20,3653,res/animation/wing/lilimu/rw_chibang_lilimu_youmingmoyu.json.gz,202c72f998d33603e9579cb2649e1429
4C2D458C40B409BAB5187FF8B17A5025,15372,res/animation/wing/lilimu/rw_chibang_lilimu_youmingmoyu.pkm.gz,c2cbe434cd7f81e144de04b4c0468b50
BB4F0F42B1FA0E42CA00F77352A991A1,5734,res/animation/wing/lilimu/rw_chibang_lilimu_youmingmoyu.pkm@alpha.gz,4e6287582e7b7f8e664f175309fefec6
BD82223A4DD42722BB0F03F6D196A6DE,783,res/animation/wing/lilimu/rw_chibang_lilimu_youxizhiyi.atlas.gz,e24406c9a9c983ca299f146bbe7b2cb0
BDBCCEC87951391C92AC2551AB3702ED,9193,res/animation/wing/lilimu/rw_chibang_lilimu_youxizhiyi.json.gz,b4844f659181f091ccee901058930895
9CF40DCAEF78B7210745493BCF2D51AC,50400,res/animation/wing/lilimu/rw_chibang_lilimu_youxizhiyi.pkm.gz,2649becc658f4971db6bcb5ea5ea5d09
C5BEACAFFC5A43E3D365F1CB331643ED,31492,res/animation/wing/lilimu/rw_chibang_lilimu_youxizhiyi.pkm@alpha.gz,6f74dfb3c838b68f169e350bb9b107ad
98267CB0020A30CEF962E1F020946201,477,res/animation/wing/lilimu/rw_chibang_lilimu_yurenjie.atlas.gz,070fd5793959862e29643b4e6b4dcbcf
2DDD65D038198B5A3388EAA88FB5D398,1527,res/animation/wing/lilimu/rw_chibang_lilimu_yurenjie.json.gz,d1ccca5527420883842199278d55215a
9F158F65626317ED5EAB69FDF1712029,16289,res/animation/wing/lilimu/rw_chibang_lilimu_yurenjie.pkm.gz,dd41c92efcda61e5c528e2d027aeab83
805BDB63105B687895995BD5EDFDA4E1,11300,res/animation/wing/lilimu/rw_chibang_lilimu_yurenjie.pkm@alpha.gz,9df1390f51028373a06258e9dfd325f9
DD0AABC01C725DB1E1A5C4C6EC84C077,368,res/animation/wing/lilimu/rw_newzhujue_llm.atlas.gz,f7d64cc20e558c434e98e828e7ce8462
AF163CD47132FD52D2461066C6433F59,3479,res/animation/wing/lilimu/rw_newzhujue_llm.json.gz,e7f890b7344874bd64ee94c31c07179c
64B3F6402B61EE1203B1667719C7603D,12815,res/animation/wing/lilimu/rw_newzhujue_llm.pkm.gz,5f74ebc6c666a3920cfde970edb69c0c
5BF3695D645FDC1F4F6791BA0D8B9E73,7227,res/animation/wing/lilimu/rw_newzhujue_llm.pkm@alpha.gz,bd73393b5d0250445faa50b4ce6aa23c
7190E1160422784EC7AAD783737707BE,439,res/animation/wing/ling/rw_chibang_ling_ailin.atlas.gz,cfaf45e02cb4a240c9901f1c217f134a
C1A2597A7346372AF5524B4FEF90588E,2902,res/animation/wing/ling/rw_chibang_ling_ailin.json.gz,d207f8d5c8667384a41334a87e25e0d1
7EC730312D775E2D8DB0E22BB6C3510B,33833,res/animation/wing/ling/rw_chibang_ling_ailin.pkm.gz,317deab0c2b2924214d41517245503a0
E5D7E6CAE31C0FFF49CD6EA82EF262C8,16554,res/animation/wing/ling/rw_chibang_ling_ailin.pkm@alpha.gz,6b0887894f60cdfbf5c98be6d349fa2f
6E8E15A4AC77CA6BC352B3B449F608C4,780,res/animation/wing/ling/rw_chibang_ling_bianyuhaike.atlas.gz,e167a77942d6f6d9ce90ba74ce02a480
7777EAD3ACCDEB35DC744AEB05CB1F45,897,res/animation/wing/ling/rw_chibang_ling_bianyuhaike.json.gz,7d245ad91977216f59c55a72c3b0266b
CB530DCB68427A9F7F0A18E475E40781,500653,res/animation/wing/ling/rw_chibang_ling_bianyuhaike.pkm.gz,997715fbb1b71f0c08a7635b37588262
3563F29A46AF6FFAC11EE892CBF6A455,373827,res/animation/wing/ling/rw_chibang_ling_bianyuhaike.pkm@alpha.gz,9526742b7db34fde5c7f228caf3fbb9a
C92B80CFD0B2B496617F0D906AA6BB4B,734,res/animation/wing/ling/rw_chibang_ling_haiyangpaidui.atlas.gz,104e402770115031b9e4691108ac6462
CE699F8096E63BB343082BB993E9AC0D,5404,res/animation/wing/ling/rw_chibang_ling_haiyangpaidui.json.gz,aad791aee174fda57a6bc04925012ce9
BB24470D034A6BCEB7B2E6402B4EAC3C,43712,res/animation/wing/ling/rw_chibang_ling_haiyangpaidui.pkm.gz,d8aff2db8062b2ffd88516c0c4bfb223
C319814935B557E4684B5840BB59CD00,21915,res/animation/wing/ling/rw_chibang_ling_haiyangpaidui.pkm@alpha.gz,c680518dedf9d449904a015b779a83bf
5833C81656E6FEA10AFCD01D406998AE,1494,res/animation/wing/ling/rw_chibang_ling_heiyan.atlas.gz,c23e29fa6d95797add939fdfc49e8944
252706DE3BFF28F659BD9B91C4D4B04C,7462,res/animation/wing/ling/rw_chibang_ling_heiyan.json.gz,cdf3982fbeabca703030df9509650456
21BDB5AD847545D6EC0C18A68476275E,643675,res/animation/wing/ling/rw_chibang_ling_heiyan.pkm.gz,331f6b99033c0b2c16accb6a0ec4c780
054FC9B5CB623A1C01B597F9E75CD86D,383736,res/animation/wing/ling/rw_chibang_ling_heiyan.pkm@alpha.gz,7b5513194d3b150458f6e98f234dd904
E89307328BA8CA690F6C8011CA70CABD,751,res/animation/wing/ling/rw_chibang_ling_heiyan2.atlas.gz,f3e117f64cb9d97e131fd690ef5824f2
6D18341ADC5293C2072918BA11790431,883,res/animation/wing/ling/rw_chibang_ling_heiyan2.json.gz,57da8e10319191240d8b8fd64ff83195
F826A453CDD32CC7D2E4A42CFE04458D,253968,res/animation/wing/ling/rw_chibang_ling_heiyan2.pkm.gz,b39f9dd02122f8e661cfbef1ee762fa9
01021831B89DD9D1C8F2AF847D0D8C30,162375,res/animation/wing/ling/rw_chibang_ling_heiyan2.pkm@alpha.gz,7c49a0e00cf36a3da12b81648850fe80
CDB1FDD88B838BB66D7657BCC1371C5F,757,res/animation/wing/ling/rw_chibang_ling_heiyan3.atlas.gz,e11837d39e7a0f1deaf2713c7b990610
C34A6E0488F6A3CBE97FA35129BB1E04,834,res/animation/wing/ling/rw_chibang_ling_heiyan3.json.gz,d99cb31aaf25a9b1d95b4d2b8c54d8b6
BAD785214B9381A911DB724429CC854C,524847,res/animation/wing/ling/rw_chibang_ling_heiyan3.pkm.gz,175c18fe2d3e547996b4bf8f8e9ee6cd
3C93CD4FCFDA5DD31C4C201779AA9954,337087,res/animation/wing/ling/rw_chibang_ling_heiyan3.pkm@alpha.gz,6ead7bb38b7b6224816a94aeab7f8f7f
7A62A3A52C1CF3A76B884E4BD6BD88CE,388,res/animation/wing/ling/rw_chibang_ling_jialanheiyi.atlas.gz,4108d82bdafa8ee00be248976bbd9714
B034943654FA99F9BA7995B4AE9E2732,3017,res/animation/wing/ling/rw_chibang_ling_jialanheiyi.json.gz,faab0a8b78447755a176eabc34e0631f
403896758C016032BFF39E9C90614D5B,7578,res/animation/wing/ling/rw_chibang_ling_jialanheiyi.pkm.gz,e5094f271736392dc5505a56792b36ab
6EC23229338D29958DA389BFEFEA69EC,5877,res/animation/wing/ling/rw_chibang_ling_jialanheiyi.pkm@alpha.gz,a912b0d887c0de97574074d200ac6f69
6A7A36366D822974AC3888A3E49DD997,977,res/animation/wing/ling/rw_chibang_ling_pomiefoxiao.atlas.gz,4851e16555206c86d9424f8501416ad7
E8C6BB38F0350465A4E41268927411E5,6466,res/animation/wing/ling/rw_chibang_ling_pomiefoxiao.json.gz,96bbee9fe6c08647ca725d7add2d1a4a
282C9897E859726478C4821586D89076,110779,res/animation/wing/ling/rw_chibang_ling_pomiefoxiao.pkm.gz,76d8bcd7fb904e53eb7de62c619819f4
EE5416B9A08C954E8AD01EF058489790,119798,res/animation/wing/ling/rw_chibang_ling_pomiefoxiao.pkm@alpha.gz,82e8b978cf52d801f239b2fd8bb033d6
6417282AF73C901E0E9A3E74095B8B1C,872,res/animation/wing/ling/rw_chibang_ling_qingchengshenyao.atlas.gz,b113f28317191b6f696b0be46be564b6
7849B83FEA3517856980E12D13EF7DF5,824,res/animation/wing/ling/rw_chibang_ling_qingchengshenyao.json.gz,17d7682d1f390c92c32a1a8867bb297c
592E0E755D82754D9398C08AC726D93B,67076,res/animation/wing/ling/rw_chibang_ling_qingchengshenyao.pkm.gz,01f7dc45592831f4e5f6c6a9e6f94ff7
771704D2FBFC15B0C3BF32CED5C3953D,36514,res/animation/wing/ling/rw_chibang_ling_qingchengshenyao.pkm@alpha.gz,d777c2bb711efeb98dd09959b95a1a09
1A336CB7C19FC3D1A22FF9BF36129C3C,809,res/animation/wing/ling/rw_chibang_ling_tiankong01.atlas.gz,4ee8faefc6eca74a647d4a1ae3a9c655
44BF7E3F6E279DB7995EAF295D4AD3D7,824,res/animation/wing/ling/rw_chibang_ling_tiankong01.json.gz,17d7682d1f390c92c32a1a8867bb297c
1E89CF9774F57162A761B1459CB5539F,57230,res/animation/wing/ling/rw_chibang_ling_tiankong01.pkm.gz,a6eb819bd2dffc1d52e7c588546e53ad
68F9AB3E31928DD67C503018112D2595,36514,res/animation/wing/ling/rw_chibang_ling_tiankong01.pkm@alpha.gz,d777c2bb711efeb98dd09959b95a1a09
1409C73FF2841D488F3064345977216B,392,res/animation/wing/ling/rw_chibang_ling_tiankong02.atlas.gz,00f0ac8f61b355d4c3e0671599491c85
667BC186558B6D497DD3C69FC6C0A41C,2870,res/animation/wing/ling/rw_chibang_ling_tiankong02.json.gz,fe7a369a2e6aa95071a5e999b75c1be4
B52240A8CFA0A6DE3873D57ED6F81ECF,13170,res/animation/wing/ling/rw_chibang_ling_tiankong02.pkm.gz,b21bcfb1558ff3dc22018fdfeabff055
4BDBF423207B187A3E2F7AFF0C7B32C5,5462,res/animation/wing/ling/rw_chibang_ling_tiankong02.pkm@alpha.gz,8ab3e4b1e5ed2aa63dc487cede25dc2b
87776A479921283047C380C562B5D40B,390,res/animation/wing/ling/rw_chibang_ling_tiankong03.atlas.gz,10f31475d0c401114ab5e164ee8f7207
5031661253D368F4B4DEFC9220C41415,1591,res/animation/wing/ling/rw_chibang_ling_tiankong03.json.gz,6db4e4d111204afb32c92567c68e5ee6
C98B4C526CCE14B2BFC95B059F4606E9,3850,res/animation/wing/ling/rw_chibang_ling_tiankong03.pkm.gz,7ebdda82b81edb9b1e1e6631cc6cf3e4
B57491F5BFA91C2E0BC8C5B62DB3FF5F,2167,res/animation/wing/ling/rw_chibang_ling_tiankong03.pkm@alpha.gz,daed0f4c1d5c6e7af6bac64fcadeb335
DE2ADA035A2805F5BA43592B905A2852,390,res/animation/wing/ling/rw_chibang_ling_tiankong04.atlas.gz,1cdb1c8d9521704e3ed1621724fa1d2b
8A9DA6003429B59A3F0D24DC927C8D8B,2851,res/animation/wing/ling/rw_chibang_ling_tiankong04.json.gz,8ab1b21b529654973222cd0eaeb2ca2f
ECF9E930A533AC8EFBEA62A4E1BEE7CF,12217,res/animation/wing/ling/rw_chibang_ling_tiankong04.pkm.gz,b324bc121d1dfbf57724309c8c5ec61d
C50427F7E18A5E15A0EB59EBE5BEDB34,4719,res/animation/wing/ling/rw_chibang_ling_tiankong04.pkm@alpha.gz,eea42fa334d4669ca00524b364bc9fb3
D5C75B1E91F011B5A28CFE7D94D98197,363,res/animation/wing/ling/rw_chibang_ling_vip12.atlas.gz,cfe274764138dbfcf8e8f798b86b6c1a
5EA809E9167442280C7ADF66FFBB752F,2851,res/animation/wing/ling/rw_chibang_ling_vip12.json.gz,8ab1b21b529654973222cd0eaeb2ca2f
A2029F8F796C00F71E68B762470C5858,13515,res/animation/wing/ling/rw_chibang_ling_vip12.pkm.gz,528aac2ea8b2600f8edcc3e4ef2f56d7
3FE66B5931CB9A9E3F4F02AE94393911,4239,res/animation/wing/ling/rw_chibang_ling_vip12.pkm@alpha.gz,1b907ab03c83b433d62637703810160d
0A0C6FEE44B5483C53416741FB582907,364,res/animation/wing/ling/rw_chibang_ling_vip8.atlas.gz,4f57ed1adc731c4e630cbb829b4ebfb5
1D4A30DF935359DA21115BEC051F7275,3019,res/animation/wing/ling/rw_chibang_ling_vip8.json.gz,9fc0904665b772a519a342766807460e
16A56615737A660573FE660DE8C2629D,13693,res/animation/wing/ling/rw_chibang_ling_vip8.pkm.gz,6cac2f2f2d2bfd1ed2a6cb20e2a1199b
3593B1D380B0327AD4A81AB6A10D7931,6120,res/animation/wing/ling/rw_chibang_ling_vip8.pkm@alpha.gz,93a5da0daa32689e9d06aa9de8ffc91e
8C367983C28BE225304A77A429FF6488,784,res/animation/wing/ling/rw_chibang_ling_youxizhiyi.atlas.gz,43996b7d4053ae2b16c192f5bfd7bccd
32AE1E81F663F6841EFD2296F388EAD6,9117,res/animation/wing/ling/rw_chibang_ling_youxizhiyi.json.gz,a818e3e76dee0d9389fbe791d6deb2ed
A6D5FA13B05E90D41EDB7B0BF6B665A7,50400,res/animation/wing/ling/rw_chibang_ling_youxizhiyi.pkm.gz,2649becc658f4971db6bcb5ea5ea5d09
C760F4A5FBFD31AA47A372964B541CAA,31492,res/animation/wing/ling/rw_chibang_ling_youxizhiyi.pkm@alpha.gz,6f74dfb3c838b68f169e350bb9b107ad
E87F35B86753D2366599CB277B1BECEF,480,res/animation/wing/ling/rw_chibang_ling_yurenjie.atlas.gz,36cdaded885a4cb15f7e0724a7051d8c
423A45D4247455AB41EB01005F4463A2,1015,res/animation/wing/ling/rw_chibang_ling_yurenjie.json.gz,2e6e3119bc91f73685cd25a0b2995e17
31B981A391854393AE9C4E9F4CB0AE45,16289,res/animation/wing/ling/rw_chibang_ling_yurenjie.pkm.gz,dd41c92efcda61e5c528e2d027aeab83
EFB14237C0CF7D7F7A51D4C592ABD232,11300,res/animation/wing/ling/rw_chibang_ling_yurenjie.pkm@alpha.gz,9df1390f51028373a06258e9dfd325f9
BAE47D0ED83C019144D5661B06379E8E,374,res/animation/wing/ling/rw_newzhujue_ling.atlas.gz,3ce26777883c58faff0498005ae2004a
83C8C9A2E3E4DDF875BAD3A5BD5F71AA,2874,res/animation/wing/ling/rw_newzhujue_ling.json.gz,f68f9225f9515014f0c8021abfc90aca
D607F0723B01A44B9B5BF093F0FD41B9,12215,res/animation/wing/ling/rw_newzhujue_ling.pkm.gz,378c076886b5e8caf0e3cb05a922f5e3
B25C0DDA6C088C83B107F627FDB62920,7203,res/animation/wing/ling/rw_newzhujue_ling.pkm@alpha.gz,50d6d62041c5e4c9e0daf30b5995688f
15C414C4C2F37590FBA1E1BDCE1A13EC,436,res/animation/wing/shenyue/rw_chibang_shenyue_ailin.atlas.gz,b860581d4da702b7658558452e9f8ba2
0A3F04556CA4BF0ED97045F5E44E648E,2308,res/animation/wing/shenyue/rw_chibang_shenyue_ailin.json.gz,29a6c9672ba807003f10b44bdd7728fc
3F795FB0C4951C9719528FD94C64F901,33833,res/animation/wing/shenyue/rw_chibang_shenyue_ailin.pkm.gz,317deab0c2b2924214d41517245503a0
C421B03FDAD7574D89E61DB4D520E005,16554,res/animation/wing/shenyue/rw_chibang_shenyue_ailin.pkm@alpha.gz,6b0887894f60cdfbf5c98be6d349fa2f
1D2D0C0E9201122C0365115AFC977A34,784,res/animation/wing/shenyue/rw_chibang_shenyue_bianyuhaike.atlas.gz,79f36485cc711f70f7f160904d1f315f
F7F9B4A34EB4F560211ADE41D57D7A2F,891,res/animation/wing/shenyue/rw_chibang_shenyue_bianyuhaike.json.gz,1e181d85452927ec05fccb0a8948c5a0
E7047B236B3D0E534BFFD92C1C20BAE4,518045,res/animation/wing/shenyue/rw_chibang_shenyue_bianyuhaike.pkm.gz,182684e253c03d08581886fc76612cd8
83927D1F4763318AA49FD55AE260BA32,388119,res/animation/wing/shenyue/rw_chibang_shenyue_bianyuhaike.pkm@alpha.gz,669e553277bf2da5842ff870c278c3d9
AEB550A0BFB3BD0026DDAE286E338345,753,res/animation/wing/shenyue/rw_chibang_shenyue_haiyangpaidui.atlas.gz,ddecf404064b2db12ec155c23d7d9a5d
D0A726F5DEEB6D7BB3EF10E3530C1EFA,4889,res/animation/wing/shenyue/rw_chibang_shenyue_haiyangpaidui.json.gz,0a12bbf4205ccbd2ee0c64be9dfb7f97
69565C5DAB847F9F9B2C7CE33252E928,45705,res/animation/wing/shenyue/rw_chibang_shenyue_haiyangpaidui.pkm.gz,f987913847249822bb563801c54f9fd2
EDE5222E2BA5791C61B7BDD3CC29D5CC,22149,res/animation/wing/shenyue/rw_chibang_shenyue_haiyangpaidui.pkm@alpha.gz,46b034e0f41abac30519aa5c1e9d3ba6
DC338CD7F71D0BC1A66FFED361DF4936,1412,res/animation/wing/shenyue/rw_chibang_shenyue_heiyan.atlas.gz,c9ff98245dda7d6923e5baf0bc9a3e83
596F3FBCB168F17939F4DCAA32CA93D6,5325,res/animation/wing/shenyue/rw_chibang_shenyue_heiyan.json.gz,015e290981235bd1495e295f390809a0
99E7BE1F7B80DF56DA6968C8AE51E930,1259869,res/animation/wing/shenyue/rw_chibang_shenyue_heiyan.pkm.gz,46d726914d7c897701f2fb6b2deebd2e
CE24FA55B4F0B8E2DCF91393C76F3A17,293886,res/animation/wing/shenyue/rw_chibang_shenyue_heiyan.pkm@alpha.gz,988bead651a600a02780f9d5a24397f4
85720C868B8A3ABE4ED288E9837C76A1,752,res/animation/wing/shenyue/rw_chibang_shenyue_heiyan2.atlas.gz,4040cc2491e0a18a1f91af0225c99f9e
E17760DA7215D14EB446E9297FE54A35,880,res/animation/wing/shenyue/rw_chibang_shenyue_heiyan2.json.gz,51e407ed4461734353e4e7fa94ba6634
355B65146C2831F65DE314C22BC22249,253968,res/animation/wing/shenyue/rw_chibang_shenyue_heiyan2.pkm.gz,b39f9dd02122f8e661cfbef1ee762fa9
11D139582B384CE5D4EA0D1BFB031B84,162375,res/animation/wing/shenyue/rw_chibang_shenyue_heiyan2.pkm@alpha.gz,7c49a0e00cf36a3da12b81648850fe80
8C917BBF3593D42ABFEA4BEE7B880D77,733,res/animation/wing/shenyue/rw_chibang_shenyue_heiyan3.atlas.gz,d2baed48ea9b227818b44d0e53a893a9
A609526B73E39CADCFCE9666A5A6F1F2,815,res/animation/wing/shenyue/rw_chibang_shenyue_heiyan3.json.gz,d543400e7490583abe0e9fe5c3922c67
52D3916551986836889C04F92F8945B1,524838,res/animation/wing/shenyue/rw_chibang_shenyue_heiyan3.pkm.gz,59cdf9dd46dc8e4de2460ffbed63df80
656C8CDC212ED7B253B3CC07F8F32D42,337335,res/animation/wing/shenyue/rw_chibang_shenyue_heiyan3.pkm@alpha.gz,b3eb8795da828dbabe14a4c35bc51a81
04939CF823BFD8F385905EBA0C6C2615,387,res/animation/wing/shenyue/rw_chibang_shenyue_jialanheiyi.atlas.gz,9e160780ba3d7f1445d0877b83f90541
684D77D0F082922CF8484C015005520E,4101,res/animation/wing/shenyue/rw_chibang_shenyue_jialanheiyi.json.gz,ac888e6f9e2a940b7da033dc376ce75d
97093C936C198AD404EFE36CAB3933B0,7557,res/animation/wing/shenyue/rw_chibang_shenyue_jialanheiyi.pkm.gz,d261ac399b430f67ae55d8eee172ece9
387A635784FDC0B082599677BA82F3B8,5854,res/animation/wing/shenyue/rw_chibang_shenyue_jialanheiyi.pkm@alpha.gz,110191c5f42cd023ef3b3c51546d4f3d
F81494C683F6D589BD115B118C3CF1CC,967,res/animation/wing/shenyue/rw_chibang_shenyue_pomiefoxiao.atlas.gz,536338e25f1286c832dfacf8db8cf2ce
AE5FC86C3D28961EF4A5BB1BE92BFF51,7275,res/animation/wing/shenyue/rw_chibang_shenyue_pomiefoxiao.json.gz,850d0978b16a9a56620e23cf933dc471
3C0149F2D1AE8294459850AEF1FB79E3,94866,res/animation/wing/shenyue/rw_chibang_shenyue_pomiefoxiao.pkm.gz,a39b236dd1a5b4b17b4f5578b5f7fd21
29ED0DC61A97366B4897633BBD8748CB,112016,res/animation/wing/shenyue/rw_chibang_shenyue_pomiefoxiao.pkm@alpha.gz,ed14dc0f7d5cc5efb21d9449efcd5be8
B81D01BCB5502C644411729F90F00B67,873,res/animation/wing/shenyue/rw_chibang_shenyue_qingchengshenyao.atlas.gz,a6516ccada8ab0c88903ab2078a11e3b
C2373741CFA72B40B889DD6EEEC911F2,836,res/animation/wing/shenyue/rw_chibang_shenyue_qingchengshenyao.json.gz,5d6d215914eb2ab83bb6db081390f7a1
4084F36EB29E19E465034C147BCAD2CE,67250,res/animation/wing/shenyue/rw_chibang_shenyue_qingchengshenyao.pkm.gz,cfc7e5d42f7ca5b9e7f7af7caecb98b3
74111749C5FF77EE083ECE93E6169DD0,36481,res/animation/wing/shenyue/rw_chibang_shenyue_qingchengshenyao.pkm@alpha.gz,ffad851cc44ad6d6b1ac02521645ec90
1BF04146E0D0F08A01973AFA3E3EA21C,812,res/animation/wing/shenyue/rw_chibang_shenyue_tiankong01.atlas.gz,23d7625c3fadbcbe4fefcc8988112b8d
A7551CD77F368D1415A187CF884C8756,836,res/animation/wing/shenyue/rw_chibang_shenyue_tiankong01.json.gz,5d6d215914eb2ab83bb6db081390f7a1
BA370AC0DB3AFF5F3BF611878E488C93,57229,res/animation/wing/shenyue/rw_chibang_shenyue_tiankong01.pkm.gz,4c115dbf7ba410936426b34716e59f16
C854F471DF91458CEAF0E0978E0B0FFB,36481,res/animation/wing/shenyue/rw_chibang_shenyue_tiankong01.pkm@alpha.gz,ffad851cc44ad6d6b1ac02521645ec90
34D3C86B644A8A20BCDADBC0F99D164A,391,res/animation/wing/shenyue/rw_chibang_shenyue_tiankong02.atlas.gz,24e8193f67457f841f5b0f818ed61956
2A822F9B3DBD3C17306FF75320E880DD,2380,res/animation/wing/shenyue/rw_chibang_shenyue_tiankong02.json.gz,d00859e1e711badb637bdfade7c5fb64
52287814436765C669616FD7CA9D580D,13170,res/animation/wing/shenyue/rw_chibang_shenyue_tiankong02.pkm.gz,b21bcfb1558ff3dc22018fdfeabff055
EA2755A09850BC255806B14C9C15AC43,5462,res/animation/wing/shenyue/rw_chibang_shenyue_tiankong02.pkm@alpha.gz,8ab3e4b1e5ed2aa63dc487cede25dc2b
37885549AD0920E8336B6DA1BCECCF44,387,res/animation/wing/shenyue/rw_chibang_shenyue_tiankong03.atlas.gz,d911b58a01c391d14259dd206d403c2b
6415415037B9536CA5AECA2E34F46042,1993,res/animation/wing/shenyue/rw_chibang_shenyue_tiankong03.json.gz,5276eddeae35f612d35a3236965ec212
48A01444FC9E68E827311FF12B84D2AE,3789,res/animation/wing/shenyue/rw_chibang_shenyue_tiankong03.pkm.gz,0cc2c4f9f975449007dc92fde2291bcc
E2408538C520C1E634B158D996CBFC8B,2183,res/animation/wing/shenyue/rw_chibang_shenyue_tiankong03.pkm@alpha.gz,7eee6b847dc8588a3e65031adf1214f3
C2AF8B034FF5462DCE99F7F3BB7D57FC,387,res/animation/wing/shenyue/rw_chibang_shenyue_tiankong04.atlas.gz,9aa9941bbc3c47ccd4fc267dbf50dceb
C327F5AB2783A0DAE96E8F5797B4AD31,2351,res/animation/wing/shenyue/rw_chibang_shenyue_tiankong04.json.gz,96801149649f1f049e56fa1a42cae9c1
0120D7AC613BF74C32101D523E15EC38,12087,res/animation/wing/shenyue/rw_chibang_shenyue_tiankong04.pkm.gz,230797e71fede2d6314a826c33dd0fe3
C10EA26987F8EEA7D42D9A5A843D80B4,4643,res/animation/wing/shenyue/rw_chibang_shenyue_tiankong04.pkm@alpha.gz,f937d1cc60538cc51c31ecf65dc8cbee
3EE6BADC61236F7E7697949D151CE3C2,389,res/animation/wing/shenyue/rw_chibang_shenyue_vip12.atlas.gz,c971642be1cbf93cc536ba0d02fb2f32
C764B7B51FD01D20DD0E09822C96D2F9,2351,res/animation/wing/shenyue/rw_chibang_shenyue_vip12.json.gz,96801149649f1f049e56fa1a42cae9c1
C5270FE626115B6EC4729C0E9E92B028,13578,res/animation/wing/shenyue/rw_chibang_shenyue_vip12.pkm.gz,b7070872262ae4729cec9333e3125c61
D453EBD51248A29F19229FD8EA12BD86,4243,res/animation/wing/shenyue/rw_chibang_shenyue_vip12.pkm@alpha.gz,bfe3a6ff810ecdaeeab1402ae3ab1aa4
8E377B738B6636258130FD52B6D87492,360,res/animation/wing/shenyue/rw_chibang_shenyue_vip8.atlas.gz,9aebf7036b577629a9c97f4ef655aea4
56C20CE4852448555FAFA033FA9CA43E,4101,res/animation/wing/shenyue/rw_chibang_shenyue_vip8.json.gz,ac888e6f9e2a940b7da033dc376ce75d
754CFF6C2164CB14FA78D4F4201D80B6,13803,res/animation/wing/shenyue/rw_chibang_shenyue_vip8.pkm.gz,a38bc458c2309bd53c184186ecaeb3b3
F78CC9A255FD2D5CBC20CEB44E825AFC,6135,res/animation/wing/shenyue/rw_chibang_shenyue_vip8.pkm@alpha.gz,172e0506f0738155cf5b8514046bd4e5
D1071C8B1B2B039AA4A3BCC8DFBAEA3B,779,res/animation/wing/shenyue/rw_chibang_shenyue_youxizhiyi.atlas.gz,78a2dc60680e8e473d2e0ea3eb064bc4
4B3C0031925F916CFE8D77CC40E589F6,8907,res/animation/wing/shenyue/rw_chibang_shenyue_youxizhiyi.json.gz,dc7ba81f32be4d5043355122ef64f404
AC2D9CE6E150B840F507ECB1B5DC8958,50400,res/animation/wing/shenyue/rw_chibang_shenyue_youxizhiyi.pkm.gz,2649becc658f4971db6bcb5ea5ea5d09
5218A18FCF1624FB5F57BEC2DA010087,31492,res/animation/wing/shenyue/rw_chibang_shenyue_youxizhiyi.pkm@alpha.gz,6f74dfb3c838b68f169e350bb9b107ad
E07860807210BED72D1A07E9817B6AAA,478,res/animation/wing/shenyue/rw_chibang_shenyue_yurenjie.atlas.gz,5eec7153011e2e2a905d6c62f4bc47db
10C860D8347B1995F91AEFCC65000B65,1080,res/animation/wing/shenyue/rw_chibang_shenyue_yurenjie.json.gz,1dbdeb843ef4f3140fa7b4907b914255
F1DA3D5776FFED5BD1D6844F30D28B22,16289,res/animation/wing/shenyue/rw_chibang_shenyue_yurenjie.pkm.gz,dd41c92efcda61e5c528e2d027aeab83
577248B6856054F78835CB2A145E114F,11300,res/animation/wing/shenyue/rw_chibang_shenyue_yurenjie.pkm@alpha.gz,9df1390f51028373a06258e9dfd325f9
9362F0F25B9364A8B10E599471A28975,366,res/animation/wing/shenyue/rw_newzhujue_sy.atlas.gz,e18851972e6225b887c5444b3e20373c
47CFE49E6C27F3688E2B7EDB67F03115,2380,res/animation/wing/shenyue/rw_newzhujue_sy.json.gz,d00859e1e711badb637bdfade7c5fb64
8B956A310223BBC63D4A20B3CA90E5EF,12815,res/animation/wing/shenyue/rw_newzhujue_sy.pkm.gz,5f74ebc6c666a3920cfde970edb69c0c
BCC5672F1E58338E9B715C9C086F1714,7227,res/animation/wing/shenyue/rw_newzhujue_sy.pkm@alpha.gz,bd73393b5d0250445faa50b4ce6aa23c
E1E11347E2C44C1201A7A184BA5C9017,172,res/collider/bg_huoban_01xueshi.collider.gz,256d032fce26bc054e9b0753d8d61afa
CF31B0D3FDB050676B4F78F8FABD356D,1415,res/collider/boss_ailin.collider.gz,1f915771f809dba2490564ed6cd7573e
2D692F17A2D622301438F4122D42233D,2681,res/collider/boss_ailin_main.collider.gz,66d5340a502813962859aa8b073e74c5
551AE510C24440910CC998803032320C,1450,res/collider/boss_ailin_robot.collider.gz,4feb0158e9670a19f1e284aa0df2d2c6
584E11EFB7837307A2CF537B4F3300F4,132,res/collider/boss_ailin_shouji.collider.gz,7874870537ccc4e29d3ac25cb9427f6c
239AD353C673C1B1BA19C6B0133F0965,2768,res/collider/boss_ailin_texiao.collider.gz,116d5949c86942c0a329d782cfd9912a
7F85630DA67005A272EE65F5F7374AEB,851,res/collider/boss_ailin_tx_zhengqi.collider.gz,e28cb87478ba7cdd273e488c5d874e7c
4B9DC89A07D7F9E8A21A33A4EBA6BA2B,972,res/collider/boss_jixiejiaofu_1.collider.gz,004eaea1b53ea5b5a35fa8faa71ae0b7
22C9E18630D2E0E066392FE34CEAFE1C,1372,res/collider/boss_jixiejiaofu_1_tx.collider.gz,adb09a72409cb48fd4b979a0b0601104
D80708ECA46182B9C99D5F70E184DDCC,732,res/collider/boss_jixiejiaofu_2.collider.gz,b5a710645301307f62aec373023ecdcc
B0EF77A17BEAD506E2CD59E9856AB04E,2966,res/collider/boss_jixiejiaofu_2_tx.collider.gz,663efcbf16057df2558b12022e26f00a
984A2DC33005F92D18D5E23E91FDDA9C,297,res/collider/chuansongmen.collider.gz,b2a774cc6cd1c1319c09ca21b557644c
7D84F699629815867931DA2F7B9A398C,382,res/collider/chuansongmen_kongbai.collider.gz,a94a2b4cce664d4fe11e9d43f852501a
ED87EACBDCCB31F3D8C7DD2C1A8D4008,250,res/collider/daloudiantimen.collider.gz,282f474d1da492a661e710d046dfc30c
C549343FE82243A7A25B599C7AAEB41D,247,res/collider/diaoluo_aoyituposhi.collider.gz,768e9039b2c78721b2131d8baa11de21
AA48BEB43B4C177689ED68028CBCF5B1,245,res/collider/diaoluo_aoyizhishu.collider.gz,e2927f4971daa1a045b2fe9d90a8994b
12CED1193AD6AF70D9F50B28B745F020,256,res/collider/diaoluo_baoxiang_pinji1.collider.gz,49096eb9dc733fd3b25a2e7348ec44ff
C6F9C5000C199EF20A90B182B12AD427,256,res/collider/diaoluo_baoxiang_pinji2.collider.gz,0d76703e69754f3c033a541b9f39e324
5FD1D5D59A9457B4D7CECFEC5423524B,255,res/collider/diaoluo_baoxiang_pinji3.collider.gz,44c2c9a30e1bf647c41d9f84f1029f00
E91270C025C3DF7E23C704E5E49542A9,244,res/collider/diaoluo_bugeijuan.collider.gz,7a84fedad6e86a77b15a932ba2a5be79
8EC6EC4680DAFD994038B1FC4428C7CA,257,res/collider/diaoluo_cailiao_leixing1.collider.gz,55e6156a553c76bf6ea54d75e0e3417d
C14EB45C082D95F544A38ED23631BCF4,257,res/collider/diaoluo_cailiao_leixing2.collider.gz,ae07b8daf98f11502f1e79bd6e7b6ac1
942051B2CE96533CFB853D35B4F6CCF1,257,res/collider/diaoluo_cailiao_leixing3.collider.gz,8d7dbc4e038356c48ffb30c931f49904
B505AAD2E33902E8A826B09326BC529D,257,res/collider/diaoluo_cailiao_leixing4.collider.gz,0b2674ce7157a980347078cd7a22347f
E30CBEF0D250550F449DE0E06ECC31E1,257,res/collider/diaoluo_cailiao_leixing5.collider.gz,f3c518cde2ccadef0ae7a6a7f51d256c
DD786C86FDE037E59D3801CA4C5670CE,259,res/collider/diaoluo_chongwujinhuashi.collider.gz,9aed572c958b21e0b4b8b97b80592fac
860556F2D12B320C220426544E2AD763,253,res/collider/diaoluo_chongwujinjie.collider.gz,2ed6b889c70ec9fbd07932167ac76435
870B98B6250AFA82AAEACD6A063F2475,244,res/collider/diaoluo_ciyuanbi.collider.gz,2a0efa972e615cf261317e5eaf510a8d
EC3E9C9C0DC038922DE2B38DEA62F76C,256,res/collider/diaoluo_duihuanhuizhang.collider.gz,9bf0791283d149b62606280568365211
7504E54AD09F43E74322BB14B62DF3A2,224,res/collider/diaoluo_exp.collider.gz,90e4a05298875883a06dcc85fbe26076
45A6BD0EB832C6FC731721F19005790D,247,res/collider/diaoluo_gongmingshi.collider.gz,746b92264680b726050cccc1dea4dbc8
C3CB7304F4F2C2511F5745BCD347752B,244,res/collider/diaoluo_heiyuebi.collider.gz,fe46f395ab09098639b27e3fab842043
E942B9923FCA3A3B306C029D115230BB,253,res/collider/diaoluo_heiyuecanpian.collider.gz,03803e8eb2d4f5697ee81bbf84394270
7B3A770EA0364E17E3661C6D4570E36E,290,res/collider/diaoluo_huobi_pdian.collider.gz,00e1f28c55ecd716738fc0b83587de56
95558B5D2B12ECA67A49C26C6AAC015E,292,res/collider/diaoluo_huobi_tili.collider.gz,10267c84c08ed0e20c274e418bd6c57b
07CD22EEBC284EBE3A13CEC1066210E4,227,res/collider/diaoluo_jinbi.collider.gz,2c92000a8eccd503e772857e2a6edafc
E1ACAC7B28AC88A6DBDFFA78783A5491,255,res/collider/diaoluo_jinengshuijing.collider.gz,a8e89ba489eeb8b96407d8416d1442b1
54C67ECE14B476318735C10BEE197040,283,res/collider/diaoluo_linyuanshouwei_lilimu_lianshi.collider.gz,a79ce2f88ad86b845c05b6fe165b74d8
FD45530557637FCB2BA0DEA8ED3EBE8A,277,res/collider/diaoluo_linyuanshouwei_lilimu_toufa.collider.gz,febdd9d03d7a69f95f821acd161ebe4b
AD237972E6286588A88F51A51E08FD16,280,res/collider/diaoluo_linyuanshouwei_lilimu_toushi.collider.gz,993070e0331d10a2b5fb1a37cebb8cea
5909454C1231F0F0190ED99044D1A857,276,res/collider/diaoluo_linyuanshouwei_lilimu_yifu.collider.gz,c2726333fac4743958faa85219aac2fb
B7CA639BD57873C1F8E26B51F87FB411,277,res/collider/diaoluo_linyuanshouwei_ling_lianshi.collider.gz,c828af3e5ec778905dded520fa47f89b
E601B970D1DD0B6DE2EA4218270AFA1E,278,res/collider/diaoluo_linyuanshouwei_ling_toufa.collider.gz,5d8af06f7d4ee8197b104d09d248cb97
4B227D01005CCD6E8840628CA8421691,276,res/collider/diaoluo_linyuanshouwei_ling_toushi.collider.gz,42a0aa9c576df43f950b00539b467280
293FC35C61C81D427E7324A34447E2A2,276,res/collider/diaoluo_linyuanshouwei_ling_yifu.collider.gz,4165620244e3880f38840756bcac26b6
10E4C5ED7BB734684D361D0E96E1E996,282,res/collider/diaoluo_linyuanshouwei_shenyue_lianshi.collider.gz,faff6f40063a514716ee809f48b5b4e7
724D079DA0CD2D7C040420D259766B40,279,res/collider/diaoluo_linyuanshouwei_shenyue_toufa.collider.gz,84c46942a84d9e98906eb8d087f35365
4082FA7BD2BC5A232E6CAF5BDB6CE845,281,res/collider/diaoluo_linyuanshouwei_shenyue_toushi.collider.gz,adb0072d4253a63fc9d5d478d1363f80
4E7F7443EEA16474D7B5D0F3BC73DC78,276,res/collider/diaoluo_linyuanshouwei_shenyue_yifu.collider.gz,c3a4ba41a67e5d4af209f884f24cac07
C5EF06216FAB6D1C1026272784342A10,253,res/collider/diaoluo_liufenjingshi.collider.gz,9c7b18fb51b9acd87b88c49c8cc162a4
62D03B013A45CA90937C052E2DFACFC9,255,res/collider/diaoluo_qianghuatuposhi.collider.gz,8c2612d1f18710829cf83ebce4aa70e3
0B2D02725401D3C07B315ADE4CEF66DD,256,res/collider/diaoluo_shenxuantuposhi.collider.gz,45ec06ca27f44ed65001f8f579de8414
AC2BF1093CF858CFBC6D10CE8CF9AD21,229,res/collider/diaoluo_shipin.collider.gz,70875bb47b8289c65e69ae4e2f4831d2
CDF5A066B584614E7AF61AD00CA2259E,255,res/collider/diaoluo_shishichongwu1.collider.gz,e71f0c7eec8f1bd4c22ff9e85db167db
94CBB9B0B0F96226A0441EEA46270570,255,res/collider/diaoluo_shishichongwu2.collider.gz,c300ef2edc8333b08579df1ab0b96d19
D651980472276BBC93AC95BB9820FE41,255,res/collider/diaoluo_shishichongwu3.collider.gz,30ebb86c2e97d4609cb77481336a51ca
9F629C9EF0AF43A5A641D6DC03F26C0A,244,res/collider/diaoluo_shouhuan.collider.gz,701f5c1044dbb1eeb082bd50d5d89774
93362CAAF443CFA28C85FA3CF5F57674,259,res/collider/diaoluo_shuijinghuizhang.collider.gz,98b854fcfe5b76e9230b7137dd1f38f7
FFCBEFDD055B46FAC0837780F131E955,256,res/collider/diaoluo_tongyongchongwu.collider.gz,d5d52ce96a5bce9b9eafc5bf00161e78
CADAFE08930A6F70DC7CC75CE3BDCD6B,247,res/collider/diaoluo_toushuijing.collider.gz,52c9dd5aad00b41fa2e0f4be7df13533
BDF9E4E46B730C920A7E0B64721BBC60,244,res/collider/diaoluo_wusejingti.collider.gz,11705d5d975df297f01b7d0ff5275fb7
03F9BAEB3CFFD8CF4560C30707F74E07,243,res/collider/diaoluo_xiaodaoju.collider.gz,e6980c52baa5ac581a00c868c4bdb761
F9ED03BB355B5F962373DED3B0B4D46A,244,res/collider/diaoluo_xingjing.collider.gz,6431ebe436d4cd27b7d38159fd967ef2
2DF280EC7270B517802526FE65C80193,231,res/collider/diaoluo_xingshi.collider.gz,70856866d9d37a513091dc572bf00a7d
E0812382B158C58403D17CD96A3E8A93,247,res/collider/diaoluo_xuanbingshi.collider.gz,fcd385133c063ef9c1b4f69b834d444c
A4A164690C403F03BAF498B334175AA3,256,res/collider/diaoluo_yiciyuanjiejing.collider.gz,db49138c328d978184c928715d651089
1831D0C30C3F2DB325554C4A4A03AFEF,259,res/collider/diaoluo_yinengjuexingshi.collider.gz,d8feb3b11908cbda6cb7289a577cb50f
F63CCC94D83DB76860095FDB86F5348F,257,res/collider/diaoluo_zhuangbei_fuwuqi.collider.gz,cce09277404b993e238f0e4e81dcf121
3F526ACE0ECCA0885AB43CCB22811C2B,265,res/collider/diaoluo_zhuangbei_hushenfu.collider.gz,5dd448e2bd091aeb0fc90fadc451a3f8
25F92C6D48C918B4A6F01EB6E3E43975,268,res/collider/diaoluo_zhuangbei_jieshouqi.collider.gz,69d7db72b5bead0545ba14ecaff1f881
6E3A2EFE7D50D5CACC613D4C3D470896,270,res/collider/diaoluo_zhuangbei_jieshouqi2.collider.gz,932d1e7416e4b3b2e337600fbc7129cf
D981A054708A481DD27A9C5A4619BF90,257,res/collider/diaoluo_zhuangbei_jiezhi.collider.gz,0811f297b4060808ecddfb07ed344358
B92592FE416C25B66A89146B8F2DE75A,257,res/collider/diaoluo_zhuangbei_mokuai.collider.gz,fd80d21d87ed6ae658d506ff618770ef
D67ACBF29F1ACA0C53EDF177AD767C39,268,res/collider/diaoluo_zhuangbei_tiaojieqi.collider.gz,d4d5d485e8dd3a9778dd930204739015
499FA5B6CF68F5874E279B268B6CADD6,270,res/collider/diaoluo_zhuangbei_tiaojieqi2.collider.gz,ea60e13e4a0a570dda91a8e665c0b794
44352462DDE6FA23E4FC3422048E6642,256,res/collider/diaoluo_zhuangbei_wanou.collider.gz,2641a63629c4916d751737331d26b71c
A74578FAD5CFAFFBF773302F8FB50588,259,res/collider/diaoluo_zhuangbei_wanou2.collider.gz,6beeacc6195a3e5122b199d0107b0996
3A21BCAD105AF95044180CC4CA54FECB,255,res/collider/diaoluo_zhuangbei_wuqi.collider.gz,c89ff2c0ec40ce84db3c8d8ffea863f3
4B3D438473BB8DFBB5FB744E0E175607,256,res/collider/diaoluo_zhuangbei_wuqi2.collider.gz,0ac0783e5bbc3e514477b64d3911d0cc
628CEF9B5DC5805A3B58F734312F1C78,256,res/collider/diaoluo_zhuangbei_wuqi4.collider.gz,c5721b6aad160022439e08c040b2a9c8
198A2305FBD851834A658ADC25A2878C,266,res/collider/diaoluo_zhuangbei_xianglian.collider.gz,5a816bfe339ef71d0caa2963b78d57a8
253AAB0091F7EAAC3333657B80049CE2,267,res/collider/diaoluo_zhuangbei_zengfuqi.collider.gz,b2b80e08fe724b9f0530d57983fc94b3
5637BBCD6D2F88114957E0698E5D3980,268,res/collider/diaoluo_zhuangbei_zengfuqi2.collider.gz,8efd50f0752624c6b1ed6a03e11220c9
084AF6F59DFEAC20EC5415F173CA30B6,261,res/collider/diaoluo_zisezhuagbeituzhi.collider.gz,b979983971dfd6a092596cbb3b0848e3
FD62028415509EEC764169FBB55B8FBF,259,res/collider/diaoluo_zizhuangcailiaoa.collider.gz,59b08717edb153620c7f924709ba3182
2029A5A9D1945C56BC2FE73A3169F757,259,res/collider/diaoluo_zizhuangcailiaob.collider.gz,bd70f548de10b434f84b8944be524ce2
5D2BDEDDDFDDC3E78A5B385253D25ABB,259,res/collider/diaoluo_zizhuangcailiaoc.collider.gz,91fdb6e1712f351a480ff0eac662d509
AAC060B959C8EA66ED2CAD06B56A9019,259,res/collider/diaoluo_zizhuangcailiaod.collider.gz,d93549460b0f4dbad0c4ba1ade37333a
ED4B5A1AD685E57C3790063B930D123A,339,res/collider/enity_helicopter.collider.gz,76b022405b2c19e3dc27e877208ca72e
25D2845D7526ADE2E0CCE035BA7D0975,773,res/collider/gongchengdianti.collider.gz,0a651455c37547f996cb5583de0cf827
F9E3BECC43E34FA62F85190B5AE2DAFE,702,res/collider/guai_shuxingqianghuazhuangzhi_hong.collider.gz,bb32442fb69f6f68ac4cc12f93065df8
C8A699A397DA18FA48C082D9B8B9A044,651,res/collider/guai_shuxingqianghuazhuangzhi_jinghua.collider.gz,2c967e582f9a7bb339182d938e274781
C411E69A619B8C9761F9EB7ADD76890A,697,res/collider/guai_shuxingqianghuazhuangzhi_lan.collider.gz,4ee1aa227159d16a5a0c9b7d9e871daa
03B7A4C18755ED9071464E12D1F6DC7D,699,res/collider/guai_shuxingqianghuazhuangzhi_lv.collider.gz,a49ec83cb8e01b96bf6ce37097962360
D2EED5593E0B16EB8A827CAC2251E1CC,781,res/collider/GVG_huo.collider.gz,483b0df5e5586d26963330614527c2e8
0092D5E391C66F0A69A323FBBF50BA81,1249,res/collider/gvg_shoumenyuan.collider.gz,01702dde05f2eec9af7bede239146325
0C5E5A3A5CBFD5F17E6CC1D4859AA97B,592,res/collider/gw_boss_anmen.collider.gz,940b8708e4766871728596705f3a9de5
69BB6201E3BF774676494DBF095ABAAF,920,res/collider/gw_boss_asilan.collider.gz,fadb0e790f6794a1c8e3d980175be4a4
D871B929449DD11E3CC6A6FD86D80BBF,582,res/collider/gw_boss_baifuzhang.collider.gz,3be8bd20087fe988bf01bb513a806a5b
2B0346CC79C6BACBAB5DF07169312E59,749,res/collider/gw_boss_banmeia.collider.gz,f80171d2d0fc3c920a208f6d5a81551e
CE362B44A765E84EA39D1F6F299D868E,775,res/collider/gw_boss_banmeib.collider.gz,56e72424f27004397d2a82e96e92a636
B4C7E2819CBAA9C9AB0FD309229B1ED1,973,res/collider/gw_boss_benxingshou.collider.gz,2246d5c20526cb270c3b5694130aaecc
9157BF9F5ED506CCF81732FE1C1CB437,489,res/collider/gw_boss_canci.collider.gz,db5a1399f5150b4644fc20f007e8feaa
AA4561DCD78AF6907EF2EA5F5E655629,1184,res/collider/gw_boss_daoke.collider.gz,3a77a469673d29eae11348da5d70a9e9
4DC80C7624620EA0C5C4A9FA60955B48,873,res/collider/gw_boss_dog_chibang.collider.gz,5263b7bfc8ecdd47e4fb37936d13e301
C3D0C671BCDCE23961982AFE48569E7B,1182,res/collider/gw_boss_dog_jinzhan.collider.gz,d39c61c98deb095fc931d4688f1452cb
B35DE050527EB0C0DF8FECD2582C0AAA,3701,res/collider/gw_boss_dog_yuancheng.collider.gz,0382d7907e6f4684b1ccea0047026a0d
4E20FE358328D350167D3C977B8D31E9,1556,res/collider/gw_boss_dundaolong.collider.gz,cca959fa409c67e1a0681ce84c8e9e78
59240CAF7DFE0F9F10C7EC0A43228A46,1261,res/collider/gw_boss_duyanxukong.collider.gz,de2a8024a6c608f0b9ff9b1fe31cb544
E62F6CCCE970F2ABDA06E7629CD21135,534,res/collider/gw_boss_fangshouwu.collider.gz,afd50ff9b0ed7f14ae2deea2c7acd867
61D00BC41F60C0AC8FF3AEA9AE977D53,652,res/collider/gw_boss_feicanci.collider.gz,9915a92c39b272214a4ab36f9229cb0e
64BE1407D26729F5614A53EBDC178EC1,2792,res/collider/gw_boss_feilong.collider.gz,e831dc163253b25a0528e263e6c19646
131BE6FC7DEEE315B686449D7F28F18B,1317,res/collider/gw_boss_fengkuangyingwang.collider.gz,6b4a65049e366f0ca8606ea9bb4b880e
668E36617F9CE7955F8C109DEEDF2348,560,res/collider/gw_boss_gcanci.collider.gz,9e5b83d5be04c1b4f3df3ed539156ef8
48CE1BE332C41DCCAB346B5514EDEFF4,1267,res/collider/gw_boss_gduyanxukong.collider.gz,3332b79f08337ad2a5dd47450c4f01d1
95BDB16C093F7DC2213D789E98062E54,661,res/collider/gw_boss_gfeicanci.collider.gz,c764409583f4461a502beb96f4e7e3fd
1EB51773236CE4491ABCA0C256AE0248,636,res/collider/gw_boss_ggoutoubangzi.collider.gz,8524c3bcae779bc4c9b29f073a5e175d
8CB2ABB83C1D7133B252475D852B628E,603,res/collider/gw_boss_gguyongbuqiangshou.collider.gz,0ab518c10571ad9e95e7455f00f01e75
830EFCA9E13925A85986C101909B5015,1193,res/collider/gw_boss_ghostdaoke.collider.gz,23da546e5a5f551da84b84f9c462799c
F82C5AAE048D5EF75E2CA86A8C80AAB6,765,res/collider/gw_boss_ghostshaye.collider.gz,1bd6c92c2645e933c6542cc827d88599
5C7F03CACA9F6DD67FB4ADCB98E4C707,875,res/collider/gw_boss_ghostshenmiasilan.collider.gz,7153616f899f01c5627f59fee23ecb56
2FED6DCA7E60F8B14DEBD67319B565F0,821,res/collider/gw_boss_ghostyamei.collider.gz,a57adc367b7d143dab1e31d3928c9616
26723A76E4BE2CEB34723C03A12CB21E,794,res/collider/gw_boss_ghostyeyuan.collider.gz,cae658ff42f49e4e95fb455751220826
A31ED8E182A0E77A470B846664DDC383,787,res/collider/gw_boss_ghostyinglie.collider.gz,cc8da0b56090a31b8684485f6781c1cf
001214C8DDFE5090B6635D4B4A9EE76C,809,res/collider/gw_boss_ghostyingwang.collider.gz,4cf5f61e8961500f9cfc543b262de076
146E1AD5E7211DE211030EF2092FD7F1,1063,res/collider/gw_boss_gjumoduizhang.collider.gz,39add60de0fd00e4d83dccac3a6a1045
D6139BB68341B44642757C101530EE5A,1012,res/collider/gw_boss_gjumoqiegezhe.collider.gz,129dac8aac61524d887a90f1e45d4ccc
2BE0A20129E6F0D495937E48145C83CE,738,res/collider/gw_boss_gjumozhanshi.collider.gz,c7d1093df2967a20170cb0034397bcab
7FACEB87392B40ED9184DA7AB951C22A,733,res/collider/gw_boss_glongqigongbing.collider.gz,45e9da3752882daa3e6a9bde98776d15
E0FBEB6D8A1E3EE7A23A222221756433,1282,res/collider/gw_boss_glongqiqiangbing.collider.gz,819fee9ed98ea16ce4497aac53f817b3
E7BAEAB974515CE919E2ACC0634E4D22,1035,res/collider/gw_boss_gmalieke.collider.gz,6f6cda3af681c98ec9773d5f803185c6
1E5ADFEA5B53681D7AC681F1D3C3975E,644,res/collider/gw_boss_goutoubang.collider.gz,66211822d189ae16cda0beae962dfafd
0D93DF405B1441B168EC577A3D13C643,643,res/collider/gw_boss_goutourendachui.collider.gz,f9b65187f6ea1c56f4a4f1d46d523ce6
8BBA156EAB03757A2DCE113B90585549,638,res/collider/gw_boss_goutourendachui_new.collider.gz,efd45bd06f4a623b41964753dd102870
B173558C3A3EA79DBD4A8035C2FD3576,700,res/collider/gw_boss_goutourendundi.collider.gz,94925be78c55c370df03b0e9d8e05da1
7F50FA266D42CEB1146888F5D210E3B4,479,res/collider/gw_boss_goutourendundixiaoshi.collider.gz,95d573fd1923150581f3cc2578d1066a
61ACF327194F9CEC0C106895FB984F85,647,res/collider/gw_boss_goutourenlingzhu_new.collider.gz,ddd4ab0652efaa5daec82ee33c99dbe3
F1DAC053977C9C44D9D144F4E83AF6F9,3120,res/collider/gw_boss_hanbingjumo.collider.gz,30cfc4804a5f0f3b34dda503dbcc4f49
0FB6E68F7A7D2D80E368D30FD83D220F,1868,res/collider/gw_boss_hechengmolong.collider.gz,65b748305cadf866c5b3fe7c0cc1d4d1
58CAE668C20055278064D58C2A3637F0,816,res/collider/gw_boss_hechengshou.collider.gz,a572fe7d03cb1770942667e0f6aaee7a
3E2DA2238D4B0ED73BAEDBD3DFE27C8E,681,res/collider/gw_boss_hechengzhiwu.collider.gz,88e68ff726326f5d64e790b635668cd0
6993D60A16649004047332CB1459B6B7,796,res/collider/gw_boss_huojianfengzi.collider.gz,66018399f1c43d9f7434275d961fd502
1E52487F5036C9D80602EF1861976D06,10851,res/collider/gw_boss_huoyanyiyinglong.collider.gz,518bdd12df108d859dcdad5ee9b23985
4FFF3B65191B01E8FD4DDE62BAB3C9E3,585,res/collider/gw_boss_jinengshuijing.collider.gz,f573f883bc005034717f47be18ca5273
05779B5D47F24F605721A89C6098D165,500,res/collider/gw_boss_jinkuangshi.collider.gz,25d8184e80a715744cf6a9d86bb64927
6361A0C002FC66679D6E5DB5B7E72F60,886,res/collider/gw_boss_jiqiangdama.collider.gz,92796cc33427a83d0919e2f72cc6b9b5
B853B4801FD3D6DD4AD3B58125A0B5E7,882,res/collider/gw_boss_jiqiangdama_lan.collider.gz,d316c5fc8ce6ca9bbf8b43e8ff0b5134
ABE039C3D92BDCB2E8E507C77BA360EC,666,res/collider/gw_boss_jujishou.collider.gz,52048933411a3d55935ff296601ef587
92401FC99140216C564784124FB5F97F,1318,res/collider/gw_boss_jumang.collider.gz,d77d2a1be26cebac43fc59141b094920
FBEB046BCF12E2250945463002FCAD1B,2134,res/collider/gw_boss_jumoduizhang.collider.gz,2ea69a0db0d2e5b7efb3998928d89b50
E516FC085D3AEA63709A75286F849A04,1005,res/collider/gw_boss_jumoduizhang_bai.collider.gz,e1d9f888eca79fcad11adda0db0464d9
E5B939F61BC9AB47057DB654913A5B49,1976,res/collider/gw_boss_jumodun.collider.gz,f79c654f8751a69a457c2c2068a4924f
E4F6903F1E7EC7598FAC450A7E943EB0,873,res/collider/gw_boss_jumoliandao.collider.gz,2667c633f6caac3f79c4f893df59d6df
EBAEE58E5C87AAD65B28F3DC816ECA72,960,res/collider/gw_boss_jumoqiegezhe.collider.gz,7fb7770f407b9cac4f7a89d4814da3a5
F8C9AADDB1CB6A1B45F5761ACD66CB09,1839,res/collider/gw_boss_jumoshoulinren.collider.gz,1195b190d974d668c5d5b0617ebb7e6f
D3241527CCFC47B126F07AC75BA0A995,2281,res/collider/gw_boss_kaboke.collider.gz,3c23639e9761c9cd3b3418026776d1f6
4D190B29103F168AEC4FA3B022910B26,738,res/collider/gw_boss_kulizhalide.collider.gz,21c081ebda613722694b3eb9b646574b
2C976302C132AE1BFF25B371FF125B5F,776,res/collider/gw_boss_kuloufashi.collider.gz,65f5ab9b02f86b6af40d2af54b0c651f
137C27316561B0695B9543006DE8ED44,699,res/collider/gw_boss_kulounvwang.collider.gz,10c2d55458603348dfb711a71e0e9ea0
C2F279C4504E57868D0F57D81FCEB77D,736,res/collider/gw_boss_lian.collider.gz,12b750a6566a1fbbdab219d8bc565079
D703BAA2228C57888030AC6603A4343C,1427,res/collider/gw_boss_longqidajian.collider.gz,0ea43fe38ca5ab5d63a2ecf695122c1c
86B3F684EEF1A81B9BEC0C94DC407C4C,1291,res/collider/gw_boss_longqidajian_blue.collider.gz,ed79d14ef8083902f133ff86206a6814
02A7E12C9F3EBB5F59430EDE58671E80,1338,res/collider/gw_boss_longqidundao_super.collider.gz,d17f74cc4be53f464abd7d36e989c9d3
DB92FA6B0787261FF2A02627592E8991,1322,res/collider/gw_boss_longqigongbing.collider.gz,92ec8e28ba36fe1346818cc204f3f3e6
98A818542067788E86EFB26143F7B453,1300,res/collider/gw_boss_longqigongbing_blue.collider.gz,b4205723ee2d64e118e9f0f3c70e5b25
76805F5705E2F8ABA61DF673336BBD78,647,res/collider/gw_boss_longqijuji_blue.collider.gz,0bb76a3ce00d96e86fa4fcb04ce619bf
D046A82B304AB0EAAC565BB1FB3F2356,649,res/collider/gw_boss_longqijuji_super.collider.gz,e988c4dd1ae737910f9c74600ecdea94
FC8B7EDE2FA14F28E39E35CF7E15D70F,1428,res/collider/gw_boss_longqiqiangbing.collider.gz,539f810a304c54af388a9bb1668f9baf
F597B8475200146F84628A79BF0ADEB5,1828,res/collider/gw_boss_longqishuangdao.collider.gz,5cfa288dddc16bbbd919da8e3c4f6f08
A728BA9FFD1CEDFF872790757D62F912,1288,res/collider/gw_boss_longqishuangdao_blue.collider.gz,c9c10534e1eee838ed76079418a16591
B6EA8D6E81D71973D229AFA2E8285384,1342,res/collider/gw_boss_longqishuangzhua.collider.gz,13f6f8de4408b4bbc1e985529e30de24
DFA4A1663E5AECCBCC46601FF0EE2DA1,815,res/collider/gw_boss_longwang.collider.gz,993ccb83dd044ad7d5cb33015057a352
C23C39776CABF0429325B46FD14B5FA5,1052,res/collider/gw_boss_malieke.collider.gz,86b18e788e7aa98c4e1ccdf511dec127
6A601AD0EDEDA3B38AA8137C10A3229D,757,res/collider/gw_boss_miusi.collider.gz,ba45b57b451f4f0bdd9e55bfb038a36d
EFC93B2CBB46DADE7342353D1674705B,1259,res/collider/gw_boss_newduyanxukong.collider.gz,d7284565988deadf512f65d45c472dbd
73C5425499AB9247F2F9D2750A48C2B1,1035,res/collider/gw_boss_nianshou.collider.gz,cea1b703a386eff1552b0bd9b4908130
A4AC5E06A6FFEEC91F16160C9A9A5448,752,res/collider/gw_boss_niudanji.collider.gz,c00fa300cb17567aaf65d5e373cf145a
8D2C8B3AF208025250CE39A858A10723,696,res/collider/gw_boss_nvwangyong.collider.gz,5b70738aee340286fef0a0758da8609a
D50E0C3B9FD48A3429F25EA83A1808AB,927,res/collider/gw_boss_qiangjianbing.collider.gz,1084cfa17b02d318ba83c03abbf60614
6CCF0396F798CB1AB76171EF6A199799,1046,res/collider/gw_boss_shanbidao.collider.gz,4cb3a751f6f083cf0ef2d6e0180a282e
559A7E34F16CC4F60C59F496668D9F54,769,res/collider/gw_boss_shaye.collider.gz,668eb039021d4b81a67652b1a748f162
A87F883899C7A9E6DB609844D1E008DB,1022,res/collider/gw_boss_shenmiasilan.collider.gz,988fa4152c3f8ca8bea44609cc78e35b
D7490C545C7371DAADE9B93C2F3672B2,764,res/collider/gw_boss_shishigui.collider.gz,9b9dc5252ce1520042523fc8419eb550
6A14221486D487641975B58B7B3CCED4,585,res/collider/gw_boss_shuijing.collider.gz,8fb66dd4dc7fe679e270921f99c9f531
A0701E6ED1D682AA1C8BE9C52DC421BE,558,res/collider/gw_boss_simen_bianchenga.collider.gz,e985ca612c791b91394d044729100f0d
6B824C1D6A505BA147647AB95AA821B2,558,res/collider/gw_boss_simen_bianchengb.collider.gz,e813d9b1e9a7ae807685d85db730504e
9930AB650F4E3F02B812894076B82C81,560,res/collider/gw_boss_simen_bianchengc.collider.gz,fff4476fa2c5a0145270a5dcd46fe4d7
2BE1044C20F6ECD634A3865D369A94A7,558,res/collider/gw_boss_simen_bianchengd.collider.gz,c9a1be3aea9ddf46cf3cc88fb5aef78a
04846AFA7ED1FA722EFE69FC7D77B51D,565,res/collider/gw_boss_simen_zhongxincheng.collider.gz,bc1059d71f66228cb7b130f2cb51c5f6
C6362E4101ACD634D87D8B78312CBFAB,3800,res/collider/gw_boss_siwangshou.collider.gz,0e4c40a14a9899e31acb67908a6de1d5
2CD349A1BE3A971FBD25FB3D22A9C011,791,res/collider/gw_boss_tanglang.collider.gz,017fbbab12418a14fbd6eec44d1e5e8f
3C4EBB4FCD4DA36344830832A6E5C7B7,505,res/collider/gw_boss_tongkuangshi.collider.gz,1446c168f07ba95685b367318ca56fd6
96C4F33685BFC2E25D3B097E708FEC91,738,res/collider/gw_boss_toumei.collider.gz,d2b156e3d1c8d43f4a8d311ea8faf96a
D84D54CD11B65BD74449C1992A1788C0,915,res/collider/gw_boss_wanglingjunguan.collider.gz,3a8ca8b295776084a73bcc88daa1110e
DA1F4310A3F6D8F7D6A36587AAE74AB7,2132,res/collider/gw_boss_xinshou_jumoduizhang_red.collider.gz,fac885036a27ed4d0051a043a418b56b
6CD6E353AAF2D61AE1185DDE7F0DE000,2104,res/collider/gw_boss_xinshou_jumoduizhang_super.collider.gz,291a8cd3b1af50a1774885c3ca4487a4
848F5BADCB1DD26600266AA15C1E0CF1,806,res/collider/gw_boss_yamei.collider.gz,27ab016591e6274b248cd9902630060b
61C37E85D1739715EBD463E349785D95,821,res/collider/gw_boss_yamei_hong.collider.gz,24deff90cb3ebce9ab6225d4644588db
29B09E3B207B10AA7AC84E4A0A84B140,1031,res/collider/gw_boss_yangui.collider.gz,37288f7112e3ca24b21bd23c3ab3f174
AFC4D24AD831BDADA56F2370BA3284F9,854,res/collider/gw_boss_yeshenjiexian.collider.gz,c99a22090e77ff255b295d4d3287c174
D48C1CC23BE0C1AB4944668C17CB5403,822,res/collider/gw_boss_yinglie.collider.gz,fb248b35bb46b634580c556add70df3f
9A4BA950BB566D2B54E36A36B8948A1A,1450,res/collider/gw_boss_yingwang.collider.gz,06b79edc19534858dcd2c77f98363e37
BCCC8510F13D0D46BCCAAE73C9D9D3E1,503,res/collider/gw_boss_yinkuangshi.collider.gz,a8f8dce67d6ba47dce775fa0183fd90b
FF601BDACB717E5FF6840ABD488869E1,589,res/collider/gw_boss_yizhongchaoxue.collider.gz,7c942b473dba46cf7573b645ec28583d
554C5F6A1A564BA33AB8584B004A3499,612,res/collider/gw_boss_youling.collider.gz,82e33c46890d3ef1654bcafc3590634a
9FBCA1A8EFF261C4D1BD882FEE618C64,2557,res/collider/gw_boss_zhangyu.collider.gz,8e757966a6087c56a6fe3ad4b4393403
0DC4123CDD126D397EC5FB8062BCC133,765,res/collider/gw_boss_zhuixingshou.collider.gz,5dd0db3482bf0a3f51eb03bf3c9ba010
8B26EE2C54CA7C41B52AA8E97E6E602C,2850,res/collider/gw_boss_zuandilong.collider.gz,0ffac19edb198649b53ba5a26d474621
B8C7D07DA8DA5BA45C3B20514C0975C3,1083,res/collider/gw_chushou.collider.gz,8a2fe3705db1f1c8cc00a08a47825646
8C6503F9273B58C381E4301162885C44,1174,res/collider/gw_chushou_bing.collider.gz,9a3a02457bf66fb98fc31938c5dbf9ba
4186B6670030FE307CD4D2C5DF746BA5,1690,res/collider/gw_chushou_di.collider.gz,77a8c3ed9daf71e6bb836f8834b76e7f
D408F6644904B64696EEEED901674DC5,1185,res/collider/gw_chushou_huo.collider.gz,da1b41d54b5b5c30309c6d557b2039a7
D538E29CDFB1DBCD6F497AEB0DF61A46,1189,res/collider/gw_chushou_lei.collider.gz,c31da5d025bacdc05c97aa74625854b0
AEA6CC2C4C05A00BCA44E23375B8D500,1201,res/collider/gw_chushou_wang.collider.gz,79f7b20a0ca409b4673068218349254c
35B090001469005A8F3299E708F4B29F,439,res/collider/gw_kbboss_zuandilong.collider.gz,b2962cebda3595388c1dbc7eb1f4ed25
F96940A2A9BD919450CE46C9C9EB34F4,1406,res/collider/gw_s1_robot01.collider.gz,a6d39a129e4c1ca143856f1a21437a8f
0E53B5DA060204D549596F3E032B1F7C,2570,res/collider/gw_s1_robot02.collider.gz,950f03b00cecd3175ae1a41110b2c84a
2AC44D1AA2922F16540844FE422B3A97,2529,res/collider/gw_s1_robot03.collider.gz,597d1237e2cbfc51672f14cebf7d7674
080758DB20406813CDE7DA11D4F55D7D,1666,res/collider/gw_s1_robot04.collider.gz,39cb0d2adb03656c90d61cd8340bd1cf
CC256F9B325296D14AFFD7F1AC5AB8A1,986,res/collider/gw_s1_robot05.collider.gz,be27edbb535eeb73c28ab213d9be46a3
B45CF48FB2229B0CD3F061C5F205883A,807,res/collider/gw_s1_robot06.collider.gz,ca5178e2605a78e785526fa11a6c6742
B9CFB1679D8A5BEFCC688D99F6C4B95D,1552,res/collider/gw_s1_robot1_tx.collider.gz,b371c0d6689645f5f38cae3a0b4b1494
F9F646C0A7BCF0226FBE08402ED7D5FB,1245,res/collider/gw_shoumenyuan.collider.gz,a739a62d962546dd665c52539bbc610b
426E8C1356FE3B0CE4F370C503982911,533,res/collider/gw_trap_00.collider.gz,f9cbca7081881579ee19af250bbc45f1
864BE21F79EBEB32E5D26E51B7ED0C15,622,res/collider/gw_xiaoguai_baifuzhang.collider.gz,44721386e7baa7b66eaaa2a479b957e4
EE50755EA8C665D5CBF5137285748A27,547,res/collider/gw_xiaoguai_bangqiudipi.collider.gz,e3e73ac0f297d0393ddc6f7437226bd0
92BBC3F71E3D3EDE482A58B53A328A81,662,res/collider/gw_xiaoguai_canci.collider.gz,1424b595b1e13fb59abfe231bc1fe8b3
C477D06241101BFCBC95653E3040F5BA,979,res/collider/gw_xiaoguai_chengnianmantuoluo.collider.gz,4cf1c346fda5cc5446bea81fd83622ec
7340F86407E81407A1F48A458D9DDF5D,687,res/collider/gw_xiaoguai_dianguanglueduozhe.collider.gz,4c353f4733ddba2d4e205a404cf6a687
89537DE8C5E71E48EC4D21643BEDC7C7,654,res/collider/gw_xiaoguai_feicanci.collider.gz,b878f7800c02ebf409fc5009fcc12116
DAED0C76E0201E58B0E8BD76BF2DD6F5,632,res/collider/gw_xiaoguai_feixingbing.collider.gz,d2b1e37125c0042ca4e76fbda987650e
1A391388405240981DC2D1A66F91401E,605,res/collider/gw_xiaoguai_feixingbing_new.collider.gz,1dfb260b348271ec04bcdd58b714333e
252ABE9C3156AB7F5C6FC08CC57BA723,1444,res/collider/gw_xiaoguai_glongqidun.collider.gz,b2975c2c34cacacddd6e5f9a3d25cfb8
9765B7E9A49398661518741E0FBDD896,594,res/collider/gw_xiaoguai_goutoubang_new.collider.gz,b992aa4ba53751ca24779c1d982d4669
11E453D5A7AE9ED4AF356981B309547B,565,res/collider/gw_xiaoguai_goutoufeidao_new.collider.gz,d77328ca9c4ec22d5d1f0f9028511b43
FB31BB6DF18B6FC5C58136F2DFAA6408,708,res/collider/gw_xiaoguai_goutourendundi.collider.gz,ee968a06a6952da16c1e47baafb91d1d
DB333E392D40F4ECF4B6251409BC5B68,483,res/collider/gw_xiaoguai_goutourendundixiaoshi.collider.gz,5cd2435fcd2f68128f471441a25bb509
735F4A048B3EBE5DF4F92AEA3539931B,674,res/collider/gw_xiaoguai_goutourenfeidao.collider.gz,f02e691360ba0733a1ba3efb5cab4167
069D945EEAA3009CECE5DB2FB3D8A43D,661,res/collider/gw_xiaoguai_goutourenhuojian_new.collider.gz,7187baa7cd20e373cc24f813f64744c1
440EED94EB4745753C19D3EA41D6A888,625,res/collider/gw_xiaoguai_goutourenjichu.collider.gz,510403e23a8f86463ad73bcce5f0612c
EB753A31BEBFBC248C110D64CB4DFA71,2366,res/collider/gw_xiaoguai_goutourenliequan.collider.gz,96c86835cbab3a30a0512e06f691daa7
11A07522E20410CD06FE69F16D1DDC7F,652,res/collider/gw_xiaoguai_goutourensanmiao.collider.gz,f14936631adc15ead37370a3a8642eff
F545BA2660DD00628D439A3D31011F38,715,res/collider/gw_xiaoguai_goutourensanmiaokb.collider.gz,28480c145d9302aa79980c1a16c4b7ba
D3FD050A82FE55F719FB47BF6C32CE34,615,res/collider/gw_xiaoguai_goutourenshoulei.collider.gz,a830521c50aab5856efe575ff352203d
697D260F9A4A6B1BD6A851A8066F5BC1,542,res/collider/gw_xiaoguai_goutourenshoulei_new.collider.gz,624271ea73bafb1ccf8e8b723db67d75
E597590D3483B5218CFF98098CEEBAA5,4719,res/collider/gw_xiaoguai_goutourenxunshoushi.collider.gz,74721541c7e9b31f93fbacc5e62452f3
F78340F83CC79EF0FE0DC2DECB16435F,686,res/collider/gw_xiaoguai_goutourenzhaohuan.collider.gz,2dd9848aaf05767edcba21d15eb37106
86A8E9C7CAA97E90720F2D5B0A54A1CD,614,res/collider/gw_xiaoguai_goutourenzhaohuan_new.collider.gz,c83312ece0ae97f3381d4cc744595cb5
958C86DDBFD2ED33283D06D475ECF5C2,637,res/collider/gw_xiaoguai_goutourenzhiyuan.collider.gz,ddbd0668a88151ddba582fb18ed2b795
6D4C30E2D60C9DF0B3F1C698D0AF2536,565,res/collider/gw_xiaoguai_goutourenzhiyuan_new.collider.gz,46d762e9c20675b47dda7d24154debf8
48BE284F21F05D7384820C335D8E8D8B,567,res/collider/gw_xiaoguai_guyongjunbuqiangshou.collider.gz,8c29cbbbc19d881d007cbbc921001a59
ED89F42B32B46B29DF833D9ED4E0D0FD,573,res/collider/gw_xiaoguai_guyongjunbuqiangshou_new.collider.gz,22b92dbc16cdc824ffcc157f27a30fd1
526D7AE68BA17CCBBFDE7B756080DFF2,655,res/collider/gw_xiaoguai_guyongjunhuwei.collider.gz,08031acc330e7ab435266b33b3d6cc4a
105BD38FFCEC85FB4E593FA71DE7F0AE,679,res/collider/gw_xiaoguai_guyongjunhuwei_new.collider.gz,25d9c28e4560debe5cce269f94560f19
84BBB56FCAC3CC45A17A51B347EC7BBA,660,res/collider/gw_xiaoguai_guyongjunjixiebing01.collider.gz,2b4f6bf0d7c88d2d95dcfaec46c91c91
92A6CA41A5A94BE24F554B9B69DB6ED1,753,res/collider/gw_xiaoguai_guyongjunjixiebing01_new.collider.gz,4a15d3566eb508a43f2d72aca77338b8
AF318661FBE50D501717E00E20E1364E,613,res/collider/gw_xiaoguai_guyongjunjixiebing02.collider.gz,8cef617dea907cb6eadba4fa5683ce6c
F5BE11441C5B253A27CBF8FFC217854C,648,res/collider/gw_xiaoguai_guyongjunjixiebing02_new.collider.gz,0453ae2578ccc6a242cdc43bc9571914
B8E7F233ACA7AE2784214CDFD7A8274C,647,res/collider/gw_xiaoguai_guyongjunjujishou.collider.gz,ea059a45bb5fa721f9d13640fc7507ca
95E4ECFEBC01FED8BF5C84A3E85C2490,670,res/collider/gw_xiaoguai_guyongjunjujishou_new.collider.gz,b2df6a57a0fd239591db511af3c961ce
3BA2497D108DCF71CFA417E161BC3864,1201,res/collider/gw_xiaoguai_guyongjuntezhongbing.collider.gz,a66fe202b6144d076411ab01fdcfc413
0044993B8039EC21E60A41328AACCD00,689,res/collider/gw_xiaoguai_guyongjunyishi.collider.gz,aeb6bda37c3b736b6ffdcaa4e0227052
37023D70F856C27CC116053F5C14F691,652,res/collider/gw_xiaoguai_guyongtezhong_new.collider.gz,b451cc397529fcd4aec9db9691a4bfa8
6034E9C92D07952E83DC37E3F934994E,622,res/collider/gw_xiaoguai_hanbingduyan.collider.gz,c1d0d080f7b12fc83d0d8d7412e439be
B6AC5F7E3ADB1E5302A2A59F52F2929E,625,res/collider/gw_xiaoguai_heidao_nan.collider.gz,09c52a2718d0679f4e51b4cf937fa8fc
36A3A739B33524289632902DA140128A,588,res/collider/gw_xiaoguai_heidao_nv.collider.gz,b24587349770cad5069aaf0bf543d61b
8628DAD83B5302B0A55626200FFFAD83,808,res/collider/gw_xiaoguai_hongyanxukong.collider.gz,3e71acead3d2a6ff43420fea9b9f6909
4613DD6602CC3FA130AFC49BCE815E71,875,res/collider/gw_xiaoguai_hunling.collider.gz,f4982b47e1dac6b84429f0dc3559b192
BC6607B0C0A7E7EFAFB3EB02CFDBA229,580,res/collider/gw_xiaoguai_huopingdipi.collider.gz,d73eadb8a38f0526668b8f3061e1bad3
0053687251516B4CAE931333007F87F2,623,res/collider/gw_xiaoguai_jixieduyan.collider.gz,0bae30d3799e893c9578d827dbe3a421
8088C222F197B068FD4605970C8B3502,611,res/collider/gw_xiaoguai_jumochaqi.collider.gz,8962f0ed526c18f9a126a6a3e9da4c78
232A093D00DFA433C3FAAA06336B07B9,1081,res/collider/gw_xiaoguai_jumodoushi.collider.gz,01f6200fca535a462c72daed23aa9878
024865138703889BFC9354497A1AB5C1,1983,res/collider/gw_xiaoguai_jumodun.collider.gz,e5009e6e8ffca9bebd152e4795a49422
6915E737776268627187107F8A6D8D03,690,res/collider/gw_xiaoguai_jumodunshi.collider.gz,4d7fb4fe697963d53efacbf1ffd55d90
DC7E03E4D96105A35FD5AF64800C5EA9,2033,res/collider/gw_xiaoguai_jumodun_red.collider.gz,256a3a26e0c7aca3d4ac9a798291dd3b
4CC7D9EF24DE2B07DD98B67A72D6C555,2039,res/collider/gw_xiaoguai_jumodun_super.collider.gz,b153a836b6e31fe1806b55861d282ab9
91F9D430B92939236A549E49C4C4C9D2,1214,res/collider/gw_xiaoguai_jumolian.collider.gz,c81738dd1f65824b0b6d02cdb2254b51
6863A615A59F2A6532F0431302CFEEAF,974,res/collider/gw_xiaoguai_jumolian_red.collider.gz,a41a08b391adbb79fc4df34c2543514b
6439BF164A882743E482CEFAFF21F508,976,res/collider/gw_xiaoguai_jumolian_super.collider.gz,ef2ee4aa9c897bbe952671a2fde0a144
A6F2524601AAFA2FE308B105A75A7760,987,res/collider/gw_xiaoguai_jumoqiegezhe.collider.gz,721a64c231baec2c07518967ca085ca0
9949AFC931F0227A7A56324A962E2F06,977,res/collider/gw_xiaoguai_jumoqiegezhe_red.collider.gz,4e2d0f40524d7957c223833c21c722a6
AEBBE9A9C13DB2C7555F121C4B9B6D01,1038,res/collider/gw_xiaoguai_jumoqiegezhe_super.collider.gz,a29ef83b9a80f0ff1e9eee4120c81424
C67BFF51C6BB153D4AE6CC3F395000DA,657,res/collider/gw_xiaoguai_jumoqishou.collider.gz,9f5668cf94bc64fcfb3300ecb682f83a
7C8F40B9B4FFDB24010CD41B692A7A55,1849,res/collider/gw_xiaoguai_jumoshoulinren.collider.gz,f943950953a8c5d7737d0dcf462feb05
F104B00BD01674EF46B6A7B986C60F74,1769,res/collider/gw_xiaoguai_jumoshoulinren_red.collider.gz,d616d3f200b59bb5c31c686c53f98e9b
7BA9EB1279BFF7BD5D076D7FC0A8757F,1850,res/collider/gw_xiaoguai_jumoshoulinren_super.collider.gz,3dd533082c773103feac1a58a5f6a1f6
535D26A4FC6B7986FF0F0027A50B4220,785,res/collider/gw_xiaoguai_jumozhanshi.collider.gz,13d7dd4f6a5288ea376e54576322fe19
841643636FA7489817B7D9233A74C3EE,858,res/collider/gw_xiaoguai_kuloujianci.collider.gz,4a80110708bec2cff234152fccfaccd3
FB78E6B6ED0D629AFD19975D4315BEED,1471,res/collider/gw_xiaoguai_longqidajian.collider.gz,4c80310c9189657f3bc6ee60606c503f
0AB346131CECBCA8E4507BCC5D201DEC,1331,res/collider/gw_xiaoguai_longqidajian_super.collider.gz,7de3a12eb655ecb413a8edd831acd5e0
1CE9E4117B1FBF0FB5549B7D8EA7ED23,1380,res/collider/gw_xiaoguai_longqidun.collider.gz,96a704537c5408cf142932263df49177
A310342D2DF6C15DCD6B3F56E8F4C58F,1395,res/collider/gw_xiaoguai_longqidundao.collider.gz,d15d6d6172211389c527965f406586df
6B44525A69036CA84D336A6F6CE08F21,1338,res/collider/gw_xiaoguai_longqidundao_blue.collider.gz,407301426b2e7fe9e0fb112c5809f847
95CDAA40E5832E89D72B10C068E20E05,1295,res/collider/gw_xiaoguai_longqigongbing.collider.gz,9f0b72effdd160f96433d682fa5c9c31
3A80D806FDADD44A593E31EDB77780F4,1301,res/collider/gw_xiaoguai_longqigongbing_super.collider.gz,bc1d35510087fdae6d08fb80a673f974
5ECDBDF1D2EA44C84B2931EC9CA0D700,1288,res/collider/gw_xiaoguai_longqiqiangbing.collider.gz,4436c9de00c47475f59a1c5d0f740d00
5794CE7887A36C0B1FB8D564074F5148,1292,res/collider/gw_xiaoguai_longqiqiangbing_blue.collider.gz,c582103b3e992713febaf46e686cdbc0
53DE9347598B08B857F984EB220C97FF,1292,res/collider/gw_xiaoguai_longqiqiangbing_super.collider.gz,5216d006b5dad8aaf8e4254e5a6161e2
ED115EECB8C5C43E02C2BE1D727E0437,1314,res/collider/gw_xiaoguai_longqishuangdao.collider.gz,114851db10f676bc29dead77322a4207
930CAE025CBE45BCF3C48A6CC04CC6B6,1271,res/collider/gw_xiaoguai_longqishuangdao_super.collider.gz,8bdc33bf8586eec4873f41710e17205a
EACA580F53D892D2D8AA390E2598DB94,1299,res/collider/gw_xiaoguai_longqishuangzhua.collider.gz,c0ba47b980336747c73837004460772a
381ADB026C83F9BFDFAB39A86ADA8546,1289,res/collider/gw_xiaoguai_longqishuangzhua_blue.collider.gz,be70d0921526aa69f0af6d4a3b0cb6f1
0B04242D9B176F3F95D12BF1CFF89511,1291,res/collider/gw_xiaoguai_longqishuangzhua_super.collider.gz,098bf798b88b94e35f6eb9356b5ed4a3
D77700162AC1D64EC192FD36E13DDE53,891,res/collider/gw_xiaoguai_mananafen.collider.gz,ffa2e12a4a2ec2c11b5d6185a26e7b47
4603167B0DE3FD52559D5FB0194EF1CE,789,res/collider/gw_xiaoguai_newlongqigongbing.collider.gz,562a2068537d5c94bd64562c67fc8f1e
D62F8D1DA3343E0B4D8E66F274E90B51,786,res/collider/gw_xiaoguai_rongyanlong.collider.gz,6b74edade959eb86783b06847560e696
34B8D17F54977E76ABD0EF537D114B68,856,res/collider/gw_xiaoguai_santoulong.collider.gz,3955454d87e5bb7036e66b9ec76c2e22
BBBA57BA219AFACE9239011098A2D904,663,res/collider/gw_xiaoguai_shenghuabing.collider.gz,4685b8fc031173685907d0d18831465e
68A9EE40B311D99A5D9CAFB36D8ACC30,635,res/collider/gw_xiaoguai_shenghuabing_new.collider.gz,9b032fa066f5b8b91b865fe7057ee80f
02893C82CA2E88B46892947886D25DB3,1600,res/collider/gw_xiaoguai_shengyulong.collider.gz,89db8165c029d8f30959168b21f76000
DF3310805FB2400E200BD25C9E8DB8B8,1519,res/collider/gw_xiaoguai_shenyuanjiduokabangzi.collider.gz,e49b9a786a09d290fae4f326dd57b341
661A9AA703DF7A744BF53E5ABF61100E,1665,res/collider/gw_xiaoguai_shenyuanjiduokagong.collider.gz,6d40774e55141421b996e8123c39fabd
E569913DCA4BDBFA1F5A0B4956659200,1276,res/collider/gw_xiaoguai_shenyuanjiduokazhang.collider.gz,687dda151cf1bd6f27a0939998834652
B9F5B3977CDF46FFBC86BB43739F0907,1638,res/collider/gw_xiaoguai_shenyuanmolong.collider.gz,c4fd04a207f79fecc4e93dae3c9cdd0d
CCC7BC53206878A88F03B8B4A0ED8649,715,res/collider/gw_xiaoguai_shishigui.collider.gz,9350b6976e12a07ad088c56831526268
A61D806A0970792406672C9263A77C65,1106,res/collider/gw_xiaoguai_shishiguilieren.collider.gz,f00e3d116afbbd79459b2f6d4c1e1a10
97A6B63027C945707FA1415378506CBE,542,res/collider/gw_xiaoguai_shizhu.collider.gz,26b046c39066a35938f6d49591b2d499
AF3A8622CAF60957B1EF6545043F6BB3,626,res/collider/gw_xiaoguai_simen.collider.gz,1fe8ac785cda1d017d67ec3b049ad037
3140A614400DB4D4AEB3CA61E2DF46D0,729,res/collider/gw_xiaoguai_tiequanjumo.collider.gz,7304219fff21e618b24535ca3b38b9f0
B3F3E283C577311675A401789A7370D4,739,res/collider/gw_xiaoguai_touzhijumo01.collider.gz,061f17f5b0ed2feec63ec688bdf420f8
308A28DD5DDA502F18D4D914174FE8DF,830,res/collider/gw_xiaoguai_touzhijumo02.collider.gz,bb55f4fd2ba97fcbd1826df551e551e5
A64A4E7767EAE665B9679C78759EA8A7,778,res/collider/gw_xiaoguai_wanglinglieshou.collider.gz,e55b54866096a9e19037e9bce4916cdc
B99C3FB3D6844FB20E51D5D37EFEF815,770,res/collider/gw_xiaoguai_weixiaokuilei.collider.gz,ef2e0e04c9cd6e09f75fa2c19d370e6b
7170D35AC2874F9D4781FB4412B55F9D,840,res/collider/gw_xiaoguai_xiniu_hong_new.collider.gz,e38a0b5061ba8c3f4dcaa9c3d01a0f02
29F45240EF42B9E6AE31690235A3652D,841,res/collider/gw_xiaoguai_xiniu_zi_new.collider.gz,910756bc7f1974ac0e882c0c85a10af8
2EA382CC0758E237C40F17981351BF4E,620,res/collider/gw_xiaoguai_yiliaobing.collider.gz,5510ad885c92eb902442f61d91f642f9
1942768E728D9BE5B01A046970E03BE3,603,res/collider/gw_xiaoguai_yiliaobing_new.collider.gz,3530ec62eefa8d90bc063d5646c88b3b
FAD669D5FAD3B4767679F877861BDB06,586,res/collider/gw_xiaoguai_yinengzhe_bai.collider.gz,ee89a47d918918b5e14469c20a97c806
EE97DFEFCAE32171E68ED8111B8EE8E5,1943,res/collider/gw_xiaoguai_yinengzhe_hei.collider.gz,701a77accafd3d29a8e7063520086de0
2A134CEBEE565CAF6DA9567EBFEC41C2,656,res/collider/gw_xiaoguai_zhizhucanci.collider.gz,8e53b8de740077ad516ac43aafd5abba
0F32E52ED101512A9901098E31321BAD,586,res/collider/gw_xiaoguai_zibaogoutouren.collider.gz,3df7fe68b70bb8e92785cbb0d76a25b7
06B0F0C26AF90DA5669DDD0F0A7657BC,624,res/collider/gw_xiaoguai_zibaogoutouren_new.collider.gz,6771053fc20124790952a8a31605d98b
C7DB825BF2328F1EA40A4BE246BF0770,812,res/collider/gw_xinghen_changqiangnv.collider.gz,3e5b63233ff3a24933fcbdfa8ab59339
B1AE9DB3935853B1C91F3B9138A004B3,860,res/collider/gw_xinghen_lunrennv.collider.gz,4adcc85407ab251c585b85732326afcf
69557D87AD8B4377FDF79F10177220B9,1471,res/collider/gw_xinghen_yu_dishang.collider.gz,2a5600f1cf972301b0c1fc3e074a4262
829D0FB8B92E2BB4910938082FFEE35C,1444,res/collider/gw_xinghen_yu_dixia.collider.gz,b7b610b6c00c3a002336197082384c13
213BA8055A30979306E7B3FE5EEBE400,347,res/collider/gw_xj_penqixianjing.collider.gz,02aa69ccaff4f2c31ff4a94daf54fc68
B57106F86062FB0A9C383E41AE627E6D,823,res/collider/gw_zhaohuan_jiqiangdama.collider.gz,dcae15561d4786736fa64b6f2aadc18b
DC43108C7AF6F976D0586E4E76D23AEA,2161,res/collider/gw_zhaohuan_jumoduizhang.collider.gz,1a7efbe7bfb1fa3eb8e862b86e78c793
DFD7E6FF582B20C61C47A4A28F38C93D,1391,res/collider/gw_zhaohuan_longqidundao.collider.gz,7a90fedd2f1e90accb8b938960cf1094
B36CF3B1E8A6BD28BB79B00490A92132,197,res/collider/honghei_00000.collider.gz,555e78107ff6072a390191a39c8110b7
9FEB71B417FD03FE378CE9883C5CDCC1,244,res/collider/huozhu0001.collider.gz,63aa7a44bc3a4f00cfe25d679fc01cdb
E2AC4A5FD0936BB73BF740DE861BE00C,662,res/collider/jumodun.collider.gz,4e201b9223c600b043ecdf2ee41eb3b8
CF23A105679722FEF4BBF9F21CFDA08D,367,res/collider/kb_boss_feilong.collider.gz,7803f1c8fcb490717a74537f300bbdc1
1F07934472E60BDC23C055BABF8FC1D4,109960,res/collider/kb_boss_yeyuanzhiyuan.collider.gz,6bdc8dc21ca14028c16dfaefb9b13025
F69EBDFD84D897590CC014C78C1726D5,674,res/collider/kb_dundaokongbai_zhaohuan.collider.gz,d8d61b03dfc839dc58dd223c6105c2e9
C677BE1F57E81C064A026628D38AFD33,4096,res/collider/mx_huoban04_heiyan.collider.gz,5d851024fa484a44410bf75eabaa56b0
A120A1CA4B67ECDB64A32A56334C928D,4072,res/collider/mx_huoban04_heiyan_city.collider.gz,c07018253fe4b3d76d7eeaf2b82e8842
E21B01E10C2C7ACD7A7FAD69A27F2E03,7589,res/collider/mx_huoban05_ailin.collider.gz,bfcbf2c7d46a1158bc1b5ea45b33c006
EC318BE185275B89519CC77EC26501E3,8299,res/collider/mx_huoban05_ailinrobot.collider.gz,8b37284e3fb42f40a0c478a5000fe338
B8A5A6131F854CAACC902489EC023D35,1492,res/collider/mx_huoban_01xueshi.collider.gz,28c5146812cc029614f486512f8bc87d
3C65DFE67854DCEE035A63B0B67770B1,1488,res/collider/mx_huoban_01xueshi_city.collider.gz,5c5b771bf2a2a8bed4095287f8f6c32d
DC0D3698347C8ED778DCEAB4256CDF54,1726,res/collider/mx_huoban_01xueshi_skin1.collider.gz,0b32cde12148e5977802277df499e0dd
FE75691437E1A797F793885B6DE18ADE,240,res/collider/npc_aiweier.collider.gz,a73995a085c42c12c137d698d59f2ea9
EA4A0A281EB0A97D57E6FF258069A90F,239,res/collider/npc_bartender.collider.gz,6bda00e5cd0d0fad50baf3fe6cd8292a
B81EDD777150DF34C8B5B8C1D7AAED95,285,res/collider/npc_dashu.collider.gz,8a60a2c3246e2e5e44fd21df678cf3e2
2A704D23E70ED419DE592CCC81383A22,289,res/collider/npc_dashu_shop.collider.gz,a3473f0696c179b7f9f880c527307136
67AA7C9BE746C0CA5890FE95CD62028B,136,res/collider/npc_eggmachine.collider.gz,4ca3855a953715641bd7f19b96f92379
C363036C6AECA11822D5026D7C90E674,281,res/collider/npc_futouge.collider.gz,fd5fe6ead0fc3e5218181ab7c846e3db
48DBB35F630462EE6299315481EE1F6F,231,res/collider/npc_gonghui.collider.gz,393552358cb00bebe11c653312df5c3d
FEFB1001C1B94342CFCE32889581C738,241,res/collider/npc_heibang1.collider.gz,9defbf7994dbba6d2a03b6545c131d65
4746451C6B6BC7D32B8B1B43BFA01317,245,res/collider/npc_heibang2.collider.gz,9abead6880a05637a77238eb0a264c5a
6F76045E588AD245B76ADE6DDAA56EE3,246,res/collider/npc_heibang3.collider.gz,ad5d59bddb04ead4e7ec114054d440e7
202DB7255479C3CDA87E729EA6DA0C55,246,res/collider/npc_heibang4.collider.gz,e7ce5bccdf3224dbf8258f18287c5317
90E44563E0F68040F73A0B37EDF00C01,283,res/collider/npc_jiqiren.collider.gz,16bc5b8a98559c44e02040764fdb1018
142BE81D3D1118F8279FA6D77D6FE0C8,282,res/collider/npc_jiqiren2.collider.gz,306ad656f3ecc3360d509a366db921a8
2EE1356CE3AAD674069A717E7B1B72A5,283,res/collider/npc_junren1.collider.gz,5f9fd5101266488258665f758a14470c
F256B98FD8A36349F99A37994540803A,299,res/collider/npc_junren1_shop.collider.gz,fba22dba4c7dcab3996f5249f93f89d1
D3E33601109A32C330950FA0141F477C,236,res/collider/npc_junren2.collider.gz,968073c56324683ef0ee9b0564c50fb4
6427E6ACBF82758960D46C19325D40D5,280,res/collider/npc_junren3.collider.gz,7d13e5de36b8fd9033dfa327018cc4e7
2785A7575E865E37115B618517BDBD18,237,res/collider/npc_junren4.collider.gz,26d81924e7e1de24c34f4552e0622341
569372B80CC429095D64AC00E7F24AC8,288,res/collider/npc_keyan1.collider.gz,74b5c1d59463a6fa2a8770d1d642218b
1D875FCD04487D07BD0DA1DA9358FA12,291,res/collider/npc_keyan2.collider.gz,d614e57d0c9086f481e9102cf7bb0cbd
90A23C0F8C10687946E65CAAD6574596,284,res/collider/npc_keyan3.collider.gz,f348e2e075c9b8e2bf940aee3883603d
939ECC930CE7A15361BD79A3AB6D2ABD,231,res/collider/npc_keyan4.collider.gz,6f384edee5f056c2407eae31bdfdcae0
AE350B5879C8A69200CD97E642D300C4,290,res/collider/npc_keyan5.collider.gz,9692ebd9315c40fe7979b24a83b2c1ae
7C58098F5C470904BBC32A9EEAE8CBDD,166,res/collider/npc_kongbai.collider.gz,8188d81828a81b83e7b6186e6dd3cc43
025BE84E33435D987C932B75BB9523F5,211,res/collider/npc_kongbai2.collider.gz,f5301cd568058274e5b3c69712a42dce
2C4465632A6744EA878F651EC1B00E51,161,res/collider/npc_kongbai3.collider.gz,b6027a83eadf8af45fddaf6b006214b8
B5343E84721462AB2802E1D80B45186B,234,res/collider/npc_map.collider.gz,354ed7e24cf62311610dbd02c3024b5e
8ADEDD6CA7B5DC253DCEC13F2A36B660,249,res/collider/npc_missionboard.collider.gz,477416db30456a43e440d011f2961653
5BA9AC5A2B8ED1057B13A27D59522D91,245,res/collider/npc_paihangbang.collider.gz,8093510e03bf7bb75e414a24bae051e3
9BC5DD1DF3053D43BBFC7C7687A45236,233,res/collider/npc_qingbao.collider.gz,b278a5bd7eebde27209685e101dcd481
3C245863EB7C15A0986F4FD46E4E9096,250,res/collider/npc_quanminxing.collider.gz,a527d50e0db98d76cb3b11dabf29b8d3
C0CEB825A0BA3F003BFB700A106B5A41,227,res/collider/npc_renn.collider.gz,4e6c2fee257cc60b610551f7479c8737
110BD80A1E61BFEFF8A1DF4A89581E03,243,res/collider/npc_shenxuan1.collider.gz,092806e335e037e2a262e273f586d391
83FB3FC47F2C1164A6E4CFA156E2B71B,245,res/collider/npc_shenxuan2.collider.gz,f7570c7e18352def7fac6174f595e3a0
5A5C5F5AC6D00F5A1A4BEE224E045FFB,245,res/collider/npc_shenxuan3.collider.gz,6f25538d81b6acc34c14205dff47ea24
4BDFD70820925873A0447BCE2321CD8C,239,res/collider/npc_shenxuan4.collider.gz,10dd1d0eeb41b8fb298409c425ea2548
D5A1547AAD516C748F0915EAF0C5D212,254,res/collider/npc_shuangmawei.collider.gz,c2c8c19cf0fb2acd756f313fd7958724
035471C236B2074FCD7623DCD80CAE27,224,res/collider/npc_wenyu.collider.gz,a29167d9ca6078e10cfb8d74d76cd25c
9FF35B061AB3777905E9E4DA504AFFBE,254,res/collider/npc_wushilinghua.collider.gz,0d0cfb3b8bf33a169c85adb88c8799c4
42F4082B8650169FA06B4D667DFD4579,223,res/collider/npc_xiaofan.collider.gz,891d387d8ebc4edb35600947f082456e
5388274C468F98C4B554A63C531818E7,239,res/collider/npc_xiaoge.collider.gz,b46e68f94fbe0212b7b8ce79ae656971
A15733B324103E28E344144DB52D09F6,239,res/collider/npc_xueshi.collider.gz,0e3bf6d8157da6ee2826f254ab616720
C786A16C7E25BC2A81BC976E4F302674,246,res/collider/npc_yijianailika.collider.gz,f992beb52253cbd3e96f44c141310070
C1234FFC9757BA9017E78A01909F3FD1,228,res/collider/npc_yingyan.collider.gz,4c5011df6ecf7cfc78772b3f9e9e0e47
E1081EA12E91A6EBD4910BA808C2540A,240,res/collider/npc_yunji.collider.gz,8824280eea61159a7e1d1cc448ea271b
76AD79FD2FFD7FFBB44BCE22BEC19273,239,res/collider/npc_zhanhun.collider.gz,d3bf81117c9d188c24af124494eff65a
32DC937F50D07E16C4AA351BAD91998E,289,res/collider/npc_zhizuoren.collider.gz,45eb0e14acc2136760b4973c12aa9eb8
F69AA912194DD0758ABA6D467B8F75E0,434,res/collider/rw_ling_sanchongyingwu_fenshen.collider.gz,84f1f3ffb7700d447633d241dbd695d6
333138E5F41FBD2A5D46A1D6FC5A8C29,2006,res/collider/rw_newzhujue_lilimu.collider.gz,e6d8f1cc413f5b11ef324e61eff2a99c
E16222331999B419765529B44F09D201,458,res/collider/rw_newzhujue_lilimu_city.collider.gz,9f323664d732411e530b9f81bde7a235
EA4E3876B50D372168B6897A0C600CBA,1554,res/collider/rw_newzhujue_liseyu.collider.gz,829896d9fab4d8a920b8938dd97d2482
82248F9FE6E53047929175F89833EB1F,6312,res/collider/rw_newzhujue_lishihe.collider.gz,5ae68a2bc4e07eebf1967ddc26b372b4
ED1A5C7C3D443B6D33D235A08D3F3213,1903,res/collider/rw_newzhujue_youli.collider.gz,c676a6b00251e84d9072823174931c34
B3934025B6F1A38E6FB0647654F94A88,10084,res/collider/s1_tx_wuzhung1.collider.gz,6298a01e888fe1cb8a81d3b10eff2308
D381DDD6E5F08F03CFBDFF427CA1029F,3213,res/collider/tx-wuqitexiao-cheguhanbing.collider.gz,bc4d6659f5f2111598bd3555b31bce71
535987E46D3977D2FBB46BD8C9703D6F,3349,res/collider/tx-wuqi_dichi.collider.gz,7634778aff21c5558b7106ee205fe52a
F85CAA0DE8364812D0814F330B270AFC,650,res/collider/tx_anquanquyu.collider.gz,2170eaa12bab77fceb1c36ef7c706586
2DF6DD7202C15C026BB265AB31DC4B60,1089,res/collider/tx_aoyijineng_qunxingshouhu.collider.gz,29e9804cb42d940ad5af8917921bf67e
8088A26B617390440F767153D8944254,261,res/collider/tx_aoyiji_leiqie.collider.gz,148cb0db88c1fde28ab232dfc85f91d2
291841E32D5574893294341D81FC9CF7,1623,res/collider/tx_aoyi_ailin.collider.gz,fcea9628bee67803ad3d6e470b78aa3b
9C1FD51394B8EB1F436CE549071A443C,705,res/collider/tx_aoyi_heiyansheshou.collider.gz,cd5792f0ded21802df7adf64aaec9a13
7E1051C5F5F1BDF91D4EBFEAE6469F95,2856,res/collider/tx_aoyi_jiuhuiaoyi.collider.gz,75591f724d9d21bddde7ceec6cd69462
832A0C06D3EB68131E8722FB3AFF343D,363,res/collider/tx_asilan_kuaisusheji.collider.gz,2bcb2f552e7a6b48cc2f3e6799ac598b
87ADC39EB51B46EA2EB2738B68EB0353,802,res/collider/tx_asilan_qishensheji.collider.gz,80ae8e643295e6d07ff5a4a2fa6bcfdf
0D26BC67B7C79909DC6C623176C9E9D0,611,res/collider/tx_asilan_shanshen_fanshensheji.collider.gz,b84a64a39f0f8b0c682791e1a2fc49e8
BA057890B6E17129D6BDB40B61427E0F,710,res/collider/tx_asilan_tishusanlian.collider.gz,0470ba70a94799e5157b3ef0972c0fb0
CB67BAF03CC01A3DF50F33E3B99A85C6,385,res/collider/tx_banmeib_chongfeng.collider.gz,5f25f17a96f558c68f38a510e5c1bf8d
B782C2C3C6ACA14188F556A8E9FB7FB9,169,res/collider/tx_banmeib_huanraojituiqiu.collider.gz,6511acdf090e516f2039437590bd47e8
3AB8616C38973B9399051A6BBDAB3A9B,173,res/collider/tx_banmei_heianbodong.collider.gz,107f78e31fe740703d841d43ee6365fe
FAAEA2D321F658E57EC95527F3C52238,2121,res/collider/tx_boss_ailin_main.collider.gz,c1c7f1da46bbf626c3006f76c4da4fa9
C0C322CAACB6F1A37B83145485655B1A,266,res/collider/tx_boss_baiduizhang_zhendi.collider.gz,eefa4761c4c71c4e8a4ea8ad6cb2583d
AC2775013F6988B41E83CDD512A31942,1145,res/collider/tx_boss_bingzhangyu.collider.gz,19198cfb85c3bcbd23e85d01df132bd8
C63DB79C84838BDBA99D4B02669E548A,1807,res/collider/tx_boss_changdaoshishiguichongjibo.collider.gz,c80c9d50812f1076212b31ab9c44cb37
F95272DA6FF4517C82726EC19B0138EB,730,res/collider/tx_boss_changdaoshishiguidaoguang.collider.gz,bc59303d1d1462671488c834c3e7b87d
52D4F603BEF5867CF544332E233927D8,203,res/collider/tx_boss_changdaoshishiguixuanfeng.collider.gz,8a461fd8ac7a256349d2363c1709f4ff
64ADBF509898D1C692D14FF3616321DF,641,res/collider/tx_boss_chaqijumo.collider.gz,64bb7845820baaf3ad13de45c3789fab
4B17EA974B53C68A8A157AEAE08EF741,1143,res/collider/tx_boss_chaqijumo1.collider.gz,8719170034e84273d53e28d785aba282
4CE177FB68D711A5D1116F037A00B676,159,res/collider/tx_boss_chixuhuixue.collider.gz,7dee8cedf42adfd074b510286ab718c6
4A1C99C36E0241F26A5E8E142C728127,468,res/collider/tx_boss_chongfeng.collider.gz,6944eeaa607d89512310daf7b6d7c2e1
A8211940D895396C80788FE8A375262B,398,res/collider/tx_boss_chongji.collider.gz,d8252f5529664da5e340e664d036c0b3
841FB3BD8D35A8FA50D9AF80F0E64E71,481,res/collider/tx_boss_chongtian.collider.gz,256cf9d7dd793335443cd56de2038745
47AAAAEB7E0DDEE0A4FF700C5B6BBFCB,593,res/collider/tx_boss_ciyuanpao.collider.gz,5fe6a6169bf6fe80613552a6c8704594
8847366A6E3DFB7F392726D9C1C7EC26,1033,res/collider/tx_boss_dachuigoutourenpugong.collider.gz,05926c1b7f9d7dcb5108b111052d8ef8
9B11A1861FFD4CA1BD83BD8386862D11,465,res/collider/tx_boss_dachuilong_daoguang.collider.gz,c7480d65a4d0fccf7672748cb4c88e7a
4779967466B654813426E541C29E300B,170,res/collider/tx_boss_dadunlong_addbuff.collider.gz,562ea6f60aef47bcdc8606289439ee2e
9C898434B953FC1833DC57B6313FF78E,324,res/collider/tx_boss_diyanxukong_huixue.collider.gz,70662aba746aba0013856ff34885f8ee
C34F769FEBF627EB0D957268FC65D256,169,res/collider/tx_boss_duizhang_chngjibo.collider.gz,87b8879d067c4a094b096e00adb9e464
C54306BC366D58064E6782A35444492D,265,res/collider/tx_boss_duizhang_jiuzhendi.collider.gz,a4c7d3d4b8731f99a2c8d335cecbca36
91C26FF61CA94AE7BA069088FE5595CD,250,res/collider/tx_boss_duizhang_zhendi.collider.gz,1082616c47c3180d186edfab237dc878
E5CBDFDE49B17043ACCCACE298D7FC2A,459,res/collider/tx_boss_dundaolong_baohu.collider.gz,bfef9d0e63e051ee8f3887fd5dad4d9f
ADD9121DD3EFF8B7D39F301E614682F8,239,res/collider/tx_boss_dundaolong_chaojie.collider.gz,ceb4b5619f7b6a9d32241a335af4c430
718FFCD9393FC48A1CD32286C8501AD5,395,res/collider/tx_boss_dundigoutouren.collider.gz,49b3a42a158b789e935d261eaf99b536
B7F9B68FB427F3126DA004FEF1FE3959,203,res/collider/tx_boss_duyanxukong_ditupao.collider.gz,631952feb13e6a5a81c524e079174ac8
5D1FCBBF2DB9F6C081A15BFD8DECADB6,239,res/collider/tx_boss_gongjianlong_jianguang.collider.gz,ce4190082f0deb8271e1c2557693cb8a
A67F9274A3A9DC70DF7109E20D416303,236,res/collider/tx_boss_goutoubang.collider.gz,142d7b88d6226fca1c82a1244b43f0cf
068003DCC67E9FA7C68AD0C57F5707C0,1075,res/collider/tx_boss_guangqiu.collider.gz,31ef861017feec198ea4885366692513
DDE9F643C7D2158908125076EB758864,389,res/collider/tx_boss_guangyigou_chongfeng.collider.gz,5b7c835a9f8bf48486577e73d18b083a
0121E0A8F8051558E8C99C88A0FC64CC,809,res/collider/tx_boss_guangyigou_hebao.collider.gz,6028c1685a2d6b1c3f2437ac6894a000
BDEFF649044CD0543EC21EC09619C67A,169,res/collider/tx_boss_guangyigou_pugong.collider.gz,e01856467874d7c2083fd4f0c525f35d
2E6B89EFAA722D1C4710A6E115D9703A,1945,res/collider/tx_boss_heianzhiqiu.collider.gz,f58d63d5fd8c7ebce0580c806792c5bb
A8DCB70B860360800374A1CC1FF98AE6,159,res/collider/tx_boss_hongfujumo_jianqi.collider.gz,3910a9c7a3497be33ea45f40fdd3aa47
F8E46AB3CDBA51ECEFCB4D8E77EA875F,587,res/collider/tx_boss_huoyandimian.collider.gz,2f6f86de0c84c2719e76c8033da4f208
1CAA61A37B935B4DE4EE90257F15D254,420,res/collider/tx_boss_jiguang.collider.gz,bb994c3d0318f2bde907bb924178354c
8BB4F2F2B8F22293DDE4E6DC5765FA62,352,res/collider/tx_boss_jinzhangou_erlianzhua.collider.gz,587e7ccd97bc5ebd86e669a5eb40ac32
6C64E42C0D870CA449B7D23ED3F9C9F0,366,res/collider/tx_boss_jinzhangou_siyaodaohuang.collider.gz,9a5c45b8a4fb87ecaf3803bbf57267af
FF92EBBA4EC0C4D0E4D9EC2339073251,313,res/collider/tx_boss_jujishouduizhangxianjing.collider.gz,3d9e1fe1e74f9c538090981c34051aa8
D41FE246E84247C5431CB0369958FDDE,215,res/collider/tx_boss_jumoguanghuan.collider.gz,4e13f0dfb4c0096dd3861e38e508696f
5D255D1ED0AA1653E2BD3768A7AFD7AB,716,res/collider/tx_boss_kongbai.collider.gz,903684f910481ef6392d36d52d20239a
5F61E5670385BDB224EC408359EE946C,2275,res/collider/tx_boss_kuangshi_zibao.collider.gz,278e4ef355df12315df86e31542c5523
891AB868804D5EBAC05D7259DDAB9BD7,282,res/collider/tx_boss_kuloufashian.collider.gz,d41aef4ddf4d726a6d3022c1119605e9
68DBD0BFD96239D7FFEA305D55D616A3,490,res/collider/tx_boss_leidianbbq.collider.gz,5ae1a70a1c51bda188228b07fc2707c2
3073AB8412D82D7B8A274542CD36C1E3,430,res/collider/tx_boss_leiguang.collider.gz,a053fdc3ea1a699a44726eb5b8879151
D9F4B71EFE532D4CF33BC8D40C310A45,435,res/collider/tx_boss_leiguangfan.collider.gz,ff470408abb20a25a2a4451ffbdcddbf
A139637381A0DE9B743382EEF34780EF,178,res/collider/tx_boss_liandaolong_longjuanfeng.collider.gz,d8492975b4d9edc125b573818ed81255
F45A4BAC2CDAA8F53C9776F8D7AC38AD,347,res/collider/tx_boss_liandaolong_xuanfeng.collider.gz,8285954803feb7b3a20ca4c02c0dab8e
D507C131E4EF0C46EE6F01B3043A57C0,517,res/collider/tx_boss_longdajian_baozha.collider.gz,5caf68ea3dbcdc4af1effb63f72adaaf
C09FA63E43FE7F303590046F46434B2B,510,res/collider/tx_boss_longdajian_daoguang.collider.gz,87036e6e94dde7f88fe2a8039eb02b7a
6D068228DDF75F941A1F0F2842F8CDD6,458,res/collider/tx_boss_longdajian_huozhu.collider.gz,17429f0c2a923041f6a3b2de1f236c41
8413D5B0A50CB5B1B324ED939FAFD6C0,412,res/collider/tx_boss_longshuangjian_daoguang.collider.gz,315a658db799f180912f550cbd2f1da9
BED45102D00C33DDD80A33FC5A1E0D82,163,res/collider/tx_boss_longshuangjian_jianqi.collider.gz,8bff788110b52402b1ba6018eedab61e
951D6F3AA9815A1C376270DBB095C737,127,res/collider/tx_boss_lvdunjumo.collider.gz,d1aabe7fcd9f839ce9b2d1b5cbe5d580
BA48410DEC8DE2BF30780B728396A16C,352,res/collider/tx_boss_miyeshasaoshe.collider.gz,54df28c08fb139e05ffb7bae1411857b
4CFB36629A29E7D2795FF5616F637088,389,res/collider/tx_boss_miyeshayanwu.collider.gz,17300e7673939a7eea742150868ec8d6
8834164F82D55E2E2D65DC43CD7067D5,415,res/collider/tx_boss_nengliang.collider.gz,8bf52bdf574ae28ed99879675b81fea1
C7EFF932CB1D4771979FFC50498D3A4A,317,res/collider/tx_boss_niudanji_niudan.collider.gz,03fb0e3b5ceac0f2f7d195882136958f
7D445A84A824C762B104FDEA8DE8758E,364,res/collider/tx_boss_penfa.collider.gz,3a70f56ec789c5b121f59c864c63dc90
EA197FF5DBEDDD895574D23A5FB04B03,1770,res/collider/tx_boss_rongyanlong.collider.gz,a831e878d0de4ab5ded2474a2423f721
ED323EA634065ACA7B073C797540D768,966,res/collider/tx_boss_shabidaoguang.collider.gz,b18ca83eb2920c34dbc93dc1c153f78e
79A1E1760B923A2A26201745F9E6484A,788,res/collider/tx_boss_shenyulong_ciji.collider.gz,f51dafef066cbcd6a6a030c70d1f263f
69F80F0BD2C00D1140769DE057ECB9BE,528,res/collider/tx_boss_shixianzhadanbaozhao.collider.gz,b29efaf2714fbdb90d80a15c77ff50a2
FFDEBB306A9D8C0CAEE3936E30C61D39,213,res/collider/tx_boss_shuangzhualong_daoguang.collider.gz,16eef63e21984be2bd7825deb51d9cd1
6B69C0F58C53C8BEFB4D79C2952E7EB9,468,res/collider/tx_boss_shuijing_jifei.collider.gz,2e67b538c2fdbd03181ee6afd43ff98e
2968435F29DEA0D6A9D58CC957D5358C,346,res/collider/tx_boss_simenfeng_fengren.collider.gz,2ab4c5b7b03d5bb6cf4dd1d6014e0dcd
27046DE7B3B33ACF92CDFC9755BB6CC5,273,res/collider/tx_boss_tongyongxuli.collider.gz,bfcf6f71bea2f877736d8eeb7425ab59
D77AD632F6FEDD9FD8E51104347A67A0,822,res/collider/tx_boss_yeshenjiexian02.collider.gz,8f73e35517f5079f7f9f102e74e88211
82A08D7C340CE5D787005E3F7789494F,162,res/collider/tx_boss_yeshenzhongjixingtai.collider.gz,255ab3bfd1d2b5944313eef23ae8cf70
1E8AEB2B250CC27616873E3BEB601B06,525,res/collider/tx_boss_yinglie_luolei.collider.gz,354988e5cb7d6ed0bdc8d7194d12882b
DA0B2A8511A629B3A90513531710447E,518,res/collider/tx_boss_yuanchenggou_fengren.collider.gz,bccf933dbe123abdc519d3892ec46af6
9C341E3B473E70E3E08D5EDFDBC9A2EF,116,res/collider/tx_boss_yuanchenggou_huoqiu.collider.gz,af213ef7367e13d9ad6d7c6a0eb6a90e
4138293991B95AB58FB8DF59D25AC785,423,res/collider/tx_boss_yulei.collider.gz,f0bfe8b9a3c8a4743abad7232ad879eb
A88D86B9120FCC89F5A05DBA1C6435AE,332,res/collider/tx_boss_zaochuanlian_yunshiheidong.collider.gz,e18c40b6e8437ee1283a9492ff9163b0
8833A848763C4C03F5AC43F09B8A33E4,408,res/collider/tx_boss_zhangyu_quanpingmiaosha.collider.gz,9f5bba72d6c0976fc54ae92e1c03b0ce
8EA5F728200D5046D1B84BB45B237DC5,397,res/collider/tx_boss_zhangyu_weixingbaozha.collider.gz,6716543e8ef4ca38b02cd03da1559da1
DDE4FCA38DDC56A3C9E907EBA6ED584A,431,res/collider/tx_boss_zhangyu_weixingxialuo.collider.gz,1baabd7816b3d9a6be7da3b2425db955
FC89EC8A4FDAF8EEE0420083E75BC75E,3082,res/collider/tx_boss_zuandilong.collider.gz,8918483105add20faf97164a8bbcd033
864C2A73D91F271DA08983725B108EC4,814,res/collider/tx_boss_zuandilongshixianzhadan.collider.gz,82a5acd8da7dad09d7466bc251e1d8b4
147552A0A799ECFE3EDF13471826081D,163,res/collider/tx_buff_boss_dadunlong_zhaohuan.collider.gz,e3f64eacf64b56f3ace168bedb4f0ef8
B8672BAD55D941E93E655913021A0045,2364,res/collider/tx_buff_canglangdichen.collider.gz,5f199216555cb5a924d2685c1ab7aa43
9EA0067766EAF855F513EECB4CC6F83C,281,res/collider/tx_buff_dalanping.collider.gz,d3deb120b0678f6c719ad0e1d0b22110
4544E0AE96E1D03D97E98C00410AC17F,308,res/collider/tx_buff_dalanping_newbird.collider.gz,8727101ae0333236044728bb07745eb8
613CEC8122AD4C0695336740D7986185,218,res/collider/tx_buff_daojuxiaoshi.collider.gz,40005ff03b568bbc2087d2b9a79ceb21
A52D6540DBCCFCFE7176C829BF2B9CAC,305,res/collider/tx_buff_daxueping.collider.gz,f2da36880401c686b7059a8d83c385f9
468BEF2861D653354F43B35F9BFB5249,283,res/collider/tx_buff_dianbo.collider.gz,257ba814168828f1fc4ecbf65676d0e3
0487693ADED7702628B8BB0DC3D910B3,232,res/collider/tx_buff_huoliquankai.collider.gz,fb1ab593751725f051ef86b7007f3285
170C07E61550E4EEFF824232F0C2162C,278,res/collider/tx_buff_lanping.collider.gz,ca745ddb303e866f9ebc7ae84195669d
828FEB92DDFD9C779957B37C0869FB3C,232,res/collider/tx_buff_luoxuanjifei.collider.gz,e0323f4251a529cecce3fb31c999e8eb
95A11F3D527EF3DBA630182E31696257,474,res/collider/tx_buff_motuo.collider.gz,04a5befd3f7cbae905583305e9041393
778CDF1AB1600195DD276A9C5D2AAC79,251,res/collider/tx_buff_mozhi.collider.gz,94f791adc650104d0c124aad9a109933
31E234F9CAB6ABB9FD34D897BA043C51,232,res/collider/tx_buff_quanpinghongzha.collider.gz,33ce3db3b0a8635a5b80802d63eff854
CCDB2C054C254C5C068E86090DD54E33,490,res/collider/tx_buff_shianaiqi.collider.gz,8235f50e64aa16f487d69a04ccb563d8
868D3ABC447B68F47F2D10C2B57DA977,370,res/collider/tx_buff_wudiguanghuan.collider.gz,c55f98bffb90bb2bf3fed1ceb903d906
0FFD20E65C43797CCFC3C1C77A8D6649,235,res/collider/tx_buff_wuqicuidu.collider.gz,4466c64e05c0381673e163bf1abf1972
AE262164EC77F5CF4B1F9A3B37B0B928,309,res/collider/tx_buff_xueping.collider.gz,b47faef0866c50257461eb3be202558d
737AEB6928783A07D1FF4AEEB46669BD,235,res/collider/tx_buff_zhaohuanjiaren.collider.gz,33e1e2dc06ca7350e14abb440b89f6df
1D7F1928D66E85A8D8CDD4881AA247FF,344,res/collider/tx_canquepin_pugong.collider.gz,713e1507dd80e1820dfe67c4108803f0
82F9D08F688BF7967647C6A66BDCCEAB,862,res/collider/tx_changjingtexiao_yaoshimen.collider.gz,f3e9d3f4fee959c60eead30d36bec482
D362A238B4CDEEF1D57140D7F36E43B0,527,res/collider/tx_changqiang_chadi.collider.gz,eae192ee5c1d95eb9396ef7564ba7232
7279CF62751CAD0BD5D35D0A578571DF,1080,res/collider/tx_changqiang_texiao.collider.gz,2485d558b67090ff6e97364173ac24a6
8F2E86DC26DBCF24D9B39481534FD360,335,res/collider/tx_chognwu_shishi01.collider.gz,28d9139f9b558ab510f60403479e724d
7BEAB9A4FF05685AD3A1997D3CECCCB2,172,res/collider/tx_chongwunengli_ganghu.collider.gz,c3a965a282a55431e8543f4a58e6ca37
2C35E12E6854EE0EF8AD19003B478CDE,3929,res/collider/tx_chongwunengli_heidong.collider.gz,8a406706608f784968352b3e087931ba
1F7ED24F1FECB7E64B47F94CCC637601,114,res/collider/tx_chongwunengli_zhiyu.collider.gz,89af49217153321ed70ee8c917e467f9
A2FCE63B95F9107FAB19461A925BD15F,405,res/collider/tx_chongwu_gongheng.collider.gz,ac8645a92dd94dcec548b46e16eea2b3
4A912BF44566D04F9D884FE201DCD6CD,154,res/collider/tx_chongwu_huanhuzhenji_hong.collider.gz,7c223610054d09348434d9abe28e91b7
86818F865BE78651A709AD6650E67C5B,154,res/collider/tx_chongwu_huanhuzhenji_huang.collider.gz,157dfc0f0decb94f8605d45b2414309a
4C2FCA08CB8A77734930E0B2A89E84E3,146,res/collider/tx_chongwu_huanhuzhenji_lv.collider.gz,fa475e7c043fa3658328ec133de05bc4
CECBB787735AE4404AF63F52FF96D005,1008,res/collider/tx_chongwu_monvshandian.collider.gz,da712f04de32af14641142bcb7221683
AE2F003964606ED8F4B2B56D109644A6,482,res/collider/tx_chongwu_tianshijiahu.collider.gz,428b02ccd249ffe5f9b3c367028b1439
9A292664B1C598412A8957DC16692859,613,res/collider/tx_chongwu_zhansha.collider.gz,61936aee5c95de7df0edfad72714b257
94A309838FD54F1CD57C97D432E245C2,275,res/collider/tx_chuansongmentishi.collider.gz,4fb0de027a1663dd89c2074fcbb9ea8b
52471E9684C411801D288518FDFEF604,4548,res/collider/tx_chushou.collider.gz,958e24e08669dd55812265c3208e80cf
B028180AC1BB17DDB5EFDB7166F6E922,826,res/collider/tx_chushou_bing_daoguang.collider.gz,181640ff7c5e515cee8bf456222a1cde
BD2102F8158BCE7012A91D2E602F4BEF,708,res/collider/tx_chushou_huo_daoguang.collider.gz,a402266df68f50974fa8a4c9590e5a1c
D03500C14A38944B1F79CD6D9AF8E571,580,res/collider/tx_ciyuanzhimen.collider.gz,24bcd092ae495881f2e79a516269b370
747703ABA8D74CF1258312B9B58D5A59,218,res/collider/tx_daoke_juhezhantishi.collider.gz,505bcbb979778df11c7879a8d3d8b90d
3757C8637B3BBF5FDF859470AD26A2E3,2085,res/collider/tx_dimianyujing_chang.collider.gz,2cd64e893e399911f26bad7b84e258ca
2833971FD1BCAC700CD2809B02559435,580,res/collider/tx_diren_daodan.collider.gz,df208d3416a43bafec23cefb2b548f47
0B066789E2912003A4BD4656FE7BC341,391,res/collider/tx_dundigoutouren.collider.gz,61ccbe3b32eed118bfee25f1c079e118
CE7653E841D020392F058F7DA1833EA8,549,res/collider/tx_duyanxukong_dimianpenshe.collider.gz,e15dd7f2f61dd23839900cd3562e0341
B248B7FFB7BA29E544BD0C6EFE10731C,377,res/collider/tx_duyanxukong_guihuo.collider.gz,05485a8c7de5a1566d33ece710f0a1b3
A2712B3FB007281A28C1796ED9F87537,749,res/collider/tx_duyanxukong_heidong.collider.gz,dca6dcf2b1baffdd806d7e17ef83be8a
477CE1F99DC480A300F1FA504D1EADAF,158,res/collider/tx_duyanxukong_xuli.collider.gz,2fbc77d43df675eb9893a01d72fa9514
28873A483C3BF3F8A971E3A80B8D707A,175,res/collider/tx_feilong_bianshenyanwu.collider.gz,c70d7ae6cf0086e1e26a6d27095a1673
20FAEB52ED05B806D95D628630664B1F,291,res/collider/tx_feilong_dimianhenji.collider.gz,1ab6a5f6ddcbf2f1e4b223c8161b6717
6734AF21E0602CFC4F5FC56A83A891A5,489,res/collider/tx_feilong_dimianpenhuo.collider.gz,e5e58fe11bd9091bdcc46687cbeefcdb
A441462259F48BBCCB1C9CF57B58C975,733,res/collider/tx_feilong_gaokonghuoqiu.collider.gz,698559c3ab612bfdce2bddfe242df4fe
E9E4DCC175DC817A4E94213D0C849C29,875,res/collider/tx_feilong_gaokongxiazabaozha.collider.gz,ed26afb2a6c563199fdca84aeb7afee3
6FFFCF4C4903B1F1AE6734A06F627429,660,res/collider/tx_feilong_gaokongxiaza_qifei.collider.gz,fba8f0abab84d4ead1f31689d9cdd354
F9CF192EAC35F0B1FFFB736D24B000A0,496,res/collider/tx_feilong_houdifeipenhuo.collider.gz,b9368084b735b34339e8931b57376964
F38B513C99367F6A3B964C0243DB3694,327,res/collider/tx_feilong_jiaoxiahuoyan.collider.gz,e0c3740a2623f45784c31fec5fdb7d02
032968D063F3BC21617752970A2D99D1,535,res/collider/tx_feilong_yanwu.collider.gz,111e3818a1cef39804d23bde81d8921a
CC7DF3B02EB0BA22732076244E43FE69,3003,res/collider/tx_feilong_yuandongzuo.collider.gz,ce69b277c68c85e54620ed1321d48fb0
F08964A2833187677637472AE1CA075C,306,res/collider/tx_fuyoupaozidan.collider.gz,0d895ad8eae658efe6b438a151ddfee0
D86CB788C34ED96C8BB95A6BDB85B3C0,286,res/collider/tx_gongjitishikuang.collider.gz,6b01dc83eaf0651da8e8973c7cf0f89b
53438E68852B8B4FBBB0812BF149934B,233,res/collider/tx_gongjitishikuang_asilanqishensheji.collider.gz,b6afd41989be0c549f702a78a0992905
A5AFF73ECFC54532545C701BF36DC841,260,res/collider/tx_gongjitishikuang_asilan_fanshensheji.collider.gz,c8bc29a3ab54cf8e0007d7fc2c4be68d
9393C87313E1B51D4B24D4164C3AF5C0,236,res/collider/tx_gongjitishikuang_daoke_yatu.collider.gz,a24fa50b6b37e0d755e0b28a85d9f202
744E535E2FF6992EC394613E34BF5FDE,238,res/collider/tx_gongjitishikuang_duizhangkongbai.collider.gz,5c0ce805e5a3b083c824b36b4cb03e31
93FDAB82BB3EEDF2F9F07811E4FC1F0B,239,res/collider/tx_gongjitishikuang_dundaolong_cj.collider.gz,0bb1f7590e5d9607dd4d8ea1bae5b5d8
5D73E53420486827A542F7BD3320F833,232,res/collider/tx_gongjitishikuang_dundaolong_cjz.collider.gz,37325a107f3d372986b1b94c9144601e
E7E57D42193466553DD74BBDC9E799D4,234,res/collider/tx_gongjitishikuang_dundaolong_qs.collider.gz,c66c52380045a351db66ca61aa66e928
5CC1C09ACBBF9B01AB617651FB717801,218,res/collider/tx_gongjitishikuang_yeyuan.collider.gz,a44c116fc5db96c186ed136a738ac7b9
C949617DB0824B2C7D989B8E0F00F980,230,res/collider/tx_gongjitishikuang_yinglie_yingfenshen.collider.gz,12d1a3c46bdfbb6fb305f7d324e6518e
D05DE20EDD47A7E627096309F63E086F,252,res/collider/tx_gongjitishikuang_zaochuanlian_dajitui.collider.gz,ad997f8ebb87a779a213241a9f587b1d
5EF244BF5D0A30413CC4F9004292AC80,557,res/collider/tx_gongyong_baoqi.collider.gz,fdcc5804610ad54811831b8190cbda00
7BA0196DDA413C21E4CB7EA81F02FF3A,171,res/collider/tx_gongyong_baoqibeijing.collider.gz,fc5fb6eb96622e724f71737d8f3a9040
35A42F7EB24BEB272797FB7D5DA19675,172,res/collider/tx_gongyong_baoqibeijing_zi.collider.gz,3bec15df808ca1dd4ce32c0344ef6108
A09C91AE79ED53542548D2C954EC3B79,137,res/collider/tx_gongyong_bossxuli.collider.gz,4ee701012f2f07a93e06bb2e42ed29d0
44F46548467573644BC996F13ED8A950,116,res/collider/tx_gongyong_gongjitishi.collider.gz,50448e1954696fc0c56d9caefdb1123a
2A18B3EABE643D2212F37DC13E116E94,153,res/collider/tx_gongyong_jinenglengque.collider.gz,1da24eff247ed0b7a24f932cc6b5189b
EFB9A4C63404F5C5BC374381BF09BCC4,114,res/collider/tx_gongyong_siwang.collider.gz,22bd301b65d8ee9cf27f8e09f6042e4c
ADA0291D4F6598B4BD128E459099861B,346,res/collider/tx_gongyong_ziseduwu_zhangyu.collider.gz,ed249490f0d775a351a5b0eb32f8757d
9D295D16B1DBA92BABFF2EA313C08BD8,235,res/collider/tx_goods_fuyoupao.collider.gz,834549bf5a4c2eb71babacbbb9c6323c
160D070118CCD91D5B4BAB07D050C7C2,241,res/collider/tx_goods_luoxuanchongfeng.collider.gz,2da6c61630624954c4d44ca45592aa40
720018FE4D7D8C75A99D3126515F6A0F,3028,res/collider/tx_guai_bingjingyu.collider.gz,a82408ab891770df56b3e36d8d9ecb95
A25F2875D2DB184E4745E3073F522697,765,res/collider/tx_guai_dundaoerlian.collider.gz,472d4635e84e28d136bbcdb0ad700393
7399B0D8E5540B0AFF4577BE71C562C1,192,res/collider/tx_guai_gongbing.collider.gz,cc671bf9b1a6ab83b5621a741fef2cfa
6DA6B6451F9D5C71CA0487426DBAC79A,539,res/collider/tx_guai_goutourenchuizi.collider.gz,eb75d61a9a4c952525ab753c9487a8fc
1F9CA7974950CE7C64D328AB23509D05,656,res/collider/tx_guai_goutourensanmiaotexiao.collider.gz,0b34372b68e1bbd594f0ba0f160eeeff
1F89A857872D0158711AB1302325E416,415,res/collider/tx_guai_goutourenshoulei.collider.gz,9bb779326c3ca9237695eaa177fecf14
B8B3DE216BAF3C419728AFE6F4E3C4CA,162,res/collider/tx_guai_goutourenzhaohuan.collider.gz,52f3961ab7bd8508761cc8080412d2c4
76ED05FA42FE4E88649843A235FF5056,419,res/collider/tx_guai_goutourenzhiyuan.collider.gz,dc09e807c7aa6e53b37f25f0f2559f41
B74BCCCB6D0FA2CEA01498770A4EA1F3,137,res/collider/tx_guai_goutoushouji.collider.gz,e73ea48578a97236312ffd5e91d73205
25E216D5E74099AAD3D5C462A2A97DAD,301,res/collider/tx_guai_guyongbingshoulei.collider.gz,c2dce72f432796c67889cea09fb4812b
64135B68E8807C765A6C0778C9F6724A,505,res/collider/tx_guai_guyongjunhuojian.collider.gz,71ffa74605646291b36d69cea65481ec
26A0AF11BF88D636EC7E4BB6D600562C,249,res/collider/tx_guai_hengsaodaoguang.collider.gz,864938e85d1a01e58b7e00250d1ca295
EBD946F78BCEBE09D89E9167D93DDF26,566,res/collider/tx_guai_jixiehuashibingsandan.collider.gz,0eb0a1b2652a0180ef5123ce33f840f7
D4F460976E27997B041AF2E6E2724D23,654,res/collider/tx_guai_jixieshibingquanji.collider.gz,1ed4ae10914724e14de138ce346b63ba
461B0D9E4AAD507127C3839110BCE9A8,688,res/collider/tx_guai_jumochaqi.collider.gz,b3f0cd02c68d72a1ac93d152695a5b7e
354F1E855A01ADA95BB368E278F72268,814,res/collider/tx_guai_jumodoushichongzhuang.collider.gz,a4acd4eafbf5a5bc72b179bdd9eff9df
D58E7B0E2E491D54C37123A8EB01B5AF,352,res/collider/tx_guai_jumodoushiquanji.collider.gz,deeb879a1f7684b87d0dee5e880016f3
FFAF789A2383FCEBBB9F2B647ECF2DF8,170,res/collider/tx_guai_jumoduizhangjianqi.collider.gz,97ed3efd6fdcbca3b955d3e6a3902863
2B50904CEDF1CD686A892FD542ACA9BD,305,res/collider/tx_guai_jumoshouji.collider.gz,7af2a23b19d0ee1773495ff5575f9391
9CBA9BEA902E1926E9FBE91461301C03,1194,res/collider/tx_guai_jumotouzhi.collider.gz,16d9919bec4757a4e6cc8e45649a419a
F1960B83191064E64CA93B2F55E4CD8B,577,res/collider/tx_guai_jumozhanshi.collider.gz,1de6c25e359e17b1e108d333070d9583
C68831407FF50EFA641760F182201500,225,res/collider/tx_guai_xulichongzhuang.collider.gz,f4ac8843c90f7603e3d070101897e4fa
CE43A509C3B183D55E9A989735188B52,437,res/collider/tx_guimeitezhongbing.collider.gz,03889e9d8d794f84dbe486b8a1786414
45018BA79D357786E84A4FB596512385,181,res/collider/tx_gw_zhonglichang.collider.gz,ed1e00717bb072dd9aad766fb3884ca1
3B1592F417FB9C73A9DCB54FBF3C1DCE,227,res/collider/tx_hongjianqi.collider.gz,31328687690195d6dd1c309e36825dfb
4D09B1799EDC51FF8550D5901B20E3BC,1976,res/collider/tx_huoban04_heiyan.collider.gz,bfc57e15e6b635a72452c9869f11af40
4DF8CC7497650F5EBCEDB04E469312C1,4823,res/collider/tx_huoban05_ailin.collider.gz,0cfcda7bf9bbdc9dcce3d997e6e554d9
91E1C0B30897DDF771FD47AB8CE04B11,498,res/collider/tx_huoban05_ailingbaopo.collider.gz,bbe252c45f9446ed20a6a12d0672a8ef
22ACD947AF2619F85EF91A78282B8FFD,757,res/collider/tx_huoban05_ailinghuanying.collider.gz,5ccd90d07b4f8125c634bf9e4721584b
79E74039CC348D9614760E74A4D037C9,2703,res/collider/tx_huoban05_ailinrobot.collider.gz,401194140a118d8a493fd5a265bed0e5
0FDE206D676F88D8D2B44E1DDCB5A03D,273,res/collider/tx_huoban05_ailinrobot_bg.collider.gz,45f1fdefc99ec74adaaa9567bd2063cf
B1BFFE7F37AA683E4FFED9F544A1D09A,695,res/collider/tx_huoban05_ailin_bg.collider.gz,e050a9391874811b531774526c9d28f4
7AE493121B524D2F7FB56173F158377E,4515,res/collider/tx_huoban_01xueshi.collider.gz,42cd1d2fabbdbfb73f458ca641545544
FDB3A00908D523020724982CACE395B4,427,res/collider/tx_huojianfengzi_fenliedan.collider.gz,b91646d512fd3a49421e4eaaa609e69d
A17289B77C03F84DEF4469A50D8637A1,420,res/collider/tx_huojianfengzi_huijijitui.collider.gz,8fae49ed340c2a71ff68fcb40a9e5d82
AC80311464AF618B35267986EEEDD4AF,233,res/collider/tx_huojianfengzi_xulichongzhuang.collider.gz,81946f25d510030e376949888d6936ed
450E2292E2A44A05FAE6FD68A8CB6D5D,424,res/collider/tx_huojianfengzi_zhixiandaodan.collider.gz,187cfbe0ace54ad9e3547f1fa764215c
36F8E7ACBDAFCC58DEEFA3845480CCD4,752,res/collider/tx_huoyanchongji.collider.gz,fe9c45fb359e24b4af7ab5a5802f3d80
1062C67396FB61E717BFD5C4A4C8429A,845,res/collider/tx_jiabali_aoyi.collider.gz,3617323876cc7b3ff89a960159380b6f
17E49FB48D14D0C8F2B011A4EDB3BE71,239,res/collider/tx_jiaodiguangxiao.collider.gz,e19607769e99071155295cc312ca0f39
A701B4637EE51ADB4E3EA53710B936E4,298,res/collider/tx_jidaoke_shangtiao.collider.gz,3155b97451899c619cba1ae32d27a5da
239C6793D134B5333A67D306C001CB44,707,res/collider/tx_jidaoke_zadi.collider.gz,a181f28e41a084e8658366c22ef0d29b
A08F4E63DA2A0D548C7F4B61C94ECA52,336,res/collider/tx_jidaoke_zhenya.collider.gz,8dffcbdf40e4913544fe9fe472a3b080
57DEF48289967E7DBE8F4A8D1FCFD5F7,922,res/collider/tx_jujibing.collider.gz,f79e7abd8e0cfd7bc178f0d270458d7b
EA4C641F8EDA4EC5CA85F385BEC6C6A5,642,res/collider/tx_jumodun.collider.gz,061d135ae03249627e11024ecc2efe06
ECB2F711ADB4C124BAB71B91E6CB685D,218,res/collider/tx_jumo_chongcitishi.collider.gz,af18aaa1bd12db094b611088a73a130b
2400547F55E3D729519AC423F0128C75,207,res/collider/tx_kbbuff_luoxuanjifei.collider.gz,273823c0104dbc836636d1652492675c
8019BCA6377F80286F18666D12E2767C,356,res/collider/tx_leidianqiang.collider.gz,2b3db935a681f1de777715eb14d3563c
4BED3CAE5462892B6510D7DB3C977A6F,476,res/collider/tx_leishou_erlianji.collider.gz,1323f2dad46c0490f5477b3c3413b847
ACDEC579AFD06A8F357D135C3C7A52AC,510,res/collider/tx_leishou_quanpingdaji.collider.gz,b29f5625c06b103eb7b0b5e1b658dba7
9B821030C4BF78A8690759AFE9363B8F,950,res/collider/tx_lilimu_anheipugong.collider.gz,69197ac8a92f854d66302506f92d9244
2175E0D8075FAD681AF6D98E537CBBD7,845,res/collider/tx_lilimu_baoqipugong.collider.gz,e71efcff01168f77742b6b17c76afd1b
8793437F39676E1ED711CE1C690A3B97,884,res/collider/tx_lilimu_elingchanrao.collider.gz,cdc97573154168ce9e2fda0c57d48302
548569DAAC0A671B3F5E8308657506E1,787,res/collider/tx_lilimu_fengyin.collider.gz,8fb42b0972ec0482d827894359d4b4dc
2D0FE8B2975F45C09F8A782FE9C3E747,400,res/collider/tx_lilimu_genzongheilei.collider.gz,0892b555262f7e68f0d16215a28f1210
81B828EC6B400974103E5415FE6F9DB9,263,res/collider/tx_lilimu_guangzhifuchou.collider.gz,c3e04e9d3241dcbe9e785aa57c510512
61685D91BDD5FDDA2BF47531CC4A15C8,256,res/collider/tx_lilimu_guangzhileiyun.collider.gz,b056c1b1b13a644646c2d435642d4512
3EC599CC81DB3C97605850A093ED6EA8,736,res/collider/tx_lilimu_guangzishexian_heimoshexian.collider.gz,14e5956e98cbe4a9fccb3cdbf17da3ef
948AF70FCC8BE531832728A63DB8E0F8,940,res/collider/tx_lilimu_guishou.collider.gz,1cd1b16ba214503ff472855424a9b6a5
2D69DE727C90E688702708182782D508,622,res/collider/tx_lilimu_heianpenquan.collider.gz,2401d5afc3b03e2947eff5604bbdcea0
3F575C45E8BC13737EE809EB53A170DF,564,res/collider/tx_lilimu_hongtianzha.collider.gz,99582c804867eea0ba5a73b094466c40
6F108D887E8B2B96A53AD72FFB43C274,1053,res/collider/tx_lilimu_huimieleiqiu.collider.gz,707e2032c6d5449bc92bc5e5624e0538
1019D1496DE06B5227AB5BAD603CF78C,712,res/collider/tx_lilimu_hundunnengliang.collider.gz,0dd2bdd6de0805c43aa66ff83589d250
A98298EDE85D3B5B881D2DE26D730D83,1150,res/collider/tx_lilimu_leidianguangqiu.collider.gz,5a02a2416390da717f8bc8cc3b1d5f15
028491E650549C82F891FAB755891937,1343,res/collider/tx_lilimu_liangziheiqiu.collider.gz,3f6869fd3fd555b78c4e1c326af1a42e
9535DA793D742A15D881CAE9DC0989AC,1103,res/collider/tx_lilimu_liangziqiu.collider.gz,8a0d321c32f347f037c0b4b3bad43c30
5ED923F0F315283DFC1DF392E871C87C,1053,res/collider/tx_lilimu_linghunjingshi.collider.gz,6d701889160196f1ca55a7589e7a8031
661409289650CA08B24EE6483E4FF1E6,919,res/collider/tx_lilimu_liudanhongzha.collider.gz,d40a42c0d06b43460060e18a4cb1f015
A2C21E227C8E459985223BFD39137EF6,824,res/collider/tx_lilimu_luoleichongji.collider.gz,94e520942cfa457ec1be0f768f47f5e4
753F9591453B13F747B87373AB2ADFE7,609,res/collider/tx_lilimu_luoleihongzha.collider.gz,b237cce0bfdcb3fbf8fb2f902a170ead
524AB11DB7BFDC8E1532F61B9907C49A,670,res/collider/tx_lilimu_luoleilingyu.collider.gz,2dd7d852aa5b4883a81e563a0dbea654
BC8151041273972D7F877334E2EB4C5C,604,res/collider/tx_lilimu_nianlijiejie.collider.gz,377a72a90c0b613d345bfae9fd76b9b6
126D90F81F11A229448645693C621895,701,res/collider/tx_lilimu_pugong.collider.gz,0b464c37d671be814480fec8aa5f2214
15DEF15B6A87C2EBD9C81C6E283B23B5,436,res/collider/tx_lilimu_qianchonggongji.collider.gz,0de91a45e260b7a14cd946c86d0321b1
2992D8555B9C24F3D2F757AE75BE9718,157,res/collider/tx_lilimu_shanbi.collider.gz,dc4803f3d8300fe80d31a0cba38d0270
6EF9893ECC557F1810AA6E7F3C46EF76,627,res/collider/tx_lilimu_shouji.collider.gz,d12b2d457f866aa837ff951113784803
4276361F25F72DE5B6582C9691F6FA26,680,res/collider/tx_lilimu_shugongsheji.collider.gz,976f94461839454647d3ae6b4c4fa517
E2F3C29EB8FA1755F41FF713E160BCF0,676,res/collider/tx_lilimu_tianleizhiqiang.collider.gz,58388f271160209775521fca3e220ab9
4652390D5B1A70E67AD9A445910A18B7,1187,res/collider/tx_lilimu_tianqianzhichui.collider.gz,1df713ebd61f85dd9b406bd20e592c65
AFFEF70EB596C428F796FA55720D0588,679,res/collider/tx_lilimu_tishenqianyin.collider.gz,830e48c28b76f9d4b6d2893c0dd78aac
18C3396813E127FBCE15297BD98127B2,1028,res/collider/tx_lilimu_xukongdazui.collider.gz,ec99c086e94a2c0d0ff04a2c40be79e8
8636BA2A981571C84611F68917F0CE56,543,res/collider/tx_lilimu_xukongtishenqianyin.collider.gz,687aaef077d81fc64ea83055c01216ab
06DAD28F7C5E57AF1013A1708B059008,1852,res/collider/tx_lilimu_xukongzhaoze.collider.gz,83c2d074e04d87b0923496e155b54357
542A4014B254F3BFE5B8BB9192F747AD,1499,res/collider/tx_lilimu_yuanlibaodong.collider.gz,69e5ca00821f175ef3dbae2948c791f3
B2B555048693D076BB4C474543AD43A2,1063,res/collider/tx_ling_anshabu.collider.gz,0056d10f81d92e7450984308a63ca266
EF84123F69F873E312DD8638116EA057,1061,res/collider/tx_ling_baoqiwulianzhan.collider.gz,6764110b426f75c5b3a989fa701fc8a6
546894B158CE0C9BE57778D38960998A,358,res/collider/tx_ling_baoqiwulianzhanshouji.collider.gz,d7f9190e2ff1a4ffcacb2a38d97b02d8
994CAAD296EC30992BC339785580E462,465,res/collider/tx_ling_bishachangmao.collider.gz,48287987b55b78d67315e60a3922a860
EB31496B4918BF3AD63F3AEE4C1BD0A4,116,res/collider/tx_ling_bishatexiao.collider.gz,b9feaa2ab80038711b1de513671f55a7
2CF002144251033E376EF47F3C5C7A28,236,res/collider/tx_ling_chaoyuanyichuan.collider.gz,1409a3a02ed9ab8f5d4a38ecc847d199
FA092A7A7833B28181C166ECD1689BBF,388,res/collider/tx_ling_cuankongci.collider.gz,70592ef48d47a46417c18ed91fe8f005
4011A58052A901BFBEFD1439D6B4A88A,787,res/collider/tx_ling_datoumao.collider.gz,ed91465bf4b9e2b9e44bf7fc51bc6b49
FE6E6DAA3BABD4C7CB8C13DE3E74A9E2,512,res/collider/tx_ling_dianliuqiang.collider.gz,bcd310053ae83c4e0f66591cb70df683
10312BBBFB884CE441037C628C08F629,1171,res/collider/tx_ling_dici.collider.gz,e1dc26a62f577dc1c76c57f048083679
874688738B8B313A2E390486A1904EBD,529,res/collider/tx_ling_feidaoqishe.collider.gz,f6966660bcbf46fab430737e191e4fd1
BBCE76BBC6CEE3DB43008A093D3B9C20,362,res/collider/tx_ling_fenshentouzhi.collider.gz,32296b7344eb140a5fbe7dcb81389fa8
9E3A4224F36655635C90C54790F58330,1287,res/collider/tx_ling_huanraodaozhen.collider.gz,5b33f152e9e7e8dfd61f1088ecb08599
BEC3DB76FFACBED2A415AD011EEA8B96,640,res/collider/tx_ling_huiwuchuan.collider.gz,840b9a76d3dcef08e5baa677a0317393
53416F848B47CAA2AE37F93F8B2DD670,649,res/collider/tx_ling_huiwuchuanbaoqi.collider.gz,4502f1e664d9a1ca7be399a953c6200b
C30A40D9D0552989C137D8A93DE8E687,406,res/collider/tx_ling_jiancdguanghuan.collider.gz,b536e5031f533e45979a50d5fb331e64
F5D812782E66D8E58D07B28AB1A8599D,1107,res/collider/tx_ling_jumaozhuici.collider.gz,72dcf72d4755d55917b6f56c2ccd8c11
AC2A0019A41EC919F9F31851109B3359,792,res/collider/tx_ling_kongtachuansha.collider.gz,3b358efab8875d7371bff3a13e0ddb4c
31BE5CA338FFC64EC9DC6D34AD01275F,480,res/collider/tx_ling_luanci.collider.gz,b209f23db69ad089dbb5548190be970c
9BF15F7754E09BE9FF69DDCB50D9071F,469,res/collider/tx_ling_luancibaoqi.collider.gz,0c123080dee06a4636f6e789bfe85820
929A0A3D6D3A646770A2B9A3B186553B,829,res/collider/tx_ling_pugongwulianzhan.collider.gz,e9e79fdde1a573630d42e6eb5846e6a4
DA8FE27353B47F4D7452B54B82E7668D,207,res/collider/tx_ling_pugongwulianzhanshouji.collider.gz,6486d0c408e85849bab68a1bed3e1690
B49EEC38A04CFC0F1E31CF4327912D23,317,res/collider/tx_ling_qianchong.collider.gz,fa6a72ac7880c4cce32469b271b13e2a
6518991F4EAA9A7DB3C36FA02588121C,165,res/collider/tx_ling_sanchongyingwu.collider.gz,1668e10eddb3a3b0d6b143ac03dcdd43
AFC2F9700A20461F68BBC98A6E157E74,1618,res/collider/tx_ling_sanlianchong.collider.gz,7a70d429e9ef46f0db84e4446000f578
8F6672D2513F404B55F03D8FF6A1B6E6,419,res/collider/tx_ling_shenbingquan.collider.gz,b9fa3d0e7f28b699b06a71f6ee129874
4798D501E34F4157A0C9362A37A95507,343,res/collider/tx_ling_shenshengchangqiang.collider.gz,43f90332ce9e4db05ca1bece3200c59c
3EE2E652829FEBEE453FE88EC17687E7,130,res/collider/tx_ling_shunshan.collider.gz,493bd98ec1ebf5e4aab4a7227caea795
23755643F9CEDAE77813B9B224CCEA58,476,res/collider/tx_ling_sichongluoqiang.collider.gz,b3000274696548ee14ec06067234893f
A8A311107379F56A9AFEA84AC29CAADE,1473,res/collider/tx_ling_tianjiangshenbingzhen.collider.gz,5acf8c723a4d7b05b19dc1320d0fd453
A5D06EC517514BD3A739275A5D542A89,988,res/collider/tx_ling_tiaofeijiao.collider.gz,9356c1f12bb51da08746c7964691685f
4515A6745033869CB5099B8D40680770,252,res/collider/tx_ling_tiaofeijiaobaozha.collider.gz,a0178041bc9435419ed36fece28972a1
89642AF846F68D2A9C9523EB02A3E47C,661,res/collider/tx_ling_tiaofeijiaoyanwu.collider.gz,c2e735a1d85fc2d0a3ee1c51cd931b69
E61D319C8B1374D84F51563B354A1F5A,385,res/collider/tx_ling_tpjiansu.collider.gz,9f246874d219edbbb0d18ad5de7b4ffc
C19466E92FF0B73A810B9B87CD3CF8A8,902,res/collider/tx_ling_tuijinchilun.collider.gz,1520dc892672d3c023477c6c6f4d5042
EBCA4B15A613E936794D53E722B5A536,296,res/collider/tx_ling_yinglianjiaodaoguang.collider.gz,7abccf97292d08c390ffce04f92a554f
FA4E2294B64FE2788F08B117A80989C5,524,res/collider/tx_ling_yinglianjiaofeijiao.collider.gz,482efd70456364830aca7c6428d3011d
5B2451948E17591189B14D9DAAD8F10F,791,res/collider/tx_ling_yingwushunshashu.collider.gz,7e243b42c564f872fa33f955051c66a1
804BD035FD9B4824BE43C1C882092FF4,657,res/collider/tx_ling_yuanquanzhan.collider.gz,b9e52ec61df9eb7f7e3ba7261541e499
67BBD4EE0EADB74B9BC7A68FC3D00334,409,res/collider/tx_ling_zhuanzhishouji.collider.gz,5c987c15347bae1ae288eb771737c31d
B2D9246B151612459FC5296C6C6C471D,967,res/collider/tx_ling_zhuizongdici.collider.gz,7ea5d33d4ce8b2333feea44d2c153da0
69EBA51CA9BFB01C870D4403CEB6C95E,994,res/collider/tx_ling_zhuyingchuansuo.collider.gz,408c47bd719f33d704bf95ebdd3af441
F9D80FB1955E1E9FCAEA6A9E44380049,442,res/collider/tx_liseyu_duogongnengleiji1.collider.gz,973e610129ccd3e46fd75bb276ed2b3b
EC16E71743C15D5A5C183F65929B2E74,1965,res/collider/tx_liseyu_guanchuanmao.collider.gz,9153522bfc5a4c1b8532a5a6b663ad2d
EE8B3B3BF062C4D84B90A02B64B4AAEA,4088,res/collider/tx_liseyu_heianyuanhuan.collider.gz,dcc6674fc25989030e367c3352f1f37b
B3EBFDDE5EE66B7B01CF2BFC7FE39C5D,627,res/collider/tx_liseyu_heidong.collider.gz,5c31e6372dfd3efad1f2fac968042aef
DDD5BC424C978F92AC519348C52C7FA1,215,res/collider/tx_liseyu_jiguang.collider.gz,c5a980be378801f351ee70c5356853a0
6F5F074AB2F84283F65C3A34B7E04655,1850,res/collider/tx_liseyu_juheidong.collider.gz,8ca5a063b0d72917835d9fe8ad88c5e1
6B763B0A049BB1962F0BE8FC595FE9D4,830,res/collider/tx_liseyu_julei.collider.gz,035938473e04d89b3a229d1834df9e69
63E629032D8C0AA6616335A40CEDCEDE,325,res/collider/tx_liseyu_leidianhuzhao.collider.gz,b3a36fc5b2484995e289cd2ac3c1f8ac
97B4294EA666026C9518848798BB0227,463,res/collider/tx_liseyu_pingshechangmao.collider.gz,c1ef1329069732920789f324804e7586
00B7917CA881BEB418E3C66E23F074DA,519,res/collider/tx_liseyu_pugong.collider.gz,a3e2ddca2cf14884511bce084e073c50
34C4C34487EA95B36ECC8AAB6A8539DD,452,res/collider/tx_liseyu_shandian.collider.gz,d13fb37a4bbfd6d74b48fa2d0fc5b842
D792407944664C56EB60A19D6C76A1FC,134,res/collider/tx_liseyu_shanxian.collider.gz,ad78db5bcc1b307e0e2e512cdf21c3ec
B3361549D90FD8C8084F1BF1432F425A,1150,res/collider/tx_liseyu_shenpanzhilei.collider.gz,0d28e0ee019420b5d13b6de86fa1cb39
9D482173D0482EB79BAC1D9F7C432E77,713,res/collider/tx_liseyu_shuzhimao.collider.gz,f4e64ab27ba23ed99c892120147a10ac
1A32924FE1D8A489DE57B99697FB1EF4,171,res/collider/tx_lishihe_baoqi.collider.gz,ecc169033a5f56e9ff20fc2b0fc0afd2
2F2D8D627F9B09B9A7D6E4371A79048F,168,res/collider/tx_lishihe_baoqishouji.collider.gz,3437cb5a20d88124c94df55cafab8882
9D8035A4F8E4CDFD5A72AA6DACC63D57,1028,res/collider/tx_lishihe_baoqiwulian.collider.gz,8fbba4603ac063d5a64cd3a586d7dff7
F4D3B24313A142730C5B811B610A20E2,995,res/collider/tx_lishihe_baozha.collider.gz,68d4709e6f3120699b793fc44b38d4ec
D75B93FB99CD9E983650770F2F8B4EC0,1076,res/collider/tx_lishihe_bishabaolingjian.collider.gz,3afc4c9a1a50456d4e8464cdbe73fb89
229981EC7D2606645FF9D954DA649220,238,res/collider/tx_lishihe_bodong.collider.gz,ff2ae3a78ffc5aac98129b584b954a58
89DDE5237CDD9A2E1429678948E8AEC5,233,res/collider/tx_lishihe_cangyi.collider.gz,0a8f0bfec564fe6429da87aa3ab27dba
43DB70EFB498CCBBDEE4D590075ADB82,364,res/collider/tx_lishihe_chaobodong.collider.gz,2be8d2896f7ad796904f8fceeed49f23
07AA3C0EF54F946713B1C327173D3BD8,356,res/collider/tx_lishihe_chongzhuang.collider.gz,f061c7e8b512d4c1ed5c37e10dbc8493
937AF3389D553ACB6B63DD02A3107BCC,1253,res/collider/tx_lishihe_ciyuanqiege.collider.gz,6b7edeefe98894aa06eefcaf52786630
5FBDF83CDAA5EDE59F67B307E0552A34,425,res/collider/tx_lishihe_cuozhaobaozha.collider.gz,ae32d2ab6a180a9a6e9a7255aec7bd52
453C4ABA00B4D71296CD20AA128CFCA6,387,res/collider/tx_lishihe_dazibao.collider.gz,3c722058ba62f6802e4bfc3221060ca6
E9E215EF5C764395FAD3464AAEB2FDCE,163,res/collider/tx_lishihe_dibo.collider.gz,9fd5be04f277a41f383ed706d64d4f3a
FC871339291ECF9F19BB39AD75A91F6A,410,res/collider/tx_lishihe_dihuo.collider.gz,38d140e2486b157f410713f3ceec31c9
77B37A72D8857623B30496FC6A497980,131,res/collider/tx_lishihe_huoyanfensui.collider.gz,44818a514f0bb0bc7b5f64491da84c5a
AFC426F0DDBF6380D20670A03804F5C3,659,res/collider/tx_lishihe_huozhu.collider.gz,481ee5fd8310802ac91052eb3a2fb334
E73BF77C8BEBCF0BB2E985CB6057E295,446,res/collider/tx_lishihe_kongbaodan.collider.gz,0b5cc8a30e9b132e0b8c0688a41a10ad
33B33D0048900CAC15F16869E1B2032D,835,res/collider/tx_lishihe_kongzhongguanchuan.collider.gz,48b5fde6b31c191084943975ce4340ba
A6156D3CE424093924EC9DC9DDBBEDC3,453,res/collider/tx_lishihe_lianhuanpaoji.collider.gz,6ad8e0cd0af04dfe2a3ab189ff9097f2
4C42D345D245251A1E00A206AC2B8562,368,res/collider/tx_lishihe_lingjulipaoji.collider.gz,edf3f18fe808cee981ec7b8a6d49db6f
E5F702361035D0D89A3FF2384430273B,999,res/collider/tx_lishihe_liulianzhan.collider.gz,f703758cfa213b84867080e5bdc8274e
5EC8200C042F00B7FBC684097E0A000A,512,res/collider/tx_lishihe_longjuanfeng.collider.gz,37051c598f8cc83184aa6f6574128da4
BD1B08A6B9B986E13A2BAD5D71250782,1502,res/collider/tx_lishihe_paoji.collider.gz,3a3751652c80882bfbefad878e8e7ac9
AE835C12BC5C4570F9469387DB7A9E12,334,res/collider/tx_lishihe_penshe.collider.gz,28965dc3114d3ce18bbef735b7d5b412
6370626C594A5B41F61264B413095A99,727,res/collider/tx_lishihe_pugong.collider.gz,7e8f9a28f4b81ac68f0511d7fe0f848d
73DCDDB3E8749542AFA6889DB2C5509E,1399,res/collider/tx_lishihe_qianchong.collider.gz,78d7c9269a427721dd866244040216fd
8DF3AF1067CA13125073F859D80DE3CC,178,res/collider/tx_lishihe_shanbi.collider.gz,0de13a5ba84db6a78ab8db13b6b2d279
6FC45ECA0EF25A0F7D0F2B2B74E9908E,316,res/collider/tx_lishihe_shangtiao.collider.gz,de1e9a4810b4d9bb7295eaef88354c63
2F172A43AA800D13A66AC8C6849AF7C7,234,res/collider/tx_lishihe_shanxian.collider.gz,43ca27f71f66cabe1aeb3ed39944ebd8
33443E4B6C828AA2B13981CD101CC891,429,res/collider/tx_lishihe_shenglong.collider.gz,820bf046eb4fbd9c963ccf13b16de680
482C4192A830831ADC998B22CA050E4B,404,res/collider/tx_lishihe_tianfen.collider.gz,1302fe110e9e1a007a7f6f2d3572a2f8
FDFC40CD0349193CD65F007DB19472F0,742,res/collider/tx_lishihe_tianzhan.collider.gz,58b5b1bae425719eeb318ecb8f510db9
BD6AADA0918E6843796795A7CBB4C6BC,1638,res/collider/tx_lishihe_tiaopi.collider.gz,49686efaada751970c36fcc682e98dc1
B125F0EE1A7317B47CF1A1779947E42C,643,res/collider/tx_lishihe_wulian.collider.gz,746626998a99f0d9ce0396f250656179
CEC804D440BD053627B1D8126E8C491E,897,res/collider/tx_lishihe_xinpugong.collider.gz,95ee626e1624982024cac40fd596ddec
2EEAE787C3A6D39BD796B01B7146BF20,241,res/collider/tx_lishihe_xuli.collider.gz,f670865cb3afaa5be26d0337a1f7615d
B0C9303348BF0D9861B4BEBF76D546A0,736,res/collider/tx_lishihe_zhalie.collider.gz,546ef6c3a30fee2726ec8d9ef2a2ee30
151EA47B2247F94EC961E645CCBD55A8,440,res/collider/tx_lishihe_zhongshi.collider.gz,3c5009e010d89aaf6ede5ca0536b50f7
A787683C84C229595D2FAC93325C3D0F,1041,res/collider/tx_lsh_yuanzhen.collider.gz,72ada2a183a132413d728f0695bf3ff3
C186B8643AF4F143ACA1A505562A0EEC,916,res/collider/tx_lunren_texiao.collider.gz,60f171147848a9aa28b523d1651fae77
12AA66CBC901D41BF6003792B3B919CE,1006,res/collider/tx_luoyingbinfen_miekongjian.collider.gz,268c15dd4d7d6fa35873e5d87c547682
07B023F6C5F02AAF66686D0405FCE3FE,181,res/collider/tx_malieke_shenshangdian.collider.gz,872df1b24d22f1e0e996fdea409884ae
5A8D30602CF2041FE7B4E2AE1B1EE0E3,500,res/collider/tx_mengmiandaoke_jingshi.collider.gz,a3bcd56d3053f75280c2959f2d1c15a5
CD513BBAAECC71B0C18CD80C6978146A,268,res/collider/tx_mengmiandaoke_juhezhanjianqi.collider.gz,8fba51a979de8e21873cb79bd4a8389c
43AE507D1FD3A4497EA46F3F039CE7FB,1316,res/collider/tx_mengmiandaoke_sanlian.collider.gz,020cbf308f18caf6ccedaf69b728d6a4
44251F12C1EB292F0BCF5415C55DC2E4,934,res/collider/tx_mengmiandaoke_sanlian_juhezhan.collider.gz,fbe7102197e05560ab8f12138d3fa10f
6FC8FCD487B0B7A823CD71A3D973E346,1157,res/collider/tx_mengmiandaoke_yatu.collider.gz,55ca53ac54133897c9758eba9be57e31
56D2604DE38293D66A8AA3E1CDE21DAB,563,res/collider/tx_mingjieshizhe_men.collider.gz,2a49fa166d4a4063dab52739ae0756c9
BE23EC828899EBEED5146823E7CA9C21,104,res/collider/tx_miusi_chongci.collider.gz,fe844ddf0bae21ce23583342f9be49da
9877D7FA946757F34704FB0FF27D7C2E,251,res/collider/tx_miusi_chongcihuoyan.collider.gz,ce58952c6f7b743fe64196e4383b93c2
30478AE17606144C32BA221A5AF5A6D6,479,res/collider/tx_miusi_erliandaoguang.collider.gz,daa7d9818ec580b266e081a9a8a62164
F3185A3EF695ECD8D0C213FEEAB14085,2026,res/collider/tx_miusi_fuyoupao.collider.gz,95daef6803394cf8ba9638daf64532ea
C356A1403DB1C6EDCBD884B4B495C877,507,res/collider/tx_miusi_fuyoupaozidan.collider.gz,c1008a2e782082b91aed3ce899b9c5b3
4758DCF275B35A6FA1491E9DA99103C5,983,res/collider/tx_miusi_nengliangbaofa.collider.gz,e70a16763bbbd71b96ca96c2dbd50bfd
AB9A3A53E5A829275C55FF4D46E7A4E5,1043,res/collider/tx_miusi_shixianzhuizongdici.collider.gz,86b5d8ec6ee57fc61de107073ec8e66d
8630605AA7853EEBAED8BD7C9AE5E2DB,422,res/collider/tx_miusi_shixianzhuizongyujing.collider.gz,04e49c70fca810924c0e4a07828aac9b
BE23BD02582A0A55F65E5DD22AEF44E5,353,res/collider/tx_miyesha_jiguangqiang.collider.gz,ed19e18a3315bca7b5f07e1d2ef5445d
2BEFCB70576ABA34EA1DBBCF545611E5,401,res/collider/tx_miyesha_lianfasheji.collider.gz,ff800cd3fe81fbe68924c6a597078de6
6440788C523878896635DCBFF11BD4BC,1244,res/collider/tx_miyesha_quanpinghongzha.collider.gz,9b4c217773581301f53475f6e8c5af24
8C2B549215BD9F89FD8D6621417F7517,618,res/collider/tx_miyesha_sanhuasheji.collider.gz,64cace4b1f0864c7edb50b780de3822d
07753A1B4E7C0211222327FCB5DD149F,1457,res/collider/tx_miyesha_zhiyuanhongzha.collider.gz,08b0ceb3ce8bb487bd68afc5f74da67a
EBAC0CF9D26F7AED8F7B28816D17A082,416,res/collider/tx_nv2_bingjian.collider.gz,8eee2d5924e2719bed8afdd4d4a37cf4
5FD21BB14CE6EA06B115530BD40EA636,798,res/collider/tx_pengzhuang_zhiyuan.collider.gz,b1c1bc982c3f52d48d1686212dbdff1d
B86877C8037B7449E67FB9934891B3E3,1386,res/collider/tx_penqixianjing.collider.gz,31e408a513e5c601457658139826828a
8C846AA0B450A1607CDE58B21A3AA773,534,res/collider/tx_qiangjianbing_saoshe.collider.gz,19dcae5fa87602d120d2a1cf061da829
FC6CFC3124AC31ACBECBBF57428A9F0B,628,res/collider/tx_qiangjianbing_shiqizipianqiang.collider.gz,8f7c5c2f19b927973388b13285e421ff
C0435056E9AC1E6CEE76EF92A5BB92FD,796,res/collider/tx_qiangjianbing_shizipikan.collider.gz,d58193f766427b69cc4cb4fca3e82e7c
246542032F2FA95CAD05D6CCEFCD5D8C,282,res/collider/tx_qiangjianbing_tuci.collider.gz,081b4da43c81c79402b84b378eb475f4
CC24A3FE10DB1B55449354F4AFED0B3E,3244,res/collider/tx_qianneng_bingjingtuci.collider.gz,71587c26b436edcfcd220f86abc4242d
CB3949496BF90336C85BBE663102B790,268,res/collider/tx_qianneng_jingjiguanghuan.collider.gz,bc919bbcff7c043a651767d5189c8de2
4C98CAEC2A9313B295A35C9238A06F04,998,res/collider/tx_qianneng_luoyingjian.collider.gz,01953e93af9c56b6497aeccb6f83ed54
7ACF17D20392B49E63EC46748A69341D,998,res/collider/tx_s1_robot02.collider.gz,fabb83afafdcac1f020d6478eb408869
37E75B3FCE4F72A732A2048CEF67FE76,494,res/collider/tx_s1_robot02_back.collider.gz,28e2d01437183f2719a128ceda18a2cf
4541D508FD3569963CBE77E50E7DA61A,1270,res/collider/tx_s1_robot03.collider.gz,c5ce8a82d0208c666b2e1cba6bdfc674
7EB1E34060F5C36F24C3DEA8DD65B714,513,res/collider/tx_s1_robot04.collider.gz,afd0dc2ebb0ab5cdd96a3e5628a73ab0
87A3A509182EF1860FFFAB380BF84D2B,463,res/collider/tx_s1_robot04_back.collider.gz,1d756270a357b8c63e3613693b16bda5
313A46B605628B20F2A0DBFE0F3A41B3,2197,res/collider/tx_s1_robot05.collider.gz,b28d3011b5d63ef96af19030a591b4ac
E927B5D782CCA14C4083A082ED2F6887,2045,res/collider/tx_s1_robot06.collider.gz,48615777096cdc70bd9bf73d61365d7c
B3FF5F4A5C62A1A64CC03E7B86EF2138,411,res/collider/tx_shaye_dajitui.collider.gz,42c16b2e3b0aaf4d783135925f87ab33
70F801B47BA6A12F2407B861E4A7170D,670,res/collider/tx_shaye_liedimengji.collider.gz,5b7ebefe1ca0dd630c8884bafbf44111
939493F07994610090D80139F2F86D3E,404,res/collider/tx_shaye_mingyunchangmao.collider.gz,f1022bbf84a32baf2e9759bafdd7a472
BE108300EF5E34BFA216AB70FD2F737D,376,res/collider/tx_shaye_rulaishenzhang.collider.gz,17b8470ca8d288ad69ecc85f2d457ba5
B2B016D9B6EC0B1F4084383D61A65B0D,318,res/collider/tx_shaye_shiziguangqiu.collider.gz,094a92198fbaa05cb90d93a897e7f658
FADBFA636697581B4245B1D4D84C306E,638,res/collider/tx_shaye_xinrulaishenzhang.collider.gz,04b53540501e7875786bb2e7f7120ae1
91BC707ACD2A4C05CFF073529D1654C1,2048,res/collider/tx_shenyuan_shengyulong.collider.gz,4428601290358d312d408c71d867908b
E14D7AE95C9AF30A9423AB08A4E890A5,186,res/collider/tx_shenyue_badao.collider.gz,08184f7701cb8d7d668f93cb1f5af6c3
5578340173D357E9FAC63B7FDED7E8F4,1185,res/collider/tx_shenyue_baoqiwulian.collider.gz,afed463af734f393ecd8e12d5ff609fd
083F81327217CBCDE837529AE795D21F,117,res/collider/tx_shenyue_bishatexiao.collider.gz,4e5395f2779d07a517630de5e89b9843
AF9A615763D270018AEEE6BA5DA36633,680,res/collider/tx_shenyue_chaodahuoqiu.collider.gz,d7493bd6440c456880d13c345a015ffe
3A3F15D28CE8BEF7C6D7FCC6DD4E5DC6,114,res/collider/tx_shenyue_chixuxuli.collider.gz,8fba7daa6e31e44ce05d8a32393ac5b9
ACD26C202607FC94A4F49D9F542F6513,464,res/collider/tx_shenyue_chongci.collider.gz,8395d49022aa4364fe10124a10fad0da
32450FD01BA1B1491AA63706F2BF0D98,588,res/collider/tx_shenyue_chongjibo.collider.gz,f4cd0e0f393de47c1ff7406b6ba1215e
C7052D06ABAC83915A70D2BC8675A329,710,res/collider/tx_shenyue_ciyuanjianqizhan.collider.gz,5109136d809a0cb890e7476f507aa251
4C2D83FFBC5FF20BF09337CC36B696E3,303,res/collider/tx_shenyue_dafeixingjian.collider.gz,dbf2c071472c74dff8ad43918f134290
63AB877A8B09679623ED5C6CB311DDF4,287,res/collider/tx_shenyue_fanweihutishenyi.collider.gz,ade275204840c5ae5c303a8afcf46bef
3B89D6043DB2617A7D757FFDF9644205,546,res/collider/tx_shenyue_fenshensanlian.collider.gz,832d48dfe8376e9eb08014d5d0f46b76
2DEBE579FC2D6D7AF1A4B276F6045E35,602,res/collider/tx_shenyue_huoyanbadao.collider.gz,704163ccf8b6445a4ba740e2d4999fc8
AD38E4CBF2DA531BF700A0C661D02756,1599,res/collider/tx_shenyue_jixianjianshu.collider.gz,ff86c341840e7a3cdd74e176b462674d
32F78CFC2E11798D9EA865255AEDF9A3,853,res/collider/tx_shenyue_jixianjianshu_one.collider.gz,8d77429b67af26ef33f90e4ebddc071a
8C6D4735A25304FA2AD413883BFFD97D,737,res/collider/tx_shenyue_lanhuoqiu.collider.gz,3f8ad47095f9a5e7e4ea2afb4574eea9
812461142A583D9FED568ACC6DD41B39,641,res/collider/tx_shenyue_lanlongbo.collider.gz,f23b0a73a10725fadc589a161a33d6ff
49E81F4C845BEBE4F93FF63D65B8163D,138,res/collider/tx_shenyue_lanlongboxuli.collider.gz,f7c8725fb2f585041e4346bb9143728f
08923102BCA656564924FDCA71134F1C,471,res/collider/tx_shenyue_lanyanlongjuan.collider.gz,cce1ec62e7ae8d987b8a41452d94730a
175D979F8C8696C555889F81CE23F6D8,794,res/collider/tx_shenyue_lanyanshenyi.collider.gz,193593a39916dc35f80c992b88c2494c
D78A51CF286BA67780121CB835359190,379,res/collider/tx_shenyue_lanyanshenyi_chibang.collider.gz,4df2a306f420c8f16a03c230a6754a0f
4FA88598EDE19C772722E4D43B5A95CB,1885,res/collider/tx_shenyue_lanyanshenyi_rongyan.collider.gz,646793f8847bff5263cb8e60a77f82ae
15A40323AA7E96B1DB26A46030F5586D,180,res/collider/tx_shenyue_lanyanshenyi_wujiaoxing.collider.gz,00fa9a999b5f5dfa73c4de60bd141151
A3DE2322E659728A181C041F337F85B6,839,res/collider/tx_shenyue_miekongjian.collider.gz,8b95fd0b70cecaa415bf1390178eab63
D49BB7512E35152EF1757EB3EF038D46,921,res/collider/tx_shenyue_pugong.collider.gz,2ddb9007bf3f9cc3d818843682d71e58
F8CA241A05C94EF315A0BD14C5E82521,277,res/collider/tx_shenyue_qianchong.collider.gz,9fa69a2175e4802d4bc4580a8041443c
0201E11D3E072DAD8F5FCE2AE81F4841,353,res/collider/tx_shenyue_sanduanzhan.collider.gz,6e82706d2ada90339d7775d9b5cbfa7f
4F2909957A50213E38BFB0A8A9A92BA9,838,res/collider/tx_shenyue_sanlianzhan.collider.gz,89f31397ab2f579ee4b582600ae3bd72
CC3E9DD3F802A1A13FAC8F49B66DBB09,388,res/collider/tx_shenyue_saotiao.collider.gz,7490307504a85fb0d24c4ec0b3b80acc
803C8D0114B31089ECEB4BA1FD214DEC,131,res/collider/tx_shenyue_shanbi.collider.gz,e0aef8cd4298c10a83af1ce915b8fa08
696D518052F6BAB3EB0BDAA7442A805C,305,res/collider/tx_shenyue_shangtiao.collider.gz,3f753884b2bdcc3f972cfd519708bfbd
661E2ADC46B3F3C0D3EDD65D99539FFC,646,res/collider/tx_shenyue_shenglong.collider.gz,e55d73d1cdd9177c5b91fef8a462ae8b
2DACB43FF93968B61B375A2B8431669C,559,res/collider/tx_shenyue_shengzhuankou.collider.gz,365b3e2813f0ade9ece44f9e0b719f09
77DDD35893F1C8E3D09C5F60D2E73F81,709,res/collider/tx_shenyue_shikongzhan.collider.gz,28d05933d0ee7ed614cc59faba89efe3
268F5F9BB6586314135554C775F0D2FD,810,res/collider/tx_shenyue_shuangjianbadao.collider.gz,0721d88de32efd0a0d4eaa9dea4bbc17
8F66D96974ACF7E7FE3E50A76F19030A,963,res/collider/tx_shenyue_shunshenjian.collider.gz,92b914d6b86b76f6adb88b55b2d81eba
AFF8C85819A534B0C96077D897DDA612,656,res/collider/tx_shenyue_tiaopi.collider.gz,d1bd3157a0a57ebbe0fb9297124ecb05
AD0214686533D1F54039C97FB9F62997,284,res/collider/tx_shenyue_wuminghuobaozha.collider.gz,0b409128e44a90942aa6f288d101c227
44F84EFAE4CF6B021CB40283B5149AC3,340,res/collider/tx_shenyue_wuminghuopaidi.collider.gz,8bd1dba0ddb82b93cdad0ae93e67ee53
30170EA4BDA9395E5C3A4AF8B931F904,385,res/collider/tx_shenyue_xiapi.collider.gz,fe0ecd2beb39efaa8c438485828c5fa1
05B8EDFC483E103180D8C357E7723A4E,2882,res/collider/tx_shenyue_xingbaolianzhan.collider.gz,f9579b383cb5192c8cca7f7180d5786f
C8FE555BA18EE44B6D04031C05EF4D09,393,res/collider/tx_shenyue_xulici.collider.gz,73e3dd7787250f5740be632e69238834
EBF534B5F4363120BEA4AFF9FD7F8D9B,666,res/collider/tx_shenyue_yanjianchuanci.collider.gz,be64f3c1283c3e97b1ae613f21a5ff47
998E284792A065781E862F60FDBA074E,405,res/collider/tx_shenyue_zhenwuminghuo.collider.gz,c47a998f904c3acb9b68b5fabf034f4d
5184DCC0CC26AA975F98FBC7701B5456,436,res/collider/tx_shenyue_zhuanzhishouji.collider.gz,2d65a2488b7735e33ad44de23180b4a7
10ADB98E9CD79FE4B29A1E2D215C4DE7,372,res/collider/tx_shikongliefeng.collider.gz,e2507f9d1122a1b987d17055e7c9fe04
D6732129BC88EDDEC78242B279366ACC,114,res/collider/tx_shouji_huoyanbaozha.collider.gz,3674dc7a03e1fd9c7220e4770fab9250
BDAD4F80989485C8F6FDA68E878853B5,283,res/collider/tx_shouji_huoyandaoguang.collider.gz,38cd9695cf9f11288bb3c0bd7cf9ce95
7EBC02997449993333CF8E6A07EFBAE5,271,res/collider/tx_shouji_jianrui.collider.gz,8e16382c350468109103c47ea8fe5c41
30A4280FA042FD1F29C25E744794497D,321,res/collider/tx_shouji_jinengdaoguang.collider.gz,5ac33ed09c568312ca3985a15a72fe1c
6269B9AB5AE85E6536717AE16C2C2F09,195,res/collider/tx_shouji_liulian.collider.gz,8af33e1540af99ee569cc30bf105283e
041F41EC08B9256B20FDB23E70C5108C,229,res/collider/tx_shouji_pugongdaoguang.collider.gz,2ab56a00c4d1b359e6b2b3eb0b1c76b6
BC886F174A105B30124DDA84EDE92BA7,2340,res/collider/tx_shoumenyuan_texiao.collider.gz,7fc1030316105d585e26b0ac81ab0299
FEED7EA0E7496EC4B32236C7C7354090,290,res/collider/tx_shouweibing.collider.gz,76c5d540be5f7a22ceb812777ca5fa2f
DA9B8F176BC386D96DF05E2CFE719AE5,306,res/collider/tx_tanglang_chongzhuang.collider.gz,9bf80aa977c9447f5ce45c7945baf73c
4CF8FBD20E3621AA244BC61CDED528F6,467,res/collider/tx_tanglang_chongzhuangyanwu.collider.gz,3bec7a6570d43f83006f06a115c7e727
F3D4097677A76826A493E12143B8C619,352,res/collider/tx_tanglang_jiaochadaoguang.collider.gz,b113424afa4958e36404b6e8360f1ffc
DD8779AD3EAF9D0D3851022E7B432C7D,772,res/collider/tx_tanglang_longjianfengzuo.collider.gz,d1fed500e0904ecbb205c881a79a7808
94C5F2BF8E4824FBDCED897558D11A1C,782,res/collider/tx_tanglang_longjianfeng_zuopengzhuang.collider.gz,bcc2f84ed0e81245768d040452e105c2
60FD52879013FEDA4BE4D45ECBEA65E7,555,res/collider/tx_tanglang_longjuanfeng.collider.gz,79a0997163af73355a9d4e098e1472a6
76636C4BBBD2FB16C0242967ED1BA7F4,1529,res/collider/tx_tanglang_xiazhuiguangqiu.collider.gz,8539ca852edfb6df7b9c1fd5c5045921
A20CAD8ADAD87D37A75C681B710050C3,516,res/collider/tx_tanglang_xiazhuiguangqiu_qifei.collider.gz,622e29edd1bb370fc7cbb91da510d7d4
478FBEFFF620909C468CD5CF8C768130,245,res/collider/tx_tanglang_xiazhuiguangqiu_qifeixuli.collider.gz,8493f4e2e77cf2f0b7a9d427d4fd7afc
BD608CA267D9F5D18C4EC295EA8444B8,1045,res/collider/tx_tiequanjumo.collider.gz,1eb58ab14ceced6b60c1d32b2577cc56
33D208F50B36FC434B37D01CE089A58C,154,res/collider/tx_tiequanjumoshouji.collider.gz,a8d3d9984378175729cf4861d0bfaa28
4DE0D4D0E9E4AE43C57ACE9FE75278E2,247,res/collider/tx_tishikuang_daokezhenya.collider.gz,4ec2954d191b23f12150413c62cc7741
4C25FE49E4DA98FE1E7A5CFA904A412F,233,res/collider/tx_tishikuang_dundaolong_qishen.collider.gz,291d672d3bd2105f9e2aaffff03d90bd
5F24A91444BC2648E0B61C3DEC9D7C85,790,res/collider/tx_tishikuang_kongbaiyeyuan_hz.collider.gz,fea5c4cc0a7b99f9245abdfb78739daf
3B30BBF5F8D25C772735EA4031B11F01,245,res/collider/tx_tishikuang_shayekongbai.collider.gz,dae9fa775fb47184c90e290832f22e76
2ED936D1C65A18B204F13EC5A0EC593F,400,res/collider/tx_tishikuang_yamei_daleidian.collider.gz,dade5802de94267c0cd120ec6d7c94a3
AA7DF7C6753A787121B15513504A62EF,404,res/collider/tx_tishikuang_yamei_xiaoleidian.collider.gz,eb0ec8aca68151bbfab6ea0677e4f1ce
88108C9BCDF0D47F4009E4603EE1A095,801,res/collider/tx_tishi_bossshunfa.collider.gz,c4c1a2d1923ed4656e317c24026e95cd
69920C7EAC333B9FD3E17AFE913748E6,1037,res/collider/tx_tishi_yamei.collider.gz,a98d859a52759abffafc504ea32de779
79EFE897A1C592AF5527ECDD9D5A096C,235,res/collider/tx_tongyongaoyi_bianan.collider.gz,953fb94560e61b0fbde78d7e0f3354a9
29FD4386E5F2BCFF6FF9D8D3BD8A65F1,262,res/collider/tx_tongyong_gongjitishikuang.collider.gz,74042185da6a8e424939e044541ffc70
77C1406B5EFD510A56E4E76324336F28,1476,res/collider/tx_tongyong_jiandui.collider.gz,dabf7079cfa176adab379fd6cecf933b
FD4496F83E732A8878EF86E73DE48314,458,res/collider/tx_toumei_chixuweixingpao.collider.gz,643a76c70072cb19ba13d0636ee55aa0
12663F037BD20DD2735B3B2124F4680B,355,res/collider/tx_toumei_zhuizhongshexian.collider.gz,16e57acae7aecb81d7f5a76af28363f4
44CFAB0BEF5D4B251F3E9A154D7713BD,377,res/collider/tx_tujibubing.collider.gz,1c8264365cdeff37792269342cc6fefb
E18FC2EEA4E1474524E65C9FF0880947,255,res/collider/tx_ui_guankachuansong_shang.collider.gz,0df5f6d23262a808435d4121ba9e3776
9847E62D7DD866C7F71255249D2BF10D,281,res/collider/tx_ui_guankachuansong_xia.collider.gz,9b74ec9c98e37152b42d3f8b93ddd772
8A052B8309680F72B295BF312D76813B,257,res/collider/tx_ui_guankachuansong_you.collider.gz,f2664c62d2a735fddc4fe48be8f1253f
921E91DA84F87B3CA750011EF9F4E58A,297,res/collider/tx_ui_guankachuansong_zuo.collider.gz,01b26ab618061975d9056e13da0d748c
A5C3A00E9746673F787694EC10314F28,1580,res/collider/tx_ui_sizhongchuansongmen.collider.gz,5c03cf1676e7313eb3adfdf04f01ccc4
982117B301C6193BF7FF4A859303D2FC,665,res/collider/tx_ui_xianzhichuangsongmen.collider.gz,62ee6f0c931c96f7f0de4facf2abba57
2EFA7FDE7156ADFFDBA46925E9B8A261,387,res/collider/tx_ui_yaoshichuansongzhen.collider.gz,e64b7bb508ad756f2a64a85afd49edc3
9AE720CF4B84F8AD2BD6FB43EE9CD296,137,res/collider/tx_ult_heiyan.collider.gz,27d80dba06881c2637bd93785f86ee85
9FD66A57E8BB858A612927781F9AA2FE,1750,res/collider/tx_wuqijineng_bingqi.collider.gz,7b9b0abdccc63f098a7683f85a580cba
D866FC51BC3AC62CCEA1853F2E7C3B15,1016,res/collider/tx_wuqijineng_dianchang.collider.gz,a3daf01a3cd5f425772acbb4fe80197f
3837C137516C8470EA5AA1ED0CA23D8F,540,res/collider/tx_wuqijineng_fengshen.collider.gz,26cdfa85d445111ca15c42d23a3e3275
EE756EE5DDC2B34C17119B723633107D,3231,res/collider/tx_wuqijineng_jialan.collider.gz,d23990ef3f96839f54f71c832f8f65ca
FC2AD6276E39986092928814FC016F95,712,res/collider/tx_wuqijineng_judu.collider.gz,149a14b87905ea5908cea48dec5511f8
77DFD1D6A082FB7F7E8DF091CD41174C,809,res/collider/tx_wuqijineng_longjuanfeng.collider.gz,90399058421d5b696476357f17d8e07c
BFED52A6C8617DB32772178903CABE40,505,res/collider/tx_wuqijineng_longjuanfeng_hong.collider.gz,5c240d9ca4f1764e0b14b4c2b2916ded
8F3142C84F0E3CB624962E1BF65B806F,1278,res/collider/tx_wuqijineng_mingjieshizhe.collider.gz,bf1e21dcfa7687ea7cec06eceb466a3b
96A0BABF4F77895C8E118E9D62C84A38,833,res/collider/tx_wuqijineng_qunxingshouhu.collider.gz,746f10a4da13060e5d1d4800e4f63237
CAB140DF79711DC943ABD8544F5D688D,162,res/collider/tx_wuqijineng_sanshe.collider.gz,2e1e7b1c259d7d719915e066582c4280
2CF20FFF2A9D111F09DDC7818B8BCFEC,1013,res/collider/tx_wuqijineng_tianhou.collider.gz,3e9393fcd617d014464370ac6d09e423
88F0C9C1D191DD42CE3CC97A9A4451BA,1259,res/collider/tx_wuqijineng_xuesexuanwo.collider.gz,c851c25d081e2ec1fd15e8941ba9f833
37EDB8A590C9DD1E1BB03B3778894A13,5330,res/collider/tx_wuqijineng_yingraoleimang.collider.gz,fb784815172ef95229b01332ebcbaaf3
F3C67D39E6875CE5924A8C7C25D0D7E6,9725,res/collider/tx_wuqijineng_yunshi.collider.gz,c9abfed26f7269c353fadfb276b7c6d8
FC61E241B466E1E0CE094956FAB817FB,3394,res/collider/tx_wuqijineng_zhanying.collider.gz,e52be35596b8926844eb843b883735b9
F752F16DE991E55F45127D40EC22C6C7,1201,res/collider/tx_wuqitexiao_chisesishen.collider.gz,395705f7dcabbf4f1f733c36a903ee24
EECDD7A560A62DDFF1A085BB92454AB9,2116,res/collider/tx_wuqitexiao_fenlierzhizhua.collider.gz,8c8e90a4bf822196b5c623ef1331fee7
25CC85BBE700E4AB3DCEFEDAC6A64254,377,res/collider/tx_wuqitexiao_gouhuo.collider.gz,5828f263731ae1e8c73f21702568cb18
27E3120C33DBADC20325DD5D2F860A49,1410,res/collider/tx_wuqitexiao_guidaozhiren.collider.gz,c068f0b78156b34cf34dbf71d3dd0592
7B93FF898A8BA21DD95F823B10A8F191,554,res/collider/tx_wuqitexiao_huimieyanyu.collider.gz,7f829469e1da22741c050029b1520e97
FADCA6BD0C048FBA7B8F1C2E5AE4BE59,2241,res/collider/tx_wuqitexiao_jiabailizhiyu.collider.gz,88eb98b1b2da3399c9aa98c7672f4422
0CE006DA7F5E5B439907FE1FDB681F39,182,res/collider/tx_wuqitexiao_jiabailizhiyu_nengliang.collider.gz,bf32cb237e8dcdb8983dc87fd0d03948
582794004C90314B3F664A19BD74B650,175,res/collider/tx_wuqitexiao_jiabailizhiyu_xuli.collider.gz,49d89bd98effdea92540c82c17a77203
AFEC53ECE832BBAC611AC48B2EBE8235,1307,res/collider/tx_wuqitexiao_jidongzhiren.collider.gz,fc97937cfd1270ac908f2cb4ade10001
9D1D0A0DB9F547C3E1D98C602D9C5177,1056,res/collider/tx_wuqitexiao_shenji.collider.gz,46dcd5ca079d87e8bac49928a060eaa9
C377B627649E1D4CB3C467D984F6A0DC,631,res/collider/tx_wuqitexiao_xiguakaoyu.collider.gz,c0e0b790b45d6bef5c5da25538cca505
E405A251CD4124E3C04466ABEFA761C7,828,res/collider/tx_wuqitexiao_yinghuomanting.collider.gz,4344e3698d27fdf34daf74b10ae2f635
B8D7332D3F9F6787EF00F73443BAA13D,726,res/collider/tx_wuqitexiao_youlanshishenzhe.collider.gz,b3d00d2b66858653274a3f0f80ea6ed8
418F9D23217A4770BFB48D7C238BA6B7,1126,res/collider/tx_wuqi_chiseqiegezhe.collider.gz,743a09b9a22b6f0c32bef4c9251bf598
C5E9B829246E8975504E652B605DD4C1,1068,res/collider/tx_wuqi_dajian.collider.gz,f83bfef82f1500e30919534adaf94fe5
EA021ADE8EBF8DD98A5CEC14733AF758,614,res/collider/tx_wuqi_dichi.collider.gz,139365e8122ccdc1e008249320c7c662
25F2EFA76E2C6B50FBC070E7DA055EEF,1776,res/collider/tx_wuqi_heiyan.collider.gz,229b0fd205ee1d9a29998c54e5fced32
83C5A3AE36BAD0269A201A34C6DBCCA9,1229,res/collider/tx_wuqi_jiguang.collider.gz,458b43a88453ed00cfe0bbdca9ae0aff
81AE5F8C6E54842D7F72A7130FCFDCA2,2896,res/collider/tx_wuqi_jimiezhiyan.collider.gz,2dbca361d8897baa77160e0ad72c8d6d
195344E7328483B1E9D8022704EA6D76,610,res/collider/tx_wuqi_jingji.collider.gz,fab4e6660054cc0590582bd45b9e8725
8057F2F6A0D1EBA40A8A4ABA2BBE1F44,1910,res/collider/tx_wuqi_jinlongci.collider.gz,828e434f2838e73a6f447261950966c7
9B00E031B1D34E9ACA63740E92720433,2470,res/collider/tx_wuqi_kuangnufuchou.collider.gz,3731e02be265253e3c13224112020fb1
8D9E2428696D705D61B8A0268C9138C4,1035,res/collider/tx_wuqi_leipi.collider.gz,68f3886896f0ee3d8120b66e39667c61
DADCF62479BE1126C2B1E0BE4D95C4D4,491,res/collider/tx_wuqi_leiyun.collider.gz,86f6c654d51ecd431cfaa1ae10ccd83e
195A94538AF6D13F6557604133BDC4BB,2654,res/collider/tx_wuqi_liujimiezhiyan.collider.gz,a7e5519e45b3e5cb06e2741f8d6f98ad
3A3A6C51CE97BBD99284A88ED5B6789A,730,res/collider/tx_wuqi_luojian.collider.gz,956282f8f3ae6d1271debc30df8e3f49
A8B107C8D7EDF578250169F6497D6322,469,res/collider/tx_wyeyuan_dabaozha.collider.gz,7b41bfa4255165f300f7eecf42c84352
70D0A3E09B923F574A47254E53F2CD3E,277,res/collider/tx_xiaoguaidaoguang_chengnianmantuoluo.collider.gz,22fe31049b7b719596d09af177368854
DCF8082FADA6AEB538C9C40823692FEB,399,res/collider/tx_xiaoguaidaoguang_hunling.collider.gz,dd30c72da2bda812e7a71c65956a2c84
B4C5214F850F7E231BFFE5814B0A1B8C,584,res/collider/tx_xiaoguaidaoguang_jumoshoulinren.collider.gz,2b47a5ec4babff2521ca1029964a5bb6
B1E9C148AA8F8670BA7B20D7D47C8C90,478,res/collider/tx_xiaoguaidaoguang_kuloujianci.collider.gz,06d1078429d4d766eef64a627bf9710f
380C5A20CA8FF677D07E1FD2D91DB084,460,res/collider/tx_xiaoguaidaoguang_longqiqiangbing.collider.gz,e31c52a499c53249371116532cb3c18b
2DFFFF684C79A2714F95D31E0B74E4DB,385,res/collider/tx_xiaoguaidaoguang_mananafen.collider.gz,80a9b47ae384cb7c554a0cfe34b3ae00
A43DB0705A53F847D3D98DF4AAA8280F,322,res/collider/tx_xiaoguaidaoguang_shishigui.collider.gz,d800e017bb0cbc7469d4e4dd3a342575
ED6BDD537383A45F3E4FBFC4BD2C9A8F,572,res/collider/tx_xiaoguaidaoguang_shishiguilieren.collider.gz,2d487d6bed016ed5e5fd30c1e10510ad
E818114D3D4513D17480460DE7BC0053,211,res/collider/tx_xiaoguaidaoguang_weixiaokuilei.collider.gz,5021ba472a925a89fbdf87d981b15677
7C682402C78682359366AC0F7F0CB074,1277,res/collider/tx_xiaoguai_baiyinengzhe_luolei.collider.gz,8acfe9a8807657eb7c9a4bcafd6a6648
81A4B39940ECBDD071AADA5AF747E6B4,1613,res/collider/tx_xiaoguai_baiyinengzhe_xuli.collider.gz,bd408b2bbe3d34c2a870733e54c8d26a
1E9C98216FCF14D74FCC9BBD4E38AA7C,220,res/collider/tx_xiaoguai_bangqiudipi_daoguang.collider.gz,91bf50428e862418ccd1e2644d21a509
7D2B335A3BDB32FA5C2D3D5A2D891FAE,284,res/collider/tx_xiaoguai_canci.collider.gz,b1be4a06988c6eb2079a83c3c407b4fa
FFAB76B90E7B5E6D300C0C6B0177839E,351,res/collider/tx_xiaoguai_changqiangci.collider.gz,a3c743095db6d5c189085d92033d45b4
5DE112242965E7E02E2F0A090104A77F,114,res/collider/tx_xiaoguai_chuansong.collider.gz,a70255a87e527571f091394d52821ed5
732C4CF7B1E968420C129968474D60FD,517,res/collider/tx_xiaoguai_ciji.collider.gz,c378735bc6a23328005f9c9d2b756929
E97F1847899595D056783F152D38E6BA,352,res/collider/tx_xiaoguai_daadun.collider.gz,935a207eacd97aca8a598c1e5d31fb6c
5281B2EB80C05523FD94CF9D03D9BB3F,896,res/collider/tx_xiaoguai_dadun.collider.gz,da80bc0f7ec12933741c0af91b9fdbb5
F01673FB8CA046302C406D925D4DE57B,611,res/collider/tx_xiaoguai_dianguanglueduozhe.collider.gz,de26c3e7f86ab6825eb2cbbd4002b3c7
678EF28C362DB5376D94A6FB959260FF,235,res/collider/tx_xiaoguai_goutoubang.collider.gz,e8132ebcc22199ce7158d1b891e75f18
E752AD0425D689DE14FD015155092886,960,res/collider/tx_xiaoguai_goutoufeidao.collider.gz,7126f7c85b510359e0d0a263fd6b698f
3D0D83F85898670702A47A79B12E4A38,280,res/collider/tx_xiaoguai_goutouren_zibao.collider.gz,fbd99be2e0e6fdf9a21e4da8d15c7b1a
E4208C6B3DD90DA03E8E3AB191913BB9,2279,res/collider/tx_xiaoguai_goutouzhang.collider.gz,bb1c2d4fb760003f198e8824fc5935e4
007CF5489338159BF4937566A4C05C71,394,res/collider/tx_xiaoguai_heidaonan_daoguang.collider.gz,999450ba783545930789700c23f75920
33DBB400137DF2A33792C21F5513FB2A,789,res/collider/tx_xiaoguai_heiyinengzhe_huoqiu.collider.gz,292c8775707784f771df741a53b4b90b
5E47B6C15217C86DD6A8EC18C8F94DEC,516,res/collider/tx_xiaoguai_hongshasantoulong.collider.gz,204a1cfce5f5960b597169ff449c2d9f
CACB07E689081200A9933EE67B63996D,516,res/collider/tx_xiaoguai_hongshasantoulongan.collider.gz,8814304f1de70cd8b228917ecbd2c161
DCB77111F2B8F89FA66BD76A9DA6684F,519,res/collider/tx_xiaoguai_hongshasantoulongbing.collider.gz,a0bd5dac1e3bf22970a3f1a7dc18abe2
38849C1917A0B6A191C6E4BBF6138DEA,540,res/collider/tx_xiaoguai_jingji.collider.gz,5fb6883fb066b95717693c466fd9b6bd
8B6DE6BB962B9C902A5A7751A64B62E4,634,res/collider/tx_xiaoguai_jixieduyan_heiqiu.collider.gz,a2bc57797fd1eecc786bb6b4a9d5de07
D47DE84D93BA489215EDDF6B37E8859B,307,res/collider/tx_xiaoguai_jumoshoulinren.collider.gz,28c636a061e892987027770c9485bc9e
7E2094EFA3101F5FAAFF431DBCF02212,331,res/collider/tx_xiaoguai_jumotouzhifeibiao.collider.gz,1b674bdeaaf3c41a6e1b030ddc3c3255
8EA114227F52F24E37EE1615ADE20207,177,res/collider/tx_xiaoguai_junmoshoulinrendazhao.collider.gz,22b258ac42b627e5b7a8cc3b775209cd
F54DBB42770EB782DFB280D36223C79F,455,res/collider/tx_xiaoguai_longqidajian.collider.gz,9cf5489d7f9adab78d3d9ed151b9c741
2CCADAA9F78C1D89956806CD78B44E96,364,res/collider/tx_xiaoguai_longqishuangjian.collider.gz,3ac0e7eb34fc5578a2f6315cb3827499
B4CD4889DE3C5BBB73D987C279F75D96,566,res/collider/tx_xiaoguai_mananafenzadi.collider.gz,50ab6d8716eef7452f93726f84e9af2a
DF1FE3717C9A1BE1A89842BF43A17033,557,res/collider/tx_xiaoguai_mananafenzadian.collider.gz,489e86c2bcd0d2069a5f233d423e5c88
DD589F7B62FE549EEC2EC9B3827CC182,660,res/collider/tx_xiaoguai_mananafenzadibing.collider.gz,25564a12332ef2a19544c733a206cf67
CBB64519AFD93F4236C55CB854CD6062,557,res/collider/tx_xiaoguai_mananafenzadidu.collider.gz,c6e417abcbdff53ff25a8fa169fd4542
BB8B44D539FF4985BDE445091F6406EE,553,res/collider/tx_xiaoguai_shenyuanbangzi.collider.gz,9fc5023ccdb1da3fd7f262d2d1e5389d
4FED2449F8671F63C88532DEA219D7A1,1620,res/collider/tx_xiaoguai_shenyuangong1.collider.gz,b80874c53fe34f4ad49f1adf6dd49d37
557A396EAF0624D87063F483368CDCC2,224,res/collider/tx_xiaoguai_shuangzhualong_daoguang.collider.gz,d8e7fd2ec426b4991db19827503ff8e1
0BD54CC194FBBCFB1B093608C6C702F3,246,res/collider/tx_xiaoguai_touzhi.collider.gz,7888c050cce110b4e3feecaa443032c1
8CD628195DEBC96D4027036520BF3E7A,506,res/collider/tx_xiaoguai_wanglingsheshou.collider.gz,f58958f316ae73b9131f146c4f1c8569
35F0C985D0EF1DD77F6D6C9A1B579F85,501,res/collider/tx_xiaoguai_wanglingsheshouan.collider.gz,aafab5f7b2c00ecbebc84ea8dc798f1e
7557E9D32F94AE338B1F1E0C61D0D721,479,res/collider/tx_xiaoguai_wanglingsheshoubing.collider.gz,2c1d6d040d739794ee384e84ba01105d
5E7AE2C1A8BBF03005E11552548704B9,371,res/collider/tx_xiaoguai_xuanfeng.collider.gz,b72f8cf0bc18bf1109e479ba3114a472
E5F4C93095EB74B14BAEA2DC5C85A9A2,169,res/collider/tx_xiaoguai_xuanzhuan.collider.gz,12c6a130efbf3d0b942f4a5a7bc5f2e0
ADFF37C0DF2F0CD38D79BBFA6F8AADCD,738,res/collider/tx_xiaoguai_xulifupi.collider.gz,52fd2dc79e5098b5c33f905fc2360af7
5B034280A80309A16957E5AA91E74F26,1104,res/collider/tx_xiaoguai_xulifusao.collider.gz,3c63c3f91ef08498bb2d9c380af8802c
467528A843BD310E57C5FF886F331A70,395,res/collider/tx_xindimianyujing.collider.gz,9d8a2685013d2faac2b92bf05eddafc6
392B50D9A7F1339922C5699D1C3A94DC,976,res/collider/tx_xinghen_yutexiao.collider.gz,77ed52b08d9a997c9f496f910499aadb
DA834163D79BFE25764BCA1232098662,557,res/collider/tx_xinshou_zhedang.collider.gz,581846a9394ec5aa28547c471ca08343
E277C781F671AA19E337AF82829AA033,1702,res/collider/tx_xukong_baozha.collider.gz,6f500b8cc2fd3d6208e0f3fb2123d015
59A01C9514F739710DE497C72FC48BCB,1005,res/collider/tx_xukong_dihuo.collider.gz,c2394ee62c79b1397e77f4eea4654113
4B39303096E61634F6C26BCA38E9E1E3,368,res/collider/tx_xukong_jiguang.collider.gz,08ce348eff5555a404d5de59e05a32b6
8298FE6A391C7439C94F2A9BA8622109,903,res/collider/tx_xukong_jiguangpao.collider.gz,ed79ae2ececc8937b5a6d9aa2a1132f6
B299DB3F33B33F295B7ECBA2CBC73999,763,res/collider/tx_yameililiang_hengsaogongji.collider.gz,0ba17d7884c18b901346882317709167
7644BE76812C08AAAC09EB259014B933,434,res/collider/tx_yameililiang_kuaisusheji.collider.gz,ace6069f60f3c7866fc664c0ade4492b
05E8ECCF0C2678921E97295A74D2CECA,698,res/collider/tx_yameililiang_sanliaji.collider.gz,4b2091cf1a645d8d7531a808b0c0add2
7DD77B06480A22B0A5709C2F20E286B9,941,res/collider/tx_yamei_gongjileidian.collider.gz,8da446ec31f46d01ce18f0f14ead82a1
7DB2832DDFDE2E73CA6E0DB042BA9063,371,res/collider/tx_yamei_kuaisusheji.collider.gz,c32659299ee64b075e4fcc171221374d
4864B1DD86D25E4EA9086B7ACBD1308C,596,res/collider/tx_yamei_sanliaji.collider.gz,22e493c5fb3c2d57117d25acc3b65e13
BDAF091252AE7FBE28552BEB13BC19A1,300,res/collider/tx_yamei_tujin.collider.gz,cc632be4967eca14a48dd519320f1e4e
6CFF7F45982D08F6BC566D9B51F83DE1,768,res/collider/tx_yamei_zhuangtaibianhuan_hong.collider.gz,90405bdc5153f6479320d7708c4e8524
F4FAA0316C4A9480063EF9C568BECDD8,250,res/collider/tx_yangui_danmu.collider.gz,84e3a235226800aebc73612491ee9a83
CFE928520974E0BBFAF100D2598C19B9,495,res/collider/tx_yangui_quan.collider.gz,2352918640cebf55f208ad2cf78e49d4
0FA756F7A2EAD7287841C460BF27703F,172,res/collider/tx_yangui_tantiaotiequan.collider.gz,7d7f836aa279c529c769d2bac4aee422
DFF26776B2FE48EB3D176B38F17AC963,344,res/collider/tx_yangui_tantiaotiequanchongfeng.collider.gz,31cdf47a88cc357e13e038b5743b2e18
A42BCD2AE08C0557AACBE829811C6D27,171,res/collider/tx_yangui_tiequan.collider.gz,0bb0873eeb098b6086dcae1f6ba26be9
72CFB7ADB2423A244759D6DFAC683618,227,res/collider/tx_yangui_xulichongzhuang.collider.gz,e9414baef85a8209761ece146c6a5d2c
AC3D797A3F8ABCC2CD64AECB9641D9CE,250,res/collider/tx_yaoshi.collider.gz,bd4b96eb97144e98d04e69ec0e183b16
061E9390DAE53F7684C409F0B2FB359F,439,res/collider/tx_yiliaobing.collider.gz,ac116ee09a15ea1b346bf422d7e97045
F2C714574B1CD75A62D6222290FF6BF1,628,res/collider/tx_yinglie_luanzhan.collider.gz,d242c1e82f38bf2ee7b03f901d333ede
8D825A269C205520552F4659CE72E489,132,res/collider/tx_yinglie_shouji.collider.gz,177cd4bb20eb5581445ca77bb1c5a85e
8FE8E0F8F2E8AEFF6CEAE89709D68AC9,131,res/collider/tx_yinglie_yingdun.collider.gz,2a8b67e710d4ee9a440cd1a43ccd7cdd
D3E5B43EF0EBC943EDFB7CA4C81DB96B,763,res/collider/tx_yinglie_yingdunzhanji_duanleiji.collider.gz,2ea71edeede623dc2a5aac577d4af449
330E4E1FC3CA071B5C75C0E6F6CA9156,1172,res/collider/tx_yinglie_yinghuanxiang.collider.gz,9a2d9f8cc21d1d02b5c1dce6eb594420
7AB6A02BFF6CE0A7D32875EAB3016B33,245,res/collider/tx_yinglie_zhenya.collider.gz,1786e5301ab5eb4b741d7ba9527b68a4
B5753AD1E3796BD2BF8097DA91D11675,128,res/collider/tx_yingwang_baozou.collider.gz,2c8b527926cf12e387eaae14c246c592
4E1D9DA58045A7C335E967C460147336,480,res/collider/tx_yingwang_guangyitanshe.collider.gz,9fab1648de659bef0cf7262163876046
2505EA11B124C0D1B7CF2E5C40C6EE5E,581,res/collider/tx_yingwang_huixuejingji.collider.gz,658c4228bbc0b3ef72b062f1ebc8197d
453499857C026BB9B453ECD5F0EDBBC7,826,res/collider/tx_yingwang_jingjicansha.collider.gz,d27c5b6c900003f790dd7cf3a33e6f23
50DA243D903BC0B720F08E01022C7BEC,651,res/collider/tx_yingwang_jingjilao.collider.gz,91a2e5b5e59358014ef9a3469ebb77cb
07A4FF7BA430D0BA6AFA29885C9682DA,519,res/collider/tx_yingwang_lianyukuanghuan.collider.gz,830294b13e3cb3cea1b93f7e64f8fa8d
98BE78D326728CA464A1A1957D3FAB3B,717,res/collider/tx_yingwang_lianyukuanghuandi.collider.gz,1d7450f381572fa808cde2908e053ab5
E5C04F03CF1FC71BA366B310661BCAE1,222,res/collider/tx_yingwang_shouji.collider.gz,37b895f05628ae80ac83bf070bddc6ac
E91657DA14596641EA3D83088EDF4D20,116,res/collider/tx_yingwang_shunjianxiaoshi.collider.gz,90dd9b4277193a55b217eb463e41ec47
32160A6D3DCDB0CDE1172EEAA2517AEF,609,res/collider/tx_yingwang_tanshejingji.collider.gz,4837f5f41ecced2c3c1c8adc9a8dc1d0
7835D0A48F076167701AFEBCFFB2B089,672,res/collider/tx_yingwang_xuejingji.collider.gz,e7149b019389135d10b13c1e8ea8472c
56D7BDEDABA69344A63E32A056388671,597,res/collider/tx_yingwang_zhongjifuchong.collider.gz,68b1ecb7b4cf117ef98264b924ea44e7
77C92FB7F08A59CD6D80A2579BA91997,504,res/collider/tx_youli_baolie.collider.gz,0f058029f45a00cbe8c862f500edbb89
C3136D3BFA705B99EB4618B49214A892,165,res/collider/tx_youli_baolieshouji.collider.gz,9fe896153c50ff59f33c0bc5c97fff4a
DB9359DCFD352C71A617B7E94E23586E,632,res/collider/tx_youli_baoqipugong.collider.gz,d0fa5e3be6b5f886b0030b12b0329a84
8B974D92D29AB9456530EE98B6BA21C5,402,res/collider/tx_youli_houshan.collider.gz,730b1cee11ec8289d9161309424f09dd
8569249A1826625FEF5627D3D78C2E05,674,res/collider/tx_youli_houtiaozhan.collider.gz,62db033cee6f83644a0633c566f8161e
1804388FF1F2353F9B1C2ACCC8A9F27D,137,res/collider/tx_youli_huachanying.collider.gz,85d490c7178cbd7f7ee417f66d2fd553
C5093C13118146099CB00475BD93198C,333,res/collider/tx_youli_huizhuanzuolun.collider.gz,818b758b98331c0b3e59b47ea2cbcf56
5B5BE4020FE21EBBE58592A1AA5F07D1,563,res/collider/tx_youli_kuosan.collider.gz,0aa1043c1873f8692a41967a5fba4ee7
8FC3412DA95AC735AC76CFA3FE078A6A,163,res/collider/tx_youli_liekeshouji.collider.gz,182b4da2468133762b9b767720b2f55f
2D55647D694ACB0BC979C45AAA7FA4F5,1168,res/collider/tx_youli_paopao.collider.gz,83c2219b36155ad5c0ce3955b974f659
A57405257DB7D76DA5CEA5AA50E1B0BF,595,res/collider/tx_youli_paopaodun.collider.gz,5fbad30a105f1f067a065032e07129ee
B20A79D9E31C1F185004B1E33FD95CCD,701,res/collider/tx_youli_pili.collider.gz,f384019cf69fc20e568e74d713a57fb1
F3508D82DA46832469508080F7B7ACDB,165,res/collider/tx_youli_pilishouji.collider.gz,74cc2a7303f3829a3d9254d2c0ce2df2
79B79F193C74452630182C1B70261EF6,694,res/collider/tx_youli_pugong.collider.gz,87f7e2aba5b38610f7841e1f7438fd80
67DBAF58A86B92BD88015CD2695F0420,167,res/collider/tx_youli_qianchong.collider.gz,a43171fda8c33583f94b94a4332825aa
151423E4CF615D5292EF0BC50BF7C08E,170,res/collider/tx_youli_shanbizhan.collider.gz,10b2ae03fb35cffe2447d928361dcf3c
49408C8A53577CAFA659745452ADE60A,217,res/collider/tx_youli_suzhansujue.collider.gz,788cf947cd50f1e3b0453a08417eb67a
C5269DDF32C475888977FCA1BFE091C9,286,res/collider/tx_youli_tahe.collider.gz,ea2188828affb537892bb94a8bfc97a5
46FA512232AA1E8F7AEA91E8C6F69669,494,res/collider/tx_youli_tashe.collider.gz,de231b33b7737cfce80692e084d1c544
25818F15088B371B6F8461944B911333,337,res/collider/tx_youli_xiejiaodu.collider.gz,68d814cb3c23c7b57bc7feb33385d617
169193D2CD3D37FB29A2A9CCC6BA44C9,496,res/collider/tx_youli_yanshibaozha.collider.gz,cba7bc48ae9255013bdfe805d1ba5e16
92E5697FF9B8664FE62BF48AEFA4C4F0,272,res/collider/tx_youli_yidaoqie.collider.gz,058267f5a90d18c76636be518c04e4fa
2F8B5F5049831AF603C7525E089F4E70,558,res/collider/tx_youli_yinglianti.collider.gz,d9bd9f31af76151ff661c77218c6405f
849987F652F365079384A16E1672BC3A,1275,res/collider/tx_youli_yinglianzhan.collider.gz,42fd5452f67575ba449c020b7313db2c
904B0B3D5CD45CD37AB5DF2CAE6DE173,593,res/collider/tx_youli_yinglianzhan2.collider.gz,f92dcbd85dd93a64cf51643939f0d71c
CDAF4DF350CD0697307E5AB54F800077,206,res/collider/tx_youli_yinglianzhanshouji.collider.gz,e1255fa11adabdacc13f48a6dbec0de5
E23B8917DBBDA203AD727622B8CA683E,418,res/collider/tx_youli_yingpi.collider.gz,32ee46538bfd5bd9bbb9116240441794
0A63729B65F2D519678BDCD1BF4C5FAD,619,res/collider/tx_youli_yishan.collider.gz,bf28e5cc943b18992f2489d2ca769184
97253FA43B744AD67C6D62AD2DD5BEB6,169,res/collider/tx_youli_youmingshouji.collider.gz,7369e16fa3c5caa8d21ea30be4f4b08a
266E50EFC12126BB3FED7880A4DCDD3D,816,res/collider/tx_youli_youmingzhan.collider.gz,e85caec82ca36319ac99a93e33b027bb
204616C675AFC2BEC2EC308D31394333,672,res/collider/tx_youli_zidongsheji.collider.gz,03b657b0cd8e44d74d05c8dcca9513e7
BBCBD418FFEBE280E06A261747E8A0E1,232,res/collider/tx_yujing_yuanxing.collider.gz,e77404101fd901909796f40fb618b6e0
CD0C0678FBF009675A569AA0D72F8A22,2962,res/collider/tx_zangyuboss_bing.collider.gz,3b008e7890b2d5495c7260a7104d72fa
48FF12821C5195BC9AD9201B3E3E6079,803,res/collider/tx_zangyuboss_di.collider.gz,a87beeeef265c2875dccaa4dfff53c92
CD85310F5F5648116000821D5CE0A7A1,1336,res/collider/tx_zangyuboss_di2.collider.gz,b88a0d34d786cf941870ce1cd4436fe8
E11334611FACB101DE64BA25D9C142D8,386,res/collider/tx_zangyuboss_huo.collider.gz,d8d555ac6bc000b71daf01c2c7c3ba0d
5B553330F801EAA7259F79265D446141,793,res/collider/tx_zangyuboss_lei.collider.gz,44b24bad3befbcc244b611c9bc1ffd19
823F38F38E70FC46CE0761419EB19604,322,res/collider/tx_zcchuansongshang.collider.gz,bec5051821baaa76d3e1bd784b54cbb5
8DB96E12ECEF50A2A246755C877D14BB,356,res/collider/tx_zcchuansongxia.collider.gz,b2e89dc60566dd28fc5ef0bb0018350a
5305BDB910CA8BE21D51DF4CD846B85E,289,res/collider/tx_zcchuansongyou.collider.gz,f4cd3eec96a0a504640f8170329d6946
A6106132842F157DDB3B281AFF1D8E90,452,res/collider/tx_zcchuansongzuo.collider.gz,262384029ca346e588ce9ce928768c91
A29F2424451F9A1D856DC1B61B186BCC,431,res/collider/tx_zcmenchuansong.collider.gz,1946ec8a7fee1e3a33490a71bac8ef69
1EE1FD417E846142AE44FCCCA9995B98,473,res/collider/tx_zcmenchuansongshang.collider.gz,f40f30343610c838c64fa64e109e981e
9AB326AFD1B5EFA7F11966F2B28BE0E4,102,res/collider/tx_zhandou_ko.collider.gz,dc85fa8d5dd3d36c4d07aa40d7ac501d
846D5F0812F6FDE566BCD9466C18F30B,523,res/collider/tx_zhangyu_ciji.collider.gz,90ea952322eacdd81960b24592c6c3d8
CDEE080FF2D72A93DE0203A51B460959,286,res/collider/tx_zhangyu_gongjitishikuang.collider.gz,47f1a5df5115876a4d0f8863593b2cbe
9DCD87F0F2E2B5DA179991B48792848C,937,res/collider/tx_zhangyu_hudun.collider.gz,3e69e1c92ba11957a989a0ab009e0572
7859FE75A3E2047664AB96FF40F8E0CE,237,res/collider/tx_zhangyu_shuidan.collider.gz,036888f228a974a3419df0c89e3398b6
BDF421DBA633C331671EC55294BC14D1,757,res/collider/tx_zhangyu_shuidanfenlieqiu.collider.gz,fe59d6d1d9320be09acbf9172bd5a4b7
F53E7E424EBD653993E23D580535FCC3,763,res/collider/tx_zhuangbei_heiqiutuijin.collider.gz,e41858abc56df62816ce1a7befc884c9
73BF2AACD9AF290C1987966ADB34BD96,329,res/collider/tx_zhuangbei_ranshaodadi.collider.gz,fc92d5b8d2cd8e0b8fdf75667805ed66
3BE591823F921771360BAB83AD4B33E5,105,res/collider/tx_zou_bishatexiao.collider.gz,7a59dffbfe9da633fb8263051a1bb298
2CF214649F62EBC15A53EE3320446C65,950,res/collider/tx_zuandilong_chutubaozha.collider.gz,8c67ec537850ab571f39822aa3227661
005B292CD3F7A695153044A6A14C3E79,2868,res/collider/tx_zuandilong_dundifanteng.collider.gz,70c194d4498841c75a168e7468a1cf6c
81A5CAC5BD54F96393A309EB10E6F151,800,res/collider/tx_zuandilong_dundifantengpengzhuang.collider.gz,381fb2563474940e458ec820b7841936
E9C137A209259A9E88F309A4E24DBC21,375,res/collider/tx_zuandilong_guangshupao.collider.gz,e9d8c786ee2cf0bbd3e5959638518e39
B4A67929CF301CF8644F14562FB22030,116,res/collider/ui_tx_bisha_shenyue.collider.gz,b3a7111ee4fd3bd6a7e07121f530a0f7
406EAF6DC7A3F1CFF9C7A92C29D55463,118,res/collider/ui_tx_bisha_shenyue_da.collider.gz,f7588a9a6692224318fd16bac60c6abc
27525E76B754A4276845135BC6C50A68,122,res/collider/ui_tx_bisha_shenyue_xiao.collider.gz,36aafd6aa57801a21a9ab98fce4c7b8d
DAB2D72CB8EC58486D95513C877C620A,3634,res/collider/ult_17_heiyan2.collider.gz,4c14c084570fabd0616308ab220b3923
CC318312A8C9CDC4B8AD96ED567533B1,572,res/collider/za_duqixianjing.collider.gz,2731f96a4070831055f15c2427d9f2b0
49170812DE7E7E8ACB4B2F2F43C0B9B1,283,res/collider/zc_npc_jiqiren.collider.gz,0338678b81c330e89b26e1921123197e
E627C2427DA9901C8E9E0EEB6B28558E,549,res/collider/zhangaiwu_baoxiangjin.collider.gz,7dd9f8e2d3cd6773ade1e14ec055685d
97CF1ACBA33DCE5DEDCEEEDC71416CCD,622,res/collider/zhangaiwu_baoxiangtong.collider.gz,e0045b67437bd68936f9c5af30446d6b
7F7EE9F83AFC1C8C785286A5D97BFA61,551,res/collider/zhangaiwu_baoxiangyin.collider.gz,7cda2fd1d8f7354ecf79c1851eed32fd
3FC3BE70149913B18B3D9DF319FFDB54,581,res/collider/zhangaiwu_jinengshuijing.collider.gz,54e0d30044008d85bdf48a1686f228ca
C61C44089AADEB6E8ADE42A0818098AC,1383,res/collider/zhangaiwu_kongbai.collider.gz,795c22d43ce713f4e02128038778c871
182EC0441E8D967D7ABE7C947767AFE0,1425,res/collider/zhangaiwu_kongbai100x100.collider.gz,bb2ea577cb7332517c4f7f32d46c4e1f
829B529C585CEB73ED92B1778B900DD5,567,res/collider/zhangaiwu_teshubaoxiangyin.collider.gz,0671fd3d9bf6e130f0ad5c3b03d65ff6
F879B66E860BDBAA5B01F49B8468A605,945,res/Default/Button_Disable.png.gz,9013fbac961d4c9362a5440376e5e4b4
3134F6E5F3F2345FB8D233624CC4744D,953,res/Default/Button_Normal.png.gz,808cd7fca6c75b419214080c1c3c327b
A95A386DAFC86177BD0CEFD9804617CE,1016,res/Default/Button_Press.png.gz,f80320d0bbf4e7cf65427272fc5912bc
DEA017C286D91D9BB7C4DF8652EF869B,1492,res/Default/SliderNode_Disable.png.gz,5ef3c0a80c8c60580662bf090e8e94a2
E498EB7513A3D1A60EF1337352D61281,1499,res/Default/SliderNode_Normal.png.gz,64a3ef302cef0d632293b257bd2cb778
BEA589106AC69ABD711C75FDEC096F64,1426,res/Default/SliderNode_Press.png.gz,ef77960d9964c9b3aff1bfa3b666b943
6B82C399FDF958D127BD91AC7D4F6B42,1031,res/Default/Slider_Back.png.gz,80bff7643531727a2117c0f6accba87e
3D036193DE3294C5C89E1595F8BD31FF,917,res/Default/Slider_PressBar.png.gz,582d2e4ad3206ba43ada2fbe8287a3b0
DA7747CE14762ADE75D240EA7C73D0A9,1597,res/Default/Sprite.png.gz,8610e92e20cdc3b18743850a86feb56e
E53360475742220D7A950BD9B1F744BD,3844,res/piece/shadow.png.gz,962f47b04240953e3d1a476238fedc99
B09C98ABCED57B376EB7329518995AFB,757,res/piece/fy_fight/icon_buff_zhezhaoceng.png.gz,c9d239df696dba48dec8c476095ba11f
04ACA76E2D15B2C32390A12CDB98F5A7,1141,res/piece/fy_fight/ui_hud_cuozhao_cd.png.gz,843f8bc9dab6fdce6e282f55ad41b79b
810E6D062344A838F15E12FE97FDF3DC,621,res/piece/fy_fight/ui_hud_cuozhao_dian1.png.gz,9c60efc6fed0d86e4729e6018acb0a80
3EBB03132C00CA897AA7A90013FA2D19,1580,res/piece/fy_fight/ui_hud_cuozhao_dian2.png.gz,a634150f4ea62f716292d53957150d1c
25933C484C5D1A35063B0966D9B197F5,2818,res/piece/fy_fight/ui_hud_cuozhao_jinengkuang.png.gz,39024fade09ae04e8ba99de54a42aef6
6F107A1AB8F21224B32B00620C03B92A,1063,res/piece/fy_fight/ui_hud_cuozhao_jinengkuanghei.png.gz,8cc12f42941962f00b5ccab688892b49
5AD35079C6DE17FA6FF1B59A32D5EDB0,4470,res/piece/fy_fight/ui_hud_cuozhao_tiaodi.png.gz,ff38cfaa6c1f188f2187283fe80928aa
BCC0516CE5E5BE6B548FF65C912D0401,3250,res/piece/fy_fight/ui_hud_jineng_bn_landian.png.gz,9a25c9b4360e968bdae5c32bd0c01e5f
E0390CB19B6023E77B05292223FD29A0,3285,res/piece/fy_fight/ui_hud_jineng_bn_landian_g.png.gz,7d0d94a4c24256cae116ce019320d676
E8793A5E28627235FF668173B370C477,71793,res/piece/fy_fight/ui_hud_linshibeibao_bg.png.gz,9563168b140091679647ad1d57c8fb68
63E4281DF68DFCB2F7436779A51B2254,2920,res/piece/fy_fight/ui_hud_linshibeibao_bg_01.png.gz,b11a6123d2da0e24675f3485a1926887
7615024EF6CAD021E4C83A8E03658207,4039,res/piece/fy_fight/ui_hud_yaogan.png.gz,ea42a24a9c9120e35624cbe0c7601f24
B98EE3C2183487AB3CB93E0ECC09BF3F,906,res/piece/fy_fight/ui_huoban_hud_di_cd.png.gz,2ac45452121f6b02cb0caef13e331aec
8BB299E00AC32BE23AF51F40EE8C0F09,4337,res/piece/fy_fight/ui_jiaodouc_zhandoudikuang1.png.gz,96b13ed11f6ef13b54a58c460b52afcb
7D50A398E983B2025B2047CAC24CAD79,194055,res/piece/fy_fight/ui_jiesuan_diban1.png.gz,5dcbb561774a9d63b2eaece852c844dd
C93590F58633314566F2D70A4BC670A5,35182,res/piece/fy_fight/ui_jiesuan_diban2.png.gz,8ecf87d57e9e20b3c25687fea74b7d5c
2B17E49977D79DDBBF4F919C4041E48E,39884,res/piece/fy_fight/ui_jiesuan_diban3.png.gz,8a0fb1a54019f8cac2d40dec22b0f711
7C6BE8656A66A3862823FF55F3B6586F,22155,res/piece/fy_fight/ui_jiesuan_diban_a.png.gz,35dc8142a73cbd6eeb81d1a1e38c20b9
53FC9ED440DA176CFF8D2099CB68705E,24818,res/piece/fy_fight/ui_jiesuan_diban_b.png.gz,1511ca74a6e2b0739dc2d65b5d92975b
4604623DC44454F657AE0479B543481C,24582,res/piece/fy_fight/ui_jiesuan_diban_c.png.gz,15af938a355406d00d12e4387352a1e9
0FBC2B8057FB314E40479D7FFF5A90F8,15631,res/piece/fy_fight/ui_jiesuan_diban_d.png.gz,274d709cacfd3511bd06872bad69f8ca
2A67350E4800B8D101610FEAE134CD61,23484,res/piece/fy_fight/ui_jiesuan_diban_s.png.gz,4e0a84cd6bf0518358bdcc612810ecb2
89DA6663B7A3B33564D6F29E4CDF6A6C,22642,res/piece/fy_fight/ui_jiesuan_diban_zhuxianmoshi.png.gz,9eaaedfea347b68dfac0f1092d8f3780
30B36E4523556D269468F4359BF3955E,5439,res/piece/fy_fight/ui_jinyong_suo1.png.gz,0a0af62b45cef348a093d2632729047a
81CBAC27B9A104A9682CB5DDFB0CF9C8,206565,res/piece/fy_fight/ui_xinshou_xinshoujiaochengtu.jpg.gz,2309d5936f0e799e90209d403371d1aa
E16F2B0B797FE2413D029AAF8330411C,4496,res/piece/fy_fight/ui_xin_hud_daojushiqudise.png.gz,ba4817e4a5b70a7d6d736533deb4e0e0
455151AE3BEC3A44EF3192E473F494B5,119,res/piece/fy_fight/ui_zhandou_cuozhaoanniu.png.gz,715a125dd10bdd26ae4745f32472c39a
4AF887B9CAC7F45ABE69C255586AB53C,14730,res/piece/fy_head_icon/ui_boss_jiduoka_4.png.gz,883125defb482cdf881f383a18e81337
6D7BE6F6FBEE732AF42D15A382800239,15847,res/piece/fy_head_icon/ui_boss_manhao_1.png.gz,96974fa39f1fae6c3e9e1d2ca526c345
1DE700E01ECF5EC21E53AB8729CCA883,17466,res/piece/fy_head_icon/ui_boss_nianshou.png.gz,68af607a75bcda77b8a932cad0c5fad4
63A1719FFAC806399964DD02223F2E38,13016,res/piece/fy_head_icon/ui_boss_renxing_1.png.gz,c73d1db4a4d70bdc951cad1d64cc4f88
E72ED3BB05FEB2B861BDE41976BDAA2F,13010,res/piece/fy_head_icon/ui_boss_renxing_2.png.gz,095842ac6f7af18f17d7ca5b789d7290
C27FC69428B223A4F303FC37E8C1FC01,15678,res/piece/fy_head_icon/ui_boss_shoumenyuan.png.gz,7a8f7c71ddbfeb42b318a10f4bb7cc5b
6C44D82C8FC28B64B5412DE1B8A1321B,9662,res/piece/fy_head_icon/ui_boss_touxiang_1.png.gz,f7ce6a9db6569115b07dde74ffaa0ca1
705E1F9C2C0CF47D1BF226B12B791931,9208,res/piece/fy_head_icon/ui_boss_touxiang_10.png.gz,1647f7bf8d1b4011b8d5cd116f2fc487
768B076281AFDF9B192BF317C4B2CCFE,10337,res/piece/fy_head_icon/ui_boss_touxiang_11.png.gz,da1b089ac72ff0241ed6de46a805955d
BA871203158369D69D2285476893DAF5,10587,res/piece/fy_head_icon/ui_boss_touxiang_12.png.gz,714f071405f2a7f929a5a3b5c1ae800b
55F4B27D8E29E9B33427F1B22FFDA3B6,11249,res/piece/fy_head_icon/ui_boss_touxiang_13.png.gz,9f3ab35e2aea4b15d6f963fc1c23d0c9
4B4D662430F4F9EDCB1268CD70AA6361,11507,res/piece/fy_head_icon/ui_boss_touxiang_14.png.gz,658383f04afc908533f1a28d36873eaf
009976EF567EC83790480535C2B9ACF4,9485,res/piece/fy_head_icon/ui_boss_touxiang_15.png.gz,063f8c3795b7baef3b7b4f3ab2964ca1
122266459C01538C3A38F9FFDAA5FA06,10342,res/piece/fy_head_icon/ui_boss_touxiang_16.png.gz,0ce5cd74d9fe379af0d670d96c2168b5
30FEB8FBB26232556B4049285A8C61D1,13166,res/piece/fy_head_icon/ui_boss_touxiang_17.png.gz,4ad5732e4ad339a012c1694b64e3a723
67483EB0C15DD4BA81189DA5057F4931,12203,res/piece/fy_head_icon/ui_boss_touxiang_18.png.gz,8e2605ad1ed7a2f9e5b6e0c6e6845e45
5E22540F9BB01B2F550775ABB10A17DF,11685,res/piece/fy_head_icon/ui_boss_touxiang_19.png.gz,44f48235beb077af5495acff73507189
D3C12E7DBADD625B2E783FCC65C528B1,9606,res/piece/fy_head_icon/ui_boss_touxiang_2.png.gz,0b2a8d156e39c3047a18294c50f435f7
783E26D84F2DF7510013943C7384CE64,12329,res/piece/fy_head_icon/ui_boss_touxiang_20.png.gz,9566bf507d51b5b1b77f8ea3607ff286
E8241ACD88D50D86FC396C17F436E32F,9651,res/piece/fy_head_icon/ui_boss_touxiang_21.png.gz,3c9ada7510d9e26b1f650345b348c755
CE0C38C671B7B166ECE9AA2A35A2CE80,9821,res/piece/fy_head_icon/ui_boss_touxiang_22.png.gz,f2904c73472482d96c470fd6d0a72caf
02EB0EA3512ABD4ACF7F8FED844A39B8,10091,res/piece/fy_head_icon/ui_boss_touxiang_23.png.gz,7b1354bdd1b276596cab61e8e323daa4
7326858101B1B5E8C073BA5D60290585,10522,res/piece/fy_head_icon/ui_boss_touxiang_24.png.gz,7a3018f5dc6df94505d684951807973c
ADD04ECFDA8DE72CEECF17CF587C292C,12375,res/piece/fy_head_icon/ui_boss_touxiang_25.png.gz,966cab8ccf83199b37141502e77f7479
F91EBB99EAB89952598AFE003FF5C36D,12439,res/piece/fy_head_icon/ui_boss_touxiang_26.png.gz,c6912e9e190d4397f5dd47ce452fc43e
B6FA4EFC6631777579899B9C9483695C,7273,res/piece/fy_head_icon/ui_boss_touxiang_27.png.gz,cd403abb58030115a1ef9a5711bea319
72C40E6617C403C58AD1457E46A932AE,7094,res/piece/fy_head_icon/ui_boss_touxiang_28.png.gz,4086aa22e7b85273ec205f9888615081
54953413A886D4DC96373AEA8E7772EA,8606,res/piece/fy_head_icon/ui_boss_touxiang_29.png.gz,3981d1b4be916c18f8790bf1b048837d
65AAE4021726761A1FED0E83F33DE232,10254,res/piece/fy_head_icon/ui_boss_touxiang_3.png.gz,4a69615175a9ddb9695d97e890c5cef8
8B5A1F0BE4FA13B5D2A40E21FFF43017,9700,res/piece/fy_head_icon/ui_boss_touxiang_4.png.gz,ee13bf6560538b7f31cf7a791334752c
D337E34BC22C5D1940DBFB1CA84374DD,10466,res/piece/fy_head_icon/ui_boss_touxiang_5.png.gz,f02651023e0e94194f3297484bd28256
E53A2913EAD8AC8007A6844A959E53D9,11573,res/piece/fy_head_icon/ui_boss_touxiang_6.png.gz,a3090555ada5ab1793c8737e9688c1f2
35E9E1D6431A2E3DA16B45579C7F1394,11234,res/piece/fy_head_icon/ui_boss_touxiang_7.png.gz,9cb4493921b0f739a9de7eac7f02a66d
F8CDAD93C9463463593990D6B83E11A1,10920,res/piece/fy_head_icon/ui_boss_touxiang_8.png.gz,0c98ea5785926859e7fb5ceb39dc24b0
8174AF5F073931CAC5E4E82197542A72,8481,res/piece/fy_head_icon/ui_boss_touxiang_9.png.gz,721797b3d983b1fba06b417cdaf2dcf2
646BFE45A7591A8FBD8DE8FFC3DC5DB5,13175,res/piece/fy_head_icon/ui_boss_xinghenyu.png.gz,9fcc4639b89e94f559a449c5e958f90d
D8504D23F221C65BF52E73B049CDDDCF,14415,res/piece/fy_head_icon/ui_boss_yiyinglong_1.png.gz,5ad01dc8cc65cf57bd507136b9651967
41B47CEE97D2FB61B242B0F3628B2BDF,14160,res/piece/fy_head_icon/ui_boss_zhangyu.png.gz,4b5ed9519de51475e77df6e30d522395
5B6977DF1CD763BD5F3D4A4E17F0B455,15406,res/piece/fy_head_icon/ui_boss_zhangyu_bing.png.gz,af12a16b117a3219e9386a5e70420c36
23A6A20173BC0642D16915183049D49C,14830,res/piece/fy_head_icon/ui_boss_zhangyu_di.png.gz,87768633922c59a6f49fc272e4605186
5D3DDFA289B5EA5B6DE701CCD7A0DC63,15768,res/piece/fy_head_icon/ui_boss_zhangyu_huo.png.gz,742076267332ca24188aad6aabe7fe7b
45C6C109889D88DCC955137F82B1D814,14816,res/piece/fy_head_icon/ui_boss_zhangyu_lei.png.gz,e042928adf0af280161ee538eee972e5
AFFE51F55804A383258E8EFBB216B2C6,16422,res/piece/fy_head_icon/ui_boss_zhangyu_wang.png.gz,53bb44b8e58bcddc328f48eddbc71e76
E3A1CE2FEA2CBCD5E40395FF07C472DA,10057,res/piece/fy_head_icon/ui_guai_22_a.png.gz,3bde9a538346cb2e15d98938d0adfe11
403EAE9E2D40959E4AAA4E7A02E93B9D,16067,res/piece/fy_head_icon/ui_guai_24.png.gz,a9f8d102d59ca3b2629794508e3675a7
52B5158BE3B1B300624FE36568E87003,19578,res/piece/fy_head_icon/ui_guai_25.png.gz,1b04c63c4b1c80bd970ecf38eb45f3dc
F8AA82659C1201C3726814296B87C2CA,17411,res/piece/fy_head_icon/ui_guai_26.png.gz,0cb4f6964779c3677a7c98954f108e23
573AF76C9F9A344E2AC98AF46AFF654C,12183,res/piece/fy_head_icon/ui_guai_27.png.gz,eba6af670155abade47218f31cd9c5c7
5F7551E32DB1602CE95530244C38B9AE,11595,res/piece/fy_head_icon/ui_guai_dicanci_a.png.gz,930f410352bfb4c60b365bcc102270a0
54FCE1BE0B59972D516FA8F57A360842,13051,res/piece/fy_head_icon/ui_guai_dicanci_b.png.gz,f9a272bbdd3354c712280644d8730da5
4E7F506B2FDA6EBC5365CA86423AB051,15263,res/piece/fy_head_icon/ui_guai_duyan_a.png.gz,e2c3d32ab560a9510e316d71d99aaf93
4178BEA3B24A535F1F6448CE266688AD,15703,res/piece/fy_head_icon/ui_guai_duyan_b.png.gz,1b4a0fd4a545e4938c167a2565d104b5
72991B1CA89A7E2A5CB7F1038D8906C7,18882,res/piece/fy_head_icon/ui_guai_feicanci_a.png.gz,012a359667a900aaf813ec523d8de87e
F2BAE891F61303CF9CE7C08379E14B69,19773,res/piece/fy_head_icon/ui_guai_feicanci_b.png.gz,627530226e8c81c98f47cce36a59eecc
59B72DF52ACB3A314DB0920851D52542,14703,res/piece/fy_head_icon/ui_guai_guidajian_a.png.gz,32c70c1c1977a0bfae315db8351d6325
B2E1E0CCBF2EA19C7931F6D0B8DFF2C0,14617,res/piece/fy_head_icon/ui_guai_guidajian_b.png.gz,74dc38308c471420d5780b74becaa816
F8558CA27013E99CA78F62AA9615EEA5,13465,res/piece/fy_head_icon/ui_guai_guizhua_a.png.gz,c80ff17a171f63f529affd161bbac3cb
72C181D6D94B908D46A11DC767123F13,14483,res/piece/fy_head_icon/ui_guai_guizhua_b.png.gz,cb9ff83842280ea02d05f642f91ce0f1
CA5E27D32C46F5F8504B4B03D80998EA,17052,res/piece/fy_head_icon/ui_guai_huogou_a.png.gz,833f66a32cce82d7a79ac40d661a7fd7
F577541BB36ECB1CD3981A455F390000,16166,res/piece/fy_head_icon/ui_guai_huogou_b.png.gz,58584fe0ad1456df5354a4a060a72cbe
1E3A4324F456EE6306324E7CB767F79D,14930,res/piece/fy_head_icon/ui_guai_jigou_a.png.gz,1cc8bdfbcbae8122b208ba8b84be7002
6CD13C808C28177E2F4CFB3EFC425EC5,19260,res/piece/fy_head_icon/ui_guai_jigou_b.png.gz,81bc8f74f462196940baaa7251c91866
7298A14A2B1186587683C7E42EF48437,13444,res/piece/fy_head_icon/ui_guai_jufeibiao_a.png.gz,4bb5e2a8bed7f1e9ea4558d2f36469bd
F3F71E04380027A3DBF3F5DD2F7A11CF,13378,res/piece/fy_head_icon/ui_guai_jufeibiao_b.png.gz,ce026f3f2fb03c852fd0bb913ceecc54
31D8AA4BAB06D3D895EA700CC68EE948,12161,res/piece/fy_head_icon/ui_guai_juji_a.png.gz,28325d6c6bc45ebc5a81f0e8cecb5067
D9AE98F2103D9671EF8D6F00C447BB3B,14560,res/piece/fy_head_icon/ui_guai_juji_b.png.gz,06b4730d83830f7d6fd2a2240606f5ed
166F0B13704F9C020FA87F629C4619BD,18342,res/piece/fy_head_icon/ui_guai_jumodui_b.png.gz,0c27e4b488586cb64c1095a35d766843
5CA3655A1C63EDC0B219923F9549882A,12819,res/piece/fy_head_icon/ui_guai_jumodun_a.png.gz,434710ae2aad4949d94e82b514947d69
ACA17B4C001C2DBE43B2F1368C3185B4,17597,res/piece/fy_head_icon/ui_guai_jumodun_b.png.gz,476abf890e09d414f4bd60394e5f7c29
BF299EC8241D805B36EB975B7E0F0129,12819,res/piece/fy_head_icon/ui_guai_jumoren_a.png.gz,434710ae2aad4949d94e82b514947d69
14B6D08F9C32168EF69AB49F59029586,17597,res/piece/fy_head_icon/ui_guai_jumoren_b.png.gz,476abf890e09d414f4bd60394e5f7c29
C63F118DDAAE3BE327E623ABAE321ACB,13444,res/piece/fy_head_icon/ui_guai_jusuolian_a.png.gz,4bb5e2a8bed7f1e9ea4558d2f36469bd
953477FF07C8F4D02A14E6FDCB8629D2,13378,res/piece/fy_head_icon/ui_guai_jusuolian_b.png.gz,ce026f3f2fb03c852fd0bb913ceecc54
F8EDE5CDE9E348087234EA6731F595EB,13591,res/piece/fy_head_icon/ui_guai_longdajian_a.png.gz,b8952b846bc48ecbcb4d07a34d8f45fc
C46A999C873E4761D3B164AEB9EE33B2,12323,res/piece/fy_head_icon/ui_guai_longdajian_b.png.gz,d8e91ca942374c7824e822e9395f3910
99887DB5E2D806E2A3804110B7F9E90C,11564,res/piece/fy_head_icon/ui_guai_longqidao_a.png.gz,b4a4ebf3fc38c9af8c9a2fd1317b269b
8BBE40BB9775768F847C51DBBBEB9591,12234,res/piece/fy_head_icon/ui_guai_longqidao_b.png.gz,2d15e13ce663f4cc6c62f60df6dcfa9e
D2393960AD0E8193B0DD2CE4D16D8A16,12653,res/piece/fy_head_icon/ui_guai_longqidun_a.png.gz,7bf9e7b4b3b8ad7645e522c110639e26
881E1CD03DE83890F50E8C75D0DDB741,17080,res/piece/fy_head_icon/ui_guai_longqidun_b.png.gz,6b948fb3795aacbb539bbe7ac11241d1
685D5C9A4B44BBF7DD20A41FEFA4313D,11564,res/piece/fy_head_icon/ui_guai_longqigong_a.png.gz,b4a4ebf3fc38c9af8c9a2fd1317b269b
C029BDCFF34E49427B2F2762D8F88BAD,12234,res/piece/fy_head_icon/ui_guai_longqigong_b.png.gz,2d15e13ce663f4cc6c62f60df6dcfa9e
70C41A57292E91F34641F6F92179E500,11564,res/piece/fy_head_icon/ui_guai_longqizhua_a.png.gz,b4a4ebf3fc38c9af8c9a2fd1317b269b
98A8E72F00C8ABE4F2F4CBC51B6938B0,12234,res/piece/fy_head_icon/ui_guai_longqizhua_b.png.gz,2d15e13ce663f4cc6c62f60df6dcfa9e
5A30BF8C68ADA88F921C90A3A4770853,17953,res/piece/fy_head_icon/ui_guai_malieke_a.png.gz,7bd508667cd535c7aa6950a4f10ab58f
11399B92B9A4BE32A1927711FD820F48,18679,res/piece/fy_head_icon/ui_guai_malieke_b.png.gz,e86ee0e520e26deda887a5e2c0d04800
001A708F14C3A5877E6D9FA23DF3392B,13612,res/piece/fy_head_icon/ui_guai_qiangbing_a.png.gz,0aadf95bf30f264226c7d8115174afa7
82BE342AF09E89A90084B94C79C884CC,12323,res/piece/fy_head_icon/ui_guai_qiangbing_b.png.gz,d8e91ca942374c7824e822e9395f3910
98441497897068DBE171CA632A09925B,16227,res/piece/fy_head_icon/ui_guai_yagou_a.png.gz,21e2fa5a67ce389b5858cb9be6b273c9
57561E6466ABB737C5031AFE45BE3E02,16603,res/piece/fy_head_icon/ui_guai_yagou_b.png.gz,97de7b7d19c2ea19c9c05f8ff4f0454e
7FB9DBC5DAF7B62478A7EF1593E9D714,8767,res/piece/fy_head_icon/ui_hud_xiaotouxiang_1.png.gz,bf0097d56aa0799f5bda2b3e87ffe70e
ADA8EEB4C1027728E6B8B14414E43F0D,6836,res/piece/fy_head_icon/ui_hud_xiaotouxiang_11.png.gz,b1ee5740dd91d060405da5f518f6a7c7
E2D999A8C19C2535BA5C3A09A9CE30F2,7112,res/piece/fy_head_icon/ui_hud_xiaotouxiang_12.png.gz,fefff6d7472531baa395937606284be5
FD57745693508EB117BD7C88D2220D97,8033,res/piece/fy_head_icon/ui_hud_xiaotouxiang_2.png.gz,148e37fda07a071bc4f1dbdcb984087e
70E72F2A77B273174173FE38C3E9874C,7058,res/piece/fy_head_icon/ui_hud_xiaotouxiang_21.png.gz,aa6d4b182dabfc35fd8334e77ff6985d
940A270D3101E2E230307A7574E3EAB9,7242,res/piece/fy_head_icon/ui_hud_xiaotouxiang_22.png.gz,6b5771f1494264807661a04a18c91db9
002E814160B389E74523005C1159DFA8,8206,res/piece/fy_head_icon/ui_hud_xiaotouxiang_3.png.gz,f297777b49bd58239f2b0fe73aa4fe8e
EE389AE60FF9E573DD7476F6A696C240,8572,res/piece/fy_head_icon/ui_hud_xiaotouxiang_4.png.gz,3cf090eb66d55cd8a35e92532912aead
062B7B0F5B14A379C5E0EFE29B97C7B5,10186,res/piece/fy_head_icon/ui_hud_xiaotouxiang_41.png.gz,dfcb834e21c433b323d856318509312d
5DAA68C300B9413D76F0DBC5D96E6AD7,10432,res/piece/fy_head_icon/ui_hud_xiaotouxiang_42.png.gz,aa1a4141d41a2ffc17b3a7b721eb37a5
B229F3BDDE913AB32CF530D665EE31C8,35701,res/piece/fy_head_icon/ui_jiaodouc_touxiang1.png.gz,6df2834f298a98ae6a3cce8cf7506069
F9E3619777711CF08B2362E9C3D2D0DE,61970,res/piece/fy_head_icon/ui_jiaodouc_touxiang10.png.gz,0bba26eaa559a93fec12dba76a7e7198
4692BAB783F0F4230F7FD8DC48D52E44,82682,res/piece/fy_head_icon/ui_jiaodouc_touxiang11.png.gz,b90cf51fea2cc2c98dd1757bc2e6d317
9F887759E85B0C6713FDFF217E507896,63155,res/piece/fy_head_icon/ui_jiaodouc_touxiang12.png.gz,64f9b47e9207e16c55d43e265183a002
17F100CF30F368D98A6C394AA0C5FDD6,56353,res/piece/fy_head_icon/ui_jiaodouc_touxiang13.png.gz,59af3b13b14625f132cd5c9b953f4ab7
BE06C3BC257869BA9E18255C77D449CA,54376,res/piece/fy_head_icon/ui_jiaodouc_touxiang14.png.gz,2d09cac3cedacce6332dbf7c090ede59
709B44E74AA751AF307C1249D07D432F,65115,res/piece/fy_head_icon/ui_jiaodouc_touxiang15.png.gz,e3bf14afa21e986b58dd25dfb7b71dbf
2BB834362E5615CF20F6B3BE262B5522,64004,res/piece/fy_head_icon/ui_jiaodouc_touxiang16.png.gz,0d4e831ce85de9336aee971070b8d8ec
068FC2B70151E325CDBBD1EBCC06D732,68373,res/piece/fy_head_icon/ui_jiaodouc_touxiang17.png.gz,4984e6a667162ec4d7cfe9f73f992293
E06B35FA45F4A927941152E167526933,60746,res/piece/fy_head_icon/ui_jiaodouc_touxiang18.png.gz,85efe9ee322df11f13a3e9ea369ba11e
5C355353634498153E81010470637F29,64289,res/piece/fy_head_icon/ui_jiaodouc_touxiang19.png.gz,2f1a9e11b44373ff2509bbf0387f8f34
D82008DAEE2731F3F8E15C57A418D035,57651,res/piece/fy_head_icon/ui_jiaodouc_touxiang2.png.gz,1723bb386a2a856c4b3640ee0395b139
AD05AC37C122F5D6036EAA6716FC335D,86477,res/piece/fy_head_icon/ui_jiaodouc_touxiang20.png.gz,c4a974d43fa2bb6763627f58d4d2b1f4
9A122AAE679B6EA391E727BA74D26778,72447,res/piece/fy_head_icon/ui_jiaodouc_touxiang21.png.gz,4111f4a3cbd98d1a6c22195a40b26609
EBF42483C65181E35DD669D7A66A47A5,59794,res/piece/fy_head_icon/ui_jiaodouc_touxiang22.png.gz,b26bd7672dc15bbf42d775dfa4de2f13
5DA3308B173160EBB0B3DA2034997C8C,64065,res/piece/fy_head_icon/ui_jiaodouc_touxiang23.png.gz,4cca114897c7cb4b0ec4a5b428d2386c
8F7E021F658E011A51ABB76FD5DBF1BC,82414,res/piece/fy_head_icon/ui_jiaodouc_touxiang24.png.gz,78618a179c8557dfc930dfe2742cc526
49470C790D6D73FE524FF17950476435,30054,res/piece/fy_head_icon/ui_jiaodouc_touxiang25.png.gz,87be3e908d2ee41bfa72e748cc74a523
5D7B93586315AEC3F7DD59563CD5FBD5,56455,res/piece/fy_head_icon/ui_jiaodouc_touxiang3.png.gz,ffdb76fd919f16bb89ac5fe9b8fdf73f
A033E0A9768BF6863FF82F7FA313E329,47752,res/piece/fy_head_icon/ui_jiaodouc_touxiang4.png.gz,6f75a331cfeebbe798aea7e467515ab6
5A94FC76287324527E247028872290BB,54868,res/piece/fy_head_icon/ui_jiaodouc_touxiang5.png.gz,af3f9cc853c8ae476121f9601e82e612
001B6BB6E53F5E9000E8B4A994459F3C,50429,res/piece/fy_head_icon/ui_jiaodouc_touxiang6.png.gz,aaffedfa4659b5d4c39d521e7c9a900a
9ECBBCE911D4D9C8FEE8C75FBE4A0BAB,47016,res/piece/fy_head_icon/ui_jiaodouc_touxiang7.png.gz,92b0295015042961df31ff0482994f43
EF668597878B8529C2DFBB1583B2613D,49092,res/piece/fy_head_icon/ui_jiaodouc_touxiang8.png.gz,24e72db20e6a834e9166ea42621e18e8
4CC68473FA120A98120F366781D12269,67819,res/piece/fy_head_icon/ui_jiaodouc_touxiang9.png.gz,5319d4e87cc2084d7a19a2b5d9d79003
B4AAF6F87065008F1A6649AF6394F656,14830,res/piece/fy_head_icon/ui_jiaoshejiemian_touxiangkuang_kongju.png.gz,ad51e9ce21f622a9d21062edd2902661
1B39A3C9BC25CBD8AB53257925DCBD80,12187,res/piece/fy_head_icon/ui_touxiangkuang_duanwu.png.gz,b5a6ee12d0ade4c2fb05dc22da3ed385
14ECDDA7F5EA764912640D58644BBFCA,12004,res/piece/fy_head_icon/ui_touxiang_1.png.gz,152722f3b353d66f8810eddf70925e5c
89F202F684F406A73AF0B915ACF720BC,10383,res/piece/fy_head_icon/ui_touxiang_11.png.gz,beedf0401ad8c95fb8169f92935a4baf
5834614A168B5D43167884C2029414FD,10832,res/piece/fy_head_icon/ui_touxiang_12.png.gz,4422a144b495fb8fa7b253c432d8f051
E5FD3ABC2F14688DEF975F4207B43BA6,11134,res/piece/fy_head_icon/ui_touxiang_2.png.gz,66fccacfb5c0179dd5e94148594ad031
08EE8796007A87BD6A1F91B0A3F042FC,10943,res/piece/fy_head_icon/ui_touxiang_21.png.gz,73556e79d22436ff01fb337980c9eeb8
02751B03349DDB0926E941F63864AEB3,10677,res/piece/fy_head_icon/ui_touxiang_22.png.gz,157f4cf005a03454a52e499beddba2e4
A733D383787A74C7FE043F029E5535F0,12461,res/piece/fy_head_icon/ui_touxiang_3.png.gz,98559e2be60cdf311314219111f1cf9a
0DF5AC41BC7448D504D9CB331EB27DD5,11954,res/piece/fy_head_icon/ui_touxiang_4.png.gz,f2cefb1881dd8fe25707b5c79327623a
2F7DA8BE3A439B4CD3306B8F898CB771,12094,res/piece/fy_head_icon/ui_touxiang_41.png.gz,b8b2426c938962ac4522b9738e00553e
E0F5BF337FD25126B1BE7FC00F213031,11357,res/piece/fy_head_icon/ui_touxiang_42.png.gz,56f2ecb3506952cd6df24da3d7792874
B276BB25478E7DE9B6974D9F254FB004,11266,res/piece/fy_head_icon/ui_touxiang_ailin_1.png.gz,e757b05d1878c3f7a494040ea4983b2e
1E42758878985547162217CBEDE3FA39,9954,res/piece/fy_head_icon/ui_touxiang_ailin_10.png.gz,19778d0907ba98b9eb1d3091876c1b99
63907046884DF77A15DA03A667ABCCEC,9217,res/piece/fy_head_icon/ui_touxiang_ailin_2.png.gz,51b4e7420f629ee34e896dd4692bff45
E6E7DFC78F8212A994A11BA480FE50D6,11986,res/piece/fy_head_icon/ui_touxiang_ailin_3.png.gz,cb9c6c07c9b04e234916e02b2bc8c187
12B9DA84B9A5839E46FB06E39A8A6889,10939,res/piece/fy_head_icon/ui_touxiang_ailin_4.png.gz,d29c0636ec411e84b04fe75a811eafa7
E56AD891FB09944909DB6EF843B8741E,12079,res/piece/fy_head_icon/ui_touxiang_ailin_5.png.gz,524cb4d09121d540748d5ee9ce8d0bc1
1EFA0203684907A8B129D9214EF85FA5,9477,res/piece/fy_head_icon/ui_touxiang_ailin_6.png.gz,063ec1779a654b92f044bf82149fa728
6E4DAA50AD3C41BF7D7FA5A4A572848B,10582,res/piece/fy_head_icon/ui_touxiang_ailin_7.png.gz,a4dfe3deff548468e43af8970ad6ab40
49856C1F1FE0830C499D96FA850380B9,14993,res/piece/fy_head_icon/ui_touxiang_ailin_8.png.gz,da313c44209b9ffdeb8e28e80d05e8e9
92E32163F4E9589C6661B3C1E78BEE48,14748,res/piece/fy_head_icon/ui_touxiang_ailin_9.png.gz,5ef6ef4f7a01adef90e1ef0c3f421a79
834135C47C9875B5FE6A2AA216806473,5786,res/piece/fy_head_icon/ui_touxiang_guai_1.png.gz,50bddff001a2afa3b6d2a47221a0bcaa
9B06AF32AC79CD16634D000F69B416C2,10361,res/piece/fy_head_icon/ui_touxiang_guai_10.png.gz,8b1591265b905eca8a0adc50469c8c72
A8BEEE76ED02818AB2A4DCF40BCBB3A0,16110,res/piece/fy_head_icon/ui_touxiang_guai_11.png.gz,6e328411171c6452cf0ee2ac0c99d97f
F535C70530A5CC0981E00C5E37A3A890,13195,res/piece/fy_head_icon/ui_touxiang_guai_12.png.gz,9e2a2230069ee28d8bbde962a1002cb5
2A9CCE8FA7DAE285A3AF477B4DB9D810,12242,res/piece/fy_head_icon/ui_touxiang_guai_13.png.gz,a28a54d54ed64d66b98e37304ddd2101
B03EA8A0A1A2A7C4FDA6BB47A2E86745,15926,res/piece/fy_head_icon/ui_touxiang_guai_14.png.gz,e3a013e4446b867656d8ca6bfc54adf8
3BBD352EB387458FADE9BA54F8559E91,15477,res/piece/fy_head_icon/ui_touxiang_guai_15.png.gz,b9fa4b39f152de09bdd7e865483703ef
AE6D215A6B9D32D82AAED8F34AD274C0,12057,res/piece/fy_head_icon/ui_touxiang_guai_16.png.gz,4705f1b10bed0562aac14b00293bf5e7
9CC34E05922B566C225050E09E9B6DFB,11894,res/piece/fy_head_icon/ui_touxiang_guai_17.png.gz,813dbd359e6f071784a4c1028a764717
B5E7D8DB8FEF6B56460E9A1B4DDF6A24,16760,res/piece/fy_head_icon/ui_touxiang_guai_18.png.gz,cf1966018222660dceaefcaf7586ee2a
F69F1CDFD9AD30640ADF7447E4F5363A,12045,res/piece/fy_head_icon/ui_touxiang_guai_19.png.gz,ce90d1422bfa4c30d8496976ed39c57e
98B034E06707F692529F26073D0F912A,13224,res/piece/fy_head_icon/ui_touxiang_guai_2.png.gz,d8e31f2978f9b4fd119edeb46715cca0
4E7BDFEF93A9F910E9A3E831DF03D2A8,11663,res/piece/fy_head_icon/ui_touxiang_guai_20.png.gz,59a457d1c70cf691f7558569867091b1
A9F432938583A973E57EC1D116BDF9BB,12499,res/piece/fy_head_icon/ui_touxiang_guai_21.png.gz,92a990d57b3bebee5ff9599e8d3e373e
5D4E93E4BB45D448D89EF51A7EEB6145,8695,res/piece/fy_head_icon/ui_touxiang_guai_22.png.gz,e20ff86c710446a651888f30ab5b1319
902987E1D12F4A863007988136D6B166,9744,res/piece/fy_head_icon/ui_touxiang_guai_23.png.gz,5e88d25e65dd5d9ad9475ac24d977403
A2DBAFD9866D3E7B0D2A52985F38017E,9927,res/piece/fy_head_icon/ui_touxiang_guai_24.png.gz,c359ad240f8873c37ef5d85a3caa6282
F4A5223F1C9790D4DFF197A7C7835E55,11060,res/piece/fy_head_icon/ui_touxiang_guai_25.png.gz,474ca426dd93113429997b1615dae0f0
B13EB93F60F421187D121823F4821FA2,11491,res/piece/fy_head_icon/ui_touxiang_guai_26.png.gz,46455af43c0e8d6596da002761152807
3B5F3B533F4513390723510685440340,10442,res/piece/fy_head_icon/ui_touxiang_guai_27.png.gz,70eb782d70bd27cc8fb0cc3da7ac9cee
CD63B0A7ACFB9E4156BC2B42EA2013A0,13833,res/piece/fy_head_icon/ui_touxiang_guai_28.png.gz,c63c7ed4f01588da2e327e5020ba2fb2
1331206E6094434C96F7C61995FD580D,10733,res/piece/fy_head_icon/ui_touxiang_guai_29.png.gz,33b3d61b43a70d1b2efb3eea2ccda6da
7552C8F1BEC7CAF859940BA6D9ADA8E9,11814,res/piece/fy_head_icon/ui_touxiang_guai_3.png.gz,c7b62ebf7f61552dd2af0e674e928963
F333C24B4088F534FE95476954AB4B18,10529,res/piece/fy_head_icon/ui_touxiang_guai_30.png.gz,f707fb87a4402458517b7be5dbfa1996
7AEC748D80B2FF9C8E6091AC0EB02E2E,10800,res/piece/fy_head_icon/ui_touxiang_guai_31.png.gz,aa2f80f632ed49ecbb3d607feb3b5626
9B15EF9404487CCD50B91F9E3788D4E7,12359,res/piece/fy_head_icon/ui_touxiang_guai_32.png.gz,230505a67c957834d0ef13273afe4425
95392601EB647F3A0CFE9BC3C39696DB,14480,res/piece/fy_head_icon/ui_touxiang_guai_33.png.gz,93145536e73e7d42e6dd10dc73d19fbd
E791B0B7C80C407C4C11ED09310065D2,11762,res/piece/fy_head_icon/ui_touxiang_guai_34.png.gz,e65b029ddfc6d6e78f2e773f2583e74c
4FDA627D1D973431D2157C1191894F1D,12011,res/piece/fy_head_icon/ui_touxiang_guai_35.png.gz,c398fa2ad6c01595ef4ae3d9d228ca2a
351E99B621CD31FEE8393A13C0114E69,10967,res/piece/fy_head_icon/ui_touxiang_guai_36.png.gz,6c8c1134dcf8ba88f6cdc7be9154a5c5
64A7696FABDC1527F2090A9BC2D2D33C,13286,res/piece/fy_head_icon/ui_touxiang_guai_37.png.gz,a3b8fd9cfbb0bd0d78ca85f9b3492d58
0138284B59930813E35C7B3570F05814,13387,res/piece/fy_head_icon/ui_touxiang_guai_38.png.gz,57f142b2f749de087518aa5a2ce6f78b
6F49736D8EBDB0543D31CDE3761A29F8,12118,res/piece/fy_head_icon/ui_touxiang_guai_39.png.gz,721093e899b51cef27c71a50d6e7c865
27BCA3776DDCC5FDBB6D823538CD3D6F,14133,res/piece/fy_head_icon/ui_touxiang_guai_4.png.gz,78ec97210daa1a22d070436f52cb08b8
78A8441547FF20BD675076806A4A3DEA,16797,res/piece/fy_head_icon/ui_touxiang_guai_40.png.gz,53c964b67f5df000120a4f16a79baf8c
D6CA23AD45343E92F2817A6AC183A6C3,11471,res/piece/fy_head_icon/ui_touxiang_guai_41.png.gz,c016ade72918b95244177006a7539810
62FD90DBC251FB8FA1DC3367DEF50F80,9902,res/piece/fy_head_icon/ui_touxiang_guai_42.png.gz,3746af4c3e632f316c0a5be05f40090e
28732A12221C5E64C7A69625DE9618E7,10929,res/piece/fy_head_icon/ui_touxiang_guai_43.png.gz,4665b9c79ca94efa5c6868f8164a870b
9882DF2CE07C82E772CC99C1009E5875,17244,res/piece/fy_head_icon/ui_touxiang_guai_44.png.gz,5e961ffc4655a31ceb213de603386c41
8466E4F418B0919F382FA894B522AA50,13285,res/piece/fy_head_icon/ui_touxiang_guai_45.png.gz,97f2c043f51ffa337624533a89fd1698
6E6F775D07B0AB154DD440DB45C3EFFA,14020,res/piece/fy_head_icon/ui_touxiang_guai_46.png.gz,a07069a550703b92b2dd9698e2505139
55B08605E5D67F6FEB026B270DAA1E08,17741,res/piece/fy_head_icon/ui_touxiang_guai_47.png.gz,9211c15876b2719b9901dfe837ad3232
03ACCF9FA4AA62571308E6323370E52D,15816,res/piece/fy_head_icon/ui_touxiang_guai_48.png.gz,86b071b780e9b5557721e5a91a72ff93
3CEA79403BFBF6DDA62E7AE348D39116,12999,res/piece/fy_head_icon/ui_touxiang_guai_49.png.gz,f983aa14a175e6b6552be7d377f8d4c0
8E1F0245F532A8B69FE537DEC3F2BE3B,13173,res/piece/fy_head_icon/ui_touxiang_guai_5.png.gz,f1c7a64c3d43309bd4de415c9db9dc2d
A6ECC84BF36BB6C27CA6822C7FF4C9BC,12193,res/piece/fy_head_icon/ui_touxiang_guai_50.png.gz,a55ddef2aec4af4000502fc65a60a390
3B4190CBD91297B6919A6C993DB2C152,2021,res/piece/fy_head_icon/ui_touxiang_guai_51.png.gz,00dcf7f2ff43153ff64008a8a907df62
A7048EB49F5B5FB1F0AD4F6FEE3F5F8D,2102,res/piece/fy_head_icon/ui_touxiang_guai_52.png.gz,13de34840f53f796e99e76b2cbbdfa96
5F9BCAAD6C101DD73D9B5DBDBC9676EB,2288,res/piece/fy_head_icon/ui_touxiang_guai_53.png.gz,1e263c6be028cbcb0aeef3e4605e5df5
344A7BF93D3B8FBF63DFCA0143F21B62,2323,res/piece/fy_head_icon/ui_touxiang_guai_54.png.gz,524f53d2dc49d6b7e57ec19e20b1ba3b
E8940CCA158B4EF394718C0B3D7347A4,2679,res/piece/fy_head_icon/ui_touxiang_guai_54_heiying.png.gz,a1ab68af421e1b241038da02ebe7ea1a
AC1864D56A9B83FCC6B62BDF4FF04B8D,5465,res/piece/fy_head_icon/ui_touxiang_guai_55_heiying.png.gz,2e61b8cd365fa5d5b1870354312cc228
BB0EB11279A38BB79B93984BC0E83124,2687,res/piece/fy_head_icon/ui_touxiang_guai_56_heiying.png.gz,97f8ace51127a9471192faf6280ac275
529277069144D39E03C85B76CEF1DC5A,2614,res/piece/fy_head_icon/ui_touxiang_guai_57_heiying.png.gz,fdb63219c229778b3b10543aa1842497
01808F5F531958407C261AC217414BCE,2904,res/piece/fy_head_icon/ui_touxiang_guai_58_heiying.png.gz,d296de516b96b7b3e94b8679bc692ac3
9F45F0F8F1E04940916BEC6199964AEA,2353,res/piece/fy_head_icon/ui_touxiang_guai_59_heiying.png.gz,b0b8ca8c507be699b6ff7bb2490b77e2
A626F734DB5E7076406B5473C6F360C2,15184,res/piece/fy_head_icon/ui_touxiang_guai_6.png.gz,2fa45edf9b18d46403d0f0e7c91d89c0
BB9EC947513D75A8FE55D4A151C48889,2910,res/piece/fy_head_icon/ui_touxiang_guai_60_heiying.png.gz,0272173fc6432b53ad8321923987243e
666EA0E16E2C2AB0292F1B0DED3BC0C1,2955,res/piece/fy_head_icon/ui_touxiang_guai_61_heiying.png.gz,b27a6fd3e15748a22c2c15f28149f165
33958B34DEB17C582BF3AFBDA63BA210,9772,res/piece/fy_head_icon/ui_touxiang_guai_62.png.gz,fa52cfd1fd3c68ad5c594651e492cb7e
162331428F3FB9415484E5F8FBDEB8DE,15944,res/piece/fy_head_icon/ui_touxiang_guai_63.png.gz,181d401f5755bacb69d5154891da9904
91800E1FA4AEDAF17508D6E226177B2B,15259,res/piece/fy_head_icon/ui_touxiang_guai_64.png.gz,4254557c93d15b1c2ab9d54c8de9b8bf
612A3792739A8DEFAD114981FAAC01C9,15023,res/piece/fy_head_icon/ui_touxiang_guai_65.png.gz,097030790ae9e13460b042b6ed3daf61
B8B796A068AE8D77EC4AF0A10886FD49,17096,res/piece/fy_head_icon/ui_touxiang_guai_66.png.gz,cf1964ec2f0b6c39ff3252bbd79352ca
259B92E3D321B1D7C6265AA4661C58EA,13864,res/piece/fy_head_icon/ui_touxiang_guai_67.png.gz,093709cceb5633f101c8725cc6c30dbf
52CBECF26B5A4FE3D731C73D2782284F,14180,res/piece/fy_head_icon/ui_touxiang_guai_68.png.gz,288ca06464f9e39b53a2e07b7e201e0e
4337F4E2BA74C52361BC1536D04FFC6A,13794,res/piece/fy_head_icon/ui_touxiang_guai_69.png.gz,759ef38adf40ea0331c248c7a1512209
57304E013E3F9545D30C1A62A0273F2B,14490,res/piece/fy_head_icon/ui_touxiang_guai_7.png.gz,4899f7552932fa8543224fd0c505334f
B06B10EE7C291859B62E6CD8BE8AD829,10550,res/piece/fy_head_icon/ui_touxiang_guai_70.png.gz,2e72cef2ca0c24b5229f5687f4e44197
0C3CB36E393B15E525704DF269BB2477,10345,res/piece/fy_head_icon/ui_touxiang_guai_71.png.gz,762eb59943416b6769410ecb139770fa
28A9E242FAEDC81B32EFB2D2CAF95B1C,11482,res/piece/fy_head_icon/ui_touxiang_guai_72.png.gz,7fb291d3e5b39d0946dccc2a0066cbe5
BC0DDD8A966D760CD53183ECB7B0118D,8700,res/piece/fy_head_icon/ui_touxiang_guai_73.png.gz,19be4f0f0c6eff51c9a3b3ff57ece56c
F01362AF102E9C226C04201DF91EA138,13906,res/piece/fy_head_icon/ui_touxiang_guai_74.png.gz,f5ce9d4ebef60efe2d67995f85ed9535
5AD2B4AC140FB2D6036A81B4776E9763,14581,res/piece/fy_head_icon/ui_touxiang_guai_8.png.gz,da5518d200f3b968789bd65bfb1716a7
396D3CA6E716ACAB4CBCDB10E538278C,15243,res/piece/fy_head_icon/ui_touxiang_guai_9.png.gz,fdabcb9f2687719662a2ae70673d2965
06CE55F9519E85231809BDD304EBA7FE,12123,res/piece/fy_head_icon/ui_touxiang_mofangniang.png.gz,4f3824be3ce00c3aaa62d84d45383933
AEE25FBA4726FDA8F5E5BD234DDD79BF,16867,res/piece/fy_head_icon/ui_touxiang_newailin_1.png.gz,f0bf5850e1f969357633b4c46fa3efa1
72E892DEAB6BC7747EE7DE53D12CC59B,13972,res/piece/fy_head_icon/ui_touxiang_ren_1.png.gz,19e77bf385dd09277437097418ed5415
E0B7D5445A478D0137BD0A0AAB5C06EF,9718,res/piece/fy_head_icon/ui_touxiang_ren_10.png.gz,617fc192f3ef6a123ff2ae967961527a
1C73D8701AF1C2135DD17BBFE6F36509,11607,res/piece/fy_head_icon/ui_touxiang_ren_11.png.gz,19e78529825d40ea6ae3a7a9465d493a
47E2BAA731E2BF434202A47303625B87,10441,res/piece/fy_head_icon/ui_touxiang_ren_2.png.gz,8199df2938617ae25b7300f6f63696aa
9C1F3602255558FF48E942D024EB5566,12554,res/piece/fy_head_icon/ui_touxiang_ren_3.png.gz,b586a83b80ae68a438511fcb1e8e4af4
FBC12B4DE2D6AD655A7940D94D444FAB,13008,res/piece/fy_head_icon/ui_touxiang_ren_4.png.gz,33de19bf55028d0777bdadcc452e511b
351E132918465371B40EBEB5D68E65DF,13809,res/piece/fy_head_icon/ui_touxiang_ren_5.png.gz,9475624a84f8784073946b772859bef0
FE5A0235CC019F67F997E354168EA9BE,13181,res/piece/fy_head_icon/ui_touxiang_ren_6.png.gz,cf1bbc5bcaad1b22c52da533498eb886
76725373381CE9A9F9297EA61C78965A,12232,res/piece/fy_head_icon/ui_touxiang_ren_62.png.gz,5476b2cc78a8b5e86fe4c353418d919a
3E32D676194FA6D73F9B828D8AE77CC4,11478,res/piece/fy_head_icon/ui_touxiang_ren_63.png.gz,30f3ed2f55f2856ff623acd1e3da9f9c
9300E3DDC8C6F87D9F7B833E6036A33E,9317,res/piece/fy_head_icon/ui_touxiang_ren_64.png.gz,6a6c8ddde40f47b440fac2d3421eb45e
E746E149C4404ADA12C09395D9B23F4E,11624,res/piece/fy_head_icon/ui_touxiang_ren_65.png.gz,8c4caf2d1d1833698aa7188eb6481b84
A4D8F970B95A86ABE1EF60E736F0CAD7,7522,res/piece/fy_head_icon/ui_touxiang_ren_66.png.gz,4f1ee42010ce9ec623d3aac0b8a54623
97AD6B1B1C9FAE04B742003D2B74C1FB,12782,res/piece/fy_head_icon/ui_touxiang_ren_67.png.gz,07655dd8d5b50aff16b392110c1d4f1f
CEFBB57DD2C3B70A1B2864919452F8F1,13313,res/piece/fy_head_icon/ui_touxiang_ren_68.png.gz,4e0e949375cc188741ef83953738397e
DE36A8F551B1FF09B9A0AC46D8B1E467,11252,res/piece/fy_head_icon/ui_touxiang_ren_69.png.gz,29fe92afa6e18b5f60e6486cb25904bd
73A0E5E2ABF538B5CAB31FD825DD190C,7250,res/piece/fy_head_icon/ui_touxiang_ren_7.png.gz,89cddac81e64c31dcce9a2b4c30e284e
A0EB2A663CFF7D4491AF22DCA2592584,10466,res/piece/fy_head_icon/ui_touxiang_ren_70.png.gz,45b38b4880319d4112e0dae341231290
05F9A3FF52F30F167B89F06AF7A6CCDF,11806,res/piece/fy_head_icon/ui_touxiang_ren_71.png.gz,d233a1d36f6521c709df93beaac30abf
79888B4CD550146B2E7DE00F848106FE,9275,res/piece/fy_head_icon/ui_touxiang_ren_72.png.gz,a29873c7cfc5cddd2960d78edf854aa9
94EFD3712B2167E4AF248B8F34E1B9C4,12767,res/piece/fy_head_icon/ui_touxiang_ren_73.png.gz,bd014e29bd80874df840902c3ef1cd61
68503B4310C6FB084B7998E792E4F134,9867,res/piece/fy_head_icon/ui_touxiang_ren_74.png.gz,bd1617a2c87db9e2388b1e0689b6ca8f
408A2CEC2EB99DCCC5B61366EE65D42B,10873,res/piece/fy_head_icon/ui_touxiang_ren_75.png.gz,ca8c577513741f70325c9bd1f33e2ace
317C504EDF57CC422550842E2A6EA777,10402,res/piece/fy_head_icon/ui_touxiang_ren_76.png.gz,b3e496f543d13115316c0eb08748b5ef
87FDB608518B93309094962F33832015,18881,res/piece/fy_head_icon/ui_touxiang_ren_77.png.gz,29e24724f39fac8197f9d16453a89ae8
6889427559F8DB7ADD237F24676E2A80,13552,res/piece/fy_head_icon/ui_touxiang_ren_78.png.gz,6ee181feac94677af2bfa0bf92ec84c9
9AD7F999A9C6ACB55313A8443F08058B,8014,res/piece/fy_head_icon/ui_touxiang_ren_79.png.gz,a70c62cad7055512c15933236ef4a168
2250DA2CB6FEBBE8AAB1A5EB0AD93F05,13588,res/piece/fy_head_icon/ui_touxiang_ren_8.png.gz,02491684a142ca012368a3ba90fdc9e0
DDE05808529351FA3CADA8B76337B6E2,15642,res/piece/fy_head_icon/ui_touxiang_ren_80.png.gz,57bbd8e1e6b6871dc1b0edb2926421dc
CA4D785AA6D59F1B76DD5155F6517E44,1975,res/piece/fy_head_icon/ui_touxiang_ren_82.png.gz,a390b93d392432caf7b343a1054ba023
C18A806270B530C723B15279042438FE,2038,res/piece/fy_head_icon/ui_touxiang_ren_83.png.gz,dd674e11a40dd353ce46c8aa138efbeb
B101BCB92BE5FC4D0D7898FAAACBC625,2184,res/piece/fy_head_icon/ui_touxiang_ren_84.png.gz,fdadc799cf77b00dd5bd4c7e6ddb7208
41E51D2CD27485EE742DFAC814CE2587,13638,res/piece/fy_head_icon/ui_touxiang_ren_9.png.gz,46ea231537d76a3b593f69de8d7a59fb
4333F5995C86F729B93D7CBAE9057783,13106,res/piece/fy_head_icon/ui_touxiang_shenyuangoutou_1.png.gz,e6436530fc5cb0a06faa9ca989c7b41e
475EA6080F8589B5750381BF4E2E3CFD,13450,res/piece/fy_head_icon/ui_touxiang_shenyuangoutou_2.png.gz,e7700a58332c0aa38c98f9a6267f7717
EFE2A9269221D6BA5C79088955BCCD6C,16220,res/piece/fy_head_icon/ui_touxiang_shenyuangoutou_3.png.gz,4f39e2a006baf1c4d1e4c79f8f8014a6
B3CEF3293AF11AED3B931A8E506EE093,15243,res/piece/fy_head_icon/ui_touxiang_shenyuanyiyinglong_1.png.gz,3193a2a795f2a0557bd832aff2f954b6
7724E06B182C9B4C5F65ADA255425122,14634,res/piece/fy_head_icon/ui_touxiang_shenyuanyiyinglong_2.png.gz,3565b3771044414e687c9c9493a53938
0E1CD38F3519803993E2AF07DFB44CEA,10862,res/piece/fy_head_icon/ui_touxiang_shenyuanyiyinglong_3.png.gz,6babb0621c7eabfb5426a07b6a2e6539
EDE18509E429CC2542354AC59E29084E,12097,res/piece/fy_head_icon/ui_touxiang_xinghennv_1.png.gz,0330bc68445eba736ea7262584244cf8
1F6D1A48EB17AB6F12AC898280D03593,11096,res/piece/fy_head_icon/ui_touxiang_xinghennv_2.png.gz,650c52714e6b0d941cebd5fdb5d35668
778406347468018A5F51A046A7E3EE78,10482,res/piece/fy_head_icon/ui_touxiang_zhaomu.png.gz,741cdea414fa63a5255b7ae21c023793
48E702A780FB3F10AF37FA64F802228A,38955,res/piece/fy_head_icon/ui_tx_anmiemoyi1_pl.png.gz,5116c505895f1e5f24ddc43b918828b5
6CEA317BA75188BB009562E11B13A6B9,34322,res/piece/fy_head_icon/ui_tx_anmiemoyi2_pl.png.gz,0e09b3a247738ce4ebf24b31468e4f48
DE24818479A6008591D9F15E2A55A85C,28730,res/piece/fy_head_icon/ui_tx_anmiemoyi3_pl.png.gz,9afc9dd8c944f4148ddfd03d0ada31cc
208652A3600EF170B757DC9A3A41055F,31715,res/piece/fy_head_icon/ui_tx_bianyuhaike1_pl.png.gz,7201d2f9d9a1c54db06c8f349e09a100
0D88782D82AAB315F0E371F50C60F8D0,33337,res/piece/fy_head_icon/ui_tx_bianyuhaike2_pl.png.gz,293a5742bd65bd359b832b867595664e
11309CDDF63FD5997DA24AACF8D00416,38372,res/piece/fy_head_icon/ui_tx_bianyuhaike3_pl.png.gz,635d00881e16c861df6f9ab301748feb
5A03197215EB906DD4FC4419A238503A,35997,res/piece/fy_head_icon/ui_tx_canglangdichen1_pl.png.gz,dab59cbc0ec4b7978439350884d79898
D9292FA0144ED7BACA3EBDB1F89332CB,36569,res/piece/fy_head_icon/ui_tx_canglangdichen2_pl.png.gz,c442be0d300f3c985c48f41834df76f9
7FA05EDD76CF259B836ACA4051CFC25A,34312,res/piece/fy_head_icon/ui_tx_canglangdichen3_pl.png.gz,b2cd36dad2210745de01047d023194e9
5D56B270294F62D44631BDBFB5BE3C1D,32246,res/piece/fy_head_icon/ui_tx_canglanhundun1_pl.png.gz,f1672a2174e49290896ccf7be3f9e223
9929EF9361FC736223C7851B1EADB35B,39317,res/piece/fy_head_icon/ui_tx_canglanhundun2_pl.png.gz,ef8bf51d61ddef9a65d5ef432100b89f
B31384B575A884AA8C0BDC0278A0B67B,33537,res/piece/fy_head_icon/ui_tx_canglanhundun3_pl.png.gz,c4597a672baea151fb74bafa36d50e1a
753ECF722D9E5D6EBE901EE38550C5C9,22976,res/piece/fy_head_icon/ui_tx_cangyanzhanshi_pl.png.gz,9a2b6efe6b2e4c5842a3da7b73abcfde
5DDBF5129FAEA72CA5A344C58BD0DBA6,13814,res/piece/fy_head_icon/ui_tx_canyanqishi_r.png.gz,5f07f710ffe5b4ef061aa3569d839061
C925037AB70D41F4172FB2EADD2A9119,33219,res/piece/fy_head_icon/ui_tx_ciyuanlingzhu_pl.png.gz,9f326c13118ea4effaed2148de67b15a
90549508386B49D6366092D541267CEB,14502,res/piece/fy_head_icon/ui_tx_ciyuanlingzhu_r.png.gz,d1f9d6120e919e518e8db7e1efac5f6b
D15897C175868C8E1CE8CC2C947A9FB7,33879,res/piece/fy_head_icon/ui_tx_leiguangshenshi_pl.png.gz,73b56672ecf8a8609879fbc277f7c932
A6BD551C4C3BEC8D945C21C9BBFFB732,20068,res/piece/fy_head_icon/ui_tx_leiguangshenshi_r.png.gz,de83ce29f3967eb190a3d7d6bed1b9a2
189EC0549DCDA53423910CB249F9411A,32490,res/piece/fy_head_icon/ui_tx_lilimu_pl.png.gz,57fc34417140f68584e6c1ea629eb478
59989CA52EBDF072C65B02D2B35F6DEB,21551,res/piece/fy_head_icon/ui_tx_lilimu_r.png.gz,ffe0af19ff04414119b5886d75f6860f
58E3ECD32ACB74A73AAD4FE89AF3DB8D,17891,res/piece/fy_head_icon/ui_tx_liseyu_p.png.gz,e2bf152835465b8ede37674a5701e047
4E1B0BDD0D2E3C50E8F528386380B512,31456,res/piece/fy_head_icon/ui_tx_liseyu_pl.png.gz,e4d69e4c7bab9877cdeb5bcbd689550f
9B24BF4E212BC48F37282EA936373533,16512,res/piece/fy_head_icon/ui_tx_liseyu_r.png.gz,20cd027590bbfc01c455095f2098e14a
60446D051B9B8EE0E7402568F162C677,21428,res/piece/fy_head_icon/ui_tx_lishihe_p.png.gz,0e8a2ae106dcbcc1d4314569586c6fbb
A83BCEB4A5FEEC47B65A00E93576D605,30438,res/piece/fy_head_icon/ui_tx_lishihe_pl.png.gz,b240acbf694b9ba0620a978d14e73566
538A7EB4A0ABD975386721A7C82FA121,19606,res/piece/fy_head_icon/ui_tx_lishihe_r.png.gz,f3678fd391f32eba92099209193e8d23
7287125D229F66DA0F4D1EA2E8E6CE91,29638,res/piece/fy_head_icon/ui_tx_shenbingzhiyan_pl.png.gz,61c8df7694d6c949df3b69c48972540a
6EFBB7C0D94D1390E6E447C5C65C5CB5,13266,res/piece/fy_head_icon/ui_tx_shenbingzhiyan_r.png.gz,d9e1fc3ab43e5ec8b5cc1f96783e92cc
D631EDE1757E13AF364AF09700378727,15292,res/piece/fy_head_icon/ui_tx_shenmijianshi1_pl.png.gz,28e27abb2af2029e8f8937b2e3f0cff3
56F13A92C97BEF11BDA59F408BE823F7,33040,res/piece/fy_head_icon/ui_tx_xukongmonv_pl.png.gz,0e75e486c2e7c75de3dc0d980f215efa
D89716B76BE9E4FAA7CC465D4123BC3F,21477,res/piece/fy_head_icon/ui_tx_xukongmonv_r.png.gz,6b548ccd206149afdcbd80cd7574b883
FF7FC5B5341C1353B6909CDB922EF8CD,31266,res/piece/fy_head_icon/ui_tx_youli_p.png.gz,ffd907156a5339541f0b4e8fdb50d497
D28CF37EFAD312A19B426C0F9B17D40E,28612,res/piece/fy_head_icon/ui_tx_youli_pl.png.gz,03707cf8b9fde32dee59da61b405cfe7
6141D909074D804D664133DFD37732E1,30325,res/piece/fy_head_icon/ui_tx_youli_r.png.gz,0e59a69a317b3f73dc7674103dd5e6fc
D6E8FAE817774870C5F8BBD0CF1E3C89,29380,res/piece/fy_head_icon/ui_tx_zhongyanyuhui1_pl.png.gz,6a6d60c183f2f7fae6e0731fd141b75e
B2ABE4F9CDB0AFBD5642B4331440D7C0,36552,res/piece/fy_head_icon/ui_tx_zhongyanyuhui2_pl.png.gz,29511966ac5b64a29e2a7db1ba710a01
51600722560F623D4BCE45A10B1712C8,34086,res/piece/fy_head_icon/ui_tx_zhongyanyuhui3_pl.png.gz,567db30e4e86a138fccd2389e5419f10
556D6B82039C63A7D0D2BE8719B60891,32660,res/piece/fy_head_icon/ui_tx_zhuyingzhixin_pl.png.gz,3d57b4dd661e0ddf40f5b89fe4996f1d
F3590BC9872607C2CEF4E754BCD81CEC,13514,res/piece/fy_head_icon/ui_tx_zhuyingzhixin_r.png.gz,4179584d4527594addaef7500c7ad97b
EA3C352A5AAA87B252D04B2458C449F2,11686,res/piece/fy_head_icon/ui_xiaoguai_guyongjun_1.png.gz,f8b824f05443667253bc9ec4f89db893
77F222D72E81DD3C6270FBA933B2C6CE,10713,res/piece/fy_head_icon/ui_xiaoguai_guyongjun_2.png.gz,954e583a8f35f47e68252836eb9b6127
891E16FBD24C632783E06113D516CBCA,16073,res/piece/fy_head_icon/ui_xiaoguai_guyongjun_3.png.gz,c529e143424ef241353f1660d8cdddb0
8B162FEA3350157DE54DC5831C6B769A,10986,res/piece/fy_head_icon/ui_xiaoguai_guyongjun_4.png.gz,7bae3ba83dce8076bc2d8ce05c00376d
F86C5E22FB8BD27F365F3CE50B48BAF4,8680,res/piece/fy_head_icon/ui_xiaoguai_guyongjun_5.png.gz,8f2fe41be5c01c7136d0bcfaa1ecd01e
3D9E578AD153B517D5814FCBC8781286,15015,res/piece/fy_head_icon/ui_xiaoguai_guyongjun_6.png.gz,d77293db8cfa4a9107f96cb8e3cf352b
616FC4A0038BEABB5428880A03FCD99C,12226,res/piece/fy_head_icon/ui_xiaoguai_guyongjun_7.png.gz,251d034526417e9fdd6593777e1fea31
3CBDB292D7954C8834AB933051BEA841,12198,res/piece/fy_head_icon/ui_xiaoguai_guyongjun_8.png.gz,bb9c391c9d2ff038f13387e7767140a4
A974041BA1687571E4A92059AD7E37A0,12193,res/piece/fy_head_icon/ui_xiaoguai_jiduoka_1.png.gz,1dd271b9c3313f61c6a63d0904988d56
4CADFE4F734C1E12FFABFD2B278F606A,14737,res/piece/fy_head_icon/ui_xiaoguai_jiduoka_10.png.gz,db95e520829b75bed890a83891e3ca32
FCFEC9D2ACACC81EB7E17824C3A4A955,12962,res/piece/fy_head_icon/ui_xiaoguai_jiduoka_11.png.gz,12b1b664a955cb242557de7159383931
B3677069EB4472079E05E7DC6DEB54F9,12568,res/piece/fy_head_icon/ui_xiaoguai_jiduoka_2.png.gz,e57ce9ade1b853d3da31911cde9b43ef
72F424266F94C85BAFB3B92FDD42BF45,12211,res/piece/fy_head_icon/ui_xiaoguai_jiduoka_3.png.gz,3871b08fef3123700cb9387d7ab34e0c
80EDF50F2DF6D3988DC8FB98E5E9EFE3,12912,res/piece/fy_head_icon/ui_xiaoguai_jiduoka_5.png.gz,6c366041bed8e2be90f35a8c0427cecc
4CD7AE3CB2CEF4D508CDCF6B8671D62A,13152,res/piece/fy_head_icon/ui_xiaoguai_jiduoka_6.png.gz,cf8da10ca0405b2a232abe1454d66c7d
46F50F6EDF9A1296AD24A63B5B3961FB,15247,res/piece/fy_head_icon/ui_xiaoguai_jiduoka_7.png.gz,75ce15cd9f356a0fd66b6df4237eb527
1BBE5EFCB5BD1DE6E9F0BF16DFC2404B,14084,res/piece/fy_head_icon/ui_xiaoguai_jiduoka_8.png.gz,7dcd379b3602410b383c7ce198c0a1d9
FB39C192D56F274CC79C5042318F6E9C,14430,res/piece/fy_head_icon/ui_xiaoguai_jiduoka_9.png.gz,c160f4834eee49e5c3c833840c12559e
AB9B8A27E4F0513AFCDC3C24C30E026B,18350,res/piece/fy_head_icon/ui_xiaoguai_manhaochao_1.png.gz,18f0472c471578e3d92368079715b3cc
08EFAF2C7834B948D6AE628F5D8B0A09,18319,res/piece/fy_head_icon/ui_xiaoguai_manhaochao_2.png.gz,fc5677752ce5ffefe8e90fde18100769
7DE0235A6B01B37800CEBC458E8BCA9B,16575,res/piece/fy_head_icon/ui_xiaoguai_manhaochao_3.png.gz,67402e792a72cd3b2756e8c9a3c089b0
45DD049CCE6E84F03A60D8CD7867770E,16185,res/piece/fy_head_icon/ui_xiaoguai_manhaochao_4.png.gz,c472a68643094b5ea8dd85020c2b3613
D38D38D9A23EA0A28BF3E6EBB2278ECA,17352,res/piece/fy_head_icon/ui_xiaoguai_manhaochao_5.png.gz,bdf2701e2c2f72694d5beac5aca37777
4479841FDC56592BE19488B15411D9F9,15931,res/piece/fy_head_icon/ui_xiaoguai_manhao_.png.gz,b7ccbf90c68a077cf6397e4f232bcd12
157E14BA54BED2C55F53095DB9BFC45F,16612,res/piece/fy_head_icon/ui_xiaoguai_manhao_2.png.gz,782070f3acf5f4cab1966d4ce7d4810d
49AD1ACA0B45DB3ECCA2C4268B51A359,13591,res/piece/fy_head_icon/ui_xiaoguai_manhao_3.png.gz,814842faf3390e1593ccd29fc5cd2035
B29651F46A7D29487C468307F6636BE8,17349,res/piece/fy_head_icon/ui_xiaoguai_manhao_4.png.gz,a2204a3bfd8c684b4ee47514976e6f67
ABCD9D13860B20927504849F55F42A93,15791,res/piece/fy_head_icon/ui_xiaoguai_manhao_5.png.gz,74bd57471f3b8501db37cc10608b17fa
7E854EBB0A1CC682B0A0DF8A18A413C1,13067,res/piece/fy_head_icon/ui_xiaoguai_xiniu_1.png.gz,dd6ca9090e5ce12043d6115beee63656
D93C8E2EE8C272F030ADB419D7149147,13161,res/piece/fy_head_icon/ui_xiaoguai_xiniu_2.png.gz,d29c6b8c080c60c4a867b8707de59c37
5C98CB4BCB1FF58DDA125B2F1B2DA6E2,18066,res/piece/fy_head_icon/ui_xiaoguai_yiyinglongchao_1.png.gz,cde480f63f1da3e9fc666ca8f5253cf0
75FECA9EAA3A1EDEF757D7197D2A4DCA,12769,res/piece/fy_head_icon/ui_xiaoguai_yiyinglongchao_2.png.gz,55eaaba52eccacbf10af1f71140d1da8
1C435713286F42461DA3C86613EE20DE,13326,res/piece/fy_head_icon/ui_xiaoguai_yiyinglongchao_3.png.gz,e1eafcff028d8391583768d940058621
36905612D8B154C84B39D169D11B46C9,13044,res/piece/fy_head_icon/ui_xiaoguai_yiyinglongchao_4.png.gz,f9e948b838045c191332b8769fe7c175
D7ECB055CC56843E9AAF63567BF1B681,18003,res/piece/fy_head_icon/ui_xiaoguai_yiyinglongchao_5.png.gz,a4210037e48e57159bac53da03b4364b
990E825ACCAD15EA4BCE8CC8EC5CA57D,12856,res/piece/fy_head_icon/ui_xiaoguai_yiyinglongchao_6.png.gz,7be0ad64fb9a9836450086ea5d9f358f
576A13343FC0E0BDE8E2B017E3A357CE,20090,res/piece/fy_head_icon/ui_xiaoguai_yiyinglongchao_7.png.gz,def7114b82c93ea980f24d5d3a027101
E7C860E8933BFBABAE9D78A228B556AB,15908,res/piece/fy_head_icon/ui_xiaoguai_yiyinglong_1.png.gz,79f20862e4b04ac492918d2760c90841
0DD52090F11ED17C34C2277FB9D932C2,10639,res/piece/fy_head_icon/ui_xiaoguai_yiyinglong_2.png.gz,faa1e051f73048c9f66ad213de02cff0
03ECC38C453320CB80937CB11EAB15ED,13590,res/piece/fy_head_icon/ui_xiaoguai_yiyinglong_3.png.gz,35a2ddc599a4d2db4932b57aec6e289f
763A563103F31343F1C2F69916595ABF,13343,res/piece/fy_head_icon/ui_xiaoguai_yiyinglong_4.png.gz,bbabe3a3409473132de3d030cfdd036f
61B5BD6FB117B7BDB01B8384B6D0F0E1,15763,res/piece/fy_head_icon/ui_xiaoguai_yiyinglong_5.png.gz,674e14d039240cfc01321dfef8c0bb76
6AAC0F026C52D29ECC616B642E0D4C04,12217,res/piece/fy_head_icon/ui_xiaoguai_yiyinglong_6.png.gz,4c9115844aec67282aaa291d8f35d4c9
C6F8419AD94EB467888171CFA656055E,17776,res/piece/fy_head_icon/ui_xiaoguai_yiyinglong_7.png.gz,dc875fd4bc76551361747a812c095654
7407348DBDC83BD7EF263F5B87CADAC2,16878,res/piece/fy_head_icon/ui_xuanguan_guanqia_new_touxiang_baiyinengzhe.png.gz,013838134f8fd100c6076f4df5bd8d34
D4A806E99404DB56F375A51E12DB2D02,19498,res/piece/fy_head_icon/ui_xuanguan_guanqia_new_touxiang_heidaonan.png.gz,238f401a18c330cea06129873467e7aa
0A5C88F7F49D2B94C17831380530DCAA,15692,res/piece/fy_head_icon/ui_xuanguan_guanqia_new_touxiang_heiyinengzhe.png.gz,33969b1391d4b0f5ea7ca1ec0506e513
3DB9E6AE9DD0D7CFA7D097B0AE22F597,24315,res/piece/fy_head_icon/ui_xuanguan_guanqia_new_touxiang_huojianfengzi.png.gz,c30a904ba58055deefed2c79bd59b471
65353B8555B3B27B916856016FA2843D,17405,res/piece/fy_head_icon/ui_xuanguan_guanqia_new_touxiang_huopindipi.png.gz,485de6853434c072a80afe596f18e3e2
F2D9BD49CE369E3B55B155D09EC95DDE,19903,res/piece/fy_head_icon/ui_xuanguan_guanqia_new_touxiang_qiangxixingsuti.png.gz,4d722de3950110750d99695297ad1f7f
D95C13853E66A1A4A5D975638D5BAC34,25641,res/piece/fy_head_icon/ui_xuanguan_guanqia_new_touxiang_shouhuzhe.png.gz,de2ed3901264a000242f4bd6d2b6c4f9
493E02E964E96123911D352F8A9835E7,19903,res/piece/fy_head_icon/ui_xuanguan_guanqia_new_touxiang_yudixingsuti.png.gz,4d722de3950110750d99695297ad1f7f
227C0C465C808EFF884E118ABBE787C8,29970,res/piece/fy_head_icon/ui_zudui_banshenxiang_1.png.gz,5eebff2d98f671dc7fe07155e7ad5899
A33EA94F7D5E1F03E57AF8D3D115DC59,29318,res/piece/fy_head_icon/ui_zudui_banshenxiang_11.png.gz,67f983391086a4d823db27f99e6ff103
F8025BE75021645463661295ED870BC7,29362,res/piece/fy_head_icon/ui_zudui_banshenxiang_12.png.gz,451aeb28d18f9380817167230dcd2f48
0626FBC76AAE7FF27D18E84262B70798,30099,res/piece/fy_head_icon/ui_zudui_banshenxiang_2.png.gz,691cddac84266130f90de2f2bc92e844
9E87400EDB151828C3B9F5CDB9420398,28362,res/piece/fy_head_icon/ui_zudui_banshenxiang_21.png.gz,a434128be7ed54639ec8617fbf47c9c3
4C4963A9FB5EA3C58B69A1B618B93493,40133,res/piece/fy_head_icon/ui_zudui_banshenxiang_22.png.gz,df32a18a3e3b09c9607ba9ef333a141b
DD186BBFC2F54445C54A60AE18CC36E5,36729,res/piece/fy_head_icon/ui_zudui_banshenxiang_3.png.gz,fe1896a0a30228e527d05430a710e749
6F235B6EAA150F844A0A57CC0FF39012,31967,res/piece/fy_head_icon/ui_zudui_banshenxiang_4.png.gz,b0149a6743d78f79770c72c9e169dcde
325E3D1F78102407970F8D31C6421E9B,45523,res/piece/fy_head_icon/ui_zudui_banshenxiang_41.png.gz,da7556079cc2cb633ccbadb28e9e3b09
C19876D5392905A721947811076BDA20,45294,res/piece/fy_head_icon/ui_zudui_banshenxiang_42.png.gz,c7c824a2d68c18ae36311bb001bebb69
AB9D9ECE470DC89D42E01B10A74CA2EC,52409,res/piece/fy_head_icon/ui_zudui_banshenxiang_anmiemoyi1.png.gz,4a4857176eb3d565150eff26ce2053f6
3BE1792A5528EF5B3E2892925E5DA51A,55159,res/piece/fy_head_icon/ui_zudui_banshenxiang_anmiemoyi2.png.gz,65cdfba10f2b134f20c8ffb558b7b64b
CD40F8BBAFBD65ECA4A401CA9A1B4835,41398,res/piece/fy_head_icon/ui_zudui_banshenxiang_anmiemoyi3.png.gz,9427e20f97f5274c71d44ed3e39858ff
24483BE87AA8EAFA7CF952B9A329E1E1,44745,res/piece/fy_head_icon/ui_zudui_banshenxiang_bianyu1.png.gz,7ee3c789d94eced84ff6a6e17d58af47
FE68D02F0E634E125C58872C885352B2,46019,res/piece/fy_head_icon/ui_zudui_banshenxiang_bianyu2.png.gz,96486e1cd28866c7204ceff9b0cc7976
ABB476785203238E14636A119DE5EE18,60242,res/piece/fy_head_icon/ui_zudui_banshenxiang_bianyu3.png.gz,f121e13a82abb9f7358f71f5b76d88a0
26E6ADF5CE5FF2D1F32F840BFF6644FF,45974,res/piece/fy_head_icon/ui_zudui_banshenxiang_canglangdichen1.png.gz,e4454dd7dda579dd69efb7e7b25f04ae
C40B939113759AB41893167A8B63562A,58313,res/piece/fy_head_icon/ui_zudui_banshenxiang_canglangdichen2.png.gz,199dab9fc8ed38f41171890dbf695ef0
B3811B7B9624081F88E00A7EF9A0CBF5,53664,res/piece/fy_head_icon/ui_zudui_banshenxiang_canglangdichen3.png.gz,7a1147d9dea5c8fc3a50ba372fb20dc2
E2906C44917C91491B5017290503D295,51801,res/piece/fy_head_icon/ui_zudui_banshenxiang_canglanhundun1.png.gz,09a8394b8fd9ba7849f75c0090533785
927B8B1053021FA85CD8BBDCB823DFE7,60487,res/piece/fy_head_icon/ui_zudui_banshenxiang_canglanhundun2.png.gz,9474ed12c297ce2a77b20f6234194389
CD95C53AFE2CDE01EEEFE38E5B937299,51998,res/piece/fy_head_icon/ui_zudui_banshenxiang_canglanhundun3.png.gz,3385630d1625f5d4eb1aeb074aa5b877
7F968FABF67F4D2E6724A79895B3EF1A,31880,res/piece/fy_head_icon/ui_zudui_banshenxiang_shenmijianshi1.png.gz,ab562b626f7f88a5131d3d2805dfddca
8CC98BC01E7ECE530A61E47231D4A66F,51791,res/piece/fy_head_icon/ui_zudui_banshenxiang_zhongyanyuhui1.png.gz,3d32d478e878971c09c67b01489dd9b3
302776E65A2BBE28EEA61F69876B4FA5,49782,res/piece/fy_head_icon/ui_zudui_banshenxiang_zhongyanyuhui2.png.gz,c9362d4f8869c14f165c84d594188dc6
6161998DF99BEF60BFCF3459F480FA9A,46169,res/piece/fy_head_icon/ui_zudui_banshenxiang_zhongyanyuhui3.png.gz,2b20011da5cffa75e2b070a59befe1b5
931EDE31F556CA8A662DD4259D84BE32,20148,res/piece/fy_head_icon/ui_zudui_touxiang_mofangniang.png.gz,e10748bbfc22df425e62c8f7e86b0597
F46655AF33F259802989E37C5538BE95,72247,res/piece/fy_head_icon/enemyattack_head/ui_qiangdiruqin_bosstouxiang_da_1.png.gz,6ff7973a6b81aab07a18aeb375684b9f
57386EC47B54208923FE579283A13DFC,67806,res/piece/fy_head_icon/enemyattack_head/ui_qiangdiruqin_bosstouxiang_da_2.png.gz,6b2e49e11dc3c5dbca340a9b690729e1
DD15F1966D50DF36F5765EAA9AB77CE0,53672,res/piece/fy_head_icon/enemyattack_head/ui_qiangdiruqin_bosstouxiang_da_3.png.gz,ce708977b2a863fefe1bf99d075a9762
1B641489885327DB73077C3E8414F3FD,68570,res/piece/fy_head_icon/enemyattack_head/ui_qiangdiruqin_bosstouxiang_da_4.png.gz,9063ba89beb57d97734c847732c96fa6
686A2F58DC1114BE878F039B48C0F6A6,25913,res/piece/fy_head_icon/enemyattack_head/ui_qiangdiruqin_bosstouxiang_xiao_1.png.gz,51153ea2a82c2da1be669af9b8db12b3
915D1C22EB083C4D74A3085197D43F84,29844,res/piece/fy_head_icon/enemyattack_head/ui_qiangdiruqin_bosstouxiang_xiao_10.png.gz,6635348642b9f7335fd4f3e1a7e4a941
A2EE3E2251E1BFE8D9C4884E1F01848D,37697,res/piece/fy_head_icon/enemyattack_head/ui_qiangdiruqin_bosstouxiang_xiao_11.png.gz,e89deef92644eee439746fc60ca26e5f
BFB3CA71AD13654E089DE2BD8A2282D0,27778,res/piece/fy_head_icon/enemyattack_head/ui_qiangdiruqin_bosstouxiang_xiao_12.png.gz,44a0abf98e39c468de03de0967d71989
4C5F2E9BC5A01F3B84DD2C279ACD5B16,31082,res/piece/fy_head_icon/enemyattack_head/ui_qiangdiruqin_bosstouxiang_xiao_13.png.gz,8da079e6164911de7f8fbbe2417ded3d
61914AAD060BB4A5251447C8EAD9FD16,31089,res/piece/fy_head_icon/enemyattack_head/ui_qiangdiruqin_bosstouxiang_xiao_14.png.gz,f606839666a1f2f0ad1807b3fef47a39
EB5829CA5FCD7439D3CA21A45EEA2D26,25120,res/piece/fy_head_icon/enemyattack_head/ui_qiangdiruqin_bosstouxiang_xiao_15.png.gz,09ce9584020dd3c58cd4d8136e6442fc
72DAA6F5E729FB85C256751DD4A70C1D,22207,res/piece/fy_head_icon/enemyattack_head/ui_qiangdiruqin_bosstouxiang_xiao_16.png.gz,eb3d80d93ee68aa204d73efbd6eadfb9
ADA3E33FF3B48100243741014588DC21,26756,res/piece/fy_head_icon/enemyattack_head/ui_qiangdiruqin_bosstouxiang_xiao_17.png.gz,c37ba382201e87fa9247616844067524
02B9C866A648764D95002402914670D5,32832,res/piece/fy_head_icon/enemyattack_head/ui_qiangdiruqin_bosstouxiang_xiao_18.png.gz,145ef6d5e82705ee1783b9e49c2893a6
079918D90B68CA047EB6D9D9AFFECBE4,25968,res/piece/fy_head_icon/enemyattack_head/ui_qiangdiruqin_bosstouxiang_xiao_19.png.gz,8892e3be6c37f6adf736a453da97d0f1
ED3758753130EDEF238A10A7F1756AD2,26316,res/piece/fy_head_icon/enemyattack_head/ui_qiangdiruqin_bosstouxiang_xiao_2.png.gz,83db0a7750ced0a33af0085fa5e56ce6
1B0FF93562E67B029204B70B8965B5FE,27109,res/piece/fy_head_icon/enemyattack_head/ui_qiangdiruqin_bosstouxiang_xiao_20.png.gz,27d7a980e910b271b042756d2cdcd95a
FEF2F573AC26D32588D04BAD1C65695F,24812,res/piece/fy_head_icon/enemyattack_head/ui_qiangdiruqin_bosstouxiang_xiao_21.png.gz,687c9fd52eaad1bce8a4b73d1fb501de
9F8CFEA283485AEBD5E30E076338AB4D,24812,res/piece/fy_head_icon/enemyattack_head/ui_qiangdiruqin_bosstouxiang_xiao_22.png.gz,687c9fd52eaad1bce8a4b73d1fb501de
6A0D7D462385A74ED2801BF99729F418,27948,res/piece/fy_head_icon/enemyattack_head/ui_qiangdiruqin_bosstouxiang_xiao_23.png.gz,c3e70158ef6beb21cd43f411b628f7fa
A3ECD1DA0615DB365F86E666E24121E4,27994,res/piece/fy_head_icon/enemyattack_head/ui_qiangdiruqin_bosstouxiang_xiao_24.png.gz,f49ac5e6b9130285287f75934e02a50c
C789F2B8FADB02CAAA817658AB908714,28369,res/piece/fy_head_icon/enemyattack_head/ui_qiangdiruqin_bosstouxiang_xiao_25.png.gz,f6bf5036a7b1a524faa33e0393e0af80
72DF782D4A3F2F4650CD0B411A7712EB,28063,res/piece/fy_head_icon/enemyattack_head/ui_qiangdiruqin_bosstouxiang_xiao_26.png.gz,ebf1b335a8eae7a403da1eeedbc4e4e3
893F9F28E362BC8BAB560F26172FD7A0,27678,res/piece/fy_head_icon/enemyattack_head/ui_qiangdiruqin_bosstouxiang_xiao_27.png.gz,06d664179cac5978379aad0a086749bf
EE4FDA4DFFAE34FB027D9F996EC001A1,27911,res/piece/fy_head_icon/enemyattack_head/ui_qiangdiruqin_bosstouxiang_xiao_28.png.gz,8fe1fcbdbededc358c77c120fbc5821d
2CBB5006FD22D477191D0D71B48B6127,29379,res/piece/fy_head_icon/enemyattack_head/ui_qiangdiruqin_bosstouxiang_xiao_29.png.gz,36f9967bd0da411ba78c04fea3b0bb74
9E63E942C3071B408BAC64C339ED767C,27005,res/piece/fy_head_icon/enemyattack_head/ui_qiangdiruqin_bosstouxiang_xiao_3.png.gz,78228e1da907930176239efe5da02d2f
9FC09531F87EE7B4914D3F7E35754277,36221,res/piece/fy_head_icon/enemyattack_head/ui_qiangdiruqin_bosstouxiang_xiao_30.png.gz,526e1bd196ccca039e1cf1f4070c8d86
EB69671BFF0482B9DEDABE2F0748DA16,34584,res/piece/fy_head_icon/enemyattack_head/ui_qiangdiruqin_bosstouxiang_xiao_31.png.gz,6749a6b5ef3bea3d356c2cbd23b6577e
1681FDAF57469CB3A87F4EBB75724839,38995,res/piece/fy_head_icon/enemyattack_head/ui_qiangdiruqin_bosstouxiang_xiao_32.png.gz,a15ae196d95db1c35ff49da9f6a5ac22
0BA3D5AF4AFEF5393FBAF9535C6CA892,25462,res/piece/fy_head_icon/enemyattack_head/ui_qiangdiruqin_bosstouxiang_xiao_33.png.gz,81bf64907d6bf786b2d89f7547feedad
B4ADF4F1A6CE56560E89F27AC0FFE305,30952,res/piece/fy_head_icon/enemyattack_head/ui_qiangdiruqin_bosstouxiang_xiao_34.png.gz,9a2ff393fa7f9752773db27f8841edc0
F7420C3F1672BB0287CDE9BF0D81D3B7,25122,res/piece/fy_head_icon/enemyattack_head/ui_qiangdiruqin_bosstouxiang_xiao_35.png.gz,361fd9432a20c5531a6b8f4bb57e3ca8
A50C16C0812249DA60A2067BC45E89C8,27391,res/piece/fy_head_icon/enemyattack_head/ui_qiangdiruqin_bosstouxiang_xiao_36.png.gz,b1018d8ee4b4c15fb5a76978c6ceb020
EB8E65ABA0E9BA2B0B4B6111F1A417C8,22769,res/piece/fy_head_icon/enemyattack_head/ui_qiangdiruqin_bosstouxiang_xiao_37.png.gz,4a053655ee0d8760f83836b622cad220
B59D7C9DDF55E8AD0A2F202D42C781C5,28501,res/piece/fy_head_icon/enemyattack_head/ui_qiangdiruqin_bosstouxiang_xiao_38.png.gz,2cb049b3f0d863a976c14ae0572b2a04
A25822E47819977633E34C021B70CE60,30674,res/piece/fy_head_icon/enemyattack_head/ui_qiangdiruqin_bosstouxiang_xiao_39.png.gz,ff3c98ebf7476e09dc16b51770c5b770
F54D5B1626BE37F8A1D901236D5924B9,25672,res/piece/fy_head_icon/enemyattack_head/ui_qiangdiruqin_bosstouxiang_xiao_4.png.gz,ae3696fce8c72a0d5a6267fbb9227481
8A46864C5F957A8F8CC18BDBE6B99306,26909,res/piece/fy_head_icon/enemyattack_head/ui_qiangdiruqin_bosstouxiang_xiao_40.png.gz,54885e001aaf30ab957c4d84dbe96881
F78A9D31647DFA9C707D19D27D72359E,19989,res/piece/fy_head_icon/enemyattack_head/ui_qiangdiruqin_bosstouxiang_xiao_41.png.gz,403a6418206a50ab177eff9e41321011
C331B1B6198472B260F534E77DBF39BA,21545,res/piece/fy_head_icon/enemyattack_head/ui_qiangdiruqin_bosstouxiang_xiao_42.png.gz,407af8cab1480f81b03bdf39ef8263b7
E1237100B8790EE9DD7BF3E9DA4A810E,14465,res/piece/fy_head_icon/enemyattack_head/ui_qiangdiruqin_bosstouxiang_xiao_43.png.gz,8e4ecc9f19bd57519c6bc61ee4642039
69B3F8D12B23285F10D84B2202808093,26611,res/piece/fy_head_icon/enemyattack_head/ui_qiangdiruqin_bosstouxiang_xiao_44.png.gz,3928b37a281ecda1808154a553ab44a2
6AC9ABBB81F2464D8BFF06F454CC8098,24945,res/piece/fy_head_icon/enemyattack_head/ui_qiangdiruqin_bosstouxiang_xiao_45.png.gz,bc3be8993f1e90887ed3aac3a6f85dc6
911D5A04A6586AF9DB5A9EA6DE1CD223,25812,res/piece/fy_head_icon/enemyattack_head/ui_qiangdiruqin_bosstouxiang_xiao_46.png.gz,d9694734011df01694e3c655fcb718ae
98938B256C1D5E0BC0A04CF866758247,31222,res/piece/fy_head_icon/enemyattack_head/ui_qiangdiruqin_bosstouxiang_xiao_47.png.gz,7fae8ebfab1a500beb494875600c4a8f
9AC4A81B3669D69D80E85C96177C2F82,23967,res/piece/fy_head_icon/enemyattack_head/ui_qiangdiruqin_bosstouxiang_xiao_48.png.gz,2c4b5f9cb8564a868a8dca20c9c5d123
F484646CE728CE55D1A21E9FEFB973BB,21425,res/piece/fy_head_icon/enemyattack_head/ui_qiangdiruqin_bosstouxiang_xiao_49.png.gz,23d55027d34ca830f90e78b5fe35d966
31517446001788AAAC53A0F187EAB45A,28903,res/piece/fy_head_icon/enemyattack_head/ui_qiangdiruqin_bosstouxiang_xiao_5.png.gz,8afc374ebc0ac50d17b83d578e2a8888
4FAB49C78C2632BE8F53066AEEF05FBA,19787,res/piece/fy_head_icon/enemyattack_head/ui_qiangdiruqin_bosstouxiang_xiao_50.png.gz,198c36b2b43331ed2f8db64323f8d477
7D0F64035F278428EB63EFE12CC6BC0F,14596,res/piece/fy_head_icon/enemyattack_head/ui_qiangdiruqin_bosstouxiang_xiao_51.png.gz,f161e34c09505aca9968a78cbdb5dbcd
172E37BC841F4DFC9B5ABCBACC4F06FE,27274,res/piece/fy_head_icon/enemyattack_head/ui_qiangdiruqin_bosstouxiang_xiao_52.png.gz,9f0f247efa55594171c6be1fc9a06c7a
3156E343DC8FFC0798E9CD31699CE9A3,27205,res/piece/fy_head_icon/enemyattack_head/ui_qiangdiruqin_bosstouxiang_xiao_53.png.gz,31d819c198b6f36faa0b0992491d3282
D93E9365EEBA61424CAC90A2E09E5208,22723,res/piece/fy_head_icon/enemyattack_head/ui_qiangdiruqin_bosstouxiang_xiao_54.png.gz,d3e6b85be4b9c7eb3436cf833621c110
A910A948A4EA736D923F5E90F6E74A14,4691,res/piece/fy_head_icon/enemyattack_head/ui_qiangdiruqin_bosstouxiang_xiao_55.png.gz,920d022f21f1c68db112a9777dee8c1e
1C485A3B55AE3B1434B6249D21350322,5421,res/piece/fy_head_icon/enemyattack_head/ui_qiangdiruqin_bosstouxiang_xiao_56.png.gz,b60f94ddc7518d0d5d43163b10823a5b
C268DEAF12E3BE3A01AABE9FBDE96D83,5162,res/piece/fy_head_icon/enemyattack_head/ui_qiangdiruqin_bosstouxiang_xiao_57.png.gz,854e86e9cdb0a1ef4b2635e92a671cfc
B4BE4DEF627FD94A9A7C75FC866B0880,34341,res/piece/fy_head_icon/enemyattack_head/ui_qiangdiruqin_bosstouxiang_xiao_6.png.gz,d79ea00e07f2ee7bd00a4f033f9ed33a
CD4118BD18172A982FFDF88A4ED28701,25921,res/piece/fy_head_icon/enemyattack_head/ui_qiangdiruqin_bosstouxiang_xiao_7.png.gz,e31ce3d782e2f404f657168241451bac
A17D1CD0AAF0358B4FD97ABCCF447AAB,22180,res/piece/fy_head_icon/enemyattack_head/ui_qiangdiruqin_bosstouxiang_xiao_8.png.gz,85038bc6162fb21a81a4c41c06f27184
0DFE0A752F815DDE5C7D8063C8D181D6,29178,res/piece/fy_head_icon/enemyattack_head/ui_qiangdiruqin_bosstouxiang_xiao_9.png.gz,48254fcf487f753207f39dfc7bd832b0
EDDD20927BC96870D7157E48C9646E55,54225,res/piece/fy_head_icon/enemyattack_head/ui_qiangdiruqin_bosstouxiang_xiuluo_1.png.gz,75f8e1ebd757e8218588b4db311d08b6
29C3265D9A33157DE744AFFFD2D0FB2E,65832,res/piece/fy_head_icon/enemyattack_head/ui_qiangdiruqin_bosstouxiang_xiuluo_2.png.gz,1691848800d65e3431a9a18a1724cb53
749277738A1D012DC15FD9E3CAA76F69,55419,res/piece/fy_head_icon/enemyattack_head/ui_qiangdiruqin_bosstouxiang_xiuluo_3.png.gz,f20bdf255b2a529d48c76498879ce671
FC4C5AB23DB76A7CBF2CD6DE57D66A44,62022,res/piece/fy_head_icon/enemyattack_head/ui_qiangdiruqin_bosstouxiang_xiuluo_4.png.gz,df19bacd3d6a96aa1d4d9eaa6f7dd0d6
24C9C60F2C6646BA7357C37C2B045733,26355,res/piece/fy_head_icon/role_head/icon_daoju_touxiangkuang_tunian3.png.gz,7c63e2f62122a56b80ebf4c8aacb13cc
76A69A2854EC90E5A74478182E5D5E07,27057,res/piece/fy_head_icon/role_head/icon_daoju_touxiangkuang_tunian4.png.gz,57318f408a9a23b231ac105a8af64d68
6C93A6C958B7333051C43F490FD43DEE,1481,res/piece/fy_head_icon/role_head/ui_jiaoshejiemian_touxiangdiban2.png.gz,c8814018a1523985b5862b6f0823350f
C5ED83A95DE43257D6829078C75779DC,19651,res/piece/fy_head_icon/role_head/ui_jiaoshejiemian_touxiangkuang_aiweier.png.gz,8e10c69688bc90dbb21c58fa13c2c2d8
421CA6B6D05ECA1EAEC1888DD85A6869,19747,res/piece/fy_head_icon/role_head/ui_jiaoshejiemian_touxiangkuang_baiyu.png.gz,465142ab530d47dc60397796ff7dacd6
3374DB6AB9DB56702018678E64E26D6E,21542,res/piece/fy_head_icon/role_head/ui_jiaoshejiemian_touxiangkuang_chiyan.png.gz,e35920e85f38ef410942650bae22a025
F60A96478BF30C4F8623BFDB76C6F606,17358,res/piece/fy_head_icon/role_head/ui_jiaoshejiemian_touxiangkuang_huanshenqiangui.png.gz,2d112ee262b0bacab7154e6dcd39992c
D8C551228A4E6D278C696D8734BC4981,14830,res/piece/fy_head_icon/role_head/ui_jiaoshejiemian_touxiangkuang_kongju.png.gz,ad51e9ce21f622a9d21062edd2902661
D9A15BCA169702B0DC9567AE2F515D76,17951,res/piece/fy_head_icon/role_head/ui_jiaoshejiemian_touxiangkuang_lanmao.png.gz,c7aa6041b604d749da61b916a6c4b2f5
87522D3C4886F7765C697E5993412CA6,13230,res/piece/fy_head_icon/role_head/ui_jiaoshejiemian_touxiangkuang_mingxing.png.gz,2bb20f8735532f99f9787a070dd73dbe
A96116F0F32DA47743E03E7E6BC83AB9,22090,res/piece/fy_head_icon/role_head/ui_jiaoshejiemian_touxiangkuang_miusi.png.gz,dbc54d56843e97924f57df7f08c449c2
3FB97FCF6D9FDC9AE64E050F20CC3FE8,13261,res/piece/fy_head_icon/role_head/ui_jiaoshejiemian_touxiangkuang_newailin.png.gz,a625c00a88c6c7bce06aeb676bea3b66
4824337B15707955657099429B4F17C6,31866,res/piece/fy_head_icon/role_head/ui_jiaoshejiemian_touxiangkuang_nianshou.png.gz,ceea0813aeef661e830f828889e4b07a
2BF7BCCCF7BA2A329B5D6F832BA959B4,32382,res/piece/fy_head_icon/role_head/ui_jiaoshejiemian_touxiangkuang_nianshou1.png.gz,00f25a77d3f3836193eb1601ecbcd43f
EEE30A1B8479BBCB28EC783683D7FBAD,25825,res/piece/fy_head_icon/role_head/ui_jiaoshejiemian_touxiangkuang_nianshou2.png.gz,4467afb3f9c623dc8ab71504584b9f56
6D1103B5063789ACD8B52798D031FF08,17860,res/piece/fy_head_icon/role_head/ui_jiaoshejiemian_touxiangkuang_nianshou3.png.gz,918143fed6e3d9e3abea1ea6f15aa47e
362077CBA18221C08A4C9DDB33BCCE3E,14331,res/piece/fy_head_icon/role_head/ui_jiaoshejiemian_touxiangkuang_shengdan.png.gz,e8160bd5ef680fe1834cb41ef15ba592
B84803974D9E3526CC3AAFBEA7E799FA,15160,res/piece/fy_head_icon/role_head/ui_jiaoshejiemian_touxiangkuang_xiaolian.png.gz,94aa64a07b77df9fc3ae1ff0a6185299
6CA903ED9FDFC831281C6D23C34A8A84,16077,res/piece/fy_head_icon/role_head/ui_jiaoshejiemian_touxiangkuang_xueli.png.gz,5816f4aebe32fc4d7efc896881ecce81
D2C564995DA3E608B4D2282A4373F94A,22746,res/piece/fy_head_icon/role_head/ui_jiaoshejiemian_touxiangkuang_xueshi.png.gz,a3a418fd5e316dc55d2e3d879cd36615
6ED76D53A4CF21CB18272B2FAD087692,18847,res/piece/fy_head_icon/role_head/ui_jiaoshejiemian_touxiangkuang_yeyuan.png.gz,a7379b73ef606541cdc5438ee7e7aeb3
1BF80293C2CD18B5F00B1ECF31F17C28,13804,res/piece/fy_head_icon/role_head/ui_jiaoshejiemian_touxiangkuang_yuanxiao.png.gz,0a6073512d35c46cb6b99892e5d4ecfa
C46C32B6F9EA9E518DC0A3DA3D07653C,30312,res/piece/fy_head_icon/role_head/ui_jiaoshejiemian_touxiangkuang_zhounian1.png.gz,4ff283d19cfb235cc60e091db6382ab1
C33DA4E35051CF69B9F891B751EA712F,15856,res/piece/fy_head_icon/role_head/ui_jiaoshejiemian_touxiang_aiweier.png.gz,83c895cd8646bc64dd80f6fb45c8db2a
113AC09E103B8275F5BE564A54C6F535,14148,res/piece/fy_head_icon/role_head/ui_jiaoshejiemian_touxiang_asilan.png.gz,46fd561c4cc803b4d6ef5d5b19774393
0AE5CBD323237642211DA12E611C0E1D,14906,res/piece/fy_head_icon/role_head/ui_jiaoshejiemian_touxiang_baiyu.png.gz,c30ee4b86b4d2044791f7e4e44f6a0c6
E7E32103C478D7B735436054E3FDFBD1,13292,res/piece/fy_head_icon/role_head/ui_jiaoshejiemian_touxiang_cangyanqishi.png.gz,5a9d43478814d5ddb25728e425840b7c
CC0485F2A1D047B39A56918E21B9712C,14018,res/piece/fy_head_icon/role_head/ui_jiaoshejiemian_touxiang_chiyan.png.gz,e4cc6a41837f5008f85371ec47c2a49e
10C45108A742BBD04E8134A33FAAC44F,14260,res/piece/fy_head_icon/role_head/ui_jiaoshejiemian_touxiang_ciyuanlingzhu.png.gz,ffa5d70f48490b1530119ad0d716eca4
A8769F766AEAE7B8C281066BF856F151,16352,res/piece/fy_head_icon/role_head/ui_jiaoshejiemian_touxiang_dakaer.png.gz,acc7d5dcfe2861ec1be89d72d1d0e580
837DFD444B3A535E04E810A3B0E138C2,15090,res/piece/fy_head_icon/role_head/ui_jiaoshejiemian_touxiang_heiyan1.png.gz,482e7673f8685e65ade762266f46d32f
CEE60A7C364980197D119A35EB31A164,13599,res/piece/fy_head_icon/role_head/ui_jiaoshejiemian_touxiang_heiyan2.png.gz,7908bc417cff75157537ad9f3d76a7fd
960DCC70A922999EEE7E0A565FBB4B4F,14546,res/piece/fy_head_icon/role_head/ui_jiaoshejiemian_touxiang_heiyan3.png.gz,ea45b2b3a09a9676a55ecf60aced5b7e
1061131871B4186CBC85FBC1F66394FD,12464,res/piece/fy_head_icon/role_head/ui_jiaoshejiemian_touxiang_heiyan4.png.gz,69a98641d62a8eeea66f8583edf5f14b
0852859F0660FCE03388727EA3500BAB,13225,res/piece/fy_head_icon/role_head/ui_jiaoshejiemian_touxiang_huanshenqiangui.png.gz,a2fce9b56d0fa96e32ba710ae937e5ae
74AB87445306ACE2ECF00DBE1AF45CA6,15250,res/piece/fy_head_icon/role_head/ui_jiaoshejiemian_touxiang_jidaoke.png.gz,cf7b3ca768ca807fac3cb64473161718
C9412374545AAE9758BDAC0588D7B31E,16520,res/piece/fy_head_icon/role_head/ui_jiaoshejiemian_touxiang_lanmao.png.gz,74a0c0fd877c4362ec1cb843e98f99f6
8CDEA48283CA96C9BA3E6EFA50E8A2AB,15078,res/piece/fy_head_icon/role_head/ui_jiaoshejiemian_touxiang_leiguang.png.gz,112772794e139448b9ce2449d4789d5b
1D60633063506FC0FCD29E31F5B736E3,15727,res/piece/fy_head_icon/role_head/ui_jiaoshejiemian_touxiang_lilimu.png.gz,7ddb789cfb5eeb2e65d4eaef7c7fedbd
3CAB7731DB5EFF19A8E4FB420FF05C02,13692,res/piece/fy_head_icon/role_head/ui_jiaoshejiemian_touxiang_ling.png.gz,7dc4fa19092289895e04da1202cdcde6
09CEDAE8129D5109C7A8078DDF854EC9,14035,res/piece/fy_head_icon/role_head/ui_jiaoshejiemian_touxiang_maotu.png.gz,a053c97c07ddcf22f9fcf681dd85b80d
9A9AC1FF4FC5ACED5D5392C2993EBF52,13333,res/piece/fy_head_icon/role_head/ui_jiaoshejiemian_touxiang_mingxing.png.gz,9f53de8cb685d5e7e123b7a5e9dfc405
5C5B3C9C58D4BFBCADB7DE357E3C45CC,15328,res/piece/fy_head_icon/role_head/ui_jiaoshejiemian_touxiang_miousi.png.gz,c4eafb9841fdf35167885f67db4f876c
9BBFB2FBEB24F50F8BCDBBECB28B2793,15620,res/piece/fy_head_icon/role_head/ui_jiaoshejiemian_touxiang_monv.png.gz,f13b9162188d4e39ea41149f9eff5311
77A7A768A189227D963A56473D47E07F,14922,res/piece/fy_head_icon/role_head/ui_jiaoshejiemian_touxiang_newailin1.png.gz,c3c91b58d6b2f507378c780d45316bd1
57D69A5151F47A0CC53070156A0819F4,14836,res/piece/fy_head_icon/role_head/ui_jiaoshejiemian_touxiang_nianshou.png.gz,e8df7b23453e41ce4846d3f51ebfd4b7
51B0AB3035DB71AB4389C2CCCD8D8B08,13984,res/piece/fy_head_icon/role_head/ui_jiaoshejiemian_touxiang_npc_3.png.gz,9772c1be9c2ddd358d1e200f937452bb
B775FB8373C14E265EC4F930968CC8BB,14585,res/piece/fy_head_icon/role_head/ui_jiaoshejiemian_touxiang_shenbing.png.gz,87f2b86c305d3ce99e6ca248025ef928
2084BBB6C654F21E7E68E6359CADBFE7,11432,res/piece/fy_head_icon/role_head/ui_jiaoshejiemian_touxiang_shengdan.png.gz,16f2cd0b2dbadfa187550c56403d58de
E58CAF6887FB580C8341485B7B645E64,13793,res/piece/fy_head_icon/role_head/ui_jiaoshejiemian_touxiang_shenyue.png.gz,c4fc7be9345a924d3a76164f7f4d9588
66D9E9A97098AD25D8470F58CC85AFC0,11924,res/piece/fy_head_icon/role_head/ui_jiaoshejiemian_touxiang_vip1.png.gz,81fda137c4b6844f58fdeacb2a98b071
F7C9429222B329E249794DB2EC286169,13442,res/piece/fy_head_icon/role_head/ui_jiaoshejiemian_touxiang_vip2.png.gz,601308178d46a833a11504dda5b502ec
04A1F09E538753F3379009C676DF0183,15875,res/piece/fy_head_icon/role_head/ui_jiaoshejiemian_touxiang_vip3.png.gz,cb007c427718477e124dd1de95432773
59A70411C67EF5F59AE577DEBD3FF040,17680,res/piece/fy_head_icon/role_head/ui_jiaoshejiemian_touxiang_vip4.png.gz,d9d78d9ab47182b6c78359c9aa04e2f3
1EC62EBBFA917D1DF6716C0D0E402523,12881,res/piece/fy_head_icon/role_head/ui_jiaoshejiemian_touxiang_wr.png.gz,d47a3c630d25a511b6d7fc294ebc8ff0
104C772A5A6BD546CC947CBFFB56F354,15591,res/piece/fy_head_icon/role_head/ui_jiaoshejiemian_touxiang_wuzhuangji_1.png.gz,a0df052e31861ecffe61e33203669998
FA917AFC3B252D5339BADADB2D97250E,14723,res/piece/fy_head_icon/role_head/ui_jiaoshejiemian_touxiang_wuzhuangji_10.png.gz,337f06c7133288bffcb87f868ae3fc4f
77C517D9AF2EB096B156A11A8C013448,14555,res/piece/fy_head_icon/role_head/ui_jiaoshejiemian_touxiang_wuzhuangji_11.png.gz,6b32e31fd87c38ae81aaf264083f72fe
9014FF54F0753EAF471157EF393ED948,16491,res/piece/fy_head_icon/role_head/ui_jiaoshejiemian_touxiang_wuzhuangji_12.png.gz,d8acac5c69cf31771066f8a59a4d4588
7FEE85B25F7732436F6E9DD63C89B109,13209,res/piece/fy_head_icon/role_head/ui_jiaoshejiemian_touxiang_wuzhuangji_13.png.gz,012fdf324066d16692c0ba9ae727ae60
0A49CA6199AA3A6A22F3902F45683C70,16191,res/piece/fy_head_icon/role_head/ui_jiaoshejiemian_touxiang_wuzhuangji_2.png.gz,b590e4bc4b1f4898230a1fc453666dc4
0153809FB777A8519DD31B3AC684941E,15026,res/piece/fy_head_icon/role_head/ui_jiaoshejiemian_touxiang_wuzhuangji_3.png.gz,778541ed9d4e557d8d9cc0e5afdd2746
D9520458AD3B7344F949AB74EAF76EDF,13997,res/piece/fy_head_icon/role_head/ui_jiaoshejiemian_touxiang_wuzhuangji_4.png.gz,afa4e4258f4577097803fcfeb2b6a6fe
704A05142854903DE81655BBD125B829,15279,res/piece/fy_head_icon/role_head/ui_jiaoshejiemian_touxiang_wuzhuangji_5.png.gz,776f933a152a64c6e39b751139004e07
F91AB8944C94CBEC93E132CDF891CDC2,15924,res/piece/fy_head_icon/role_head/ui_jiaoshejiemian_touxiang_wuzhuangji_6.png.gz,f4d6c16ff7b14c971fc23da755dbb8c8
42707D33970754A35D4EC020C68881E8,14816,res/piece/fy_head_icon/role_head/ui_jiaoshejiemian_touxiang_wuzhuangji_7.png.gz,d2ec9e3e60f98b7fe85259c89921429c
9346A12EAD9C98AF87947104EAD85A7C,15186,res/piece/fy_head_icon/role_head/ui_jiaoshejiemian_touxiang_wuzhuangji_8.png.gz,04b257c110be96ee1552c096b922932f
4CF18EF92D4FBDE64435A360CAC37F66,14723,res/piece/fy_head_icon/role_head/ui_jiaoshejiemian_touxiang_wuzhuangji_9.png.gz,13fb2aa5fd3ac4882e99070ecad0dce0
A9887C4F9AFF55DEB565DE678DA5CA19,13734,res/piece/fy_head_icon/role_head/ui_jiaoshejiemian_touxiang_wuzhuangji_vip1.png.gz,eca2d62bf4baf0c3d106e69863f3b3fd
D1E264FFF8696E5EA87B9F29CAC5FCD5,13956,res/piece/fy_head_icon/role_head/ui_jiaoshejiemian_touxiang_wuzhuangji_vip2.png.gz,9026e85a407e614526d0dbdf45d8d3cd
9421F274167B75A10D34CDA62A076C47,14649,res/piece/fy_head_icon/role_head/ui_jiaoshejiemian_touxiang_wuzhuangji_vip3.png.gz,6ceed0979957849fbed91a4ea3a75855
7F3DD7037FD2DC910810FC3E12627F85,14910,res/piece/fy_head_icon/role_head/ui_jiaoshejiemian_touxiang_wuzhuangji_vip4.png.gz,c69de26c895425d5a27faef1b7d23020
38097534D00D3FC2400C7433883C54D5,16803,res/piece/fy_head_icon/role_head/ui_jiaoshejiemian_touxiang_xiaoemo.png.gz,539ef7bf50e9b971b89e79e2898ccc50
EFD3C73183816DCC7AD3B18D89C0DC20,13720,res/piece/fy_head_icon/role_head/ui_jiaoshejiemian_touxiang_xiaolian.png.gz,30c2cbf4c2dde5abb21a73a08e37132e
8E68B07777A5BF977E25DF6EAA44524B,15918,res/piece/fy_head_icon/role_head/ui_jiaoshejiemian_touxiang_xiaotianshi.png.gz,16a125d01577c650fe2270e5158fc6f2
C1CF20133FAAEAE40B20C7D8C16FD34C,15876,res/piece/fy_head_icon/role_head/ui_jiaoshejiemian_touxiang_xueli.png.gz,e3a4ff64ae9258c2b4183a870e768c75
58F1C3B0D34125A36EF285B22687B9F3,14520,res/piece/fy_head_icon/role_head/ui_jiaoshejiemian_touxiang_xueshi.png.gz,7f2c276929966c72774ead1b3e5c1d4f
FCC7153148A4FFB5D6D2CB083C2FF3EF,14030,res/piece/fy_head_icon/role_head/ui_jiaoshejiemian_touxiang_xueshi2.png.gz,d939918ae61bc39794e7d42cf576adb8
716CE12C65EC17322716F06F1B3D28DF,15043,res/piece/fy_head_icon/role_head/ui_jiaoshejiemian_touxiang_yeyuan.png.gz,64fa758058cf6371f5051ed2c555bb25
158A7CBA7E046238BC53D9C5C1AA5991,17408,res/piece/fy_head_icon/role_head/ui_jiaoshejiemian_touxiang_yingwang.png.gz,469a2cddef3c8425ce34ea8bd1c8658d
284771F598A20C92AC37D2A9C6D4B059,13226,res/piece/fy_head_icon/role_head/ui_jiaoshejiemian_touxiang_yuanxiao.png.gz,b19b2d42d03c7480e9bf8f6fa71e0131
5FF373720EA595D1DA1606A2019F28DD,14358,res/piece/fy_head_icon/role_head/ui_jiaoshejiemian_touxiang_zhounian.png.gz,eeb67218b6677c5b22f3e93fafa6de23
11FD6BD7424D43D85AD7F8B01B4B9A3B,14468,res/piece/fy_head_icon/role_head/ui_jiaoshejiemian_touxiang_zhuying.png.gz,6688ffbdaf4f18df45f615e787774332
DF9B892C101B577D572209E85567B9F0,26355,res/piece/fy_head_icon/role_head/ui_mingchengkuang__tunian3.png.gz,7c63e2f62122a56b80ebf4c8aacb13cc
1E90EA3D72039741AF3BBDA992210FC6,27057,res/piece/fy_head_icon/role_head/ui_mingchengkuang__tunian4.png.gz,57318f408a9a23b231ac105a8af64d68
DB22FE52BC7A26BAE590D742D8E2A28D,12187,res/piece/fy_head_icon/role_head/ui_touxiangkuang_duanwu.png.gz,b5a6ee12d0ade4c2fb05dc22da3ed385
2AE996D2256EDE9E3C7AFAACC79843ED,200636,res/piece/fy_login/ui_denglujiemian_denglu_bg.png.gz,6485e82637e409d9418e1057beae5914
8A0DDDDA09482C43554734A342294FC9,28838,res/piece/fy_login/ui_denglujiemian_denglu_bg_01.png.gz,17dc3bba8649bf6d0054e04e18fb39aa
7F49ACA5338BFC265D254363CA46F4EB,3726,res/piece/fy_login/ui_denglujiemian_denglu_bg_02.png.gz,06c68e6b80d0887227904f14bf310c41
5D1E18969FB00B9F363424D58382FF07,3598,res/piece/fy_login/ui_denglujiemian_mima.png.gz,97ebebf8d4fdf3af1f35a6673eb99a2e
7E73837B46977E2DCC9AD9C0E112F508,3268,res/piece/fy_login/ui_denglujiemian_zhanghao.png.gz,9a1025301ad187d1cdba1f083fdc3ce0
C89391FE6E33D72A2776A524F68FD791,5061,res/piece/fy_login/ui_denglu_fuwuqi_bg_01.png.gz,94e28627f6b75651242a04063b2e7074
95EEA850532B749DDA1A0C244933371E,3420,res/piece/fy_login/ui_denglu_fuwuqi_bg_02.png.gz,0f2949796d124cf63e5a96b466e057f7
D2770B5603EBF4D2CB5192C90F3D3A6D,13365,res/piece/fy_login/ui_denglu_fuwuqi_bn_01.png.gz,4bc98f31c3225e5777b8b978e67fdb66
3E6FBB44A0F4D60A0C0E0BD672F9C595,2838,res/piece/fy_login/ui_denglu_fuwuqi_bn_010.png.gz,ab2eface9dbfa879c88900c24b474b62
0245BCF9DED6DF9B41079A6E3409340E,12063,res/piece/fy_login/ui_denglu_fuwuqi_bn_01_001.png.gz,c822936d31580c88dc252a0ac387a859
25936C984312146F6B9EF55E66FFA777,9861,res/piece/fy_login/ui_denglu_fuwuqi_bn_02.png.gz,4bc081cb9cd547ab1a468b8538ed5cd1
390D3E0BF453793A04E90DA5ED6E2E47,9376,res/piece/fy_login/ui_denglu_fuwuqi_bn_02_002.png.gz,7234f73ec01c50155b05b33068321354
CA3B16BBC7A635BEB21E967C8676628C,3439,res/piece/fy_login/ui_denglu_fuwuqi_bn_03.png.gz,35f72664c192101d97b0f4e042956511
4DED46E17C1AFAA7B306C319362F8938,3474,res/piece/fy_login/ui_denglu_fuwuqi_bn_04.png.gz,8c1be14f0d9c9ce74811ae3b06006905
7A3CBF4BB59854FE9A8BB432149B58B9,3603,res/piece/fy_login/ui_denglu_fuwuqi_bn_05.png.gz,ce1b9296d6d36dd4059560244d086490
CC5C0B70D2D1E7584CB4BC6D04EFAC1A,3599,res/piece/fy_login/ui_denglu_fuwuqi_bn_06.png.gz,4eba92cd2ea8f00af68d8ef048ef0d77
5A2C0E3421C23767C3759177FE3E7943,14828,res/piece/fy_login/ui_denglu_fuwuqi_bn_07.png.gz,d3c48640c65f4e041827a41ff164ff14
BB54C17A63BEB7B5998E041CFBAFDBD2,11850,res/piece/fy_login/ui_denglu_fuwuqi_bn_08.png.gz,9a2aaaecf4644dc9018d340fc540aa88
B39847D05015503DF69D2A1897C21258,2838,res/piece/fy_login/ui_denglu_fuwuqi_bn_09.png.gz,a7252a3dfc089cbb15dd88d5924f8066
F50726F41BE84EFCE73F0CA1C045EF6E,3698,res/piece/fy_login/ui_denglu_zhuce_chongxinshuru.png.gz,6410f1e3683564cc989d6b8093374f3f
C888BEEE71A351B576F16D930E39652C,696,res/piece/fy_login/ui_denglu_zhujiemian_bg.png.gz,eff8790b7278fbc27cf560d501286cae
3E0799B6DCE38813A26DEA4D8932DD41,8697,res/piece/fy_login/ui_denglu_zhujiemian_bn_01.png.gz,d08a66215d8c8d2b66bbb120170badc0
07D07770AA0508976B918A6F0C940B60,12998,res/piece/fy_login/ui_denglu_zhujiemian_bn_01_001.png.gz,2e71734d08fb35e3d73e07a3025fb661
CA55EA654F73D024E411BD409F4CA55A,7759,res/piece/fy_login/ui_denglu_zhujiemian_bn_01_g.png.gz,a285534a682726214dc773c6fb8fbd9d
03B69655E7AAEE56C9170D1F70891A2B,8910,res/piece/fy_login/ui_denglu_zhujiemian_bn_02.png.gz,d014eed22410ccb0fd7717a2d2fc1ab2
E9EFE161CBF95E999AC598F323AD34F9,11808,res/piece/fy_login/ui_denglu_zhujiemian_bn_02_002.png.gz,e127bcd11e687111457ec44ef6c0eb7d
C5C44E68CF9B77D7406E1FE29BC44AFE,8256,res/piece/fy_login/ui_denglu_zhujiemian_bn_02_g.png.gz,f569629ace66159a55618d1a9f2d6219
36712D6AB0F4E606134EC39DCE3398AF,40763,res/piece/fy_login/ui_denglu_zhujiemian_logo.png.gz,c9a0848182f33ccfd8d81cd2225ed1d2
54DB369AB1760F9D8853B967EBB91085,58797,res/piece/fy_login/ui_loading_yonghuxieyi_dadikuang.png.gz,732559d558206eb8b5135497daef2e79
D6C0D7278C06A319A39AED1B2569BE85,105129,res/piece/fy_login/ui_pangbai_zhizuoren.jpg.gz,83ad71a589514e813e438cab469d0906
B61C5DE5DEA8049B49ACA495378E1797,20090,res/piece/fy_login/ui_xuanzejuese_jiaodiquan.png.gz,7247f9eb2a3d1d5df6e5d5924bad8a0c
94D7CE0136513E83D0E709F3D2BD1F04,7374,res/piece/fy_login/ui_xuanzejuese_zhuangshi.png.gz,321b6a766110e418716effb9811c2a67
BD8B9BC0DCB75FFD4C158BFD4CF1636C,28795,res/piece/fy_login/yinying.png.gz,c0595b92eb2a7dcb6011605178cf31ad
802CF7B195E41DF2C79326ADC8FCE9E0,3003,res/piece/fy_login/zimu.png.gz,96c21549167f22360707ffa73e396a07
614993DD89B2810250A8920A58A6330E,3024,res/piece/fy_login/zimu2.png.gz,f7565cb368361a13f3b938242dcea745
7C396D7D70CA9B6BB38C1536A1E04C5E,2854,res/piece/fy_login/zimudi.png.gz,512759ab164fb4272723352b293985da
A99C1D16A58D30F2150E4018DBA49388,3953,res/piece/fy_tower/ui_pata_beishu_09.png.gz,9d13416d49a6bf73e1230e03115d95da
FBCD05DC5A940095A4EF056B28690688,4684,res/piece/fy_tower/ui_pata_beishu_10.png.gz,e1631e2ebc81d2b903fe182d04329c45
98DF1CE2F8F881BCAA06DCDD9CB54F05,5050,res/piece/fy_tower/ui_pata_beishu_11.png.gz,f071b8bf3175e7e3b0040db08239f98a
114F2089C148E9B2CD974B10B6E7347B,6606,res/piece/fy_tower/ui_pata_beishu_12.png.gz,a1f66cd9173185b5991bf3c69070c9e9
84BCB5192380F9DAD37E723589E05519,4471,res/piece/fy_tower/ui_pata_beishu_13.png.gz,037c849a824bb4d99d388a544f002fa9
1E5966C8B5678A544BAF0C84AFDE4F24,4624,res/piece/fy_tower/ui_pata_beishu_14.png.gz,50297ebf36302968d4f504641402d922
01FB7F8E9A9C57C84AA383D05B1A3486,4441,res/piece/fy_tower/ui_pata_beishu_15.png.gz,e0d3f756496c7e8676bb92aeeb0ec05c
6613806E041D372113FC48BB9EB78AD5,8506,res/piece/fy_tower/ui_pata_cengshudi.png.gz,5bbe2e40c3e08636a46f36daea138e3a
8325265B9E5D96C473CD70A5B2DC3847,10026,res/piece/fy_tower/ui_pata_cengshudi2.png.gz,c8b0341fd7248e6f13a7f5ec3ea155fc
E1D0229A555CF02A06954CF5288FC1F7,118874,res/piece/fy_tower/ui_pata_changjiang_ditu.jpg.gz,e0b6960e8a7a692c9259ec9c041fbc45
1F0E80718EBB71A1F3BA6471B20993AF,218970,res/piece/fy_tower/ui_pata_changjiang_lou.png.gz,2960b23e3a8d6331037b79184bf221eb
ACF8964656E349D5E973CB90B6ECBDBB,3374,res/piece/fy_tower/ui_ty_hongdian_1.png.gz,ef901b0d6b65f66ea0f01c25f5643166
68FC1F7FC118F1AE337B1E07C4BFB9FD,248658,res/piece/nfy_14days_signin/ui_qiriqiandao_14_diban.png.gz,c683434f7bdbdf64b4e58c15caf3c575
5A1E4D74413119C46610D07CCCC04FAE,2182,res/piece/nfy_14days_signin/ui_qiriqiandao_7_cg_diban.png.gz,c3b4691921c3df4c939b0ffce4bfa4e9
72D84A54A52B977F6E9F1BA8901FB1D8,234883,res/piece/nfy_14days_signin/ui_qiriqiandao_7_diban.png.gz,fc5802f98f3d3cb00de62f67e19a47fa
43D5DBA7B31F6A57AE903BB4606F89A4,371201,res/piece/nfy_7days/ui_qirirenwu_beijing.jpg.gz,86fff62ffee675515ecc3dc49ff74769
F68C18F44F169BD97C70DA6F79362A4A,10951,res/piece/nfy_7days/ui_qirirenwu_jianglikuang1.png.gz,4d4d2a675a0f0e41356651dca91652dd
A6383C24CC097BD95C9FDB72588537EF,1033,res/piece/nfy_7days/ui_qirirenwu_jianglikuang2.png.gz,dd7649350b8902171b982747136a6b2e
47927F4587AF4E08A98C1AB223D248D3,306719,res/piece/nfy_activity_center/ui_huodonggai_beijing.jpg.gz,f70931a691589580b6535f87fd4fc70d
75D9426BE96F02841D14F4CE3AE2E600,266262,res/piece/nfy_activity_center/ui_huodonggai_gonggaodikuangda.png.gz,c5f10cc2f3c33b5720c17a21e3125cbd
80291CC56F42E9A9892C1E593FBA912C,363652,res/piece/nfy_aileen/ui_menpiaoben_bj.jpg.gz,4833b062cada28588f05c0c785fb2ccd
C448F3AFDF875C08769D812AB80862A3,180305,res/piece/nfy_allstar/ui_quanmingxing_beijing.jpg.gz,42fceb018cc3bcf61284174ac154b33f
EDE5BFCF7F8F28061CC5E8C64D095B6F,483925,res/piece/nfy_allstar/ui_quanmingxing_beijing2.jpg.gz,76e0e455b558b5b2093d6519a03aef8e
E2F8541EF02327345A2EC3CD0DF6BF12,507891,res/piece/nfy_allstar/ui_quanmingxing_beijing_main.jpg.gz,22629c14316c865f8cab85b3972d15fe
7FFF21B5894F143F3AB2B8EC7221F942,119813,res/piece/nfy_allstar/ui_quanmingxing_yiji_beijing.jpg.gz,a4580a0f16f96ffa26051f1b8ff6be85
49428368DCB00C6493FDDE4BCC60F67D,55842,res/piece/nfy_answermatch/ui_dati_zuoda_timu.png.gz,4d9d26b330f6c853d39030cf6d602c71
5BAB69CABD70C38243BB787FE3E02FB0,45048,res/piece/nfy_answermatch/ui_dati_zuoda_timu1.png.gz,213e7b1f5ca4602cf747d5e9d9b1aacb
406479B721143B15F961A62273974162,25269,res/piece/nfy_answermatch/ui_dati_zuoda_timu10.png.gz,747c7c7299182efbe187e9460263a208
D7DE71E5B985C692DFC0F701F6D74074,38087,res/piece/nfy_answermatch/ui_dati_zuoda_timu11.png.gz,f81832b983ff8499eca5196cfe4cab75
DC86A165B28A1C25D5BE00A2988CAA26,47048,res/piece/nfy_answermatch/ui_dati_zuoda_timu12.png.gz,4d36f30e7b7a75bd72779e6a688de3d5
03A3B183781A684867CE1026F7274746,22445,res/piece/nfy_answermatch/ui_dati_zuoda_timu13.png.gz,6a735613041c7ea5e0d6ad68ae5753ee
2F22A4C3B7DE383044662EDE02639410,61738,res/piece/nfy_answermatch/ui_dati_zuoda_timu14.png.gz,80534bf8244694bb54b70ecc878d6bcb
BDBA0E31B3B3F14675AF46A51533F881,60691,res/piece/nfy_answermatch/ui_dati_zuoda_timu15.png.gz,2526e4782266d43a592752ebe10b6f12
00408C47C7EEA322092527A7C1D13E0A,83091,res/piece/nfy_answermatch/ui_dati_zuoda_timu16.png.gz,cb93beaaf55bc166368bf9d58d164d18
5936F924649AE1B5D5FD1192D9B9C8EE,64606,res/piece/nfy_answermatch/ui_dati_zuoda_timu17.png.gz,fafbeefe038e25e65ab873d6900a8970
0974847FBFFB25014D095D3829A8CA84,88020,res/piece/nfy_answermatch/ui_dati_zuoda_timu18.png.gz,f6c56c502dc06628cb336df6cd571e55
AFC2E30A50BAD66227A4F59D9F2C499A,75103,res/piece/nfy_answermatch/ui_dati_zuoda_timu19.png.gz,96fbcc6ac7eec70de7565b94dca18ed5
D482903DF48531C68415EBBC17E31592,28813,res/piece/nfy_answermatch/ui_dati_zuoda_timu2.png.gz,8683cd2bf54e4ae981ffd2c09223df37
606E66C0BABA73B2C8A640B8B54E32A3,59801,res/piece/nfy_answermatch/ui_dati_zuoda_timu20.png.gz,07dee29de2d3d6a4a3d3c80dd04ade07
E25720C1D891D1A4E66CD3D566E1288A,20252,res/piece/nfy_answermatch/ui_dati_zuoda_timu3.png.gz,37874684263f96be68e1699ab77a8441
FCD2BBF9BFE81DAB0795F14812DAD188,53003,res/piece/nfy_answermatch/ui_dati_zuoda_timu4.png.gz,3081385969f5833c29ab2769a03d0e9e
A3F867BEA93AF329CAA79FE2C0AFFE37,29467,res/piece/nfy_answermatch/ui_dati_zuoda_timu5.png.gz,bbbf1f93c499978dd56a238df17e35a5
18F2C5BC642A2D1678A13914711962AA,19546,res/piece/nfy_answermatch/ui_dati_zuoda_timu6.png.gz,558c3190aff67cb2e6d393ac73be8660
2C8B09734D86E2A3430622E888DA09D8,30451,res/piece/nfy_answermatch/ui_dati_zuoda_timu7.png.gz,9a05215f24a04feaa08a35d079ef66d6
922FC91CD8E7FE2A08B7C084ED6D2D33,31935,res/piece/nfy_answermatch/ui_dati_zuoda_timu8.png.gz,421681a51066fd93c8733e678e5571ed
579AA92BE2D6F34FB1186C15867F6968,21308,res/piece/nfy_answermatch/ui_dati_zuoda_timu9.png.gz,fd844a97b94ae513e364acb0f1f3c870
481CF02046B96D4840B20E42B1A8067E,347796,res/piece/nfy_arena/ui_jiaodouc_beijing.png.jpg.gz,a2dfbba0ae25eaf09e949bc9c4e93668
8132A6058DAC6F3EED2EA939BD7E7EB6,401632,res/piece/nfy_arena_cross/ui_kuafujingji_beijing.jpg.gz,7fcd3b88588a52552690a53c64aa8a1b
0B7D13ED43A69C444BFB2F75E8E1D9C0,255031,res/piece/nfy_artifactNew/beijtu2_new1.jpg.gz,05cad5c6b3d2f5e01816bb1326c6ea89
3FA2C0996AF8F6E19244B23D8D2B0C4A,347026,res/piece/nfy_artifactNew/beijtu_new1.jpg.gz,7baa0da114c35567a84214dd1ff66676
DBB0690414D8C05E8FF766EB4A15FF9A,2382,res/piece/nfy_artifactNew/ui_new_tongyong_huangguan1.png.gz,9c642eb3dbc5280d4bd991136c727aed
F9B578E69B19C7320672AE874734EE98,2400,res/piece/nfy_artifactNew/ui_new_tongyong_huangguan2.png.gz,46d93551bad2f7889d52bead40b13593
24434874BFC4462C0764D7549A8CF027,1266,res/piece/nfy_artifactNew/ui_new_tongyong_hueixuancai.png.gz,fece2e4b0f2371b57703ad9efade22b9
1AF8F921981E96C9FC4EE0964B276099,505,res/piece/nfy_artifactNew/ui_new_tongyong_liangxing.png.gz,25fcbf672ec9795caf924c8848320854
638C7C05F91B762614E5911C1FA5B41E,410,res/piece/nfy_artifactNew/ui_new_tongyong_liangxinganxing.png.gz,89c4db4571de3ef582862dfed1ccec3d
AC86C623460246F8A2EA7BB6332620F2,3256,res/piece/nfy_artifactNew/ui_new_tongyong_taiyang1.png.gz,ee8499277ca231b2a3a1dfae95f45f9f
439A378613E3B8E7A55497CE15053523,3312,res/piece/nfy_artifactNew/ui_new_tongyong_taiyang2.png.gz,330485fdd0f29d245f8ca864ebc99d9b
67A6E8AB40208BF98DF7B27F66970B45,1998,res/piece/nfy_artifactNew/ui_new_tongyong_xuancai.png.gz,d0c94d367e5a26b281c174f222917d80
8114611F90C2B376AE83FDBC6458E752,2841,res/piece/nfy_artifactNew/ui_new_tongyong_yueliang1.png.gz,48f4c33a8ca783d17a4116f7a7651a2b
81276B87FC074E3F24A597494FEB970C,2869,res/piece/nfy_artifactNew/ui_new_tongyong_yueliang2.png.gz,8372d9de2ceaa7a1ecdc31906b0b23b6
4C285AF29138F568CDA92D1F9C73687F,117354,res/piece/nfy_artifactNew/ui_new_wuzhuang_diban.jpg.gz,9e7837dd8a4028756da16c0e86080bae
6465DA042BC54CBC2C78C9F21A3D0008,26550,res/piece/nfy_artifactNew/ui_new_wuzhuang_diban_1.png.gz,f62e8629f917e49a243ab6739ee2d803
A2B5A30C794FD5D6E154CED3CC3DB352,34135,res/piece/nfy_artifactNew/ui_new_wuzhuang_diban_2.png.gz,0a02308c30886a61326908caa2de5724
F68BF2798CCB72B62E68A36215325DD9,30968,res/piece/nfy_artifactNew/ui_new_wuzhuang_diban_3.png.gz,d0e38e79c2422791c47cbdae958d8b65
A47A8024840B615AB88E035DF1D7399C,35939,res/piece/nfy_artifactNew/ui_new_wuzhuang_diban_4.png.gz,89ea7da737b88b39257ee0652ab2e3a2
CCC370F34440B210122B10270E10F03A,103463,res/piece/nfy_artifactNew/ui_new_wuzhuang_renwu1.png.gz,cd3c89770a1714acfcdfe3c046f13c93
EEE883F210D87E3087ADB78FC75FF9D1,101509,res/piece/nfy_artifactNew/ui_new_wuzhuang_renwu2.png.gz,da64e3422f801b652b9e49e5f773f713
DF7D2CDC49B99CD31C6DC572DB6E8C47,91688,res/piece/nfy_artifactNew/ui_new_wuzhuang_renwu3.png.gz,9da0607743813a7283c3b65916558140
758D4D32060F4198CE79E79EA3984539,106428,res/piece/nfy_artifactNew/ui_new_wuzhuang_renwu4.png.gz,a60a6ef715dc9c78d69c8b087facfa9f
6801C417EBEA4F0D1853CD50F739D9B8,956,res/piece/nfy_artifactNew/ui_saodang_dadiban.png.gz,684bd59d786f72c2379abca79bd3d236
998DBDA3FBC7F0B6ACFAE349618FFA72,15817,res/piece/nfy_artifactNew/ui_shenqi_shenyue_fen_1.png.gz,91330b970709e80124e279c3ff5b84fe
3CD60CA97425EF029858F07753304BEE,35037,res/piece/nfy_artifactNew/ui_shenqi_shenyue_fen_1_max.png.gz,5c063b8f2241658112355c9723b4589e
13ED3E8A5F05EA466D1A08E9C8ED7353,23290,res/piece/nfy_artifactNew/ui_tujian_diban_1.png.gz,147b6264c5ab90975485d11ecbb46e36
70AC4A6B5EC43E4E7EDE58C7B92C3FAD,26714,res/piece/nfy_artifactNew/ui_tujian_diban_2.png.gz,51425535020d8cdffa2770ca17e0ab20
18612CAE5ACB57B63D495CE65790DEF7,41692,res/piece/nfy_artifactNew/ui_tujian_diban_3.png.gz,1775da408ea8c4b8ae427c7461b16be2
637C9FE3A5FCFCE128728E666E2C3238,40789,res/piece/nfy_artifactNew/ui_tujian_diban_4.png.gz,5d597102c2e5462709f814fe67710db9
1887AD6FAC5FFE8232D132928CAC0494,2310,res/piece/nfy_artifactNew/ui_wuzhuang3_biaoji_fangyu.png.gz,99760613450c9dbc17c7f816d42d9915
63563A31EB0A8C1951A850A5AC430B7C,2908,res/piece/nfy_artifactNew/ui_wuzhuang3_biaoji_fuzhu.png.gz,64f7f4e8ce2f3afbb9df8b1e7179107e
381F1F341803E4D371D54A3C19D076D1,2864,res/piece/nfy_artifactNew/ui_wuzhuang3_biaoji_gongji.png.gz,f6a28f89366f2ecfdc16737e1e9361d3
A8999027FEC613DFE63336FB437F09AD,1360,res/piece/nfy_artifactNew/ui_wuzhuang3_biaoqian_lv1.png.gz,cff8c5f7451d550344537673e66c116a
600225071EFE2181DD04B656A13E5E87,1480,res/piece/nfy_artifactNew/ui_wuzhuang3_biaoqian_lv2.png.gz,b80d50e5d3a66ba702c07f7d6a492b82
7CD2F32BF1E26CDF4EBDD45F326B3482,1493,res/piece/nfy_artifactNew/ui_wuzhuang3_biaoqian_lv3.png.gz,aabedc1b52e892602b102c7347ab243d
7B65FD4A3BAF52746F838F3C707B4E7B,418882,res/piece/nfy_artifactNew/ui_wuzhuangdengchang_bj.jpg.gz,d60fa8c14ce4f7d9dfe1b7772c528133
E7506397CA4C08B32DD0BCD563256F32,342282,res/piece/nfy_artifactNew/ui_wuzhuangdengchang_bj2.jpg.gz,e58479923cece1e049a16f3fc85653f0
119DB84435B6820F61F52DBF4726E5BC,2075,res/piece/nfy_artifactNew/ui_wuzhuangdengchang_r.png.gz,b96afad61140be4036ddb38b0deedbd9
9AB30A10D74050290552BBE13CD7A9F1,3287,res/piece/nfy_artifactNew/ui_wuzhuangdengchang_sr.png.gz,93ca3fd2e8ce4c270552014f4169f489
E3C87A2B6A434C0310C33F1E12BCB580,4140,res/piece/nfy_artifactNew/ui_wuzhuangdengchang_ssr.png.gz,199f7295928d6548135e4358ffd8c45a
2656552DA40DE70BAAD76BB64E9363B4,3149,res/piece/nfy_artifactNew/ui_wuzhuangjiem_buchong_wuqijineng.png.gz,67635935f7f5d5381a942099bd331839
6F041F45DFE28D40A25BF23A108176D0,4115,res/piece/nfy_artifactNew/ui_wuzhuangjiem_buchong_zhuangshitaitou.png.gz,29a5f264bab02af54ef4d7ebf2d11c17
49AB9BD682F5E0760F213A1295ECDCAF,22061,res/piece/nfy_artifactNew/ui_wuzhuangjiem_shuxingjiemian_dibankuang.png.gz,cbcae608f20263f9598972f96ea07dee
2035F840C8EF55433CE5DC3F02A482CE,232,res/piece/nfy_artifactNew/ui_wuzhuangjiem_shuxingjiemian_touxiangkuang.png.gz,19c48f1429e00b27cb3ccd6f43e46c1c
B3E00FC95F8C4B587D57CA48F6765A79,236,res/piece/nfy_artifactNew/ui_wuzhuangjiem_shuxingjiemian_weixuanzhong.png.gz,43caf299fa2e74eaf142379811fa9c71
A9D09C356613910381474655EBD6DEF8,261,res/piece/nfy_artifactNew/ui_wuzhuangjiem_shuxingjiemian_xuanzhongdian.png.gz,f35b6da3d4f3a89eb92a2fdbd532733e
69474E005F00FDC0B848BDDFEF19DE4C,112,res/piece/nfy_artifactNew/ui_wuzhuangjiem_shuxingjiemian_zhuangshixian.png.gz,be7513490df913d860ea36f88eae27df
D6599BED8FAFBB9F6470A114C8B8AFCE,16828,res/piece/nfy_artifactNew/ui_wuzhuangjiem_wuzhuangji_fensediban.png.gz,f8918074019ba7af322d33869e844d7e
B69142195DA74E52719A805530491CA2,12783,res/piece/nfy_artifactNew/ui_wuzhuangjiem_wuzhuangji_jusediban.png.gz,44a7abc0c1d191968ee00144d79a452c
6672D3F366D4897497A1134427A29AC9,51262,res/piece/nfy_artifactNew/ui_wuzhuangjiem_wuzhuangji_wuzhuangji1.png.gz,63317a86bcfe063a3c8d4bfa14404ab4
774686C448F4129D78329770F36C4F6B,45003,res/piece/nfy_artifactNew/ui_wuzhuangjiem_wuzhuangji_wuzhuangji10.png.gz,db35d77f6b6d8117ecce0a31a7fb7749
6037BDFD476920A9D3F4DC5111E6C761,53057,res/piece/nfy_artifactNew/ui_wuzhuangjiem_wuzhuangji_wuzhuangji11.png.gz,0f6bb0b9594918659bb4049b59703f51
BD02D471AC75F6B04960B924B3ABA20F,54122,res/piece/nfy_artifactNew/ui_wuzhuangjiem_wuzhuangji_wuzhuangji12.png.gz,594f606e4320e1c99c61d0154fd113e1
F8EF9C722925F743DEB1F26E77F12E4B,57270,res/piece/nfy_artifactNew/ui_wuzhuangjiem_wuzhuangji_wuzhuangji13.png.gz,d4a4fb1b643835abbb9ebfa5047259b7
FD00961C9D45CB26196D267D4CAE3542,55128,res/piece/nfy_artifactNew/ui_wuzhuangjiem_wuzhuangji_wuzhuangji14.png.gz,8fb27fafbf95abc1b01fb9cfb25c4feb
087628BB2CA75185BC8DA1C732E2F09C,44116,res/piece/nfy_artifactNew/ui_wuzhuangjiem_wuzhuangji_wuzhuangji15.png.gz,965785bb5e405e49a02ad2709c90720e
D42F65CC9AED743F8862774EA96532C1,45394,res/piece/nfy_artifactNew/ui_wuzhuangjiem_wuzhuangji_wuzhuangji2.png.gz,859601a717b8bea1c41eca7e43f0747a
28864D4B12B5668ADF1DAFA09DC9378C,45738,res/piece/nfy_artifactNew/ui_wuzhuangjiem_wuzhuangji_wuzhuangji3.png.gz,c62e1bbcff5b575184486a496fe15ffe
4928E997AA7953BC62FF1F461C5089EC,56175,res/piece/nfy_artifactNew/ui_wuzhuangjiem_wuzhuangji_wuzhuangji4.png.gz,ac7cf99bb61308ea8b46aca963fd9a68
2C5C81435CDA0A86250944FC97F77697,47873,res/piece/nfy_artifactNew/ui_wuzhuangjiem_wuzhuangji_wuzhuangji5.png.gz,930d80bd7d3e22307beb97a703ebefe7
0F87DE04CCD5C07F924C371E87EFF15A,52629,res/piece/nfy_artifactNew/ui_wuzhuangjiem_wuzhuangji_wuzhuangji6.png.gz,e45a709e8d16d93518ecdf8d7236af9b
60D78869C5DE883BEB55688912C9B115,54747,res/piece/nfy_artifactNew/ui_wuzhuangjiem_wuzhuangji_wuzhuangji7.png.gz,9a9b305897506450a62a49477dd95441
9154B78062BD41AB4FE0483FFC0BC5C1,50402,res/piece/nfy_artifactNew/ui_wuzhuangjiem_wuzhuangji_wuzhuangji8.png.gz,0f9f77d1cb3195db0c0daf6eb63f7b35
0E3B9CFFF290FF5E14C0D34DDBD19107,50588,res/piece/nfy_artifactNew/ui_wuzhuangjiem_wuzhuangji_wuzhuangji9.png.gz,f14b8a1e77c46a5132b55919bb195bde
E9923B94032939D781EFB9DFBBC091D7,2280,res/piece/nfy_artifactNew/ui_wuzhuangjiem_wuzhuangzhengying_baishenbai.png.gz,9295f6283532c5d310a78c07575ec2ef
9443D4FBF8EC16E88DAA05386CAC732A,347026,res/piece/nfy_artifactNew/ui_wuzhuangjiem_wuzhuangzhengying_baishenbeijing.jpg.gz,7baa0da114c35567a84214dd1ff66676
176CC3278BE7BC81F3906ACE669BA16C,16383,res/piece/nfy_artifactNew/ui_wuzhuangjiem_wuzhuangzhengying_baishengdiwen.png.gz,263c328d35f3a4e393cd0c1c2703bc88
1FD584858BDCD227E23D5353650FBDB8,2405,res/piece/nfy_artifactNew/ui_wuzhuangjiem_wuzhuangzhengying_kejibai.png.gz,3fc96347e23a617d75a728f20c780f78
6EA74A78D368AEE5E2F78EF6420ED4EF,14031,res/piece/nfy_artifactNew/ui_wuzhuangjiem_wuzhuangzhengying_kejidiwen.png.gz,8a82915515fad739da1f14c910c8a8e8
9F464992F8D405B7A0D850397AFAC938,3473,res/piece/nfy_artifactNew/ui_wuzhuangjiem_wuzhuangzhengying_shenqibai.png.gz,d7794961ce01b2a09e6c702aeeea4735
8A2BD01228BC8622C56953063E640099,27116,res/piece/nfy_artifactNew/ui_wuzhuangjiem_wuzhuangzhengying_shenqidiwen.png.gz,730589010467eb8c16b9a8ee689b79dd
6BC18D328A4AB2BB1123605C2911A890,3414,res/piece/nfy_artifactNew/ui_wuzhuangjiem_wuzhuangzhengying_shenxuanzhebai.png.gz,d60ae8d65b7968e3c7fcc4e5b361fc5f
052107E51C3324CAA8AF2E0E72119DB5,22807,res/piece/nfy_artifactNew/ui_wuzhuangjiem_wuzhuangzhengying_shenxuanzhediwen.png.gz,a70aba0397511dfd091f95a55307b90c
A7CA60916211F668506857BDC6549297,2019,res/piece/nfy_artifactNew/ui_wuzhuangjiem_xingji_1.png.gz,37c067398d6de6f9472e4a5a4e54febe
D949C98B4E361F9899E4D82527ACD164,1613,res/piece/nfy_artifactNew/ui_wuzhuangjiem_xingji_2.png.gz,b780a0e1a0c03cadc92ceec0fd811b8d
4316401BEB7BED4AC36B1A1B33EC5C73,388827,res/piece/nfy_artifactNew/ui_wuzhuangjiem_xingtaiyulan_diban.png.gz,670e2093a7ea7f5b3c47c3d3c1220272
7164F9C03164ECD72AFD8803062A794D,27553,res/piece/nfy_artifactNew/ui_wuzhuangjiem_zhujiemian_chengseda.png.gz,ea5d023c1bf37e11c5054a8cf688e5ad
5D55E19B1C96956CCDDB606BCB49C0FC,16852,res/piece/nfy_artifactNew/ui_wuzhuangjiem_zhujiemian_chengsexiao.png.gz,966618c6f4c683a3ea5dbf445ad86907
85F55853C5F5C7D94E8933307F957526,2875,res/piece/nfy_artifactNew/ui_wuzhuangjiem_zhujiemian_hueise.png.gz,261e9e0b3dab1c990db7c11fe9174fb4
0D15DE947D9B751105898E23191AFB5D,1904,res/piece/nfy_artifactNew/ui_wuzhuangjiem_zhujiemian_juse.png.gz,c740bea73bb684b628eb18edddb02f07
52AFF0192040CEF9C18A8BEEADB27B74,3147,res/piece/nfy_artifactNew/ui_wuzhuangjiem_zhujiemian_lanse.png.gz,1610fe8907e513666afc9b49d44af335
EE6214CEA87D19DFD8E52462AB2A3F00,38608,res/piece/nfy_artifactNew/ui_wuzhuangjiem_zhujiemian_lanseda.png.gz,d4a3daa1e4c33d64b76ceb1fd81a11ce
F26205E866BAE0DFE43EE553BBD59B8A,23370,res/piece/nfy_artifactNew/ui_wuzhuangjiem_zhujiemian_lansexiao.png.gz,232dcfa615c240d2028679e322a4317a
D45AB6693B3A78CF48FD007C7A273E25,6269,res/piece/nfy_artifactNew/ui_wuzhuangjiem_zhujiemian_touxiang_new1.png.gz,74680b138bc1a4ad09fb3289563503c0
BE478B20A1110BF105FE62F3098BC123,2560,res/piece/nfy_artifactNew/ui_wuzhuangjiem_zhujiemian_zhengying_new1.png.gz,949793a0283ce8efd5b3df23e7300961
3D77F86B049C25CC34D90C1AE318C610,2535,res/piece/nfy_artifactNew/ui_wuzhuangjiem_zhujiemian_zhise.png.gz,9f8bc5d3c4cf6337e82f1ea08a661154
15BC91EB048063F45659FCBBF471B622,28807,res/piece/nfy_artifactNew/ui_wuzhuangjiem_zhujiemian_zhiseda.png.gz,cf691e8905edf58caaed74d144124922
05CADCEA51C70DDD59557275D5D47094,18777,res/piece/nfy_artifactNew/ui_wuzhuangjiem_zhujiemian_zhisexiao.png.gz,ed8319f18541bf9cff27dfc2df7f78a8
A376C7FE07DE015A23D4A4895D9D569B,7220,res/piece/nfy_artifactNew/ui_wuzhuangjiem_zhujiemian_zhuanshi.png.gz,b9472373856d0218640e9aa65c1eed72
E8839F56D650C8A7A81C7949DE024A44,40987,res/piece/nfy_artifactNew/ui_wuzhuangjiem_zhujiemian_zhuanshida.png.gz,696d3eb338be54bc24cbd0950584e10e
408D1ADB4F7D7E842DA3DA52D4703F46,25637,res/piece/nfy_artifactNew/ui_wuzhuangjiem_zhujiemian_zhuanshixiao.png.gz,7d0fb56b9bea1ae6da8a8878681e42ca
223FFE728EAACCF91379CC043FF4CD68,77222,res/piece/nfy_artifactNew/ui_xinwuzhuang_wuzhuangji1.png.gz,23815ad0891bf8d9e1d42d8dd905648c
52F7717F55A0DEA2DF195AAF44F6ACC8,284609,res/piece/nfy_artifactNew/ui_xinwuzhuang_wuzhuangjipifu1.png.gz,70ec78a438374374b4f59383e18a23fd
AD266E63BC212385A0FDBBA23D6C0AC9,309081,res/piece/nfy_artifactNew/ui_xinwuzhuang_yulanbeijing.png.gz,726f04a48a3d2a4f6186dcbd974e7df4
6E5EA1A78D2161C8DB3907DDF3B158B3,221113,res/piece/nfy_artifact_collect/ui_wuzhuangjijie_beijing.jpg.gz,6ece3bd39bc11938cef9ac8ffaeac803
8FF93CE194AB6A555ADBC8D97CE4CE2E,515844,res/piece/nfy_artifact_collect/ui_wuzhuangjijie_dadikuang.png.gz,5cb670b9b9fa86cd46955243099e6106
4951B0A3CA88D4AAF6A865B73285002E,123740,res/piece/nfy_artifact_icon/icon_big/lilimu/ui_shenqi_hejindianju_lilimu_cheng_6_max2.png.gz,836e2e81de83af9a388a423641017d84
AF01A02D1413B38D5498D7B08DD9E2EE,120221,res/piece/nfy_artifact_icon/icon_big/lilimu/ui_shenqi_lilimu_cheng_1_max2.png.gz,7e2efbc720a23bebc1be972e94e09e00
357D358A58FE97623C6F7A92981DAA6F,119949,res/piece/nfy_artifact_icon/icon_big/lilimu/ui_shenqi_lilimu_cheng_2_max2.png.gz,f6b8a3612040db531b67adcca736640b
8EB6D62972CE750999A400A5043B5157,88484,res/piece/nfy_artifact_icon/icon_big/lilimu/ui_shenqi_lilimu_cheng_3_max2.png.gz,7f48eac308c2fddb04f28c07c12b6527
7AE278106D19162F06455345648786C4,141695,res/piece/nfy_artifact_icon/icon_big/lilimu/ui_shenqi_lilimu_cheng_4_max2.png.gz,d5178cdaffdbd5ae3425fb72d221b9cc
7804D851F62F01125A24C979A8AE8A2A,58599,res/piece/nfy_artifact_icon/icon_big/lilimu/ui_shenqi_lilimu_cheng_5_max2.png.gz,2c584ccf50bea8cf6607eee269ce7e7e
820127C37C7A5855F4136664CCFB9B01,111223,res/piece/nfy_artifact_icon/icon_big/lilimu/ui_shenqi_lilimu_fen_10_max2.png.gz,1406feee3f47c4a6c39de9d8d0f04fbb
785E81A297963A62672A58CEB5EFB188,91667,res/piece/nfy_artifact_icon/icon_big/lilimu/ui_shenqi_lilimu_fen_11_max2.png.gz,fa29f04ba68ef73f74863cd6fc2a5f19
2E9386A3F38B534D714CFC859994E9B6,112772,res/piece/nfy_artifact_icon/icon_big/lilimu/ui_shenqi_lilimu_fen_12_max2.png.gz,a062eae43e05ba64db6eef7bfba0d2c3
4C9A8AD12A4D4824CC82C7D536A8AECC,177937,res/piece/nfy_artifact_icon/icon_big/lilimu/ui_shenqi_lilimu_fen_13_max2.png.gz,0e53b29f2f06e46d3a1b2ffc215aed57
702DB423F9647CBEDCD3F6CC3475A532,37972,res/piece/nfy_artifact_icon/icon_big/lilimu/ui_shenqi_lilimu_fen_14_max2.png.gz,563e9cc53a0d5e355bbf3607a4f2176e
70E35341EFB324DE6727646B0BBDDE77,106786,res/piece/nfy_artifact_icon/icon_big/lilimu/ui_shenqi_lilimu_fen_15_max2.png.gz,26fd96afe360386e56ca71b83539b659
0B172C047AE13059621E3C1B03965B12,83934,res/piece/nfy_artifact_icon/icon_big/lilimu/ui_shenqi_lilimu_fen_16_max2.png.gz,a83d33810d86ad6233ca5cb0a0bce8fb
F6DDD6FC83C4481BD0AA54BA246B2EF3,125929,res/piece/nfy_artifact_icon/icon_big/lilimu/ui_shenqi_lilimu_fen_17_max2.png.gz,10eae0b9d3baa59020e2b14363cfb05c
825C3F74575756360D41B47FD7F7C632,98035,res/piece/nfy_artifact_icon/icon_big/lilimu/ui_shenqi_lilimu_fen_18_max2.png.gz,5c271c52c63b76817d22ae90dd7764e4
4B312A4F61F65157EF63626E9FFFFB2D,184982,res/piece/nfy_artifact_icon/icon_big/lilimu/ui_shenqi_lilimu_fen_19_max2.png.gz,1b6fd0ef2c3603d6d77a9b29701b1e44
21989453A44EB63829F44A3D0A642869,64298,res/piece/nfy_artifact_icon/icon_big/lilimu/ui_shenqi_lilimu_fen_1_max2.png.gz,2379926359c51ce427012cc922f22e3c
EAD489B9275DA194D2B76B4527F7876C,46178,res/piece/nfy_artifact_icon/icon_big/lilimu/ui_shenqi_lilimu_fen_28_max2.png.gz,4ff2d46f024fe7c15b60547b734b5a84
FB01E0F6673D09EFF1A8032FC4CDF860,158487,res/piece/nfy_artifact_icon/icon_big/lilimu/ui_shenqi_lilimu_fen_2_max2.png.gz,c9baf40fd8439f513f346895fc5809a7
AD59BDE6FFEC9F1D78C7BEC78FE1189A,113577,res/piece/nfy_artifact_icon/icon_big/lilimu/ui_shenqi_lilimu_fen_3_max2.png.gz,56cd75186db2b067ad514a900ddf9871
506B040F7634BF1C0BD05FF4BBDF83B3,129588,res/piece/nfy_artifact_icon/icon_big/lilimu/ui_shenqi_lilimu_fen_4_max2.png.gz,78cabaeba064120ab98667bec5b6eaf0
FB9726A469A057D6B8D1581723DB49E8,110303,res/piece/nfy_artifact_icon/icon_big/lilimu/ui_shenqi_lilimu_fen_5_max2.png.gz,b8985aece12ea257369855c117eaaf6b
C39C14E257431651A19F521060ABBB0D,89893,res/piece/nfy_artifact_icon/icon_big/lilimu/ui_shenqi_lilimu_fen_6_max2.png.gz,d40459caac3c341dd1b2730e5be79a7b
5A4E737C71E1654D8C41D1C510A3497A,86261,res/piece/nfy_artifact_icon/icon_big/lilimu/ui_shenqi_lilimu_fen_7_max2.png.gz,d74e8a02fe1d95130f1df8df054d47a5
73F4D17F2F75F8B28F088C99BB71E48A,77755,res/piece/nfy_artifact_icon/icon_big/lilimu/ui_shenqi_lilimu_fen_8_max2.png.gz,9043704b41510ae12aefce4774112bd0
4473F14DD0695A0A6227AF6AA85E9453,91204,res/piece/nfy_artifact_icon/icon_big/lilimu/ui_shenqi_lilimu_fen_9_max2.png.gz,3c9d29197487920357a722a66ae23ef5
0F2C164A7EC203E08CEEF23E451ECEF3,40933,res/piece/nfy_artifact_icon/icon_big/lilimu/ui_shenqi_lilimu_lv_10_max2.png.gz,b6f033b372b0dd639009e814722a1be3
D2937A1610B155A5A155A96B6C19045B,77309,res/piece/nfy_artifact_icon/icon_big/lilimu/ui_shenqi_lilimu_lv_11_max2.png.gz,6f44afd7745fa8dfdfbff68799bc0799
9ECCCAE963065FFC9124B5C3B2CE92F3,53041,res/piece/nfy_artifact_icon/icon_big/lilimu/ui_shenqi_lilimu_lv_12_max2.png.gz,538241181542c957860b67d3b31e76df
D781D205F39CB6CECB285C44C88F02F0,44403,res/piece/nfy_artifact_icon/icon_big/lilimu/ui_shenqi_lilimu_lv_13_max2.png.gz,380fa69fa7b4b55efa017bda0da5a5b5
14941C3B069AF81661CC90E61BA8125B,41850,res/piece/nfy_artifact_icon/icon_big/lilimu/ui_shenqi_lilimu_lv_14_max2.png.gz,f3a49cca635affcd0681089c116f49fb
D2F58370EE2929A028AD2742AEDD5096,43092,res/piece/nfy_artifact_icon/icon_big/lilimu/ui_shenqi_lilimu_lv_15_max2.png.gz,6c25c66333425c19a3aee63e928113e1
7A294712EAF3B51658060D87D74849F5,61348,res/piece/nfy_artifact_icon/icon_big/lilimu/ui_shenqi_lilimu_lv_1_max2.png.gz,7d9110a7a3e09c663c02a2fc4f21729e
BEE29CF213CBEC7F4BDC17A925BD91CD,63763,res/piece/nfy_artifact_icon/icon_big/lilimu/ui_shenqi_lilimu_lv_2_max2.png.gz,82986cd7700cbae3d3f6e38aad623ca0
A0B0B623A0E8852C85F268BA58C075FE,63509,res/piece/nfy_artifact_icon/icon_big/lilimu/ui_shenqi_lilimu_lv_3_max2.png.gz,15c5598b983cb2a66daf276818c6ded1
DB172AEFCD603EB05526831E9ACAAE9A,43122,res/piece/nfy_artifact_icon/icon_big/lilimu/ui_shenqi_lilimu_lv_4_max2.png.gz,96e30cc798071682e3a4c3bfd44773d1
2DC78FB74FADB242EF8F44D05724C65C,68265,res/piece/nfy_artifact_icon/icon_big/lilimu/ui_shenqi_lilimu_lv_5_max2.png.gz,e6af3f83098cc63fcc14cfa6af2de0b2
B77FAF3BBA83EA452327B0444D4C3795,89348,res/piece/nfy_artifact_icon/icon_big/lilimu/ui_shenqi_lilimu_lv_6_max2.png.gz,4e3b554468fbedd47f91a7ba70fba86a
B6BA8B6EDA7C3B8F7FF1F819F8DAF4A3,67770,res/piece/nfy_artifact_icon/icon_big/lilimu/ui_shenqi_lilimu_lv_7_max2.png.gz,596c7ba1a074424084d8c205ef623644
52FB3AA72F3793F235CFADBEBB487308,59506,res/piece/nfy_artifact_icon/icon_big/lilimu/ui_shenqi_lilimu_lv_8_max2.png.gz,42a280c86346b36c06f3ff1b98bf5e63
DF756545E8D58BCB49D1765EE27D1FAF,59261,res/piece/nfy_artifact_icon/icon_big/lilimu/ui_shenqi_lilimu_lv_9_max2.png.gz,5233a412c53b7e80afcfcc0401a977d6
939BEE06781E0C34D8B653BD4ACB11E3,113818,res/piece/nfy_artifact_icon/icon_big/lilimu/ui_shenqi_lilimu_zi_10_max2.png.gz,47dd6a799fb01a9b2c44ed4e83df1786
56B218B791701B7AEB22221E185DE4F6,73510,res/piece/nfy_artifact_icon/icon_big/lilimu/ui_shenqi_lilimu_zi_11_max2.png.gz,b1a52e7494cfbdaf2fd9307ace81cbf1
CBE129CC7FE7D2235A74E8CECD28FC5F,79177,res/piece/nfy_artifact_icon/icon_big/lilimu/ui_shenqi_lilimu_zi_12_max2.png.gz,020bf9c6f7473ae00a7b9c7afd986159
3E3E8D69E35776E7A4F8EE5FF4C29AF8,57778,res/piece/nfy_artifact_icon/icon_big/lilimu/ui_shenqi_lilimu_zi_13_max2.png.gz,6ac260786d6e4092e5de7cbac7bc41c4
9C5B7624D42900BF7918010E8C7510A4,47705,res/piece/nfy_artifact_icon/icon_big/lilimu/ui_shenqi_lilimu_zi_14_max2.png.gz,014689ef257b809c07112b767617954c
A2DA33C82374657313380BF4322EB4D0,69522,res/piece/nfy_artifact_icon/icon_big/lilimu/ui_shenqi_lilimu_zi_15_max2.png.gz,f498b6b39af4527637217d2534c79fe1
8DC00ED80A4AC000187928C414758415,61661,res/piece/nfy_artifact_icon/icon_big/lilimu/ui_shenqi_lilimu_zi_1_max2.png.gz,831a09ce160cedb417bb3d7ef897fd40
34DB91859BFEEA22B9551C7810E11997,78694,res/piece/nfy_artifact_icon/icon_big/lilimu/ui_shenqi_lilimu_zi_2_max2.png.gz,29ae32ac7f262d66203397808be57ce5
732D4D8524F8984D966FFA783FA89282,98937,res/piece/nfy_artifact_icon/icon_big/lilimu/ui_shenqi_lilimu_zi_3_max2.png.gz,e928eb9139364d6ea48fd58256348ee4
2FF5F9BD8CFA8340E11599D7D5501383,114124,res/piece/nfy_artifact_icon/icon_big/lilimu/ui_shenqi_lilimu_zi_4_max2.png.gz,46345845c1f49919c796c0f26aa5036e
219197626C94F864863521CD4107AAAA,82149,res/piece/nfy_artifact_icon/icon_big/lilimu/ui_shenqi_lilimu_zi_5_max2.png.gz,c7312bad55addf0e3d44a039f4b89a4d
0C8ED3E34921A819F90795837F5AF0F5,82498,res/piece/nfy_artifact_icon/icon_big/lilimu/ui_shenqi_lilimu_zi_6_max2.png.gz,bd7c909416f65eaf6a7dafb3d9d67029
0EF6758ACA069D6E058F2CBF7FBCD6AC,64269,res/piece/nfy_artifact_icon/icon_big/lilimu/ui_shenqi_lilimu_zi_7_max2.png.gz,11c33805763ebf793ddba7bb9d3c8a87
8C66B3F102A030B36B1095D53C094949,79280,res/piece/nfy_artifact_icon/icon_big/lilimu/ui_shenqi_lilimu_zi_8_max2.png.gz,59c50cfaa89eab333d1d67c0d0e9722d
69ED82DFE3551A3DF41F2F43CED0E58E,226800,res/piece/nfy_artifact_icon/icon_big/lilimu/ui_shenqi_lilimu_zi_9_max2.png.gz,b67f87b9bed3680e8d2d946acc258636
8648A8CA7E4E962B843C32D6D8592698,104895,res/piece/nfy_artifact_icon/icon_big/ling/ui_shenqi_hejindianju_ling_cheng_6_max2.png.gz,3308f8fa7f97a3a2e761b61be1f9f239
8C5524921705D7631DCD151DCE284F48,49948,res/piece/nfy_artifact_icon/icon_big/ling/ui_shenqi_ling_cheng_1_max2.png.gz,058ad01b73e6728e77f5ae6110febdc4
D315C036C8A71017D7DA44EBF66756BA,46111,res/piece/nfy_artifact_icon/icon_big/ling/ui_shenqi_ling_cheng_2_max2.png.gz,4af6740344a5cabc3c3eb515ecabdbef
2CB006E940E1A3EED1102620B393FBA3,37511,res/piece/nfy_artifact_icon/icon_big/ling/ui_shenqi_ling_cheng_3_max2.png.gz,48f72f775fc18a15e963456124761681
8A5D1CF591E84391FC1409DCE6F86CAF,73944,res/piece/nfy_artifact_icon/icon_big/ling/ui_shenqi_ling_cheng_4_max2.png.gz,5906956367d9e5e4cf7672fa691c8fae
A3CB70076537BACC77F9E62A15CCFF64,43463,res/piece/nfy_artifact_icon/icon_big/ling/ui_shenqi_ling_cheng_5_max2.png.gz,3cf3f0ca4addcb186a6047e9ee81feca
EC3109D1137F5E789FB1B936928D2540,33446,res/piece/nfy_artifact_icon/icon_big/ling/ui_shenqi_ling_fen_10_max2.png.gz,3153841dbba96d5ce1dfb66e02c1735f
ADAEC75AD05ED6C4440E7DBE4B9A2944,45181,res/piece/nfy_artifact_icon/icon_big/ling/ui_shenqi_ling_fen_11_max2.png.gz,9f04613a4fb70133a6e74aada092b8aa
43F0004D9499256870B1074DA209F12F,56668,res/piece/nfy_artifact_icon/icon_big/ling/ui_shenqi_ling_fen_12_max2.png.gz,271d0c7ea56514e0007a83b5d18d1cff
E1EAB11E54A6BDBB17FEBF2AE5083385,50418,res/piece/nfy_artifact_icon/icon_big/ling/ui_shenqi_ling_fen_13_max2.png.gz,96cb6b48b51427be73ddebe7bde8545c
3AF6132F7B92AFD04631F0B34A70A83E,31624,res/piece/nfy_artifact_icon/icon_big/ling/ui_shenqi_ling_fen_14_max2.png.gz,2295202c37c3087805694b2487d62ad8
88C719A4340DBDF17E2FCDF929173DAF,33494,res/piece/nfy_artifact_icon/icon_big/ling/ui_shenqi_ling_fen_15_max2.png.gz,936618381afcc427707712b8e0512e18
8041B172458E8FD117BD4CD36BFB45BD,43549,res/piece/nfy_artifact_icon/icon_big/ling/ui_shenqi_ling_fen_16_max2.png.gz,e358c6970143c579d40bed2995bfc84e
A0040865E4E0E7880A54CC3E0581AB83,58406,res/piece/nfy_artifact_icon/icon_big/ling/ui_shenqi_ling_fen_17_max2.png.gz,e3d798397ebce671a2792fb71ca76622
E72B49322D699443BF7E8A9FFED06CAC,64799,res/piece/nfy_artifact_icon/icon_big/ling/ui_shenqi_ling_fen_18_max2.png.gz,8d38974bdd87909933dada044b234877
DAEF4FFF39F142C4A792475E4D0C3592,52352,res/piece/nfy_artifact_icon/icon_big/ling/ui_shenqi_ling_fen_19_max2.png.gz,64526ff3c58b9b3cdaa415c582ba10ed
A573DCB63C0444FB1E4AAB3CD3326BD9,60757,res/piece/nfy_artifact_icon/icon_big/ling/ui_shenqi_ling_fen_1_max2.png.gz,2f29a8f6f33cdc2dc0a1dd1ebd7d724b
467EE2E49B9314F41B8F15E2D1A95D10,24416,res/piece/nfy_artifact_icon/icon_big/ling/ui_shenqi_ling_fen_28_max2.png.gz,49f3a8e54669ebe08c1945a3a370240d
85CC1C61AAA375332E77A75F282E15BE,41090,res/piece/nfy_artifact_icon/icon_big/ling/ui_shenqi_ling_fen_2_max2.png.gz,e2e968d98fd02415037b81117e35a111
30CCEE03CF7179B7DF3E226F048E832E,34508,res/piece/nfy_artifact_icon/icon_big/ling/ui_shenqi_ling_fen_3_max2.png.gz,115b00250dd056010b2e9bdb883052b2
65D1CFEDBC357E2BDA8E9AF2E650840C,61001,res/piece/nfy_artifact_icon/icon_big/ling/ui_shenqi_ling_fen_4_max2.png.gz,998d201b37b2f9a65f8d8483aa56ffaf
F6E7CCFB50D006BF04B7D033DA67DB5F,60096,res/piece/nfy_artifact_icon/icon_big/ling/ui_shenqi_ling_fen_5_max2.png.gz,516dd92334d67fd93847c82d92dd688a
66A242FB6E563CAE8EB5444345A3A211,71348,res/piece/nfy_artifact_icon/icon_big/ling/ui_shenqi_ling_fen_6_max2.png.gz,7bb2ab6ad51b2ea39f386d9b55434090
BD00F3AC8414748C02A48EBE694E837E,54669,res/piece/nfy_artifact_icon/icon_big/ling/ui_shenqi_ling_fen_7_max2.png.gz,a92f8f0721cba1ca0e065bfd27743bd8
C920FCCCD109BF6FDF3A2C2F32AC19E5,51442,res/piece/nfy_artifact_icon/icon_big/ling/ui_shenqi_ling_fen_8_max2.png.gz,62b71d633c9c7425f2501887990050d7
EF9C5312FEC8D25990CB7A9054EABCAC,45475,res/piece/nfy_artifact_icon/icon_big/ling/ui_shenqi_ling_fen_9_max2.png.gz,c7941757ecc2cf7a319260ca3ea95ef5
0CAB8EA1B502D1E11B4DA079D445406A,48411,res/piece/nfy_artifact_icon/icon_big/ling/ui_shenqi_ling_lv_10_max2.png.gz,8de1946caa815a2017870add9c3e0c4c
A5CE47879F664498FC9FFA671A0702AC,36365,res/piece/nfy_artifact_icon/icon_big/ling/ui_shenqi_ling_lv_11_max2.png.gz,d8304892b5f38e874cb61ecfb89c35a9
1D81FD5E2A02B83A2AE365FAC7B46925,46848,res/piece/nfy_artifact_icon/icon_big/ling/ui_shenqi_ling_lv_12_max2.png.gz,09036d717f2f082cf0fe2b6faeff89ca
F630A913EF0B5F958706561976E19A55,23704,res/piece/nfy_artifact_icon/icon_big/ling/ui_shenqi_ling_lv_13_max2.png.gz,78c7da2ce525eec162f075bed3ecc492
7E5C4173099DDDE663549F85A5EF0183,18141,res/piece/nfy_artifact_icon/icon_big/ling/ui_shenqi_ling_lv_14_max2.png.gz,abbc511e7a3b55ae8b7a02ec1f3c58d8
45861C83315177C56EAA112A294F0609,16489,res/piece/nfy_artifact_icon/icon_big/ling/ui_shenqi_ling_lv_15_max2.png.gz,2c38d41d9e451e3560b5a5719b6e6fda
423BCA2BB12C4335D911A808B42D31F6,23677,res/piece/nfy_artifact_icon/icon_big/ling/ui_shenqi_ling_lv_1_max2.png.gz,208ae3da58dbdeb2dd0c36d6d602a601
9E208775FB4CD5A3909520739DDFF5E8,20429,res/piece/nfy_artifact_icon/icon_big/ling/ui_shenqi_ling_lv_2_max2.png.gz,9867f0c5c44a84ebbeabe753ab97571f
8ACCF46485497D682E9E00461F799F1A,15720,res/piece/nfy_artifact_icon/icon_big/ling/ui_shenqi_ling_lv_3_max2.png.gz,15a81257f398ab9ba9e761508244bb20
E725347FED5E22088A76163AC3D65CC9,13426,res/piece/nfy_artifact_icon/icon_big/ling/ui_shenqi_ling_lv_4_max2.png.gz,ebc683bf18a816db4da48da2cca432db
ABF0B02EEA84DE10AB38787DDE526DD4,16482,res/piece/nfy_artifact_icon/icon_big/ling/ui_shenqi_ling_lv_5_max2.png.gz,73461288218365efc047dfe2348844e4
EFDA2504AD742BF2B6C30918C2979C70,22180,res/piece/nfy_artifact_icon/icon_big/ling/ui_shenqi_ling_lv_6_max2.png.gz,c0bbfa7921e9df702d4b1d732881d618
9E38F1D354512FBCAF58EE3F65C5C4C1,38773,res/piece/nfy_artifact_icon/icon_big/ling/ui_shenqi_ling_lv_7_max2.png.gz,db9b824f3b91e8915d7b220790a40055
0A6A4BEC16595506CE222294FA9DA3B8,33968,res/piece/nfy_artifact_icon/icon_big/ling/ui_shenqi_ling_lv_8_max2.png.gz,3b983f439e4a5bfac6634e49015715d3
49628E280B0CB10B6947D5810D4901E6,37306,res/piece/nfy_artifact_icon/icon_big/ling/ui_shenqi_ling_lv_9_max2.png.gz,d2e116b6e1479096b07430c5d481d1f1
66BFC992E14E1945E9BEC195B2177AA5,28288,res/piece/nfy_artifact_icon/icon_big/ling/ui_shenqi_ling_zi_10_max2.png.gz,0206137ea42952daca4a597108117c8e
3719C1A9143BF48C976C1530058E274D,35117,res/piece/nfy_artifact_icon/icon_big/ling/ui_shenqi_ling_zi_11_max2.png.gz,2107b21a2035103476ec1b2de44ac71b
9BFED2A8288967D07F93CADC86485ADD,37808,res/piece/nfy_artifact_icon/icon_big/ling/ui_shenqi_ling_zi_12_max2.png.gz,9189ada8a51be21dd26cb135216e8daa
2543683A5A285994EE3669047B840DE4,41279,res/piece/nfy_artifact_icon/icon_big/ling/ui_shenqi_ling_zi_13_max2.png.gz,8ad217e0cb98ae16d66d846c08311f00
77308AB0A51C8127DF11178D5DE5F8DA,23880,res/piece/nfy_artifact_icon/icon_big/ling/ui_shenqi_ling_zi_14_max2.png.gz,56287886343d8c2b0ff33877e0de5e54
C05A3DD505347BB7299CC2A274CECFC9,17443,res/piece/nfy_artifact_icon/icon_big/ling/ui_shenqi_ling_zi_15_max2.png.gz,dc77edc5e6923a76ca68ea374915c0fb
ADD037DE2498D469D04E43F44AEE7941,29967,res/piece/nfy_artifact_icon/icon_big/ling/ui_shenqi_ling_zi_1_max2.png.gz,14d7e2bf8beaadf962a0b6931a691268
1DEF9A9509A35E6990879E383E3689E1,25362,res/piece/nfy_artifact_icon/icon_big/ling/ui_shenqi_ling_zi_2_max2.png.gz,9ab8583f11eeb30a3c492924361b589c
D9A4670CEA034A1DD926378DDE750495,42602,res/piece/nfy_artifact_icon/icon_big/ling/ui_shenqi_ling_zi_3_max2.png.gz,0e1ec58c0276fe015bffa3b411f2b478
74D4946A474A629DDC171A1086AD09A2,48135,res/piece/nfy_artifact_icon/icon_big/ling/ui_shenqi_ling_zi_4_max2.png.gz,943b914c35a11e2da755e9dc1549bd8b
7FCA7C8B03853B3A371CB7B80516DA6A,31897,res/piece/nfy_artifact_icon/icon_big/ling/ui_shenqi_ling_zi_5_max2.png.gz,6fa8a051bbd44df2116177af4b108417
2DDFEE7861C7AF86D0A9CF2B59FB40BA,46491,res/piece/nfy_artifact_icon/icon_big/ling/ui_shenqi_ling_zi_6_max2.png.gz,fb0fcc6856b4504d6b4ee828cba47fbd
C81B64481997F7585B789112007CAE12,39224,res/piece/nfy_artifact_icon/icon_big/ling/ui_shenqi_ling_zi_7_max2.png.gz,94a5f85947c305cc4d22c27775786ad1
2ACF77A0434A917F64E9894567266B07,23216,res/piece/nfy_artifact_icon/icon_big/ling/ui_shenqi_ling_zi_8_max2.png.gz,d4305aac4221cabd41cc8f4c3ac63cef
036960A469360C971E7FBE00E90A607B,42669,res/piece/nfy_artifact_icon/icon_big/ling/ui_shenqi_ling_zi_9_max2.png.gz,72710de6b7fbd7bc7d27446893759eab
C0A142F87A56E695042543E71D7C9254,195046,res/piece/nfy_artifact_icon/icon_big/shenyue/ui_shenqi_hejindianju_shenyue_cheng_6_max2.png.gz,33b95074965349870c0ba6bddf109f16
496426750FBFEC58FE623AFBE07F7896,88484,res/piece/nfy_artifact_icon/icon_big/shenyue/ui_shenqi_lilimu_cheng_3_max2.png.gz,7f48eac308c2fddb04f28c07c12b6527
EE29B38830BCCE156D9D6C796F331E52,37511,res/piece/nfy_artifact_icon/icon_big/shenyue/ui_shenqi_ling_cheng_3_max2.png.gz,48f72f775fc18a15e963456124761681
46E8AEF0E846D16FDA60539C8A7CEF85,146248,res/piece/nfy_artifact_icon/icon_big/shenyue/ui_shenqi_shenyue_cheng_1_max2.png.gz,e9affd98fb37b2787e45cea7171c5708
48E57FD8D3CFC11E0D4DAFA7C83423B8,86423,res/piece/nfy_artifact_icon/icon_big/shenyue/ui_shenqi_shenyue_cheng_2_max2.png.gz,77c677691da6c19497e513716a0b6a9f
C9AC14D102891A972E0E5E86D1437BDA,86674,res/piece/nfy_artifact_icon/icon_big/shenyue/ui_shenqi_shenyue_cheng_3_max2.png.gz,e148b1f2057c25bbf89e9b1e1b245363
4AE96A0DB44D8EF97B2B6A5BF1F24322,111298,res/piece/nfy_artifact_icon/icon_big/shenyue/ui_shenqi_shenyue_cheng_4_max2.png.gz,4d0dfa57ec7f77db940cfb9db07c2f3d
967D3621C70EF0BD7156F18E0A047A84,59953,res/piece/nfy_artifact_icon/icon_big/shenyue/ui_shenqi_shenyue_cheng_5_max2.png.gz,50b7e29cb8b53d32e826343e6c1cf201
2386768CA7172C19719D0330F0818125,55446,res/piece/nfy_artifact_icon/icon_big/shenyue/ui_shenqi_shenyue_fen_10_max2.png.gz,cfe61a2f6bbf7cb5b63cecacde67e35f
F158B6F2DEE87B495CC8C7A7C04529E9,68595,res/piece/nfy_artifact_icon/icon_big/shenyue/ui_shenqi_shenyue_fen_11_max2.png.gz,320844bfbafe48b08625c1bf37d4ecf2
E232EB63C7CBD8D94058059B95F9AD51,97379,res/piece/nfy_artifact_icon/icon_big/shenyue/ui_shenqi_shenyue_fen_12_max2.png.gz,c113cf688767935b2cc51d08e5cfa02f
FE458335C2E85FFC341D91AF5A5F7062,94387,res/piece/nfy_artifact_icon/icon_big/shenyue/ui_shenqi_shenyue_fen_13_max2.png.gz,c706a788a1bbd5da1739766a3755f8d5
AF4DDD64739C9BA3C974F0B598A8DC1B,39338,res/piece/nfy_artifact_icon/icon_big/shenyue/ui_shenqi_shenyue_fen_14_max2.png.gz,916dc2a0c0605808e9693cfdd91beffc
6C1164CCCAF2EA749C9E83BE0203226F,61081,res/piece/nfy_artifact_icon/icon_big/shenyue/ui_shenqi_shenyue_fen_15_max2.png.gz,007a99b3e42af1d3cb4e442300973f03
550FE82A3A1408FF07B876C49662F924,52972,res/piece/nfy_artifact_icon/icon_big/shenyue/ui_shenqi_shenyue_fen_16_max2.png.gz,c3a9a4a72ddea366c42322536e892e68
A060CABEC682AE8FBE8FE1542ABED727,70019,res/piece/nfy_artifact_icon/icon_big/shenyue/ui_shenqi_shenyue_fen_17_max2.png.gz,fe350fcc9ed4b86fbe551c40d0835d5b
D95FAF0E624AF019467AE65CD464FF8E,85549,res/piece/nfy_artifact_icon/icon_big/shenyue/ui_shenqi_shenyue_fen_18_max2.png.gz,74bf09bf073513be6f91aadd73e05f0e
AEC4BEB9079C9F95A23B5558F41D4062,92017,res/piece/nfy_artifact_icon/icon_big/shenyue/ui_shenqi_shenyue_fen_19_max2.png.gz,9e2aeb59ec64bf86d5b9f649e722d219
C1D716F597DB00930FD3DDBF65B82C68,76775,res/piece/nfy_artifact_icon/icon_big/shenyue/ui_shenqi_shenyue_fen_1_max2.png.gz,215a11c8bd77472ee40d42d758e1b18f
E05BFDC6154A040542843EC2D2DB17E9,75263,res/piece/nfy_artifact_icon/icon_big/shenyue/ui_shenqi_shenyue_fen_21_max2.png.gz,2244e76c7d6bbbcc187c111eb244f466
3D038728E231B895F3C89EAB60D38768,66577,res/piece/nfy_artifact_icon/icon_big/shenyue/ui_shenqi_shenyue_fen_28_max2.png.gz,bcb02fe9a4177007ca0a82bad14c4f30
720CAB43814CD947A2F4D210B05DADA1,68765,res/piece/nfy_artifact_icon/icon_big/shenyue/ui_shenqi_shenyue_fen_2_max2.png.gz,c5b0c05d37a456f16462725468da13ba
4E36220171DFD75EF433717008A696C4,64696,res/piece/nfy_artifact_icon/icon_big/shenyue/ui_shenqi_shenyue_fen_3_max2.png.gz,87858f013c322ed51aa9989b44fa5af4
D18FA7C145342CC5D81D6D4545B10161,86015,res/piece/nfy_artifact_icon/icon_big/shenyue/ui_shenqi_shenyue_fen_4_max2.png.gz,5a641c163ad4fc9836a7a7d3a4a95dbf
039C3E0EFADCFB40FD06A8078C1C18AF,108084,res/piece/nfy_artifact_icon/icon_big/shenyue/ui_shenqi_shenyue_fen_5_max2.png.gz,1202912a59aafaececf06f4cd2878496
3143B7E5A74248A9A031F0DB496515BC,80745,res/piece/nfy_artifact_icon/icon_big/shenyue/ui_shenqi_shenyue_fen_6_max2.png.gz,8260eec787f991a29ec30b5762d6beae
1390AF1353B5B6173D58A87F84914769,84377,res/piece/nfy_artifact_icon/icon_big/shenyue/ui_shenqi_shenyue_fen_7_max2.png.gz,fe66f6e6ea1c32cd610b0b1ea370974f
71B668432DDAF8EF1D982C25A1454551,65818,res/piece/nfy_artifact_icon/icon_big/shenyue/ui_shenqi_shenyue_fen_8_max2.png.gz,209802b62cdbe3b6c1989625c3aee9e9
B0D9F85CAF565DB4E894F7DFF4B5AF93,57544,res/piece/nfy_artifact_icon/icon_big/shenyue/ui_shenqi_shenyue_fen_9_max2.png.gz,d750c04ceda423c6f8046d345b7b7684
A67FD10D5EE00EE247AFF11482C30651,64277,res/piece/nfy_artifact_icon/icon_big/shenyue/ui_shenqi_shenyue_lv_10_max2.png.gz,80645ff675dd94470e1b9264a3aaf653
30543EF87132EE9DC27F6D81776EF35D,106729,res/piece/nfy_artifact_icon/icon_big/shenyue/ui_shenqi_shenyue_lv_11_max2.png.gz,1139a3ef7d1042aaff1dcc6e82e27a95
AEF259947C04AE75D9FF33CC6778327B,81529,res/piece/nfy_artifact_icon/icon_big/shenyue/ui_shenqi_shenyue_lv_12_max2.png.gz,aa7c05dfb800cb64eba709c9c355166c
0DB71D6ABB4D7C8E9B91AFA65467FB4B,44808,res/piece/nfy_artifact_icon/icon_big/shenyue/ui_shenqi_shenyue_lv_13_max2.png.gz,33fad4ae383e4af50ba7416f8b784058
95C646FA2C09D294DCEC9AAE1F83D35A,30516,res/piece/nfy_artifact_icon/icon_big/shenyue/ui_shenqi_shenyue_lv_14_max2.png.gz,b637ce7a43b9e64a18354d48b9d34f46
33D7012F36B58196FD7D5886F9AB743A,55654,res/piece/nfy_artifact_icon/icon_big/shenyue/ui_shenqi_shenyue_lv_15_max2.png.gz,9ff52c453f1558245d0fc7eb2593d674
953793E609C5C609BDA72BEA2B73338A,105748,res/piece/nfy_artifact_icon/icon_big/shenyue/ui_shenqi_shenyue_lv_1_max2.png.gz,09a75dbb1a99215fa59738e610fe3f3f
7540307553B80C49DB2F635FEB30A065,29618,res/piece/nfy_artifact_icon/icon_big/shenyue/ui_shenqi_shenyue_lv_2_max2.png.gz,a2ae0d0034f2742b689e18a02f74fa24
8E2373BC9DE2AA04DBC0556D0C51EDBE,25330,res/piece/nfy_artifact_icon/icon_big/shenyue/ui_shenqi_shenyue_lv_3_max2.png.gz,53abdabcc92c74bec2005d3d0b890c65
4DEC29597A36CB587671ACACB9B03DCF,15739,res/piece/nfy_artifact_icon/icon_big/shenyue/ui_shenqi_shenyue_lv_4_max2.png.gz,0157d9552c547202b2d59c77af411622
3C3DB77DCD3607F8D492DD6D947BF288,35799,res/piece/nfy_artifact_icon/icon_big/shenyue/ui_shenqi_shenyue_lv_5_max2.png.gz,f373e13e4ea0767a2b579bcdc9468a1a
347C25A6C4A849784890AC88EC054AE8,63631,res/piece/nfy_artifact_icon/icon_big/shenyue/ui_shenqi_shenyue_lv_6_max2.png.gz,06669b0f32fe297d9a05925027f99d04
C652F2DD109E87A9B7B7CDCF6F4DE779,98838,res/piece/nfy_artifact_icon/icon_big/shenyue/ui_shenqi_shenyue_lv_7_max2.png.gz,6d405e3722083b5092ba3a2d798144b0
253D0DA687F664978C02CF63DFBBC85C,53252,res/piece/nfy_artifact_icon/icon_big/shenyue/ui_shenqi_shenyue_lv_8_max2.png.gz,73d405c83ac22f5b903d0e3d9aea6dbc
3CCCEFB68565E90FC313BCDDC0BCA33E,79218,res/piece/nfy_artifact_icon/icon_big/shenyue/ui_shenqi_shenyue_lv_9_max2.png.gz,cb5586f2e3c44649f2631f35a52cfcd1
C8413FDC061E71A6E5D35C6AC9A4E98B,137075,res/piece/nfy_artifact_icon/icon_big/shenyue/ui_shenqi_shenyue_zi_10_max2.png.gz,d4473337b04575349fb334446cc46087
EEA4A61A28B95F14E478A7399747B4BE,53404,res/piece/nfy_artifact_icon/icon_big/shenyue/ui_shenqi_shenyue_zi_11_max2.png.gz,8a32873a2685ea52b9a21fe22a39ece0
B4F080FA9D8A723C968EAD8DD6A9B109,66095,res/piece/nfy_artifact_icon/icon_big/shenyue/ui_shenqi_shenyue_zi_12_max2.png.gz,ab19d0191925d8d5210abeaf89dcb2d4
8FCC7BA71AB0DB827CA40B3E2872B95D,56209,res/piece/nfy_artifact_icon/icon_big/shenyue/ui_shenqi_shenyue_zi_13_max2.png.gz,c15c454a5f6a25ecce24d3eb92aad8a3
879B13BF3E7E42EBBB67C38287F81D8B,59782,res/piece/nfy_artifact_icon/icon_big/shenyue/ui_shenqi_shenyue_zi_14_max2.png.gz,b2590f096413b94825a53323fc43b7ec
D44E1E4756BD3A4BE9B529728AF3C29A,46695,res/piece/nfy_artifact_icon/icon_big/shenyue/ui_shenqi_shenyue_zi_15_max2.png.gz,329cf85e76c1b9efa909ca6630ca4b84
5CBC1CE7C9A762F83451D850D061E90A,64337,res/piece/nfy_artifact_icon/icon_big/shenyue/ui_shenqi_shenyue_zi_1_max2.png.gz,f675819644c2e6cce02b31aec819ae37
C6155D4131016E532DEB484CD6357154,57865,res/piece/nfy_artifact_icon/icon_big/shenyue/ui_shenqi_shenyue_zi_2_max2.png.gz,b665593491c37b87187f52d94591a820
5F9A4FA40764FF3353D41C9A1E521BBD,92358,res/piece/nfy_artifact_icon/icon_big/shenyue/ui_shenqi_shenyue_zi_3_max2.png.gz,17d14d97cd52374534f38ebf6030de91
E7BF112843FB3FDE94BEF206DA598AF3,103254,res/piece/nfy_artifact_icon/icon_big/shenyue/ui_shenqi_shenyue_zi_4_max2.png.gz,1c3964d810a46346584e8c917f904dbb
E54FB25622FB7DFE778C1926A945B167,58126,res/piece/nfy_artifact_icon/icon_big/shenyue/ui_shenqi_shenyue_zi_5_max2.png.gz,3838dd555723f72408a6bc0897c2f9e6
309125C409E2D8DE3CC1A32161001045,69133,res/piece/nfy_artifact_icon/icon_big/shenyue/ui_shenqi_shenyue_zi_6_max2.png.gz,eb10235b876345e10b5b7f7d2a4fcdd6
3BD932C699E017FE075AC9CAB53D7BA6,50010,res/piece/nfy_artifact_icon/icon_big/shenyue/ui_shenqi_shenyue_zi_7_max2.png.gz,7103cc3193295df23bd5e44dcc7d84e6
70CD8FAB88943F54703B8AEB8CB68556,45925,res/piece/nfy_artifact_icon/icon_big/shenyue/ui_shenqi_shenyue_zi_8_max2.png.gz,39545adbd1f32e92c4194c5672c12f5d
AE09D51A2D0142B9420F24B4649EDE50,66911,res/piece/nfy_artifact_icon/icon_big/shenyue/ui_shenqi_shenyue_zi_9_max2.png.gz,f832926bc37243a00683b44b95dd10ea
D800E0C4756E8E01B41D1970DD72288E,19643,res/piece/nfy_artifact_icon/icon_list/lilimu/ui_shenqi_hejindianju_lilimu_cheng_6_max2_datou.png.gz,cf191939aa5f40c43622b554407ecd95
7D7590834CB62689E5F05D8941B518F1,19359,res/piece/nfy_artifact_icon/icon_list/lilimu/ui_shenqi_lilimu_cheng_1_max2_datou.png.gz,0c57b42aa3ea843f28205485f56b3434
15C7FA90856FBB176E3C843CEC27DB0E,20293,res/piece/nfy_artifact_icon/icon_list/lilimu/ui_shenqi_lilimu_cheng_2_max2_datou.png.gz,7c2bd17344fb6445a87dc4909dbdb3f2
B3B187F25808D01CBECECC8B17D782ED,17298,res/piece/nfy_artifact_icon/icon_list/lilimu/ui_shenqi_lilimu_cheng_3_max2_datou.png.gz,bcee30cb5e5df6480bfba89cf5f80219
39D8ADD875030EEAF53044D173D9E30E,18957,res/piece/nfy_artifact_icon/icon_list/lilimu/ui_shenqi_lilimu_cheng_4_max2_datou.png.gz,7e7bc5038cffd01ec0c1387d88433934
918012CB47C00C974A23A4988594B070,14456,res/piece/nfy_artifact_icon/icon_list/lilimu/ui_shenqi_lilimu_cheng_5_max2_datou.png.gz,b03bb2e222ea914fa2c3449fb0b8b991
88825C3D2218D4A0EDB787ACB492F4CA,13035,res/piece/nfy_artifact_icon/icon_list/lilimu/ui_shenqi_lilimu_fen_10_max2_datou.png.gz,b08fd508e4135587d06cdd8ae35c5318
3C2FC9397033AD3FD18C2AD4CC16151A,14745,res/piece/nfy_artifact_icon/icon_list/lilimu/ui_shenqi_lilimu_fen_11_max2_datou.png.gz,42ba52d25e6894d33220828c6dd4999f
833087DCCC2D4AC93EB33832719DB60D,14123,res/piece/nfy_artifact_icon/icon_list/lilimu/ui_shenqi_lilimu_fen_12_max2_datou.png.gz,238bd11d24da51fe3125ddb53a7c8c51
D33EDC5FF433FC83E3F169A2ABA221C2,15711,res/piece/nfy_artifact_icon/icon_list/lilimu/ui_shenqi_lilimu_fen_13_max2_datou.png.gz,239e416985b37893e4d0531a86151736
5AB58B264E1790C767089777034DFB9D,10490,res/piece/nfy_artifact_icon/icon_list/lilimu/ui_shenqi_lilimu_fen_14_max2_datou.png.gz,fabd5627e58c278d9c4f9549e98e555a
2DC4C684DA37682EB8F25A813BFE8C1C,12946,res/piece/nfy_artifact_icon/icon_list/lilimu/ui_shenqi_lilimu_fen_15_max2_datou.png.gz,255cc1127920721fcb689a8ed994b0bb
65224EA040957467A20DEC3C0A34D0B0,14130,res/piece/nfy_artifact_icon/icon_list/lilimu/ui_shenqi_lilimu_fen_16_max2_datou.png.gz,0e8393d46894add0e4116a6a8df639cc
0E5A1E719813E62875DB9A14082F70D6,14233,res/piece/nfy_artifact_icon/icon_list/lilimu/ui_shenqi_lilimu_fen_17_max2_datou.png.gz,dd32b6ae5760125dc871a808b3e44ee0
C7A1184C327F3A50FA76905B238FC259,15517,res/piece/nfy_artifact_icon/icon_list/lilimu/ui_shenqi_lilimu_fen_18_max2_datou.png.gz,450c8072eae650aa8a57e72336d5d89b
A4989C409FB36B43D51432E403B299D7,17464,res/piece/nfy_artifact_icon/icon_list/lilimu/ui_shenqi_lilimu_fen_19_max2_datou.png.gz,6a6f5605b986a3bbd6ac2ed2a7713fa2
D5C3364FF5FDFB202F9CE821F6FF271D,14930,res/piece/nfy_artifact_icon/icon_list/lilimu/ui_shenqi_lilimu_fen_1_max2_datou.png.gz,764b8afae2d70b7ad5246151f7352e5d
3F60F190B7E8C03ACEBC4DDAC423BBB6,14333,res/piece/nfy_artifact_icon/icon_list/lilimu/ui_shenqi_lilimu_fen_28_max2_datou.png.gz,ce52d9ce00a4e25717cca8f3b481cdd6
629510B03E160AC601AFA79BF6160497,14248,res/piece/nfy_artifact_icon/icon_list/lilimu/ui_shenqi_lilimu_fen_2_max2_datou.png.gz,92e2d221db24746be32d8c002eeb1689
018A66C24D61EE9BBDD37D24F49ED531,14525,res/piece/nfy_artifact_icon/icon_list/lilimu/ui_shenqi_lilimu_fen_3_max2_datou.png.gz,47bc9e146be960adc474932b69408cf8
E283F0B45E731D30E3DEB28C44FBCED7,19030,res/piece/nfy_artifact_icon/icon_list/lilimu/ui_shenqi_lilimu_fen_4_max2_datou.png.gz,87c34ae0b6d0402621b63626023dc69f
6D72A78A1BBDB83E50886E9BA012C2B3,16207,res/piece/nfy_artifact_icon/icon_list/lilimu/ui_shenqi_lilimu_fen_5_max2_datou.png.gz,eb83585b1b68de8de0deffc1de9216e2
7A21CF9E2531778266382F725B4F6F0C,15703,res/piece/nfy_artifact_icon/icon_list/lilimu/ui_shenqi_lilimu_fen_6_max2_datou.png.gz,be591abd465046921500d063b5d8f51d
388AE40A4F7557194D59D998C8234A41,15503,res/piece/nfy_artifact_icon/icon_list/lilimu/ui_shenqi_lilimu_fen_7_max2_datou.png.gz,5b1a10c5c970e0003623ab5ee3d6e2bb
4F1A78A9F652A4BFEC77A87C384E0493,13318,res/piece/nfy_artifact_icon/icon_list/lilimu/ui_shenqi_lilimu_fen_8_max2_datou.png.gz,a7760719a1fb08c6bf83ebe313130c1d
1733B95418C6B1281E2C2F6BE7AD58FB,15827,res/piece/nfy_artifact_icon/icon_list/lilimu/ui_shenqi_lilimu_fen_9_max2_datou.png.gz,e3f160a73cc3d5bc4b65763fec09b3dd
5A8EF8825821C38121CE0E57A10D8737,12415,res/piece/nfy_artifact_icon/icon_list/lilimu/ui_shenqi_lilimu_lv_10_max2_datou.png.gz,15d95660bd32065212b17a741eb89e47
9F1B95AEC8EEB6E535862C9EB45CA0DF,15195,res/piece/nfy_artifact_icon/icon_list/lilimu/ui_shenqi_lilimu_lv_11_max2_datou.png.gz,49d0cdd0b7b191b5cb9af6d988cb2ab2
9C48A8986C32CE8684F90EFB4FD63B37,15616,res/piece/nfy_artifact_icon/icon_list/lilimu/ui_shenqi_lilimu_lv_12_max2_datou.png.gz,204cea55b621d4295d493a95bfd80cd1
6CF0AA79FD54E401003A07B76A64BA98,12405,res/piece/nfy_artifact_icon/icon_list/lilimu/ui_shenqi_lilimu_lv_13_max2_datou.png.gz,cc22d3ec2ba7cbcd9a62493179f80652
324C7ABBF31ABBF41FC049EC1DE16492,13691,res/piece/nfy_artifact_icon/icon_list/lilimu/ui_shenqi_lilimu_lv_14_max2_datou.png.gz,6b2599689a567a244afc0660bac553f7
A94C9B88698C53305DE147F2233F5D93,11869,res/piece/nfy_artifact_icon/icon_list/lilimu/ui_shenqi_lilimu_lv_15_max2_datou.png.gz,eb182a9920cbcf71dffa026536499dc5
3FEAC46015278E8828B004DA32C9C40B,11505,res/piece/nfy_artifact_icon/icon_list/lilimu/ui_shenqi_lilimu_lv_1_max2_datou.png.gz,77819b54a4abe2825cd5f58ae8466a6b
F6E40C6319AF39DC0B8ACCF1C289819F,12304,res/piece/nfy_artifact_icon/icon_list/lilimu/ui_shenqi_lilimu_lv_2_max2_datou.png.gz,5e0de9b08c24775a2b8cbd92ab345f4a
35FBB158EC620ECB4BEF8247EC619957,10545,res/piece/nfy_artifact_icon/icon_list/lilimu/ui_shenqi_lilimu_lv_3_max2_datou.png.gz,575ee8c8d937944d54948ee597203401
2AC300D1B8CBDDC029C6C67D93A8A80F,14427,res/piece/nfy_artifact_icon/icon_list/lilimu/ui_shenqi_lilimu_lv_4_max2_datou.png.gz,9293139368517dc30a3c741769642b23
1BFD0B6ED0343EF664DA38F9C2E47FAE,9035,res/piece/nfy_artifact_icon/icon_list/lilimu/ui_shenqi_lilimu_lv_5_max2_datou.png.gz,0693a58109cede2d66eebe0d1d076bfe
D372E1D3F83E008BE6B9EFD922A3F032,18115,res/piece/nfy_artifact_icon/icon_list/lilimu/ui_shenqi_lilimu_lv_6_max2_datou.png.gz,43f9586cedd63d92bff6417020ea7659
2947338726086700BC676F4B37A38D16,14797,res/piece/nfy_artifact_icon/icon_list/lilimu/ui_shenqi_lilimu_lv_7_max2_datou.png.gz,961297f85d7e805d7cb64c360d52c16c
CE1AEFF049EA76C75F3BE507C946ECA5,15288,res/piece/nfy_artifact_icon/icon_list/lilimu/ui_shenqi_lilimu_lv_8_max2_datou.png.gz,4581f090b2efac22d5621f9f046a9ebd
B79D5BE4522A7E3D591F34DECE8D3533,16259,res/piece/nfy_artifact_icon/icon_list/lilimu/ui_shenqi_lilimu_lv_9_max2_datou.png.gz,2388833ade1dfa8b8bcd1cc12fcf66af
53DC8230549463571B9A08AAF8D1D0FB,13225,res/piece/nfy_artifact_icon/icon_list/lilimu/ui_shenqi_lilimu_zi_10_max2_datou.png.gz,a82f3eb0df8d5d75a944713adf93afa2
46B62CCB482F26F446CBE873CC89E588,11752,res/piece/nfy_artifact_icon/icon_list/lilimu/ui_shenqi_lilimu_zi_11_max2_datou.png.gz,fe3a0d915f9fdc5b22df3d195c31fdd0
53418ABF152E3935D2E5FE4999E84957,13993,res/piece/nfy_artifact_icon/icon_list/lilimu/ui_shenqi_lilimu_zi_12_max2_datou.png.gz,0329de16dd590674657f006dc27fbb71
BB3B7867BFE4FE57FE2B857EED286A0C,13128,res/piece/nfy_artifact_icon/icon_list/lilimu/ui_shenqi_lilimu_zi_13_max2_datou.png.gz,d3f48b8a65edf08a687219adc8184b2c
28F729703FC7529DBD29B214C3837F9D,11281,res/piece/nfy_artifact_icon/icon_list/lilimu/ui_shenqi_lilimu_zi_14_max2_datou.png.gz,0cf91f57e810da3158288f6f471cf5b8
99D640A7AB9888F63BE8F9FAF88B79B7,10460,res/piece/nfy_artifact_icon/icon_list/lilimu/ui_shenqi_lilimu_zi_15_max2_datou.png.gz,7656b58101eada8a15337983545a44d7
30481C2424D59A827945592DDEF633BB,10442,res/piece/nfy_artifact_icon/icon_list/lilimu/ui_shenqi_lilimu_zi_1_max2_datou.png.gz,05760743efda2f37ab25715b8b9cb601
27AF349A07DAA76ECDF335D4B811596B,10328,res/piece/nfy_artifact_icon/icon_list/lilimu/ui_shenqi_lilimu_zi_2_max2_datou.png.gz,555d39a8ec44476323a52c403df3eb53
1FBB43DCA03D7EA0D28E827BEB0710AC,13282,res/piece/nfy_artifact_icon/icon_list/lilimu/ui_shenqi_lilimu_zi_3_max2_datou.png.gz,52bddb27d4fff7b2a63b19236da69abe
A3C469621E05B7A82A3FF2F7857030DA,13296,res/piece/nfy_artifact_icon/icon_list/lilimu/ui_shenqi_lilimu_zi_4_max2_datou.png.gz,75127839f552550611783e61223fbd92
AEFEC1416B3F85FE7CE3937C6A9CEBD9,12387,res/piece/nfy_artifact_icon/icon_list/lilimu/ui_shenqi_lilimu_zi_5_max2_datou.png.gz,2271b63de21bbbad7fb6b8e8865ea99b
6D6451A6FB6A6100C003679147FBD53D,13429,res/piece/nfy_artifact_icon/icon_list/lilimu/ui_shenqi_lilimu_zi_6_max2_datou.png.gz,89d8bff06ab121ecbde61f902fde8409
943203D26B68C400E5A403AEE980399D,12344,res/piece/nfy_artifact_icon/icon_list/lilimu/ui_shenqi_lilimu_zi_7_max2_datou.png.gz,b34a0c06ef81592d682a476642860d7a
A9159B541B60B483B82AFB25DF87855E,10497,res/piece/nfy_artifact_icon/icon_list/lilimu/ui_shenqi_lilimu_zi_8_max2_datou.png.gz,e19b9661a02d917a5fd451ad50f0a5fc
9E667F7C7186A244E5F4BFB70576AD39,14962,res/piece/nfy_artifact_icon/icon_list/lilimu/ui_shenqi_lilimu_zi_9_max2_datou.png.gz,ca50d69c83ba50553507b4eff9324172
8618039769650A017A3E5B13346E45BC,17060,res/piece/nfy_artifact_icon/icon_list/ling/ui_shenqi_hejindianju_ling_cheng_6_max2_datou.png.gz,1a4b7c3729b8d313aaeb0078149dc5dc
0DEB2D214EC09CBE43A5429404E3B37D,14242,res/piece/nfy_artifact_icon/icon_list/ling/ui_shenqi_ling_cheng_1_max2_datou.png.gz,3e08be9e33547efcb9b12862450c3e6c
9AC9AED40419D2532EEF6CC5B3028DD2,17390,res/piece/nfy_artifact_icon/icon_list/ling/ui_shenqi_ling_cheng_2_max2_datou.png.gz,42ad8dbfebad06e17cc8792b2433e2a7
AFCF60EE761E1407E3B71374EDC6C5F0,13852,res/piece/nfy_artifact_icon/icon_list/ling/ui_shenqi_ling_cheng_3_max2_datou.png.gz,1af637e46d3386b9ba42daeb97fe7089
C105BC668E2EC0E52C78003AED3E2344,16321,res/piece/nfy_artifact_icon/icon_list/ling/ui_shenqi_ling_cheng_4_max2_datou.png.gz,e923f39dbe94315cf9d50c483e233828
968CE363EFBF3B14D333926D2FF634CC,12932,res/piece/nfy_artifact_icon/icon_list/ling/ui_shenqi_ling_cheng_5_max2_datou.png.gz,3d94de2020818cb42d68d27bdb450c7f
54E97A9358B00EF7A32717EDF0CCCBE2,12667,res/piece/nfy_artifact_icon/icon_list/ling/ui_shenqi_ling_fen_10_max2_datou.png.gz,ed12e35ae22489334cd55c8f46239304
1FC7AABF8BFA93B285394D9CB97DBF9E,11923,res/piece/nfy_artifact_icon/icon_list/ling/ui_shenqi_ling_fen_11_max2_datou.png.gz,ce1a65c91003331b36f4f8c6e3e64765
3AE5CB288B4F82A61641E71960540D1D,12310,res/piece/nfy_artifact_icon/icon_list/ling/ui_shenqi_ling_fen_12_max2_datou.png.gz,aed588229cba1fc731624427b59f9214
05EBA6EE968F23074EAA1EBC5F45EBB2,14535,res/piece/nfy_artifact_icon/icon_list/ling/ui_shenqi_ling_fen_13_max2_datou.png.gz,7aea0c9e84bdcc8afde9766434dc0e0f
13F0FB75804E7A068FDCD614FA85FBA6,10180,res/piece/nfy_artifact_icon/icon_list/ling/ui_shenqi_ling_fen_14_max2_datou.png.gz,92af3ba4f4fb11ffe28749cc0a2bc127
A98402CA7D3403750599E1BF882561E3,11349,res/piece/nfy_artifact_icon/icon_list/ling/ui_shenqi_ling_fen_15_max2_datou.png.gz,90051b22c971392e1ed3a2be4fb8c49b
E5E5FEC8FB308574E2ECD64DBD0AA1D5,13069,res/piece/nfy_artifact_icon/icon_list/ling/ui_shenqi_ling_fen_16_max2_datou.png.gz,dcfe3081f41e1c186c3e6306db649aaa
476F33E2618C9A2C4A83CFEFFFA281B2,11669,res/piece/nfy_artifact_icon/icon_list/ling/ui_shenqi_ling_fen_17_max2_datou.png.gz,e8e4ff10ab3ad7e72e5d7cd093eab4bb
4ACF320DE92BC3EE74FEE4EDD490A6AF,13550,res/piece/nfy_artifact_icon/icon_list/ling/ui_shenqi_ling_fen_18_max2_datou.png.gz,1f40236dbfc293ba9fb8bfeb9c6864ae
9DBB0EA9D466CC03EE9C90D5D6B2D321,12847,res/piece/nfy_artifact_icon/icon_list/ling/ui_shenqi_ling_fen_19_max2_datou.png.gz,ac9abafd2c2b15971f265209c1da033e
554333680C7162A5CA723AAD181F8B64,14051,res/piece/nfy_artifact_icon/icon_list/ling/ui_shenqi_ling_fen_1_max2_datou.png.gz,fc11c7f030a27b4e792b493a6232a072
8194F909D7E0213BA87DF83301840063,8930,res/piece/nfy_artifact_icon/icon_list/ling/ui_shenqi_ling_fen_28_max2_datou.png.gz,3beea4fddee96bc5cdce4cdffc021c32
584B5A2E544B9BD17C29AB5912664A42,12737,res/piece/nfy_artifact_icon/icon_list/ling/ui_shenqi_ling_fen_2_max2_datou.png.gz,2fb1c3fd1a9380c13980f429334fa0fe
405B0A082D8E756A7E61DD13AFDD78DE,11743,res/piece/nfy_artifact_icon/icon_list/ling/ui_shenqi_ling_fen_3_max2_datou.png.gz,2e0de099e6d5f7b3e8260077b66aaadb
8A35035BC0E0499ABBA3CD77931BAC12,15716,res/piece/nfy_artifact_icon/icon_list/ling/ui_shenqi_ling_fen_4_max2_datou.png.gz,fd1da5517f2a79feebd92097b3674970
4949DD382249E75D535A0CF4885030E3,15752,res/piece/nfy_artifact_icon/icon_list/ling/ui_shenqi_ling_fen_5_max2_datou.png.gz,f0b827fdca7c97ab155daa1bca45ca14
3EDEF3D1B3A69656C5D82692034DE9E6,12664,res/piece/nfy_artifact_icon/icon_list/ling/ui_shenqi_ling_fen_6_max2_datou.png.gz,aab8368a4ef2b8d0a21fcfc69e17efd3
E52A5567BDFF4FBEC0F02DCE6572D626,14198,res/piece/nfy_artifact_icon/icon_list/ling/ui_shenqi_ling_fen_7_max2_datou.png.gz,d555e2f256fd746c4ee4221da68483c6
E6DDA65B3405EFBE53152F44B1F06AEE,12624,res/piece/nfy_artifact_icon/icon_list/ling/ui_shenqi_ling_fen_8_max2_datou.png.gz,6fb8806464a9ea02962f4e2c59668a88
73946AC13D6F52E6D952A984DD82BBD5,13136,res/piece/nfy_artifact_icon/icon_list/ling/ui_shenqi_ling_fen_9_max2_datou.png.gz,23bdc83580d96c8737a55a0b6e0b8a56
8EBBCCC7547CED6A452554DDA30D66A0,11016,res/piece/nfy_artifact_icon/icon_list/ling/ui_shenqi_ling_lv_10_max2_datou.png.gz,a3a539bb15ceb625860a3f9842095cb3
AC6A5F99CACD872CC3A00AE0BF7ADA79,10851,res/piece/nfy_artifact_icon/icon_list/ling/ui_shenqi_ling_lv_11_max2_datou.png.gz,f5e52ae917004190e4430e1b4adfa3bf
3651E81A77E777AF2D94B5E405DC891A,12369,res/piece/nfy_artifact_icon/icon_list/ling/ui_shenqi_ling_lv_12_max2_datou.png.gz,570c95ea10a85015dd20deb6da86054c
15347800019DA858706D5619A783EAC0,8301,res/piece/nfy_artifact_icon/icon_list/ling/ui_shenqi_ling_lv_13_max2_datou.png.gz,098ed501fe062c9d692713163ab4fbfd
9476651E94F39D728AF84711C1A3ECA0,11669,res/piece/nfy_artifact_icon/icon_list/ling/ui_shenqi_ling_lv_14_max2_datou.png.gz,c19f7ea34f84dbcd05cfabf4c606f51b
B63C7336D215A69C4410179AAC6CD8E4,11675,res/piece/nfy_artifact_icon/icon_list/ling/ui_shenqi_ling_lv_15_max2_datou.png.gz,89eaf2bf42b3630fe73bf6eeb48b82e4
15CE97B0A8E743BA368C50EBD135FCFF,8837,res/piece/nfy_artifact_icon/icon_list/ling/ui_shenqi_ling_lv_1_max2_datou.png.gz,0a22c288f5e4fff706d2a49f67a178fa
996137B35005DDB7AA3A0F7BA417F191,8418,res/piece/nfy_artifact_icon/icon_list/ling/ui_shenqi_ling_lv_2_max2_datou.png.gz,c225b505c2886f736afe8fd6fc9a4cee
631D92E2429251BBDCCC180B66D604A5,7921,res/piece/nfy_artifact_icon/icon_list/ling/ui_shenqi_ling_lv_3_max2_datou.png.gz,755efc6e20f9d9276e721e2883f7a93c
D5422D69C617F763BA6057F97773C6A9,9148,res/piece/nfy_artifact_icon/icon_list/ling/ui_shenqi_ling_lv_4_max2_datou.png.gz,bb3f03d541554c406671e0aac58feb8b
3F1FBBA7D5982BAE36230051743E108C,7564,res/piece/nfy_artifact_icon/icon_list/ling/ui_shenqi_ling_lv_5_max2_datou.png.gz,8628eecd31d0c7ee0fd79473477d1a83
BE44CE16272B1F4BDC124A0A4D91D69D,11794,res/piece/nfy_artifact_icon/icon_list/ling/ui_shenqi_ling_lv_6_max2_datou.png.gz,0acf978581b85f4d67514ef50592db24
4E0942F0BDD006BA880A15095FBF8994,12321,res/piece/nfy_artifact_icon/icon_list/ling/ui_shenqi_ling_lv_7_max2_datou.png.gz,56e76894b3d1ebe106519cd979e21c49
2C470768CB241F040CCFAF1BD2AE6123,12072,res/piece/nfy_artifact_icon/icon_list/ling/ui_shenqi_ling_lv_8_max2_datou.png.gz,b90060c8bd0aeeadc2f029be653363fd
63BAD6FB59EC2998BA393454A1924C06,12467,res/piece/nfy_artifact_icon/icon_list/ling/ui_shenqi_ling_lv_9_max2_datou.png.gz,a36bfcb189c7b8e9b57a99009064b433
6B84A478ECFE60F0DE7E1FF86EA436F7,10317,res/piece/nfy_artifact_icon/icon_list/ling/ui_shenqi_ling_zi_10_max2_datou.png.gz,5942faa2bdb7d5c9f7102fb60f8d8a97
23513D51B714BE29217748E9F8167323,11058,res/piece/nfy_artifact_icon/icon_list/ling/ui_shenqi_ling_zi_11_max2_datou.png.gz,2a52165ab40e115577941c17ff07e139
284C1FDF0B5B1E947BB3E607817D3791,11304,res/piece/nfy_artifact_icon/icon_list/ling/ui_shenqi_ling_zi_12_max2_datou.png.gz,8f9d31297bd5639a2db06082ea7e3f8d
C38F970B1D65B7D3D94962BF89DDC4C9,10913,res/piece/nfy_artifact_icon/icon_list/ling/ui_shenqi_ling_zi_13_max2_datou.png.gz,0748b3aaacdc46033edec49a50b1131c
317C50FA30B379F6CEF82D981DB400C7,13267,res/piece/nfy_artifact_icon/icon_list/ling/ui_shenqi_ling_zi_14_max2_datou.png.gz,4e456f56aa8128c0720ca0e529a98ef1
94CA6FF3631C922AE83AA079ED025658,8502,res/piece/nfy_artifact_icon/icon_list/ling/ui_shenqi_ling_zi_15_max2_datou.png.gz,4835e7540252afb2dd0d67db5295b529
E44B85003FFE1A5F624CD2171C1B8FFD,12213,res/piece/nfy_artifact_icon/icon_list/ling/ui_shenqi_ling_zi_1_max2_datou.png.gz,10dab5ebe0bf145a5a08ad3d54141d00
1D4666D27274089C270F9C54C9380369,9972,res/piece/nfy_artifact_icon/icon_list/ling/ui_shenqi_ling_zi_2_max2_datou.png.gz,3e39e8e855e602777c1d4179f620a37d
1BEDBB1DFA540B7E520C7A5B0EF861AC,15784,res/piece/nfy_artifact_icon/icon_list/ling/ui_shenqi_ling_zi_3_max2_datou.png.gz,f3c93df05e7fcb464129d76b64cb6902
3E3437548ADB64CE0C08EA95E85C4B7E,13406,res/piece/nfy_artifact_icon/icon_list/ling/ui_shenqi_ling_zi_4_max2_datou.png.gz,010093bd3fe676a75948d7b87fdc379c
74620BC9F5D1C49A304D2715C7954835,13773,res/piece/nfy_artifact_icon/icon_list/ling/ui_shenqi_ling_zi_5_max2_datou.png.gz,939d6fe937e65818718c50ec8963489a
8187CC39CDD7D7F50F6B3EEF75143F81,13035,res/piece/nfy_artifact_icon/icon_list/ling/ui_shenqi_ling_zi_6_max2_datou.png.gz,4fe0bbac63ea3a390b639f8343746fde
3BFF7A7D4684E6347D82C8E331DC962A,13472,res/piece/nfy_artifact_icon/icon_list/ling/ui_shenqi_ling_zi_7_max2_datou.png.gz,76c3c504f457c3eba4529604d03b6687
84ACE7B0FD5A4E2F0C103119D1143590,10683,res/piece/nfy_artifact_icon/icon_list/ling/ui_shenqi_ling_zi_8_max2_datou.png.gz,994a536510d8209b29aeff460718736e
9C74B25DCFF74B5AA38C6280F0037FC5,13546,res/piece/nfy_artifact_icon/icon_list/ling/ui_shenqi_ling_zi_9_max2_datou.png.gz,0150041f1bda7b33dc67f4f1d4b0ae6b
85231AC7E1A5832042E2EE1BAE6F3BE2,17340,res/piece/nfy_artifact_icon/icon_list/shenyue/ui_shenqi_hejindianju_shenyue_cheng_6_max2_datou.png.gz,a2bc3655b272e95b16c9e84fea4a589e
1E63D995E895C868B8E273439DC67B93,17481,res/piece/nfy_artifact_icon/icon_list/shenyue/ui_shenqi_shenyue_cheng_1_max2_datou.png.gz,902c80186c9736ec87cf3f064256543d
DE15169504C2EA08B1B452777914E0F6,18039,res/piece/nfy_artifact_icon/icon_list/shenyue/ui_shenqi_shenyue_cheng_2_max2_datou.png.gz,12faef472ead91c37729a24ce49c7505
0B80CABDED04C32D42BAE1EEEAFE6E80,15746,res/piece/nfy_artifact_icon/icon_list/shenyue/ui_shenqi_shenyue_cheng_3_max2_datou.png.gz,4b313c75385711fe56b5fc6411f3a856
217F63D27CCC012ED78D3AC3B7AB2F49,18001,res/piece/nfy_artifact_icon/icon_list/shenyue/ui_shenqi_shenyue_cheng_4_max2_datou.png.gz,8f62e6ac4056056f3908851b0c823ae5
6D7098EF3A2352F1C389291FCE952202,13222,res/piece/nfy_artifact_icon/icon_list/shenyue/ui_shenqi_shenyue_cheng_5_max2_datou.png.gz,1479e09845a63f2ead4c1455548e98bd
C103ACC3186408E909A4DCD177B357B1,10725,res/piece/nfy_artifact_icon/icon_list/shenyue/ui_shenqi_shenyue_fen_10_max2_datou.png.gz,6707cd419c9d1b50b64bfdb707d3e6b9
8A52D152F323ACA819FDF07E4ED180BA,13366,res/piece/nfy_artifact_icon/icon_list/shenyue/ui_shenqi_shenyue_fen_11_max2_datou.png.gz,047a2e4e86a38cd0cc0428aee8c7936f
25C7D5ADF414E28E1511E46AD484CA12,15416,res/piece/nfy_artifact_icon/icon_list/shenyue/ui_shenqi_shenyue_fen_12_max2_datou.png.gz,0449cf2b8c7aa52e7dc6e6f29bb02125
47BDCDCEFABE051105B5BAA8E12192C6,17421,res/piece/nfy_artifact_icon/icon_list/shenyue/ui_shenqi_shenyue_fen_13_max2_datou.png.gz,b1ad6c857284a427d96d6dbd4b367860
F6E9689574F69B410E50A26071E8C326,8209,res/piece/nfy_artifact_icon/icon_list/shenyue/ui_shenqi_shenyue_fen_14_max2_datou.png.gz,7f4b0d6d6d55b0027d7479c5fda0be0f
9CBAA82F4CD00D389DF1FF8333FC0228,11861,res/piece/nfy_artifact_icon/icon_list/shenyue/ui_shenqi_shenyue_fen_15_max2_datou.png.gz,c3b905522b7d4700393423da442b4f4e
6F2D62B2D2023E56F98AAA6007F70F25,10783,res/piece/nfy_artifact_icon/icon_list/shenyue/ui_shenqi_shenyue_fen_16_max2_datou.png.gz,32e16a0a6aeab73f3e09c0b7db61a9f3
434F2C093180E971E05F4BCC4BAAE5A6,13897,res/piece/nfy_artifact_icon/icon_list/shenyue/ui_shenqi_shenyue_fen_17_max2_datou.png.gz,5120267269b207ab0d1da6d8f2dd29bb
669F606183B43DFB555A3AC09B0C07E2,15941,res/piece/nfy_artifact_icon/icon_list/shenyue/ui_shenqi_shenyue_fen_18_max2_datou.png.gz,e8a7711b58435a9ac7fc23543ee47be8
6BB7753D21AB781DCDE0A7F002C909A8,14652,res/piece/nfy_artifact_icon/icon_list/shenyue/ui_shenqi_shenyue_fen_19_max2_datou.png.gz,d565c856d461acf713300a36b1104379
54EADE08BB0D709D3BC67FC8BDFB9D3E,13475,res/piece/nfy_artifact_icon/icon_list/shenyue/ui_shenqi_shenyue_fen_1_max2_datou.png.gz,8995edb53829636a8c8afb356b9a90e0
497C37284C2EB661E2FA68B2A32B2BCE,12933,res/piece/nfy_artifact_icon/icon_list/shenyue/ui_shenqi_shenyue_fen_21_max2_datou.png.gz,dc1decbcc121041fe0d26f56d143ec6c
D466EA56E403E99506405D31E363023D,11186,res/piece/nfy_artifact_icon/icon_list/shenyue/ui_shenqi_shenyue_fen_28_max2_datou.png.gz,f2ce65b60a73c99f968a026c57549a47
7E0A84B71D24B40411A7B6B9F6B8B10E,14311,res/piece/nfy_artifact_icon/icon_list/shenyue/ui_shenqi_shenyue_fen_2_max2_datou.png.gz,b82e856b44c5f10a47bf594344cbaaec
8029D15933932A9806AE3FDEB96DCC64,12318,res/piece/nfy_artifact_icon/icon_list/shenyue/ui_shenqi_shenyue_fen_3_max2_datou.png.gz,b0e07cf1b436daad3eaca713683f36ed
EA615BE0C590688775DD64B84D2E672A,16065,res/piece/nfy_artifact_icon/icon_list/shenyue/ui_shenqi_shenyue_fen_4_max2_datou.png.gz,9cc358e0318b4d082aa5f3a77c2bf149
F0524DC4520047ED09AE9429C44E0AFB,15837,res/piece/nfy_artifact_icon/icon_list/shenyue/ui_shenqi_shenyue_fen_5_max2_datou.png.gz,27c6571bd93a9f0c76f9dbc16048a8e6
5017A07577D51F48BC75E06ECB6DEBF3,12950,res/piece/nfy_artifact_icon/icon_list/shenyue/ui_shenqi_shenyue_fen_6_max2_datou.png.gz,e6099d11cc8444c7c12606a15cc2b8fc
72B3BA591534350C247412242FB0BF24,14721,res/piece/nfy_artifact_icon/icon_list/shenyue/ui_shenqi_shenyue_fen_7_max2_datou.png.gz,052397bf7370ab442a34e02913dfd180
F3C0BA8BB3341C2013EF324E5EF3D9FF,12314,res/piece/nfy_artifact_icon/icon_list/shenyue/ui_shenqi_shenyue_fen_8_max2_datou.png.gz,c460aa5b02d345f89d6a1187c2a6ddf1
E5C38560A6320725A5177370C7971D12,14269,res/piece/nfy_artifact_icon/icon_list/shenyue/ui_shenqi_shenyue_fen_9_max2_datou.png.gz,ec7ffd07d5d02fdc805b7df7fabfa90e
688925DA72B0946667FEE38B6F314DDA,10538,res/piece/nfy_artifact_icon/icon_list/shenyue/ui_shenqi_shenyue_lv_10_max2_datou.png.gz,40ea5f9591f30caa606bb621982fab4c
FB6F4D3DC246B337F106BD5CE7BD4DDB,12791,res/piece/nfy_artifact_icon/icon_list/shenyue/ui_shenqi_shenyue_lv_11_max2_datou.png.gz,2967391885a30146b334265bc89353b3
3FDC4DFDB7578A4B5B1A17E2C32FC570,10119,res/piece/nfy_artifact_icon/icon_list/shenyue/ui_shenqi_shenyue_lv_12_max2_datou.png.gz,692299c050a35e60fa2e5246fe63a12b
C92032320C27588BD15FC89609ED8AD7,10266,res/piece/nfy_artifact_icon/icon_list/shenyue/ui_shenqi_shenyue_lv_13_max2_datou.png.gz,fcc1543d8344409be7a412bd0ac32ae1
59A2DE6D8D5379F8F60DBEC4180F8FA2,7406,res/piece/nfy_artifact_icon/icon_list/shenyue/ui_shenqi_shenyue_lv_14_max2_datou.png.gz,1eae117a991bc57294fce4277d6e08f0
89295F153FD1BA1ED12446EB9D11466B,10082,res/piece/nfy_artifact_icon/icon_list/shenyue/ui_shenqi_shenyue_lv_15_max2_datou.png.gz,1f9eaa681990aba826913e092153914f
59A51E59866FE1FA6EF7D4127664AE84,8284,res/piece/nfy_artifact_icon/icon_list/shenyue/ui_shenqi_shenyue_lv_1_max2_datou.png.gz,026e07caa5f920865df40df4f62631ce
AE1A812473E87B266C143A1A84354CBF,6404,res/piece/nfy_artifact_icon/icon_list/shenyue/ui_shenqi_shenyue_lv_2_max2_datou.png.gz,94b4a1f09eee0c81df322ade8d7d1e77
A53E46E08EBFC5A3706F0BA832585680,9152,res/piece/nfy_artifact_icon/icon_list/shenyue/ui_shenqi_shenyue_lv_3_max2_datou.png.gz,119f77903b4710b47084c966b3520155
3441F239621DE3AB26E096EBA2D9BED7,6231,res/piece/nfy_artifact_icon/icon_list/shenyue/ui_shenqi_shenyue_lv_4_max2_datou.png.gz,0694d71f508351069c7dafb87473dc5a
959793101232D66C70CDC2B29C03597B,7694,res/piece/nfy_artifact_icon/icon_list/shenyue/ui_shenqi_shenyue_lv_5_max2_datou.png.gz,46d8d652580e388667cb60c64fcc315e
7B92CC4513730EF7BB8A8CA7060F6A6F,14456,res/piece/nfy_artifact_icon/icon_list/shenyue/ui_shenqi_shenyue_lv_6_max2_datou.png.gz,6cfd09ea5c842048906ef65f99728e64
98D9B7EA30B39BDFD8EF8594E405C5D0,14685,res/piece/nfy_artifact_icon/icon_list/shenyue/ui_shenqi_shenyue_lv_7_max2_datou.png.gz,5cbdace724d53c4d5d16b281dfa3e973
A0A268AAC8BA2A3829A054EB53D6704C,11957,res/piece/nfy_artifact_icon/icon_list/shenyue/ui_shenqi_shenyue_lv_8_max2_datou.png.gz,d715a67a5871eedf2f6da73581521d80
69DE685F5BC5125FDA3EC9B7FC710F6A,12632,res/piece/nfy_artifact_icon/icon_list/shenyue/ui_shenqi_shenyue_lv_9_max2_datou.png.gz,a490f38b6a9e33eb69b98d1eb2d083d9
F3E91CD2C82F971389105BDAB0EEFF20,13740,res/piece/nfy_artifact_icon/icon_list/shenyue/ui_shenqi_shenyue_zi_10_max2_datou.png.gz,f0f123d1a3c842cb6cf215a962ddf52f
7712AB8AC27F90286A90C6D4E477192A,13017,res/piece/nfy_artifact_icon/icon_list/shenyue/ui_shenqi_shenyue_zi_11_max2_datou.png.gz,1319e1bdc27204b21a56fb020ccb75dd
E405F6ADD14E2E8FE641B04FD4E492DF,15290,res/piece/nfy_artifact_icon/icon_list/shenyue/ui_shenqi_shenyue_zi_12_max2_datou.png.gz,548971439496eb0c72dabc41239110f7
02097E149914AD4CE1F9FD44C8D041F5,10826,res/piece/nfy_artifact_icon/icon_list/shenyue/ui_shenqi_shenyue_zi_13_max2_datou.png.gz,89c4bcf7453184393c0f1d2460a3ff32
E9B7436FEAB5E82D374D961C3B04FA3A,12334,res/piece/nfy_artifact_icon/icon_list/shenyue/ui_shenqi_shenyue_zi_14_max2_datou.png.gz,eee7bb5a709b6aa69d56c67b5d3022e8
FCD68CFD22BAA3A7B9089F5A47925C19,11299,res/piece/nfy_artifact_icon/icon_list/shenyue/ui_shenqi_shenyue_zi_15_max2_datou.png.gz,d43c25d7fc2e4f40183562e4b5561509
E9D893F1B13B53791533F59404E25C70,11842,res/piece/nfy_artifact_icon/icon_list/shenyue/ui_shenqi_shenyue_zi_1_max2_datou.png.gz,17150be093e8f60710dcafbe9c939371
07EAC0F96CD1DD0CD07989DCD63C7E75,12380,res/piece/nfy_artifact_icon/icon_list/shenyue/ui_shenqi_shenyue_zi_2_max2_datou.png.gz,8fbddec9a7efe92af4e5d730dadd599f
1E547DC02061BE2E9DDCE8134783AC4F,14621,res/piece/nfy_artifact_icon/icon_list/shenyue/ui_shenqi_shenyue_zi_3_max2_datou.png.gz,a6aea3f241d92e2125a622eb775f23bb
7C352A5E27B6E9C7DC12AEEB03EEDDEF,15389,res/piece/nfy_artifact_icon/icon_list/shenyue/ui_shenqi_shenyue_zi_4_max2_datou.png.gz,5f50226513b764f2715b95446c1d5e7e
6CE14DDB2951FA44708D3155A7405758,12566,res/piece/nfy_artifact_icon/icon_list/shenyue/ui_shenqi_shenyue_zi_5_max2_datou.png.gz,5b7d0d40db4933293c992192033a8098
FAF5F5ACC2750DB02C240AABDCCA6A46,13481,res/piece/nfy_artifact_icon/icon_list/shenyue/ui_shenqi_shenyue_zi_6_max2_datou.png.gz,3cffee419c8cb167d14e5f486e9ea950
590A638C22C371049DB85A4946A17ADE,10034,res/piece/nfy_artifact_icon/icon_list/shenyue/ui_shenqi_shenyue_zi_7_max2_datou.png.gz,d0380827897d086b6ba6623650d39969
E521FD65C28CCB3824719A2A5CC5FEB2,10406,res/piece/nfy_artifact_icon/icon_list/shenyue/ui_shenqi_shenyue_zi_8_max2_datou.png.gz,b7fc82f259ac3e896d9f293ac50dfab1
BC5D909AA92CED6F99B7E6D4322879FE,13379,res/piece/nfy_artifact_icon/icon_list/shenyue/ui_shenqi_shenyue_zi_9_max2_datou.png.gz,cbe1e80f019fb870490b52015b91a429
5519AE4115DC31523C90FC6BCE801692,16453,res/piece/nfy_artifact_icon/lilimu/ui_shenqi_hejindianju_lilimu_cheng_6.png.gz,8fdc82afaa7b4b77f43fbec91c3991a6
86121C7D4CB119E3C4F8B0A2AF3C9A4C,51669,res/piece/nfy_artifact_icon/lilimu/ui_shenqi_hejindianju_lilimu_cheng_6_max.png.gz,ca8b04ef6ec7388a7e4269e4f0d600f0
D2542E0A113941F1A928C28CD039C58C,15115,res/piece/nfy_artifact_icon/lilimu/ui_shenqi_lilimu_cheng_1.png.gz,6671ad75f3ed5c71fb72288dc58afba6
0927676976B6B98677ABDFEE5F8D308A,52007,res/piece/nfy_artifact_icon/lilimu/ui_shenqi_lilimu_cheng_1_max.png.gz,c1e5f183b45bde5be76103ee2dd34040
0051B289D3ECB90F1730A1AE28378D20,16323,res/piece/nfy_artifact_icon/lilimu/ui_shenqi_lilimu_cheng_2.png.gz,633ca22fd27a97fdaa92d56575f63b47
D81D78C79980BBD2DB08926B214AE9C6,49310,res/piece/nfy_artifact_icon/lilimu/ui_shenqi_lilimu_cheng_2_max.png.gz,2a41eaf19a575a86dcd44e71fec210b3
E4A9DC26785A5B7DE48C5EC17FD3E4F2,15290,res/piece/nfy_artifact_icon/lilimu/ui_shenqi_lilimu_cheng_3.png.gz,321686ba87eef8ce13d67b8ad7750a7f
FC7B4AE53A96B9F9BA799C23C7A97580,39362,res/piece/nfy_artifact_icon/lilimu/ui_shenqi_lilimu_cheng_3_max.png.gz,abd9c72483e89370d1a1cf2950e74c8e
B2DDBED1E02A6A04F27C0B0BA3724984,15411,res/piece/nfy_artifact_icon/lilimu/ui_shenqi_lilimu_cheng_4.png.gz,323143b42d944238c6976e628ab6f9a0
B227A8554B1660122FDE5E4A0F8F2460,44179,res/piece/nfy_artifact_icon/lilimu/ui_shenqi_lilimu_cheng_4_max.png.gz,35432cad2bfe33ec5c2aaff459358933
DDD497B85B8D02A1C3774577B97E4DA1,11144,res/piece/nfy_artifact_icon/lilimu/ui_shenqi_lilimu_cheng_5.png.gz,05810972237d47c15707312a630e0907
E294FA2E954318BD1B5B5EC5CF1E6E8F,23411,res/piece/nfy_artifact_icon/lilimu/ui_shenqi_lilimu_cheng_5_max.png.gz,ceb8078a7f85dab85025bc717b9c9df6
1A37CD1BF5FB0992E6CBF1C36BEFDDB0,16366,res/piece/nfy_artifact_icon/lilimu/ui_shenqi_lilimu_fen_1.png.gz,d8ba432e489059aa6ef9ec1b4e29d583
24EEEEB7326C1FAAB8ADA90489BE77D0,14889,res/piece/nfy_artifact_icon/lilimu/ui_shenqi_lilimu_fen_10.png.gz,ded044ab9860b657fa78f19fca54f4e5
38CCB6182DE8B48136163DF8CF068B6A,49482,res/piece/nfy_artifact_icon/lilimu/ui_shenqi_lilimu_fen_10_max.png.gz,6cbbd89a8547f1677bf40403d6facb0b
7105052169DB30519786A57565DEB0F7,13834,res/piece/nfy_artifact_icon/lilimu/ui_shenqi_lilimu_fen_11.png.gz,b128995d7f7a88f3f0aa0d2860ca2208
C485B6D10A20F6EEEA5F5735C7AE7BEF,40924,res/piece/nfy_artifact_icon/lilimu/ui_shenqi_lilimu_fen_11_max.png.gz,29ab06c26a91d80dd43683d9abc0c344
D89488FBDBE9C8AFCCC2DEDCCC09E47B,13097,res/piece/nfy_artifact_icon/lilimu/ui_shenqi_lilimu_fen_12.png.gz,0f4eb999f8b456d0148bb1edfad97bd2
406AD910C7B3B1B78F476EBB2D5C8776,39861,res/piece/nfy_artifact_icon/lilimu/ui_shenqi_lilimu_fen_12_max.png.gz,440ee3dae20c84a38a088f1fa1bcfeb0
F7EDF3926D01A69FD70FA1A248480CAC,14372,res/piece/nfy_artifact_icon/lilimu/ui_shenqi_lilimu_fen_13.png.gz,262caa8bcf9dc6c9c716a0ade4cc5314
905107E2CD6B5E9F6C86F2A1FC8B11EC,67424,res/piece/nfy_artifact_icon/lilimu/ui_shenqi_lilimu_fen_13_max.png.gz,31b6a1785b47fbcd96e15275532ebb7f
37328352596B3D9786C4D6D3DAED3382,10098,res/piece/nfy_artifact_icon/lilimu/ui_shenqi_lilimu_fen_14.png.gz,85324367cc3439573f569ea83f758fc3
4A642948F7F5445A59B9B93B0428BA13,25539,res/piece/nfy_artifact_icon/lilimu/ui_shenqi_lilimu_fen_14_max.png.gz,80d34bb5b9c0ba0af8707de824cb4e29
7A6C29D0908C99875555897B664AF2D5,10336,res/piece/nfy_artifact_icon/lilimu/ui_shenqi_lilimu_fen_15.png.gz,59d2a7e533a277e2513d3169b5799d67
69ADF479FD8228DE02F085CA687D12EE,48452,res/piece/nfy_artifact_icon/lilimu/ui_shenqi_lilimu_fen_15_max.png.gz,4aa79606d2d09d702928dfbdcf645b0a
90FA7DEEC6C88DCA94D9235E0281BDAB,11590,res/piece/nfy_artifact_icon/lilimu/ui_shenqi_lilimu_fen_16.png.gz,3e2b11b9b619f95e440ee23406fa0cef
6B1237EFBF3A2148761F110483D454D5,34452,res/piece/nfy_artifact_icon/lilimu/ui_shenqi_lilimu_fen_16_max.png.gz,691d04abeb670c028af8681591780c72
431DF0A2033D87BE45DDD0A044EF2D52,11628,res/piece/nfy_artifact_icon/lilimu/ui_shenqi_lilimu_fen_17.png.gz,469c170718df362bc1fe9e3367857904
FEABDD79E62A630A75EC7B1331D5979C,40131,res/piece/nfy_artifact_icon/lilimu/ui_shenqi_lilimu_fen_17_max.png.gz,d54d0b361e962364e2779df9e0da0c63
696A0C0181E7F85CA38A2E5A85876569,14290,res/piece/nfy_artifact_icon/lilimu/ui_shenqi_lilimu_fen_18.png.gz,1793c38b6d89d8b06745890bfc8edc39
5A39DB1AAD4C73F60B764DBA48A813AC,44001,res/piece/nfy_artifact_icon/lilimu/ui_shenqi_lilimu_fen_18_max.png.gz,2a5c204ed65a8b3018f47176c94d1464
629E4E6E2AB2FDA7B80314F70E5A4B4A,16931,res/piece/nfy_artifact_icon/lilimu/ui_shenqi_lilimu_fen_19.png.gz,63c308db4375af2b42f8a2f3513a58f6
A7D13B416CF2C5FF234F799E28C14478,69200,res/piece/nfy_artifact_icon/lilimu/ui_shenqi_lilimu_fen_19_max.png.gz,5e1598a2c7f4e7a2106c8f7c14d2bba9
5DBFDC4B3D27779C6908F622308ED4A8,28802,res/piece/nfy_artifact_icon/lilimu/ui_shenqi_lilimu_fen_1_max.png.gz,974c01f8c8fbec40c378a5e652f5b267
CB7FB054F9D14DABC7ED947C1AECE549,13656,res/piece/nfy_artifact_icon/lilimu/ui_shenqi_lilimu_fen_2.png.gz,363583caf5b38a154552996c615c9c24
9354E4B58111E2A082299FC89D37F1EA,10880,res/piece/nfy_artifact_icon/lilimu/ui_shenqi_lilimu_fen_28.png.gz,97c8c96b2c840becc4f2010ca5d68dd4
FA96643B20B71730207737342965AB2C,28070,res/piece/nfy_artifact_icon/lilimu/ui_shenqi_lilimu_fen_28_max.png.gz,fd9e3e51f6e4a9e3dec9c36456274cee
3B3FFB0B655725A1DD71D552D806C01A,49450,res/piece/nfy_artifact_icon/lilimu/ui_shenqi_lilimu_fen_2_max.png.gz,0457487ca6d8fde7ba205c6e03b3d498
128D3B096E6C9CF383E66A9078EA2515,16720,res/piece/nfy_artifact_icon/lilimu/ui_shenqi_lilimu_fen_3.png.gz,623b3226576fbfdbad705e61f0f4f1bd
C8BCB6F38FDAF675C040AEBF9B0B3DC5,44842,res/piece/nfy_artifact_icon/lilimu/ui_shenqi_lilimu_fen_3_max.png.gz,b1f86a0f67f3b3642d6c0621c322e6d0
1EFB0A32F874F527773465E882ADA727,16796,res/piece/nfy_artifact_icon/lilimu/ui_shenqi_lilimu_fen_4.png.gz,84814493dc38a5332af89b7270856329
6C923BED95D7D5D4FA6BE1C971A6209A,56040,res/piece/nfy_artifact_icon/lilimu/ui_shenqi_lilimu_fen_4_max.png.gz,8c34e96bb61b1f28ad4c8147f95f0c2f
DB7E771BD961D03592FA71FE2BCA8A3B,14414,res/piece/nfy_artifact_icon/lilimu/ui_shenqi_lilimu_fen_5.png.gz,84f701e509de9f6956b18acfb81d0616
09124E471F89F32299BC8805B2577F9C,46715,res/piece/nfy_artifact_icon/lilimu/ui_shenqi_lilimu_fen_5_max.png.gz,760b9e2c0bb688575e4fa1f2c45d9cf2
C7B12180BC049D45550D9936DF44AC54,15560,res/piece/nfy_artifact_icon/lilimu/ui_shenqi_lilimu_fen_6.png.gz,7104d3a019aaceb39d99bffe12a1efd0
C0353FE9B3389596C2902E94B5A50B7D,39739,res/piece/nfy_artifact_icon/lilimu/ui_shenqi_lilimu_fen_6_max.png.gz,f8e2d5573e41fa1a678674e6dd2a783f
FEB7488909937238C14A4BEEC18F06B8,13699,res/piece/nfy_artifact_icon/lilimu/ui_shenqi_lilimu_fen_7.png.gz,9c18d0be3dfedbbc010e2a2891df14ab
4BB39D67EA4491A89856E7E46CF13E57,41747,res/piece/nfy_artifact_icon/lilimu/ui_shenqi_lilimu_fen_7_max.png.gz,414de6cb9d63a156183b1f3faa071732
0EACADEB2BD12997E71B9212202B926E,13276,res/piece/nfy_artifact_icon/lilimu/ui_shenqi_lilimu_fen_8.png.gz,690a4cdc276dfc94c5e352785e461a91
033073231F7D51CEA281795CBDF8E0BC,31318,res/piece/nfy_artifact_icon/lilimu/ui_shenqi_lilimu_fen_8_max.png.gz,64e42f91fa4f953e3a11094a88b92e30
BB478D0533ADD42A4CB898D1B19E02A2,13909,res/piece/nfy_artifact_icon/lilimu/ui_shenqi_lilimu_fen_9.png.gz,a6fb5069b638e111bd705e1807276c48
3B0816464AB10A8387D24901D5EC9D8F,44617,res/piece/nfy_artifact_icon/lilimu/ui_shenqi_lilimu_fen_9_max.png.gz,624ee9aaf283e5eddecb5da551fb8339
9465CB5D51890251E5F6EC963EE61894,10318,res/piece/nfy_artifact_icon/lilimu/ui_shenqi_lilimu_lv_1.png.gz,ca00a4e4339ed8c654c60e8758a22983
1E18057C3B86E0BDF18A086AC397727B,11792,res/piece/nfy_artifact_icon/lilimu/ui_shenqi_lilimu_lv_10.png.gz,4672b0049f3d44af2bc34a9075f3f141
57BB63408FC7A40CACCA2B2A8EB623D7,32425,res/piece/nfy_artifact_icon/lilimu/ui_shenqi_lilimu_lv_10_max.png.gz,3b072ecc20e0aa86d0ed387183fec859
336D45D6E877930C9EE852CBFBB9BAFA,11603,res/piece/nfy_artifact_icon/lilimu/ui_shenqi_lilimu_lv_11.png.gz,d36ee41a93b8723ffcabe8fc5ea0e12f
630618338E68EC47C85ED028DBF4C8D7,39054,res/piece/nfy_artifact_icon/lilimu/ui_shenqi_lilimu_lv_11_max.png.gz,4c42df2904f4676f3a9deb7170965c78
E48FC901CC7907B6C2CF9C342340600A,12821,res/piece/nfy_artifact_icon/lilimu/ui_shenqi_lilimu_lv_12.png.gz,da9923955d05771ba7e4eb6568830ab7
6007DA044FAEA578C85F099DA3E966AE,31379,res/piece/nfy_artifact_icon/lilimu/ui_shenqi_lilimu_lv_12_max.png.gz,b26e693753e9c33262bb64658427f621
3418E928709E74B7F35409173453CC0D,9530,res/piece/nfy_artifact_icon/lilimu/ui_shenqi_lilimu_lv_13.png.gz,be341fe534c931687d6a732aa4caa794
E6E4BE481102B28D072E2138496BB0BA,15382,res/piece/nfy_artifact_icon/lilimu/ui_shenqi_lilimu_lv_13_max.png.gz,fdf24468eaef3c3cbd0cbeed2cfe6096
A1BFBCCD5CF525124F50201F86812D23,9313,res/piece/nfy_artifact_icon/lilimu/ui_shenqi_lilimu_lv_14.png.gz,d1d807f7e38cce8116bcafa7c3392115
2D651000F6229328F182138237BDE310,29388,res/piece/nfy_artifact_icon/lilimu/ui_shenqi_lilimu_lv_14_max.png.gz,e93552ad968f1d8f8d7c31715366215e
F558888FFD69B5FA5A791B7B592F3375,8313,res/piece/nfy_artifact_icon/lilimu/ui_shenqi_lilimu_lv_15.png.gz,f0967c473fde6053b39f908a4c6f4170
30262529A3521C412CCF05333EEBD9C4,13694,res/piece/nfy_artifact_icon/lilimu/ui_shenqi_lilimu_lv_15_max.png.gz,4363d6ea62290f71e34b007597cf5c2c
1E885AA1A7602AA15A3953CED327D166,38896,res/piece/nfy_artifact_icon/lilimu/ui_shenqi_lilimu_lv_1_max.png.gz,9ee7819603e73c282d2e04a93c1b7e64
43FBFD0C080EE643C0EE44D6AF6B1AEE,9814,res/piece/nfy_artifact_icon/lilimu/ui_shenqi_lilimu_lv_2.png.gz,cfe725fcce7ff11f9986aa1f5fe2c131
3D1A9C650560F11E327CCFD04E96A741,41932,res/piece/nfy_artifact_icon/lilimu/ui_shenqi_lilimu_lv_2_max.png.gz,7ca37c7b170b29367d2fd28ea5711221
28088520F932C38B7BC794810CB4CEF2,9761,res/piece/nfy_artifact_icon/lilimu/ui_shenqi_lilimu_lv_3.png.gz,95e975cc05531cb3d33438fb65a7519a
6A474F7C96FEA4C0B4B2700F6B9A51D5,26937,res/piece/nfy_artifact_icon/lilimu/ui_shenqi_lilimu_lv_3_max.png.gz,47fe3dcfb63b8d272d70dfcd71a64ddb
A5B54615E248E0EA5871CE20FD46090F,13536,res/piece/nfy_artifact_icon/lilimu/ui_shenqi_lilimu_lv_4.png.gz,ec47462247bc06d93a0419adcaea92bc
8FA1222E9B1F1F15497F8F7DCAA84375,55999,res/piece/nfy_artifact_icon/lilimu/ui_shenqi_lilimu_lv_4_max.png.gz,9ba804191a0aa38e1bd8a44015246257
30DDD4D77E600685301C323783D9D8F6,9540,res/piece/nfy_artifact_icon/lilimu/ui_shenqi_lilimu_lv_5.png.gz,fd62177e8421fe40a6726d20b51fc687
69B4070699EAEF52DF751183470C3CC8,44422,res/piece/nfy_artifact_icon/lilimu/ui_shenqi_lilimu_lv_5_max.png.gz,3209e3dd2c4b128b46134dcae6a9d044
359D0530F9745851A2D05B263FC11FFF,14060,res/piece/nfy_artifact_icon/lilimu/ui_shenqi_lilimu_lv_6.png.gz,1f95d73a32643f6318f7e54c3aaac3cf
0D6FD7B29380105C3CB29B7C90B5F303,51991,res/piece/nfy_artifact_icon/lilimu/ui_shenqi_lilimu_lv_6_max.png.gz,e211c8e376cd744a218ff4b95bf63f35
FC9696C3D4A9FC3362167A875FAA83E7,12367,res/piece/nfy_artifact_icon/lilimu/ui_shenqi_lilimu_lv_7.png.gz,d9f216e07ba1fc5d69609fec3007d6a9
5F56584C7B5F6D57635824D4930B6D61,32731,res/piece/nfy_artifact_icon/lilimu/ui_shenqi_lilimu_lv_7_max.png.gz,19adc7b1dd21458175454e12904c34f5
5C45BBE76ECB43FD7F3B9CC0EA3A0FFD,9296,res/piece/nfy_artifact_icon/lilimu/ui_shenqi_lilimu_lv_8.png.gz,9af14a0ac0c887e3953f956af8dc435f
65DECBFF194A919ECAB3169449A19708,41656,res/piece/nfy_artifact_icon/lilimu/ui_shenqi_lilimu_lv_8_max.png.gz,2002e34f832c82fa5325087601b22507
ED2900582A0621EFBDF76714C26538FA,10605,res/piece/nfy_artifact_icon/lilimu/ui_shenqi_lilimu_lv_9.png.gz,8cb47cc7c1e5ed2af6a1507de6a0b9b5
BE9BD4CD6F3B6D43B419439B919E2487,42250,res/piece/nfy_artifact_icon/lilimu/ui_shenqi_lilimu_lv_9_max.png.gz,6e7307baeff420f1d7bc061fa86ce19e
1593D131C511A92C0475E3148BDCB252,12747,res/piece/nfy_artifact_icon/lilimu/ui_shenqi_lilimu_zi_1.png.gz,18d4879d3f5a3cc880f5789aa30114f7
17FCF950CF9B15D9501A445893F42DD0,12734,res/piece/nfy_artifact_icon/lilimu/ui_shenqi_lilimu_zi_10.png.gz,3b8713e50a26142008338f94773128dc
025B8B2B92DEF6FA23666E3E9638FF47,49132,res/piece/nfy_artifact_icon/lilimu/ui_shenqi_lilimu_zi_10_max.png.gz,759a706271267408279f5c48dccec120
AE7D5B59DF51E83A3349101ABE54B03B,13306,res/piece/nfy_artifact_icon/lilimu/ui_shenqi_lilimu_zi_11.png.gz,93abea6b9d49cfb0a6fa4383c8a6a70f
3CDD8D937EB4121B345078C272DDF52B,31156,res/piece/nfy_artifact_icon/lilimu/ui_shenqi_lilimu_zi_11_max.png.gz,6e6fcbe7f5d8da9f3ed60ea43f1c80a8
0D57EEC306AEF54F975A0C91B2B395EC,13244,res/piece/nfy_artifact_icon/lilimu/ui_shenqi_lilimu_zi_12.png.gz,565599ef78f1419b936bb88af35c7139
DDCE7D8E6B901BA523DB7C04BE101B57,34450,res/piece/nfy_artifact_icon/lilimu/ui_shenqi_lilimu_zi_12_max.png.gz,fd58bbcf790ad93a7148ecac507ef6e9
FC79AAED99A38A748787129FD2C444CB,12305,res/piece/nfy_artifact_icon/lilimu/ui_shenqi_lilimu_zi_13.png.gz,e9ed2c21c2ed80d62ae33969fec84881
58FB88BB73999EF7DC63BD295CF0E6BD,27059,res/piece/nfy_artifact_icon/lilimu/ui_shenqi_lilimu_zi_13_max.png.gz,122577b7dcb9a3cc7562a820949d2580
F85FE9DD21BF9EC71207DC77AADF2060,10529,res/piece/nfy_artifact_icon/lilimu/ui_shenqi_lilimu_zi_14.png.gz,f38655f4f9c054158c5cc0934389de20
3EB378454618804930AD916F0F95DFA2,23478,res/piece/nfy_artifact_icon/lilimu/ui_shenqi_lilimu_zi_14_max.png.gz,010ab09caaff98f7d929e077d7f523d1
30999B7926795E40ADB1FBA17D66DE13,9845,res/piece/nfy_artifact_icon/lilimu/ui_shenqi_lilimu_zi_15.png.gz,a986ca9c729f6e4dc991dda71a2ff097
DD3ABF4326D5DBBADBB8945DE794FA7E,52784,res/piece/nfy_artifact_icon/lilimu/ui_shenqi_lilimu_zi_15_max.png.gz,2fb20fd32d7887768688df7b9131e910
E8A14CE867B8FB58A639515C49713403,32163,res/piece/nfy_artifact_icon/lilimu/ui_shenqi_lilimu_zi_1_max.png.gz,33ad96a6eaa124dadf1cb774935f008b
3D0B32C1904B1CB04C70867E099A9CD7,12903,res/piece/nfy_artifact_icon/lilimu/ui_shenqi_lilimu_zi_2.png.gz,843a81ca408d785be2058edc56d915d0
470E3FCA57AE1A5BA0FAC0774D12E1DE,33585,res/piece/nfy_artifact_icon/lilimu/ui_shenqi_lilimu_zi_2_max.png.gz,eafac9ed81dfffe38e5bcf4ccf224b00
8F55CFF1E88D994D9E05B365F29CD2C1,12609,res/piece/nfy_artifact_icon/lilimu/ui_shenqi_lilimu_zi_3.png.gz,fa2af20feab0c913a20bb4579b872f30
EFE5E4126E0CACF5529618FAA0D1D18E,41137,res/piece/nfy_artifact_icon/lilimu/ui_shenqi_lilimu_zi_3_max.png.gz,763b740e2dc89a9be980e1aa977232e3
B221C609101E64F0A90ADC0B4F49BB13,13552,res/piece/nfy_artifact_icon/lilimu/ui_shenqi_lilimu_zi_4.png.gz,0e8a439a329735b8faa908e815e420df
E06C5771BFDFDF4F5E9C1756C05B309F,55230,res/piece/nfy_artifact_icon/lilimu/ui_shenqi_lilimu_zi_4_max.png.gz,1b8d78c9fb4e7054beaa084b8de5639b
AB41A2DD8074E709C911CF8394DFC37A,12864,res/piece/nfy_artifact_icon/lilimu/ui_shenqi_lilimu_zi_5.png.gz,5f7b3d6fd70966f63f21a082b79586fa
CA496C3FDFB101FD873E72DBD921C451,38744,res/piece/nfy_artifact_icon/lilimu/ui_shenqi_lilimu_zi_5_max.png.gz,1d638ebe80145a48bb939555d3e6729c
9FE681E669AF69DA3D3A93471917E96E,13443,res/piece/nfy_artifact_icon/lilimu/ui_shenqi_lilimu_zi_6.png.gz,42293be57437fe2dce4a8391ff377647
010A0ED739CE000565AFC7AEC6318B4D,35708,res/piece/nfy_artifact_icon/lilimu/ui_shenqi_lilimu_zi_6_max.png.gz,6415627345abef8f3baa6dd2469aeeb2
ED2E947ECC7BD05A9FAAAED7101751D5,12104,res/piece/nfy_artifact_icon/lilimu/ui_shenqi_lilimu_zi_7.png.gz,d5edd07c8d5b1b7f23504ee76fd6a5b9
74893704ABFFAB8F778E35D5047DA09C,28142,res/piece/nfy_artifact_icon/lilimu/ui_shenqi_lilimu_zi_7_max.png.gz,4ed2c8bfef111b6518c05eb99deac68b
C74698CF5A4D16D70743CAF8E6653D1B,12082,res/piece/nfy_artifact_icon/lilimu/ui_shenqi_lilimu_zi_8.png.gz,b1a79096cf3c3a76aa73602893f3aea8
FA30B96D44B8956E755629CAD8F788D3,40765,res/piece/nfy_artifact_icon/lilimu/ui_shenqi_lilimu_zi_8_max.png.gz,c2a7ec37d28d77936cd1ed5d75b334a4
EF88818BC4902382DC07484E26653D18,14665,res/piece/nfy_artifact_icon/lilimu/ui_shenqi_lilimu_zi_9.png.gz,eb4f12bb98f1b6bb05279f1423376ead
DFD4EADD10BD21300ECDF0631ABBFC1F,86571,res/piece/nfy_artifact_icon/lilimu/ui_shenqi_lilimu_zi_9_max.png.gz,36617a47c998bb5c357555ec9cfde637
69AF438C1D4C420A5FF2CEF865D33CEE,21638,res/piece/nfy_artifact_icon/ling/ui_shenqi_hejindianju_ling_cheng_6.png.gz,02e44abde04ddd3050aaa591f1c78958
854D6C62B1D661CDEB82A6E835AAA234,59969,res/piece/nfy_artifact_icon/ling/ui_shenqi_hejindianju_ling_cheng_6_max.png.gz,399dfeed7892cdd0c231e6bec1b0d2e8
3364662A98015F3F5E07994B490373AB,15935,res/piece/nfy_artifact_icon/ling/ui_shenqi_ling_cheng_1.png.gz,562e658da9e1ac493dc1a8d11fc831b5
B29398B6AD4C730ED32300A9211AD9A9,34953,res/piece/nfy_artifact_icon/ling/ui_shenqi_ling_cheng_1_max.png.gz,d9d02f43cb77d85482b0383fed9916eb
0305F1F04E4BDFF9089C71BB0A7F880D,12454,res/piece/nfy_artifact_icon/ling/ui_shenqi_ling_cheng_2.png.gz,d3ebb7e937d6fa3d949b6c963a13ccc4
E4C3F159D74CAE2ACC198DA9B2E476F5,29426,res/piece/nfy_artifact_icon/ling/ui_shenqi_ling_cheng_2_max.png.gz,4336ea9f520daf58487c26bc07b43bf0
452F3EA22367AE291C63915D42DF59C1,11487,res/piece/nfy_artifact_icon/ling/ui_shenqi_ling_cheng_3.png.gz,68c150269575d3e0c4d4f20876daa5b7
481FF5929E736830A32E585BC4259313,25918,res/piece/nfy_artifact_icon/ling/ui_shenqi_ling_cheng_3_max.png.gz,171c1e5c3feb79cf73c42dcc79ea1f43
DC5901CE86640C082090F61BB449917F,16486,res/piece/nfy_artifact_icon/ling/ui_shenqi_ling_cheng_4.png.gz,346473c29f308a782c67f57d5417f887
7EB51E19DE3AC902E0C8AF5998D690F7,44554,res/piece/nfy_artifact_icon/ling/ui_shenqi_ling_cheng_4_max.png.gz,a4d9a15075486b8aeec30b22d36d9db9
4DAC0847EED93D8BFAD96415F5523829,12570,res/piece/nfy_artifact_icon/ling/ui_shenqi_ling_cheng_5.png.gz,87c9d7b63e97eaa5f90778c5235203d7
CDB55BA2C9B80425C6B5BE49252758F7,30003,res/piece/nfy_artifact_icon/ling/ui_shenqi_ling_cheng_5_max.png.gz,59698aef7c4fd74d2fc1c0c18523ad1a
4429377B09208FA02C88494B870FCE3C,15298,res/piece/nfy_artifact_icon/ling/ui_shenqi_ling_fen_1.png.gz,d0c75bb554ff3920cd58845317f54670
95484497A8932837A6A275695EAC632D,13384,res/piece/nfy_artifact_icon/ling/ui_shenqi_ling_fen_10.png.gz,17e15e8ecad717561becddea5ac76ed1
05EB369D23EF25F6FAEE1CB6D3A18576,29797,res/piece/nfy_artifact_icon/ling/ui_shenqi_ling_fen_10_max.png.gz,6646b920184dd58504b232ea0aeef1ed
63AF1FFE2C2C80FBD9D30D51971414DD,11091,res/piece/nfy_artifact_icon/ling/ui_shenqi_ling_fen_11.png.gz,19c81df56fd76f568037de0b77776e74
F3A86ABFD8BC2C8B7E28A5854AAD1F77,23997,res/piece/nfy_artifact_icon/ling/ui_shenqi_ling_fen_11_max.png.gz,1ca05751d02bfcab459d6b27ba0f4d6d
A8FDA7E99E70C34B203FAE71711F4B2D,13427,res/piece/nfy_artifact_icon/ling/ui_shenqi_ling_fen_12.png.gz,c0835bc0804acb5c55543658114d5fc5
BDD1C17D1524C43CF54C1725473A035A,28758,res/piece/nfy_artifact_icon/ling/ui_shenqi_ling_fen_12_max.png.gz,30e206da9e284a43a8bf67128da9b487
F787E9C5EE73B4951BCEA15BB8F993F3,16775,res/piece/nfy_artifact_icon/ling/ui_shenqi_ling_fen_13.png.gz,c2388b25365ad390abebda8131d8f12e
7DB198678CFA068619ACAF79445C8D14,36977,res/piece/nfy_artifact_icon/ling/ui_shenqi_ling_fen_13_max.png.gz,21791bc791719da603a4cb960f57deb1
C2C101712EA7366438BE42921D28CA5E,11032,res/piece/nfy_artifact_icon/ling/ui_shenqi_ling_fen_14.png.gz,16a1f8fa0a70fbdaa334d63b192ad982
B33AA5E0334AE4C6767A088C934F8276,24244,res/piece/nfy_artifact_icon/ling/ui_shenqi_ling_fen_14_max.png.gz,b46877d58fdef232d3910e7a3590f924
8976A1B71BB2C2736C82DEF1447136CF,11582,res/piece/nfy_artifact_icon/ling/ui_shenqi_ling_fen_15.png.gz,0ab8132e016bbeff1ada062e8f484cc1
A285A72B7D98C6ED3D33117C7DC9C251,26893,res/piece/nfy_artifact_icon/ling/ui_shenqi_ling_fen_15_max.png.gz,e15221ef7aa71aa39501c08ec3f09105
E3CB4546074DA247E71DAE4068F4A5A0,13071,res/piece/nfy_artifact_icon/ling/ui_shenqi_ling_fen_16.png.gz,1ee30a59778243e79611df7b4c4489e0
AB9218DF2253450196B329BC0E9CE83B,27189,res/piece/nfy_artifact_icon/ling/ui_shenqi_ling_fen_16_max.png.gz,e59aa72e9b2420794d0bb4477c8f84c0
7E0D0A4DAC87C673225718DFF1F246CB,12776,res/piece/nfy_artifact_icon/ling/ui_shenqi_ling_fen_17.png.gz,d2b7b7db830bd565683ca722b1ddb1b8
E3A125044192ACCDCFE3F3AFAE28E62D,26850,res/piece/nfy_artifact_icon/ling/ui_shenqi_ling_fen_17_max.png.gz,1952da87d2cf775c238a04e5712815b3
A4829354CF74B381848602CF5BE2B5BC,14390,res/piece/nfy_artifact_icon/ling/ui_shenqi_ling_fen_18.png.gz,7d1f9ddccf2fe8ea42ee14e4579e8dda
8E87BC8B0687A042DF81C4A3321A6A37,28290,res/piece/nfy_artifact_icon/ling/ui_shenqi_ling_fen_18_max.png.gz,afa094bbcef7744c37eeb417beb05477
1202DCFD4557804EB54348A6DD122A9E,12596,res/piece/nfy_artifact_icon/ling/ui_shenqi_ling_fen_19.png.gz,075c01ccaffcb58bea52feadf39b97ef
E7CCB9305E1ED59E26172E19FBB8555D,27782,res/piece/nfy_artifact_icon/ling/ui_shenqi_ling_fen_19_max.png.gz,4314a2f6580a66b2c991816bd7a7505a
94B3854925B0C852E10ABD1BCF3A5D2B,33473,res/piece/nfy_artifact_icon/ling/ui_shenqi_ling_fen_1_max.png.gz,e2db6baa5de88d037e183afac8eeac73
C0BA98372D6EE9498B2F63B498678710,10721,res/piece/nfy_artifact_icon/ling/ui_shenqi_ling_fen_2.png.gz,1860575b20a3c4ac890d0d719486843b
1357D438FD24D2C46AF47A6EB14F3A76,11118,res/piece/nfy_artifact_icon/ling/ui_shenqi_ling_fen_28.png.gz,66cbc4f9c24413d6e87644cb67018373
C637EB490A7A5E39FD1EDECAC74BE020,29124,res/piece/nfy_artifact_icon/ling/ui_shenqi_ling_fen_28_max.png.gz,aacc33ddce3016715bb4a32e20db4d60
A85E7531CA2185461F6BCDCA6260E60F,22673,res/piece/nfy_artifact_icon/ling/ui_shenqi_ling_fen_2_max.png.gz,728902bd0c96780dcc86618d965cadd7
734F7443CF0E426B7098838497D17DC6,10323,res/piece/nfy_artifact_icon/ling/ui_shenqi_ling_fen_3.png.gz,1348a96001886882b68805fea3d94810
A82798984772F17970ADE205269CA503,20736,res/piece/nfy_artifact_icon/ling/ui_shenqi_ling_fen_3_max.png.gz,40c0d62199d8fb9905aded526b07800d
BC1E8F65064FF4EB0853E308798CC80F,15886,res/piece/nfy_artifact_icon/ling/ui_shenqi_ling_fen_4.png.gz,e604f85d4e7b23ecde5d1d1eb7541a52
6D47D213A90EEC33F80CC786B405DF75,35959,res/piece/nfy_artifact_icon/ling/ui_shenqi_ling_fen_4_max.png.gz,db97965c30b9e79c22358ab40319959b
FD38B3EEA247989F68C7EA77425603A8,15611,res/piece/nfy_artifact_icon/ling/ui_shenqi_ling_fen_5.png.gz,a4582e2a2574cea15e3392db57a81fb4
4DBB013FD493ED370C763C71D378EE7C,37900,res/piece/nfy_artifact_icon/ling/ui_shenqi_ling_fen_5_max.png.gz,2e247652e474acfe7d7c15e25cbc1b70
EDA49AF8C1D0DD5D8307D5DEC9A0908D,12939,res/piece/nfy_artifact_icon/ling/ui_shenqi_ling_fen_6.png.gz,8a7c80679355e548c1b4ac9d0ce957ad
8002428AFD0E5D4485B4340F72899F0A,28398,res/piece/nfy_artifact_icon/ling/ui_shenqi_ling_fen_6_max.png.gz,ed87c3c73e3d67fb2003304adb132983
C39BFAF43DA63871CE81B692FECE83FF,13215,res/piece/nfy_artifact_icon/ling/ui_shenqi_ling_fen_7.png.gz,a52978c82dd4711bbd48ab5bb11ea927
E1DC312FBBD65F7FD91DDDECB8DAF840,31001,res/piece/nfy_artifact_icon/ling/ui_shenqi_ling_fen_7_max.png.gz,cd3f48eba20f7f6d12a5bcef63614156
9F6C2607C3878CA2CE79A5EF3FCE8E0D,13931,res/piece/nfy_artifact_icon/ling/ui_shenqi_ling_fen_8.png.gz,4f45da5bc0f743ca7b9be82ec41da49d
34C8EE067879B4D647863905DA0FDB72,31878,res/piece/nfy_artifact_icon/ling/ui_shenqi_ling_fen_8_max.png.gz,ba6f9fd4dc9740394af64c5656c7b019
C408FFBC10CADDE7C40EF6D2618C4C5B,11407,res/piece/nfy_artifact_icon/ling/ui_shenqi_ling_fen_9.png.gz,800fb682c94b6cd710ea27083deaf88c
33313CAC4CB3BA4529FD16B9A4584528,24577,res/piece/nfy_artifact_icon/ling/ui_shenqi_ling_fen_9_max.png.gz,6413d1a9e5c1b07de9e59543b3b59479
537274AF480B035AD978BE5E29689020,10748,res/piece/nfy_artifact_icon/ling/ui_shenqi_ling_lv_1.png.gz,58a45a4559b6beed004715ebb4106947
177397045EE1EE8F01A453D76704C272,11260,res/piece/nfy_artifact_icon/ling/ui_shenqi_ling_lv_10.png.gz,49c8c4c6c4083c3d1e078f883fb133c3
139AD3D187CA91C43567B37C80D65FF5,28051,res/piece/nfy_artifact_icon/ling/ui_shenqi_ling_lv_10_max.png.gz,1f303e3ed9469ae652950840ca621b63
72B7D328508D555219C8260ADF538E68,10766,res/piece/nfy_artifact_icon/ling/ui_shenqi_ling_lv_11.png.gz,df520724f01646918e0f096359d304a9
312BC9B67C7AE5C8AEF5CF4EEBE7150C,29223,res/piece/nfy_artifact_icon/ling/ui_shenqi_ling_lv_11_max.png.gz,93e6509c96e8e8856b4914a494e07cfe
F0D9E10BC9E01136B244006F3A5C0C1E,11559,res/piece/nfy_artifact_icon/ling/ui_shenqi_ling_lv_12.png.gz,d638b702bdaf516986064aec66c518ab
80202EFAB4A63E1D71401E54DAAB808D,33576,res/piece/nfy_artifact_icon/ling/ui_shenqi_ling_lv_12_max.png.gz,f88bfa4ff4d7019d0c57d5d1f34e631f
D2F24E7E0FC7613B69B069BA538DDE3A,9122,res/piece/nfy_artifact_icon/ling/ui_shenqi_ling_lv_13.png.gz,b47b38d73cdc47cb5777b3e19bad5eae
49FFAF51F87DA76D3EBB90A4B2B0750E,19148,res/piece/nfy_artifact_icon/ling/ui_shenqi_ling_lv_13_max.png.gz,e7a5d2a9979c2b7508e7adcd821df713
E114DCDA58D75A04F22297AC438B6180,11400,res/piece/nfy_artifact_icon/ling/ui_shenqi_ling_lv_14.png.gz,3a93baebd13f1e30c6455b4ebe6daadf
D499E5847C1C912AA0EDC844B1B50AC5,19525,res/piece/nfy_artifact_icon/ling/ui_shenqi_ling_lv_14_max.png.gz,6463c0d9b75e5f040db2a00c8c139f22
73F4C94B51237295A3EB803BEB3F7B0F,9690,res/piece/nfy_artifact_icon/ling/ui_shenqi_ling_lv_15.png.gz,3f2c158e75a106021a34acc2eda09502
5D4802696DAD89BE6B21C9193EF27DD0,15396,res/piece/nfy_artifact_icon/ling/ui_shenqi_ling_lv_15_max.png.gz,849443b74eb1c9b1afa17b62ef325453
FF5AC69CFC236545D43E2D8EE3D0CE25,19717,res/piece/nfy_artifact_icon/ling/ui_shenqi_ling_lv_1_max.png.gz,514404fb7911d0f6d39135891918ae29
6D00A92BBA6910A558F46E2BFE1899C3,9519,res/piece/nfy_artifact_icon/ling/ui_shenqi_ling_lv_2.png.gz,c5bce959f1217c7f68d1f73ecd8b05b7
D7CDEC9804FA4A01688AF2DC87B423C0,19345,res/piece/nfy_artifact_icon/ling/ui_shenqi_ling_lv_2_max.png.gz,f11f2f4b115cce1c2579b43025cbff27
AD9187D65FBC04B16014B6271731E272,9072,res/piece/nfy_artifact_icon/ling/ui_shenqi_ling_lv_3.png.gz,b80e6fd31cba3e36b47bce8ef4136e25
FEA5CAA71C921BF3D5DDDBA39D50418D,14745,res/piece/nfy_artifact_icon/ling/ui_shenqi_ling_lv_3_max.png.gz,bf5fc15a1dcd2362d48cb917c0f09d27
8D55B7B54FD28E473C7EED9C725B853F,9262,res/piece/nfy_artifact_icon/ling/ui_shenqi_ling_lv_4.png.gz,150cfc5626d9d487684f813ca92f0eeb
DDA22B9171C9C3D2DFC9B89F332DA7A7,13059,res/piece/nfy_artifact_icon/ling/ui_shenqi_ling_lv_4_max.png.gz,57baf70592c74afdecc0e7839e7e6679
08E8B838A51F9272579903A5FB3F9EB5,8237,res/piece/nfy_artifact_icon/ling/ui_shenqi_ling_lv_5.png.gz,e34dba447410af86f7ac61f66b32f200
15DB99AEEE61207A53E83C694CDB838F,15622,res/piece/nfy_artifact_icon/ling/ui_shenqi_ling_lv_5_max.png.gz,05b8ecde75f41c3dde9bf76ea8529c20
5D27172204C4867DCA5D86F43148A55C,10960,res/piece/nfy_artifact_icon/ling/ui_shenqi_ling_lv_6.png.gz,96ab08bb6e22ebe95a8cc7413b427086
8C6AC4E6803508D139435FEFDEC9CC4A,23246,res/piece/nfy_artifact_icon/ling/ui_shenqi_ling_lv_6_max.png.gz,77cdb3590e58ce63dbabbb9779b25460
03EEE9E7CBC3233BBCDDFA68E5262700,13135,res/piece/nfy_artifact_icon/ling/ui_shenqi_ling_lv_7.png.gz,484869e524b60293bb04b2c58203d850
19BDA0E9142BACAC46B594D9DFECF2FE,31981,res/piece/nfy_artifact_icon/ling/ui_shenqi_ling_lv_7_max.png.gz,3affdb3b7ae055e5f6f4a4bd0b1623fa
072F05C2C8EE16B08AB80FEB3B9E4589,10755,res/piece/nfy_artifact_icon/ling/ui_shenqi_ling_lv_8.png.gz,9996dd036ed8a91390d5f29dd116fd92
3E7D06A0B1A66702B9E8B9CDCB135E36,21978,res/piece/nfy_artifact_icon/ling/ui_shenqi_ling_lv_8_max.png.gz,0567451b60c3cf0ddbc9acb70511fa20
367F20B3E358D284E69B45DF142E4789,12933,res/piece/nfy_artifact_icon/ling/ui_shenqi_ling_lv_9.png.gz,1015f9f096be1cabf7f2cfa8da5ee287
77E9F22B234F3F86BE80817ECFDBCA53,32308,res/piece/nfy_artifact_icon/ling/ui_shenqi_ling_lv_9_max.png.gz,a32959a443df30e57796e2c094169cae
6D15650A66757188BDECF97CDEF9173A,12332,res/piece/nfy_artifact_icon/ling/ui_shenqi_ling_zi_1.png.gz,3914ec6a9741b364d9aaef102525d20b
8049AC5C741C046DAE145FF00FC8742D,9027,res/piece/nfy_artifact_icon/ling/ui_shenqi_ling_zi_10.png.gz,dc3798115f4ffeaf53a1149147e41c12
91F76EA89C6CC7268E7935DA7269E807,18661,res/piece/nfy_artifact_icon/ling/ui_shenqi_ling_zi_10_max.png.gz,70599c8772f8ca86142644f41bf22268
2568E97ED0A4D4A5DDA1576BD2446511,10009,res/piece/nfy_artifact_icon/ling/ui_shenqi_ling_zi_11.png.gz,5fabb4523d87e4eb5bd253784d1d4edc
AE327FFEBD95FCD185E1D0AB6D1B46FD,22304,res/piece/nfy_artifact_icon/ling/ui_shenqi_ling_zi_11_max.png.gz,de2c251c7bbea2df71db1961f259ec1c
20EAD75B59492D10896C97F40C356BA9,11836,res/piece/nfy_artifact_icon/ling/ui_shenqi_ling_zi_12.png.gz,e985209958a5b23ca41605db12c8e1f3
A03B5BAE714B004713CDF975C8CAE6F2,25690,res/piece/nfy_artifact_icon/ling/ui_shenqi_ling_zi_12_max.png.gz,2382e9fb1e226ab5b9ba4b4d33cd6573
C7CD37825A9C1D882ACA71B1C6E05B64,11642,res/piece/nfy_artifact_icon/ling/ui_shenqi_ling_zi_13.png.gz,f9b444c87c63695cbbe1034c634a2ba3
08B0467CF9B0FB7FEF7D10B62207FC67,29279,res/piece/nfy_artifact_icon/ling/ui_shenqi_ling_zi_13_max.png.gz,4fdaccd27b3d738d2898d0de5bdedf20
6EAF6E9233AE94EADC498396691B7EF1,9978,res/piece/nfy_artifact_icon/ling/ui_shenqi_ling_zi_14.png.gz,0f819503159fb3d0771a0a972f8c47f5
8A8ED1C9368167B0184F781E0FE412A2,30323,res/piece/nfy_artifact_icon/ling/ui_shenqi_ling_zi_14_max.png.gz,0242bf64dd32a5918179a619f7f62869
4685AAC570A9D329650A6785502EC31B,8647,res/piece/nfy_artifact_icon/ling/ui_shenqi_ling_zi_15.png.gz,117e4d462f429e6fe4b1b3fb923d6c9c
FB9F66B909F032C052B0DD8354DFBE08,16368,res/piece/nfy_artifact_icon/ling/ui_shenqi_ling_zi_15_max.png.gz,bd582b1ff6db6df49c3c49ac6c2aa7ae
41CEC1E30EAD223EB3FCD051ADD4B1D4,28822,res/piece/nfy_artifact_icon/ling/ui_shenqi_ling_zi_1_max.png.gz,19e37c127b37792fa2142097dfc28c6b
72D80D1073898F0E2B21BFB8CF1071D1,10238,res/piece/nfy_artifact_icon/ling/ui_shenqi_ling_zi_2.png.gz,7c355de5a659d84f3fead16965500d38
DC1B7A3FB03F61F1D353955A81C1C203,21831,res/piece/nfy_artifact_icon/ling/ui_shenqi_ling_zi_2_max.png.gz,e7427122dcd6a45220dc7fe20c8e4f2b
49A18E50A49E159007EE4C9CA5CE83AD,11769,res/piece/nfy_artifact_icon/ling/ui_shenqi_ling_zi_3.png.gz,f65bb7ac024bf96ed3df3ff21bcb405e
2908F21F4B533BBF24D932CEAB28C47C,30258,res/piece/nfy_artifact_icon/ling/ui_shenqi_ling_zi_3_max.png.gz,f9e4a4f177b46088e1d70bafb44924d3
E32829827A26845734B3F38097B43A86,13758,res/piece/nfy_artifact_icon/ling/ui_shenqi_ling_zi_4.png.gz,4930d3a2143e3187e74dfbf9a731930b
08857410ED0F9D67C81D97079BCAACB5,32305,res/piece/nfy_artifact_icon/ling/ui_shenqi_ling_zi_4_max.png.gz,e6276fe8da9bab5bf44d8db95c384b93
69F1A2FA4DA95CCC8CE52B048796889B,12562,res/piece/nfy_artifact_icon/ling/ui_shenqi_ling_zi_5.png.gz,63b80bfd36c2b65e625885174b3cde79
90B234C314D7D385369B31F772F879DC,30621,res/piece/nfy_artifact_icon/ling/ui_shenqi_ling_zi_5_max.png.gz,a6596fa5e189633855e79ae59a700c7f
197A7DF743C3DA5E42CED7EA749CF481,13577,res/piece/nfy_artifact_icon/ling/ui_shenqi_ling_zi_6.png.gz,3712b867585e9b799fbaad4c8da5c85b
993C47A4C28B00D4160C340503077E79,34969,res/piece/nfy_artifact_icon/ling/ui_shenqi_ling_zi_6_max.png.gz,5e0a70181209f336c86e6d6cb2ae8a66
7C4563D72E3B4FD6DDEA36AD57535FE4,12592,res/piece/nfy_artifact_icon/ling/ui_shenqi_ling_zi_7.png.gz,4d0b20e5f7eea644a2e6fa4386ac3af0
2DF314A66EAFA2197035FA673CD726C0,27784,res/piece/nfy_artifact_icon/ling/ui_shenqi_ling_zi_7_max.png.gz,1fcb0d5319879347e6ef1846db0247d7
4D628B42ACF88015E590072A4444A0BC,10304,res/piece/nfy_artifact_icon/ling/ui_shenqi_ling_zi_8.png.gz,eaf3892b8b2e44db49e64880f0a4a7d6
42E9A6F476DB91C244B8F13325FFF506,21990,res/piece/nfy_artifact_icon/ling/ui_shenqi_ling_zi_8_max.png.gz,f9c429636aa75730a9d96d4b867a1b41
F30D6F6A51DF7EA7429533DE28EBCB91,12818,res/piece/nfy_artifact_icon/ling/ui_shenqi_ling_zi_9.png.gz,ba2fb80b331fd12419d98ab0d99dfaf0
829A15AC85B07D15A6A361E6C045CD68,36590,res/piece/nfy_artifact_icon/ling/ui_shenqi_ling_zi_9_max.png.gz,7f7ddec67566115a1e4efb397cf0b0fa
66A5032CBA10055ADAEA9C1DC503C08F,31352,res/piece/nfy_artifact_icon/shenyue/ui_shenqi_hejindianju_shenyue_cheng_6.png.gz,cbaaf83525e6368aeee19a9918f0dc49
D8EE4F9C649B7DB3AE527C8424B779C9,76654,res/piece/nfy_artifact_icon/shenyue/ui_shenqi_hejindianju_shenyue_cheng_6_max.png.gz,560d837b10437c80c910e17b5cd0c251
2B65CE8E37B630F2B68CE86E8855DDA9,16722,res/piece/nfy_artifact_icon/shenyue/ui_shenqi_shenyue_cheng_1.png.gz,625954ffbccf1fa71e7a8bfb615c1112
0D835FFCA10D3DACF07FF5F8E0C79C8F,42578,res/piece/nfy_artifact_icon/shenyue/ui_shenqi_shenyue_cheng_1_max.png.gz,0ef7153744f46c4d56238806433e33d9
A1DF674210B981C8729AA2DAE2E64F3E,16187,res/piece/nfy_artifact_icon/shenyue/ui_shenqi_shenyue_cheng_2.png.gz,4ffbbffeae454eb35a42e91b2b2ff073
BD82039A36822755D5A312450DDC28EC,35333,res/piece/nfy_artifact_icon/shenyue/ui_shenqi_shenyue_cheng_2_max.png.gz,23c335512de2098fdd8423af6d15a9d3
61648D8BC3B282276364FD25C538EF37,15382,res/piece/nfy_artifact_icon/shenyue/ui_shenqi_shenyue_cheng_3.png.gz,483f34f9e95fc6dd1da5b67a99fd1956
A4A41B480A2238DFC361462942EE9868,34676,res/piece/nfy_artifact_icon/shenyue/ui_shenqi_shenyue_cheng_3_max.png.gz,fc73f038eb160223344ed75a656f8bf5
7EB7C6456CA280B7ECCFB29450D8DE07,20235,res/piece/nfy_artifact_icon/shenyue/ui_shenqi_shenyue_cheng_4.png.gz,49aee16cef37537e4f80f34f55cdcba5
09FF8FED065D5F00AB4749C17D88A1A5,47554,res/piece/nfy_artifact_icon/shenyue/ui_shenqi_shenyue_cheng_4_max.png.gz,ce6020c335e6d52bd7670a9197ebf43c
DEEAAC8FF8ACA48B261F2E1FC020B063,11882,res/piece/nfy_artifact_icon/shenyue/ui_shenqi_shenyue_cheng_5.png.gz,0ec4708f996d626fb9f96a303bff572f
9478C9C414A65B7ABADF3273B877C8FB,24410,res/piece/nfy_artifact_icon/shenyue/ui_shenqi_shenyue_cheng_5_max.png.gz,d79b8c002709c4cc2b5c69a0becc0ed1
142A57562A5306439CE67FAAEFF8C430,15392,res/piece/nfy_artifact_icon/shenyue/ui_shenqi_shenyue_fen_1.png.gz,56f347115918445267128fdea36b7a9c
DFF7C855F38D0A64198B1B6DA9E789E0,11117,res/piece/nfy_artifact_icon/shenyue/ui_shenqi_shenyue_fen_10.png.gz,4c593dab97848fce5299af2599cc8c06
0CE025F2BAB85287C9152415E69B3D8F,40723,res/piece/nfy_artifact_icon/shenyue/ui_shenqi_shenyue_fen_10_max.png.gz,8b38dc5af518e80521917da0791f89a6
F522E22D1599375055EDCD4CFB035DF4,13545,res/piece/nfy_artifact_icon/shenyue/ui_shenqi_shenyue_fen_11.png.gz,4c0fe9a1299a45e96faf6dffb19423c2
F724982A78251E87151E46DBE82578B5,32860,res/piece/nfy_artifact_icon/shenyue/ui_shenqi_shenyue_fen_11_max.png.gz,eb6a5e96a5cbed85e77f1cb0d9881ba3
B78DAECD656A99CF4AF6E0C353B3FC0C,15839,res/piece/nfy_artifact_icon/shenyue/ui_shenqi_shenyue_fen_12.png.gz,cdae0ff877c72502ca1703c23ff9a1b4
7AB80E3D3249AC620BDEDBB4FCE59B7A,39143,res/piece/nfy_artifact_icon/shenyue/ui_shenqi_shenyue_fen_12_max.png.gz,b3539d5c57b9ea9f2cc53d3fb7e251fc
6ED56A5463117607E7719B27F4707379,15611,res/piece/nfy_artifact_icon/shenyue/ui_shenqi_shenyue_fen_13.png.gz,7e79f5e9250472f514fd0c31daf98c57
0900D5FBF59B6DA74F4FE3BF1DF52990,64354,res/piece/nfy_artifact_icon/shenyue/ui_shenqi_shenyue_fen_13_max.png.gz,38c373eeab3a8cc8c1101ea5616d87ef
C8EB99E6954D88C41BADD137B3F3BE92,9361,res/piece/nfy_artifact_icon/shenyue/ui_shenqi_shenyue_fen_14.png.gz,d359b2a9663bfc1b086e17139b7969b7
E434390C4397E70AEE0D482B573FC3F6,28710,res/piece/nfy_artifact_icon/shenyue/ui_shenqi_shenyue_fen_14_max.png.gz,c86cca29f146100d3b0572547e124117
EF957CB494EA142BAE9906CE60ABD14B,12830,res/piece/nfy_artifact_icon/shenyue/ui_shenqi_shenyue_fen_15.png.gz,946cd23dff30b0758704e92c600a80ba
8C765C09DFEDAD7FCAE0987B6D8129FA,41813,res/piece/nfy_artifact_icon/shenyue/ui_shenqi_shenyue_fen_15_max.png.gz,a1e5c05d9206b29d7e0a231e0dfaed52
1DF80F819A6649014E1163E7FA3546A0,10902,res/piece/nfy_artifact_icon/shenyue/ui_shenqi_shenyue_fen_16.png.gz,bb429efda08f4a6a8cbea952414932d4
69A95E32A887AE7C74CA28A67AD52F30,32177,res/piece/nfy_artifact_icon/shenyue/ui_shenqi_shenyue_fen_16_max.png.gz,099862e0d558259d56613645dc4351bc
89EFA67FFD9777247F31F514E0A9D0AE,12526,res/piece/nfy_artifact_icon/shenyue/ui_shenqi_shenyue_fen_17.png.gz,122a586a2ca4f115f5b1bd81c42df9f1
DD83D78C055B03D222426A0DD9FC366D,46539,res/piece/nfy_artifact_icon/shenyue/ui_shenqi_shenyue_fen_17_max.png.gz,186cc2cfe95a90c2a6e1aa3df0b60efd
88E305A8617E8BF0955E3330BC8B23DD,18143,res/piece/nfy_artifact_icon/shenyue/ui_shenqi_shenyue_fen_18.png.gz,c72dac880f18a4a674d2e20a8f4cfb1e
C3103824F06BE1FA70E08A119B66648E,34660,res/piece/nfy_artifact_icon/shenyue/ui_shenqi_shenyue_fen_18_max.png.gz,61a36c44992a0803fffec6ea5163fd5c
EF9D88D19A0D89B7E73C2ADC82833898,17062,res/piece/nfy_artifact_icon/shenyue/ui_shenqi_shenyue_fen_19.png.gz,068d9aa7a4edd7b090754270c53aa4a4
B8292D84A147B7F8ACF9BDC749F871AC,44395,res/piece/nfy_artifact_icon/shenyue/ui_shenqi_shenyue_fen_19_max.png.gz,1f72d9011e7bd3d11fcbbc58f7aa1e26
9387A74A608B5EEAC5B2518D2EEC98F4,35037,res/piece/nfy_artifact_icon/shenyue/ui_shenqi_shenyue_fen_1_max.png.gz,5c063b8f2241658112355c9723b4589e
E8064D1BC6B89A1BED115CC9F4F67315,14198,res/piece/nfy_artifact_icon/shenyue/ui_shenqi_shenyue_fen_2.png.gz,3b1fd2bd24641deef25b8c2f34a69d5a
29A0737E433D03EC3CBF26BB6FFD3AAC,17351,res/piece/nfy_artifact_icon/shenyue/ui_shenqi_shenyue_fen_21.png.gz,6ab4217b0667e913a1ae38f3eea6e747
AC0945363B6093E4F673E8DD9B8D7DE5,62321,res/piece/nfy_artifact_icon/shenyue/ui_shenqi_shenyue_fen_21_max.png.gz,8332c7f0c193af8f41c4063fc4b1d46a
78B31725EAB80FE5571DE8211A2E1084,12391,res/piece/nfy_artifact_icon/shenyue/ui_shenqi_shenyue_fen_28.png.gz,c662bf1f1ee1a2bb471c8aa17dac931f
9DE11342074BE7211287D1FEB878241D,36486,res/piece/nfy_artifact_icon/shenyue/ui_shenqi_shenyue_fen_28_max.png.gz,6f26d2c5754ba2a47613b1a829d6032e
4ADA5D2BFD9C3BCCA4CD69BFB9BD644A,34039,res/piece/nfy_artifact_icon/shenyue/ui_shenqi_shenyue_fen_2_max.png.gz,225e80150720fa14fb881286b9ffcc9c
F1637C6AC5FF2C2ADEA8CF16A24E421B,12642,res/piece/nfy_artifact_icon/shenyue/ui_shenqi_shenyue_fen_3.png.gz,253666e70c09374475a06eb32b5bb898
DE4A29BD7C89B4580AB1405BC5C22FD6,48391,res/piece/nfy_artifact_icon/shenyue/ui_shenqi_shenyue_fen_3_max.png.gz,19e50fee3fa03c4b4fadb1f1c5c27fb5
E44BB6D1ADB281FE00BCCD0E92FB6ADF,15339,res/piece/nfy_artifact_icon/shenyue/ui_shenqi_shenyue_fen_4.png.gz,b56a909f0f27223d876d96918de77e53
5C12747560B73C1DA3CC29A29A7ADC51,54347,res/piece/nfy_artifact_icon/shenyue/ui_shenqi_shenyue_fen_4_max.png.gz,77a167345a8595c52114438adf1f7571
192F5A22CB7A9F9038D8AECA546D4B70,13762,res/piece/nfy_artifact_icon/shenyue/ui_shenqi_shenyue_fen_5.png.gz,2e6127613c3358a644c8b3683ee80f1a
68A02309BFBEFB56D588309DB0B4E06F,43903,res/piece/nfy_artifact_icon/shenyue/ui_shenqi_shenyue_fen_5_max.png.gz,b0a909e92bc9fbff06c6d8d1a1246dd8
A51C0EAB489212BFA5473F3FA15B8C18,15686,res/piece/nfy_artifact_icon/shenyue/ui_shenqi_shenyue_fen_6.png.gz,51854192a8dc837f6fe3ab58cc3c52b6
3D87E84EB4CE73E39C19001127B429B1,35075,res/piece/nfy_artifact_icon/shenyue/ui_shenqi_shenyue_fen_6_max.png.gz,9eda6da57c437eaec67e7a967c75e591
8E0F3D7AB189E2750D8A68396699AD3E,17090,res/piece/nfy_artifact_icon/shenyue/ui_shenqi_shenyue_fen_7.png.gz,33f9703a347c77a0784aa35d2f8affc1
D370782AA991533ABB50FB3664E99F8C,40128,res/piece/nfy_artifact_icon/shenyue/ui_shenqi_shenyue_fen_7_max.png.gz,d297ea9e3aab1765bfbaf15c6a2977c2
8AB36615E3935FE4BD5F544714536DDA,12900,res/piece/nfy_artifact_icon/shenyue/ui_shenqi_shenyue_fen_8.png.gz,437c8f2aef8a7336509a6e17fdad54ee
FC4E2F15711AFEAA2E4EADE6E4C67B85,36785,res/piece/nfy_artifact_icon/shenyue/ui_shenqi_shenyue_fen_8_max.png.gz,5e0bf911862af0021d5b10a6496326f4
7EEB2F3408E26EDD3973D7365F99EA26,13875,res/piece/nfy_artifact_icon/shenyue/ui_shenqi_shenyue_fen_9.png.gz,6f216cdab2485ad2b1c3e50179042ca3
5F3C3D0B9E1DA693EA755FE43558D368,29892,res/piece/nfy_artifact_icon/shenyue/ui_shenqi_shenyue_fen_9_max.png.gz,191694d6b80a2c22466e6c9e9ec7c6bb
FFD95EF7D5158ED412468DA66116E187,10083,res/piece/nfy_artifact_icon/shenyue/ui_shenqi_shenyue_lv_1.png.gz,08fe75330003158c5f7279335296b63f
096B1DAC24137BEBC691D03BBD8316BD,11448,res/piece/nfy_artifact_icon/shenyue/ui_shenqi_shenyue_lv_10.png.gz,13fc7ee16b6ce3673fad254144f10170
661B7F75C075E7E34110477495263E8B,37444,res/piece/nfy_artifact_icon/shenyue/ui_shenqi_shenyue_lv_10_max.png.gz,cea066c6dad1cf0ac122226ebcb07d53
F1405097E82812D7EE81D96A275BFAE7,13289,res/piece/nfy_artifact_icon/shenyue/ui_shenqi_shenyue_lv_11.png.gz,8d05283689d6098f72aeb31db0ffcc8a
CAAF5C17B92C1FF5E85DCB9370F592AA,44998,res/piece/nfy_artifact_icon/shenyue/ui_shenqi_shenyue_lv_11_max.png.gz,b539f2ba85fb0a624ce20658321dc7b2
20C1420564301C1002F8CDC972351F0A,11155,res/piece/nfy_artifact_icon/shenyue/ui_shenqi_shenyue_lv_12.png.gz,ca3c55b873d0f154541575f83829b436
28E256E71F01D3F22F34AA1B053F2686,39583,res/piece/nfy_artifact_icon/shenyue/ui_shenqi_shenyue_lv_12_max.png.gz,1c66aaf4d0d61f4e41579419e175ee29
356EA5591115BC35243D92301DA787C0,12807,res/piece/nfy_artifact_icon/shenyue/ui_shenqi_shenyue_lv_13.png.gz,d7f207320c01a1d611f06701d3996450
C7D18E8130F4D059941F05DCAED0DFBB,32461,res/piece/nfy_artifact_icon/shenyue/ui_shenqi_shenyue_lv_13_max.png.gz,dec8a554f42097fe1afba047570a075e
55D79A5A5D50C9666193B901DE776CD5,11791,res/piece/nfy_artifact_icon/shenyue/ui_shenqi_shenyue_lv_14.png.gz,1a517d6ba4196527b746dce0a8746735
C06F994FDC2899423860AE233A525FA3,23813,res/piece/nfy_artifact_icon/shenyue/ui_shenqi_shenyue_lv_14_max.png.gz,827e388673a7129323bbfb88562ea681
5366D33701C93CCD31F6F85907CB61A0,10447,res/piece/nfy_artifact_icon/shenyue/ui_shenqi_shenyue_lv_15.png.gz,4c1fb2d2a2d6c52c7e9715cf779497e0
B08E57F91D3E23563C62AE210A7A11A9,14663,res/piece/nfy_artifact_icon/shenyue/ui_shenqi_shenyue_lv_15_max.png.gz,92f2827a6fff1573699da81418854c1a
9E132D98BD684B6E29C2ABE85BE7F15D,47568,res/piece/nfy_artifact_icon/shenyue/ui_shenqi_shenyue_lv_1_max.png.gz,369509028b6f776a9e462ef56c51e762
4C449EAD9C2BC16E8A8F6120D163492C,7250,res/piece/nfy_artifact_icon/shenyue/ui_shenqi_shenyue_lv_2.png.gz,f075842fd665a04705927aea57d7e5aa
D15B69A31084DE12A89EC2D5B8B1063A,14502,res/piece/nfy_artifact_icon/shenyue/ui_shenqi_shenyue_lv_2_max.png.gz,29461f6f3fd6d8734ec6346fe313d247
22EBD4FA816902E85F9D5270FF0DA30D,8861,res/piece/nfy_artifact_icon/shenyue/ui_shenqi_shenyue_lv_3.png.gz,8795693c1f2fda5580eb27121bf3dd70
9A544CD2F18788324CC30C917B1C7D92,17635,res/piece/nfy_artifact_icon/shenyue/ui_shenqi_shenyue_lv_3_max.png.gz,9efec7d72164b2bfec8e208b42f177ee
DFD04393A5935A6E892313C0AD9CDCE6,8263,res/piece/nfy_artifact_icon/shenyue/ui_shenqi_shenyue_lv_4.png.gz,3eaee3cc015b8dca9a4a39bef3931037
92EA4DAAE6F3EE340BB749B8D1A99D1E,15206,res/piece/nfy_artifact_icon/shenyue/ui_shenqi_shenyue_lv_4_max.png.gz,09a6122612040824cf8b00eafd85d5b5
515FD4DDAF3880966C83BBB7BAC9F9E5,9660,res/piece/nfy_artifact_icon/shenyue/ui_shenqi_shenyue_lv_5.png.gz,76cc53468a1982aa3ec9c9ae2e62da78
4060FF536275596766992A567DB82D9F,29810,res/piece/nfy_artifact_icon/shenyue/ui_shenqi_shenyue_lv_5_max.png.gz,fcb008ebfc8c0b3b6c5ea0650cc56096
4C314D23E1D6870C988D68E268AB4937,14078,res/piece/nfy_artifact_icon/shenyue/ui_shenqi_shenyue_lv_6.png.gz,57c30687ad6ebdb92753b10fb4ea8cbf
5DCBAA14CC7DAF1402583D2356C1093C,40886,res/piece/nfy_artifact_icon/shenyue/ui_shenqi_shenyue_lv_6_max.png.gz,b55adda670fd9f35b02ed1e0a9f613fc
383C659DE204A5696D0037B85B409831,13981,res/piece/nfy_artifact_icon/shenyue/ui_shenqi_shenyue_lv_7.png.gz,e97667b4d7c28c501a15f884ab38226c
55582CB20EA04DC5970F85744B13C591,34544,res/piece/nfy_artifact_icon/shenyue/ui_shenqi_shenyue_lv_7_max.png.gz,83dc410fe4d67109e01f7866e61070ee
11580CFCB5FABA77FFBB97A7904A82FA,12804,res/piece/nfy_artifact_icon/shenyue/ui_shenqi_shenyue_lv_8.png.gz,94e75dc41abf658fa7b2e0143531eb48
9E4DEEFB807E9F9DB02F4EEFE5CAA461,26972,res/piece/nfy_artifact_icon/shenyue/ui_shenqi_shenyue_lv_8_max.png.gz,1e5c6a9878e700df1406661340cf65da
0C3292F249EEC7242BC2A4F0E268B90C,13970,res/piece/nfy_artifact_icon/shenyue/ui_shenqi_shenyue_lv_9.png.gz,ab85f5ce53ab4f6088093360882222e6
C9DF831E063B7D31E78AB731EA7F9202,34804,res/piece/nfy_artifact_icon/shenyue/ui_shenqi_shenyue_lv_9_max.png.gz,3f6d0373f47bde1d0f0840eb8d231fb4
99D8BAED4020CC3D674B8BBE1EEFFAEA,13726,res/piece/nfy_artifact_icon/shenyue/ui_shenqi_shenyue_zi_1.png.gz,e30d955846c3e61fad4e0ec77c2af97a
BA714FA05B6306FAC01BCE23A6828C78,13151,res/piece/nfy_artifact_icon/shenyue/ui_shenqi_shenyue_zi_10.png.gz,6172f7b6c0cb9f89d5aebd941bbc56ca
FC83439418FCCDBBA0386EC145E6A3C4,41463,res/piece/nfy_artifact_icon/shenyue/ui_shenqi_shenyue_zi_10_max.png.gz,490c1bfa2b171b875ab1eafdadab1af9
3C17E0EF092C3892432BEE8D22291682,14532,res/piece/nfy_artifact_icon/shenyue/ui_shenqi_shenyue_zi_11.png.gz,60cc591fb1e473eba52eaa4fb30944eb
0C6C09C80B525086AA1C6350625BA53F,25083,res/piece/nfy_artifact_icon/shenyue/ui_shenqi_shenyue_zi_11_max.png.gz,5f28c5e45fb342c15ba745c8cd654948
A389923CC53E8F0A841D5E1EA6ECA64C,13930,res/piece/nfy_artifact_icon/shenyue/ui_shenqi_shenyue_zi_12.png.gz,4e1dd54a14b68aa4328c6382f80e0c8c
CE5DA749E7B428BCFFDFE24E8E24C355,35458,res/piece/nfy_artifact_icon/shenyue/ui_shenqi_shenyue_zi_12_max.png.gz,f215b30232ad44813fbdcf6b04168a27
4D740A7403771934FE2CE7527AB284A9,12012,res/piece/nfy_artifact_icon/shenyue/ui_shenqi_shenyue_zi_13.png.gz,3d4ce5bfd3501e03b2f19e522edb274f
5CBFA392F58F93C56BCEFDE9DB4E4223,32621,res/piece/nfy_artifact_icon/shenyue/ui_shenqi_shenyue_zi_13_max.png.gz,d1406244113ae796a4af87ad56a94c47
1CB28D6743E7083F3296B0B585980BF6,12172,res/piece/nfy_artifact_icon/shenyue/ui_shenqi_shenyue_zi_14.png.gz,df4846bbf6279f3aa272ddcaf2c832da
B73DD3FC9F19C1CC9ACA57B575DA1BE0,31164,res/piece/nfy_artifact_icon/shenyue/ui_shenqi_shenyue_zi_14_max.png.gz,8f99f467661ad40ce01baccd6944d469
0EC87F03AB33BB450B8FF32B62CC0194,11512,res/piece/nfy_artifact_icon/shenyue/ui_shenqi_shenyue_zi_15.png.gz,73f7ea64a3355e874bffd86aea7448aa
CF6D39B4467A21FFCB4D27A141A29744,27936,res/piece/nfy_artifact_icon/shenyue/ui_shenqi_shenyue_zi_15_max.png.gz,975603fbd5e229c58c77dfcd9b8909a7
DD6886F421B6A5F4A684B21105E7EEEF,34896,res/piece/nfy_artifact_icon/shenyue/ui_shenqi_shenyue_zi_1_max.png.gz,bc8876e2483c2906a5d6f966b19124cb
9D97F743EAF1BEDADDC914C74058304F,14496,res/piece/nfy_artifact_icon/shenyue/ui_shenqi_shenyue_zi_2.png.gz,7693d617a125c3d2d89781c817857cd1
0E18F50B461A48A53A16A831680E82FB,37605,res/piece/nfy_artifact_icon/shenyue/ui_shenqi_shenyue_zi_2_max.png.gz,d7871f07c977b97ca81a90fc8075373d
0232A316A6039DA976114A4DE9EBF8EB,14711,res/piece/nfy_artifact_icon/shenyue/ui_shenqi_shenyue_zi_3.png.gz,7131d1ecbe54d46c10d945535407d6f7
85A1C0FC32D8D4D4BA98F4F10B057E82,61603,res/piece/nfy_artifact_icon/shenyue/ui_shenqi_shenyue_zi_3_max.png.gz,75f3a0d23a6f441512136525154491e6
1CB5FC797233FC089129C24C5A179AA5,17273,res/piece/nfy_artifact_icon/shenyue/ui_shenqi_shenyue_zi_4.png.gz,9357bd457afaa68975fb4ea50758f8ef
99D3E854949D9258BB5E964FA459C94B,60784,res/piece/nfy_artifact_icon/shenyue/ui_shenqi_shenyue_zi_4_max.png.gz,873052e813895674bc4fccc257be0918
777B0646048104260BAB11DB70D2C5D5,13164,res/piece/nfy_artifact_icon/shenyue/ui_shenqi_shenyue_zi_5.png.gz,6369aa60b78f35c5355eb9d4e29c2016
44A9F3C5D3DD8253C83884416FD7F64F,33309,res/piece/nfy_artifact_icon/shenyue/ui_shenqi_shenyue_zi_5_max.png.gz,3ed80ffc57eca8493fed431ad2dbdfbf
4BF6C427F6EB1CA3A110FEF0F767AAA9,15452,res/piece/nfy_artifact_icon/shenyue/ui_shenqi_shenyue_zi_6.png.gz,fe7c57cad917aa14cee2ae50e1a30537
2FA34C68BF5EB991526009E189EC9722,31745,res/piece/nfy_artifact_icon/shenyue/ui_shenqi_shenyue_zi_6_max.png.gz,cef9f66c330c55d00b2bae1f89d3f0f6
26714744066184EE078EE6551F3BCB6B,11154,res/piece/nfy_artifact_icon/shenyue/ui_shenqi_shenyue_zi_7.png.gz,960943e6b2671b861c7a1e42e7e52d9b
637055C71C74C7D2165102CA314EE630,25160,res/piece/nfy_artifact_icon/shenyue/ui_shenqi_shenyue_zi_7_max.png.gz,fbd626fb35fd64fda159f1b00d2c0894
51C0A5564168F268BE93CD9F33760F5B,11774,res/piece/nfy_artifact_icon/shenyue/ui_shenqi_shenyue_zi_8.png.gz,bc154ed9ddbe4362c299fa9f12041070
15DDF198BD5DD8FE325B9A84649DBCB6,27634,res/piece/nfy_artifact_icon/shenyue/ui_shenqi_shenyue_zi_8_max.png.gz,d9dfb5215d51e335c92f0ea701d8c243
9C141452E94698CBDCCD8F588091DD72,13966,res/piece/nfy_artifact_icon/shenyue/ui_shenqi_shenyue_zi_9.png.gz,1940d72d48c65ef17932561073767f4e
9FBCEBDBCB23CCD4DD54824E7940B88C,31595,res/piece/nfy_artifact_icon/shenyue/ui_shenqi_shenyue_zi_9_max.png.gz,7f7471c7f6a96b94f01e44f0157b994d
A17EE65C8FA3468FB7A6121E9493450B,13346,res/piece/nfy_artifact_skill_icon/ui_shenqijineng_baiguiyexing.png.gz,df8aeb5da1d5cf5696344def4b52a45b
58555923F436DE4551DBD7450E7C1440,10107,res/piece/nfy_artifact_skill_icon/ui_shenqijineng_baiguiyexing_fight.png.gz,e6835498c7d283767b227f7346ec2676
54E012E7509185E8A6491484E0FAE9EE,10466,res/piece/nfy_artifact_skill_icon/ui_shenqijineng_baolimeixue.png.gz,8571142110df8ff6b2cf36fa7213b525
9DEE98483A2795DCA3DABEBE364702D1,10743,res/piece/nfy_artifact_skill_icon/ui_shenqijineng_bingqi.png.gz,232773ee10537bc46bb54ef082493f74
255F2EC42CAFDE9AC9F8C1D73FF19BE6,9621,res/piece/nfy_artifact_skill_icon/ui_shenqijineng_bingqi_fight.png.gz,7c74fa15f8bd488f242edd7e6e969d2d
CFD5152DCC9412A5579096559E00112A,11146,res/piece/nfy_artifact_skill_icon/ui_shenqijineng_bingtianxuedi.png.gz,059f0cd9bafc44d0b84fc3de890f5394
DF085E65F1D190E02B05B994D3763D95,8820,res/piece/nfy_artifact_skill_icon/ui_shenqijineng_bingtianxuedi_fight.png.gz,ded2af0f95827fa65715eeed31dccf3a
20AAD8A6339623583CDE0199C31CCAAE,10601,res/piece/nfy_artifact_skill_icon/ui_shenqijineng_buwendingguangshu.png.gz,da2b5146d207cf45ff95e5ce47695482
9D6ABB5ED63FEE4D704228FD67C62905,9907,res/piece/nfy_artifact_skill_icon/ui_shenqijineng_buwendingzhiling.png.gz,a61dc4212c5d9c6ea958ba6b9067d9af
E195263DDD4D7E43CA65F5EE2BE8D718,12002,res/piece/nfy_artifact_skill_icon/ui_shenqijineng_chaodaoyuanneng.png.gz,9143753c2ae43a3906088a5e639d9d31
1994D0407192869255FC4441851985FC,10879,res/piece/nfy_artifact_skill_icon/ui_shenqijineng_chaohejindianzuan.png.gz,f796bf3ff0c9fc3cf9b842f686dbe903
709B70CD9FB8173524ADC51DC04A225C,9382,res/piece/nfy_artifact_skill_icon/ui_shenqijineng_chaohejindianzuan_fight.png.gz,d8d642bda1bf748cc2b15193ff924858
2B9D13F905F5ADCE45CEFCCB6AA5F1D0,11046,res/piece/nfy_artifact_skill_icon/ui_shenqijineng_chaolibuhuo.png.gz,88d64d969cc376385c1b1c69232f8e85
B00FD5CC8D232F8E127CB31A2F0D1312,11151,res/piece/nfy_artifact_skill_icon/ui_shenqijineng_chaosuanzhili.png.gz,36f37014b95d67df9269dc1d17a165c9
082062874513F754BB5D37EC02D554A8,9555,res/piece/nfy_artifact_skill_icon/ui_shenqijineng_chaosuanzhili_fight.png.gz,99be2e6059fb12fc0d421be7aa7cce70
E7ED1BAB600D8C80B1CA32CDB338C408,10258,res/piece/nfy_artifact_skill_icon/ui_shenqijineng_chenfengzuzhou.png.gz,dc4d67510d9b9eb7b8b65605c788bef3
8800587B26196A355FA695491B1A960B,9815,res/piece/nfy_artifact_skill_icon/ui_shenqijineng_chirelianji.png.gz,edcf64813372e8039a4605092b4ccaba
C5CCAD2FB0F39B36C1A1C7679C34F067,11850,res/piece/nfy_artifact_skill_icon/ui_shenqijineng_chiyanmang.png.gz,6915ae66b9bb28512df459af9bb6cb87
E93C1EB1F7EF23FB1DDE704B81FBB8B3,9635,res/piece/nfy_artifact_skill_icon/ui_shenqijineng_chongci.png.gz,2ddb2e02c66040deff233e53514cea03
604BA47ABBBAECB8EE3D66E50A7F0A76,8637,res/piece/nfy_artifact_skill_icon/ui_shenqijineng_chongrubujing.png.gz,dbc349190a9ceef51d3a9062392c021e
2CFE354BBC8DF27732943B77367D77D3,12601,res/piece/nfy_artifact_skill_icon/ui_shenqijineng_ciyuanchuansuo.png.gz,124713d64f47e6bc9455ae788bb71cc2
1C50BFBF482FAEE8D97747E2E703F3E3,9878,res/piece/nfy_artifact_skill_icon/ui_shenqijineng_ciyuanchuansuo_fight.png.gz,fa7c3faef50a9661c3d2d21dfa2e263f
FA58323D3BFA6FB424FCB41FD79F60B7,10154,res/piece/nfy_artifact_skill_icon/ui_shenqijineng_cuicanshanji.png.gz,7853db929f02852252ac1ab9dc8ed098
CEE1A801AD47A8FB99D8B2DB2C5CF5EC,9472,res/piece/nfy_artifact_skill_icon/ui_shenqijineng_cuidushu.png.gz,214d06bcbc33c7fd65f24b5374eab90d
F77907A5D18DF5EE7AFC086B86A71D86,8501,res/piece/nfy_artifact_skill_icon/ui_shenqijineng_cuidushu_fight.png.gz,60562bdbb5b7ff17ad5650edbd04fa4f
E32F78F7B50225D1339FD7EF1387F834,10794,res/piece/nfy_artifact_skill_icon/ui_shenqijineng_damowangdexiaoduandi.png.gz,83180d016c9c34735405edd7082956a6
71E0CF996455D24463ADE6B4C4F376FB,9551,res/piece/nfy_artifact_skill_icon/ui_shenqijineng_damowangdexiaoduandi_fight.png.gz,a0e31fdf1db8b5b8d406771d0cba0ba6
D404389F767C2DDAC145617DFDE00BC3,10320,res/piece/nfy_artifact_skill_icon/ui_shenqijineng_diancijiliu.png.gz,f401fba396256490388a5de6d7cf7a79
3E60980ED9DEA5DCAE61DD478E4EB6C2,11213,res/piece/nfy_artifact_skill_icon/ui_shenqijineng_diaoyugaoshou.png.gz,ccbec0a4f7ece23eb0f242d5b012dd6d
71F23A5B89D6A9631B7053D81E5B8054,8898,res/piece/nfy_artifact_skill_icon/ui_shenqijineng_diaoyugaoshou_fight.png.gz,9dff027edcf5aa8fb22af3c64b673f09
87DCB07D06612A533734F9261B2DA28F,12644,res/piece/nfy_artifact_skill_icon/ui_shenqijineng_dieying.png.gz,d334b1958a8c295887deb9e9a2f38710
B21C30B94E8FE9AF1EE138CF877443F9,9558,res/piece/nfy_artifact_skill_icon/ui_shenqijineng_dieying_fight.png.gz,2e7ebc9c8978d1d10772dd2f0cd5e2bd
4094E57ACF576F033453A643EF43A110,10398,res/piece/nfy_artifact_skill_icon/ui_shenqijineng_dili.png.gz,758c4b59dd804e8621c12f91606aa39b
BF3F6537B2E6A7E66C477AD5097B1716,9275,res/piece/nfy_artifact_skill_icon/ui_shenqijineng_diyade-nuhuo.png.gz,2a01589a600ab78db9ba28ebef4fa386
C33C3CAE753D995A924489F837497F4B,9571,res/piece/nfy_artifact_skill_icon/ui_shenqijineng_diyantanta.png.gz,8e91ef4ffc59a93f40335299dcd2bb19
1C67FDCCC8C36D7AA032EE91A5FB47C0,10268,res/piece/nfy_artifact_skill_icon/ui_shenqijineng_fengyinjiguang.png.gz,2bee4cf21606a6497bfd2d28c7de93f6
04E1C7A5A02B85BD9351BB4288A7082D,9021,res/piece/nfy_artifact_skill_icon/ui_shenqijineng_fengyinjiguang_fight.png.gz,1988632230c5f9ede6354ab496f80026
8957EA9CF8F30316F00751511C74CF71,10417,res/piece/nfy_artifact_skill_icon/ui_shenqijineng_fengyinmineng.png.gz,e129db9d41cb892188d6d7be050ca356
6053A8E44546C3D96EEB0A2F9572B5BA,11611,res/piece/nfy_artifact_skill_icon/ui_shenqijineng_fengzhijiahu.png.gz,c33a62802fa49dcd82e65e95284aeeaf
9C0F0762ADC258547EA1908B2C60164B,9960,res/piece/nfy_artifact_skill_icon/ui_shenqijineng_fengzhijiahu_fight.png.gz,a181dc07a44e32ebc460f7878bc64248
3EAEA324AFFB32DDFDF20F24B49286E3,9125,res/piece/nfy_artifact_skill_icon/ui_shenqijineng_gaowenfengbao.png.gz,f961dea547085115ae09a0dc8efc6fec
69802418B26AFDCA120AA770BBA939AE,11055,res/piece/nfy_artifact_skill_icon/ui_shenqijineng_gaungshixuneng.png.gz,5c969dfb035eef996068068bae11c9d7
CD9DF8121D7EF5C9914A1DF7428E3B49,10294,res/piece/nfy_artifact_skill_icon/ui_shenqijineng_guangshijuneng.png.gz,811706b0641ee67f75e8d2c951bfd7b3
9AF37ED5A32630BC0DB891BB76CC1257,9526,res/piece/nfy_artifact_skill_icon/ui_shenqijineng_guangshijuneng_fight.png.gz,c2c8666cf23f2d3487d80199cdbdb147
29DD4A89F5D0F4F41A7FC20F0903479D,10967,res/piece/nfy_artifact_skill_icon/ui_shenqijineng_guangzibodong.png.gz,67d30c2466a328c6a9a8bce17f2bb30f
F82A5E68849FE8C3541370BDA4C9573D,10070,res/piece/nfy_artifact_skill_icon/ui_shenqijineng_guiyingjianglin.png.gz,e7b7ae6aa90caa887fee7613af11714b
3B6358ED7CE563034F9CCD6C8D2ECA29,10018,res/piece/nfy_artifact_skill_icon/ui_shenqijineng_guiyishengmingli.png.gz,06683a50207bfeeb3c9132f45e9b3d8c
1F6742AD145A1C2232E39BD441E8E10C,8884,res/piece/nfy_artifact_skill_icon/ui_shenqijineng_guiyishengmingli_fight.png.gz,69622aa148650f07ddedfcc2dc529eeb
2C46BA43A646594578CDF4E19302CE7D,11399,res/piece/nfy_artifact_skill_icon/ui_shenqijineng_gulangxiaoyue.png.gz,391e674c3397763febd9b7a119754607
BCF6A266656EA5DBD8594DA16620978A,9056,res/piece/nfy_artifact_skill_icon/ui_shenqijineng_gulangxiaoyue_fight.png.gz,1e72656bec50bf7e2782cb741d3ca56a
32360DE47031E8C74138401BC6A65362,9052,res/piece/nfy_artifact_skill_icon/ui_shenqijineng_hanqifengjin.png.gz,336ba5ac76ee0dfeb044c6ee2f9d51ce
074ED587A7B88FA2828937629568037C,9929,res/piece/nfy_artifact_skill_icon/ui_shenqijineng_heianyinji.png.gz,a181feab29dd8107c70efb817a3a7d70
180AE76E0D1C19C77FBE61C8CE0583E9,9674,res/piece/nfy_artifact_skill_icon/ui_shenqijineng_heisejici.png.gz,6f65e103c7e09586ae8e409b3ba321c5
DB56425C8EB7559D39B5AB1D88851963,8412,res/piece/nfy_artifact_skill_icon/ui_shenqijineng_heisejici_fight.png.gz,c3e0d376d6ad2837b91b5ea1e9ad34ce
A86AFC80FB05F9F06A1FC7533D864543,9531,res/piece/nfy_artifact_skill_icon/ui_shenqijineng_hongseshanguang.png.gz,9ff661b8aad2e6de15f13d043292f084
D45EB2E35FBE53CC684B3207AB85E29F,7450,res/piece/nfy_artifact_skill_icon/ui_shenqijineng_hongseshanguang_fight.png.gz,4441df1fc096748d13c928da140925dc
D9405077D1EA3620561083E864D97018,10795,res/piece/nfy_artifact_skill_icon/ui_shenqijineng_huakaizhitou.png.gz,d81f2db2dea81539969a726be2a07c78
75002F498343843F8168EB62DE7A43FD,7960,res/piece/nfy_artifact_skill_icon/ui_shenqijineng_huichun.png.gz,9fb5bd96698fdfdf0b55d0e6307d4826
A0981A028DD874AA2C750FAA76D94571,10050,res/piece/nfy_artifact_skill_icon/ui_shenqijineng_huiguangfanzhao.png.gz,fa035427deb8565b5fa8cca7a36be199
A372522A11F5095FB9525D0D3662593A,9335,res/piece/nfy_artifact_skill_icon/ui_shenqijineng_huimieyanyu.png.gz,c6d79905af8d175c482754782d88da4c
F81714B3596688D1883413D7D8C5FA7B,8679,res/piece/nfy_artifact_skill_icon/ui_shenqijineng_huimieyanyu_fight.png.gz,65bca628c30ec34f576c1830ac384589
D69E5B8D8EE93D5BA334187767B1250D,11076,res/piece/nfy_artifact_skill_icon/ui_shenqijineng_hunpolueduo.png.gz,ee25b7ab5f2563ae8edce849c94801ab
EFB4C8E5B22A3665CB7CFFB1D822BD0E,10399,res/piece/nfy_artifact_skill_icon/ui_shenqijineng_hutishenbing.png.gz,11fa5a88c3f268f0bf1db33b7322f573
02FF3D423185CA75E5D7B1919F0BB4C6,10577,res/piece/nfy_artifact_skill_icon/ui_shenqijineng_jiaoyi.png.gz,f2ba57194160386799518c9f6200aa0e
1DFFCE691498FE4F7FDD91DF50645289,9011,res/piece/nfy_artifact_skill_icon/ui_shenqijineng_jidongzhiren.png.gz,448ebe3d1916e3fcd72d81deb6bf8c75
B992FCB3A12038BEFE1A8DAB404F693B,8327,res/piece/nfy_artifact_skill_icon/ui_shenqijineng_jidongzhiren_fight.png.gz,e6ea43d691d46b3d14193ca0ca5ff2f6
4BA22B02824088BADD7248926234E75B,10402,res/piece/nfy_artifact_skill_icon/ui_shenqijineng_jimiezhiyan.png.gz,272ee8668fc27ece526917bae64b7b70
DF7E9AEF8B99554E000ADD2C14B37108,9239,res/piece/nfy_artifact_skill_icon/ui_shenqijineng_jimiezhiyan_fight.png.gz,76d32c9512d6b5db9612efb32c1cfcc5
0E183145B0998AAA97A34ABCC68B1D8D,11827,res/piece/nfy_artifact_skill_icon/ui_shenqijineng_jingjicanyang.png.gz,b102f0dd1ff68d90a4b0fa1b702ab895
554EC4E5FB3D73CF72DF8CE67715D540,8888,res/piece/nfy_artifact_skill_icon/ui_shenqijineng_jingjicanyang_fight.png.gz,cb2b08615acc8c2ea02577e3ae5ca3e0
3643C03832CA6C2E57B594382D032488,9621,res/piece/nfy_artifact_skill_icon/ui_shenqijineng_jingjichanshen.png.gz,1a45cd87274eeb26a8c006986b5f32b4
4C4ABF82632597492E563EE8548243E4,10175,res/piece/nfy_artifact_skill_icon/ui_shenqijineng_jingshidunshan.png.gz,e199fdb28b5c248cef9508b7d7b6df13
6D98E68D0502F67BBACBDF5A08F48694,8942,res/piece/nfy_artifact_skill_icon/ui_shenqijineng_jingshihuyou.png.gz,69ff8da81b5f6a1feb532659e91fbc3e
90F87831C1028662FF8BD2EAAAAA1E5C,8568,res/piece/nfy_artifact_skill_icon/ui_shenqijineng_jingshihuyou_fight.png.gz,704c44d6620b08af2469c7d44081c938
4127F6E914CE1E31FF7A95630C64DE94,10689,res/piece/nfy_artifact_skill_icon/ui_shenqijineng_jingyiqiujing.png.gz,e30ff0d26bf6df3b681410cb0cc274fc
41A3526FE0995D0268526BEEDE779C1D,11494,res/piece/nfy_artifact_skill_icon/ui_shenqijineng_jisulengque.png.gz,561995f50519ac808034cb25d9cd3d25
793C27CC1DC5A881B18EF2FA99AB0E5A,8903,res/piece/nfy_artifact_skill_icon/ui_shenqijineng_jisulengque_fight.png.gz,ac9df5cc3cc205e74f868e6951350752
FCB9709CEA94C5EE49519509F10804CD,9091,res/piece/nfy_artifact_skill_icon/ui_shenqijineng_jisutuxi.png.gz,ef601ca2af2cfc79710ca466df41fa1d
B497F3A1B243C5CE1E290A036295BC14,8626,res/piece/nfy_artifact_skill_icon/ui_shenqijineng_juduwuqi.png.gz,f745f354f84d0cd11b39deabd1b528ab
7666E592632D2D4298DE2E783219AADB,9461,res/piece/nfy_artifact_skill_icon/ui_shenqijineng_juduzhiyao.png.gz,fcab75268511129a8a6beb99171548a4
A402B3CAF02FE5F83C55B6E7FBE1260D,8597,res/piece/nfy_artifact_skill_icon/ui_shenqijineng_juduzhiyao_fight.png.gz,a76be80dacf75d3aad41728ceb9237f3
F4388FDD24D7C66EE9432C6F79E223EF,10718,res/piece/nfy_artifact_skill_icon/ui_shenqijineng_kuangbao.png.gz,f372ac3cf6a69e72012183e8bfdfe3c0
43D3EF1C1D444C47460632B04BA953CF,9206,res/piece/nfy_artifact_skill_icon/ui_shenqijineng_kuangbao_fight.png.gz,709e1e62bc2f31c05f82bdb94789ea04
E7924AF26ED887D2ECC5DF708E315BDD,7609,res/piece/nfy_artifact_skill_icon/ui_shenqijineng_kuangnufuchou.png.gz,8262822cb0323ce69ff38836994fbc6c
BB116BEA5B20B03C8A363DF7BFDB220F,7146,res/piece/nfy_artifact_skill_icon/ui_shenqijineng_kuangnufuchou_fight.png.gz,b2928532080c9d63b974a373dcbdde9d
439D6DB171CE50C530F71DC412B4A1B4,9781,res/piece/nfy_artifact_skill_icon/ui_shenqijineng_langhunshixue.png.gz,3c5ab038067c405c2e617cc5bcf8455f
98081A0FAFFC422ADC3BA6C7FAEEC029,8317,res/piece/nfy_artifact_skill_icon/ui_shenqijineng_lanyanyujin.png.gz,84053221d56e1cd93259e7b70445037c
E512D315075ADCF83E9DF1021C123CE5,7944,res/piece/nfy_artifact_skill_icon/ui_shenqijineng_lanyanyujin_fight.png.gz,0a789a57a9cdd213982ff5e92a8b150c
66A33539E932AC92DABC4167BE26090B,10193,res/piece/nfy_artifact_skill_icon/ui_shenqijineng_leiting.png.gz,c0e2ed7adb82e1d7eecad5642632f6c9
4A3E4244959A4804BEDA55528EF00C2F,11209,res/piece/nfy_artifact_skill_icon/ui_shenqijineng_leitingdianyan.png.gz,5abbb58b89729165631b42b47fcb44bf
E639D0A686D6FD67FE7309A765E9B224,10148,res/piece/nfy_artifact_skill_icon/ui_shenqijineng_leitinglingyu.png.gz,73a01fd9d7f0bb089388f7f0abb4220c
625E9E0DA80A5B68C50DB9E843C960F1,9011,res/piece/nfy_artifact_skill_icon/ui_shenqijineng_leitinglingyu_fight.png.gz,9aec8aab9c68e37efa42a8ac6c87228d
F767A1BA24FFF4D204EF20B4F7029AFE,10307,res/piece/nfy_artifact_skill_icon/ui_shenqijineng_leitingtongji.png.gz,693b9555fc163adf0d5a1907e79e99e6
779400BFB86E1845DA5620E2E2D569A5,8369,res/piece/nfy_artifact_skill_icon/ui_shenqijineng_leiting_fight.png.gz,468a883a658c35eb7bcfbf88b19447d4
3DF860D87B33B6989C42E28860648E6F,7662,res/piece/nfy_artifact_skill_icon/ui_shenqijineng_liangzizhuanhua.png.gz,a99156f1fdd63462904116bbae26a0f7
EB97B2B19215D14B4D8E41C7BA763FBF,10298,res/piece/nfy_artifact_skill_icon/ui_shenqijineng_liujinjimiezhiyan.png.gz,1a53fca77831a7daca422d375e039a99
1F1F2A07934E5D9481C4E5DA41333801,9469,res/piece/nfy_artifact_skill_icon/ui_shenqijineng_liujinjimiezhiyan_fight.png.gz,cdc76797a17af3448477b6f0ab83ce6a
37F77D5E9219D86DFCCA1E4EE7B0295C,8057,res/piece/nfy_artifact_skill_icon/ui_shenqijineng_longteng.png.gz,b0517a564fac76c3f27fc5dc808c33b0
59FEFA66D13C12A7DE236AF971B86A4B,10345,res/piece/nfy_artifact_skill_icon/ui_shenqijineng_longwei.png.gz,b646f1df5a7e22bbcb757991c8373a22
D60389969EE744F8240BF95456CF1365,9094,res/piece/nfy_artifact_skill_icon/ui_shenqijineng_longwei_fight.png.gz,622d67a04b54509de037589d960b5bb5
5106A9C85873502C54E9954DDC3812AA,9167,res/piece/nfy_artifact_skill_icon/ui_shenqijineng_luoyingzhan.png.gz,5aefabd7795b45ac43f3f8acb011a04e
5E6C32328852AB752ECAF66D26412422,10846,res/piece/nfy_artifact_skill_icon/ui_shenqijineng_minyan.png.gz,58518beb235dd8b391a5637c39dafa45
94C30091DC58C527A6446D99E8474850,9371,res/piece/nfy_artifact_skill_icon/ui_shenqijineng_minyan_fight.png.gz,ed9a2549bbf0750c5a33aa62cf3e0a76
87ACAD0A431C90DB4C53033E6BDCBCDA,10248,res/piece/nfy_artifact_skill_icon/ui_shenqijineng_molijiqu.png.gz,188b3d8638767b6ce40929c0a60f105e
DD9486E9C87EF38CDE303F3E70AFEDA3,10604,res/piece/nfy_artifact_skill_icon/ui_shenqijineng_moshenyehuo.png.gz,5d835a91e45ac547c52b35a3948959b0
9484D36AC53B9C4A9FFCCEEABF2AA9F3,11218,res/piece/nfy_artifact_skill_icon/ui_shenqijineng_moshenyinji.png.gz,e9a843ed98636f544ea21f05a02ded7c
66FCB4F4929322AE90508E6F93D5315E,8776,res/piece/nfy_artifact_skill_icon/ui_shenqijineng_nengliangjieliu.png.gz,f7c88014b419e99cdf4d83334084cd61
E7AB2C10CB106D2CA37E1B27847956A2,9522,res/piece/nfy_artifact_skill_icon/ui_shenqijineng_nengyuanjingshi.png.gz,7e6c13dee971dc2b2ca3462d18283f1d
F81F62B904E3DFD940C788D3B5FA32DD,8412,res/piece/nfy_artifact_skill_icon/ui_shenqijineng_nengyuanjingshi_fight.png.gz,704e05e5df1d02734c0809a363f5da12
61339931D750241119E68A1BEB0C364B,6448,res/piece/nfy_artifact_skill_icon/ui_shenqijineng_nizhuancaijue.png.gz,63661f41a0d21e6210c174f2f5534369
BD854AE935DA3CB3C4F396D5F008D9BB,6644,res/piece/nfy_artifact_skill_icon/ui_shenqijineng_nizhuancaijue_fight.png.gz,862a0a069d67f648a391807dc2199405
B25135BE437E3108922C21EF7ECC0C6B,9784,res/piece/nfy_artifact_skill_icon/ui_shenqijineng_qiegeguangxian.png.gz,4caee773d23479725ea6921b25f0afe8
001F288B17B45C0F3BBD9025D155DFD0,8583,res/piece/nfy_artifact_skill_icon/ui_shenqijineng_qiegeguangxian_fight.png.gz,96aa2dacd5c6b2e54796bb39787fd0ef
190E09833271668898D024C771FE0C2E,8793,res/piece/nfy_artifact_skill_icon/ui_shenqijineng_qingtongzuzhou.png.gz,e11a9ed2c147748ddb65496f91e3808d
30E6A9919BE96067DEA2D5FFB9D084B0,7972,res/piece/nfy_artifact_skill_icon/ui_shenqijineng_qingtongzuzhou_fight.png.gz,3e6afc0bd64bbdd17ec643a83212080c
7D1C9652A3E61F578A9B6489ED098CE4,11249,res/piece/nfy_artifact_skill_icon/ui_shenqijineng_qintidianliu.png.gz,db4ddcb1eeb08f96020a99a12acc7faa
E540DAC5236DECC94B97262748401840,9549,res/piece/nfy_artifact_skill_icon/ui_shenqijineng_qunxing.png.gz,2f1ca0f605c2c53e3ab887bd18495fd8
367F3BB2202D33954C61B7372A323B0F,8838,res/piece/nfy_artifact_skill_icon/ui_shenqijineng_qunxing_fight.png.gz,e849d7c3fbf86639aded7e2d07207247
9BC09EB89DC86AE0BEC3D642C6E51830,10182,res/piece/nfy_artifact_skill_icon/ui_shenqijineng_renjin.png.gz,07a033dc50d8d3fabb2500527556b141
17AF07DB1BDCCDC9903CC2C27D0E1E49,12479,res/piece/nfy_artifact_skill_icon/ui_shenqijineng_rongyanpenfa.png.gz,743298288d2a0b3400443c68a09a10ad
34B725F291C3DF22F87F27355381AE57,9414,res/piece/nfy_artifact_skill_icon/ui_shenqijineng_rongyanpenfa_fight.png.gz,23e6e5db62ff74e0b3da0ae7a9c3bd43
5AA68BFD6465A1318232699D5770DCAC,9237,res/piece/nfy_artifact_skill_icon/ui_shenqijineng_shandianfengbao.png.gz,cd06941d6b867717dcc3728a4c28054a
2510A6055E660821D9A02A2848F40DAB,8368,res/piece/nfy_artifact_skill_icon/ui_shenqijineng_shandianfengbao_fight.png.gz,a330f26b6d98da4572f64f4d8735c9cd
83F0C939F1FD01C1BE7DB0F6A3F324EA,10639,res/piece/nfy_artifact_skill_icon/ui_shenqijineng_shenbinghuanxingzhui.png.gz,aef7f7434ba530578ea3234ce217d43c
2CAEE8F19FD15849BA3AFF3558C3A825,8837,res/piece/nfy_artifact_skill_icon/ui_shenqijineng_shenbinghuanxingzhui_fight.png.gz,3a390614179b624e248037310ce038dc
3F642565439D60478B4B6C925B8A940A,10585,res/piece/nfy_artifact_skill_icon/ui_shenqijineng_shenfayinji.png.gz,866436974fd727255c0b18b55e409965
EE6704A9A9CBB4893CD45C1FA24FD023,12558,res/piece/nfy_artifact_skill_icon/ui_shenqijineng_shenxuan_baiguiyexing.png.gz,1c5edc5a33f2a61aed7d51acf5703673
52DEDA748918F1AE74A43A0971DCA594,11306,res/piece/nfy_artifact_skill_icon/ui_shenqijineng_shenxuan_baolimeixue.png.gz,ba665080680d74865e103304ad9ff5a5
4EAD5E116057B2B64AD6027B56C08ADC,13592,res/piece/nfy_artifact_skill_icon/ui_shenqijineng_shenxuan_bingqi.png.gz,7681c3cda6762fbd6585c88196932c90
F54C5C505FE33C9FC66823AD67C46E1A,12130,res/piece/nfy_artifact_skill_icon/ui_shenqijineng_shenxuan_bingtianxuedi.png.gz,42f2d538dfd05d0efeb27ab20b681809
5DC77E378BF63BDB887A13F6EA684DF2,13171,res/piece/nfy_artifact_skill_icon/ui_shenqijineng_shenxuan_buwendingguangshu.png.gz,f0067a9fd41c3ae49b2a1085862b8941
9B94BDDAFF531646D5A749D5C77B2673,13093,res/piece/nfy_artifact_skill_icon/ui_shenqijineng_shenxuan_buwendingzhiling.png.gz,e51298585272ce6b30f7039a5499cbd4
CA750DFAF51149406568AC4154B5378D,10451,res/piece/nfy_artifact_skill_icon/ui_shenqijineng_shenxuan_chenfengzuzhou.png.gz,31e9d66f9cc0f789eae726bbb9ed5c6b
B5889D633B26BD208FF065F20265B23E,11101,res/piece/nfy_artifact_skill_icon/ui_shenqijineng_shenxuan_chirelianji.png.gz,bebf96e0825a774a2c652b2c76bdebe5
CC448924704DF181A76B54429F9C1AED,12363,res/piece/nfy_artifact_skill_icon/ui_shenqijineng_shenxuan_chiyanmang.png.gz,ce8027126983b2b4e46c59de1bfcf21c
DF98ECA5AD6F8BC2068AFCDADB88C54F,9998,res/piece/nfy_artifact_skill_icon/ui_shenqijineng_shenxuan_chongci.png.gz,ffdcf80a6a775d2f952c8726f04048f8
E8C25F6974CD41DB499B34FBB222D6F5,9981,res/piece/nfy_artifact_skill_icon/ui_shenqijineng_shenxuan_chongrubujing.png.gz,2507cc0fa58d6e3e48fe7da0ee810cca
FEDACF31D6F972BAC19031E27F4D684B,12496,res/piece/nfy_artifact_skill_icon/ui_shenqijineng_shenxuan_ciyuanchuansuo.png.gz,e65fb52fd7b4b0aa7763de4f623beff4
B929593AAFF160514E599640207AD680,10290,res/piece/nfy_artifact_skill_icon/ui_shenqijineng_shenxuan_cuicanshanji.png.gz,548dbe339be6f36d264be5d173779adb
5E41184F8F472D10075A1839DD3D43AC,11002,res/piece/nfy_artifact_skill_icon/ui_shenqijineng_shenxuan_cuidushu.png.gz,9ac61703c275a5910124fdc07ee95e6c
76601326CA0D8D5ACBC39307BB7CE91D,12604,res/piece/nfy_artifact_skill_icon/ui_shenqijineng_shenxuan_damowangdexiaoduandi.png.gz,627118c2a914cfd122163e975f3faaca
06007861BEF31B549A20471C9269BE4D,12583,res/piece/nfy_artifact_skill_icon/ui_shenqijineng_shenxuan_diaoyugaoshou.png.gz,8937d2779043cf80aa6325880db61e22
33E1BA95435D07B2A3F11A2EC1A26E69,12371,res/piece/nfy_artifact_skill_icon/ui_shenqijineng_shenxuan_dieying.png.gz,a4d37c387cbdb1411e70ebc9f8d0d5ce
2D3A6A3D6A3BB1E862BFB16439233CF0,10909,res/piece/nfy_artifact_skill_icon/ui_shenqijineng_shenxuan_dili.png.gz,33ae17c0c79c9e34dfcde392aee24b3d
8795A2F9D98E2E55D43BBF27852823BB,12631,res/piece/nfy_artifact_skill_icon/ui_shenqijineng_shenxuan_diyantanta.png.gz,66b22cbf4a140b237a047cb0648c2538
EA86F88BA784F8E31CB66569CA49D59C,14705,res/piece/nfy_artifact_skill_icon/ui_shenqijineng_shenxuan_fengzhijiahu.png.gz,26114dddaf16e3cda3310d12fef6390d
D48F5C92DDE5B90DB64FFCA72B0FF2CB,14613,res/piece/nfy_artifact_skill_icon/ui_shenqijineng_shenxuan_guangshijuneng.png.gz,c4a2fbf6f8d5be0203c903591b49c067
40B28D2E361267C7EC1D04BC45277934,11715,res/piece/nfy_artifact_skill_icon/ui_shenqijineng_shenxuan_guangshixuneng.png.gz,f6ee0c55b68d74a5b64671104bd6ddd1
281B0B11279F94B27412DF89FC8BF577,12442,res/piece/nfy_artifact_skill_icon/ui_shenqijineng_shenxuan_guiyingjianglin.png.gz,4168aee6e96f6d1ec4fc713762a9043e
433821C16B1747A5B1A90EDA4B1987C8,12707,res/piece/nfy_artifact_skill_icon/ui_shenqijineng_shenxuan_guiyishengmingli.png.gz,173988a7892786cdbc8aef8074f11eff
80715BF8B18B9C5DD7B153943F1E9ACE,11664,res/piece/nfy_artifact_skill_icon/ui_shenqijineng_shenxuan_gulangxiaoyue.png.gz,ec89e82aafb35bd35a6da392ab09f044
BF36830A69DDBD337B461805E2628030,13664,res/piece/nfy_artifact_skill_icon/ui_shenqijineng_shenxuan_hanbinghuti.png.gz,f47a58f501761f0091935a9f66f756d6
1EE9566CFEC2DD8AE67328A4DA966A5C,11536,res/piece/nfy_artifact_skill_icon/ui_shenqijineng_shenxuan_hanqifengjin.png.gz,915c1c90c049a76c6fbd05dbf2173f43
2F37B665244231FDFE719CE92A5CA262,11587,res/piece/nfy_artifact_skill_icon/ui_shenqijineng_shenxuan_heianyinji.png.gz,d306c799193239f42671ac5eb38b6bf9
6B0F30F8A89824F759AA1A75C1F891E1,11501,res/piece/nfy_artifact_skill_icon/ui_shenqijineng_shenxuan_heisejici.png.gz,0cc38c02c5af47a0620518c7c18fb0e3
DC77D8AA0A7A3D0AF82C3FA3095180FA,11681,res/piece/nfy_artifact_skill_icon/ui_shenqijineng_shenxuan_hongseshanguang.png.gz,ff29b9b3f64fae12608439a3867e96a4
B3E7C6538F137E7CC998AC7DE8ACC53C,13153,res/piece/nfy_artifact_skill_icon/ui_shenqijineng_shenxuan_huakaizhitou.png.gz,14d8799aa39e08b35082f97db3e1bb7e
66CF5E666FEDB085653C612339B99EB4,8164,res/piece/nfy_artifact_skill_icon/ui_shenqijineng_shenxuan_huichun.png.gz,894c4fa13644f440d6116e0da9ab9c59
50CF4D7CFDA3E6019FDF2A80A47DA759,12545,res/piece/nfy_artifact_skill_icon/ui_shenqijineng_shenxuan_huiguangfanzhao.png.gz,020c3399c181e80b803f86e4c55ce1ca
2BBE7CDF448EA4C4F136EAC25E20DA5C,12617,res/piece/nfy_artifact_skill_icon/ui_shenqijineng_shenxuan_huimieyanyu.png.gz,435c999d1c602cdd47ee5f3c00d8cd97
8BE43795DB18128A21109594D5DA8F78,13631,res/piece/nfy_artifact_skill_icon/ui_shenqijineng_shenxuan_hunpolueduo.png.gz,18a66c35064ff6cdbffd2f2a4de88721
5BD25910B2E772D81D8319718A816393,11133,res/piece/nfy_artifact_skill_icon/ui_shenqijineng_shenxuan_jiaoyi.png.gz,74a83228a1a8fc47a4a1deb38abb32f5
710B6E0CDEDE8535F859F1A04F076935,11744,res/piece/nfy_artifact_skill_icon/ui_shenqijineng_shenxuan_jidongzhiren.png.gz,4de3b19338d9a1e6bce659de2b410f6e
D98225A9B23612611D416C794AAE3649,12530,res/piece/nfy_artifact_skill_icon/ui_shenqijineng_shenxuan_jingjicanyang.png.gz,eb36a865a754c909d775f7525127126e
78F61287F356137558D5D71D20E7A66D,12145,res/piece/nfy_artifact_skill_icon/ui_shenqijineng_shenxuan_jingjichanshen.png.gz,e6575159cbc86b86dc01481aa170c494
CE45C90622427D01FAE79DF39FFE2B66,11559,res/piece/nfy_artifact_skill_icon/ui_shenqijineng_shenxuan_jingshidunshan.png.gz,93084d896d0e2d9657775be514fac151
B16BDB59411EC8D429CDB48CDCDF522D,10731,res/piece/nfy_artifact_skill_icon/ui_shenqijineng_shenxuan_jingshihuyou.png.gz,6e0b052f795c3219ae2420ee30a68b3e
AFDACD7692F130BF58A8B4247EF58B08,12565,res/piece/nfy_artifact_skill_icon/ui_shenqijineng_shenxuan_jingyiqiujing.png.gz,d3f8d0c74cc2cae6f60caccd7ac141cf
F6ADF260CDDA622792F4201CCCFD3DAC,12120,res/piece/nfy_artifact_skill_icon/ui_shenqijineng_shenxuan_jisulengque.png.gz,6aa308692d637358414aeacb3ac83ba1
B325B447DB7F4D548A70515AA3347254,12248,res/piece/nfy_artifact_skill_icon/ui_shenqijineng_shenxuan_jisutuxi.png.gz,557d0d7f5e23cccd3c05baeda972a417
19722F478F158A1BCE84E025C60764B6,11342,res/piece/nfy_artifact_skill_icon/ui_shenqijineng_shenxuan_juduwuqi.png.gz,79ae559a74d3e06f7f8557e02f7463e2
F660DD3F1159111CD6A8DC1B4C4C7917,12316,res/piece/nfy_artifact_skill_icon/ui_shenqijineng_shenxuan_juduzhiyao.png.gz,31d04f425419ff17db7031bb8d40fa9b
DCDCD520DC08990E0CDE1B5F516F1117,12896,res/piece/nfy_artifact_skill_icon/ui_shenqijineng_shenxuan_kuangbao.png.gz,e464210175492eb236e486907d018e6c
DDFB8D761E1B07172D8505E2BCE6CBCF,10298,res/piece/nfy_artifact_skill_icon/ui_shenqijineng_shenxuan_kuangnufuchou.png.gz,5c94f05e0fd2ceb75a972f6f2db77447
66855C0FD2CF8A7D4D33A08136A38312,11718,res/piece/nfy_artifact_skill_icon/ui_shenqijineng_shenxuan_langhunshixue.png.gz,98d0e0a29e42bb2fb0d226baf04566d2
46126B938D476EA2D4A39993EF2604CE,11071,res/piece/nfy_artifact_skill_icon/ui_shenqijineng_shenxuan_lanyanyujin.png.gz,a96ed41a564b7b54d7a476cc454b9a94
3FD2A89F875962B0756DCF74545FE5E4,11896,res/piece/nfy_artifact_skill_icon/ui_shenqijineng_shenxuan_leiting.png.gz,5a43b53bf62221419b9be72c3d2138be
975BD6018329FC1A0AFB4CF19BDF5575,14098,res/piece/nfy_artifact_skill_icon/ui_shenqijineng_shenxuan_leitingdianyan.png.gz,9ffebd58b1714a0dc1ea7cd34f49bdae
EA53BFEF511FC316696D1A69984544FF,13074,res/piece/nfy_artifact_skill_icon/ui_shenqijineng_shenxuan_leitinglingyu.png.gz,3d494e4242f3dca258a783c29e025803
BAF1A1C0B6D52B9C121D4F34927B725F,13106,res/piece/nfy_artifact_skill_icon/ui_shenqijineng_shenxuan_leitingtongji.png.gz,a60a3baf2a6e3d39eb84aa10ec5f365b
B56C70C57A52FA6167FE7DF5E9D35725,9040,res/piece/nfy_artifact_skill_icon/ui_shenqijineng_shenxuan_liangzizhuanhua.png.gz,e7db888924fd00c1beb4a708d595de79
55989B927D1EFECFE1590C3A8E484AD2,10054,res/piece/nfy_artifact_skill_icon/ui_shenqijineng_shenxuan_longteng.png.gz,8296276e7731ba6d206825f477cef3b3
EDDB110864C4A03D663D71A97A5BC93B,10732,res/piece/nfy_artifact_skill_icon/ui_shenqijineng_shenxuan_longwei.png.gz,9ca7f3c5b71f2cfc9461ef3cdc4048eb
CA2E249A89167AD5C59FF01CF91A6158,10320,res/piece/nfy_artifact_skill_icon/ui_shenqijineng_shenxuan_luoyingshan.png.gz,4c4bfe49b435bb231d050e1f7b5aa439
02E1EE0323EE347586FB4926DA161718,12686,res/piece/nfy_artifact_skill_icon/ui_shenqijineng_shenxuan_minyan.png.gz,ba5670d07f22fb49981f857768ad81cd
C67F683874E41F18A4DC89E3420A54A6,11391,res/piece/nfy_artifact_skill_icon/ui_shenqijineng_shenxuan_molijiqu.png.gz,cbe4cbbe583ea1c66598d605bb0538c7
64EE68D55667CDBBF262130178FD29A2,9185,res/piece/nfy_artifact_skill_icon/ui_shenqijineng_shenxuan_nengliangjieliu.png.gz,c2b3c4611590edc9342b34738ea9bd4c
93C7118A6DC42426A83232319747D225,11226,res/piece/nfy_artifact_skill_icon/ui_shenqijineng_shenxuan_nengyuanjingshi.png.gz,6a0b9528406ba61506d0c23ef8329a36
860AD8AC3C2030982F8D7C4EE011D2F2,9721,res/piece/nfy_artifact_skill_icon/ui_shenqijineng_shenxuan_nizhuancaijue.png.gz,b124bfddde488ce12513b6a9b180e533
4EC6D4EF9E03593C5D96EECFBCE78996,10289,res/piece/nfy_artifact_skill_icon/ui_shenqijineng_shenxuan_qiegeguangxian.png.gz,ce032ca764b416ece417c0cefa0e69a3
E05FD2E049BBFA4E26F079D45341108C,11453,res/piece/nfy_artifact_skill_icon/ui_shenqijineng_shenxuan_qingtongzuzhou.png.gz,4cebcc50b55ff1a01c521f226ecd3020
7DD66B9F68CC69F29E8BEBC5524DEDA4,12150,res/piece/nfy_artifact_skill_icon/ui_shenqijineng_shenxuan_qintidianliu.png.gz,098a9b2e1e95c115fd9950b8175ddc6e
6F2119F7C65DB1795DF4317FA435E252,12433,res/piece/nfy_artifact_skill_icon/ui_shenqijineng_shenxuan_qunxing.png.gz,e3f1623c3d29a881fcadbc931fe73a5c
1A7117A9A83B73B7A5BD89248069424D,11183,res/piece/nfy_artifact_skill_icon/ui_shenqijineng_shenxuan_renjin.png.gz,134da5cddd36446f019e90834d6deb30
A62408A9A964ECBFD8527B49C379DA92,12943,res/piece/nfy_artifact_skill_icon/ui_shenqijineng_shenxuan_rongyanpenfa.png.gz,50baa7e7798866f92a2aa242ff5e75ed
F2A56DFA407C4314A50EA07DDC632B2A,11438,res/piece/nfy_artifact_skill_icon/ui_shenqijineng_shenxuan_shandianfengbao.png.gz,87b16bb4c901c7ffe33b8de2e3d1c7d0
900FAC3B3E47BB4C8667EB61B2FFFC51,11973,res/piece/nfy_artifact_skill_icon/ui_shenqijineng_shenxuan_shenbinghuanxingzhui.png.gz,48fee91c4565d4a5dd6fa523b848a5af
939DCFE0BDAE6D0B63CDEC385375F948,13174,res/piece/nfy_artifact_skill_icon/ui_shenqijineng_shenxuan_shenfayinji.png.gz,a5b6b1ecdbd62893f32b436fc2da199c
CD0766A8CCA4EC11FEB96CFB0B697A4C,13287,res/piece/nfy_artifact_skill_icon/ui_shenqijineng_shenxuan_shibingkuangyong.png.gz,a977e0992f872bfad1e800199658d25c
5411AEC67A88AAA2ACB1FF32F7362A2B,12336,res/piece/nfy_artifact_skill_icon/ui_shenqijineng_shenxuan_shiqianglingruo.png.gz,1e17f60d2527c44445227f183b34b3b8
DBBC7A4BD1A8228F6E1F5CEDA5E8A2D0,11534,res/piece/nfy_artifact_skill_icon/ui_shenqijineng_shenxuan_shixuekuangre.png.gz,8f4d41aa57b90578645aae5d77fb7814
6242A16A583E13D58AFC94914FC1131A,10081,res/piece/nfy_artifact_skill_icon/ui_shenqijineng_shenxuan_shougezhe.png.gz,50ca386f9e6b97534f6a05026be5c0eb
3D4AB78127E7923D0047CBF4B22142BF,12296,res/piece/nfy_artifact_skill_icon/ui_shenqijineng_shenxuan_suiranshishenshi.png.gz,013eb7dc5e7e82610fa9d1281941de59
3CA6A05A315E46798725B7026D2D8301,12330,res/piece/nfy_artifact_skill_icon/ui_shenqijineng_shenxuan_suohunzhe.png.gz,1f6d4cadbfbf77552909b4bedfe8c1b5
837439546E0291295B348A3BB1D9D769,9497,res/piece/nfy_artifact_skill_icon/ui_shenqijineng_shenxuan_woyiweijintianxiayu.png.gz,21c53ffbb5716fac2082843c2ed4bba0
72144793C5EA7DFC29C8D10E0A9AF163,10062,res/piece/nfy_artifact_skill_icon/ui_shenqijineng_shenxuan_xianyueguanghua.png.gz,687d8cc7fef4d9088aa527cf8b743c2a
E4EA90101BE9BF86F195C53405EE050E,12615,res/piece/nfy_artifact_skill_icon/ui_shenqijineng_shenxuan_xianyuexinliu.png.gz,d88652ef34652fefc9696e447f17bf40
A377E3B86D8937207C353F66BC9CD86D,8754,res/piece/nfy_artifact_skill_icon/ui_shenqijineng_shenxuan_xiaoyuan.png.gz,539f47b2244327f11a1c759e0bc56a84
4C00E58A6C0D09CBEFBF8D6980B18A25,12192,res/piece/nfy_artifact_skill_icon/ui_shenqijineng_shenxuan_xingjiezhanshou.png.gz,0bdab902ce9cec31fea281cab4359f10
55C37F765E6F0F0F8A38CACDEC10B454,11999,res/piece/nfy_artifact_skill_icon/ui_shenqijineng_shenxuan_xuepu.png.gz,d18dcf53826b7da804ddc4d354d83046
0FDBEEFDE31A96C8F4B54CB5CD15C73E,14113,res/piece/nfy_artifact_skill_icon/ui_shenqijineng_shenxuan_xuesehexin.png.gz,8c3dbc4ceaec047555b7d872ef7404a0
69070DBA3C130982A25D95DBB7E8796D,10671,res/piece/nfy_artifact_skill_icon/ui_shenqijineng_shenxuan_xueseqiege.png.gz,dbd34a1e162f08efa91f3f0be65bf684
3C7A0DA5782D152189A809AF068D733B,9208,res/piece/nfy_artifact_skill_icon/ui_shenqijineng_shenxuan_yanzhili.png.gz,0c7a77bfc22e148d3e2992ff7d8992a8
26EEC799E9B526AC0A31BAFCDD473880,9251,res/piece/nfy_artifact_skill_icon/ui_shenqijineng_shenxuan_yingluomanting.png.gz,0ac0c8148d1affb9dbb433f1525c730f
00C44B4F8570E216CB225F86FC7527C8,12679,res/piece/nfy_artifact_skill_icon/ui_shenqijineng_shenxuan_yisekuangbao.png.gz,2f5270aaed689b0e5d0acb1a84daf36a
6F177924E41522FC35B0D8E847F3659D,9112,res/piece/nfy_artifact_skill_icon/ui_shenqijineng_shenxuan_yongbing.png.gz,cff01e171f93fb55ebbfa89ead2bca52
236BF1B68AEBB34A436532F6BC738552,10942,res/piece/nfy_artifact_skill_icon/ui_shenqijineng_shenxuan_yongbingbenneng.png.gz,67096b9ba996debbb202ce712ad318c9
AC7265E6805CC180FCE277544D85CFE8,11085,res/piece/nfy_artifact_skill_icon/ui_shenqijineng_shenxuan_youlanshishazhe.png.gz,d480b7e0b268deefbc35f27c92fcd241
5BE5A624E1393C09997B6D526BF09B51,13660,res/piece/nfy_artifact_skill_icon/ui_shenqijineng_shenxuan_yunshizhaolai.png.gz,1de634737ba0451870920481a2af6371
9C0C05FBEC3D15156F23787FFD4D2896,11080,res/piece/nfy_artifact_skill_icon/ui_shenqijineng_shenxuan_yushibujue.png.gz,7159a887d92570c17ed418c0989108e2
A3986998BCA4D891926239F94144DA99,10563,res/piece/nfy_artifact_skill_icon/ui_shenqijineng_shenxuan_zhanying.png.gz,233ab6fa499c3674cdd665cdb3b7ae34
4DB06370946C248446C8163404B98982,10394,res/piece/nfy_artifact_skill_icon/ui_shenqijineng_shenxuan_zhenzhenxiafeng.png.gz,fea334a5088fb8a9e266e1c4ba75c94d
CD8B1D8F8050678205712DBED72802F3,10841,res/piece/nfy_artifact_skill_icon/ui_shenqijineng_shenxuan_zhigaoshengfa.png.gz,0945c4db6521028b5d5ec6533afd1290
3B884C124C6B2DD1F7D2A237B8B4ACBF,11296,res/piece/nfy_artifact_skill_icon/ui_shenqijineng_shenxuan_zhilinggongji.png.gz,5f859ffb88e15ea545fec0c2bce29786
4211CFD672D3B6E39C084A7584E84D97,11204,res/piece/nfy_artifact_skill_icon/ui_shenqijineng_shenxuan_zhongjieyiji.png.gz,b814b4db3b4a7c9a2608f123d3de6187
4B1FFC3014B07E1B6CC663CB257E11EB,11457,res/piece/nfy_artifact_skill_icon/ui_shenqijineng_shenxuan_zhuiliebenneng.png.gz,4cd0ad9e14d8a569906c4684ffa845ba
303394ED85BA8B40D889AEAD7A4A1101,11180,res/piece/nfy_artifact_skill_icon/ui_shenqijineng_shenxuan_zhujinghuiju.png.gz,32096a97883d4d99341d0b856a0bebe7
F4B479B969C0796B6B1FB1349142FB40,11432,res/piece/nfy_artifact_skill_icon/ui_shenqijineng_shenxuan_zhujingjiachi.png.gz,bec5efa123ff17c2bd7a6784b4285534
F57648D47124DD00ACE5EBFE07801EF9,11567,res/piece/nfy_artifact_skill_icon/ui_shenqijineng_shenxuan_zhuorechongji.png.gz,0231f861735f517948fdd84457ab0c2f
15CB3D7296AC4A2DBD23E00A31CB4C13,12605,res/piece/nfy_artifact_skill_icon/ui_shenqijineng_shenxuan_zhuorelieyan.png.gz,4020963a03888b51ce5123bfdaef4455
51BAA073F1AD2C653CE221EF5BE055A3,13192,res/piece/nfy_artifact_skill_icon/ui_shenqijineng_shenxuan_zhuoshaozhuijia.png.gz,51ed453d963b84631cc9e5ca0b76f638
F8FD811D97BBE7E1A1AE2A5E7220C3ED,10566,res/piece/nfy_artifact_skill_icon/ui_shenqijineng_shenxuan_zidutong.png.gz,ed13d47461f999daad3b08afe40387c1
9A1A9C9042311E466A20F3BFF807A91A,10522,res/piece/nfy_artifact_skill_icon/ui_shenqijineng_shibingkuangyong.png.gz,a7a9fe208df676e455a5c897dc333d42
3A68ABEE44F8C9AA1173FF4F2BFA42D5,9969,res/piece/nfy_artifact_skill_icon/ui_shenqijineng_shiqianglingruo.png.gz,16a0a739f0ddede867d99b6cb566fa7b
6E8B8CFF1E6F1053A73EF44E94A7924E,9723,res/piece/nfy_artifact_skill_icon/ui_shenqijineng_shixuekuangre.png.gz,c11fc7285335a4235e4bc14c222d2eac
648F826B66BC24655E882825915FF2BF,11410,res/piece/nfy_artifact_skill_icon/ui_shenqijineng_shougezhe.png.gz,b3869e35c8d05a7b44523ddb9678e0b2
6021F4847CDD45CC835DE9C86B1D2446,9025,res/piece/nfy_artifact_skill_icon/ui_shenqijineng_shougezhe_fight.png.gz,3be0f44652632daa1365dec37ed74529
E328BC0485880385B47449BD05911912,9691,res/piece/nfy_artifact_skill_icon/ui_shenqijineng_suiranshishenshi.png.gz,9894ea331675357b32f2cb43c42791bc
CAE493426504CCABB96E214A96822220,8726,res/piece/nfy_artifact_skill_icon/ui_shenqijineng_suiranshishenshi_fight.png.gz,50d9aca989c2274483bafb35f731d208
698A72C5F9FC1EDCA9DCA83AB53B398B,10636,res/piece/nfy_artifact_skill_icon/ui_shenqijineng_suohunzhe.png.gz,a023dbd8e1b51bcf2f6283d30f90cfd1
FA0C822B39CFAFB3F8120BDEEF6AD7EB,9158,res/piece/nfy_artifact_skill_icon/ui_shenqijineng_woyiweijintianxiayu.png.gz,7617a19bda13e4f5731c0fcd120ea15c
C69055F293C98169E53C5161D5196396,8016,res/piece/nfy_artifact_skill_icon/ui_shenqijineng_woyiweijintianxiayu_fight.png.gz,f0b268de52cff4d0dbe17bd7b3da044b
73051134ECE70DD9CA48D22DD3ECFE02,9288,res/piece/nfy_artifact_skill_icon/ui_shenqijineng_xianyueguanghua.png.gz,b6e2a8e06b78058e4d1aa9575c7a256d
ADE39B57A5B905ACF77BA3655CCE19A8,10538,res/piece/nfy_artifact_skill_icon/ui_shenqijineng_xianyuexinliu.png.gz,a928d257e3aabe7c51a96162c639fa7f
46095FDFF51578C3D343BF1B53047B1C,8298,res/piece/nfy_artifact_skill_icon/ui_shenqijineng_xianyuexinliu_fight.png.gz,42d6b4364072af045c6457de42c52b02
87BDBE1F9C2E1F955E2A47AE9B5C5C2B,9883,res/piece/nfy_artifact_skill_icon/ui_shenqijineng_xiaoyuan.png.gz,598693047ee86a151edf23d4a7bc2523
BE5A970FF9C8177D01EA75FF92E0A1CF,8357,res/piece/nfy_artifact_skill_icon/ui_shenqijineng_xiaoyuan_fight.png.gz,68f3608702950f0dde86476154cfda4f
C99BA783F4689A6472623C37410A169D,10744,res/piece/nfy_artifact_skill_icon/ui_shenqijineng_xingjiezhanshou.png.gz,c3be8ee1bbd9386efeda276cd92232d3
781D50327A4D934612682FFF2F6B2BB2,9334,res/piece/nfy_artifact_skill_icon/ui_shenqijineng_xinwuzhuang.png.gz,eafef937b2a85b09ce865cce2e961a07
56EB0CE6575003B9CA59A0074C30F2AE,8248,res/piece/nfy_artifact_skill_icon/ui_shenqijineng_xinwuzhuangbeidong.png.gz,1cb557bbdfb540222804945eb80041c9
5C226299D63E6B9062F01E0CD337C3FC,10422,res/piece/nfy_artifact_skill_icon/ui_shenqijineng_xinwuzhuang_fight.png.gz,3158ccdc4a31393a86f7ddda7cb8b30d
F4F94620DC3EF4D8235262111CFE4BFD,11122,res/piece/nfy_artifact_skill_icon/ui_shenqijineng_xuepu.png.gz,5edc019fbc7ad95365a50f338474110a
F1750504252D5549FA23C6D20A191A26,11686,res/piece/nfy_artifact_skill_icon/ui_shenqijineng_xuesehexin.png.gz,27801285989383c5413ae82607416075
20D197D4214C6C3FB35924EC9F69ACD6,10005,res/piece/nfy_artifact_skill_icon/ui_shenqijineng_xuesehexin_fight.png.gz,554a266f81bbd8acde295516d32a13c0
89486C6ECC5C493CFF1358B64D6F0E58,9314,res/piece/nfy_artifact_skill_icon/ui_shenqijineng_xueseqiege.png.gz,4c0158c6b37073e54b69193470f98af4
00172BFF6970BC135D4D0D52F5BBF42F,8024,res/piece/nfy_artifact_skill_icon/ui_shenqijineng_xueseqiege_fight.png.gz,bcdfed4616ad051f9cd2f1d7426632e3
8C91496E40FF5C3DBE6B8DA57833E0C5,8145,res/piece/nfy_artifact_skill_icon/ui_shenqijineng_yanzhili.png.gz,80a3f1fe78f041e119467b9d50a22e02
2209287C2A37A70C641822F6E4224199,7623,res/piece/nfy_artifact_skill_icon/ui_shenqijineng_yanzhili_fight.png.gz,62c7aa95898bcf00581fe0532611f41a
0EE81244B3122BB8F4AA48587004279F,7168,res/piece/nfy_artifact_skill_icon/ui_shenqijineng_yingluomanting.png.gz,93511af9309c3ddaebeb022ff54522f7
6830A643A124083AC244F9BC486246AB,7240,res/piece/nfy_artifact_skill_icon/ui_shenqijineng_yingluomanting_fight.png.gz,d51f68b31fd002b28248c79a8c5f11c1
E8690C7CF6A2118E5790185E7BD0C2D9,9417,res/piece/nfy_artifact_skill_icon/ui_shenqijineng_yisekuangbao.png.gz,6565f93d2878d63c88c7c526fdb937af
550D9D40E137F6B192109F1CEB5DCEC3,7045,res/piece/nfy_artifact_skill_icon/ui_shenqijineng_yongbing.png.gz,27fcc8fb5f550710bcb414559d97d0de
1639499432FAE967C3EC20288BFC69FF,10000,res/piece/nfy_artifact_skill_icon/ui_shenqijineng_yongbingbenneng.png.gz,74cbc56a8770fce9b542dd0c5cd4ef11
62325797DA4AE2EAEB65650294E1C741,7032,res/piece/nfy_artifact_skill_icon/ui_shenqijineng_yongbing_fight.png.gz,72f23eace51b2f385c88e9078df6ebbf
CD1ED9426D031DED19569C623B883197,10784,res/piece/nfy_artifact_skill_icon/ui_shenqijineng_youlanshishazhe.png.gz,40707aa83b44732f2515438174d2f79e
89B161F1D18B1069588145A226D6A46E,8363,res/piece/nfy_artifact_skill_icon/ui_shenqijineng_youlanshishazhe_fight.png.gz,5e91c041066d477e605d079106911922
DD05ECC096A629F104C32EDEF6D33A5E,13356,res/piece/nfy_artifact_skill_icon/ui_shenqijineng_yunshizhaolai.png.gz,a5452559f68ba5d75813360cc437bad6
CD948972F2C4474D8383ABB77CCABCD3,9854,res/piece/nfy_artifact_skill_icon/ui_shenqijineng_yunshizhaolai_fight.png.gz,779f60d93f2d8ce49eb2755d54b81076
4815865D9E945EC2B63DED2E26C305A6,8417,res/piece/nfy_artifact_skill_icon/ui_shenqijineng_yushibujue.png.gz,5d1f0511c424cc72d8ae4c0152bbef48
BC505B52B726814FF8700CC27FEC9A3B,7865,res/piece/nfy_artifact_skill_icon/ui_shenqijineng_yushibujue_fight.png.gz,58b3f20d685528e7ecad9ec220f53724
38BE894E16C799BEC42AC0DDC3D4D5AC,8934,res/piece/nfy_artifact_skill_icon/ui_shenqijineng_zhanying.png.gz,d1dd77f800bc3b689bb3c89257bb306e
BE2599896995F718A58D2F1342382036,8097,res/piece/nfy_artifact_skill_icon/ui_shenqijineng_zhanying_fight.png.gz,c8f603a4456382b29817380d11b2f659
3F45D36DE3C3790880DAF6AFAECAAB4E,10115,res/piece/nfy_artifact_skill_icon/ui_shenqijineng_zhenzhenxiafeng.png.gz,9fa481a1bf7a5713df15394c8bef6433
17845CDFEFFC6AABD9090844330CC75B,8517,res/piece/nfy_artifact_skill_icon/ui_shenqijineng_zhigaoshengfa.png.gz,2fbca9a8f85a756195375bcff7a9a19e
C937D908907A4A44DD5448A098B62789,8519,res/piece/nfy_artifact_skill_icon/ui_shenqijineng_zhigaoshengfa_fight.png.gz,ed8dddd48616056f7a662a38ecc7986d
F901115DB0238EB221454D9D3497B527,9296,res/piece/nfy_artifact_skill_icon/ui_shenqijineng_zhilinggongji.png.gz,32502ac13f8126f006be077b5e15bf84
4D9ED7A8EC2DF4BA897F951D2E98245C,8153,res/piece/nfy_artifact_skill_icon/ui_shenqijineng_zhilinggongji_fight.png.gz,f63ff8799e454fd252f83f7b8163bedf
3DF6FEAC912F5C738683941E51474404,8351,res/piece/nfy_artifact_skill_icon/ui_shenqijineng_zhongjieyiji.png.gz,f2023dbfd1a81c2f1b7a6e6f1792224a
33996E73E8DCF4DE59D4B56F38070DF0,8177,res/piece/nfy_artifact_skill_icon/ui_shenqijineng_zhuiliebenneng.png.gz,8bd18169dd482de91ec882327d0bd344
EC4442BDCA287C95C81123D78023B331,10675,res/piece/nfy_artifact_skill_icon/ui_shenqijineng_zhujinghuiju.png.gz,0c87b2ef3dc7a137c5bb038b26bf46ca
A663C6F814A8002B4C1DD7FF063653BC,9206,res/piece/nfy_artifact_skill_icon/ui_shenqijineng_zhujingjiachi.png.gz,fa5689fca291bb60fdd7484ff384c57c
1AA02BDA5DB625E032F44E16DA7BB1A4,8378,res/piece/nfy_artifact_skill_icon/ui_shenqijineng_zhujingjiachi_fight.png.gz,534a2d7d0edc8468d37d2e2d76f0d578
EDA354F8DB57541A5130CE68F406A29D,10512,res/piece/nfy_artifact_skill_icon/ui_shenqijineng_zhuorechongji.png.gz,aae9552af1e3386cfeca1d2d50002d6a
E6384EB42F00DA5B9043737AF48B8841,9086,res/piece/nfy_artifact_skill_icon/ui_shenqijineng_zhuorechongji_fight.png.gz,7a543b6f3a561b1031ee003b7a559fa2
FAF3F00831E0FC100F0629665D3FD0A5,9605,res/piece/nfy_artifact_skill_icon/ui_shenqijineng_zhuorelieyan.png.gz,d220362a1e0b195da2b8c339fe93896e
1DCA770E3D7A7D4EC22C44B9D2BAEB16,10486,res/piece/nfy_artifact_skill_icon/ui_shenqijineng_zhuoshaozhuijia.png.gz,2714acb261dc7c7dcece8c3ce4234583
7E3C097AA983F792583F6226D43AD74E,10459,res/piece/nfy_artifact_skill_icon/ui_shenqijineng_zidutong.png.gz,fc08369c26132cef6617adeb489d18c1
EF24F8C519969DEC6767C2657400D790,10937,res/piece/nfy_artifact_skill_icon/ui_wuzhuang_wuzhuangjineng_shenxuan_.png.gz,4ee4df9b1979d916cae34a92c4ae5a5f
D4B5CE8D6973D93B537C9B23B377B4BD,11822,res/piece/nfy_artifact_skill_icon/ui_wuzhuang_wuzhuangjineng_shenxuan_anyingzhuiji.png.gz,717ada81152f72a5a07bf4160fa8fdb8
341D643FDEDE675EC3AC777E8BB11B64,14685,res/piece/nfy_artifact_skill_icon/ui_wuzhuang_wuzhuangjineng_shenxuan_binggebuzhi.png.gz,07dc055e6a4e3ba84abda2e68dc294bb
41AD7603BD48C35C12243B48DE4597FE,11654,res/piece/nfy_artifact_skill_icon/ui_wuzhuang_wuzhuangjineng_shenxuan_bingqi.png.gz,a05b616bad1141c938f985f8c5d5904e
69B112BB75FF2752AED3F1A0ED1D41D6,11761,res/piece/nfy_artifact_skill_icon/ui_wuzhuang_wuzhuangjineng_shenxuan_buwendingguangsu.png.gz,edf761081db94eac809faadf8e215503
AA03069BB17112F908BDC685495BEA48,11776,res/piece/nfy_artifact_skill_icon/ui_wuzhuang_wuzhuangjineng_shenxuan_buwendingzhiling.png.gz,cf4e7d9d122c8115d90d960b48140e79
7340E4A5F06A07FBA0806A3B3D543E78,8365,res/piece/nfy_artifact_skill_icon/ui_wuzhuang_wuzhuangjineng_shenxuan_chimang.png.gz,1f44d8e96532c6db27a7c49a7e93e791
B3B4242F814A1867D42F99D7CDEF1E0F,11925,res/piece/nfy_artifact_skill_icon/ui_wuzhuang_wuzhuangjineng_shenxuan_chiqianglingruo.png.gz,6e6f2394c31a0a346ec9557c1db570e8
0AE1B5A3658B27514FD3D6EB9C9EB9DD,9210,res/piece/nfy_artifact_skill_icon/ui_wuzhuang_wuzhuangjineng_shenxuan_chiseqiegezhe.png.gz,a96be02261e7b6acd299612d5157ec68
AAFF9B44030469E37CEA022C15F94CA4,10675,res/piece/nfy_artifact_skill_icon/ui_wuzhuang_wuzhuangjineng_shenxuan_diyanbengta.png.gz,1933ca03d4ca37a523f73130e86d2267
C4E3D14C25B33DE2EE8ABD8DDEADF33E,9530,res/piece/nfy_artifact_skill_icon/ui_wuzhuang_wuzhuangjineng_shenxuan_fengshenbihu.png.gz,71b68d1f11f1bc34283f395369d768d7
35503DF50FD48A3F8E7D7CAECBB29882,12018,res/piece/nfy_artifact_skill_icon/ui_wuzhuang_wuzhuangjineng_shenxuan_guiyingjianglin.png.gz,3ef4f923cd889af892205ff45222acb7
576CD3EE7DA868704D6CC8A55E8287D9,9769,res/piece/nfy_artifact_skill_icon/ui_wuzhuang_wuzhuangjineng_shenxuan_guizuqiju.png.gz,5a657d71a1249cebf89613a0aa0a908b
2862CFC25CB94B4EFB3C4D195E16981C,9400,res/piece/nfy_artifact_skill_icon/ui_wuzhuang_wuzhuangjineng_shenxuan_guofengqiju.png.gz,c9c3796620187a1b2ecc46f4d57795cf
AABB86AD96CC4BD7CA74F2DB8A59887E,10362,res/piece/nfy_artifact_skill_icon/ui_wuzhuang_wuzhuangjineng_shenxuan_huakaizhitou.png.gz,8c4a66edbd38d1ba18c9cf4ad7e38cc6
166944012E38A0264A368E744625A5EF,11674,res/piece/nfy_artifact_skill_icon/ui_wuzhuang_wuzhuangjineng_shenxuan_huiguangfanzhao.png.gz,58a90f4106e68c274560e7b71b04e616
9C4C0DF42CF7CC5B41515699D8124776,12031,res/piece/nfy_artifact_skill_icon/ui_wuzhuang_wuzhuangjineng_shenxuan_hutihanbing.png.gz,27cbbd9d9a3628e8a45789a89f07ff4f
229A6C45DCFD0AACF671525835D4284B,8267,res/piece/nfy_artifact_skill_icon/ui_wuzhuang_wuzhuangjineng_shenxuan_jidongzhiren.png.gz,9c5130a7166656d3c291e1e6d1fde7d9
36A9C5BB1C8B822087635D57B52CF0C0,12215,res/piece/nfy_artifact_skill_icon/ui_wuzhuang_wuzhuangjineng_shenxuan_jimiezhiyan.png.gz,1049b13a2b568046845c02966ffbd8ed
23BC3BAB3FF0FB185EBD4E297B89033F,10414,res/piece/nfy_artifact_skill_icon/ui_wuzhuang_wuzhuangjineng_shenxuan_jimiezhiyan_fight.png.gz,0de8ddd3a418a0298dab6cb92b12c2a7
CB89DEF83144A37FB7AE544AC794F716,10320,res/piece/nfy_artifact_skill_icon/ui_wuzhuang_wuzhuangjineng_shenxuan_jingjicanyang.png.gz,8a6245502b8b923ea9ec2877ab1c751e
6BD37602C05FA3130B05FBE1AAB11872,10741,res/piece/nfy_artifact_skill_icon/ui_wuzhuang_wuzhuangjineng_shenxuan_jingshizhishang.png.gz,2a410253b80d97704b3cd2405267dbd0
A7669A3F5B8E8E5C1C37663B3593340B,11128,res/piece/nfy_artifact_skill_icon/ui_wuzhuang_wuzhuangjineng_shenxuan_jingyiqiujing.png.gz,1a675a02fa4da06ed56e3ae4b2b42cd7
22E65AAEFE6C19219ED23DF510AE165C,10569,res/piece/nfy_artifact_skill_icon/ui_wuzhuang_wuzhuangjineng_shenxuan_jinlongren.png.gz,80148a4ea9fa0abe61c7a1cd575fd74a
03944C5BBEE487C8FC779AB27EB93204,10930,res/piece/nfy_artifact_skill_icon/ui_wuzhuang_wuzhuangjineng_shenxuan_juduzhiyao.png.gz,75e548a260f242f82c9dbf8fadfbaec5
F0CE38B19CD50DA484962BAD1723D150,10523,res/piece/nfy_artifact_skill_icon/ui_wuzhuang_wuzhuangjineng_shenxuan_kuangnufuchou.png.gz,5c029d8174ef06d2887a205820e93ee7
CAC75A94B8AB1DFDD8BA4DA6F80CF270,9410,res/piece/nfy_artifact_skill_icon/ui_wuzhuang_wuzhuangjineng_shenxuan_langhunshixue.png.gz,51415bab8f41f70b32b22ca372029198
3F0A0D4A34FBF717FAA0CD4219ADFD01,11062,res/piece/nfy_artifact_skill_icon/ui_wuzhuang_wuzhuangjineng_shenxuan_leiguang.png.gz,27791095a7545b41dc97e6ade1870b57
A44ABBB29652D3A5ACF7588720DCDE73,11505,res/piece/nfy_artifact_skill_icon/ui_wuzhuang_wuzhuangjineng_shenxuan_leitingdianyan.png.gz,7b8fd20f4d32ae951705768545edf5f2
0F7AEDF044D9B5B02C6E6F818136D2A3,12202,res/piece/nfy_artifact_skill_icon/ui_wuzhuang_wuzhuangjineng_shenxuan_liangzizhuanhua.png.gz,adca7cbbb7476c02ec6713c24bb91565
33289CEE243EE4362116314072A094C0,11105,res/piece/nfy_artifact_skill_icon/ui_wuzhuang_wuzhuangjineng_shenxuan_luoyingzhan.png.gz,ac520fe3446279906ca6a7c52ccaf36f
B084F0356F334B79E496CC26F8A3F1E8,11914,res/piece/nfy_artifact_skill_icon/ui_wuzhuang_wuzhuangjineng_shenxuan_minenghuiju.png.gz,23ad50608867494e38ef24029033df5d
BDD8E804F4B37805611D2F67CA88A67C,9814,res/piece/nfy_artifact_skill_icon/ui_wuzhuang_wuzhuangjineng_shenxuan_minghuo.png.gz,8fe745f804fbf8236f3da7e5bda998aa
B0ACEBFDF16D2EF074A0AC1EA34958CF,10617,res/piece/nfy_artifact_skill_icon/ui_wuzhuang_wuzhuangjineng_shenxuan_nengyuanjingshiren.png.gz,9c366a6a31c4c52315a4327598906f2c
50639887E53FC46E186D5B6266CF0A4D,9879,res/piece/nfy_artifact_skill_icon/ui_wuzhuang_wuzhuangjineng_shenxuan_qingtongshidai.png.gz,1f74e1072c08678845006be52146c480
A0A0F2D5BA8A90E2EDA7277F2BBA28EF,12059,res/piece/nfy_artifact_skill_icon/ui_wuzhuang_wuzhuangjineng_shenxuan_qintidianliu.png.gz,5a6e98131e89385ba62621cdc49c0e18
D978D8EB068C10C00F7EA60C9B2CD537,9877,res/piece/nfy_artifact_skill_icon/ui_wuzhuang_wuzhuangjineng_shenxuan_shatanqiju.png.gz,f79ada7efc464906d27c440d18e9b09d
4E0C45E611034F6320845D6EEFF21D59,10672,res/piece/nfy_artifact_skill_icon/ui_wuzhuang_wuzhuangjineng_shenxuan_shaxue.png.gz,66a7595e8f25afd5937461e5371042ca
D5480FC14083812F8343A455AA5A472E,10851,res/piece/nfy_artifact_skill_icon/ui_wuzhuang_wuzhuangjineng_shenxuan_shenfayinji.png.gz,c41d16577fdda8c8b25f69bfa0d2ce50
9F0E881378E0E20E17BB711920CCFA47,10814,res/piece/nfy_artifact_skill_icon/ui_wuzhuang_wuzhuangjineng_shenxuan_siwangkangju.png.gz,a8d15d4ee2fd5d7ad11b90e06ca2af1c
45F80A963694945C009BF66CCF0A70EE,12105,res/piece/nfy_artifact_skill_icon/ui_wuzhuang_wuzhuangjineng_shenxuan_suohunzhe.png.gz,f488ad948f0b97229b746ffa594aafcd
C2AA30136470F460400E9B89303B751C,8956,res/piece/nfy_artifact_skill_icon/ui_wuzhuang_wuzhuangjineng_shenxuan_xiaoyuanqiju.png.gz,093f28587f1588df77a5b24406a44518
3D161A8A2CA77D149D7354426267F824,10057,res/piece/nfy_artifact_skill_icon/ui_wuzhuang_wuzhuangjineng_shenxuan_xingjiezhanshou.png.gz,6e4435b37448524274f185d425530cbb
58BC29AEEC972F1EC94CF4DF65DE18CA,8950,res/piece/nfy_artifact_skill_icon/ui_wuzhuang_wuzhuangjineng_shenxuan_xinwuzhuang.png.gz,ca8f857692a18e102e8766dfa964cfba
65E5386EF47895BF35A42FF7C0DA83F7,9350,res/piece/nfy_artifact_skill_icon/ui_wuzhuang_wuzhuangjineng_shenxuan_xuanyuezhan.png.gz,7e1379a4e34ebfe2616f8792eb70d1da
1D8686A9DFA57E17F3767185DE95A43F,9889,res/piece/nfy_artifact_skill_icon/ui_wuzhuang_wuzhuangjineng_shenxuan_xuebao.png.gz,375a65075bbe5fe1d71085f7812752a5
681808874D9C2E236BE2DD39BB9F46DE,11877,res/piece/nfy_artifact_skill_icon/ui_wuzhuang_wuzhuangjineng_shenxuan_yisekuangbao.png.gz,6b43a35a761b7fb02783b6ca285badd2
AA21805F9B532AB97DDEDA98A0E96B66,10962,res/piece/nfy_artifact_skill_icon/ui_wuzhuang_wuzhuangjineng_shenxuan_yongbingqiju.png.gz,545a0b3e215786b70d5651c7bbde83a6
80651D0D620B7C6A9B42E7644F2CC3F9,11628,res/piece/nfy_artifact_skill_icon/ui_wuzhuang_wuzhuangjineng_shenxuan_youlanshishenzhe.png.gz,ab64bbbe0aa4fd2d725acee68ec93aee
607A79762AEED5DB3EBF218FAA985F5C,9533,res/piece/nfy_artifact_skill_icon/ui_wuzhuang_wuzhuangjineng_shenxuan_yunyanrongxingjian.png.gz,e192003b1ea282c1ce859b85644fad59
4735DBFB30B3588D9AC952A368A10D87,11054,res/piece/nfy_artifact_skill_icon/ui_wuzhuang_wuzhuangjineng_shenxuan_zhanlanguangshi.png.gz,4cd738076dfb111c2f893811b3d73391
88FB929C8216C0BB95941E465453874A,9303,res/piece/nfy_artifact_skill_icon/ui_wuzhuang_wuzhuangjineng_shenxuan_zhishiqiju.png.gz,ab0fcfdd9da727faa77d4fed9c86bc74
25A2E5A936673CEE01110BCCD724F199,11998,res/piece/nfy_artifact_skill_icon/ui_wuzhuang_wuzhuangjineng_shenxuan_zhongjiyiji.png.gz,b51ec988c6d63293d999238780fa0949
085CB5979EDD624CACDDCDD495E4C9BA,10367,res/piece/nfy_artifact_skill_icon/ui_wuzhuang_wuzhuangjineng_shenxuan_zhujingshouhu.png.gz,91d4fad1ae1eb00ac77302866b77c021
A9FFC4498C096EE8489425BEB58BDDEF,10400,res/piece/nfy_artifact_skill_icon/ui_wuzhuang_wuzhuangjineng_shenxuan_zhuojinzhanren.png.gz,aa1990754c2c708a252ba0507bc41cb8
A328290650F011F35B9A36887E5FECC8,11309,res/piece/nfy_artifact_skill_icon/ui_wuzhuang_wuzhuangjineng_shenxuan_zhuorelieyan.png.gz,7d8411e04ffa2db6b8e83347967c4b2b
3705064D138E60EBC0AB96F5DDC90E2B,10413,res/piece/nfy_artifact_skill_icon/ui_wuzhuang_wuzhuangjineng_shenxuan_zhuoshaozhuijia.png.gz,f15a6ab9cd83afe3ae0f379b69325413
01111C362F5E25C1CC684245AA86601F,10276,res/piece/nfy_artifact_skill_icon/ui_wuzhuang_wuzhuangjineng_shenxuan_zitong.png.gz,2ac1d65631281c4e77dece3212179176
4C37474DD49E1E8FD8FB99F01112DCB1,11025,res/piece/nfy_artifact_skill_icon/ui_wuzhuang_wuzhuangjineng_zhuorenengyuan_beidong.png.gz,068f115cb9aab925ff5aadcf29aa75c2
FB0790D91D9C74283FC5692B4DB18E59,9360,res/piece/nfy_artifact_skill_icon/ui_wuzhuang_wuzhuangjineng_zhuorenengyuan_beidong_fight.png.gz,b8561400e99e13de4af3f0ef2edcdd30
0C27E8452F24DA54BECD19712394FE04,10901,res/piece/nfy_artifact_skill_icon/ui_wuzhuang_wuzhuangjineng_zhuorenengyuan_zhudong1.png.gz,23b7c2d723886c033340d4a435e54847
9B294276E7DE6A45BD4B1175CBC3A39B,9214,res/piece/nfy_artifact_skill_icon/ui_wuzhuang_wuzhuangjineng_zhuorenengyuan_zhudong1_fight.png.gz,a38529ab923d1082dcc35707826af9e1
96838C9375E3EE56EE994B83D34EE3AE,11045,res/piece/nfy_artifact_skill_icon/ui_wuzhuang_wuzhuangjineng_zhuorenengyuan_zhudong2.png.gz,507015f7628caa5ecbf403aae1419dc5
061C9BF5DBF8B4FB8668B97C0B56676A,9340,res/piece/nfy_artifact_skill_icon/ui_wuzhuang_wuzhuangjineng_zhuorenengyuan_zhudong2_fight.png.gz,aea8d8893cf0fc04b9d91ac8bbdf4f20
1D8B55177B2A39AD92C034B381557D90,815471,res/piece/nfy_awake_road/ui_juexingzhilu_beijing1.png.gz,ebb7fed44b4718842e845d4855bfd354
D9C553FCB80E4287BD76171B77E2DC4A,503607,res/piece/nfy_awake_road/ui_juexingzhilu_beijing2.jpg.gz,6c7916477e7655aa13388b1ad3804c5b
1AB6EE06AB67B62BD455459083A646F1,53056,res/piece/nfy_awake_road/ui_juexingzhilu_beijingjiahei.png.gz,d04dc7f6bc411495a80ce249598be85f
69F7DDFBC7AD351A771581CE99A52384,162633,res/piece/nfy_awake_road/ui_juexingzhilu_yeqian_dikuang.png.gz,88ba77a5a0629b223b4192416a861f57
5576116595FFA23ED13503F4ED052235,435337,res/piece/nfy_backflow_giftbag/bg.png.gz,690ed064cfc997cfdb9dbd557e3a74e6
C1F7AA9FA9C060ADB9067A01AC622ACD,450045,res/piece/nfy_backflow_goodgift/bg.png.gz,3400869b9c83e11f4134bf3e4f9ed574
4DDDB5833884072A83A42BFFC03FB0B9,617667,res/piece/nfy_backflow_home/ditu.png.gz,f1722a3bc69dbb3393ac43c69d2326f3
AAA66D275CDBDAAC21C7FF3C221970EA,942811,res/piece/nfy_backflow_signin/bg.png.gz,4f66c1babed59d7dade17442c647f15c
BF9E5EC9E039063FDC0B7476171789ED,3740,res/piece/nfy_banner/zhenxizhi_bottom.png.gz,65b86e22aa3b802da96a13cf3ea059b9
26848222464185B9DFE37C0C3BB49DB9,2777,res/piece/nfy_banner/zhenxizhi_top.png.gz,095f7eaeb8afd6f6f6b75acae918a727
E47C8C9728AFAC94E2BD00E630C0D588,55121,res/piece/nfy_battle_star/ui_zhutiyue_bj1.jpg.gz,e4fa46aa96c13a6bca4f8c6a470af6d2
18B8B140919D3E988DC0A45DBF1D0640,273244,res/piece/nfy_battle_star/ui_zhutiyue_bj2.jpg.gz,bb16c86a059fce15ddeffd667135b564
0C75C28A12EF3818D870A26949D7AC0C,174754,res/piece/nfy_battle_star/ui_zhutiyue_qiandaodadi3.png.gz,673850052b54a963f8e1a466e9f525a1
B9CD7973A802B8B8697ECE3EA70E7379,550129,res/piece/nfy_battle_star/ui_zhutiyue_renwu2.png.gz,62c27f85a2292515a635492abf98423a
A14DA847596EFC266B1CF980E69393AF,23235,res/piece/nfy_black_rect/ui_ailinnew_gushi_tx1.png.gz,9d84171803268972f08de6d4983eb53e
10FB1F5AB60A5E7E0F89E3FB0FA3E0E7,24566,res/piece/nfy_black_rect/ui_ailinnew_gushi_tx2.png.gz,0a08e7af9d00d35d1981338b80a0c504
5648538C5F2C58163E1B1E8EEF739D18,25066,res/piece/nfy_black_rect/ui_ailinnew_gushi_tx3.png.gz,8805a4dd5dafa1de6e52ebf7364fb75e
FE6429AF7F4F6CC298730913BE86D31B,19548,res/piece/nfy_black_rect/ui_ailinnew_gushi_tx4.png.gz,22d5c004908e01e084f059ea9a27cc48
FDDFDE01055F432B1E52F0A51DE4B393,14188,res/piece/nfy_black_rect/ui_ailinnew_gushi_tx5.png.gz,97cb29ec983345a84641cbf4409621b4
48E810D7799DD05AFB9D1F7DC28E00EF,25223,res/piece/nfy_black_rect/ui_ailinnew_gushi_tx6.png.gz,4773a52e923e993148680a1cf7e1e7d9
F6756EB8B68E3DCA9438258413C5CB86,27534,res/piece/nfy_black_rect/ui_ailinnew_gushi_tx7.png.gz,d4d2bc465ba4e7c8dcb76ca50a4d782d
C5DDE401F261017D1F903C37FD2838D7,20758,res/piece/nfy_black_rect/ui_ailinnew_gushi_tx8.png.gz,6e3b308857a73a0f699ba740cf4e6fef
68CF52B8AB0C13CA5CD9C2DE51981398,28544,res/piece/nfy_black_rect/ui_ailinnew_gushi_tx9.png.gz,b6086d5d8c91a9f2542486654e6820f9
59F2910FE0DB9A3DC0008F5736FDFBA0,232299,res/piece/nfy_black_rect/ui_heiyan_duihuan_bj.jpg.gz,412ce25cb04c5207856822f9e7299103
E7B5B52DE80BF64D38EDF99485222538,135581,res/piece/nfy_black_rect/ui_heiyan_gushi_beijing.jpg.gz,31fb626a058ce5f94e0548c90710bf57
FA4E12C03B929C1B406DC6E5BBA3D835,27534,res/piece/nfy_black_rect/ui_heiyan_gushi_tx1.png.gz,d4d2bc465ba4e7c8dcb76ca50a4d782d
A1ECC099245B40E4423EC5657C3F9731,28141,res/piece/nfy_black_rect/ui_heiyan_gushi_tx10.png.gz,b76e74a4de28a5a2dfcc6a1e421d658a
AA8DD791A52A86766C827026D541BA66,25223,res/piece/nfy_black_rect/ui_heiyan_gushi_tx2.png.gz,4773a52e923e993148680a1cf7e1e7d9
7F56283DF49FC9434C0B0EC72C009AA7,26718,res/piece/nfy_black_rect/ui_heiyan_gushi_tx3.png.gz,e508a694d5f2a74c838225d07721dee9
A22614AD833127BE2EA32077228AAC7A,24339,res/piece/nfy_black_rect/ui_heiyan_gushi_tx4.png.gz,5a073342c982db90202f20671a839b06
C69E888EDEA7FB3374D9CFC0C0FD2F95,26959,res/piece/nfy_black_rect/ui_heiyan_gushi_tx5.png.gz,0ab33db8d8e2388bb763d806d5837196
91CCF54DF613D51EF1115431D7D67005,25264,res/piece/nfy_black_rect/ui_heiyan_gushi_tx6.png.gz,15264b243d3740a8096fcb5de63fdfaf
EB08AD6D7FA00F33F2E573CD7F3DB38C,26646,res/piece/nfy_black_rect/ui_heiyan_gushi_tx7.png.gz,ff6610b041749399bce2500985868756
BFFB1F21EBBD2A77C34D4EF3B7E6FEDC,29411,res/piece/nfy_black_rect/ui_heiyan_gushi_tx8.png.gz,4c2dd02d541fe6b20c0b3f1170e9ee02
B875F4D73A0717BB7091ACA631BE5DE3,24587,res/piece/nfy_black_rect/ui_heiyan_gushi_tx9.png.gz,a7634cda767bb59260094c6bff5fee79
C5EEDA0E3AEC4FF3C53E513BB8AAD3F7,917153,res/piece/nfy_black_rect/ui_heiyan_qiandao_di.png.gz,a570be86f486ee977f6bc8554c4c0234
66818FCDE024A58291F04EF86352C411,928138,res/piece/nfy_black_rect/ui_heiyan_renwu_bj.jpg.gz,5e6df9efb3dd87d3da5a2b90672557b6
81236B430E0969AB15D8EE5764D4CB68,172864,res/piece/nfy_black_rect/ui_heiyan_shangdian_bj.jpg.gz,805217d9997ce3bdd4b212a169ce74e4
C88FCB117E4BBBEA362DF806656E6A0E,146494,res/piece/nfy_black_rect/ui_heiyan_tujian_beijing.jpg.gz,3d4b5a6ff2342bff27cebcd8b8647b0b
ADEE3F804DD1F8E57D61EA49939698D4,705712,res/piece/nfy_black_rect/ui_heiyan_tujian_chahua_1.jpg.gz,40385e6214669ff4ced5970ee3fb5377
7F9956AF040004CCF9CAEA9DEF4A27F6,106762,res/piece/nfy_black_rect/ui_heiyan_tujian_chahua_1_min.png.gz,2ae249d4625705892d08edaa2effaf1f
191E64E1589A1B2ACE636DCC28423948,848226,res/piece/nfy_black_rect/ui_heiyan_tujian_chahua_2.jpg.gz,b0de024d0dcfafd5c9962a168c8c650b
ED9F0BDF0A9AE3C67CA87389C3407FB8,113261,res/piece/nfy_black_rect/ui_heiyan_tujian_chahua_2_min.png.gz,04b1cec916783a03dea16f86fc6d946b
6FB7F0BAAF6BF0778DC555F7488C02B4,845757,res/piece/nfy_black_rect/ui_heiyan_tujian_chahua_3.jpg.gz,9226d2ee03b5c3fb941113c87e0c95b5
4FF36F4380152FB90DD9999CFE6F74D5,109973,res/piece/nfy_black_rect/ui_heiyan_tujian_chahua_3_min.png.gz,6b67389f3ff87d5a5c9de0de0b76a90d
856E5E41FA82045F38251AF425BA91AF,520979,res/piece/nfy_black_rect/ui_heiyan_tujian_chahua_4.jpg.gz,a752f0768627b17a24ca9f310ff88126
A729702B251AF0BABC2EC65F36BF3B9A,80927,res/piece/nfy_black_rect/ui_heiyan_tujian_chahua_4_min.png.gz,0af80c6c62a1c0f646c0addee61898ef
F7EBA74556B242B79FF10926D4C4CB5B,708345,res/piece/nfy_black_rect/ui_heiyan_tujian_chahua_5.jpg.gz,1e76dafdcde4535d9a4f05f8dade6805
A62FB2E83C8F5206B3DCDD11B7F6A352,100111,res/piece/nfy_black_rect/ui_heiyan_tujian_chahua_5_min.png.gz,cb4063a46b96901f0c57fd9e0c947702
02871B0F1FD97BAB0BFB705A0A5F697F,627524,res/piece/nfy_black_rect/ui_heiyan_tujian_chahua_6.jpg.gz,575a8520d8942ff59b6bca53013f803f
247335803651CD0D4115417630D76187,100656,res/piece/nfy_black_rect/ui_heiyan_tujian_chahua_6_min.png.gz,1f2c31581a256ddc16be6d6777b0daf9
88BC0DB8A55609B3814A36E25940A7BA,613898,res/piece/nfy_black_rect/ui_heiyan_tujian_chahua_7.jpg.gz,5ee10c220c903fd4e6d458926e596771
390AE1248DD693868EA0A79AA963C5EB,94133,res/piece/nfy_black_rect/ui_heiyan_tujian_chahua_7_min.png.gz,42ed2897fa00614c2f9d32ac249c2757
7B59317B22FBA10F11B59EDBC95E3BEE,946073,res/piece/nfy_black_rect/ui_heiyan_tujian_chahua_8.jpg.gz,c1749c4e371712cc7917958e1c981fff
F1DC103C76C6111AE188436B774569E2,102796,res/piece/nfy_black_rect/ui_heiyan_tujian_chahua_8_min.png.gz,eda1e6b54e50e388a00b5037781e7b4c
78405EF75D690194868A75B2DC739C0E,279926,res/piece/nfy_black_rect/ui_heiyan_xingyunniudan_beijing_1.jpg.gz,677361c2e97177bdf970b6dbe37a681e
FC07C75BF7E48D1C71864F98F01C78CD,295077,res/piece/nfy_black_rect/ui_heiyan_xingyunniudan_beijing_2.jpg.gz,b4b2e5c7f43c5855f79124cc676d528d
9BD0D0CDB092CEAF7BE347B548E6941E,537409,res/piece/nfy_black_rect/ui_heiyan_xunluo_beijing.jpg.gz,d740f31bb7c761da05a5b4f3a499fba6
EC928DDA17734D36710B91AD5E3E1621,745963,res/piece/nfy_black_rect/ui_heiyan_xunluo_choujiangdi.png.gz,b027160d41a11dbea7ed109f15385b61
BD93D8D22D931B3570A575616CAF76CB,398290,res/piece/nfy_black_rect/ui_heiyan_zhujiemian_beijing.jpg.gz,c6bdc8a5848b3579dff173e6ceb87551
971A6592B9482F7B6CF23EC190E2773F,543194,res/piece/nfy_black_rect/ui_heiyan_zhujiemian_juese.png.gz,2720ed6b24369255bd666542a764763a
09E2B4DDABE4D9370C7F5F98ADA1A832,207864,res/piece/nfy_bossrush/ui_bossrush_beijing.jpg.gz,cc1b3a5dd7e081bbde764f57976ca8fb
1F1FE18260BDD7E1CDFDE1C963599298,1318,res/piece/nfy_btgm/nfy_btgm_anniu1.png.gz,4478e68eb58a0e21bfbba91749a16356
DCDA64017EAE48AA0CDDC1322F133D03,1318,res/piece/nfy_btgm/nfy_btgm_anniu2.png.gz,b5403ca0df2596c12a66eb18e8b3e851
2120DD401116B79AB9355B9F6D24587E,957,res/piece/nfy_btgm/nfy_btgm_biaoqian.png.gz,5aa4dbcbc5e38680f1952fb96043bae5
BFD47DD4A23398A52C5DFBDCECBAAAF6,58091,res/piece/nfy_btgm/nfy_btgm_diban.png.gz,c4ef78cd7d771cd237a62ce027ae3e65
EDBB845613558D7D1A4B74B220366122,854,res/piece/nfy_btgm/nfy_btgm_fgx.png.gz,82c6427f67a4174079054c89900d242a
DDE9025AF968A882DB7F0FEEEE163D48,1026,res/piece/nfy_btgm/nfy_btgm_huang_fangkuai.png.gz,4818536b61cf70f5fb893142ab976844
8710F7132A624512052761CBD680F422,89592,res/piece/nfy_btgm/nfy_btgm_liebiao.png.gz,143593f651364e95573d190acc1d400b
E6E83FE11CB8B24C8B9D550D423A7E79,1089,res/piece/nfy_btgm/nfy_btgm_shurukuang.png.gz,8fccc0a209710e3760e395ce0342fc87
FD7A3DD9FBA652DBE6E6DC1D71EFBBC4,11459,res/piece/nfy_btgm/nfy_btgm_zhigouqieye.png.gz,d11b6595436189871f5ffce53904499d
649249279E5D01A3E6BD3FB99859D35E,10810,res/piece/nfy_btgm/nfy_btgm_zhigouqiuye.png.gz,a871f055d117c29455c03b8c4826353c
4E2C994FA620F999228595C97A88ECEF,35719,res/piece/nfy_btgm/nfy_btgm_zhigouxian.png.gz,7da5708cab7212e65768d713b9398991
7CB9F5F3312BA0AD8A9141931F0DBFCA,2946,res/piece/nfy_btgm/nfy_btgm_zm.png.gz,e2473867dbd0b5fe856afe4d833682f0
C7EE3C30206D3FCC75557B92FF065AA3,572489,res/piece/nfy_btgm/ui_bgtm_unlimit_res_bg.png.gz,6088d7f34956d31f6f760e90726753e9
F9D6E7BB34B11D7854E9639C14FE7471,1150,res/piece/nfy_btgm/ui_bgtm_unlimit_res_heitouban.png.gz,e5f9c588decca9bb89c22d1e103df68e
0E183283A7B108F62EC30B6E93993E9C,229696,res/piece/nfy_btgm/ui_bgtm_unlimit_res_ren.png.gz,a25a24991603a6396f624d9c0165690c
1DE93977592DFF289404DFE3BC464DF9,4898,res/piece/nfy_btgm/ui_btgm_btfuli.png.gz,0048eb10b8f1dd946057e8d99770153b
1F9534188B6DD9E1FF79360B449B972C,4682,res/piece/nfy_btgm/ui_btgm_dajin.png.gz,fe2f4e5933a98f88beafca13d4086672
7E64432439484942E1BC47B2D474317D,539069,res/piece/nfy_btgm/ui_btgm_freepage_bg.png.gz,8d303d2db293079742cdecc525e844cb
F6E146D2CD592311AC9E6E201A679AA2,19829,res/piece/nfy_btgm/ui_btgm_freepage_bg_broad.png.gz,23e1718dca08bb9e9dad16cbbd0694b7
D9A7B65D6E133E4F247453061DEC507E,2346,res/piece/nfy_btgm/ui_btgm_freepage_bg_broad_btn.png.gz,0d99d56396bea6a9b1d477560ed4a6cf
95ADF9E33F04F7ADDADC93FC38287B9E,2285,res/piece/nfy_btgm/ui_btgm_real_topup_page_0.png.gz,28fd5ae3f6100e360969c719c7e32387
E3798A01943B0E4C4590A9108AD4DC43,1664,res/piece/nfy_btgm/ui_btgm_real_topup_page_1.png.gz,4ce9437cce91e775be5178e837a636d6
09EDAAF4ACA1ECF1A245647C7D64485E,2305,res/piece/nfy_btgm/ui_btgm_real_topup_page_2.png.gz,dfaae351cbce79e0ced687c2d1e65f0c
6ED1E3B9E3CD9125FD023079D663445E,2578,res/piece/nfy_btgm/ui_btgm_real_topup_page_3.png.gz,e841c543f8ffdb59fe315e858db99acc
00EDFDF37B4FAA596AD250ED2B463C1B,1915,res/piece/nfy_btgm/ui_btgm_real_topup_page_4.png.gz,646f815fe189d50dd29e3b54b181cd25
2B1D20B9FDD9EC6608025429801D5825,2560,res/piece/nfy_btgm/ui_btgm_real_topup_page_5.png.gz,f1313450bcd6d8726b7aeb5d1a6dbd02
599B5C8CB6840DF6113572626D71D4AF,2466,res/piece/nfy_btgm/ui_btgm_real_topup_page_6.png.gz,3a80b25c3c8ef5f6cf7adf5bd16f28cf
007E745B257CAC22FC94DDF0FB9ABB30,1886,res/piece/nfy_btgm/ui_btgm_real_topup_page_7.png.gz,241612cb6c74e6021b5577dd5c6d85f0
4B65170757D128A151B893627B306E32,2578,res/piece/nfy_btgm/ui_btgm_real_topup_page_8.png.gz,5bcdcae6899d5caefaa0bf2ef5969113
FE9D0A530D5E7E7D7E98B403DBC73064,2534,res/piece/nfy_btgm/ui_btgm_real_topup_page_9.png.gz,51855459fb3d9fc255de2e6c17db418c
6B6AF524E0603DF8762584D7EF498B97,423323,res/piece/nfy_btgm/ui_btgm_real_topup_page_bg.png.gz,8e8dcfe348427672d79895caba091dd9
8F2056729BB62FEE0CBDA55D7C4BFE9B,1093,res/piece/nfy_btgm/ui_btgm_real_topup_page_broad.png.gz,36a84453ff704dd9fee9e6f1e09a4749
B204E6E303C03170F387F2AD0865D62B,31110,res/piece/nfy_btgm/ui_btgm_real_topup_page_broad2.png.gz,004a3e6688a31a432db8975016ff5225
86F90D30E5C9FD9860C274C0B7F0E646,229813,res/piece/nfy_btgm/ui_btgm_real_topup_page_ren.png.gz,92e6e8efc034cd2ca313277c804ee30d
580B5D99CD3BFE4A8646CFAF63E2B8A6,2608,res/piece/nfy_btgm/ui_btgm_real_topup_page_tiao.png.gz,1a244eed9118aaf1f7583176e466f99b
0570422F6722456C4CAB1CDBDEA01652,1175,res/piece/nfy_btgm/ui_btgm_real_topup_page_toumingBG.png.gz,eb4bda83dc3c6d21c5ef535201837fbb
350CA3A06D86EDAEEDA42DA1572A3A3F,43931,res/piece/nfy_btgm/ui_btgm_topup_broad.png.gz,852946b0e17c0ce46a8d76257f9641fc
DA5349386725F71497F4CD6DEDA9AC74,960,res/piece/nfy_btgm/ui_btgm_topup_broad_baitou.png.gz,56786d1206c8c736a8449b7b70ac6bcc
DEABB730F032B528B2A794AE20AB2070,1235,res/piece/nfy_btgm/ui_btgm_topup_broad_btn1.png.gz,99ac4ccaa2e0b7d85aa666f8ca516083
D10E6EC97B4CE4ACD54DA314DDEF4DBC,844,res/piece/nfy_btgm/ui_btgm_topup_broad_hongxian.png.gz,48b21529f94b8a6ce33c8114b1397443
8B2AF1845E54619994E3F2F6B3461DF4,654174,res/piece/nfy_btgm/ui_bt_topup_bg1.png.gz,043efc0acc2f13b572fb7e75f60f6a0c
43570440F1F4E884B6A7F58F0FE96D9C,490930,res/piece/nfy_btgm/ui_bt_topup_bg2.png.gz,43a72501b45a4f8aebbe7fdb41bdccb2
9F7E6293DD39BBF783122BFF3085FB19,454480,res/piece/nfy_btgm/ui_bt_topup_bg3.png.gz,e5f12d11ba42a77f6a531779d41600da
E81C362C192A16002B95CD437E393E42,423493,res/piece/nfy_btgm/ui_bt_topup_bg4.png.gz,66ee99403f0eb4b9a5c7e9543a7cab29
4D76CB531657B9E316F7E83E4D9C85C3,4716,res/piece/nfy_btgm/ui_nfy_btgm_bannaianniu.png.gz,7f763b7525f126dd5339aa22b41e8514
F6D19C0F09DB6B42E0ED4130263CAF26,5521,res/piece/nfy_buff/icon_buff_30jicheng2jiantao.png.gz,469037adba20d276399e9432db644db2
29D6A6548B0207730510D42292101F2D,6061,res/piece/nfy_buff/icon_buff_40jicheng7jiantao.png.gz,54d60f30c30678684bab238e2ec94898
FDEFFA476529EEB8C92E4A52E24654C6,5603,res/piece/nfy_buff/icon_buff_anju1.png.gz,4414d4454036f18c6aadfbda9bea2efe
310B459B24CBA8B41D5F33117461088E,7114,res/piece/nfy_buff/icon_buff_anju2.png.gz,ba7174c8c81a51b091b96aa0219c249c
2D6D1190E1E9F290D9E0F0D995BADC13,8710,res/piece/nfy_buff/icon_buff_aoyi_heiyan.png.gz,05b8e5cbef680de0e3857a0a0f29f198
8914A4627A5C6E8C24D6243F81B2FBC2,7843,res/piece/nfy_buff/icon_buff_aoyi_heiyan2.png.gz,efec4d3f1472bdc44190dd2166677d80
5B9E4707E4888570A2713CCE50C831F3,8985,res/piece/nfy_buff/icon_buff_aoyi_huangxingzhimo.png.gz,bd7f625edcfeb8208d09119d5e706143
2EF89BEFE41CFC57145EF426507C250D,9642,res/piece/nfy_buff/icon_buff_aoyi_lilimuchushi.png.gz,df0e4018b2b634e64f30f57a0d8058b5
5D545C1D7117B3C66D168B7EF6F68F06,9209,res/piece/nfy_buff/icon_buff_aoyi_lingchushi.png.gz,8fb7b69c7bf22783be67da494b35ad07
91E9E6CB224578B97D6ABD0318DE100C,8855,res/piece/nfy_buff/icon_buff_aoyi_luoyingjinghua.png.gz,86428332fe7a4df629bf5fb7bf3ee2c7
1E9188579EDF5B66C13CE72E4714E78F,9630,res/piece/nfy_buff/icon_buff_aoyi_qingtianshuangdian.png.gz,90b41c3062df132438dbc7b0682d726a
C6801362029FD508FD21AFE0620C8BAE,9797,res/piece/nfy_buff/icon_buff_aoyi_shenyuechushi.png.gz,36f1227d9221011fbdc144a7fdbe8b64
4EF39EC23731BBF18BDC493DBC5735FE,9454,res/piece/nfy_buff/icon_buff_aoyi_shixueheiman.png.gz,c1ce9fa1b39265ffd55523146444c01e
927CF330CD0165B34CFF79330353D8B1,9575,res/piece/nfy_buff/icon_buff_aoyi_wanxiangtianyin.png.gz,3f27f8e1029105c6bb27009071d7fa2f
0493A5A8673219A3E4EEAA5C7A2E701A,10467,res/piece/nfy_buff/icon_buff_aoyi_yeting.png.gz,6bbebd1180df7c531b450b78532a5d65
F64C0E58906CAD022FD6B588D2FAF359,8600,res/piece/nfy_buff/icon_buff_aoyi_youmingzanghun.png.gz,4f5a37c135b8f04377cee2609933f454
4A7A9B546A1684C4F8A0DAA2AD933F2A,9014,res/piece/nfy_buff/icon_buff_aoyi_yuanzidaji.png.gz,521991b63a026b9fff44d5f90d7079b5
262148B949E3966A4A846093E5C05CA7,9000,res/piece/nfy_buff/icon_buff_aoyi_zhutianshenyao.png.gz,4c765b82f03f73aed5994987bba64c4f
85E7E2A35F0CA474BB07ECB126508318,9292,res/piece/nfy_buff/icon_buff_aoyi_ziyunmeiying.png.gz,e37f2ee337600f7c2b2d931912e72e4a
AC0C9CE56D0277995715BA3BBFE92994,6859,res/piece/nfy_buff/icon_buff_Ashizhuang.png.gz,59adf03dbdfa3a6e254259b933124f65
043A616F5FA37F6CE25CDF3B5E832A08,5917,res/piece/nfy_buff/icon_buff_baojiup.png.gz,03c1faaa063f313e62609b086d33ff6d
4DAEF5EB78AFB883CC1EFE956CF6D5AD,8887,res/piece/nfy_buff/icon_buff_bianyuhaike_guanghuan.png.gz,b4b970d24afc5d5b8c2a80262e7a92b7
9DE37244579B1E93F402B229BA6D194C,7265,res/piece/nfy_buff/icon_buff_bianyuhaike_ruqin.png.gz,26d6b2b43a7005f0afa1c571f6c9c6dd
224FEA53509A3177C3E9D4F5EC3C3F61,6885,res/piece/nfy_buff/icon_buff_bianyuhaike_ruqin2.png.gz,f0dd33c1948d187e8288ae7b3d8d296d
4ED5B6F2E8C5A048AD6EABB8A5780BA5,6848,res/piece/nfy_buff/icon_buff_bianyuhaike_yinshen.png.gz,7027239e2ac723480f709d409421371e
8B649C55D1E89987DF6A3051498CD47D,6377,res/piece/nfy_buff/icon_buff_bihuzhiyan.png.gz,fd64f098eb272ef44e1a3d6d0093abf3
DF79957DE931162F20880AC562A0B00C,6311,res/piece/nfy_buff/icon_buff_canglangdichen_chaoshui.png.gz,9a7e56fbe32504bfc4ecebeb4aba57de
4E62EE9A9D8636761C14EC79954F8B52,8277,res/piece/nfy_buff/icon_buff_cangyanjianshi_dianyebati.png.gz,aa9d240259670d477f188f1b535b6f08
AA7DC6BB1B20EA1E9A44E33BD8602142,8042,res/piece/nfy_buff/icon_buff_cangyanjianshi_dianyehuti.png.gz,f6cd18756a0b9b1f8769bfe911459e7b
D6CE6D92C9B5B90A652763172F93D8CF,8443,res/piece/nfy_buff/icon_buff_cangyanjianshi_dianyequnhu.png.gz,3b6f3731bcd470820ab4291954140020
10E8DE87727498C57D601E3C62CB831E,8526,res/piece/nfy_buff/icon_buff_cangyanjianshi_liaoyutianhu.png.gz,4ddca5e7d90b735500a6a56c4535d895
A59CFEE7B607875B9BE03A7410A30786,6380,res/piece/nfy_buff/icon_buff_cdjieneng.png.gz,8fbc4299c35b19e21d1f2d7957372087
BC8A62DB178FD2BC4FBADB82A7A3A867,5829,res/piece/nfy_buff/icon_buff_cdyanchang.png.gz,44df71af6be37274d32622aa67314a6a
4C40815A4C5D9F532BB7819E815C62F7,5803,res/piece/nfy_buff/icon_buff_chaofeng.png.gz,a2843ce07b9617d7987f18cee76cdfac
74BEBAC798157DE8053C6EACF29F4813,5257,res/piece/nfy_buff/icon_buff_chuxue.png.gz,243369abbec0ee1ea40415ec972b4d23
71F316B98C70BA3F45120D9D24DCBBF1,6581,res/piece/nfy_buff/icon_buff_cuanci.png.gz,1bcd56f99e048b6704e6ae01c7257878
68C888BBBCDAA1DC45A55D0FA8A6C9D2,7050,res/piece/nfy_buff/icon_buff_cuozhao.png.gz,f8578f8244c2273da7a928bf0c711417
3E79D091466A25E943EA40B9B42E8BCB,7444,res/piece/nfy_buff/icon_buff_dongshang.png.gz,aa7230d4d8b883e38b65bb92644ec3fa
402BC07B75827F5BE86587D540EF04BD,6383,res/piece/nfy_buff/icon_buff_dunhua.png.gz,306a07e041c4e5533a0976ef71bf9709
FAB3A3A2206F6B6FC28E2A1EC0CB6F0C,5248,res/piece/nfy_buff/icon_buff_duoxiongzidan.png.gz,bd957605322c9dd057bebbb043b9dc44
C4843EA88B3B25BC69629557A3D36E6A,5833,res/piece/nfy_buff/icon_buff_ephuifu.png.gz,fed4129f381ccafa66074626a47fc1ef
A4B5C7BEF7CD9161E3FB3187408B0581,6742,res/piece/nfy_buff/icon_buff_eplichang.png.gz,04e55d83db494d8c341b78e0f8ad605a
E56C17B3C6D678B09A48658976233A69,5272,res/piece/nfy_buff/icon_buff_fangyudown.png.gz,2ab15ea895e8e97371eb5e0949b91585
66DD77F6B565023FFC06742D7F6700CE,6296,res/piece/nfy_buff/icon_buff_fangyuup.png.gz,8799091dfb6506f831ccb852aaed1a8d
BB6CEE293DC2655C61D951F18E2415D4,5106,res/piece/nfy_buff/icon_buff_fukongpao.png.gz,62971927e24c28063cdacd39870d0a0d
5270E49268183AC9D532310317885377,5399,res/piece/nfy_buff/icon_buff_gandian1.png.gz,e9bee68415020a2bfa1990e1ad7973e0
8F386CC66036E89F1D8B9E696324A62E,7229,res/piece/nfy_buff/icon_buff_gandian2.png.gz,96c94ab5002f4feabe8ead6afd9daf2b
2FEC9A16D8F1D7D14FCDA216F619C2F7,8198,res/piece/nfy_buff/icon_buff_gandian3.png.gz,aaeeefd2f3475b8f4bd49420da3341a7
B6BDEED816146F01FB0BC0FC2A05FC4C,5765,res/piece/nfy_buff/icon_buff_gelie.png.gz,b1239f6faf58e313e0d571e0f7b5f0bf
34031460023F74EBED7B616DBD03A18B,6594,res/piece/nfy_buff/icon_buff_gongjiup.png.gz,f98c718b30498a683b19c194928e10f7
14B9D72A55F429B781F8942C90B6689E,5784,res/piece/nfy_buff/icon_buff_guojue.png.gz,7b2b9673d8952d46d572e287169e9ac6
804D62CBB3DA17BA7FEABA09098FE0A2,25212,res/piece/nfy_buff/icon_buff_hailang.png.gz,d5e0dfc73fcddf80ee68fe0647582ba5
A770B45756CA6E3D2F3C8CE6B3ACF998,6138,res/piece/nfy_buff/icon_buff_heianqiyue.png.gz,816ecb6bfe192917e8f2b1d4bf8a400e
592A4D78EE22F38AB4DA7337F731B70B,5551,res/piece/nfy_buff/icon_buff_hphuifu.png.gz,65fac8687a7c6202ca29c0176334dfdf
591EE5ADCF715BCB2BC76739055F1ACE,7789,res/piece/nfy_buff/icon_buff_huanying1.png.gz,4692a6b1244c457f074b4e9de43979fb
0C71642DCCB1FD8AEAA93DFF694DA69E,8691,res/piece/nfy_buff/icon_buff_huanying2.png.gz,67c9f0adcdeb3deb0ff8cb2d5a10bd2d
C60E24482B4AB46DD57A3F08B6B20E0D,6691,res/piece/nfy_buff/icon_buff_huoliquankai.png.gz,3b224844dffa25068b64d17961d3d800
AD71604588DB0E8A43EC150E765BE80B,7020,res/piece/nfy_buff/icon_buff_huoyanganzhi.png.gz,3e860c60d69acde86c43ec57160a6e6c
EA44CEE2B0F9E2310CC48FE9C48B1A68,6951,res/piece/nfy_buff/icon_buff_jiansu.png.gz,956ac08e777f1675894fe1068a25b1ae
5770425165A41875DF52564E804D06D6,4675,res/piece/nfy_buff/icon_buff_jiaoxie.png.gz,dd0d2f7c666c3ac7a6be0d172fcec736
010FED706A0DD6F6B194BCB56D7EE6E6,7170,res/piece/nfy_buff/icon_buff_jingu.png.gz,6d4f81637364cd5eaf95c2b804562865
FB9A646AA5CA1EB5052EE51BEF937711,5610,res/piece/nfy_buff/icon_buff_kaifuboss_aoyicddown.png.gz,9e47fa001ba920dbca6525eb9d9b01a6
B54594237202878888879CAC1829864B,7544,res/piece/nfy_buff/icon_buff_kaifuboss_aoyigongjiup.png.gz,5d3aede9d854433cf7a33d6e8d7935db
00A4F1DD6B7991A4D134943E45FD788D,5062,res/piece/nfy_buff/icon_buff_kaifuboss_hpdown.png.gz,20188a76e71b69c76d2da82a690fbf15
6F210E11E1FC239CFA1609B294D320C8,6796,res/piece/nfy_buff/icon_buff_kaifuboss_liuxuegongjiup.png.gz,42e9c69fb8c4972fb54c25c1f62c25b0
8171C0936611B4E4BC0D020ADFFA1CA1,6486,res/piece/nfy_buff/icon_buff_kaifuboss_sdun.png.gz,188857631bca222d06a64535d431586b
D199BA73A7A2ED26F61DAD1CB8CCFD7B,6002,res/piece/nfy_buff/icon_buff_kaifuboss_shandian.png.gz,3f4af8d8cdb6d62997e757577c402868
78BAFA973F6508B4A29EC03B367ED712,5026,res/piece/nfy_buff/icon_buff_kaifuboss_tpdown.png.gz,3a41ee450e16d7958c47c4be6965b852
24AAFC9AE0BC627DCCD6C69A93004C9D,5320,res/piece/nfy_buff/icon_buff_kaifuboss_tphpdown.png.gz,1b5dd9dd1dedfa270c2b75cf9b4de8fe
1787E8EEA35E4F8723B3B6466464A06B,6778,res/piece/nfy_buff/icon_buff_kuangbaobingqi.png.gz,5a3620181e2c24ed9db5731bd163cc9b
95E8AE684018FFA40EEF4CC01697D037,6820,res/piece/nfy_buff/icon_buff_kuangbaolingwu.png.gz,0cffddb946eafab3ec29debf1ec0db5e
533774ED0D79B53ADD015E58563CCB19,6956,res/piece/nfy_buff/icon_buff_leitingenci.png.gz,f09268bf254020b852b8f7a37f267b84
DB290B23F7173D2BC65FF4F6995C49C5,7097,res/piece/nfy_buff/icon_buff_leitingxunjie.png.gz,b6cab8cb8dc7411d0c557f35717e3da5
1AD11F9756266A62650D2934C040C1DB,8726,res/piece/nfy_buff/icon_buff_liehuo.png.gz,a0f536555ccffeeb029065b58bf74d04
F7534560E06FE46B950091B9A1E4DB0D,7128,res/piece/nfy_buff/icon_buff_lingdunhua.png.gz,964275c32af53d5a3fae5acb75cf9931
FD3DAAD2E3462A6A9A5FC16DBB036B2E,7259,res/piece/nfy_buff/icon_buff_lizihuohua.png.gz,7ea9525b17901b4ee2e04cea9fe00a86
35623474C3B882D6A03908852A8EA4C5,7725,res/piece/nfy_buff/icon_buff_mozhi.png.gz,6cfeac99824f28fc65f67534da8535ff
0F2D5C899D17E78D838B882654A009D9,6012,res/piece/nfy_buff/icon_buff_pojia.png.gz,9d715b95b2221e5f3c7eb2fdc83a1b66
EEA3421401A7F437E6275C523E5B4BED,6608,res/piece/nfy_buff/icon_buff_quanshenguanzhu.png.gz,1b0fb56baf96ab1901979051d18c09aa
075FE5D5BE9DC21BD696327B15AF7D8E,5743,res/piece/nfy_buff/icon_buff_ranshao.png.gz,677f951ba9482ae7d5064db0010ab6cd
882E0AB92E031C63B9DCA3BB3725EE12,7572,res/piece/nfy_buff/icon_buff_ruodianfangda.png.gz,d0aa5a460e28d8913671bbf16222dfd4
EB3804E5AF678F6F5C95627D912795DB,7907,res/piece/nfy_buff/icon_buff_shenbingzhiyan_jiasuzhen.png.gz,4163444ab430ad4e688827212e4651d7
B119FC9A492EED3FAE6304496E94090E,7996,res/piece/nfy_buff/icon_buff_shenbingzhiyan_jiasuzhuangzhi.png.gz,546dcb353420f624792a84f010ef9ce6
E218131AECB8D04FD6C19AFD9E464772,7780,res/piece/nfy_buff/icon_buff_shenbingzhiyan_jisufuwen.png.gz,3c2d170402a1ac97dfd9ceaa72d350e0
EBA14A0D13AB7568125B8AC7B218A0AE,8133,res/piece/nfy_buff/icon_buff_shenbingzhiyan_qianghuajiasuzhuangzhi.png.gz,da5f1b1967331164c52b91f1a4f268bc
AF46DBC685FE32F9CAE206C521946E8E,6113,res/piece/nfy_buff/icon_buff_shianaiqi_chibang.png.gz,e4ce90109f92128f90d41be04a2efd59
C5CD5940D0B8801E127BE16C2A71ABB8,8083,res/piece/nfy_buff/icon_buff_shianaiqi_guanghuan.png.gz,c1c2cbae07f00ef625ca74994f68d3b2
510DBB4ABD7B9939ED2B61C17BB1CC93,7299,res/piece/nfy_buff/icon_buff_shianaiqi_mubei.png.gz,d80499395ddcd7f89460d8400bd26b60
43F40DEBC68AF63B12308094F20D62A8,5707,res/piece/nfy_buff/icon_buff_shianaiqi_zuzhou.png.gz,e918a66bc92b1460ea21e3444c0b8e08
8949EF8FA40241E5BC8CF31CF6B62D5F,5823,res/piece/nfy_buff/icon_buff_shiming.png.gz,257edf090f0ad16c3cd77b6ca18d61e8
75F01A255931ADA66A2A478E9B72CE0C,6907,res/piece/nfy_buff/icon_buff_shixuezhiren.png.gz,aadb118e5de23760dad191b785bfdeda
1F49E81E1A550702B43E085659AA92AC,10876,res/piece/nfy_buff/icon_buff_shouhu.png.gz,f94a498ca9dcc217e67a2801c085b4ef
C98B70F49A2F2DC15635CE04FD69F2EF,6516,res/piece/nfy_buff/icon_buff_shouqiang.png.gz,73aadda79588ad77aa7f0d837bd51b69
E1F525DE13C01225308D6F1CDD86025C,6169,res/piece/nfy_buff/icon_buff_shuangrenweishi.png.gz,9541ee6179ace276acd5371c703f9ed1
1BB397D15A25BB45ED6CB4D3C80D0308,6513,res/piece/nfy_buff/icon_buff_siwangsheji.png.gz,9cfa9176883f6f3340dc8410bdaf9d35
3841781BA207CFA0E8465F28B6472005,7054,res/piece/nfy_buff/icon_buff_Sshizhuang.png.gz,74d7fcce1fb6c3e7c021f6b9e6571c0c
EB2586D6A3D9B001B9C5B408E4605392,6820,res/piece/nfy_buff/icon_buff_suijia.png.gz,399166781d073f77c6eadc55455aace6
C3F4655B037E832C8E02117E57014D7C,6915,res/piece/nfy_buff/icon_buff_tequanka.png.gz,57bea8acd6cc93f25a66495715ac05cc
FADED2C02C824A3EB1B909EE21D82DD5,4886,res/piece/nfy_buff/icon_buff_tphuifu.png.gz,3d100b48b30b45ccc3a3e45ac460e778
AD7332AFC97FB69BCCDC0501E2A7423D,5093,res/piece/nfy_buff/icon_buff_tpjieneng.png.gz,f9a81eb551c1df72fac1fcc63d0b4c63
9742A333CFAC170F3135131956B35C53,6799,res/piece/nfy_buff/icon_buff_wenyi.png.gz,9c240f284bb8cd27e04d625b7e0ddb7e
EEE6E9C42CF1AE57D4006A92758EF97C,5672,res/piece/nfy_buff/icon_buff_woxuanjiefei.png.gz,7d7b9e5099d1ddab64a5cd1b56719c32
64683DAC52BCFB33FE0B079B5AA72937,7121,res/piece/nfy_buff/icon_buff_wudi.png.gz,29bcbfc6df0a7fdebd74bc5f8bf6882a
CDED98E00644A1D0BF8FC623B7C33012,7257,res/piece/nfy_buff/icon_buff_wudizhijing.png.gz,040a0385fd476d19ec5157577b7f7fcd
0AEDB9028B9162A8FACF5CE9A0776887,6235,res/piece/nfy_buff/icon_buff_wuqicuidu.png.gz,6b2eaf0efdead5a5142792ef75cdb754
4BE8E6D6FADBDB0A04ECEEAEFDE17103,6580,res/piece/nfy_buff/icon_buff_wuqi_jialanxuanyao.png.gz,2cc3778301df1231d335c08a9282e5d9
4B909FFE0D7861CA0307773CB715F8F9,7705,res/piece/nfy_buff/icon_buff_wuqi_yunshixialuo.png.gz,680c3f4fa2d7a9932db83e12277474df
1BD4F84F674C687B7E184DF31127199E,6821,res/piece/nfy_buff/icon_buff_xianglian30.png.gz,b38e732560c632591df3f75a6c95f77e
0DE3064DB0147954B4A2BBB0935CBC94,7383,res/piece/nfy_buff/icon_buff_xianglian40.png.gz,70f090ef7b20dd6c1a625a5e802ed776
3BA8DC9E9AD0D5553199D44016349390,7642,res/piece/nfy_buff/icon_buff_xiaojingling_chui.png.gz,0677c92cbe7bb352d7a3af30cbb29dae
B2E53DE9C5F16C0FC0F2EC90C6DE2471,7710,res/piece/nfy_buff/icon_buff_xiaojingling_fazhang.png.gz,e8325dd3e6270e0991b9ffd2544aa1d0
B013CAF293207DD3DC29965ACBE7EE6A,7361,res/piece/nfy_buff/icon_buff_xiaojingling_fu.png.gz,325d01fded4922c4360dc74740ea550e
0DF59394FE78F92234745D654AF3C9A9,7877,res/piece/nfy_buff/icon_buff_xiaojingling_gongjian.png.gz,6c7f27f5e954ec284e00551ba77baebb
432CF8D76AA4010FC1CC370E83EE8A35,7439,res/piece/nfy_buff/icon_buff_xiaojingling_jian.png.gz,5975180274c039cc9980283e224dd42d
DAE048CE146176898F98C5DFD4C1ED04,7145,res/piece/nfy_buff/icon_buff_xiaojingling_kong.png.gz,e37e448d6669e7f0ea8fd0660516d9a0
80538DF6CA1EDBDAA66B5B2E073342B2,5857,res/piece/nfy_buff/icon_buff_xiefushen.png.gz,f0caba2816c34697c6f44b0cfafaa01d
850BBA11A894B60B71AE53F2519E0B66,7290,res/piece/nfy_buff/icon_buff_xukonghudun.png.gz,9ae92361ed30403a9b0736258169f18c
3B87C3D7FBCB5F4EAC061170707FDD3D,7689,res/piece/nfy_buff/icon_buff_xukongjinzhou.png.gz,97f79ff14c7928007a05944ca34a871f
C1A5F48FBACE054E01383848F8C4769C,7411,res/piece/nfy_buff/icon_buff_xukongzhenfa.png.gz,e8c6f033072b2af3c28e9fb10e18cfe0
96CA32BA530D8C2DB2D6CFD21A7814A3,15206,res/piece/nfy_buff/icon_buff_yangguang.png.gz,bf8238ec2a2db2d4c67cbad863a22a0a
A6A9B485DC3818230E6ED987AB1EDD01,10495,res/piece/nfy_buff/icon_buff_yuezhanyueyong.png.gz,c2bd84e62252d7068cd3bf03582f9472
2DCEDE08AD0DB7CE4B86F23B54732DD0,757,res/piece/nfy_buff/icon_buff_zhezhaoceng.png.gz,c9d239df696dba48dec8c476095ba11f
48E37137894107DABCCBB420716DE278,6625,res/piece/nfy_buff/icon_buff_zhuoshao.png.gz,afe8b704301254513bdb0ac02ba4434a
9AA45BC56B2F3D7C1C2D1F8DF57E0323,6776,res/piece/nfy_buff/icon_changjingdaoju_chongjibo.png.gz,f2a1cff6b37a6a11e4d8e8fe30d1415a
CAD38F5ECDD34EB3E0EE89784C6FDDFD,7730,res/piece/nfy_buff/icon_changjingdaoju_fuyoupao.png.gz,a7b3dddf3d5c2c8a7ecd12e5242fcafc
91B018D270EDA07F4DBA09E54D1F8B19,7049,res/piece/nfy_buff/icon_changjingdaoju_juduwuqi.png.gz,732941518a5b59ada32132aedb102ddb
5C6C51F0D9350E79497156C99FAF9CC8,7226,res/piece/nfy_buff/icon_changjingdaoju_quanpinghongzha.png.gz,b87c4adea8868e61f50d86c0a126cfda
7E0C1254970E572914FBCB9A8A2DBD92,7020,res/piece/nfy_buff/icon_changjingdaoju_wuxianhuoli.png.gz,794ef61a084806d6095e3a9591406d88
2436882908E542F339CD32FF6B9B9DF5,7064,res/piece/nfy_buff/icon_changjingdaoju_zhaohuanjiaren.png.gz,78ea0f2d2c2e6c36bc848e389f699a07
578C20951E067E2A2CA6272D5F03D77E,7065,res/piece/nfy_buff/icon_changjingdaoju_zhaohuanjiaren2.png.gz,3810fb38a9aa3cb92ab4abdb39bfa1b7
C6C80A432D28FB05C10670D3DB165B3B,8770,res/piece/nfy_buff/icon_chongwgaojiujineng_jiasu.png.gz,07c79ff721af96597c1e9d0f98476437
7E88DA0310174B64895722FB040FE7C5,8727,res/piece/nfy_buff/icon_chongwugaojijineng_qianglitouzhi.png.gz,02869b2d87890ba173aa45e5d0784cd2
4082C2EED5999ABB6871D07E8A6AF0B8,8423,res/piece/nfy_buff/icon_chongwugaojijineng_touzhi.png.gz,02fc9f3680c38e0d33e5678185dc9396
1F05F5380AE5717B84D5345F40FD792B,7269,res/piece/nfy_buff/icon_chongwugaojijineng_tphuifu.png.gz,143e059edd95d2a2d53f682504eda99a
A26540BE86B558B778D8858955E7C7B3,7092,res/piece/nfy_buff/icon_chongwugaojijineng_zhiliao.png.gz,beb7f707ee265bf2d814a25b8eec4cf6
5D8941E2D9B2F0E4CEE2D8E36ADF20CA,6117,res/piece/nfy_buff/icon_chongwujineng_baofa.png.gz,a2785be9c4fb5cd58f253fdc8b41140a
E4518A0132D99AC7895D9A0E334638B8,8380,res/piece/nfy_buff/icon_chongwujineng_canglangdichen_lilimu.png.gz,bb13f6f7d1b7aa7351052b97895d0376
D52D5EA6132BE7166AA76791B1CD9D59,9006,res/piece/nfy_buff/icon_chongwujineng_canglangdichen_ling.png.gz,a4fdd97c33ff5801806168ea647eba85
F366EBAF0FC01C98625BBB9C3F22D4DA,9392,res/piece/nfy_buff/icon_chongwujineng_canglangdichen_shenyue.png.gz,f84277e68395a48f229352f0a9f5a8d8
A4500C5B541BBCB8F3BC853CFA7D1B06,6510,res/piece/nfy_buff/icon_chongwujineng_chaomengheidong.png.gz,eb50afb70c3333abe3b9cbc655d5fda5
B6650723DE92275DA3C1E5322A42E397,9016,res/piece/nfy_buff/icon_chongwujineng_chaozaihexin.png.gz,c52efec6c9b35b56e79e486b021382c7
E397D523F828502F52AC2A2823FDA903,6395,res/piece/nfy_buff/icon_chongwujineng_cheng.png.gz,a75cb25225ee419b116d1dcffb40aee9
452F3F0FE1F8BFEA6DACD39450044A7C,6467,res/piece/nfy_buff/icon_chongwujineng_chengxiyou.png.gz,d54d2663693c05f0195dfe386949471e
97E558598A2266DDF4451DDAE20914D9,6888,res/piece/nfy_buff/icon_chongwujineng_guwu.png.gz,d3ce6c56f491e4c1470dcf2e8e796315
ADE3D4D8F8191C4629E964DB2FFD6C96,8743,res/piece/nfy_buff/icon_chongwujineng_heiyan3.png.gz,0c6b8f8c462a2d26a9c86c967fc234bd
1F66CE82E13B95FB0A34F7699FC7C4A9,9211,res/piece/nfy_buff/icon_chongwujineng_heiyan4.png.gz,511b882198cef4dfeb93ed00873d6446
2ED364946A9E949E9E07DEDB05481F8B,8389,res/piece/nfy_buff/icon_chongwujineng_huajia_aiyi.png.gz,9cd58bf1ebe79c8be522c312c4abc13d
417EE7D3B6C617DFD7E5EA2304E71B8B,8735,res/piece/nfy_buff/icon_chongwujineng_huajia_shouhu.png.gz,909a1e9d2a8d14673e14975630d43e78
9DA5A43C0E284D22EB2AB7856FE87CC7,8354,res/piece/nfy_buff/icon_chongwujineng_huangxingbumie.png.gz,44addb904f944b79be4a7f536793639d
6B9B00AF4088D226258114CF8347BD60,6393,res/piece/nfy_buff/icon_chongwujineng_jiaoyi.png.gz,6b128b371b2fd056df065e2a2b673164
6A0E72F3AB8EA381030945FBF950EEB4,6876,res/piece/nfy_buff/icon_chongwujineng_jiasu.png.gz,f3eeaa9768524d71edac580569d51ade
71FEBA7E096C931BC4BA9DA6B0DE8593,4254,res/piece/nfy_buff/icon_chongwujineng_jieneng.png.gz,d0e57488fbd0f95173aada9055f599ef
ABAC52892AE8447831518239EF05713D,6865,res/piece/nfy_buff/icon_chongwujineng_jilehuoyan.png.gz,3d2ac0359fe5ac3982e999e05e4d85fb
6D7247FEFFD84D1D7FA4715A1D417E82,6989,res/piece/nfy_buff/icon_chongwujineng_jinzhao.png.gz,eff64d9e46d23ab78abee1dbee1420f9
EE80ED838360455F5702C064D7DCE350,8337,res/piece/nfy_buff/icon_chongwujineng_jizhong.png.gz,06c2cc826631b02faa09a285d5617596
F2DAF3176740EB6E3705DD8933644871,5721,res/piece/nfy_buff/icon_chongwujineng_kuangzhanguwu.png.gz,9da24e75be0eaf62830c296ef9902f27
8E0942C9703A33664F27D75F3D62C86C,5297,res/piece/nfy_buff/icon_chongwujineng_lan.png.gz,9f5285ce21960ac27c426ea9d7d9cf78
4063FF09A5C597C8FBAD0DB4157F9A70,8447,res/piece/nfy_buff/icon_chongwujineng_lianzhiwu.png.gz,13977ed2e44a8044628881238f4f2ddc
2EA04941BCA6F83B47AC1B3487524BAC,4772,res/piece/nfy_buff/icon_chongwujineng_liren.png.gz,8cb382fd7946c0865e31f1614b4a907a
DF43B921F9730D49464EEAA8F970968F,6367,res/piece/nfy_buff/icon_chongwujineng_luolidun.png.gz,62b9790b17a70868c7febd62241d6e60
CE13E18ABC08FB426E98DF1EACDADBE8,6843,res/piece/nfy_buff/icon_chongwujineng_mengtu.png.gz,f00342a207214339458520bfe0a65bdf
ABD30081DE452E14AD6F67741639D342,7623,res/piece/nfy_buff/icon_chongwujineng_monvshandian.png.gz,5fd7e4a052e751f45b104871606595ae
6DADCFD28A37593E8E86F8B4C8EB33AB,7356,res/piece/nfy_buff/icon_chongwujineng_ouhuang.png.gz,3a15baeff66fe356ec32eed99e143257
B253D2C3DD229E45F840577452AA1B19,7005,res/piece/nfy_buff/icon_chongwujineng_qianglibaofa.png.gz,b313a3c70bd19c812d9ca23ba23b72db
9C0A1A402F10055E5422C6E7CF0D585A,6680,res/piece/nfy_buff/icon_chongwujineng_qianglitouzhi.png.gz,1a76b397d8cc860bb901160037ef95d1
54F33AFE63E007C08E1DEB8F3969F9E3,6391,res/piece/nfy_buff/icon_chongwujineng_qiji.png.gz,b5f2df8b68de9332e202305da3178c62
4DE3E1A2B1A47132CEE00C48B0B14433,4508,res/piece/nfy_buff/icon_chongwujineng_shengyu.png.gz,40074d950880c14ee4a8c68571ec0513
24C14B36C4D0253658B2E4420878CFCA,8824,res/piece/nfy_buff/icon_chongwujineng_shishi_anyingzhichu.png.gz,f46f4ca9fc7cc13ccb3635159527a418
9D82B3EAEF79A3F1522FBA7348B7B9CA,9477,res/piece/nfy_buff/icon_chongwujineng_shishi_anyingzhishi.png.gz,4f6de6cf04a5cf89962ddc55d3134846
526BCC8C8D6024D1E7000C9CD2831BDC,9417,res/piece/nfy_buff/icon_chongwujineng_shishi_shenyuanfuhua.png.gz,43916fb5902200d3ba1cd54d53bbee0f
806FB5FC57E170051D029CF743DDF299,7772,res/piece/nfy_buff/icon_chongwujineng_shoushen.png.gz,f24ab6a8d413f6ee8b151cfc61764713
BA6AB92967174708199A7382F8AB0697,8404,res/piece/nfy_buff/icon_chongwujineng_tianshijiahu.png.gz,6d265444479199a4e6afeec506d511cc
871DD651E92D485E1A8673D40E64D28B,6150,res/piece/nfy_buff/icon_chongwujineng_touzhi.png.gz,e3fb19d131922199ee0c4dad24f77906
E437C59E8A5E9480B54832715CD3A512,4721,res/piece/nfy_buff/icon_chongwujineng_tphuifu.png.gz,171c038ba6bc1a2cbb69ace903365c4c
1F91E52AA537983F444C9123FFA60772,7079,res/piece/nfy_buff/icon_chongwujineng_weixun_chognwuda_1.png.gz,98f1a9685f2c873db111c2ad62bb8195
D36EBCB9F91BB7EED9769376B9290686,7506,res/piece/nfy_buff/icon_chongwujineng_weixun_chognwuda_2.png.gz,94c0c4a1b21cdf192a2fa75450c4984a
75BAB4DDA57A59F131408A5D65644E1C,5935,res/piece/nfy_buff/icon_chongwujineng_xingyun.png.gz,76e14c59f799f0ac88b4f1cd825ab2fe
DB667043A30ACC9095E2AB7A3E1BD382,6666,res/piece/nfy_buff/icon_chongwujineng_xueqingwei.png.gz,a6c5c611db0fade9907b61591b832212
402BBDA199AA8FD1C64C4C96A17DACA4,7692,res/piece/nfy_buff/icon_chongwujineng_xueyu.png.gz,e02a67b3cf45722fb631cea1c0ed8bb1
D8F54E2C2A2553BA3BC2174EAA7C7A8F,7014,res/piece/nfy_buff/icon_chongwujineng_yingfenshen.png.gz,11e7b38ab1bf66a03992dc23d6e1969e
6DB86F79E383FE5DA9CCE980CB46C069,6699,res/piece/nfy_buff/icon_chongwujineng_yinghua.png.gz,2f07f64e0316628fb493c73425134b45
337EADB688BFF47EF263E934C6E53B05,5634,res/piece/nfy_buff/icon_chongwujineng_yizhi.png.gz,10da924bb70192d140f660de82bbe396
18E6F6C177DA1372DC3CA49D3D3326C1,9090,res/piece/nfy_buff/icon_chongwujineng_youna.png.gz,850b058f88fdf63d7885392d54ba6e89
F4BD3A6EFB799389517710F880D3BAFC,5563,res/piece/nfy_buff/icon_chongwujineng_yukongxi.png.gz,70cc357a8da58d7c56e4261b86b723cc
F0E8A3AC8070025B5731AF864F914077,6464,res/piece/nfy_buff/icon_chongwujineng_zhaohuan.png.gz,2fa3bd33948bc9f85264e3d9ca5de85a
5EC67BE7410FB7C7F00CFE88C32BF213,7874,res/piece/nfy_buff/icon_chongwujineng_zhaohuandajun.png.gz,35972e29cd5e4593bec903f7179496d5
FBCA69A0ACBBD377E5A6109B8BA6B41A,5876,res/piece/nfy_buff/icon_chongwujineng_zhibingzhuang.png.gz,21b68aee908a99f1f9f73885f819c17f
8F00ED64A564577DB5DC71A3DC971F87,4231,res/piece/nfy_buff/icon_chongwujineng_zhiliao.png.gz,1352854be7fee7a940d36b3938b15208
3CFD02578C888F1145A0DCC6638CE9D3,7797,res/piece/nfy_buff/icon_chongwujineng_zhongqiu.png.gz,431d0c6f80ab4deaa0f46fd3af2055f2
1225F561AD759068C8774B22A3AC6A0E,5569,res/piece/nfy_buff/icon_chongwujineng_zhongren.png.gz,f111feef89d236c71d6fa6ded8d45977
763C5A6A38E59F08A5DB94B7687CA7CA,6382,res/piece/nfy_buff/icon_chongwujineng_zi.png.gz,3f8db1295eb2bac7e916cbd18ee7f2c8
EEDB379643A729B253E643B92706E49F,7029,res/piece/nfy_buff/icon_wuqizhuanshu_dianchang.png.gz,ecc000f0b8f4a908ee8b774381148c9a
C3F24D34033BB7786913BFDDE7EC01B3,6425,res/piece/nfy_buff/icon_wuqizhuanshu_shexian.png.gz,78fde6d331f82dab1bec5b00278a0898
683FCB4598497F16A53EB03E191D0333,7372,res/piece/nfy_buff/iocn_buff_diancichang.png.gz,33962208e810627501086a2581ae4397
5401AC5E005AB98D7401691B0DB0BAD2,10170,res/piece/nfy_buff/ui_buff_qianneng_bingjingtuci.png.gz,f8f4d51401aeaf53f41324206fa4c5a8
6974A6E4BD5E1739E016C427365BDFA3,9994,res/piece/nfy_buff/ui_buff_qianneng_buquyizhi.png.gz,7136a4cc7942aa0d2c9febc0ac3809ba
298FDC21921135A44E2E4191477E1970,10237,res/piece/nfy_buff/ui_buff_qianneng_ciyuanxingyunxing.png.gz,544ac8743dc5e7aff0aaab80f2722a58
6466DA8B531CF67DF8039E241756F194,9971,res/piece/nfy_buff/ui_buff_qianneng_gongzhenpojia.png.gz,358f53b4c40892f137a72995fbe386ca
AE7D7180DCA66DACC2CF9A86DFEFC43F,10125,res/piece/nfy_buff/ui_buff_qianneng_huoxingqianghua.png.gz,5262b4d8ac61d2f9372c18a4ea5e5a0d
9F2C6317E936B11230E20D1A07DC5E4A,10011,res/piece/nfy_buff/ui_buff_qianneng_jingjiguanghuan.png.gz,e9b9700cb184bd3673a53da3df0d1928
A91FBDA6D162D91EE42DDF50E93D03EC,9464,res/piece/nfy_buff/ui_buff_qianneng_qiangxizhongji.png.gz,ddec2239a2e21064c7249de24f02d8c6
DB9AD211A5C62572C811EB18EDBA6BD9,10169,res/piece/nfy_buff/ui_buff_qianneng_rongyaohuanmie.png.gz,ebd37b70a758da1f51bb4f13ae9e5b90
8B3877E09A26274B96B2CDBEB6D54BC9,10664,res/piece/nfy_buff/ui_buff_qianneng_xuenuchaoxi.png.gz,dea3273a43a2d4db22f570733ea71db5
01D0D33EE12DBC325555B327595BB763,3526,res/piece/nfy_buff/ui_chongwu_chaojijineng_jiagongji.png.gz,aaffa6c725db3b0e6ffd27770faa1627
9F813D735B8ACF4685A6A5033A0D783C,9839,res/piece/nfy_buff/ui_chongwu_gaojijineng_boxuezhe.png.gz,5315851d9bedb8e189ac20f474295991
E82E481E4A067826E9F1FCC2C44D02BA,9459,res/piece/nfy_buff/ui_chongwu_gaojijineng_chaonengzhi.png.gz,5120c3f985a5b39e12c5bc5535535797
24649B115389070B3EDC120441F8A5B5,7868,res/piece/nfy_buff/ui_chongwu_gaojijineng_chaonengzhuanhuan.png.gz,72cac05c7d1a3cf639a04c8a9e321142
7A44893999623BB1A5A8F092CB133BC2,9108,res/piece/nfy_buff/ui_chongwu_gaojijineng_chuancheng.png.gz,87d7028a1935a19c3be124d8803501cd
DE62F798E14B5DB770F2E77570ECC177,8831,res/piece/nfy_buff/ui_chongwu_gaojijineng_chuangzao.png.gz,8dd62558b9346b218be5b18eac8c5f94
5642B4C7B1B8D677235248819F7141E3,10175,res/piece/nfy_buff/ui_chongwu_gaojijineng_fenshen.png.gz,358890fea9462cf3f89ffc4b77a3dab8
FE1296293E7D6F33EE1FFA9957FA1F63,10173,res/piece/nfy_buff/ui_chongwu_gaojijineng_fuzuoyuan.png.gz,fe55cd44c483d3b4f38b88c139534a9d
F2BB76FEFA4D130A0F0F718306D78342,6911,res/piece/nfy_buff/ui_chongwu_gaojijineng_jiagongji.png.gz,67ca496cbe7c24dae110708295a8291c
AF513D5731D7DFB7196BEAB3B5E097BB,8840,res/piece/nfy_buff/ui_chongwu_gaojijineng_jishi.png.gz,22cfa0ad128d506743d4d61232c1c536
5328F1B3F0EC38EC0C4A86EBC401DDB5,9236,res/piece/nfy_buff/ui_chongwu_gaojijineng_lianji.png.gz,600689f301099738184f8f6ea4b1ec64
F3CB979C7859F7A739A384304BD88556,8723,res/piece/nfy_buff/ui_chongwu_gaojijineng_qiangdou.png.gz,13b09103e012945f40375bfb2357fceb
5880538EAEE68E954AC25DD405046621,10780,res/piece/nfy_buff/ui_chongwu_gaojijineng_qiji.png.gz,a511b8709d72b98a721e01e08f23328a
0592E6CEBA47FC7417FC3F55AEFC7EC3,8487,res/piece/nfy_buff/ui_chongwu_gaojijineng_shikong.png.gz,0740c75d8531694dc346b6e7df2202ff
C507FE55D4CC1D5672B551CEFB06637F,10280,res/piece/nfy_buff/ui_chongwu_gaojijineng_shizhihu.png.gz,08b483a86ca680be59575202e2404978
3FCA260A79BD7952814D208A09571606,9780,res/piece/nfy_buff/ui_chongwu_gaojijineng_siwangzhiwu.png.gz,eae8e6581c19f6d79de5a775146c5ff6
28DE9FFEFBFDC78679AAE9ACADA7CA16,10282,res/piece/nfy_buff/ui_chongwu_gaojijineng_tianshi.png.gz,cf6fc9b43aee5120d7ac4ff84fcbba5d
3D5CA2019AE2036E924188CF0AE9C698,8545,res/piece/nfy_buff/ui_chongwu_gaojijineng_wangzha.png.gz,d2c78919a5043e6604859b656ab21fb1
252221E9F8AAAFD4234B44736C41977A,9407,res/piece/nfy_buff/ui_chongwu_gaojijineng_yishujia.png.gz,2aded14cb620e3c86daea1e05711b64b
C980E7F6724F4824933E381C698E7E8E,9272,res/piece/nfy_buff/ui_chongwu_gaojijineng_zhicai.png.gz,cb09443c45cc4f752a94b47f0a85c205
A98BFAB3A12FD73744B05EE8F9C76936,6962,res/piece/nfy_buff/ui_chongwu_jineng_baojijiacheng.png.gz,4babf80cbca973cd116ec9e53551af36
0F50B314C9AEB9B75BD26A0AB2CE3621,7382,res/piece/nfy_buff/ui_chongwu_jineng_baoqishijian.png.gz,812b0b78be387597700ac85a74bc25ad
9B70E226A27212A13C4FD0FB8984BB34,6742,res/piece/nfy_buff/ui_chongwu_jineng_binsiqianghua.png.gz,7514cc0b3fa6cbe74c6488afeb42482f
3A4404DE78D72320DD3630AD4D29FF33,7544,res/piece/nfy_buff/ui_chongwu_jineng_bossshashou.png.gz,ddc0ddf47d44df250523523a3d07f3b8
7C6D5DB0E3AF654C3AB3CEDCC8EE2235,5196,res/piece/nfy_buff/ui_chongwu_jineng_busi.png.gz,e94684ad762f07e10b294dc4322bdf68
0A4FAA6F2452F5C1AAD679180BE6F575,7654,res/piece/nfy_buff/ui_chongwu_jineng_chaonengzhi.png.gz,b0d902b99b64a2450372bd4c283750be
71A3E905A1741695227DD9D0968FEEB3,6705,res/piece/nfy_buff/ui_chongwu_jineng_chaonengzhuanhuan.png.gz,459dc1c41077e0e27538450e00afbb5c
E9C4D2DFF778D9446B130204A086985C,6758,res/piece/nfy_buff/ui_chongwu_jineng_cuozhao.png.gz,85b1079496121b7b01475502ec200e6a
BC6A1D8C8B55006A90EC0ECF9A02D54D,5810,res/piece/nfy_buff/ui_chongwu_jineng_gongjihuixue.png.gz,2b728486085922c6ef9361944f8202f4
ADD6749B0D30F9540921D03F7C0A1E0B,8655,res/piece/nfy_buff/ui_chongwu_jineng_heiseyingwu.png.gz,ed43c8fdc76c61fdb0100c601b8a190f
2AEC5AEE41A180089C477F69513E53D9,5080,res/piece/nfy_buff/ui_chongwu_jineng_jiagongji.png.gz,e1b32fc538481d0ebaeeedbf4ffabf9d
9C406E0645A287DF3DE0689D687EF4BA,7661,res/piece/nfy_buff/ui_chongwu_jineng_jingzhunsheji.png.gz,f5932cde080f4f45c7ac18b256eb871a
73E6E71777806095A09929EEBA815CB6,6211,res/piece/nfy_buff/ui_chongwu_jineng_zabingshashou.png.gz,92c53ca855b0f1abfb2fd09bdc416a4e
3BE28E8247AFF627204FB743266BF157,9821,res/piece/nfy_buff/ui_icon_chongwu_budongrushan.png.gz,bde0498376d41b814fe474497ae7569d
8E07D2441242D43DFCE34D50BF504504,9742,res/piece/nfy_buff/ui_icon_chongwu_qijirufeng.png.gz,eeb9c0b258aeb5f31fc6e975e54afaa4
D1C53DACF98A67EC47ED450A93250B2C,11587,res/piece/nfy_buff/ui_icon_chongwu_shengguangshenpan.png.gz,9e7d7165a2df37cfe3093f2fa438b6e9
90EEC7D5AFA881B63E8D14BFDA351A33,7328,res/piece/nfy_buff/ui_icon_huoban_buff_jifengkuaida.png.gz,de4c3fb082daf4b73bfe72489b290a72
22AC0F236A2515FE8D492B19B20C237C,6345,res/piece/nfy_buff/ui_icon_huoban_buff_tiegu.png.gz,5858795fea9033575dbdcd68520b3be8
2F54F1AE4FCB158C1669916650773D2B,13268,res/piece/nfy_buff_star/duzhao.png.gz,18c42fbdd71341a93b0e08594fe6d6ee
A45AA7A3D90720DECFE24771F2A10E8F,11368,res/piece/nfy_buff_star/ui_xinghenbuff_baopo.png.gz,18bfac1fcbc0fa0cc49e8862c7107cb4
57AC73CB723BC88AB80570C05CBB8A96,13635,res/piece/nfy_buff_star/ui_xinghenbuff_bingchuan.png.gz,9bc037facd10e3d869a2c878cbc19218
A1E105AE50E6AE2CA5E56D5573E7C74C,14385,res/piece/nfy_buff_star/ui_xinghenbuff_bingdong.png.gz,3e8c64caad909f317af026fbe76f7a34
622D55CB68879205B4D47A3989C2F878,13262,res/piece/nfy_buff_star/ui_xinghenbuff_bingqiang.png.gz,a4f40f1f24ba199e72da12dfde872a0e
9B20D269D9A959F1D5D3444429B5D96E,14899,res/piece/nfy_buff_star/ui_xinghenbuff_bingzhuishu.png.gz,b1babcfa65601cefe78464701ef32a12
4F3CDC70F005E697EE55C29F67149832,14508,res/piece/nfy_buff_star/ui_xinghenbuff_bishijixu.png.gz,90eecf5b28adf4eabaa634b556a6c46c
630D7872B8934B32172079B8017A752B,13385,res/piece/nfy_buff_star/ui_xinghenbuff_bojuexuemai.png.gz,b9794b9b9df0924903cccfa95eb0d692
82CC6743E5FBA1BBBE25F287094BB096,9485,res/piece/nfy_buff_star/ui_xinghenbuff_chongdianbao.png.gz,64fd5cbfc389e86e12235ed8ad7e146c
045B1C0FDE61FD3DA02EA0E2A91477F7,12580,res/piece/nfy_buff_star/ui_xinghenbuff_cuorui.png.gz,82247f44dcca81375f7e22d99467b373
08D5B8BDE206185BB32CEDF37A4D05C2,10694,res/piece/nfy_buff_star/ui_xinghenbuff_dengguangxiu.png.gz,a58e7ded30f5746d95012206909e44c8
1919E60FD9C2B0FFB0A7A7DBDA90309C,12187,res/piece/nfy_buff_star/ui_xinghenbuff_dianran.png.gz,bed42cb68cf82a61e17341c31399cc41
3824AF9B6D7F0C8583DD2AACE58B7521,16967,res/piece/nfy_buff_star/ui_xinghenbuff_dici.png.gz,bc40084bf12e8721ed79a6ac677d4df1
8F360EC770D192D9E1BA49B29F16D69E,11949,res/piece/nfy_buff_star/ui_xinghenbuff_duwu.png.gz,7f71a0e298c22c9edb6d061f1774cf3e
762906F72CF667B281F4227322BA0AD6,13243,res/piece/nfy_buff_star/ui_xinghenbuff_duzhang.png.gz,b055eec3d6245c031a4246360e327ae2
A7F638B77D93F1CEBC9F3C70EB1979A0,12827,res/piece/nfy_buff_star/ui_xinghenbuff_fanshe.png.gz,762719e430f77efc9b9c852324cb1873
E4B1EB236090B5512671EE2B2BDBB9B2,10796,res/piece/nfy_buff_star/ui_xinghenbuff_feiyan.png.gz,d6c41d1c20a4a3bae3c874d0db65e14a
BFAF07007F9A3B7307546C70E38F8DE9,11790,res/piece/nfy_buff_star/ui_xinghenbuff_FEXhuweiji.png.gz,b36f415017edae87da22f0f29fa849b6
46BD34D6976CB72F9996336E36BD64CA,12039,res/piece/nfy_buff_star/ui_xinghenbuff_fukonglianji.png.gz,f51a09254ab06ee476f69f474a88d051
C40D303A9266315D4663AC32633AC98A,12391,res/piece/nfy_buff_star/ui_xinghenbuff_fuzhong.png.gz,cd283f2347669b617fd810c8b6b90cd4
2B80FEBD11CF094BB8554EA0A2ED6FE0,11109,res/piece/nfy_buff_star/ui_xinghenbuff_ganglie.png.gz,b58499e461096d0f3185f41c04a57631
867D81E9D629490E1C3B8BB21A382D49,9926,res/piece/nfy_buff_star/ui_xinghenbuff_guibian.png.gz,d2a32ac9d223a7a8235f37f7ad21e709
CD6577F0605EBB0C6BA6CD0DBE5D4E65,12736,res/piece/nfy_buff_star/ui_xinghenbuff_guijidashi.png.gz,f94c7501d5de3b9b0fea99b2e0db4528
7179CA3A14847FDD097CF9CB439E7B8B,12167,res/piece/nfy_buff_star/ui_xinghenbuff_hongzha.png.gz,6846fe7d45fe31a528bb3a00423c6678
E5589EAC7890D85A47B22BA3DE45DF9D,13873,res/piece/nfy_buff_star/ui_xinghenbuff_hudun.png.gz,0ce659ab87089be1eb7f779dede7b7dc
F1BA2BEC9F5AEB087FA20B8ABC2ACB71,11593,res/piece/nfy_buff_star/ui_xinghenbuff_huoshan.png.gz,bd0694af1579d799502f19dd92e4c7f1
613F007285D3C6B64E1C81E8471397CA,16788,res/piece/nfy_buff_star/ui_xinghenbuff_huoyu.png.gz,b8c700a9a07ab36338fb3c59951c1760
CC3EAD87D345074842B76F1C4113C59E,12761,res/piece/nfy_buff_star/ui_xinghenbuff_jiaojian.png.gz,13bd7b5571edfb2b1fb36d7ce3c7b080
40C03D6BC5D01B31CD57AEC97E654631,11395,res/piece/nfy_buff_star/ui_xinghenbuff_jieyue.png.gz,6ff71855cb98e048e013b38a163381ab
2F183EA31F4096B4A1A172063D69D4DB,14660,res/piece/nfy_buff_star/ui_xinghenbuff_jihandashi.png.gz,859e6a125f7918b55b55a0f21bb2437e
01EED801FB7E49D36D6D0CBC61109C11,11782,res/piece/nfy_buff_star/ui_xinghenbuff_jingyingxiaodi.png.gz,2e39bbfc5067ba83745fc6b72629f511
879380584F6EBC580A8377E3C531C833,11243,res/piece/nfy_buff_star/ui_xinghenbuff_jinmo.png.gz,45917f0c25fc5d4144bfb9a04da1497b
E682A991223125AC52B28909F127B1DA,9872,res/piece/nfy_buff_star/ui_xinghenbuff_jinsheng.png.gz,0a2245da045af3bd203e9d32070940b3
BF2911648B23328B511F03207F52F623,14075,res/piece/nfy_buff_star/ui_xinghenbuff_konghuodashi.png.gz,8c20c14a66d0ac96a7f051c275564c46
01F43A56C7B3DED85DD635BADCB33F6D,9417,res/piece/nfy_buff_star/ui_xinghenbuff_kuangbao.png.gz,331bb31d72efa3bbe60b19d552b50a06
B63D75F3E70AF8115CD1C2C65EC20668,12318,res/piece/nfy_buff_star/ui_xinghenbuff_kuangnu.png.gz,dbf1910b30421db427dbab69f36a242f
596789B71BC1E17152C939DB3E506D9D,11195,res/piece/nfy_buff_star/ui_xinghenbuff_kuangrenzhixue.png.gz,048c9bf7720f725ce53b60a372432bd7
C3434A012B78AAE62EBA29F07E5A9DF7,11109,res/piece/nfy_buff_star/ui_xinghenbuff_kuijia1.png.gz,b58499e461096d0f3185f41c04a57631
3E156CCE1707611D06F5B173768186C6,11300,res/piece/nfy_buff_star/ui_xinghenbuff_kuijia2.png.gz,cb4107b21aa685455a738eeb008744cf
5A1C404B881E35E3EAC57F0E6CE38FF7,11298,res/piece/nfy_buff_star/ui_xinghenbuff_kuijia3.png.gz,f61defd794c41666df8c3f40818048c0
A3BF7E12B8199ECDA7C2FD16AFD5BB6B,13647,res/piece/nfy_buff_star/ui_xinghenbuff_lianji.png.gz,2383f1306d95095fb647e76c07316e43
3A4316588FDE8E7BFF474A205B20AE23,12444,res/piece/nfy_buff_star/ui_xinghenbuff_liaokao.png.gz,c1f5e1e4b3540eab19b579eb34ab6919
5BBEB7747E5C93C47167362ADF263EFA,13270,res/piece/nfy_buff_star/ui_xinghenbuff_longqibing.png.gz,aebd558a55d069301fbbea64791f3c5f
5B8E784AD1BCC7C7A77674A6BBCA3936,10693,res/piece/nfy_buff_star/ui_xinghenbuff_luoyi.png.gz,0a01fdf14df3ea341e6d514e3cc8533d
D4D55788F2632B681CC03D2850B3D138,12094,res/piece/nfy_buff_star/ui_xinghenbuff_mowangjiahu.png.gz,1b1548a49a6add67d022319b507a5e5f
23543FA46C923135E53420267460D30E,9689,res/piece/nfy_buff_star/ui_xinghenbuff_ouhuangxuetong.png.gz,ad2915c035570e481f13298fa14e8980
A8BFFC845AFB90BB2F7B9B4AFABF90F6,14294,res/piece/nfy_buff_star/ui_xinghenbuff_pofuchenzhou.png.gz,eb8853c64652133c9ac52ab7924fb295
20A589A33C2CB23B14158B1075454174,12985,res/piece/nfy_buff_star/ui_xinghenbuff_pojia.png.gz,db98d2de11ba20a981216ff0b4c6482b
54AA5C273433C76E5A9FCC0FF5B32137,13805,res/piece/nfy_buff_star/ui_xinghenbuff_pomenerru.png.gz,24595458af778992b6bf3dff22559552
F55199FD3501CDB04CA9A6000A5EB937,9713,res/piece/nfy_buff_star/ui_xinghenbuff_qiangjian.png.gz,8739e46a13a982e456d679b26b6cc0df
ECC86BC642DB327F9C4CEA65236D135C,15116,res/piece/nfy_buff_star/ui_xinghenbuff_qiangti.png.gz,87d2c4f47f25ffd760e4a68dd979208f
7C69C4C49BB606E35A1D590CF49EC85C,8205,res/piece/nfy_buff_star/ui_xinghenbuff_qilingsanjun.png.gz,8436e8c1efbdb9f446cadb44df3143f2
71DA3CB8C4E012B8525DD6666E9E4F3C,13410,res/piece/nfy_buff_star/ui_xinghenbuff_qingyong.png.gz,63d705adeb2ce3795e4de9591c5f477c
61EDDB38A22F5B9CD5A02BED83E0E5E8,9713,res/piece/nfy_buff_star/ui_xinghenbuff_shengzhang1.png.gz,8739e46a13a982e456d679b26b6cc0df
747519F32CAD6AFEBC5F97CB18D33072,9896,res/piece/nfy_buff_star/ui_xinghenbuff_shengzhang2.png.gz,08594b1a3cf6289e0c3727b1a636cc5c
F1A9DADD1A7E28F7A4DA8E452C091237,9281,res/piece/nfy_buff_star/ui_xinghenbuff_shengzhang3.png.gz,f9965a65871043a5d1548353bdfce8a5
480C086DB6187D7AA8A155CB5A36521B,10694,res/piece/nfy_buff_star/ui_xinghenbuff_shenmiliwu.png.gz,85d3a9ede5e8a44d430b7ca9059384de
7144A858CFC6073879033D3CADD1E955,14609,res/piece/nfy_buff_star/ui_xinghenbuff_shenmiren.png.gz,e34d83264ba74dd7b4d3b841598b3697
368D93B78584E382F6171BEC1A91EADA,9959,res/piece/nfy_buff_star/ui_xinghenbuff_shizheyongsheng.png.gz,bde2b0f808e7c1b47394ada378d63cd2
8DFA53D2B29A8F0BF5D09AD6EBAABE95,12140,res/piece/nfy_buff_star/ui_xinghenbuff_shoulingzhihu.png.gz,975b3507e22e578721f8ea2607384efd
542EBC42BE475ACB7D49DB6DF6DE5E3E,13474,res/piece/nfy_buff_star/ui_xinghenbuff_shoulingzhili.png.gz,8e4e84f51790c89b90f835203db96af1
56498DB1EF88CE0680C017E2C3A79CE9,13013,res/piece/nfy_buff_star/ui_xinghenbuff_suoji.png.gz,ce38433d239e0ff3b6fc900afce67da0
35BB05FDB796B89C2774EE92944B6BB9,12723,res/piece/nfy_buff_star/ui_xinghenbuff_suozu.png.gz,ca2b055614fbf0a086ec7a62f4efca1a
D6302A379FE09C1CE3DC69A00DE4654F,12547,res/piece/nfy_buff_star/ui_xinghenbuff_tianleijie.png.gz,d8bbbd7232a47eca5239241fb556ea8c
923592AAE9ECD48067DEC1003AD4FB8B,11932,res/piece/nfy_buff_star/ui_xinghenbuff_tishu.png.gz,e04e608b78475d7eca3bee49a9099ebc
BC6024FC474B6A1A4B3BB43AB8E25ABC,12338,res/piece/nfy_buff_star/ui_xinghenbuff_wentuoqijian.png.gz,5cf6c84aa3ccab7f4763c6d5b47004f9
DBB8EF0D7AC5DA2550B3A1D75A2B8DB8,12877,res/piece/nfy_buff_star/ui_xinghenbuff_xianzhenyizhi.png.gz,f2e1b8b0500a9946800028076928dce5
A57F09EEDB9D8ADC8D145F0B97A6EDBD,11561,res/piece/nfy_buff_star/ui_xinghenbuff_xiaodizhuzhan.png.gz,8d7c24de448f19c6a15310cd32129c67
5988E58997B164251CDC1CC94ECD796B,19290,res/piece/nfy_buff_star/ui_xinghenbuff_xuejiezhidun.png.gz,bae1913737d9873e03d1e1a3104135a4
D1FBA3CA3F61B95E75C5F18A54D6950D,18885,res/piece/nfy_buff_star/ui_xinghenbuff_xuejiezhiji.png.gz,46884be2eb469639ba2c526a00885c50
8B0CF16326685AC8DAEC75D4DB26DE2B,19802,res/piece/nfy_buff_star/ui_xinghenbuff_xuejiezhili.png.gz,b0613515f1b1805621c0169552be9def
67E65CD6E23AA5C31C70B475732A5ABE,10954,res/piece/nfy_buff_star/ui_xinghenbuff_xueniu.png.gz,f2afc6709b1d841d68f1c03bd9b45277
BDF22BC958FD38395C1B5AADFE4AA4B8,12531,res/piece/nfy_buff_star/ui_xinghenbuff_xuenu1.png.gz,deac266f0e2566c381751cebd83c23f5
C7A5F04AA1FA74EDFFD255B8BC8F6BEF,12468,res/piece/nfy_buff_star/ui_xinghenbuff_xuenu2.png.gz,f828718ae030f09ae1757e1079d5d875
FB5D92D2B4159C419F42A8F648A09369,11993,res/piece/nfy_buff_star/ui_xinghenbuff_xuenu3.png.gz,4c544bbbed4aef6624eb8b8dbf0d4f3b
A8491559E1E939625E71855176D28268,14356,res/piece/nfy_buff_star/ui_xinghenbuff_xuezhan.png.gz,cfc43d28cd13ee7256d0ba081c57940f
AAE3FDE65D33202CCFCF84FCFB03E2F9,13664,res/piece/nfy_buff_star/ui_xinghenbuff_xuli.png.gz,4fca3c69a7a36b61c278e11ebf3eb8c2
F253F23188EF401433C0BF8095E6B331,12673,res/piece/nfy_buff_star/ui_xinghenbuff_yanhuoxiu.png.gz,857c17728ee7f536cd0aab3cb2685889
2268107D812DB7A525A0211EF5B86273,13068,res/piece/nfy_buff_star/ui_xinghenbuff_yanzhidoushi.png.gz,40bf82d2dbc754e0836856b719a88b2a
77E55CB357BE018DAA9984A1951C16EA,13073,res/piece/nfy_buff_star/ui_xinghenbuff_yingkang.png.gz,f00df72661953061bb05cd9087d3fa12
FC452BABF04F39BA7CB3745D1A34E7EC,12531,res/piece/nfy_buff_star/ui_xinghenbuff_yongmeng.png.gz,deac266f0e2566c381751cebd83c23f5
5CB4093353C5C0558B2E71D4797C62F1,14488,res/piece/nfy_buff_star/ui_xinghenbuff_yongmengchizhong.png.gz,43c8cf2dc62c24387679261499b11edc
2DEA5196A1255426C5F0BC414C661C6F,11262,res/piece/nfy_buff_star/ui_xinghenbuff_zhanyiangyang.png.gz,02f9ca6eaeebd917bf9eb3354a18b0ce
4BBF5A018C49E76C54C3D4A7FF8A2328,18247,res/piece/nfy_buff_star/ui_xinghenbuff_zhaohuanxuejie.png.gz,f2964f7c131673b44355ac74980d8557
9F4D1730467D244F1BD2F58C7D9F00A1,13556,res/piece/nfy_buff_star/ui_xinghenbuff_zhidudashi.png.gz,83aae86afff79909fdc6ca9074de40aa
D44023E9579AC7F7E8683A9D397F0427,16523,res/piece/nfy_buff_star/ui_xinghenbuff_zhuorezhidi.png.gz,e3545b18c2e6b7f641084696f509b661
95386AB2BA6B2DE26DF5E02792C02BE3,12414,res/piece/nfy_buff_star/ui_xinghenbuff_zhuoshao.png.gz,1f83281aa6f96b6ceb95e0cfbfd1e9d4
1E971EFD6EB8E3EDC866946A910412C0,43980,res/piece/nfy_changeProfession/ui_juesechuangjian_juexingfangxiang_heiyijianshi.png.gz,f2de229c37064077e12c9b90cef59ca4
89C5B68DC8F6EA4F2FB99D93B55F3904,42835,res/piece/nfy_changeProfession/ui_juesechuangjian_juexingfangxiang_huoyanjianshi.png.gz,d6a43787d1cd07494fd904282214263f
30C8ACCB884938E5351D070CA9C2E27C,44569,res/piece/nfy_changeProfession/ui_juesechuangjian_juexingfangxiang_shenbingzhiyan.png.gz,180e181541a42fbaac9cf60478c33051
2514157D9E48AA6A3E1C5CF9159BF81C,45896,res/piece/nfy_changeProfession/ui_juesechuangjian_juexingfangxiang_shengjingnvshen.png.gz,112e5dada5a661f337247d1ce649ddbc
1091B8E8B5B1D7155DE9FA8B01196736,45169,res/piece/nfy_changeProfession/ui_juesechuangjian_juexingfangxiang_xukongmonv.png.gz,c81588ef02f06a6f3cc390b84d73f025
8EB682C8DC851D5949B6E8EAE66191E4,45310,res/piece/nfy_changeProfession/ui_juesechuangjian_juexingfangxiang_zhuyingzhixin.png.gz,e8e8f951c696dde31ece18e76b939a27
FF973678D5D768CEE75EADBE7B31DDA8,166620,res/piece/nfy_changeProfession/ui_zhuanzhi_beijing.jpg.gz,f55a1d5fb2140baedef0cbf42c77343b
B3BC8EC18FDF827B3012C8F3ACDE5754,5608,res/piece/nfy_changeProfession/ui_zhuanzhi_yishuzimu_cangyanqishi.png.gz,4c24b376fa4920985b63d5852bdf5679
465285389A3B6D2FB37F86F1B28DCA38,8915,res/piece/nfy_changeProfession/ui_zhuanzhi_yishuzimu_ciyuanlingzhu.png.gz,a0ad51f9e347dabfdce1d53c53e12254
E5D1ECBF03055C6DFF708FB8F6722CD5,3934,res/piece/nfy_changeProfession/ui_zhuanzhi_yishuzimu_leiguangshenshi.png.gz,ea55953942e46973d57d1289f0310c71
3B4C4589F9B21338AD8BECD5218A16ED,4668,res/piece/nfy_changeProfession/ui_zhuanzhi_yishuzimu_shenbingzhiyan.png.gz,61a1074eed8c81dfe956f8d91b551d4b
AB360203924D7D6E3DB3509190ABC02F,5449,res/piece/nfy_changeProfession/ui_zhuanzhi_yishuzimu_xukongmonv.png.gz,f56e9d9484cb5afb1aa88daddfe5b009
702ED46CA2B34B2A5DB127F4F42CDE3F,6513,res/piece/nfy_changeProfession/ui_zhuanzhi_yishuzimu_zhuyingzhixin.png.gz,745195569cc7d386de73fa04a486236d
67E07B33CA76C1E756D791A971256564,16228,res/piece/nfy_chat_expression/ui_biaoqing_bukaixin.png.gz,5c2d0a0304c9f1b75d3b289e44d50138
0084D6B2AB9C524C0A762ECCBDC609CF,14885,res/piece/nfy_chat_expression/ui_biaoqing_chigua.png.gz,c28681d33d228ae683ab80913ea1bba4
F25A672229D0661C369D805518476EE8,16652,res/piece/nfy_chat_expression/ui_biaoqing_chijing.png.gz,2cb25bcae1ad20e4a6f49df90d4ce7ef
7F782506FEAB2726FD9AB94F6AFE0F7C,17379,res/piece/nfy_chat_expression/ui_biaoqing_fengci.png.gz,3f9aae7c3e2d268aa7b25afd29de9ad3
27B101888D19FB082425414C79520B7D,18048,res/piece/nfy_chat_expression/ui_biaoqing_ganga.png.gz,13fe755058e5fe68f7f08c5611f8a983
9883A926620D56E9512213E6B912AACB,16577,res/piece/nfy_chat_expression/ui_biaoqing_gantanhao.png.gz,b4f3fd9f7aee2b14f564387d6634a855
C6A02F7B7D30F9B2C3878703FC27C205,18173,res/piece/nfy_chat_expression/ui_biaoqing_haolihai.png.gz,82f0a1a9dd99c979ef4d3e6d8e93fd26
F682DC609E9ACE3FD94D105BA49C0469,17269,res/piece/nfy_chat_expression/ui_biaoqing_henai.png.gz,b015ebea5ecf638362e64db344061ae6
690EEE1502CA5501C205592273B4B473,16481,res/piece/nfy_chat_expression/ui_biaoqing_puchi.png.gz,1ebe9323ec72c887197d852ff0f5b20c
EB12BFED6F1E8F8A20BF5D73C7BBDCF6,20309,res/piece/nfy_chat_expression/ui_biaoqing_shengqi.png.gz,2bbfc45f678432268f55d09889e663eb
207DA16AB1D2425CF49E355AA39AD6F1,16862,res/piece/nfy_chat_expression/ui_biaoqing_yiwen.png.gz,c9b8e270944309483fac80e6f15a9718
16FDB38DC447843C9A39E8E6F1029C2A,20137,res/piece/nfy_chat_expression/ui_biaoqing_zan.png.gz,5d8752c4c35a66769324dc6decadf244
91F835E2F6A7B1C49B3A98DB87FE9839,20461,res/piece/nfy_chat_expression/ui_biaoqing_zihao.png.gz,cda8db231bc83dcdb5ca4e41c484b339
C7EB6EB31A0DCD486353EBEDE1508800,11177,res/piece/nfy_chip_icon/icon_jineng_xinpian_cangqiongzhiren.png.gz,6336621491da9d3e8d9e362fafbc203f
C685F120CD1710B78433B1C097491943,12673,res/piece/nfy_chip_icon/icon_jineng_xinpian_canyanyinbao.png.gz,3574ed1beb2be09a306614e4fdcdcf97
CF838238D522C9F21F65BD87DDE4A879,6882,res/piece/nfy_chip_icon/icon_jineng_xinpian_cd.png.gz,9751494ef64671e89d43cbd545a9d415
029E3BDD85148B6190E07B7AF9A430E5,13742,res/piece/nfy_chip_icon/icon_jineng_xinpian_chuijingling.png.gz,6bbe86847e6d1f312c8c835dc8c6fa24
6882FEBD9F4E6A6D466EDDEEB9F38B6D,8322,res/piece/nfy_chip_icon/icon_jineng_xinpian_cuodizhiren.png.gz,33bc9fd303ec7bc189ada31504eabe78
42447E9BAA249F6D5A2F097367F87898,7952,res/piece/nfy_chip_icon/icon_jineng_xinpian_dengji.png.gz,08ec4a219c41f4f2a39cfc94de8f3d72
05234D011262B9EB9552222714A61C45,13177,res/piece/nfy_chip_icon/icon_jineng_xinpian_dunhua.png.gz,fcfcf525e3c5ce263b8557d216bc61d6
6C16BEFD5454D359FC91FC3CBC627526,12324,res/piece/nfy_chip_icon/icon_jineng_xinpian_dunjingling.png.gz,a1bea75e1da79f827afe0900233e3502
2DC4709985BBF07791163EA782F9E661,6220,res/piece/nfy_chip_icon/icon_jineng_xinpian_ep.png.gz,ab427dc96c01ebaf046f33d492825b7e
82416A784EE6AB7259E93233701B8684,9262,res/piece/nfy_chip_icon/icon_jineng_xinpian_fangyu.png.gz,0ee597d72b3c135f026797da63f9e385
D6012F2B9F73E7B3092FC2D617BD9CEF,9571,res/piece/nfy_chip_icon/icon_jineng_xinpian_fenglizhiren.png.gz,b800d61596a23ae7e823cdc634bb58e6
E59DFF4B31CE1624A3657D34ED9A44F5,8128,res/piece/nfy_chip_icon/icon_jineng_xinpian_gandian.png.gz,99e33136db787780890b51c315ba5c92
46C8FCFE6618301AE5F168B8FAFE857E,6419,res/piece/nfy_chip_icon/icon_jineng_xinpian_hp.png.gz,4d70e743350371ba06e28e3ea683d240
469ECA324B00B0F6C48FB2F307EA5DCC,12740,res/piece/nfy_chip_icon/icon_jineng_xinpian_hpjingling.png.gz,b20a5680681a386d6c41eb8e09ae0cdc
4FAD662EB5252B647AF92B304377BBC2,9600,res/piece/nfy_chip_icon/icon_jineng_xinpian_huiguangfanzhao.png.gz,80cce47bb82c48cc4e5261aa2eefc31b
C5A8A464E653648BF59CD1020081181C,9983,res/piece/nfy_chip_icon/icon_jineng_xinpian_huoyan.png.gz,5b706bd35140f0d8e756d1f5cf9405a7
DCB94638CCB9417635DD66EAED038F94,8662,res/piece/nfy_chip_icon/icon_jineng_xinpian_jianshu.png.gz,2318983b82cf471d68789b6f02402531
C89227CFAB49C313C9ED98317DCFC2CE,9462,res/piece/nfy_chip_icon/icon_jineng_xinpian_jiaoxie.png.gz,7211872ee048a0ea7b72bd303b1a1e30
0C542B2590FA84CA2F288C3C593CA1D1,20243,res/piece/nfy_chip_icon/icon_jineng_xinpian_jinglingchui.png.gz,2a38ed11cfc2e4b677705e21df89dbd0
1A2676B41568465901C11BEDC63A7A5F,20179,res/piece/nfy_chip_icon/icon_jineng_xinpian_jinglingfazhang.png.gz,2a83a6bb232b0702511e9f2c5d994bf4
49F67E4B4BC9A52FA4AD4F33DC7657A9,19018,res/piece/nfy_chip_icon/icon_jineng_xinpian_jinglingfutou.png.gz,fa1ec5a91389740b0bac3beda77a4a2a
C5314C75990FA1E77F8BA9F6E52D2386,21625,res/piece/nfy_chip_icon/icon_jineng_xinpian_jinglinggongjian.png.gz,0c2947b6a3e1de6340e4833eb0ba4f46
FCCBB037841536793EC07D69E5BCFBCE,19371,res/piece/nfy_chip_icon/icon_jineng_xinpian_jinglingjian.png.gz,ad9f73b905368083582a30e7a6db397f
38C7EE56CF1E8964A59669F6CFC9A345,17522,res/piece/nfy_chip_icon/icon_jineng_xinpian_jinglingkong.png.gz,324672f6ad4292ba566bd82250cec59b
57A84E3E7E30E56BB3CB2682D911CEB2,9284,res/piece/nfy_chip_icon/icon_jineng_xinpian_jingu.png.gz,f1e1867d82b3b682862172bec7e8b54d
495A09120DCE48747C8078E6ADC3096C,13148,res/piece/nfy_chip_icon/icon_jineng_xinpian_jiyiqiujing.png.gz,ceb210ed23387f313ed0f48d1b500901
84ACA246963D469C802A63613BA1A085,9425,res/piece/nfy_chip_icon/icon_jineng_xinpian_juedifanji.png.gz,b2868519fb17a03462821cce228461f3
33FEA81747C6597C8CA8406A1BF85621,13018,res/piece/nfy_chip_icon/icon_jineng_xinpian_leiji.png.gz,062f1b6d8ca87e88f84ca8c353777c5a
3D889B5BBBE0FD9C32CED390BFEEEC3F,10567,res/piece/nfy_chip_icon/icon_jineng_xinpian_lianjijiasu.png.gz,9db068cd363e2b73bdb602f3e0573070
00DBFEFF52E7C9C17ECE5D206AECD254,10146,res/piece/nfy_chip_icon/icon_jineng_xinpian_liansuo.png.gz,9de171f15666ba6b146be31ee0be76c1
29F6B5C48B0AB820AE8E01D30F9B4276,12689,res/piece/nfy_chip_icon/icon_jineng_xinpian_lingyubihu.png.gz,baf62ea107f25ca41ec8496a2b3dfe74
124DDDDD9A7030C611B57A29D8F91AA6,8911,res/piece/nfy_chip_icon/icon_jineng_xinpian_liuxue.png.gz,ac9e74b6391f6e405a1d13e9a44ea6f2
F86ED9AD784F47D95014102359C8C482,8802,res/piece/nfy_chip_icon/icon_jineng_xinpian_nengliangzhiren.png.gz,e0e4204f1a14e636e50a3ffccdaeed5d
380EFFD3CBB92CBFC6DA9B2E977C72A0,9869,res/piece/nfy_chip_icon/icon_jineng_xinpian_nengliangzhiyi.png.gz,ddcda613e330ad5d27665581c31070d0
1B9F14A6555CB10390B7064C53C0790B,12594,res/piece/nfy_chip_icon/icon_jineng_xinpian_qita.png.gz,8d86d09247cabd5aa7539c200ed125df
134BAC1EF9A15CB5C46BC8F0EEC22B43,8588,res/piece/nfy_chip_icon/icon_jineng_xinpian_ranshaojiashen.png.gz,d46307d74efee70506e4aaf268907724
ADD221429DDFD872E257931032E858B0,9477,res/piece/nfy_chip_icon/icon_jineng_xinpian_ranshaomanyan.png.gz,e098d3a8fa81ac75c483cf55dc74635c
4450C55938BA7FF6EABAAE72B6002BEC,8890,res/piece/nfy_chip_icon/icon_jineng_xinpian_shanbijiafangyu.png.gz,f7cc2a712367e26988d0efc698c2a5ac
F6B0EECBAAAEDFB8E2B5FF9BF8D1B67B,7079,res/piece/nfy_chip_icon/icon_jineng_xinpian_shanghai1.png.gz,1dc2e8ec6b9fc27cc20ce207674110d6
126A9E6F71F32806225CB6DC2279F943,12514,res/piece/nfy_chip_icon/icon_jineng_xinpian_shanghai2.png.gz,b5cddf683c432afa5ea517e6a39cca0a
64F8B4C11C02CDD693BC9BF85F118006,10492,res/piece/nfy_chip_icon/icon_jineng_xinpian_shanghaicd.png.gz,fe0d203442a6b61dfb1f5cf88f0c6df5
F618B1DE97807610A135BB00030D2F56,13239,res/piece/nfy_chip_icon/icon_jineng_xinpian_shanghaijingling.png.gz,8dbe4030a4980f2986cc0f7a7b10d58a
20F86018CFBFCC646C769BF687400ABB,7316,res/piece/nfy_chip_icon/icon_jineng_xinpian_suidun.png.gz,8b175183a428bf9cfbf9053e0f829a4d
2A366B0AD7193056E1CC666D65AD3030,10468,res/piece/nfy_chip_icon/icon_jineng_xinpian_tiaoxin.png.gz,73528b0c0e903a62e6a8b451a9c2273d
BB2254437ACAB833B32B48F2E0E043B3,5651,res/piece/nfy_chip_icon/icon_jineng_xinpian_tp.png.gz,f90333ffba0233c24f2826e5cc5ffe7b
28769BC3828F05351F3F310B41516776,12319,res/piece/nfy_chip_icon/icon_jineng_xinpian_wenyi.png.gz,4ffdc5a36a87eb9df8d7afa52b6dbe33
02260FBAF29BE714FE1987D85C3B7A56,4142,res/piece/nfy_chip_icon/icon_jineng_xinpian_wudi.png.gz,4d1d8d7ac6480e06e602c3c2bb71da9a
257FD95ED1EE2306517592F57B24F15D,8574,res/piece/nfy_chip_icon/icon_jineng_xinpian_xixue.png.gz,9faa34213c01bfc2ac34a42ed0993342
ABE6A34A84310EF5F8D97A216FABE0AA,7884,res/piece/nfy_chip_icon/icon_jineng_xinpian_xuanyun.png.gz,3e3edcae4218447c8523f798fa2f8abc
1EF0E199B326AFAD8D2069458F9A6F3F,10899,res/piece/nfy_chip_icon/icon_jineng_xinpian_zhuyingzhiren.png.gz,b4a32b211ba0246947cc3e1acfb0af9a
D10D4D74C85BA8B508669E7EC9075160,416147,res/piece/nfy_coin_tree/ui_yaoqianshu_beijing.jpg.gz,32b591254ed14ad967ad0106de3dbfff
75BF9F3528DFD88DDDDAA064DB8DF842,186196,res/piece/nfy_collegetask/ui_xueyuanrenwu_beijingban.png.gz,56f06842f2667a2983326755433a5e75
ADE054BAB2F9C8689F43FA9F888790B0,217319,res/piece/nfy_common/ui_chongwu_beijing.jpg.gz,0f7a78ecb2d184adb9afd9199ee2b658
075608C5C7F055CBAD60E3B3AE62FCDF,142,res/piece/nfy_common/ui_dot.png.gz,befc5258b4bf1a57f4cccf78d01d0f58
F13D66AEB7A7F3FCEBF041C746A0841F,189588,res/piece/nfy_common/ui_loading_bg.jpg.gz,b4dea13aee91081d14ed2c32bab446c1
DCE6D5B1C6EB4ABD4C96C6FCA382083B,227291,res/piece/nfy_common/ui_new_tongyong_erji2_diban2.png.gz,7b51d377cb69457901ca20cbe3393be9
5DC6A86A9C0267340344A7E128184EC3,115711,res/piece/nfy_common/ui_new_tongyon_beijing2.jpg.gz,bb30051750d40ce2a66e37326e1efadb
D06D6B54B18E7E13A084D3C8D194D3B2,2838,res/piece/nfy_common/ui_touming.png.gz,636f3062f70850fea442cd6310ccaabb
4B2E5985DE81A5235C9544E0D3CA6AF2,24845,res/piece/nfy_common/ui_ty_wenlige.png.gz,20acce4edf0f176318d3db263af80d9a
677067994304C03E7AF065FD2DF1B46E,2838,res/piece/nfy_common/ui_ty_xinshoutouming999.png.gz,636f3062f70850fea442cd6310ccaabb
1FDC9D53E708A8B775C304B2B391FB96,41631,res/piece/nfy_common/ui_yaoshibaoxiang_di1.png.gz,965a94f81a61c3ecc3eaaa6cac197be3
420C0A4ACF7B6A966D930F4A3AB672EC,933,res/piece/nfy_common/ui_yaoshibaoxiang_di2.png.gz,3f25e36ca8b3c978ed7a35af7fcd9a2d
F8638279FDE89F4C1A2DE7710CE231E6,1104,res/piece/nfy_common/ui_yaoshibaoxiang_jiahao.png.gz,08c31e1be7a8bab033422e20f1ac9a7e
DF60920D9B44F9B98E4593C37015990B,13146,res/piece/nfy_common/ui_zhuangbei_zhujiemian_bn_fanhui.png.gz,deffc4a9dbe7e508d0b51cc078824090
24CDC3B18DEA0B793BDB4C70635FB95E,13501,res/piece/nfy_common/ui_zhuangbei_zhujiemian_bn_fanhui_g.png.gz,fd1940b20be30c64ea8159d219a850fd
09721B301FE5424B78C0A70B29CF9A31,3782,res/piece/nfy_common/ui_zhucheng_tips.png.gz,90b042a8982ad34984dc9fa67f37b0ec
B9FC0C97AA984046317E2716EB970C24,4221,res/piece/nfy_constellation/anniuxuanzhong.png.gz,1f43360d700d01a4f29a68685f81d6fb
24F4F3659BFEDF42D1B4FF60652FA0F0,2703,res/piece/nfy_constellation/kunnanbiaoqian.png.gz,eb70cda474e794428cdd85370969a0bc
F308EF5FC74A3DD98A637322F1B80E10,13640,res/piece/nfy_constellation/mask.png.gz,ced723e7182cfc9e725bc24a9365cc49
46629BE0A7AA9A088B9173A0A2B91C9D,7313,res/piece/nfy_constellation/qiehuan.png.gz,a17f49434cac55029c3177bed422cd32
1D97AC228A60E47B50BF097757C7DC59,991,res/piece/nfy_constellation/ui_new_xinghen_jindutiaochengse.png.gz,7a0bf9f41d9473b791afb8c86296e8aa
E080F7DCD228D2F302E52C224BAF33FB,382805,res/piece/nfy_constellation/ui_xinghen_beijing.png.gz,9b3ae7491339be398ecde913dda1fd86
A24812FE1D7A41CAF27412DCB872A381,3244,res/piece/nfy_constellation/ui_xinghen_beijing1.png.gz,6374a5289748bc1bb04432143f11fe47
3C73B03AD741516E8CBBEC315DB29132,2688,res/piece/nfy_constellation/ui_xinghen_boss_dibang.png.gz,ba60acec769d6404e3058325519e3517
9E03DB004347874A186909BDB6FEABAF,1684,res/piece/nfy_constellation/ui_xinghen_boss_zi_1.png.gz,9f057c10502880ae4c476ac1d68949c8
35DC7BF9429FDD8EF5E6FFDA8EB005D8,3917,res/piece/nfy_constellation/ui_xinghen_boss_zi_2.png.gz,a6fb23ec27e6e29d137b748db4d5bb62
69446D65EAA92D96ADB98D6D5CFAEAF6,3902,res/piece/nfy_constellation/ui_xinghen_boss_zi_3.png.gz,e23aea5c9319a959b4e278e80ec5dc44
ACFB6BF0AF3E264C3C32C54150D55AA9,4826,res/piece/nfy_constellation/ui_xinghen_saodang_xingzuo01.png.gz,3fab1396766a22a310e3d0288f0e5b75
ED856C42392F546A04DDC821E231010A,4308,res/piece/nfy_constellation/ui_xinghen_saodang_xingzuo02.png.gz,8b22b7a614995c8a1136bee0ec5ef2e0
E545CBB8D470E27A2AFB59A5180276D6,4767,res/piece/nfy_constellation/ui_xinghen_saodang_xingzuo03.png.gz,2ef02530b2b6f171ba5a8cf3e29ae073
7E28F8C88765AAB7C407B16EB2EC1171,4456,res/piece/nfy_constellation/ui_xinghen_saodang_xingzuo04.png.gz,4bc0699a2cb4293b06447cff0d595a37
017AC57982BEBFEC79E4FD78C4C2065C,4763,res/piece/nfy_constellation/ui_xinghen_saodang_xingzuo05.png.gz,649939db8a1d877ccb442d89a8cd6d23
DBE1F1A57EFCDC9C3F6A7DC32D39D34C,4797,res/piece/nfy_constellation/ui_xinghen_saodang_xingzuo06.png.gz,79e2e3039fd17f6f9179fb58d0e14c77
95F3C52045FD8B9AB1D16AE22692B931,4243,res/piece/nfy_constellation/ui_xinghen_saodang_xingzuo07.png.gz,aebed7fda4c1b3d922cd6c7b7a138609
DEEBC5EB4D6611778FB64FD56807C0FE,5027,res/piece/nfy_constellation/ui_xinghen_saodang_xingzuo08.png.gz,4c4750ffe6ccc2f48bbea41df616228d
0F816AE96569ADC3F076A1BB55961AC7,4140,res/piece/nfy_constellation/ui_xinghen_saodang_xingzuo09.png.gz,9dc03378d9cd896ea796b83b6ccdd1c1
989D19C8AB7821CB8B0EA2693A4EFBBA,3861,res/piece/nfy_constellation/ui_xinghen_saodang_xingzuo10.png.gz,02714f619660290c23458058114c8913
96820CDFE0B9DCBCFCF58F1AC7D99C16,4198,res/piece/nfy_constellation/ui_xinghen_saodang_xingzuo11.png.gz,5c447a6844086674fcfb9ae1c0e430ff
22B0B67928F4D9BB35C7011E5EB1DB64,4750,res/piece/nfy_constellation/ui_xinghen_saodang_xingzuo12.png.gz,075913d94796c6c31d450bcd647792e3
CA5EA4D9AAB315276920BA49AB53447A,50391,res/piece/nfy_constellation/ui_xinghen_xingzuo_01.png.gz,514141ac3c2390dce615287c507e6151
0104F65D45479F4D379369FCCD1339DE,41548,res/piece/nfy_constellation/ui_xinghen_xingzuo_02.png.gz,b5c8872d57efe0d862c8bac7a10fc793
8BDC63CB66663A3B6FB1BFDC1CA738EA,40424,res/piece/nfy_constellation/ui_xinghen_xingzuo_03.png.gz,c37a13ad2abca56c4c34c200b84dee4a
9F45AD98AF27A41D601BB714EE4A99F9,50175,res/piece/nfy_constellation/ui_xinghen_xingzuo_04.png.gz,af4e1c4c688e39893522de349b54d864
619257AC74A549D56328926E2A2C1F03,42765,res/piece/nfy_constellation/ui_xinghen_xingzuo_05.png.gz,7a0d50495d460b4a6ffae97f72d92341
72C17175D6623992B0B390EFD8C17092,51921,res/piece/nfy_constellation/ui_xinghen_xingzuo_06.png.gz,cd13cf3fc3a061bf5d68b27d3c7cee5a
27BF2B0D24480C36297EDFB8387FCA33,48034,res/piece/nfy_constellation/ui_xinghen_xingzuo_07.png.gz,2f549f60b532105a2bd4b469dd09a7cb
7A33E2A845509DBC8952F071DFD2130E,50888,res/piece/nfy_constellation/ui_xinghen_xingzuo_08.png.gz,e8825eadba8353e920cd77b375a20e42
4F74AD09980DDC64110858E64E8AFB30,42025,res/piece/nfy_constellation/ui_xinghen_xingzuo_09.png.gz,7611f92775f4fe48bf2a6fc0c569787b
5FEB098F30F3A51F5F5FAF06528E6FAB,47719,res/piece/nfy_constellation/ui_xinghen_xingzuo_10.png.gz,915c296dfb5bb8c1c5e93da0fb85c5e9
C6A5200731A83A2BD35C4B740B5EB006,55004,res/piece/nfy_constellation/ui_xinghen_xingzuo_11.png.gz,e7ac2b2175d931d99bdcb63e1df3fa4f
92AC8BCDF910EED80B8F4D8A004E95B6,56586,res/piece/nfy_constellation/ui_xinghen_xingzuo_12.png.gz,8bb5183e7400c16b16dc8c748ed3b36c
2923383B63FC6D72F1FA4551C59E31A1,75307,res/piece/nfy_constellation/xingzuo.png.gz,0464a88ce76e72e91a0c9b6ba4c108e0
7B8F2F6FCEEB25C8D63CF4FA00CDD6CC,91545,res/piece/nfy_constellation/xingzuoxuanzhong.png.gz,8b1a2245fdd10ce243ba6a18999f575b
2B1BE0849188152C06B411BBDC034264,390780,res/piece/nfy_continue_charge/ui_lianxuchongzhi_beijing.jpg.gz,854c65b8ea32e5da33b2950b32c5fdbc
14B60DA3E4F1C0E87B1D3E67135E6636,14537,res/piece/nfy_createplayer/ui_juesechuangjian_huanzhuang_jueseming_sling.png.gz,ecebfda0790a604913f91d1afd7e619f
60077D0EDAFE50B733886E5B1AF585E1,17844,res/piece/nfy_createplayer/ui_juesechuangjian_shizhuang_01_1.png.gz,76e9a123da77d9351cb6582f9b3298d8
FA595BDB61BDFFCF497A18372161F35E,19070,res/piece/nfy_createplayer/ui_juesechuangjian_shizhuang_01_2.png.gz,5283c3c3a4192bd2204944217b7ed114
3C3D4FBA58A81719239C00E9AD57D2E6,19377,res/piece/nfy_createplayer/ui_juesechuangjian_shizhuang_01_3.png.gz,5d2af2e93fd87d327e7211c9edad1f20
0CF473BDFE77FD1CD6613904195D2ED2,18774,res/piece/nfy_createplayer/ui_juesechuangjian_shizhuang_01_4.png.gz,f10365e3a4ca5e597563fa1a6c2887e2
F7E03C4E837A942FC0940CA54B6F0238,18811,res/piece/nfy_createplayer/ui_juesechuangjian_shizhuang_01_5.png.gz,27d9779fb9493696b315a67770604e5c
67CE527ED9C7D06B2F8A8370A3ED17FA,21609,res/piece/nfy_createplayer/ui_juesechuangjian_shizhuang_02_1.png.gz,a0db1f0914396903d78fa57ecc7baa3c
44E065BE466240162BC71261362F9B8C,23083,res/piece/nfy_createplayer/ui_juesechuangjian_shizhuang_02_2.png.gz,f50646d5259ae8e4bc714737c9352cff
B2EA510F6FC72BB8EB7F114C7031EC46,17377,res/piece/nfy_createplayer/ui_juesechuangjian_shizhuang_02_3.png.gz,fae4769f0698b4fb1739b68ac68738c2
BF5D6AE9CDA250A2C4F8C5C6DF6935AE,22651,res/piece/nfy_createplayer/ui_juesechuangjian_shizhuang_02_5.png.gz,33991891149c1dd0e008c2eb453957e0
AEFB697509367EE5E765DB5B1C3A92C6,17998,res/piece/nfy_createplayer/ui_juesechuangjian_shizhuang_02_6.png.gz,eacef32964bea53b746a269bec897f36
93FACCA2DDDD72A935FE91AB092F8B41,17168,res/piece/nfy_createplayer/ui_juesechuangjian_shizhuang_03_1.png.gz,af0631187a84c3e1d19460007e5cff57
57C9A6A830F6414D7EFDC5CC9BAD6DB1,20308,res/piece/nfy_createplayer/ui_juesechuangjian_shizhuang_03_2.png.gz,7483747b32d4321a13a15605c4873ee2
76A820F32CBF6984AF97FCE55E08B882,17938,res/piece/nfy_createplayer/ui_juesechuangjian_shizhuang_03_3.png.gz,4526a4d6626cbd45b24b36cb83b35f24
40A7A609D782B9E7C0314576968BE68F,16726,res/piece/nfy_createplayer/ui_juesechuangjian_shizhuang_03_4.png.gz,441e0bb86c2287d47e3c6593f0ad326f
F7BD1C95FFE6673261D0A0A9C2D8EAB9,16859,res/piece/nfy_createplayer/ui_juesechuangjian_shizhuang_03_5.png.gz,55f7c3d486af5c66b155904b07f9c1b5
2110F2D30D127BB4F672D19A33C66DA5,16011,res/piece/nfy_createplayer/ui_juesechuangjian_shizhuang_04_1.png.gz,cb5cef1314c7e0e833b259b0dd18cb85
041FE3F1614689A4E084ABBCD0D5124D,16342,res/piece/nfy_createplayer/ui_juesechuangjian_shizhuang_04_2.png.gz,291ed20a796c6cb7086dac7c54fa5654
2B35A90D33B1BE98A4D059E96EB14AA9,15891,res/piece/nfy_createplayer/ui_juesechuangjian_shizhuang_04_3.png.gz,0ed909bc8f081186d5374bc9a9526d5f
194B934EF6A866EB8F124BCD95592218,15435,res/piece/nfy_createplayer/ui_juesechuangjian_shizhuang_04_4.png.gz,812d7d060e31f9acf5cef090ed5bbaa7
6F16499933359A206ECB5E7B4C011C9D,16806,res/piece/nfy_createplayer/ui_juesechuangjian_shizhuang_04_5.png.gz,b6e406d1feab114a01372ff8237c91c9
8AA7215158D4432EB3731588F2EEA277,15577,res/piece/nfy_createplayer/ui_juesechuangjian_tou_01_1.png.gz,698c02a8ba8a3c66a9fb240277324da3
E4DCA0AFDAEAF6F183388F1D913D6DF0,14482,res/piece/nfy_createplayer/ui_juesechuangjian_tou_01_2.png.gz,25ebddd9602bf14a34c249b3463d30db
3B49C07EAD715B7BF1A77EA2DED1CDD7,15284,res/piece/nfy_createplayer/ui_juesechuangjian_tou_01_3.png.gz,d906a60ffa14efac91ac8db1e745dd9c
06A6590CD4BAD86A4E268848FF236E5A,13940,res/piece/nfy_createplayer/ui_juesechuangjian_tou_01_4.png.gz,adcb4e03d84505640e6eeafe04df2b7c
B991F4E8304F2EB8641B995C7E4A7E68,16701,res/piece/nfy_createplayer/ui_juesechuangjian_tou_01_5.png.gz,002b390726f8cc5acf500104db97ae57
EE41CAE86F1F526018955E048FAF380A,22448,res/piece/nfy_createplayer/ui_juesechuangjian_tou_02_1.png.gz,aee245d3f108935f93ccc53119ff34dd
02D53ECEF3BB66F81FB028F7DD1DEC91,19324,res/piece/nfy_createplayer/ui_juesechuangjian_tou_02_2.png.gz,7b2309bdd83485c49e4855d3947928a4
955CD9E1AD5A72B93735E9F57567D4E7,18414,res/piece/nfy_createplayer/ui_juesechuangjian_tou_02_3.png.gz,219b96e294fa37c2f39f454689b85699
50482DCD237BA4B3537F94F48879CA98,20731,res/piece/nfy_createplayer/ui_juesechuangjian_tou_02_5.png.gz,fb30477e957250b384873517a33fd8b9
8D405BA9B7FD5DD039037380185673E7,18044,res/piece/nfy_createplayer/ui_juesechuangjian_tou_02_6.png.gz,3836ac09f5b3d7004fd080876f64277e
B4449F0E329D252369F9AB4518CDE143,21193,res/piece/nfy_createplayer/ui_juesechuangjian_tou_03_1.png.gz,356892efc0058d904122040dd93b4785
725A4F291B69CABA9A2D22DE24D8B2CB,20833,res/piece/nfy_createplayer/ui_juesechuangjian_tou_03_2.png.gz,58ff1b8e7eb039e65121198555242789
234E34B00AEDADC1916DF3C44AEA1FE4,21467,res/piece/nfy_createplayer/ui_juesechuangjian_tou_03_3.png.gz,e9f6d5c0673210a63597374d62a0f026
1FE9EB1EB5A9DD0F748084B8AD2C1B91,20432,res/piece/nfy_createplayer/ui_juesechuangjian_tou_03_4.png.gz,2868e14f4662320c8f9cf1b58e338c64
7635C093C9AD518023F24E6A0C63FFF5,21109,res/piece/nfy_createplayer/ui_juesechuangjian_tou_03_5.png.gz,71908836b2806566b6a99bd1dcb72ddb
D53FFAE51CEE5E040D41176572AC802D,18474,res/piece/nfy_createplayer/ui_juesechuangjian_tou_04_1.png.gz,fe7b0ec8d404c6a2dbe5567bb302bd57
21DF69421E206B652540C39995F12ACB,18885,res/piece/nfy_createplayer/ui_juesechuangjian_tou_04_2.png.gz,35b57c900e3a6d1553e8c05bccf24086
20C8C5C13EEBCD5B2E86AFBFC83A0473,18448,res/piece/nfy_createplayer/ui_juesechuangjian_tou_04_3.png.gz,1940351ad04ec676411d11b44bfe188b
04E021DF995C573D534F8428AA3A0D60,24469,res/piece/nfy_createplayer/ui_juesechuangjian_tou_04_4.png.gz,a1fd0682122ac32f8ff2ed8c27e13dfc
17B7F5DFDC11B0FA8FBA6C8164C4F87C,17831,res/piece/nfy_createplayer/ui_juesechuangjian_tou_04_5.png.gz,464448eed492cf50850606bbee11d739
222BDCA53D3064CC4E5C2F0A998AF998,104167,res/piece/nfy_createplayer/ui_juesechuangjian_zhujiemian_beijing.jpg.gz,7ff715d282cee500d3c60573b7568fbd
859B2ED481118F719F417C8EC2A4C1D2,36243,res/piece/nfy_createplayer/ui_juesechuangjian_zhujiemian_juese_nan1.png.gz,0499e00a8d4b60d80cc03ca0f299cd85
F4E230D927678EBE56E50E17B405B3A4,36492,res/piece/nfy_createplayer/ui_juesechuangjian_zhujiemian_juese_nv1.png.gz,6f8c5536f49b6c43ce695302baa49f67
046E29E04BE3F5D8694E79F534D42E2C,32514,res/piece/nfy_createplayer/ui_juesechuangjian_zhujiemian_juese_nv2.png.gz,34badbde71625ecc21eac43ca4f105af
EA2A16DB7C64E02CFA83157D5CB01A72,72439,res/piece/nfy_createplayer/ui_juesechuangjian_zhujiemian_video_1.png.gz,44cea77c884c44e9c23728f80a3ed8cb
CBEFA52559F34D4E773EEF047516E55C,56765,res/piece/nfy_createplayer/ui_juesechuangjian_zhujiemian_video_2.png.gz,cc9e9d5a9dcb3d6fc8b45db19ff3e01e
65B40A03D591D3562A2A68ECC7D036BF,16216,res/piece/nfy_crest_icon/ui_wenzhang_lan_baiyang.png.gz,83ca599e834e394b1fca55904e06a37f
5C77734F48D5D62A2A6DB0E29CB291E1,61352,res/piece/nfy_crest_icon/ui_wenzhang_lan_baiyang_max.png.gz,27ae7027814718a06b508a0a5d08807d
A3A8FD5AFC2BABFDD8862E1C40FCB8BC,15150,res/piece/nfy_crest_icon/ui_wenzhang_lan_chunv.png.gz,9dd1dfd91124479f4235280046339cf2
9ACA594DE5E3EA96583CF444F062B0BF,59613,res/piece/nfy_crest_icon/ui_wenzhang_lan_chunv_max.png.gz,17fd0ca1312be74504b9fc1dba6a5b27
3FC46E556C7B0286B67D6546472D3B70,16136,res/piece/nfy_crest_icon/ui_wenzhang_lan_jinniu.png.gz,98266a2803934aebb1da10fcfcbbdca3
A045BD031B68136742860BF8CCE3A08E,61458,res/piece/nfy_crest_icon/ui_wenzhang_lan_jinniu_max.png.gz,b92761acc4993b0d364ad3b2cb9fd2fb
FAB877694597E6898320065321D0B11C,16071,res/piece/nfy_crest_icon/ui_wenzhang_lan_juxie.png.gz,80117598e9be684d84be3da647f91518
4F982873BFCA1357A8E1AB068F5C829D,59633,res/piece/nfy_crest_icon/ui_wenzhang_lan_juxie_max.png.gz,f3df1a2205bd51e240d891d00a729dd6
8BDFF4E38FA25C2D198B8F2D289C434D,16232,res/piece/nfy_crest_icon/ui_wenzhang_lan_moxie.png.gz,551d754f8444134420e7f58cdfabcab8
7B7846105E6E9287F71D70A04D15A309,61936,res/piece/nfy_crest_icon/ui_wenzhang_lan_moxie_max.png.gz,f985c35af578defcceb55247709e785c
E689079D2361BA2CC43B0586280A2A12,16321,res/piece/nfy_crest_icon/ui_wenzhang_lan_shizi.png.gz,afc586c23c7a18e3dca7e73437ad97a0
348984A2B14F84920F1647F889F95CDC,62092,res/piece/nfy_crest_icon/ui_wenzhang_lan_shizi_max.png.gz,2f4074a96a82676bfcb3fa1bca871ddc
DA0613F8A5077D01D68AB607F36EAF47,16413,res/piece/nfy_crest_icon/ui_wenzhang_lan_shuangyu.png.gz,77fbde5dff0abcdf5de7da2723582e9d
97FDB200FBBCC4A1BA3C7E9CE1613474,62238,res/piece/nfy_crest_icon/ui_wenzhang_lan_shuangyu_max.png.gz,15b881a604d9816cb90097bae4be6229
6AC99E93F1E4E6C42C940DD9EC5CBDD0,15597,res/piece/nfy_crest_icon/ui_wenzhang_lan_shuangzi.png.gz,e55656639c62c7d1c6aa64b515268584
248A1078AF0D81584343C85FAE627F13,59102,res/piece/nfy_crest_icon/ui_wenzhang_lan_shuangzi_max.png.gz,d0069e6cecc30f8cf98c198070f4bbf2
7A8623691F75443427CEEECEEDC36BA3,16510,res/piece/nfy_crest_icon/ui_wenzhang_lan_shuiping.png.gz,a889f7d21679dbb82758cdcb98235839
38FD2BD3FC461B16297B93ED366DEE0E,62547,res/piece/nfy_crest_icon/ui_wenzhang_lan_shuiping_max.png.gz,d4b16e826acc9aa3a9ad50da0ddc8a88
72E328C927F04EAF856BC6B76CFA96CE,15951,res/piece/nfy_crest_icon/ui_wenzhang_lan_tianping.png.gz,0b57cb601ca88770c5dd4a48e7f874be
BC83B5EE329BEBFBCA5A4FC0678829A0,60389,res/piece/nfy_crest_icon/ui_wenzhang_lan_tianping_max.png.gz,bff416ad26ee1f5397eecf3bc8953172
DDC5A67676D90A494A55408ABF75823C,15988,res/piece/nfy_crest_icon/ui_wenzhang_lan_tianxie.png.gz,8fd9db1f7860addccf3e1906896d0e0b
7036E140F1856FABE564E265D5C763FD,60994,res/piece/nfy_crest_icon/ui_wenzhang_lan_tianxie_max.png.gz,45f1a63603d87eb0d94b4dfeb5ba9d71
E53B17E12462D87195B5936B2C646FBF,16031,res/piece/nfy_crest_icon/ui_wenzhang_lan_xieshou.png.gz,80ba22227c887548bd1fe297212eca3e
C916ABDFDC4B669A75DFE47F37D33AD7,61367,res/piece/nfy_crest_icon/ui_wenzhang_lan_xieshou_max.png.gz,f2a2400f83730d95dfa8eb1eb8c21d53
5961106900B6CB6F7FC561A0FD49F044,16431,res/piece/nfy_crest_icon/ui_wenzhang_zi_baiyang.png.gz,6b76d45001fdc8b2bd6e5b491e20f708
22D6DE1C73F5E5396F31BAA0DD209EE8,62039,res/piece/nfy_crest_icon/ui_wenzhang_zi_baiyang_max.png.gz,c13adbdd7dd9972cfe176778308c9707
5DF9AE05D909743B224CFD516214E1F3,15057,res/piece/nfy_crest_icon/ui_wenzhang_zi_chunv.png.gz,6c790732485f5dd869038293033c068c
CB5D9213D542E0189E0587EC26518350,60651,res/piece/nfy_crest_icon/ui_wenzhang_zi_chunv_max.png.gz,005519f71923a0f4767a66b07f7c715f
E41FC3295627C679966CE2A120959024,16333,res/piece/nfy_crest_icon/ui_wenzhang_zi_jinniu.png.gz,adfd2c6bbcc752c8ca5d20411dc40cb4
3D632A558299D05D8B49C73B755913B5,62018,res/piece/nfy_crest_icon/ui_wenzhang_zi_jinniu_max.png.gz,3105c881b9c2ca971af77c2fb2a6fcc6
47F64EE4AFB8D55F824D9AE8015CD4BF,16261,res/piece/nfy_crest_icon/ui_wenzhang_zi_juxie.png.gz,865b8054166a891f82343619434434f3
FCF9155462F4468AAB8B02D538928F49,60771,res/piece/nfy_crest_icon/ui_wenzhang_zi_juxie_max.png.gz,996ff762aa83132e1d1d2a853c001fc9
1B9991F35C9FA0BD44104459A6016158,16430,res/piece/nfy_crest_icon/ui_wenzhang_zi_moxie.png.gz,1eb8d9a96a92f687552b19dc300fe12b
0D93BE123DFC1387C6C80A1D5761D713,62703,res/piece/nfy_crest_icon/ui_wenzhang_zi_moxie_max.png.gz,128ff49763d1c6e6259f9c7db4cf3d0d
5D3296438F0CE4E24E4106D73546E124,16521,res/piece/nfy_crest_icon/ui_wenzhang_zi_shizi.png.gz,8ffc8b671d06d8e8711d24d7a02f32df
2348961F7674CA050C50779A8B82D3A4,62711,res/piece/nfy_crest_icon/ui_wenzhang_zi_shizi_max.png.gz,a63220e883670f3fe90770e7c9737081
D5D69A838E14341BABC6FF5237A9C5B0,16615,res/piece/nfy_crest_icon/ui_wenzhang_zi_shuangyu.png.gz,bd9d93e43ea1200ce48106f28c5f4899
ADBECAD41ECE6176940328A0593C1DE4,62875,res/piece/nfy_crest_icon/ui_wenzhang_zi_shuangyu_max.png.gz,e1ce4c0c20ba08d0c15a35330c700e33
A7BEAC105F0E17F6266957D72BD9FE01,15843,res/piece/nfy_crest_icon/ui_wenzhang_zi_shuangzi.png.gz,10ea42037c4315d619fdf2a0db63e1c3
74BB27C52ED96E3E25EE54CECFE91ECD,59863,res/piece/nfy_crest_icon/ui_wenzhang_zi_shuangzi_max.png.gz,b5df219e45d10a35699c81a4f7aba2a4
7948934DBADF7E7F9FAE68CCD85F6373,16719,res/piece/nfy_crest_icon/ui_wenzhang_zi_shuiping.png.gz,232e61f61d747e122065d2bd79bbd6b3
B6489D4AA5F4AF80E8F22A21FE48498F,63560,res/piece/nfy_crest_icon/ui_wenzhang_zi_shuiping_max.png.gz,a2b2eb96117febac9f6e869e6c689b0f
20984DA48BFBA1492FE2BF178DE1696F,16138,res/piece/nfy_crest_icon/ui_wenzhang_zi_tianping.png.gz,19cdbfc8bf8463a3779f96df38667c7e
806EB04B8482FF8F40BE6552602E005C,60681,res/piece/nfy_crest_icon/ui_wenzhang_zi_tianping_max.png.gz,9e594787a1c8df3ca5dcbd3c88c63f79
D0C1920EC412BC6557B44624E45363CF,16195,res/piece/nfy_crest_icon/ui_wenzhang_zi_tianxie.png.gz,e78e21584407e0d8009432bcbd8aba12
50CF2F700A4600A25B6ED0EC8007CD2B,61591,res/piece/nfy_crest_icon/ui_wenzhang_zi_tianxie_max.png.gz,a0e0d6983cb284983c930f7958bdd0d0
CF93F7CAF55EDF4173101E8507313DF2,16328,res/piece/nfy_crest_icon/ui_wenzhang_zi_xieshou.png.gz,feefc6ed9cb30e697d5ed4636338f6c5
743E5F140D71C95DD957C90E841EFA0F,61916,res/piece/nfy_crest_icon/ui_wenzhang_zi_xieshou_max.png.gz,0b7c668373cbd9dc1aa7319858bab3ca
E88022E1BAD7F1E7DA51ADE1D381BCB8,494873,res/piece/nfy_cumulative_consume/ui_leixiao_beijing.jpg.gz,00139cb5a943a29c04834d4252beaed8
216C1D549457C9D02D898788DE669B28,78092,res/piece/nfy_dailyactivity/ui_huoyuedu_diban_benzhou.png.gz,4833f742562c899962a73f7f2ded662b
E207CD43BF0811927AA9FDF3EEA840A0,216072,res/piece/nfy_dailyactivity/ui_richang_beijing.jpg.gz,b8bb6ae4c66e4e4730cdadd3c167e8ff
563A05BCE5FC318837B6A89B0C40B849,40494,res/piece/nfy_dailyactivity/ui_richang_dikuang_tanchuan.png.gz,a85120854bc5fd08975266ea3e52180b
2F6673EB96B2D2105171AE2E1120E396,46069,res/piece/nfy_dailyactivity/ui_richang_icon_ciyuan.png.gz,ec63bf9bb937533bd664276b92163107
21373BC1FA0C81B52A062ACF74C4B545,39488,res/piece/nfy_dailyactivity/ui_richang_icon_doushenta2.png.gz,c5c79074bb66424ac23cf0528addb50b
3B6564528A948B3D13BCE039C6481403,42891,res/piece/nfy_dailyactivity/ui_richang_icon_jiexiantiaozhan.png.gz,5c94a44d25a71ce763ee76d2e1f5f6c5
04C1059D92825B3A34648B0EEEAB5830,49971,res/piece/nfy_dailyactivity/ui_richang_icon_jingjichang2.png.gz,701989f1dfd1b7ee7f284f9844bbd1c5
8CEAC1C94E61A97F72BD85164E7DD49B,51424,res/piece/nfy_dailyactivity/ui_richang_icon_jingxiang.png.gz,ded7cd97b741396ffab0b4e3daf87c16
86FAD017BA8BE8B60AB652D917C92BC5,49774,res/piece/nfy_dailyactivity/ui_richang_icon_kuangqu2.png.gz,4568f1fcc504134128d89e82d2d7a4e3
91682F43E563D30BFDE113EA60BD6354,72545,res/piece/nfy_dailyactivity/ui_richang_icon_lingzhushilian.png.gz,dd91fa667efa943e27964142ab824fde
B9C31528B2A911B742ADA5AB9B165B8D,55454,res/piece/nfy_dailyactivity/ui_richang_icon_lingzhushilian2.png.gz,9bab9fb14a7ebd512d40e5dae234baac
99B686DDA6544A945FB8634B6D89081E,43953,res/piece/nfy_dailyactivity/ui_richang_icon_shilianzhidi.png.gz,6fb0223b53b40a119930fdda7ac52396
2FA53ED63E36D9B3E06D25A2308A8FA8,44005,res/piece/nfy_dailyactivity/ui_richang_icon_tansuo.png.gz,8e4733735ddf60ef893d410951103c50
E80AA729739A1A24738ECB73EA3E4DDC,55413,res/piece/nfy_dailyactivity/ui_richang_icon_xinghen2.png.gz,bba75049ae0b24b225e7bedaf6c0ea35
883DE8E6900A7D81C93985497C1229E5,37421,res/piece/nfy_dailyactivity/ui_richang_icon_xunlianshi2.png.gz,5126fe29e1578207cbbbfafb4f4ad9c1
6FE598E76832E921FE370A6209D7D285,49856,res/piece/nfy_dailyactivity/ui_richang_icon_yongbingdazuozhan2.png.gz,83c47c2e550d4bf97e37dfb4dc3c39b6
53393F03B319E926A6DF23E34E0BAC94,60329,res/piece/nfy_dailyactivity/ui_richang_icon_zhuxian2.png.gz,fd148fae370dda201f9eca7a42097e68
DDD38314C1D8047FF107BF49331D4AAD,52163,res/piece/nfy_dailyactivity/ui_richang_icon_zuduizhanyi2.png.gz,cbc4d2d6077aa666a3429065f43d85fc
E67A7FDBD201AC56891DA35BEF1C9B52,334299,res/piece/nfy_dailyactivity/ui_richang_jianfubeijing.png.gz,9c4abf442dda88ae4f1eb8ca25fcfd5d
EDB7C5D80BBD015DB5DDDA4D945D09E2,291737,res/piece/nfy_dailyactivity/ui_tesewanfa_kuangqu.png.gz,8bf80f02da8e8c7250f72bbe9ab907a5
6F665D53B7991B33D0B3B8A42A4DA0F6,256850,res/piece/nfy_dailyactivity/ui_tesewanfa_paiwei.png.gz,e7acb084b9efd45991654235167672c5
0B752B597B536D3DC70BA4E85A991261,193451,res/piece/nfy_dailyactivity/ui_tesewanfa_shilian.png.gz,c6f3104ebbce2560c820c8ddc879c874
6D6C9C2690D13DA4916E32E956582FC3,195218,res/piece/nfy_dailyactivity/ui_tesewanfa_xingzuo.png.gz,794e2bc527df9e5522a00c128da02f3c
16B8E4FDEF5778B42384868BC50AB6CC,35557,res/piece/nfy_dailyactivity/ui_xianshi_icon_dianfengliansai2.png.gz,56b7fc6d9b47077649469d505f0e19b8
BC88B8785B2346BFEFAF27BEB314D802,52297,res/piece/nfy_dailyactivity/ui_xianshi_icon_dianfengxiaoyua2.png.gz,85d5abe05800f8444ce2267e637ec202
3DF704D999250E98248CD3D520AA91B8,41298,res/piece/nfy_dailyactivity/ui_xianshi_icon_huobanjuedou2.png.gz,6da04591213259b4ab3ce68eebf7d562
F2FD08440D1DB4D23FB3549F20762997,51226,res/piece/nfy_dailyactivity/ui_xianshi_icon_jidizhengba2.png.gz,d0928dd267dafb27f5a6c6607857b3aa
EABDD299BC8061561B20C2A285F3007A,53077,res/piece/nfy_dailyactivity/ui_xianshi_icon_judianjuezhan2.png.gz,9e746b3e0cc043a22b2bd722c8ee611e
02F8F5FD9EF931AA11AEE9A83EB7FC4E,54058,res/piece/nfy_dailyactivity/ui_xianshi_icon_jujizhiye2.png.gz,e8ddd9ea5a97883efb06262b31a04eb4
EB195B6C0FCDC4EBAE1FF15F9B005942,46770,res/piece/nfy_dailyactivity/ui_xianshi_icon_kuafusai2.png.gz,379e047309539243376cb7721259549b
36D2B1EECABD2AA4E4CB8B964777DE0A,47314,res/piece/nfy_dailyactivity/ui_xianshi_icon_lingzhushilian2.png.gz,513a0a8fc76593ff79da8df0a766c934
9D000B680110A2F63D1D1D8FBD3CA742,51346,res/piece/nfy_dailyactivity/ui_xianshi_icon_qiangdiruqin2.png.gz,3521f15ca48a86f91e4e7055c887303d
796FF9682018280EEA5C35FEEAEC26DF,31736,res/piece/nfy_dailyactivity/ui_xianshi_icon_shoujishuijing2.png.gz,364a1ac317b502490b29e364fcd12642
CD503E78A86DA04948F6820024C5FBC8,47278,res/piece/nfy_dailyactivity/ui_xianshi_icon_xueyuanceshi2.png.gz,b7b471aadddf2d9f35fc4472cba0410e
210E38EBCE4B7193B186C48BF9C9B4CD,39770,res/piece/nfy_dailyactivity/ui_xianshi_icon_zigepaiwei2.png.gz,2b429619c9216ec1600d8e28923c4929
91CE7891D2BB07B8E167B5A50A5C2FAF,260921,res/piece/nfy_dimension_challenge/ui_ciyuanshilian_beijing.jpg.gz,c55ae521e437476d0c870a210ae1bece
EF6ADD0A06E53B3BC63256CD14119872,156048,res/piece/nfy_dimension_door/ui_yijiezhimen_jiesuan_diban.png.gz,0996ba9e4714af3d70f2021fa8121746
BFB84B4F21BBC33D33F4AC939C0D87D8,3203,res/piece/nfy_dimension_door/ui_yijiezhimen_menpiaohuoqu_jinduxian.png.gz,5943a523608a9152ebcda7be3b3a578f
D747520B314EC3EDB432AC2E01E75996,1113468,res/piece/nfy_dimension_door/ui_yijiezhimen_menpiaohuoqu_lihui.png.gz,ce32ee2331f29f444c4fae5fe91bb651
2FF33A4D521CA351C887BC6BEEFBE839,80519,res/piece/nfy_dimension_door/ui_yijiezhimen_rukou_dikuang_1.png.gz,69194e07dc08d691df7d8c4973f3fe46
617BC3A7EAAB0DF1129D72E2B0E2B614,85917,res/piece/nfy_dimension_door/ui_yijiezhimen_rukou_dikuang_2.png.gz,2f0912784202c56f1da4908fea1d825a
CF592596053E8832A9B52370F4584CC2,67637,res/piece/nfy_dimension_door/ui_yijiezhimen_rukou_dikuang_3.png.gz,f4a0dde9fc4d1b876aeebc4c7eeaf89f
ED8F61ED2F7736FA43E1D14AA301A43A,68552,res/piece/nfy_dimension_door/ui_yijiezhimen_rukou_dikuang_4.png.gz,7b92a7dc8cdcb96c337c0d239656651c
10E21146F20B0761ED297492E7D9B90B,224382,res/piece/nfy_dimension_door/ui_yijiezhimen_zhu_diban.png.gz,96fe9fd6d3f21e67857a57942c61db71
E8AB6F75E68BCFA996798AA8F5F5172D,224514,res/piece/nfy_dimension_door/ui_yijiezhimen__beijing_1.jpg.gz,b38cb348e1925a9ab3f48756da5389cf
EEE44F85ADD3552ACD5C700864323B0F,229208,res/piece/nfy_dimension_door/ui_yijiezhimen__beijing_2.jpg.gz,5a567447e5d38747b05c1e4d993aa098
BE1036D4C8F2356DEC19C9A602D0208A,309845,res/piece/nfy_dimension_door/ui_yijiezhimen__beijing_3.jpg.gz,014c36848ee7faddd3e23e966b8d6a49
AB1EFC532CECD1B92EA8D1F7778BF010,425471,res/piece/nfy_double_month_card/ui_shuangyueka_beijing.jpg.gz,fc27d0ef277aa135c557ede79b60e1cd
E9876365B475D4A84E55ECA792E53CCC,10149,res/piece/nfy_enemyattack/ui_qiangdiruqin_bosstouxiangkuang1.png.gz,22c7c6454109db2a485793cbfe1397e4
841422E241471EAA7C1595F9EB322B4C,345435,res/piece/nfy_enemyattack/ui_qiangdiruqin_dabeijing.jpg.gz,783c7f50902b19d05ccd3ea2aa43c9a1
88B86EC38B2EDE1D7C451593D8896E12,431054,res/piece/nfy_enemyattack/ui_qiangdiruqin_ditu.png.gz,2627f53d779f91701b705a8449cb440d
F5A41CAD20632E6D736D34EBABB43352,42550,res/piece/nfy_equipmaker/ui_shenqi_gongchan_baodijilu_dikuan.png.gz,b3d26c1c388d9887e19c03dee17d1d88
613FF0DF16788D166092B5BBADAE74EB,1006,res/piece/nfy_equipmaker/ui_shenqi_gongchan_baodijilu_heikuan.png.gz,5639c32ac4ef2b6d7424ea05d24e0521
42AFB7AB7FEA52F55FAE1AB37D4D70AB,7682,res/piece/nfy_equip_icon/wuqi/lilimu/icon_zhuangbei_04_wuqi_bai_1.png.gz,500eb00727201b542c864724ca566577
693B26312D3DF8ED008B2F3C1E697159,7929,res/piece/nfy_equip_icon/wuqi/lilimu/icon_zhuangbei_04_wuqi_bai_10.png.gz,33cf6e47347e910628049bb888bb9b1a
C0737C074C225120D329087DA8FF3FB5,13694,res/piece/nfy_equip_icon/wuqi/lilimu/icon_zhuangbei_04_wuqi_bai_10_max.png.gz,4363d6ea62290f71e34b007597cf5c2c
567B0083C1D9D07C89640B94B1E8A3F6,12866,res/piece/nfy_equip_icon/wuqi/lilimu/icon_zhuangbei_04_wuqi_bai_1_max.png.gz,ef5f18d1c347e89a9e8653fb017448df
5A2A1A257405F340F25476E41AA10658,8910,res/piece/nfy_equip_icon/wuqi/lilimu/icon_zhuangbei_04_wuqi_bai_20.png.gz,d4d8f3878b8936f8f39dcaec69fb785b
23EEF8627DBE7592892D3EFA00D5E05E,29388,res/piece/nfy_equip_icon/wuqi/lilimu/icon_zhuangbei_04_wuqi_bai_20_max.png.gz,e93552ad968f1d8f8d7c31715366215e
BF799D28EA11236DB8FC63A9380F62E8,8685,res/piece/nfy_equip_icon/wuqi/lilimu/icon_zhuangbei_04_wuqi_bai_30.png.gz,1f99c4d30adfa4ff4e85d9afe515a708
7BB3DC25618CDBF1797AAF2271E811D5,28944,res/piece/nfy_equip_icon/wuqi/lilimu/icon_zhuangbei_04_wuqi_bai_30_max.png.gz,1170ed78488a5e7931e5cce1f76eccc5
9892946F94C7DEAB68C2B7EC7CB90875,9460,res/piece/nfy_equip_icon/wuqi/lilimu/icon_zhuangbei_04_wuqi_bai_40.png.gz,427450c0797e4e490bb7fb4fb9f33fc3
AED6352E683816AE8EFBB3F2CC0D927D,26433,res/piece/nfy_equip_icon/wuqi/lilimu/icon_zhuangbei_04_wuqi_bai_40_max.png.gz,46bb9dc55fb385998d7e2654617b5ee4
FC365EE5328B901DB7FB57BDA28E9C43,11845,res/piece/nfy_equip_icon/wuqi/lilimu/icon_zhuangbei_04_wuqi_bai_50.png.gz,f6487b456a27dc342e43d95e474f0e79
26FB60B9BFAD170D291CBAB4AB002CB2,38292,res/piece/nfy_equip_icon/wuqi/lilimu/icon_zhuangbei_04_wuqi_bai_50_max.png.gz,b3ee7e5888dffbde773ad0f5a779bcae
550D3FC85D9455C81116B2451F54F2A1,9124,res/piece/nfy_equip_icon/wuqi/lilimu/icon_zhuangbei_04_wuqi_fen_30.png.gz,6f0305fcc8236ba32f11a442978d8f65
117678425EBA8450933EEF329979A39A,43086,res/piece/nfy_equip_icon/wuqi/lilimu/icon_zhuangbei_04_wuqi_fen_30_max.png.gz,71d2fc4981a261c7cbf7e9fadc289b7d
903A135180142FC70C09AF7CBF4D7BF5,25967,res/piece/nfy_equip_icon/wuqi/lilimu/icon_zhuangbei_04_wuqi_fen_40.png.gz,62ed16afe60586449f7e71dffe97fa10
51EAF95341E9FC7594F234FD514F441F,38489,res/piece/nfy_equip_icon/wuqi/lilimu/icon_zhuangbei_04_wuqi_fen_40_max.png.gz,6458268b08e91eb7c390acc45949e2b9
550D1DC59DACA2C615AD1E4B0DC74468,22104,res/piece/nfy_equip_icon/wuqi/lilimu/icon_zhuangbei_04_wuqi_fen_50.png.gz,07ac79b13e325d4e793639f64c664df0
16380DE4FD92669F1DF20228087975DA,30092,res/piece/nfy_equip_icon/wuqi/lilimu/icon_zhuangbei_04_wuqi_fen_50_max.png.gz,9d091e1dcff6b3df70bd4b720e1b1dd7
2DCD6C3585BEA5D1A20317ADBE5AA203,9822,res/piece/nfy_equip_icon/wuqi/lilimu/icon_zhuangbei_04_wuqi_lan_1.png.gz,23765a0b239ca22dd56a996714c2393b
F6D39ACA3A8125E7219DD361861C5953,9416,res/piece/nfy_equip_icon/wuqi/lilimu/icon_zhuangbei_04_wuqi_lan_10.png.gz,a89cf09f3ba30112b86ae8c124e59b4f
41820817B5D1EDC839144F183755124F,15382,res/piece/nfy_equip_icon/wuqi/lilimu/icon_zhuangbei_04_wuqi_lan_10_max.png.gz,fdf24468eaef3c3cbd0cbeed2cfe6096
D267D24EE29643865EF2EB9895107A75,15712,res/piece/nfy_equip_icon/wuqi/lilimu/icon_zhuangbei_04_wuqi_lan_1_max.png.gz,da5f2c1384a5ee8ba1da4b9c2db0fce9
8E6E44C4BB4F1BB53DF4EBA7A6FC20A1,7098,res/piece/nfy_equip_icon/wuqi/lilimu/icon_zhuangbei_04_wuqi_lan_20.png.gz,2da4173148bb86b7b9fc1c3783d46c5b
335290DF8EC267DB571DBD184F0E3C97,17188,res/piece/nfy_equip_icon/wuqi/lilimu/icon_zhuangbei_04_wuqi_lan_20_max.png.gz,6e9fe1a0248efaa806215f56976a388f
44EC51E9F141D6B9646B57794A44D144,7050,res/piece/nfy_equip_icon/wuqi/lilimu/icon_zhuangbei_04_wuqi_lan_30.png.gz,7f4ca33b04bed82bf21a77d2243869b6
0DDF81DFAB707BFAD5A1B923EEB66B19,18821,res/piece/nfy_equip_icon/wuqi/lilimu/icon_zhuangbei_04_wuqi_lan_30_max.png.gz,138548186f8a044a5f8c513f2373832a
7165ED05D7DB84BCCAB01876851C5666,11995,res/piece/nfy_equip_icon/wuqi/lilimu/icon_zhuangbei_04_wuqi_lan_40.png.gz,67bf404391d583914b1cb8eac2bfe3ed
5B052BBF41F0192FB4FD1B7EFB9C25EC,39054,res/piece/nfy_equip_icon/wuqi/lilimu/icon_zhuangbei_04_wuqi_lan_40_max.png.gz,4c42df2904f4676f3a9deb7170965c78
0C07EEAFBD8897AA9B805993673082DB,17758,res/piece/nfy_equip_icon/wuqi/lilimu/icon_zhuangbei_04_wuqi_lan_50.png.gz,eaf716d7e3093ea2f66e54f7ec8bf494
B243C1DDB8F97E585A3F91E4B0606D0E,31379,res/piece/nfy_equip_icon/wuqi/lilimu/icon_zhuangbei_04_wuqi_lan_50_max.png.gz,b26e693753e9c33262bb64658427f621
0EFE900DC542CD4ED6BC9450AC161A84,14601,res/piece/nfy_equip_icon/wuqi/lilimu/icon_zhuangbei_04_wuqi_zi_10.png.gz,5026537e9f1e6c62773f4b0d3679e510
975892ACD9642F6C85FD1B0F2BF5A956,51991,res/piece/nfy_equip_icon/wuqi/lilimu/icon_zhuangbei_04_wuqi_zi_10_max.png.gz,e211c8e376cd744a218ff4b95bf63f35
5494C3F39DA18986605FAC9EE7E46F87,13567,res/piece/nfy_equip_icon/wuqi/lilimu/icon_zhuangbei_04_wuqi_zi_20.png.gz,f6f5906c2a51878347326d75f6566b32
E22215F15C218878B54D9D94B0C4BAAD,32731,res/piece/nfy_equip_icon/wuqi/lilimu/icon_zhuangbei_04_wuqi_zi_20_max.png.gz,19adc7b1dd21458175454e12904c34f5
356C0FCEDB044C4ADFD3F1E900069AEF,9394,res/piece/nfy_equip_icon/wuqi/lilimu/icon_zhuangbei_04_wuqi_zi_30.png.gz,9a13a056a272e2cf7e2ec522322b080a
415A8DDD7E7FC5F2C882B1B3B17E16FC,41656,res/piece/nfy_equip_icon/wuqi/lilimu/icon_zhuangbei_04_wuqi_zi_30_max.png.gz,2002e34f832c82fa5325087601b22507
C561936593DB259A57BF06189EC62188,10778,res/piece/nfy_equip_icon/wuqi/lilimu/icon_zhuangbei_04_wuqi_zi_40.png.gz,28a8012cb455228acd3cff4ebc8e2ed4
A089721BB738D0D643E4B8FD5F15B6B5,42250,res/piece/nfy_equip_icon/wuqi/lilimu/icon_zhuangbei_04_wuqi_zi_40_max.png.gz,6e7307baeff420f1d7bc061fa86ce19e
34D1D370D03DB5241C30270F240A43DA,26935,res/piece/nfy_equip_icon/wuqi/lilimu/icon_zhuangbei_04_wuqi_zi_50.png.gz,88567c56313f7b532408253bc2b8a7b3
BD17A0CDC75C0782CBCBA496C1643885,32425,res/piece/nfy_equip_icon/wuqi/lilimu/icon_zhuangbei_04_wuqi_zi_50_max.png.gz,3b072ecc20e0aa86d0ed387183fec859
929ECC57340C71522C119D3ACE687127,10211,res/piece/nfy_equip_icon/wuqi/ling/icon_zhuangbei_02_wuqi_bai_1.png.gz,d7225f4607e8997b602509223fd2d450
12370A87920E3AA21E55584D4A8D3B08,12490,res/piece/nfy_equip_icon/wuqi/ling/icon_zhuangbei_02_wuqi_bai_10.png.gz,bb78e5c6fac8f2c30446a2bce26818a8
48FB0A6C8182664E8BF03C864DAB7EAB,15396,res/piece/nfy_equip_icon/wuqi/ling/icon_zhuangbei_02_wuqi_bai_10_max.png.gz,849443b74eb1c9b1afa17b62ef325453
0C7031EBB26B98BAA53B9B94EBFAD043,19273,res/piece/nfy_equip_icon/wuqi/ling/icon_zhuangbei_02_wuqi_bai_1_max.png.gz,c082e9be948c15e5479012c3d56a294d
A4B68B75386F98D80ABF60352CD56D76,12370,res/piece/nfy_equip_icon/wuqi/ling/icon_zhuangbei_02_wuqi_bai_20.png.gz,f091d18069beeed0a8669a84acfd7960
FF9F4A74B561DC4AF975CB96C341C375,19525,res/piece/nfy_equip_icon/wuqi/ling/icon_zhuangbei_02_wuqi_bai_20_max.png.gz,6463c0d9b75e5f040db2a00c8c139f22
5E5BF9EB1B9BF7EBFCD70696828C1331,12610,res/piece/nfy_equip_icon/wuqi/ling/icon_zhuangbei_02_wuqi_bai_30.png.gz,b5b043e8ce00f1dfc48106c5cc7d9f14
61A136F155553A0013E7E9165F48EE89,19955,res/piece/nfy_equip_icon/wuqi/ling/icon_zhuangbei_02_wuqi_bai_30_max.png.gz,3673479a2866bf6129f5ad46254d1730
A6DB5B8E22180657E07CAC5541CC9750,9673,res/piece/nfy_equip_icon/wuqi/ling/icon_zhuangbei_02_wuqi_bai_40.png.gz,fed7dc3671fcdd7a946ba231799da717
842260B07F697EC2E972EF52F8C65852,20639,res/piece/nfy_equip_icon/wuqi/ling/icon_zhuangbei_02_wuqi_bai_40_max.png.gz,602cfe5c58dd8f500c152280cfa56293
BE1F9F8EC997538A15C9E708BC953235,13665,res/piece/nfy_equip_icon/wuqi/ling/icon_zhuangbei_02_wuqi_bai_50.png.gz,cc9826eebd1a9100873bb9d51da23258
4941590EECC7B808C3ACD85189796053,29504,res/piece/nfy_equip_icon/wuqi/ling/icon_zhuangbei_02_wuqi_bai_50_max.png.gz,c85aadd03136cc43e165630ecf9e2abb
DB204D769EE9805E9C42051691EFD58B,11471,res/piece/nfy_equip_icon/wuqi/ling/icon_zhuangbei_02_wuqi_fen_30.png.gz,f4ce81f1ba50aca5391130d6d35f36e2
A868CE431A1912EC021843742FBB89DB,20319,res/piece/nfy_equip_icon/wuqi/ling/icon_zhuangbei_02_wuqi_fen_30_max.png.gz,c61231ccb3ef0a4ba8036ee7bb55487f
D6B5B27D7D3EDA6C97000566E798254E,22672,res/piece/nfy_equip_icon/wuqi/ling/icon_zhuangbei_02_wuqi_fen_40.png.gz,0dee2759214592fa82b8893170dd250a
2404324996D276C849485EE04EE883B1,38836,res/piece/nfy_equip_icon/wuqi/ling/icon_zhuangbei_02_wuqi_fen_40_max.png.gz,e884a8634a4f6b3037679a16933bb421
629D7DD673213DD811483CB0AC1D0DD7,17944,res/piece/nfy_equip_icon/wuqi/ling/icon_zhuangbei_02_wuqi_fen_50.png.gz,5f2f68555d442c29eabba1f5add24bed
2C886A444D476589761A19CCB9043B66,32692,res/piece/nfy_equip_icon/wuqi/ling/icon_zhuangbei_02_wuqi_fen_50_max.png.gz,81a3a033c972c89705eebdd85241cbf2
CCB3284898BAC5543F9323F54CF65929,9316,res/piece/nfy_equip_icon/wuqi/ling/icon_zhuangbei_02_wuqi_lan_1.png.gz,d7f69380961c7cf5436c1953b4fbd478
C67ABE6F81F3B4080873B727D61FC9CB,9223,res/piece/nfy_equip_icon/wuqi/ling/icon_zhuangbei_02_wuqi_lan_10.png.gz,8c3edf1fd75b4cef2bc72b3db84ab96f
59A2FDF0C18FCA36B717277B5F128DB6,19148,res/piece/nfy_equip_icon/wuqi/ling/icon_zhuangbei_02_wuqi_lan_10_max.png.gz,e7a5d2a9979c2b7508e7adcd821df713
5F79CCFC7EA7F8316E798FB3A4F863B1,19877,res/piece/nfy_equip_icon/wuqi/ling/icon_zhuangbei_02_wuqi_lan_1_max.png.gz,bae0e54e8082be652bcfca4f80140a8c
BAC166707AC288F9D48E2E2AAF45DEA8,8810,res/piece/nfy_equip_icon/wuqi/ling/icon_zhuangbei_02_wuqi_lan_20.png.gz,60f5999b668deca8c118aa6deba1f928
030F743A7AF4166733B7DBCE02DD4F85,15476,res/piece/nfy_equip_icon/wuqi/ling/icon_zhuangbei_02_wuqi_lan_20_max.png.gz,0645e8dc1d32810fc89c7666a3c4d965
C889277215AABCB16025253EF6C0F6B7,8556,res/piece/nfy_equip_icon/wuqi/ling/icon_zhuangbei_02_wuqi_lan_30.png.gz,b9fd30090f270d8b0e066de5429c6ba2
08EB6134AADA2B7A77AB6BE47451A1CA,15298,res/piece/nfy_equip_icon/wuqi/ling/icon_zhuangbei_02_wuqi_lan_30_max.png.gz,1eeca2c5d916ed71685ab98131085bb0
103403F35CF21936BCC83D3B436DD8D0,14031,res/piece/nfy_equip_icon/wuqi/ling/icon_zhuangbei_02_wuqi_lan_40.png.gz,9be625883a95b2ffe4d5db2c43aab6a2
86D1AACDE2A50ACFC88D67FDA467F659,29223,res/piece/nfy_equip_icon/wuqi/ling/icon_zhuangbei_02_wuqi_lan_40_max.png.gz,93e6509c96e8e8856b4914a494e07cfe
ECADCC19F797C1B816C766E9E2441D07,21537,res/piece/nfy_equip_icon/wuqi/ling/icon_zhuangbei_02_wuqi_lan_50.png.gz,12dc0e67dbcee10972d2e60bc1fb57ff
9CF0BADC0E3E102CBE2EF504CE7DF06B,33576,res/piece/nfy_equip_icon/wuqi/ling/icon_zhuangbei_02_wuqi_lan_50_max.png.gz,f88bfa4ff4d7019d0c57d5d1f34e631f
0CCBF27CECFD5F39BF6DD5E2F5DFFC65,13107,res/piece/nfy_equip_icon/wuqi/ling/icon_zhuangbei_02_wuqi_zi_10.png.gz,9142679bd5b0fc2269e4a8d6502e5987
04659C5CC6FF3B34EBE5AA881D2C3B93,23246,res/piece/nfy_equip_icon/wuqi/ling/icon_zhuangbei_02_wuqi_zi_10_max.png.gz,77cdb3590e58ce63dbabbb9779b25460
6F9C4CE8ADA4967C690802669B7B0D3F,15720,res/piece/nfy_equip_icon/wuqi/ling/icon_zhuangbei_02_wuqi_zi_20.png.gz,53875d2c26e9a0b7f635205146dcd818
1F5029616103FB1CB40B5D6F00A49055,31981,res/piece/nfy_equip_icon/wuqi/ling/icon_zhuangbei_02_wuqi_zi_20_max.png.gz,3affdb3b7ae055e5f6f4a4bd0b1623fa
7C75BB5E6DC9284323474A8F015E06AF,11544,res/piece/nfy_equip_icon/wuqi/ling/icon_zhuangbei_02_wuqi_zi_30.png.gz,3e6e70e988366fa5f1569b2e46e5c39f
6A71875201F7A0DE6CB18F531E7DA69F,21978,res/piece/nfy_equip_icon/wuqi/ling/icon_zhuangbei_02_wuqi_zi_30_max.png.gz,0567451b60c3cf0ddbc9acb70511fa20
A18235131505A74E74037A35059BD00A,15266,res/piece/nfy_equip_icon/wuqi/ling/icon_zhuangbei_02_wuqi_zi_40.png.gz,b13dfa6b6b61875c72480ccf50d8b423
C00982E6CE652AA28B0831E26306D62D,32308,res/piece/nfy_equip_icon/wuqi/ling/icon_zhuangbei_02_wuqi_zi_40_max.png.gz,a32959a443df30e57796e2c094169cae
05002E89009E4B7A1C7D123792769D5E,14959,res/piece/nfy_equip_icon/wuqi/ling/icon_zhuangbei_02_wuqi_zi_50.png.gz,c3061e39f341ef55786ecd995809dc2a
1D6FDAF034410912AD1C1CB7E362E10A,28051,res/piece/nfy_equip_icon/wuqi/ling/icon_zhuangbei_02_wuqi_zi_50_max.png.gz,1f303e3ed9469ae652950840ca621b63
FEF6921B876F81E8C3EC5C9E5F0932BF,13914,res/piece/nfy_equip_icon/wuqi/shenyue/icon_zhuangbei_01_wuqi_bai_1.png.gz,88cae58420f683a81f4b089a3fb6223e
EF318D4A78AE8B4EB578EA7D4F98B0B3,13789,res/piece/nfy_equip_icon/wuqi/shenyue/icon_zhuangbei_01_wuqi_bai_10.png.gz,01af35e50f5832239050b3e8c7ad3283
E005494DD8DAE5E69F6995D00BF47580,14663,res/piece/nfy_equip_icon/wuqi/shenyue/icon_zhuangbei_01_wuqi_bai_10_max.png.gz,92f2827a6fff1573699da81418854c1a
AF117D5BB125522BD5944CCBB87679B5,18468,res/piece/nfy_equip_icon/wuqi/shenyue/icon_zhuangbei_01_wuqi_bai_1_max.png.gz,d6ddb2e7250b939f556b5db6b768b1fc
2BADFA8318E70BE3F1C0E94A58ADEEA9,8454,res/piece/nfy_equip_icon/wuqi/shenyue/icon_zhuangbei_01_wuqi_bai_20.png.gz,b649bb8e473b0ec169baacf21da1190f
D4D79378F15AB1B58AA423CE6E28D895,23813,res/piece/nfy_equip_icon/wuqi/shenyue/icon_zhuangbei_01_wuqi_bai_20_max.png.gz,827e388673a7129323bbfb88562ea681
53B949DB9FD8F6F3B1C8F492513ED111,8590,res/piece/nfy_equip_icon/wuqi/shenyue/icon_zhuangbei_01_wuqi_bai_30.png.gz,c226c01d1795b77ad61f745a7f3a79c0
4F18DEFED5DE59C0CEDEF2ED5A45CA28,24670,res/piece/nfy_equip_icon/wuqi/shenyue/icon_zhuangbei_01_wuqi_bai_30_max.png.gz,a945060255ef9b47c0aaca656d8a5d05
0BA750C52DFC539637D82CA3B0592596,22461,res/piece/nfy_equip_icon/wuqi/shenyue/icon_zhuangbei_01_wuqi_bai_40.png.gz,0ab11ad30d547add6b115a35c760eaee
84400239E22474A5B4AD4E86927B1D6F,39133,res/piece/nfy_equip_icon/wuqi/shenyue/icon_zhuangbei_01_wuqi_bai_40_max.png.gz,1b41c3399741d9d509e5cb618d161ed7
AF89DBE9056BBF68B4678621BB3EF3AA,28757,res/piece/nfy_equip_icon/wuqi/shenyue/icon_zhuangbei_01_wuqi_bai_50.png.gz,fa2c4b9670e601bc6a0b247de21dbbd6
0E800711982A3318CB889979FEDCF1EA,46981,res/piece/nfy_equip_icon/wuqi/shenyue/icon_zhuangbei_01_wuqi_bai_50_max.png.gz,ef3c7d2d13b541edcae811d79301fbd5
B4A7DE0B05018F9489A7CF2C12ECBAA1,12552,res/piece/nfy_equip_icon/wuqi/shenyue/icon_zhuangbei_01_wuqi_fen_30.png.gz,759170455f2151be20b7617737bfe9ad
2A89D7C5280C96FEEB523C81CD64AC12,43465,res/piece/nfy_equip_icon/wuqi/shenyue/icon_zhuangbei_01_wuqi_fen_30_max.png.gz,9a4dc3cedd9523db2b1ff5c37d48b471
A6E61345D69453DCEE64373644FC6E68,18316,res/piece/nfy_equip_icon/wuqi/shenyue/icon_zhuangbei_01_wuqi_fen_40.png.gz,be6ae4357c980fb5e350e1ccb52216b3
836FBD7C19E6B9CA2E04741072D9C540,33418,res/piece/nfy_equip_icon/wuqi/shenyue/icon_zhuangbei_01_wuqi_fen_40_max.png.gz,8dce3ffcb6ac06d3428565c0758c6529
9F97369B0BA1C5276C6A0D190DED55B4,16991,res/piece/nfy_equip_icon/wuqi/shenyue/icon_zhuangbei_01_wuqi_fen_50.png.gz,ae3dd9f2f6cc7feb20e3ffb2f3715845
0C2FD613BE2E07CC6A50324747642D76,30095,res/piece/nfy_equip_icon/wuqi/shenyue/icon_zhuangbei_01_wuqi_fen_50_max.png.gz,af4bf56593975c522cb6395db0ea1368
4E227CFD74D715A195C1D4E4414B99DA,22337,res/piece/nfy_equip_icon/wuqi/shenyue/icon_zhuangbei_01_wuqi_lan_1.png.gz,aff880bcbb6b9bd3dbfc94012dc5ea4e
36E9A24F6C3FAF9C58E1D642ABF6D379,22076,res/piece/nfy_equip_icon/wuqi/shenyue/icon_zhuangbei_01_wuqi_lan_10.png.gz,5a94adabca1a987157a3bf20cab56e84
5A7BEC08D7CE5A90C8C76CCAC5E17FF9,32461,res/piece/nfy_equip_icon/wuqi/shenyue/icon_zhuangbei_01_wuqi_lan_10_max.png.gz,dec8a554f42097fe1afba047570a075e
EB9B8BB687CDD048F18FB2A6E8748337,36010,res/piece/nfy_equip_icon/wuqi/shenyue/icon_zhuangbei_01_wuqi_lan_1_max.png.gz,d5b9b5bc521429e24ed6085085dad422
2789F3833052C6E50683D9751097C3C1,8376,res/piece/nfy_equip_icon/wuqi/shenyue/icon_zhuangbei_01_wuqi_lan_20.png.gz,81b8860fffde5e7a43534798de4067f8
09C290818B1B2E19E6C6EE5FE6215511,23098,res/piece/nfy_equip_icon/wuqi/shenyue/icon_zhuangbei_01_wuqi_lan_20_max.png.gz,208d00cd5a639b1c6272261d5ef7b182
1FBF4A8CD21A10D1E5D086B7B71E0F11,8250,res/piece/nfy_equip_icon/wuqi/shenyue/icon_zhuangbei_01_wuqi_lan_30.png.gz,26052636e0d85d57c665007ab808f3ac
34B5E32AD692C43B12788202BE8886C7,23416,res/piece/nfy_equip_icon/wuqi/shenyue/icon_zhuangbei_01_wuqi_lan_30_max.png.gz,3f5212c6619a0e7a8b808a633581f56c
A3943AC6442332B4DD1B6AC41EA82710,14020,res/piece/nfy_equip_icon/wuqi/shenyue/icon_zhuangbei_01_wuqi_lan_40.png.gz,c6e9b900e006d33b622c753da5d7f7f3
020DB1F4F9DCF928DA6B9057BCEC01E4,14020,res/piece/nfy_equip_icon/wuqi/shenyue/icon_zhuangbei_01_wuqi_lan_40_max.png.gz,c6e9b900e006d33b622c753da5d7f7f3
E28A9C25A3D1025B3A5A03F7B08B841C,17677,res/piece/nfy_equip_icon/wuqi/shenyue/icon_zhuangbei_01_wuqi_lan_50.png.gz,913c9c91a908ecdf0ecae1f57a5885ec
54EEB28053EE80CE6B0DEE1938E9D328,39583,res/piece/nfy_equip_icon/wuqi/shenyue/icon_zhuangbei_01_wuqi_lan_50_max.png.gz,1c66aaf4d0d61f4e41579419e175ee29
8FF3FE42ED5B3C96E111754E0AA085C3,11422,res/piece/nfy_equip_icon/wuqi/shenyue/icon_zhuangbei_01_wuqi_zi_10.png.gz,4a43efc3f0335bdae9388c1cb7bbc82b
5E0172B8A229228E508A8768B11BFF4C,40886,res/piece/nfy_equip_icon/wuqi/shenyue/icon_zhuangbei_01_wuqi_zi_10_max.png.gz,b55adda670fd9f35b02ed1e0a9f613fc
EC12C345F67F0FCD6627CA2AE910C006,11122,res/piece/nfy_equip_icon/wuqi/shenyue/icon_zhuangbei_01_wuqi_zi_20.png.gz,0abda5b66c79f49a68249d45cde9e67c
52ACAF3A74034B2BF138F67308360BC1,34544,res/piece/nfy_equip_icon/wuqi/shenyue/icon_zhuangbei_01_wuqi_zi_20_max.png.gz,83dc410fe4d67109e01f7866e61070ee
DCAC026134FA6B87648E968CB76C18D6,18214,res/piece/nfy_equip_icon/wuqi/shenyue/icon_zhuangbei_01_wuqi_zi_30.png.gz,76346470540b4dd24f6b26c424b084ae
1945B8F1FA4AE31E6322B1EE7CBB4084,26972,res/piece/nfy_equip_icon/wuqi/shenyue/icon_zhuangbei_01_wuqi_zi_30_max.png.gz,1e5c6a9878e700df1406661340cf65da
C8CA45C0D492189509A976AC3260BC87,12893,res/piece/nfy_equip_icon/wuqi/shenyue/icon_zhuangbei_01_wuqi_zi_40.png.gz,fb6a468be5ce8561c7c0291eeaaa4954
FF018B4B5A0911A3E20AB42C13977D1B,34804,res/piece/nfy_equip_icon/wuqi/shenyue/icon_zhuangbei_01_wuqi_zi_40_max.png.gz,3f6d0373f47bde1d0f0840eb8d231fb4
84F3B304FC64B48F4609976B698119C5,21822,res/piece/nfy_equip_icon/wuqi/shenyue/icon_zhuangbei_01_wuqi_zi_50.png.gz,c0a5afc49874430c7223da37662b13ae
4F26563B56E4A806570A7264899FCDBE,37444,res/piece/nfy_equip_icon/wuqi/shenyue/icon_zhuangbei_01_wuqi_zi_50_max.png.gz,cea066c6dad1cf0ac122226ebcb07d53
AC1A2A0234B87165516274819BA90C8A,5500,res/piece/nfy_equip_icon/zhuangbei/icon_shoushi_erhuan_bai_10.png.gz,77c2d8dbce8487cbb2aeb4bf08934889
0BD000AA1C4DA47956C8FEAB83C0D84A,12455,res/piece/nfy_equip_icon/zhuangbei/icon_shoushi_erhuan_bai_10_max.png.gz,6425c07fe23e71b3d04bb15af476b1a4
FC760670EDE8BD9A3E0EB1B92BBC5938,16064,res/piece/nfy_equip_icon/zhuangbei/icon_shoushi_erhuan_cheng_110.png.gz,2d9a5dec4d67572502a8c9031c8e9832
CF616569A55528F99EF107F1E3FCF348,50655,res/piece/nfy_equip_icon/zhuangbei/icon_shoushi_erhuan_cheng_110_max.png.gz,06449507b71d0141aff93ad905d102f7
16229B220B55D03B104A3D1B09FEFAAC,22386,res/piece/nfy_equip_icon/zhuangbei/icon_shoushi_erhuan_cheng_50.png.gz,9dee1753b05f6f282c596635970fa678
E18F00BEC772610237EF2BAD35204461,68370,res/piece/nfy_equip_icon/zhuangbei/icon_shoushi_erhuan_cheng_50_max.png.gz,6ba663447ea477287ce58361e0a92f5c
7C31A6A1CFE11B7C720282E7AC7CFDC0,16752,res/piece/nfy_equip_icon/zhuangbei/icon_shoushi_erhuan_cheng_70.png.gz,19ee38db44f51f7b2c1dcb75bb56464b
EC58F50125652E61EDF211EDA7DA4CEB,47814,res/piece/nfy_equip_icon/zhuangbei/icon_shoushi_erhuan_cheng_70_max.png.gz,fcfb8ebd5001bc16d1fbc9951e204677
C0A9613E9F6ECBF1D9F2AFC7E1302612,21243,res/piece/nfy_equip_icon/zhuangbei/icon_shoushi_erhuan_cheng_90.png.gz,5f8e7df439fa62a00f4d83f4fb115840
CFFBA74B8708B364017FDF54ED00F8AC,62885,res/piece/nfy_equip_icon/zhuangbei/icon_shoushi_erhuan_cheng_90_max.png.gz,0d6891553ed7f2a90d04c29d7c96b6a9
F08835FC6FDDDB7CF9BBD3A47656E3F3,21577,res/piece/nfy_equip_icon/zhuangbei/icon_shoushi_erhuan_fen_110.png.gz,86225d2973172f6ddc7834add3996c5b
B409659A75BCA2D4A2C62454FBAEDDBE,65879,res/piece/nfy_equip_icon/zhuangbei/icon_shoushi_erhuan_fen_110_max.png.gz,17d66f0e1fb339765b4e5c76ba70bb33
15E0326921E1920F652379EB3B3222B0,23877,res/piece/nfy_equip_icon/zhuangbei/icon_shoushi_erhuan_fen_50.png.gz,4ee412ebbc5ba8e96cfff85d719302a4
6E16139040B054C23F1BDAF41D2E0015,74768,res/piece/nfy_equip_icon/zhuangbei/icon_shoushi_erhuan_fen_50_max.png.gz,a15da650aed0a747dab22c9fcef473d5
8D47F3736EBC1B2EE080006D2F8EE751,14435,res/piece/nfy_equip_icon/zhuangbei/icon_shoushi_erhuan_fen_70.png.gz,8882f2e77d7296b75a33820cdcfbaa04
40BB72AB160C78C7DE43F60CBF9A05AD,41881,res/piece/nfy_equip_icon/zhuangbei/icon_shoushi_erhuan_fen_70_max.png.gz,028049b67278c1bb477099c493271651
49B811ED4DFE35B5001783D7EEAD4EEC,23629,res/piece/nfy_equip_icon/zhuangbei/icon_shoushi_erhuan_fen_90.png.gz,85a53539def3f30292b6a0af8e0e03f4
E16CEB1916B33797FBB1EC02D9E37D74,74005,res/piece/nfy_equip_icon/zhuangbei/icon_shoushi_erhuan_fen_90_max.png.gz,0848b22275892889c773e2db0d87d7a9
E09ADAB57A5DE16C754D59A97A74CBA2,5500,res/piece/nfy_equip_icon/zhuangbei/icon_shoushi_erhuan_lan_10.png.gz,77c2d8dbce8487cbb2aeb4bf08934889
8F54C957B3701A6036EA9754B1D8815E,9147,res/piece/nfy_equip_icon/zhuangbei/icon_shoushi_erhuan_lan_100.png.gz,f5b86aaede7756659080e1523347c7e3
598169A4799B3D0C5805B11FB3E75AF3,21173,res/piece/nfy_equip_icon/zhuangbei/icon_shoushi_erhuan_lan_100_max.png.gz,9d048ab20b17367a9f4e4bbb8543d533
CA30CB3EFBFA9BA626E308CDB97C4610,12455,res/piece/nfy_equip_icon/zhuangbei/icon_shoushi_erhuan_lan_10_max.png.gz,6425c07fe23e71b3d04bb15af476b1a4
1611B65757EC8341EEAEF3B675433DAB,9109,res/piece/nfy_equip_icon/zhuangbei/icon_shoushi_erhuan_lan_110.png.gz,8b08e60f53e40d65f1a75ffe85a0d926
B2B6AC277E353F78856E5C9910BF9A06,26210,res/piece/nfy_equip_icon/zhuangbei/icon_shoushi_erhuan_lan_110_max.png.gz,f3110785388438f204b6ed6cb4c32663
ACBF6E9589CA7520AD1BB1A10E2FF2A6,9616,res/piece/nfy_equip_icon/zhuangbei/icon_shoushi_erhuan_lan_20.png.gz,eb3509405cd7dba810859765a0654d03
CE1B3C52C067E1C57A77D10DF4F78402,27618,res/piece/nfy_equip_icon/zhuangbei/icon_shoushi_erhuan_lan_20_max.png.gz,a62cf73e4dee842e7e42c8eca83f8743
8A9BCB76F5C1FE46E5650AA196291BB2,7315,res/piece/nfy_equip_icon/zhuangbei/icon_shoushi_erhuan_lan_30.png.gz,09c581ffd5350133788f0d59c4f68572
A64747F81F6F014CFD54295BA5AECC15,22751,res/piece/nfy_equip_icon/zhuangbei/icon_shoushi_erhuan_lan_30_max.png.gz,6d861909345f4e30f65ca2e6b1d76a59
6E68D86B5DA3A38EFE15BF50F9499A22,9197,res/piece/nfy_equip_icon/zhuangbei/icon_shoushi_erhuan_lan_40.png.gz,3920e0ed1a52b8b404c8ca21c97a2e51
83158A09CA0B746104542B86E35C6231,24533,res/piece/nfy_equip_icon/zhuangbei/icon_shoushi_erhuan_lan_40_max.png.gz,47bf2125103b8fa11dc029ffe3e0740e
7A3E8091E2335C991F3A81C27F204259,8638,res/piece/nfy_equip_icon/zhuangbei/icon_shoushi_erhuan_lan_50.png.gz,22261f9fc98493ab23e4f6d504f92710
BCE0E3EA1F5F461ED13CEF27801B960B,24505,res/piece/nfy_equip_icon/zhuangbei/icon_shoushi_erhuan_lan_50_max.png.gz,87d3d9d73b289fef4e0ae7b873ab8c14
D099DB200C470A407AD4324C981A444B,6739,res/piece/nfy_equip_icon/zhuangbei/icon_shoushi_erhuan_lan_60.png.gz,2b844fd20ff9a9aa5c43bcb420e77af7
61ACC41EBA66618FB4ADB162FA2F9CAB,17728,res/piece/nfy_equip_icon/zhuangbei/icon_shoushi_erhuan_lan_60_max.png.gz,44fcafbd1cff9cc87f4c08ae158bb2bb
AA13E26D1326BA9DFF3A36606F3260A0,7851,res/piece/nfy_equip_icon/zhuangbei/icon_shoushi_erhuan_lan_70.png.gz,913be129e884a1f797b98f5d76a889f7
D775D406ACD25C709328660057179297,18072,res/piece/nfy_equip_icon/zhuangbei/icon_shoushi_erhuan_lan_70_max.png.gz,db9fb7b97b3cbe3902277ef6fb96063d
37759876721744A3FA9F27DEFC54C95A,7292,res/piece/nfy_equip_icon/zhuangbei/icon_shoushi_erhuan_lan_80.png.gz,b014e3304f196a8b5cb7ea58376321b4
33CB50A1CC2A945A637D74D6B32F1F83,19994,res/piece/nfy_equip_icon/zhuangbei/icon_shoushi_erhuan_lan_80_max.png.gz,b995a4a6cf4b44ff605566f336e715f6
96212EF81F6785E763440CF96C0B3A85,6380,res/piece/nfy_equip_icon/zhuangbei/icon_shoushi_erhuan_lan_90.png.gz,81ca61cdeb4d69e25d68baccf10537be
7FBE36229286D441ADA5A97AD71FB0E6,14734,res/piece/nfy_equip_icon/zhuangbei/icon_shoushi_erhuan_lan_90_max.png.gz,e21892b56dd1f45a79e6569209de293f
416D09B20DB5B4CCC4C09182AB4EB5A4,16750,res/piece/nfy_equip_icon/zhuangbei/icon_shoushi_erhuan_zi_10.png.gz,68dd13466b47bd0d3247e813d6822d48
62E1C95D34B4C9828E3185067F7DDB57,14661,res/piece/nfy_equip_icon/zhuangbei/icon_shoushi_erhuan_zi_100.png.gz,91f40d75d288804d7da8894c5933a9e8
D46B3309F13ED4AAEDD0D6C1DB9AB700,41266,res/piece/nfy_equip_icon/zhuangbei/icon_shoushi_erhuan_zi_100_max.png.gz,121fd089b400cedba3775ce09ef31a74
D1A768C83621814165E7F837A0E2184B,45934,res/piece/nfy_equip_icon/zhuangbei/icon_shoushi_erhuan_zi_10_max.png.gz,014a6d8945f78b2ff8b74affe8926b3c
4C7750A7B1160F27493398261D72C7E0,16601,res/piece/nfy_equip_icon/zhuangbei/icon_shoushi_erhuan_zi_110.png.gz,f21d2aee170a64af73bd2b581f7f01b7
FB848FFB1CE2B006BB059A4112303E48,51236,res/piece/nfy_equip_icon/zhuangbei/icon_shoushi_erhuan_zi_110_max.png.gz,855ce87d508d369d9b5e7b0500e405b4
7062E1D2A7BA1B08A52EAA5DF9F4E3AB,13445,res/piece/nfy_equip_icon/zhuangbei/icon_shoushi_erhuan_zi_20.png.gz,3d8afbecb59b37352207c53c1ab75c98
481A2233E7FC4DDCF97737085C6D9896,38889,res/piece/nfy_equip_icon/zhuangbei/icon_shoushi_erhuan_zi_20_max.png.gz,54a057996cded216f0f2413172cabfe6
E053471DEC6A8FC097D7EB021FD1513C,13911,res/piece/nfy_equip_icon/zhuangbei/icon_shoushi_erhuan_zi_30.png.gz,d149c6f94fc9f2ecd50915016339208f
35229C9A40AB25574AB2F9222DCFCFD6,40301,res/piece/nfy_equip_icon/zhuangbei/icon_shoushi_erhuan_zi_30_max.png.gz,98be30cddadc014cd638af44e7234f5b
7DE6349CA949421DE13219B78D9DB471,16545,res/piece/nfy_equip_icon/zhuangbei/icon_shoushi_erhuan_zi_40.png.gz,d3de44e11105f322473a4cb34adad9f0
8F3FD5322A260466C36796F22797BF9F,47886,res/piece/nfy_equip_icon/zhuangbei/icon_shoushi_erhuan_zi_40_max.png.gz,33852f0963091881273d86f41ce339e8
CE6AF52B57BF3C37A3A05B178A869F67,15350,res/piece/nfy_equip_icon/zhuangbei/icon_shoushi_erhuan_zi_50.png.gz,03900bb9cf0a1b4e9546cc9371538ca5
783CF35981ACD95EB96673AE7D0852E9,45617,res/piece/nfy_equip_icon/zhuangbei/icon_shoushi_erhuan_zi_50_max.png.gz,eb5158a967f1b158fb0f4bd14c6864d3
8E8CE81D6C9C35B61C4F842AF8DE0F08,16029,res/piece/nfy_equip_icon/zhuangbei/icon_shoushi_erhuan_zi_60.png.gz,12f8c02291c4e4043c1d471d5b87eed3
F51E36DCF510D04DADB0D27C79A7A191,46926,res/piece/nfy_equip_icon/zhuangbei/icon_shoushi_erhuan_zi_60_max.png.gz,d8be3e1c00390eca07a55c517e5b584c
09D51A425031E37C0E112236E94D5509,14838,res/piece/nfy_equip_icon/zhuangbei/icon_shoushi_erhuan_zi_70.png.gz,14d7f2c83644410d55f0612f3d3f25c0
4177EF088E949FAE04D97F2C2B941FC8,43372,res/piece/nfy_equip_icon/zhuangbei/icon_shoushi_erhuan_zi_70_max.png.gz,7a20325c9939d1d6c78fdd8e4a19facf
8E1DE90E29A29E73E2BC7F3B04D34F5D,19976,res/piece/nfy_equip_icon/zhuangbei/icon_shoushi_erhuan_zi_80.png.gz,fe073911848b49fc158dff07e071bfb5
16097DCE7BE4635085857D5CFDFED9AA,64690,res/piece/nfy_equip_icon/zhuangbei/icon_shoushi_erhuan_zi_80_max.png.gz,7e08e88db6c0965a725a698b8c454dea
F92FC2023293E0833BE490FB603A5D16,14817,res/piece/nfy_equip_icon/zhuangbei/icon_shoushi_erhuan_zi_90.png.gz,05c1214e66efc08f4816126a08354a38
05974AB2CB4E7CFE199E4196020F2C6F,41919,res/piece/nfy_equip_icon/zhuangbei/icon_shoushi_erhuan_zi_90_max.png.gz,687d61a4b339caca8c6cbf5612f6c4f6
EEB879B4737D0413AD8F0D883F4E229A,6882,res/piece/nfy_equip_icon/zhuangbei/icon_shoushi_jiezhi_bai_10.png.gz,ef5fb05741f2b18174114287ff46ada6
CF01D537EDF26DAEDBE4CD88F4E62369,18676,res/piece/nfy_equip_icon/zhuangbei/icon_shoushi_jiezhi_bai_10_max.png.gz,12ae80ae6c845c517da4f91e6f1f6ec8
7EFE0C0D45DDCD3D11AB9995850EBA12,12174,res/piece/nfy_equip_icon/zhuangbei/icon_shoushi_jiezhi_cheng_110.png.gz,5c8afecb39d9d850d4d4e6808a4601fc
E0A273CACBA555D2C9CEA80AC9BFBA9B,38065,res/piece/nfy_equip_icon/zhuangbei/icon_shoushi_jiezhi_cheng_110_max.png.gz,61ade9bd53005a4e12aab95412902bbe
861169C02B3B5544D591415CD868BC65,18542,res/piece/nfy_equip_icon/zhuangbei/icon_shoushi_jiezhi_cheng_50.png.gz,34970d005f641b8bac666c6e47227f3f
714657EFC27292039C90FF534AF24F3E,53586,res/piece/nfy_equip_icon/zhuangbei/icon_shoushi_jiezhi_cheng_50_max.png.gz,3439eb0caa358e094c33bb7baeb4f872
4B419C37A3794E232A4CEE7365E94F26,18242,res/piece/nfy_equip_icon/zhuangbei/icon_shoushi_jiezhi_cheng_70.png.gz,bf38fe3cd558ecf6981f8116671cfa1e
7C8725FD6B80061634DD8D923905F246,52887,res/piece/nfy_equip_icon/zhuangbei/icon_shoushi_jiezhi_cheng_70_max.png.gz,075a5dd281a662abcaf5ff85d6f97d97
331DD302CF3E6824D8F38B9A97FE5106,18505,res/piece/nfy_equip_icon/zhuangbei/icon_shoushi_jiezhi_cheng_90.png.gz,525ed87653d9d5db549093f61ec177ad
11807AAF9721981FE23D209E8D3C2ECF,54250,res/piece/nfy_equip_icon/zhuangbei/icon_shoushi_jiezhi_cheng_90_max.png.gz,61f1d2bd34b4e2b86a9fc2a8ea431021
91B362AEFC43FB440ACA62FF6E69EB94,10164,res/piece/nfy_equip_icon/zhuangbei/icon_shoushi_jiezhi_fen_110.png.gz,f124077dbc7c763de8e81f76d978daf2
E669B8510449639F245C7689D1C6E79F,30355,res/piece/nfy_equip_icon/zhuangbei/icon_shoushi_jiezhi_fen_110_max.png.gz,7015a3be7e28ddae90d3c58faee2f4ce
0064363C16339B61897BBF8EAA450359,18456,res/piece/nfy_equip_icon/zhuangbei/icon_shoushi_jiezhi_fen_50.png.gz,595dd4d8f5e7cec4d933e56fb15707e4
688927C1E5DF321480B75C4DF126B61B,52887,res/piece/nfy_equip_icon/zhuangbei/icon_shoushi_jiezhi_fen_50_max.png.gz,1cbbc0c197ca77a9bf784efb21769085
6307C157E57FD6F2FC04AA1F992FC23A,17318,res/piece/nfy_equip_icon/zhuangbei/icon_shoushi_jiezhi_fen_70.png.gz,3b3853a58d93ff5a4d4ccaded4ebc034
AF95446FB0F6E6B22B4B9229B431911B,50754,res/piece/nfy_equip_icon/zhuangbei/icon_shoushi_jiezhi_fen_70_max.png.gz,cfaaa12ffc69684577010b4389e2ecdd
50EDA2C6BCE1549BDCA2F7E9BB06C290,15349,res/piece/nfy_equip_icon/zhuangbei/icon_shoushi_jiezhi_fen_90.png.gz,d1935618a46041d697861ed9ab83ea16
8FC85C668A06668C3DFDD68707DBA673,45060,res/piece/nfy_equip_icon/zhuangbei/icon_shoushi_jiezhi_fen_90_max.png.gz,a8268b3837394e72379e278a18a0df7e
041E42B4968BD64FD92E29644F13D225,6882,res/piece/nfy_equip_icon/zhuangbei/icon_shoushi_jiezhi_lan_10.png.gz,ef5fb05741f2b18174114287ff46ada6
6C2210947E34739D5BF54DE997AE0944,8494,res/piece/nfy_equip_icon/zhuangbei/icon_shoushi_jiezhi_lan_100.png.gz,fd82010c4979b80eaeec301755622caf
F5D9C6D83733E18713987422B9E51BE9,22227,res/piece/nfy_equip_icon/zhuangbei/icon_shoushi_jiezhi_lan_100_max.png.gz,8c8cfd447ec038ca62e53730d32665ab
9463B0E6439FF02E551156997C9B4232,18676,res/piece/nfy_equip_icon/zhuangbei/icon_shoushi_jiezhi_lan_10_max.png.gz,12ae80ae6c845c517da4f91e6f1f6ec8
76CDEB33EDA6679BAAFD6B7BF79115B6,7193,res/piece/nfy_equip_icon/zhuangbei/icon_shoushi_jiezhi_lan_110.png.gz,8bb7958c042f130889885c0e3668383d
9B0BB94EBD46793F4FA62F16C104AC1E,19166,res/piece/nfy_equip_icon/zhuangbei/icon_shoushi_jiezhi_lan_110_max.png.gz,acf3bc0ac964402fece21db98b0de8cd
8654B3D47217A7F9BDD7164C3BE0A3BC,6972,res/piece/nfy_equip_icon/zhuangbei/icon_shoushi_jiezhi_lan_20.png.gz,2d473e7ba52210c4841ec75af3d995de
E12A2E5BAA63277795550C2CE859DC62,19284,res/piece/nfy_equip_icon/zhuangbei/icon_shoushi_jiezhi_lan_20_max.png.gz,a6a06e541474ead6c07399d1050c13c1
66845DD564E91C4FE880E1764F99FC87,7358,res/piece/nfy_equip_icon/zhuangbei/icon_shoushi_jiezhi_lan_30.png.gz,72bff7a0329406232373bf9c638734bd
6AFFCB3117EA161149EFE007206C0D12,20395,res/piece/nfy_equip_icon/zhuangbei/icon_shoushi_jiezhi_lan_30_max.png.gz,d30d0be34a8ed218a47d3cdc147c5a16
847016D187D82D2991C08AC531F325E9,6974,res/piece/nfy_equip_icon/zhuangbei/icon_shoushi_jiezhi_lan_40.png.gz,23a6ab7f49b4e8f1ba631fe6b6052d63
28B57C11A9D22D36F527D8029D3E4228,19148,res/piece/nfy_equip_icon/zhuangbei/icon_shoushi_jiezhi_lan_40_max.png.gz,050c3886c4e12c6d6e2368b3928978d7
C78B8016D6AB525505624A37F7E37C63,7332,res/piece/nfy_equip_icon/zhuangbei/icon_shoushi_jiezhi_lan_50.png.gz,fdf21b7de747ef9a25a29dc9d47559bb
01DDEC2E8D94C159A21A53C50238BD87,20652,res/piece/nfy_equip_icon/zhuangbei/icon_shoushi_jiezhi_lan_50_max.png.gz,9dc46f9a001c08a500c872569d646f07
A851B4BB0E87678B338073D17B5BD086,9995,res/piece/nfy_equip_icon/zhuangbei/icon_shoushi_jiezhi_lan_60.png.gz,6336ebb4c664775006c6520e0be56202
D57AA4C27BF2D142FEB29449D90CCD7C,20485,res/piece/nfy_equip_icon/zhuangbei/icon_shoushi_jiezhi_lan_60_max.png.gz,f6d42a85b69f513f503d0debc128d1ec
38AE0912E8779988851FE803FD2D9856,9379,res/piece/nfy_equip_icon/zhuangbei/icon_shoushi_jiezhi_lan_70.png.gz,f152579624ddc1abdd0594e6cfcc75d6
F69320BD59010241F2437271B2C9B949,18827,res/piece/nfy_equip_icon/zhuangbei/icon_shoushi_jiezhi_lan_70_max.png.gz,149294b29bbca25c85b0849e47ed5421
C5631B446207338ABE8EA5D2B679F145,9417,res/piece/nfy_equip_icon/zhuangbei/icon_shoushi_jiezhi_lan_80.png.gz,f0afd64c7c2f90bd4b1c96c66a327b7e
4C719BD7F36AEA699AA8B9432F04DB61,18964,res/piece/nfy_equip_icon/zhuangbei/icon_shoushi_jiezhi_lan_80_max.png.gz,7a34dbd1c81019f8db95cf7afe921a69
4C8AB746B1D5B1603DF4DC476B77561F,9359,res/piece/nfy_equip_icon/zhuangbei/icon_shoushi_jiezhi_lan_90.png.gz,b85eb78de58c5c531ec892320c5a4000
60E603C1FF1DF63B54AB4C90A48D80C9,18193,res/piece/nfy_equip_icon/zhuangbei/icon_shoushi_jiezhi_lan_90_max.png.gz,1eca78dcc40bf586d7081cf04e50dbe3
8A876158AD6AE09E0B5EB354CDB8DD60,18168,res/piece/nfy_equip_icon/zhuangbei/icon_shoushi_jiezhi_zi_10.png.gz,00991ea10f671f0a36b16a90b82abaa4
2321BC6C25CE3FA28208CCE50272D35D,15481,res/piece/nfy_equip_icon/zhuangbei/icon_shoushi_jiezhi_zi_100.png.gz,92392c908fcdc08c2aa95dbd6d3d559d
282A824F6A47880615BA760FC9D8034D,46494,res/piece/nfy_equip_icon/zhuangbei/icon_shoushi_jiezhi_zi_100_max.png.gz,e80089e8f588b666ff398f6104790c59
5DDE59BF55823E5F3829A77A5A78D311,52833,res/piece/nfy_equip_icon/zhuangbei/icon_shoushi_jiezhi_zi_10_max.png.gz,0097ca6f1ea5a717b0ef0d9bbed17ee6
95E3DDB56233F2B57BECF7C80C4981BB,12070,res/piece/nfy_equip_icon/zhuangbei/icon_shoushi_jiezhi_zi_110.png.gz,fee9f40f8adefbddb22c0b410aca8f95
7A78F1335003301D7E1D6D1EDB81512D,36771,res/piece/nfy_equip_icon/zhuangbei/icon_shoushi_jiezhi_zi_110_max.png.gz,26895edb859078382a76f40ef3eb10b7
763093A8CF50F1798833A75E9D8AAABD,16279,res/piece/nfy_equip_icon/zhuangbei/icon_shoushi_jiezhi_zi_20.png.gz,9dda257701687f06a416c7be9100d1ec
A24900FD1E77073A74667192010F506C,49016,res/piece/nfy_equip_icon/zhuangbei/icon_shoushi_jiezhi_zi_20_max.png.gz,68bf7c124a2b2d30762e7d3edb6a6a00
4A737D8EE9CAE7A5BBC1DB115F2BB9AA,16383,res/piece/nfy_equip_icon/zhuangbei/icon_shoushi_jiezhi_zi_30.png.gz,271171f076cb239bcecee0b1fc300119
B9C0E8C8F62E1FDA0C9BFF5BD4766EC2,48473,res/piece/nfy_equip_icon/zhuangbei/icon_shoushi_jiezhi_zi_30_max.png.gz,476d5d58d2dadf2e7897eca52798b33c
97F12EE73953D09904202883058D98EF,18155,res/piece/nfy_equip_icon/zhuangbei/icon_shoushi_jiezhi_zi_40.png.gz,0cd96aaefe6e0118b60213dd012d71a8
713B4FEC7CA3B900F1F46CD9D531D27E,52042,res/piece/nfy_equip_icon/zhuangbei/icon_shoushi_jiezhi_zi_40_max.png.gz,577bd3fb45d4727ab9c9ba55ba7b66c9
69484EA1B34C031E6D4A90D5222EC23C,18219,res/piece/nfy_equip_icon/zhuangbei/icon_shoushi_jiezhi_zi_50.png.gz,5b3b2f9c1f7f61bb387eb498a445de2b
7CC939F83451E0EA5158904ECF8F820C,52556,res/piece/nfy_equip_icon/zhuangbei/icon_shoushi_jiezhi_zi_50_max.png.gz,c9c69f2340532a5378aa0c3c0711831b
E67BF8D50A126B0E357C9BBE68BA41D1,16233,res/piece/nfy_equip_icon/zhuangbei/icon_shoushi_jiezhi_zi_60.png.gz,2e30bc93619d356077b8e0bb25dfcd23
5E2644462A4F38BACCB99E6922CE2E09,48681,res/piece/nfy_equip_icon/zhuangbei/icon_shoushi_jiezhi_zi_60_max.png.gz,a31213de1b092e850903988aaafdde83
F60905DE9D889505E69C8A805694C79D,16139,res/piece/nfy_equip_icon/zhuangbei/icon_shoushi_jiezhi_zi_70.png.gz,3f4abfcbceb7ba5995f41410aa5c0444
1D5232892F0E048BD07547BC463C7FF8,48586,res/piece/nfy_equip_icon/zhuangbei/icon_shoushi_jiezhi_zi_70_max.png.gz,7375560cd9ade90fc27beee4127f4b97
5A70D19140A36C8B62A885DE05D7121B,16312,res/piece/nfy_equip_icon/zhuangbei/icon_shoushi_jiezhi_zi_80.png.gz,7a95e384d8d47db35ba3e18170aaf274
03FDA89C6D292215ACFCC7710978F932,48807,res/piece/nfy_equip_icon/zhuangbei/icon_shoushi_jiezhi_zi_80_max.png.gz,17215d6f7ce0f84e9415240328555519
2BC0A40F01B3265CF5E45DDE5B665FB3,17060,res/piece/nfy_equip_icon/zhuangbei/icon_shoushi_jiezhi_zi_90.png.gz,5bf8355cacb9cd5b22b0579e34c3a8ce
8C3EC31717AB5A1A1C84CE3EAE116DDD,50898,res/piece/nfy_equip_icon/zhuangbei/icon_shoushi_jiezhi_zi_90_max.png.gz,4522bd1b2cefdf2bc381036c4016c9be
9477521A6A0721F8503773AEBF3FD4CF,8928,res/piece/nfy_equip_icon/zhuangbei/icon_shoushi_xianglian_bai_10.png.gz,504d2a90fa826b143ac9853ef4ff0e86
0B42533ED0487A9D0AD7474A5444CF41,20767,res/piece/nfy_equip_icon/zhuangbei/icon_shoushi_xianglian_bai_10_max.png.gz,52e1516bed23ec3091adcc12352adaaf
3FE6813E79848838C5BACFDEB5AFF5DD,18736,res/piece/nfy_equip_icon/zhuangbei/icon_shoushi_xianglian_cheng_110.png.gz,9deb9bfaeca6b210389a1788ca44462e
DC30140FFF479F5364A3BD555B65C0AA,59099,res/piece/nfy_equip_icon/zhuangbei/icon_shoushi_xianglian_cheng_110_max.png.gz,4c1d21d369dee45742d222aca3f8430e
AD21103AD1FF346C05A3A16F3AC19836,25876,res/piece/nfy_equip_icon/zhuangbei/icon_shoushi_xianglian_cheng_50.png.gz,ab2d001f04a83569bbbb835b00198e44
38257252D4E3D7E184ECC67A7CDB0B5B,76418,res/piece/nfy_equip_icon/zhuangbei/icon_shoushi_xianglian_cheng_50_max.png.gz,08deda1e058671cd45a270d90eb23f72
8D05FF5895840BC2ECD49645220A7E7F,17770,res/piece/nfy_equip_icon/zhuangbei/icon_shoushi_xianglian_cheng_70.png.gz,6d8ce59473497c986e9e998ded55b505
38EF01087C78F125DD9A584A36AD6E26,49599,res/piece/nfy_equip_icon/zhuangbei/icon_shoushi_xianglian_cheng_70_max.png.gz,01c67d4c4f51638052bc5984400d53ce
44065AF1515D4FBE2EB028194C0C9BB9,21920,res/piece/nfy_equip_icon/zhuangbei/icon_shoushi_xianglian_cheng_90.png.gz,02adbad41f0f88a02ae20da255ca98cb
23550C751FCE2707D5AA4BD40D12EEA1,61733,res/piece/nfy_equip_icon/zhuangbei/icon_shoushi_xianglian_cheng_90_max.png.gz,9156fc978b3266457f62c3c8464dce03
562F381DAE4C8089483D7AE4F9A71988,25873,res/piece/nfy_equip_icon/zhuangbei/icon_shoushi_xianglian_fen_110.png.gz,862b491f834c31f630720e36794d499b
9FD79658F31D82452D455CD63B9AB36A,75897,res/piece/nfy_equip_icon/zhuangbei/icon_shoushi_xianglian_fen_110_max.png.gz,55c7c340fb43c9191956f7c2570c3df6
B4A6F92D0E5F67EA8BC8C4A5D6E2D0D0,21069,res/piece/nfy_equip_icon/zhuangbei/icon_shoushi_xianglian_fen_50.png.gz,d29347312641a95f83531f2cb7790ab1
8E4482B80A0AE6DB48F65451AAF79EBD,64150,res/piece/nfy_equip_icon/zhuangbei/icon_shoushi_xianglian_fen_50_max.png.gz,5fc6c54f527228b9db596e0c3b5efb73
E4589E22263CDF69BB98151B7D2D11C0,19417,res/piece/nfy_equip_icon/zhuangbei/icon_shoushi_xianglian_fen_70.png.gz,35b4053a25b7f64a7f60132f0add9ed6
5D9704AEAD126AA9B7ACB9D9DB95BE19,56664,res/piece/nfy_equip_icon/zhuangbei/icon_shoushi_xianglian_fen_70_max.png.gz,9a7ca8293971ab9a829ca7166b70458c
3F25882CBD1185CC246F34C0A5427B8B,23389,res/piece/nfy_equip_icon/zhuangbei/icon_shoushi_xianglian_fen_90.png.gz,769b4496b4543525598b5560c4d0b53a
AA2B4271B7C6B45938BDD28B6C26B8AC,73042,res/piece/nfy_equip_icon/zhuangbei/icon_shoushi_xianglian_fen_90_max.png.gz,fc507196d0d3d27091dfb398eae5f035
BFDB1A1ED80345116E398D2B52CE640B,8928,res/piece/nfy_equip_icon/zhuangbei/icon_shoushi_xianglian_lan_10.png.gz,504d2a90fa826b143ac9853ef4ff0e86
860EB6337ADFEB0F92E98DC8EE449F5E,9588,res/piece/nfy_equip_icon/zhuangbei/icon_shoushi_xianglian_lan_100.png.gz,7500da777368112ce75c07088e7836ec
339FD9242D9E6332777F903B2611363F,18234,res/piece/nfy_equip_icon/zhuangbei/icon_shoushi_xianglian_lan_100_max.png.gz,92b8cdb375661fbe1acff8f62d31cc2a
9572AD6A50E2B6C3AFB5D91B550F8AFA,20767,res/piece/nfy_equip_icon/zhuangbei/icon_shoushi_xianglian_lan_10_max.png.gz,52e1516bed23ec3091adcc12352adaaf
9560562FBF53A6507477BB06B2C9AA68,10363,res/piece/nfy_equip_icon/zhuangbei/icon_shoushi_xianglian_lan_110.png.gz,c1dae71707e8350dcd81c7b0298ab651
2AFC59B7143A4B3E08C4EB3B60EC6542,29963,res/piece/nfy_equip_icon/zhuangbei/icon_shoushi_xianglian_lan_110_max.png.gz,9e561f8293aff98b957ec3c4da9258cb
CD6FE55C8DC55A3A7212165D03855EF5,8287,res/piece/nfy_equip_icon/zhuangbei/icon_shoushi_xianglian_lan_20.png.gz,3bad482322ea265f83a291c0755e8367
B0F6CFAFF960D6E1C396984856D96CF3,23440,res/piece/nfy_equip_icon/zhuangbei/icon_shoushi_xianglian_lan_20_max.png.gz,bbec5d33371a77bc87cfd7f77d887db4
EDFCB2119BA0AB90362EF702955CE6DE,7499,res/piece/nfy_equip_icon/zhuangbei/icon_shoushi_xianglian_lan_30.png.gz,673036bd0b4457da90b445ba2c8c465b
A8587BDAC0604AF8017E5AB0AA8964A0,21060,res/piece/nfy_equip_icon/zhuangbei/icon_shoushi_xianglian_lan_30_max.png.gz,efe7aa3d2f06be7f2e68dde47dfccecb
172BE5594CBCF0AE8E274FBEBBD0AFAB,15360,res/piece/nfy_equip_icon/zhuangbei/icon_shoushi_xianglian_lan_40.png.gz,29edc22fdbe14885d56bdf8972e923a2
3A92F6C3465DEAAA3DE54F5C518E520A,42610,res/piece/nfy_equip_icon/zhuangbei/icon_shoushi_xianglian_lan_40_max.png.gz,4bac516c6e356341f53f61d431848611
30A30C6FF944374ADFC17B11CC5951A9,10957,res/piece/nfy_equip_icon/zhuangbei/icon_shoushi_xianglian_lan_50.png.gz,146d25d6fc4c4dc01917d77fd2c52cc5
A1B42A1253112F6EFABE5E78BA163BCA,30503,res/piece/nfy_equip_icon/zhuangbei/icon_shoushi_xianglian_lan_50_max.png.gz,d930d8f995ebb0de553d2afdfb972b39
C20B2F28834EF67BF8B9AAD28CE070CC,9447,res/piece/nfy_equip_icon/zhuangbei/icon_shoushi_xianglian_lan_60.png.gz,b8a8e738aea3f7e471f5804fe2337401
6BFEAD63B84C03745F6433D00499626A,27319,res/piece/nfy_equip_icon/zhuangbei/icon_shoushi_xianglian_lan_60_max.png.gz,1eb953c6e804d42be0c79337933cb949
B8AE8D88AE7D68BD13EE654171448ACD,9312,res/piece/nfy_equip_icon/zhuangbei/icon_shoushi_xianglian_lan_70.png.gz,73f55b169bc8c1f690ab09c4b8f32009
C75E07A4ED5FA2A00E08CA7EAA36C63D,18904,res/piece/nfy_equip_icon/zhuangbei/icon_shoushi_xianglian_lan_70_max.png.gz,1f3fed25cb3f0342d28db0040742c636
AAB8C1E20973F586D8BAA2470FA91885,9111,res/piece/nfy_equip_icon/zhuangbei/icon_shoushi_xianglian_lan_80.png.gz,498566720f2b6070654462c33ab64d81
1191CA5E0487473C0E8DA6FD14D09463,25271,res/piece/nfy_equip_icon/zhuangbei/icon_shoushi_xianglian_lan_80_max.png.gz,bf6a441f457dd308a7ff3aa458f96704
B5084F9A89D4C264AE9FE24DD38DA483,9567,res/piece/nfy_equip_icon/zhuangbei/icon_shoushi_xianglian_lan_90.png.gz,99a322bac2cd14851696f5d396e58f67
53C201E7F0F1E16B9680E86E7020FEBB,22381,res/piece/nfy_equip_icon/zhuangbei/icon_shoushi_xianglian_lan_90_max.png.gz,49abe3cb040be145e1326103d2cf0296
917433DCBA7C46AC4492F2778AA0DBE1,16320,res/piece/nfy_equip_icon/zhuangbei/icon_shoushi_xianglian_zi_10.png.gz,2c8b9c0cef60012d4a23e209f4775031
F148AF4753BB75DA9F52B45CE99A9684,19164,res/piece/nfy_equip_icon/zhuangbei/icon_shoushi_xianglian_zi_100.png.gz,0446642c5968fa0fb3d2678cd653fd9c
07C1D167553F6C280B8AACC3D1A39D0D,53343,res/piece/nfy_equip_icon/zhuangbei/icon_shoushi_xianglian_zi_100_max.png.gz,9a6b65f1d07e76aaa43be4165bd36c70
EFD803C192F3F29F9BEB9E1BEB30AB2D,46164,res/piece/nfy_equip_icon/zhuangbei/icon_shoushi_xianglian_zi_10_max.png.gz,a327ca3aff384e63a92761411f22d6f1
FC09D1E3F48F07C94A0858F94DF083EB,16095,res/piece/nfy_equip_icon/zhuangbei/icon_shoushi_xianglian_zi_110.png.gz,466c0e79bcf2b7a173e3e59413f7d484
836323138D93A3FB5412AF58E1C1F7CC,45135,res/piece/nfy_equip_icon/zhuangbei/icon_shoushi_xianglian_zi_110_max.png.gz,67e43aa377e6f494d93102eac36f6658
132701B4A3A092386A38B99564A04038,17404,res/piece/nfy_equip_icon/zhuangbei/icon_shoushi_xianglian_zi_20.png.gz,025d4854bd4e9a71cb2fba96d3c41ec5
22D14822516A749D100C4913CED82666,49436,res/piece/nfy_equip_icon/zhuangbei/icon_shoushi_xianglian_zi_20_max.png.gz,bf1cd2fae66b54786e11bf4794c51665
026FB3C1E24A6E915D607B813C3E3AAC,16122,res/piece/nfy_equip_icon/zhuangbei/icon_shoushi_xianglian_zi_30.png.gz,cf7c7f6d96361b8759d25b96a4a2b281
430B7E180FBB500E9974C5E38FE51189,46581,res/piece/nfy_equip_icon/zhuangbei/icon_shoushi_xianglian_zi_30_max.png.gz,05c9ea659ac161e46ce29f7561927c28
37736CF427829337B78F27136730DE3E,14631,res/piece/nfy_equip_icon/zhuangbei/icon_shoushi_xianglian_zi_40.png.gz,c8f66bf90d6962615650b33399c881a1
F98CB774B1BE53F6BBEE31248898DCCE,41957,res/piece/nfy_equip_icon/zhuangbei/icon_shoushi_xianglian_zi_40_max.png.gz,fc85a2cdf9dfd7a6a7b078f4dc3aa13e
18D231C3FBCFDEAA76F1CD9C4B6122CC,18142,res/piece/nfy_equip_icon/zhuangbei/icon_shoushi_xianglian_zi_50.png.gz,836b26897cde387695ca8542547b06e3
544A6E569C265CAB970DC5417873E0AE,55294,res/piece/nfy_equip_icon/zhuangbei/icon_shoushi_xianglian_zi_50_max.png.gz,8027d662b540c595b0bcd2ab4e0ca61f
5D8C1A64AF00D3814C6AEEE78505443A,18160,res/piece/nfy_equip_icon/zhuangbei/icon_shoushi_xianglian_zi_60.png.gz,bc8469a7847a5f67d9a36491fa62d455
539D22B6F8B99664DFF7B7CEBB387C6B,51070,res/piece/nfy_equip_icon/zhuangbei/icon_shoushi_xianglian_zi_60_max.png.gz,a63b4f477a660f7c2d9888f4180e8c15
93859DFCFB2D9AF38C0D36C488D39469,13079,res/piece/nfy_equip_icon/zhuangbei/icon_shoushi_xianglian_zi_70.png.gz,e249fdcaaad99d0de479432a3fdf7f2b
205C11E0DF22D4DD49C1181B4341F931,35004,res/piece/nfy_equip_icon/zhuangbei/icon_shoushi_xianglian_zi_70_max.png.gz,1a93f4a03e1539048987d6220f5381d6
A0CE9589236312563EEBA03085F6BB1F,15840,res/piece/nfy_equip_icon/zhuangbei/icon_shoushi_xianglian_zi_80.png.gz,462343fb7ba426e98a2add97111765fe
FBBD402F65AA317A922D10E211C08CDC,49760,res/piece/nfy_equip_icon/zhuangbei/icon_shoushi_xianglian_zi_80_max.png.gz,99a8a010fc237931bb745413e06b4400
420D1EB6D3A7F07E083E3E3324A7A3CC,16187,res/piece/nfy_equip_icon/zhuangbei/icon_shoushi_xianglian_zi_90.png.gz,ddbb00c80d6a6edc8ad90140b95fe32a
6747512530EB72C17B0FFF2B13D3EAEC,45255,res/piece/nfy_equip_icon/zhuangbei/icon_shoushi_xianglian_zi_90_max.png.gz,39453a78874a8ff39eb60358ecf7d414
7CA2EF25BD3CF547D4360A2E6084634C,11145,res/piece/nfy_equip_icon/zhuangbei/icon_zhuangbei_kuzi_bai_10.png.gz,eefd5c307a7fcdea92f567c7456d779b
B0DBCC28511F81530DFCF38E58CE94F8,30830,res/piece/nfy_equip_icon/zhuangbei/icon_zhuangbei_kuzi_bai_10_max.png.gz,f215571ba3be1d955938bed114483451
5473F76F79DAB877F8356FC80DC07AD4,21591,res/piece/nfy_equip_icon/zhuangbei/icon_zhuangbei_kuzi_cheng_110.png.gz,4beb7a628c223f428f5ff1fd23189285
64796D1AF678722E3EA4169CA4960EB9,67359,res/piece/nfy_equip_icon/zhuangbei/icon_zhuangbei_kuzi_cheng_110_max.png.gz,8caaa55694021cd10a7558a7f493c9e7
2606C47A6BA533EDC6BE5C4C7A260CA4,23400,res/piece/nfy_equip_icon/zhuangbei/icon_zhuangbei_kuzi_cheng_50.png.gz,8c3b56be71e3985c0b7b53b06264cc80
1016BA15B0E6E3DC7A8B8AD8862293CF,69812,res/piece/nfy_equip_icon/zhuangbei/icon_zhuangbei_kuzi_cheng_50_max.png.gz,9047c4e55fd7af2066c0bfbad994fcab
7965F959C0B4E68A3D1498DDFB8B0226,21608,res/piece/nfy_equip_icon/zhuangbei/icon_zhuangbei_kuzi_cheng_70.png.gz,4edc72ef3a191aff67f0d972045817f4
9571AC4CE3A79DDF773247CA5F63A7EF,59398,res/piece/nfy_equip_icon/zhuangbei/icon_zhuangbei_kuzi_cheng_70_max.png.gz,0934b7ac12fdd518208f906afb9f7a31
9700602F49CD668A84BBB205FA50F532,18090,res/piece/nfy_equip_icon/zhuangbei/icon_zhuangbei_kuzi_cheng_90.png.gz,808196ab2a23e1cfbd0b81e460a6d9f1
E017F37AF3CAF96234654FFF71E417E2,53010,res/piece/nfy_equip_icon/zhuangbei/icon_zhuangbei_kuzi_cheng_90_max.png.gz,673846375e03145f744b4a301dace9cc
48CA5B0D0D7C3F230CF2CDF9538D2A3A,26764,res/piece/nfy_equip_icon/zhuangbei/icon_zhuangbei_kuzi_fen_110.png.gz,575da5428ee15e38cb37825c84d81bb7
801520F2E402E1C134E989DA28FF0C94,76609,res/piece/nfy_equip_icon/zhuangbei/icon_zhuangbei_kuzi_fen_110_max.png.gz,785da8db30daed3bfe526a91deeaf8f0
C29E62920985815E8414390485C31F84,20288,res/piece/nfy_equip_icon/zhuangbei/icon_zhuangbei_kuzi_fen_50.png.gz,9967f024d19900136a3e0cf16146e160
D15B6D896A4E21A5AC578D81FE3BDAD0,55458,res/piece/nfy_equip_icon/zhuangbei/icon_zhuangbei_kuzi_fen_50_max.png.gz,01f00bb98917cca646b2149bc5d292d4
DBF2F501FC24EC4ACC68852FD0AB6DE6,23836,res/piece/nfy_equip_icon/zhuangbei/icon_zhuangbei_kuzi_fen_70.png.gz,1984d4dad40cddd1de089095559c6ba3
981C090C416BDBC4506D7C1928CEEC11,71500,res/piece/nfy_equip_icon/zhuangbei/icon_zhuangbei_kuzi_fen_70_max.png.gz,d96413dff1590fd856b66344f4bf4bc6
BD0EC05FD147E5FC8D020DEBAA29EDCB,25620,res/piece/nfy_equip_icon/zhuangbei/icon_zhuangbei_kuzi_fen_90.png.gz,cb1210235b8c0090be9949d6292ffbb3
5B592716FFAC17A66FBAFEAF0C601D31,76601,res/piece/nfy_equip_icon/zhuangbei/icon_zhuangbei_kuzi_fen_90_max.png.gz,7d1f68f1d8bee39e35a4cf95f59b8d0b
22A024AC4483A76FE51BE5B2BEE9B8BB,11145,res/piece/nfy_equip_icon/zhuangbei/icon_zhuangbei_kuzi_lan_10.png.gz,eefd5c307a7fcdea92f567c7456d779b
FC5293804E990532A80A52B2A56F713F,11122,res/piece/nfy_equip_icon/zhuangbei/icon_zhuangbei_kuzi_lan_100.png.gz,8349823fb21b771f6c84e5d62091b7a5
8F57F1ABE482C4951C12CC0BBA1A44BF,33341,res/piece/nfy_equip_icon/zhuangbei/icon_zhuangbei_kuzi_lan_100_max.png.gz,1b839eb23605048d0bd4a953c86cafab
79F10243CEB79DB5244D9CC1F168DC4E,30830,res/piece/nfy_equip_icon/zhuangbei/icon_zhuangbei_kuzi_lan_10_max.png.gz,f215571ba3be1d955938bed114483451
4ADAB01B00E4C24EB17DD5DE77D3F814,14453,res/piece/nfy_equip_icon/zhuangbei/icon_zhuangbei_kuzi_lan_110.png.gz,aed6e26c849c4d3e1a5a6941a61db7f4
187B95FBE6C8CA0A71C0AA1FDBF56AF1,39070,res/piece/nfy_equip_icon/zhuangbei/icon_zhuangbei_kuzi_lan_110_max.png.gz,52d5dc28fbd49355f8c5ea6473aec7c9
743A7BB2ACA4AB0260280BF282F9931F,11569,res/piece/nfy_equip_icon/zhuangbei/icon_zhuangbei_kuzi_lan_20.png.gz,8c19706662beb35884ed6d6033b3766c
30EB0C40464FBA4464BCD820FB3482C8,34514,res/piece/nfy_equip_icon/zhuangbei/icon_zhuangbei_kuzi_lan_20_max.png.gz,6dff183204b53ff061fff160ba201591
E2BF5F5B2892D4C89BB2CAB9B4007534,12784,res/piece/nfy_equip_icon/zhuangbei/icon_zhuangbei_kuzi_lan_30.png.gz,c90f6bffeb63717db9a4558b808dda3d
91691AC078E25703AEDCCCD4681C48D9,34991,res/piece/nfy_equip_icon/zhuangbei/icon_zhuangbei_kuzi_lan_30_max.png.gz,673e829f51929462aed3596234bde711
6857CBA3A2A35F042B93A36FC1360E61,13100,res/piece/nfy_equip_icon/zhuangbei/icon_zhuangbei_kuzi_lan_40.png.gz,1adabe4ff9f5606e55622fada2c54e6f
A297A4ACA89EB73D4B801CDFE54E993F,36430,res/piece/nfy_equip_icon/zhuangbei/icon_zhuangbei_kuzi_lan_40_max.png.gz,3274e39ee303fe3e6a4ab2997f026f46
0AC00F0BF88CE0D58BC3A763986A3A0B,13674,res/piece/nfy_equip_icon/zhuangbei/icon_zhuangbei_kuzi_lan_50.png.gz,f9c64e36d89a697d1c97ba834c9e45e4
88F5B7CB073A7ABE4B6F565070AEA82B,38539,res/piece/nfy_equip_icon/zhuangbei/icon_zhuangbei_kuzi_lan_50_max.png.gz,27cdc7a6be22e7150ea0ea002c752d49
CE7B757536EF9561789F640BAE3596E9,12614,res/piece/nfy_equip_icon/zhuangbei/icon_zhuangbei_kuzi_lan_60.png.gz,b75aa9983e39bb364581159098043786
D385B8449E8FD7DD3D6F76C8D3E2F9DF,37148,res/piece/nfy_equip_icon/zhuangbei/icon_zhuangbei_kuzi_lan_60_max.png.gz,5c2efde7c018c869c8bda76cc95f708a
D93691DA2B8C44CD97C64E5275C69160,13453,res/piece/nfy_equip_icon/zhuangbei/icon_zhuangbei_kuzi_lan_70.png.gz,b5f9bea5d5dc474f2ffddadcdf576d8f
04F64C944C6C5363EFA6D2FFE6B35AB2,38593,res/piece/nfy_equip_icon/zhuangbei/icon_zhuangbei_kuzi_lan_70_max.png.gz,190057d837c509b5095917ab45f18cc3
BEE55564690A351570B5E356CF94EEEC,15544,res/piece/nfy_equip_icon/zhuangbei/icon_zhuangbei_kuzi_lan_80.png.gz,dc4193caefb2da582c8ad41aa39bb7e8
6A33266104F6442E0F2E5465447F56CA,42361,res/piece/nfy_equip_icon/zhuangbei/icon_zhuangbei_kuzi_lan_80_max.png.gz,f897b80a92a3a2c32237318d6213514f
50D48F1CA92ECD4008999C34851D6E49,13012,res/piece/nfy_equip_icon/zhuangbei/icon_zhuangbei_kuzi_lan_90.png.gz,1277cea223516b55684b1ea6c8590d85
B0D936EA6DF82E4D2C99BB4AFF77CC53,36390,res/piece/nfy_equip_icon/zhuangbei/icon_zhuangbei_kuzi_lan_90_max.png.gz,9c98efba167ab9ed1c128817207651e8
0ED58E83717A2098EB11C69996A4A4A0,19398,res/piece/nfy_equip_icon/zhuangbei/icon_zhuangbei_kuzi_zi_10.png.gz,1c2bd54acb08a8a0cf79dfae49498944
CE265ABAB351776A389171EAC8BA69DF,19529,res/piece/nfy_equip_icon/zhuangbei/icon_zhuangbei_kuzi_zi_100.png.gz,f8b77525014c656017071fc145ad6b74
4F9340EC040A1081D0D47E7AED219F23,56940,res/piece/nfy_equip_icon/zhuangbei/icon_zhuangbei_kuzi_zi_100_max.png.gz,0d648c64b9f3fecc32bafa53cd85651a
7E493B569B9C91AF73BDB1078377AA7D,57102,res/piece/nfy_equip_icon/zhuangbei/icon_zhuangbei_kuzi_zi_10_max.png.gz,3cfdab6db22d0bc180570c268c848923
82685A0E9FA4405A796BEBD3E73F4F8C,18409,res/piece/nfy_equip_icon/zhuangbei/icon_zhuangbei_kuzi_zi_110.png.gz,d8f2667523cea82060da825acf5655eb
ED51E30DE34E132B0F32736496B4D70B,56478,res/piece/nfy_equip_icon/zhuangbei/icon_zhuangbei_kuzi_zi_110_max.png.gz,c56a4203213ff72a38cf3bc342b99ed1
E8DD1205C867FD97C574970B28F6F8BA,19356,res/piece/nfy_equip_icon/zhuangbei/icon_zhuangbei_kuzi_zi_20.png.gz,0cc5bfabc94e6363ea64c5c08aa453d1
A364913B8045865606A83C79FE35F396,55865,res/piece/nfy_equip_icon/zhuangbei/icon_zhuangbei_kuzi_zi_20_max.png.gz,fd50018316bfac9c1e04a508fec88b62
D6D166ABD30F56922601919D9A75D985,18156,res/piece/nfy_equip_icon/zhuangbei/icon_zhuangbei_kuzi_zi_30.png.gz,ec5e6d110081747af27186ccdb9263e3
13213D271A85B407C916D0D1D79581CA,53843,res/piece/nfy_equip_icon/zhuangbei/icon_zhuangbei_kuzi_zi_30_max.png.gz,604ce50c6cd86f82ed16c2d9f188ab82
5BBB9275EEBCB3193FE98CCC03646B6E,20527,res/piece/nfy_equip_icon/zhuangbei/icon_zhuangbei_kuzi_zi_40.png.gz,5de518ea4679a5b18a5c54e049a3c76a
B8AA8176A178FFC902684299EA6655A2,60914,res/piece/nfy_equip_icon/zhuangbei/icon_zhuangbei_kuzi_zi_40_max.png.gz,522dfeefcc494c134f75aa834265d04d
BD7E28B9978BAAD4679716CB3EF0D50E,20020,res/piece/nfy_equip_icon/zhuangbei/icon_zhuangbei_kuzi_zi_50.png.gz,6f7250a53f4aeb14ca4b8d24b8f327f8
B4F48591C7BDB150BC3FDC0B38D674BB,59526,res/piece/nfy_equip_icon/zhuangbei/icon_zhuangbei_kuzi_zi_50_max.png.gz,ca1649cdb17c8f730bf249b8a7330ee3
429ACAF830C187573067492E1878F603,19541,res/piece/nfy_equip_icon/zhuangbei/icon_zhuangbei_kuzi_zi_60.png.gz,7b8083f4c38799267303452ecd139f8c
C193C80A1D0F55BCD742355B03633241,58269,res/piece/nfy_equip_icon/zhuangbei/icon_zhuangbei_kuzi_zi_60_max.png.gz,4ded77fdf0a94b9cb08807187addef3d
79FAC212CAC6009AA09756C23D970B6D,20158,res/piece/nfy_equip_icon/zhuangbei/icon_zhuangbei_kuzi_zi_70.png.gz,07adfd49011773c13f72eb8b108483a5
545DECC974092AF52722513831F0CEFE,58621,res/piece/nfy_equip_icon/zhuangbei/icon_zhuangbei_kuzi_zi_70_max.png.gz,1261c0acb55605513a4753392765bb39
C09B2B6503807C9854A0F8D71D50476A,19561,res/piece/nfy_equip_icon/zhuangbei/icon_zhuangbei_kuzi_zi_80.png.gz,fad1148f4c5e93d4f479aa5628f6ba2c
84695C20E9147FF50779AC15E1F3061C,55934,res/piece/nfy_equip_icon/zhuangbei/icon_zhuangbei_kuzi_zi_80_max.png.gz,c70070ac364b8b052ba99220ba98cf47
400B1AE95CE833A73AC7455C61657646,19915,res/piece/nfy_equip_icon/zhuangbei/icon_zhuangbei_kuzi_zi_90.png.gz,33625b7e0a1174b739c65487ed0735c2
5CCE7EE5F3EE200CF9EC641AB5F3B4B5,59901,res/piece/nfy_equip_icon/zhuangbei/icon_zhuangbei_kuzi_zi_90_max.png.gz,c6c35852c919ee5b5b1e7bb0ee4c3096
F6E08344C574645086885BA7D84ED59B,8937,res/piece/nfy_equip_icon/zhuangbei/icon_zhuangbei_shouhuan_bai_10.png.gz,bf27f8a4fc6c04cd8c66caa5355ed316
65FFC72BCF6C28CA6E87542A9CFE95F4,22528,res/piece/nfy_equip_icon/zhuangbei/icon_zhuangbei_shouhuan_bai_10_max.png.gz,a650d80fcb73a5e12c57dc9fad11d836
A2823CBD3976D5868047290BAE7BA6D9,17906,res/piece/nfy_equip_icon/zhuangbei/icon_zhuangbei_shouhuan_cheng_110.png.gz,91a6e69a9817734b2f081194a79e1972
413B88F15E219EB5E943BEDA2C8E6A7D,54735,res/piece/nfy_equip_icon/zhuangbei/icon_zhuangbei_shouhuan_cheng_110_max.png.gz,62457398627fa40f92caf13f3f592d63
6B71FCEDEDBAAA9675CF788A612244E5,24039,res/piece/nfy_equip_icon/zhuangbei/icon_zhuangbei_shouhuan_cheng_50.png.gz,dac6c0d5fa25c1e492c5433698d62816
1ACFAEF13937ACCBCE35DDAAFE559389,76303,res/piece/nfy_equip_icon/zhuangbei/icon_zhuangbei_shouhuan_cheng_50_max.png.gz,e5c9f058cc5eca48d311fc9addf47f35
0CE223C28CAF34322380251A737C5E9D,17267,res/piece/nfy_equip_icon/zhuangbei/icon_zhuangbei_shouhuan_cheng_70.png.gz,d38e521efd50d7d71ddb3a51e9ac6cb8
77974C32D88C9A069DCD65168861C69A,48423,res/piece/nfy_equip_icon/zhuangbei/icon_zhuangbei_shouhuan_cheng_70_max.png.gz,62276a9aaebdade0cdf50c83280619e4
83F0846FF69554368823C8CD3D5FC7AF,21459,res/piece/nfy_equip_icon/zhuangbei/icon_zhuangbei_shouhuan_cheng_90.png.gz,81d3ac1ce35206e75dbdab7e2b948564
10FF0B7D76688DB3E2CA6F0A26CD47D0,65038,res/piece/nfy_equip_icon/zhuangbei/icon_zhuangbei_shouhuan_cheng_90_max.png.gz,5a68b47c734cf149ba6569637d4d7066
10CC172318E56D462C5F45CA691B4F99,22602,res/piece/nfy_equip_icon/zhuangbei/icon_zhuangbei_shouhuan_fen_110.png.gz,19c473642cf6009c35d22e4196ecc9c2
8A54DC1A18066AA31CB03DF286DB0EAA,70547,res/piece/nfy_equip_icon/zhuangbei/icon_zhuangbei_shouhuan_fen_110_max.png.gz,64c2aa8ace09e15a089384825fccb741
9379A4E09511C771AC0B8561FE6B401F,15492,res/piece/nfy_equip_icon/zhuangbei/icon_zhuangbei_shouhuan_fen_50.png.gz,c754040685403e99fe59440342627eed
C4BFB1F5E811E2146CA632E3F53A8392,44230,res/piece/nfy_equip_icon/zhuangbei/icon_zhuangbei_shouhuan_fen_50_max.png.gz,97798f85c9fff6671d3fe1b69135ed45
CBDE5F5551705D13DBE1E5487D591060,15491,res/piece/nfy_equip_icon/zhuangbei/icon_zhuangbei_shouhuan_fen_70.png.gz,864f385a0c5c2f84e678a89e29bb77ae
8FF1E45D3560960A769C629E585145D8,43996,res/piece/nfy_equip_icon/zhuangbei/icon_zhuangbei_shouhuan_fen_70_max.png.gz,275c0a0f42108f1498ad2f3916d285b1
34E97AD0DA2CF6C1FC77E90802FB800D,24052,res/piece/nfy_equip_icon/zhuangbei/icon_zhuangbei_shouhuan_fen_90.png.gz,4b328e71a8d6bc644a6fc9f2ba9f114d
8B09ADCC26BE2D2926CAFA7F2464B858,75960,res/piece/nfy_equip_icon/zhuangbei/icon_zhuangbei_shouhuan_fen_90_max.png.gz,faf79918a1be1e7d112bac9605b292f5
1C3BDBDD5A3FB10EE35A0300FD840EEA,8937,res/piece/nfy_equip_icon/zhuangbei/icon_zhuangbei_shouhuan_lan_10.png.gz,bf27f8a4fc6c04cd8c66caa5355ed316
24DDC6585D0F1C0BDE1AEEF03B3A9AB6,7385,res/piece/nfy_equip_icon/zhuangbei/icon_zhuangbei_shouhuan_lan_100.png.gz,5069d9f549396d427594a53d4b8a335d
157B3AF6C7A214C071FF2C163194E02D,18573,res/piece/nfy_equip_icon/zhuangbei/icon_zhuangbei_shouhuan_lan_100_max.png.gz,8235df645ec33514c7274d77ce3dd040
CE3FDAA47F22C9C879CC4E5D49FE5342,22528,res/piece/nfy_equip_icon/zhuangbei/icon_zhuangbei_shouhuan_lan_10_max.png.gz,a650d80fcb73a5e12c57dc9fad11d836
913C73158C3A8120C9CC06A6599E7F4D,7696,res/piece/nfy_equip_icon/zhuangbei/icon_zhuangbei_shouhuan_lan_110.png.gz,02074c3af930af41049d088a3c0d671a
2A0287E9EEA35E22489DEF4AC7114910,21948,res/piece/nfy_equip_icon/zhuangbei/icon_zhuangbei_shouhuan_lan_110_max.png.gz,c8be0c38e9fe80818cb35ab39e385ad2
B3AC8BDFF1EF1791CAFD5AFC1976DF41,9476,res/piece/nfy_equip_icon/zhuangbei/icon_zhuangbei_shouhuan_lan_20.png.gz,6e7ae7453187a843e61d9eb25347950c
044B741CF98D2EDED61D998B09BD3EB9,27764,res/piece/nfy_equip_icon/zhuangbei/icon_zhuangbei_shouhuan_lan_20_max.png.gz,f850eafd1456895d505620ac5df1c513
2FB11B92DC2509B05A1C1B6C7BE51C75,8627,res/piece/nfy_equip_icon/zhuangbei/icon_zhuangbei_shouhuan_lan_30.png.gz,5fbf456f3c2a8b35d716240b234231fd
5A2D3ABB4DC77C2C8E79634E7365031D,23556,res/piece/nfy_equip_icon/zhuangbei/icon_zhuangbei_shouhuan_lan_30_max.png.gz,087c079de8880d1ac3f621c646903812
0908CEBF98FF1DF703DF291CBC12CDC9,11308,res/piece/nfy_equip_icon/zhuangbei/icon_zhuangbei_shouhuan_lan_40.png.gz,ccf4302cd39723a959c04d32228b294e
CDB869F85629982F14F69127B2391B0F,32351,res/piece/nfy_equip_icon/zhuangbei/icon_zhuangbei_shouhuan_lan_40_max.png.gz,62bc238dcd64da721d24b3af5530b4b8
2B4E97007D570E148FDEE43954170754,10612,res/piece/nfy_equip_icon/zhuangbei/icon_zhuangbei_shouhuan_lan_50.png.gz,fcaa1ebc6149eca12f16bd0443f234e2
11C748A2743C63C5A7A82FFE39B41C93,31466,res/piece/nfy_equip_icon/zhuangbei/icon_zhuangbei_shouhuan_lan_50_max.png.gz,9d2c2852e65fe81c066d5824e46758e5
6DAE73B333279079C2F1F4E1F2389EEE,8319,res/piece/nfy_equip_icon/zhuangbei/icon_zhuangbei_shouhuan_lan_60.png.gz,6d18b1a93610a9f3587ce0223bb02950
3F998C69B158DF5BCDDCB46A75BF6D8D,23536,res/piece/nfy_equip_icon/zhuangbei/icon_zhuangbei_shouhuan_lan_60_max.png.gz,a7ed93571d07f40d41f445e88faa3f30
CCD5C2F6FCA35A7B344FC4458BAABEE1,9107,res/piece/nfy_equip_icon/zhuangbei/icon_zhuangbei_shouhuan_lan_70.png.gz,0f4c35e26b2f8fcc172c359d0e3827f5
39073985C916742E1D8A1ECAE1DA8EF2,27105,res/piece/nfy_equip_icon/zhuangbei/icon_zhuangbei_shouhuan_lan_70_max.png.gz,b6cd79b4d47801b8c7f94b11e6aaf40b
B495E928C0C06F73370D224F65E1B7B1,8362,res/piece/nfy_equip_icon/zhuangbei/icon_zhuangbei_shouhuan_lan_80.png.gz,0a5d9e9ec73db82a4507dfc587443c2c
34ABE9B90AF02590AEF926EB4CD470CD,22481,res/piece/nfy_equip_icon/zhuangbei/icon_zhuangbei_shouhuan_lan_80_max.png.gz,6891c4208bb61a1db83b9c9e7d44e1a9
65D2490A9583A27B4871532EAD83DEA4,8600,res/piece/nfy_equip_icon/zhuangbei/icon_zhuangbei_shouhuan_lan_90.png.gz,de9948022c049f132eee0702363806eb
A2AA344114B08C2B9823261C59F3CA64,22814,res/piece/nfy_equip_icon/zhuangbei/icon_zhuangbei_shouhuan_lan_90_max.png.gz,d2af53aa421bb7f24e673389a6647c61
0DA32F367333A3ECAE2A1B9E9832FAC6,15824,res/piece/nfy_equip_icon/zhuangbei/icon_zhuangbei_shouhuan_zi_10.png.gz,177997bf44e8decf5030090956439981
CA5C7BB0989235AB1BB7253CA4423418,13013,res/piece/nfy_equip_icon/zhuangbei/icon_zhuangbei_shouhuan_zi_100.png.gz,3a6c33afe3b20f0f57baa44a33311b7c
AC9BBC635B0E7B8BF03659DB419A4077,37472,res/piece/nfy_equip_icon/zhuangbei/icon_zhuangbei_shouhuan_zi_100_max.png.gz,8a88d9bc1648f43d32434f188d0d0f99
26850FC3A41A84DDAEAC0FB059E1E0D6,45096,res/piece/nfy_equip_icon/zhuangbei/icon_zhuangbei_shouhuan_zi_10_max.png.gz,d280c559d3ea766f9b596013afacaf99
168090891BA1212316F0AE83EABB4BDF,15948,res/piece/nfy_equip_icon/zhuangbei/icon_zhuangbei_shouhuan_zi_110.png.gz,e691923c0ac2e4698fd13fe4efaf3300
B0343AF5B2F0BD30420F85AF7070E63B,49236,res/piece/nfy_equip_icon/zhuangbei/icon_zhuangbei_shouhuan_zi_110_max.png.gz,ccdf3dbca8ee8f45da42084fae5c054e
812BD117C0FCE1A6669C798695D93AA7,15496,res/piece/nfy_equip_icon/zhuangbei/icon_zhuangbei_shouhuan_zi_20.png.gz,d2bfc546be983e750983aeb1d40288f4
7A5868EA79A4A3E8C984D583A5920216,46561,res/piece/nfy_equip_icon/zhuangbei/icon_zhuangbei_shouhuan_zi_20_max.png.gz,20d238a6fd77c43d4685319bdc026282
CA1294E6A7C26EEF7AEE9F304303FC43,14875,res/piece/nfy_equip_icon/zhuangbei/icon_zhuangbei_shouhuan_zi_30.png.gz,692f00f1679a2fcbe9f1d45e1ba510c7
FC568E97C630F979A6BD0C3D5CBDEF94,42158,res/piece/nfy_equip_icon/zhuangbei/icon_zhuangbei_shouhuan_zi_30_max.png.gz,55f5d92d73de1c4e32c6808d5061a1c7
912DF27700129E7646A9CDA28999D7AE,15128,res/piece/nfy_equip_icon/zhuangbei/icon_zhuangbei_shouhuan_zi_40.png.gz,32886ebe0f3f75a7e5d831b2c00c5e22
AD980C66E5E6902BF722A4D606DD74EB,41918,res/piece/nfy_equip_icon/zhuangbei/icon_zhuangbei_shouhuan_zi_40_max.png.gz,ce87ad47cc7a04750efada2cabceb23a
4E6F677F2FE37216FA5EFDF72A410F75,16382,res/piece/nfy_equip_icon/zhuangbei/icon_zhuangbei_shouhuan_zi_50.png.gz,463f0057c53099c9b3a0564ea269531e
F054C33505D39E6C0B9DC4603CDFC3D2,47405,res/piece/nfy_equip_icon/zhuangbei/icon_zhuangbei_shouhuan_zi_50_max.png.gz,a35c837cf6f3bb4c46a8befec5971679
28EAB821A6AA3C73F748D1FB86F42F8E,14571,res/piece/nfy_equip_icon/zhuangbei/icon_zhuangbei_shouhuan_zi_60.png.gz,ae6840d94ac6099f604ad3fd5f5c0097
494037DDC39DA3C631F16662EA4075B9,42516,res/piece/nfy_equip_icon/zhuangbei/icon_zhuangbei_shouhuan_zi_60_max.png.gz,060d4fffe8d22efd57973aee50d66bd5
2A217FE1C7A31D3BF2FED742EE41BBE2,15524,res/piece/nfy_equip_icon/zhuangbei/icon_zhuangbei_shouhuan_zi_70.png.gz,55823c86b300570d0dd246cc70912ca5
C84661393B5D2825DADCABA4029DA6F5,44672,res/piece/nfy_equip_icon/zhuangbei/icon_zhuangbei_shouhuan_zi_70_max.png.gz,06f2347785577158fb5a2d815c446e1c
E2BD71FD140F2BE8B9AAE3E584FF259B,14460,res/piece/nfy_equip_icon/zhuangbei/icon_zhuangbei_shouhuan_zi_80.png.gz,fcbdc4195a5dffa5728a57c850e5ca81
DE2840586D4C5C85F837D8FC8AC95E2D,43496,res/piece/nfy_equip_icon/zhuangbei/icon_zhuangbei_shouhuan_zi_80_max.png.gz,6ad0e8bf063125cead000cd7aec03da3
AA20CD0547C49701BC0196F1B1B26674,12909,res/piece/nfy_equip_icon/zhuangbei/icon_zhuangbei_shouhuan_zi_90.png.gz,e7665c45b555f758298966178da83156
7ABEDD27C648A52C3DE8288DB3D2369A,34374,res/piece/nfy_equip_icon/zhuangbei/icon_zhuangbei_shouhuan_zi_90_max.png.gz,1e228570c2aa6f225e8d1fc1715f9043
39629E49B4A2A508AE0C8ECBE5B9E12A,11543,res/piece/nfy_equip_icon/zhuangbei/icon_zhuangbei_shoutao_bai_10.png.gz,282aeecfc2c8cac5bba29c83699d860c
AAB702F147BAB159FE6F31FD08A0583F,34427,res/piece/nfy_equip_icon/zhuangbei/icon_zhuangbei_shoutao_bai_10_max.png.gz,58d1201810a4ea7d7240e6a76bca7556
381A9E7EA1AF6BFBDB2578F0E3F66DCA,23575,res/piece/nfy_equip_icon/zhuangbei/icon_zhuangbei_shoutao_cheng_110.png.gz,453c038eb9dad6f9fe1d24de2911618c
A24A51D7899644EFC640085D845602BF,74399,res/piece/nfy_equip_icon/zhuangbei/icon_zhuangbei_shoutao_cheng_110_max.png.gz,b1c1515fdb73b8576828cac2cd98ad64
8E5FC030C3D02977125D7B953E898AC5,23584,res/piece/nfy_equip_icon/zhuangbei/icon_zhuangbei_shoutao_cheng_50.png.gz,be0c1ce5a7792c0f4672d7be435e6919
A786B6126784BA04F6C06D71EAD0B48A,72029,res/piece/nfy_equip_icon/zhuangbei/icon_zhuangbei_shoutao_cheng_50_max.png.gz,d83516b6c1230422064a9b4b106bdadb
0986EC942B79C99A598F0EA88FB8FB21,19620,res/piece/nfy_equip_icon/zhuangbei/icon_zhuangbei_shoutao_cheng_70.png.gz,2455c5ae51f56255bc89881936a38906
70421CC563AC5F3B29743E31ED69491F,58290,res/piece/nfy_equip_icon/zhuangbei/icon_zhuangbei_shoutao_cheng_70_max.png.gz,444a661c211427c77b4831cab9416e8a
A8371833EB63281B7E8B94C33BC3B481,19952,res/piece/nfy_equip_icon/zhuangbei/icon_zhuangbei_shoutao_cheng_90.png.gz,fe75b4f9ead460d45f53904a5cdd0708
2E6D7553AEDFF3532F35669DFC843084,56311,res/piece/nfy_equip_icon/zhuangbei/icon_zhuangbei_shoutao_cheng_90_max.png.gz,bcb0feeee3ea07aae76b9526a6b18baf
18DB8F039BFE4DAB5755869B456AB5F9,24214,res/piece/nfy_equip_icon/zhuangbei/icon_zhuangbei_shoutao_fen_110.png.gz,5d3ec55b8d1a2f0efa38612fbc47d877
ED0362BCB062D221E75D0EE279DDE689,74279,res/piece/nfy_equip_icon/zhuangbei/icon_zhuangbei_shoutao_fen_110_max.png.gz,ec4dba6dacb5c68c700a81b22530231d
FC90015932A83E8FE03F0EEE787F0340,16891,res/piece/nfy_equip_icon/zhuangbei/icon_zhuangbei_shoutao_fen_50.png.gz,84e53eef46911f146fb5b99c26d18d0e
F758ED421C8EEDC89875A8D6FA5A5030,47312,res/piece/nfy_equip_icon/zhuangbei/icon_zhuangbei_shoutao_fen_50_max.png.gz,575fabbbd0819e2ecf3ee4678d240cf2
0279CA249D20D051C7F2C51EE70B46C7,24098,res/piece/nfy_equip_icon/zhuangbei/icon_zhuangbei_shoutao_fen_70.png.gz,e5d83f7cf21ff0d58177d27119ff4c1b
D84670A66C457AF8EE728C5EFAEA9B97,73420,res/piece/nfy_equip_icon/zhuangbei/icon_zhuangbei_shoutao_fen_70_max.png.gz,f1506ca55970c3e1a390410586888e72
7E408EBDC72A0E99A7D1E687C76EEA76,27143,res/piece/nfy_equip_icon/zhuangbei/icon_zhuangbei_shoutao_fen_90.png.gz,7737bd85fbae73534fa5b45961efbc3d
7D9ED520F5542E560FCC207B362E24F0,85544,res/piece/nfy_equip_icon/zhuangbei/icon_zhuangbei_shoutao_fen_90_max.png.gz,6b33b6b071bdcad1f15a4f03a55b25a5
43B768D2708E34E1C94B61D234A436F6,11543,res/piece/nfy_equip_icon/zhuangbei/icon_zhuangbei_shoutao_lan_10.png.gz,282aeecfc2c8cac5bba29c83699d860c
CDEDCC32009D888264B0CC06E0E86965,12423,res/piece/nfy_equip_icon/zhuangbei/icon_zhuangbei_shoutao_lan_100.png.gz,4b69b4d623393fdf44289f6962e70b8f
597D43B26C0720C1958FCFFB7746B0FD,35283,res/piece/nfy_equip_icon/zhuangbei/icon_zhuangbei_shoutao_lan_100_max.png.gz,02f28b668f6ec3bde79945345e764eea
B54BE270CB632837BE0A259872342CB9,34427,res/piece/nfy_equip_icon/zhuangbei/icon_zhuangbei_shoutao_lan_10_max.png.gz,58d1201810a4ea7d7240e6a76bca7556
F69490FB5678F692ABD775B7C93C2E5E,12970,res/piece/nfy_equip_icon/zhuangbei/icon_zhuangbei_shoutao_lan_110.png.gz,5e2d1937635493fc9a6b067a5a941e27
3C293BAB1C1EA0487541E12BE7B4ADCE,38471,res/piece/nfy_equip_icon/zhuangbei/icon_zhuangbei_shoutao_lan_110_max.png.gz,598d809a9e3281adf2d138ea5fc38840
365F7FE1F5447B0751CA36DC3608AA75,11379,res/piece/nfy_equip_icon/zhuangbei/icon_zhuangbei_shoutao_lan_20.png.gz,3fedc84a332bf69b2a42eee4a6b7ad41
C6E7F29B36B2B8C5A6814A4674712846,33503,res/piece/nfy_equip_icon/zhuangbei/icon_zhuangbei_shoutao_lan_20_max.png.gz,f2bab5811b3603cb8226f8840dcddd53
CE262DB8A271CB425A183CD65C5FEAEC,12341,res/piece/nfy_equip_icon/zhuangbei/icon_zhuangbei_shoutao_lan_30.png.gz,e723b9b4e6a3c3e3e36e64cc3203fed7
CE7AB1FC9F8E9A4CBEF8CCAD78B6CAA6,34543,res/piece/nfy_equip_icon/zhuangbei/icon_zhuangbei_shoutao_lan_30_max.png.gz,daa1a06c0d1f0b47bec840df75630b7b
C5483FC305E3C6DCE99A18BF4F8C0C11,13297,res/piece/nfy_equip_icon/zhuangbei/icon_zhuangbei_shoutao_lan_40.png.gz,e06faa34b82bc8fab01e8b60c2745e3a
4E9778D0E28C18014F5DCADA5505C96D,37935,res/piece/nfy_equip_icon/zhuangbei/icon_zhuangbei_shoutao_lan_40_max.png.gz,919d807926a20d43a890a6015e75901f
73930943BD06D3742363C2D30D46D7F3,12929,res/piece/nfy_equip_icon/zhuangbei/icon_zhuangbei_shoutao_lan_50.png.gz,157792780fcd89e8e566dfaaa2347cae
D936AE81B46F0A7CE5A07FF3CF780B15,37220,res/piece/nfy_equip_icon/zhuangbei/icon_zhuangbei_shoutao_lan_50_max.png.gz,ac37ad1598d6ec9d8b38a37700f9e2c5
0AAF3B91A3663EE25D2C65103A9ED126,12695,res/piece/nfy_equip_icon/zhuangbei/icon_zhuangbei_shoutao_lan_60.png.gz,c30193ada4e275cb5bd5a51170d4b411
5BE9BD242F907AE73FAAEC51C9B79C54,37191,res/piece/nfy_equip_icon/zhuangbei/icon_zhuangbei_shoutao_lan_60_max.png.gz,ca5942494a4adb9ad5df7e61a97ded73
F62B3B9476088E91D8D00FA4369E2497,12366,res/piece/nfy_equip_icon/zhuangbei/icon_zhuangbei_shoutao_lan_70.png.gz,d06145d0c69069c04074fe347607fd77
4E0B8D60BFD14FF8138FA65CAF8C0C1F,36760,res/piece/nfy_equip_icon/zhuangbei/icon_zhuangbei_shoutao_lan_70_max.png.gz,d569306ca8d5a69a601165649701336e
4548A702C15689D18802170A941139CC,11538,res/piece/nfy_equip_icon/zhuangbei/icon_zhuangbei_shoutao_lan_80.png.gz,f1020392a4e91000f27b0576ba6f124c
3FE56A48C2AABE1467355AFEF7385295,31053,res/piece/nfy_equip_icon/zhuangbei/icon_zhuangbei_shoutao_lan_80_max.png.gz,ea78f428f48a301b574e2b3daf84f155
B0978780679345D3A76E9E040A34D07C,14345,res/piece/nfy_equip_icon/zhuangbei/icon_zhuangbei_shoutao_lan_90.png.gz,e5bff324b0c3da8850d06d060988d371
08CBBEEAB361C22A679396D7DEBB14C1,44154,res/piece/nfy_equip_icon/zhuangbei/icon_zhuangbei_shoutao_lan_90_max.png.gz,c1d35ea2f09a5ad5b44631ebc1d7c462
96793DB4ABD39EF8EA29D5FE42E56CA5,19982,res/piece/nfy_equip_icon/zhuangbei/icon_zhuangbei_shoutao_zi_10.png.gz,dbbd08d1eb57b66ccb0e3603dbfd2a7e
8A26AE943741D12810DCB50A9B8916B7,17986,res/piece/nfy_equip_icon/zhuangbei/icon_zhuangbei_shoutao_zi_100.png.gz,cb25198603fed550779e36184664c0e2
522560724EB53543BBD737BD15DA797F,52654,res/piece/nfy_equip_icon/zhuangbei/icon_zhuangbei_shoutao_zi_100_max.png.gz,cfcb2597a4c2f115bf917ad54661d439
6B352E0DCD509B40A27654E06EDE82BE,59095,res/piece/nfy_equip_icon/zhuangbei/icon_zhuangbei_shoutao_zi_10_max.png.gz,f0590774e90b099e88f504cebd985030
796E46BD5BEF6834D5BB3E89751709E3,19902,res/piece/nfy_equip_icon/zhuangbei/icon_zhuangbei_shoutao_zi_110.png.gz,3c81b7143998eb45bfb97c0df89c3837
72022352C3DF94D8841ED40EC8378245,58581,res/piece/nfy_equip_icon/zhuangbei/icon_zhuangbei_shoutao_zi_110_max.png.gz,26605da2f596d9ad138aca386e3854c5
45175C528CE8A5CBEBC96D723D162D14,19724,res/piece/nfy_equip_icon/zhuangbei/icon_zhuangbei_shoutao_zi_20.png.gz,65d4f34186d428bef4786378bb2e43dd
58F876CC02EFA49C215A0BAA96D3A14F,58229,res/piece/nfy_equip_icon/zhuangbei/icon_zhuangbei_shoutao_zi_20_max.png.gz,5087ed042f71cecebc0aeb4e30203e6e
887C0A883B2561047A6E61978409F0CD,18050,res/piece/nfy_equip_icon/zhuangbei/icon_zhuangbei_shoutao_zi_30.png.gz,8fdbe9ac49ffb308b820fbea8f894274
F6C42D8E1BA834F54B12DF3A9064C3AC,55089,res/piece/nfy_equip_icon/zhuangbei/icon_zhuangbei_shoutao_zi_30_max.png.gz,67b4491a6310fa813ee724fea0faeb54
060C4DB25B155298E73B0EC5800C6BAF,19159,res/piece/nfy_equip_icon/zhuangbei/icon_zhuangbei_shoutao_zi_40.png.gz,a821820d7bb79e7375cec228b42d07e2
A2AF3CADCF5227982902DB3B4341732E,55561,res/piece/nfy_equip_icon/zhuangbei/icon_zhuangbei_shoutao_zi_40_max.png.gz,37805c80bf49b0005a9f4dfeb49defe8
73505E43D7B1F39A4D86FEAA32542FF0,15060,res/piece/nfy_equip_icon/zhuangbei/icon_zhuangbei_shoutao_zi_50.png.gz,35e690fcb2d916fecc1a80461fcefa1a
D2B66857024EC9A37A40ACB507E2F01F,42270,res/piece/nfy_equip_icon/zhuangbei/icon_zhuangbei_shoutao_zi_50_max.png.gz,d1b7964657fb098f073264d521c098d1
68465443B4D312DE4B370297443ABBA2,19901,res/piece/nfy_equip_icon/zhuangbei/icon_zhuangbei_shoutao_zi_60.png.gz,c59425a2aa091a3bc7979c7740c1f2ae
D0C51EA1EC41F874C6D446B5ED315FA0,59131,res/piece/nfy_equip_icon/zhuangbei/icon_zhuangbei_shoutao_zi_60_max.png.gz,a7b592493d77caa213af1ce03419ec46
000F1C8384B3842629B92D3D44333A31,19292,res/piece/nfy_equip_icon/zhuangbei/icon_zhuangbei_shoutao_zi_70.png.gz,d8b87d9840bd958aca8729dab972b30b
99D74BD02B165DFAF41A6BFE74A420AA,56793,res/piece/nfy_equip_icon/zhuangbei/icon_zhuangbei_shoutao_zi_70_max.png.gz,2797baf553a658437cbe01bfc567a610
DAFDF1A0ABD4949E836AB1B5502BA195,15282,res/piece/nfy_equip_icon/zhuangbei/icon_zhuangbei_shoutao_zi_80.png.gz,cc2b374398d618253cf094a8a2b7a151
A737172D5E7A2BBE69D8A09D95CCD4AD,48112,res/piece/nfy_equip_icon/zhuangbei/icon_zhuangbei_shoutao_zi_80_max.png.gz,440602cbededce559ea6ff5d45563743
6795940E698908E55AC7A274CB06C5CD,19484,res/piece/nfy_equip_icon/zhuangbei/icon_zhuangbei_shoutao_zi_90.png.gz,78ef71abc3a311979d224c787706f38d
99D2B3374337D6C1F28D820DD7AF3DA6,56256,res/piece/nfy_equip_icon/zhuangbei/icon_zhuangbei_shoutao_zi_90_max.png.gz,117d019c53a1e3376bd1e82b0af9969a
63B1CF034EB4BA7ACF2C17594C75F813,11261,res/piece/nfy_equip_icon/zhuangbei/icon_zhuangbei_xie_bai_10.png.gz,f6ccabef245185bafea12355a5872b5c
DCB766B0952961D66BC096B58347111E,32576,res/piece/nfy_equip_icon/zhuangbei/icon_zhuangbei_xie_bai_10_max.png.gz,aa0e5503f8f6034357f6e4ea1198c9b0
196FA5ED362B7EB4EF49234C61AC369E,23151,res/piece/nfy_equip_icon/zhuangbei/icon_zhuangbei_xie_cheng_110.png.gz,5a57ef2e3064fc27fb69e24c39f775ce
4BCBC96088C68FE094A1C321F9B28A85,72831,res/piece/nfy_equip_icon/zhuangbei/icon_zhuangbei_xie_cheng_110_max.png.gz,6d3697cc40742168fa9c3aaf605dd4af
410950286C0B27B4C1D44CB4CB316307,22803,res/piece/nfy_equip_icon/zhuangbei/icon_zhuangbei_xie_cheng_50.png.gz,636c929648ea2cdf454020e291c87a17
0F1EAABAB738914ACC9C58DF189B8A4A,70522,res/piece/nfy_equip_icon/zhuangbei/icon_zhuangbei_xie_cheng_50_max.png.gz,1d98a53065f4f91670c60193db9b3cd5
F2DA49C4499AD8D2C03DC39994EC0C14,17823,res/piece/nfy_equip_icon/zhuangbei/icon_zhuangbei_xie_cheng_70.png.gz,fb3670af43a8f22d960665779c2b92b2
12124C831FBDEC17A18AB1260C4E6572,53051,res/piece/nfy_equip_icon/zhuangbei/icon_zhuangbei_xie_cheng_70_max.png.gz,e50cb20c5e9eabcea9d7cdf1181cc31e
A6208E1FA3676F61EE482E656C077E1B,20324,res/piece/nfy_equip_icon/zhuangbei/icon_zhuangbei_xie_cheng_90.png.gz,611eb0c107e5751efe7d9e8139cd38bb
9363B8051F768DABDCF329089629B3C7,60380,res/piece/nfy_equip_icon/zhuangbei/icon_zhuangbei_xie_cheng_90_max.png.gz,470912c0957c724f15148252c7a9ca9a
FDB4F9B2158580C74B6CDFA77E83D937,23439,res/piece/nfy_equip_icon/zhuangbei/icon_zhuangbei_xie_fen_110.png.gz,9e6d2d6531969b77968af7f274f2abce
A5CE67DFF5565E9CEA2AAE0C45CCA76A,70073,res/piece/nfy_equip_icon/zhuangbei/icon_zhuangbei_xie_fen_110_max.png.gz,48cf5015a2165fb153f1a3efd4154671
042B0A2F4B50BA38ED86DB684592D656,17139,res/piece/nfy_equip_icon/zhuangbei/icon_zhuangbei_xie_fen_50.png.gz,ab69890a47f15524733c4f331c2fa696
B2D453A2159E882919AF8893FBB0BD82,46983,res/piece/nfy_equip_icon/zhuangbei/icon_zhuangbei_xie_fen_50_max.png.gz,3ca05fc7b06a518c6b1219a77bc12f7b
465D76CFF80603740DDA23BB35C08DE0,23277,res/piece/nfy_equip_icon/zhuangbei/icon_zhuangbei_xie_fen_70.png.gz,93837375ae5f1141dd16ccb7faa09d8f
871E29FAEEE17296778FCDB438AD9D43,72097,res/piece/nfy_equip_icon/zhuangbei/icon_zhuangbei_xie_fen_70_max.png.gz,81345adf91a9992f3bd02ebad423f618
AF0D514DE8B39F29E8C7AD4FCA25D047,27057,res/piece/nfy_equip_icon/zhuangbei/icon_zhuangbei_xie_fen_90.png.gz,e5562e9c55aba8ff5f751658cf69b1ba
ADFCA5C9B3BF96E1FF80656FCD20E927,85077,res/piece/nfy_equip_icon/zhuangbei/icon_zhuangbei_xie_fen_90_max.png.gz,fbdcb9fc85a68192a97fceb8c63c4b3a
1F6D3F40C3F2FA7D04DBF189E257A9B2,11261,res/piece/nfy_equip_icon/zhuangbei/icon_zhuangbei_xie_lan_10.png.gz,f6ccabef245185bafea12355a5872b5c
6AE1CA5F3D445217F6B214947FBED41F,10527,res/piece/nfy_equip_icon/zhuangbei/icon_zhuangbei_xie_lan_100.png.gz,6b9478be833f1549aa08a008f7c7d6ec
59E4A2D2CE5930528F07C73BC145B32E,28918,res/piece/nfy_equip_icon/zhuangbei/icon_zhuangbei_xie_lan_100_max.png.gz,c0a629c0fc24770d50b2e196e4cea2ec
6718BC7DEA6E447933E17657DF836DEC,32576,res/piece/nfy_equip_icon/zhuangbei/icon_zhuangbei_xie_lan_10_max.png.gz,aa0e5503f8f6034357f6e4ea1198c9b0
36E0B870F8F9736284222FB4DB3F4A23,11541,res/piece/nfy_equip_icon/zhuangbei/icon_zhuangbei_xie_lan_110.png.gz,dbb4196f924882f0cce31f7beb0c2131
CE2FB366164B1F23C2B898543C9EE5D6,32271,res/piece/nfy_equip_icon/zhuangbei/icon_zhuangbei_xie_lan_110_max.png.gz,70afc30c30555825bbcee20c88cfcf57
7070B959934F89A1F4D4C30479E81E6C,11377,res/piece/nfy_equip_icon/zhuangbei/icon_zhuangbei_xie_lan_20.png.gz,842e2d1c2e72e8da1b9a9b6ae03faa75
58768837D47E9CBCBFF7A29D3AE8CCA3,31515,res/piece/nfy_equip_icon/zhuangbei/icon_zhuangbei_xie_lan_20_max.png.gz,23d342399116fb6f44d068e40b7b4df9
32DC0259CAE4AAA4D5DC5AFDF7AADF00,10088,res/piece/nfy_equip_icon/zhuangbei/icon_zhuangbei_xie_lan_30.png.gz,c86985bdd949e169fba49195004e1315
9C4C258D3F7A31915FE54109049BE56D,27460,res/piece/nfy_equip_icon/zhuangbei/icon_zhuangbei_xie_lan_30_max.png.gz,4db25ea22fe035749b95b422f684cfb9
5BC13BD245EC9304B1CD159D220C6746,9594,res/piece/nfy_equip_icon/zhuangbei/icon_zhuangbei_xie_lan_40.png.gz,530cfaba0ef34d66eaeaf3dfff118eb1
4AE72CA284AEED597F798CA066E8CE1C,26598,res/piece/nfy_equip_icon/zhuangbei/icon_zhuangbei_xie_lan_40_max.png.gz,60a89b25b54a483a40fe7d97b9530833
4D17B75787306CF8F80F2D85C70C71C2,10562,res/piece/nfy_equip_icon/zhuangbei/icon_zhuangbei_xie_lan_50.png.gz,202caf377b7660c4125623d525537ef5
346B3A414D6C0D5D8085862D67F0845F,30196,res/piece/nfy_equip_icon/zhuangbei/icon_zhuangbei_xie_lan_50_max.png.gz,c8385c0c1aac634e54e472dd8ea9508c
6CE28AE987E52A510351069B15FF7D38,11302,res/piece/nfy_equip_icon/zhuangbei/icon_zhuangbei_xie_lan_60.png.gz,61740251d571cae46d0162d8843aa82e
FF4BCD186246B771781D8333C26655C5,32935,res/piece/nfy_equip_icon/zhuangbei/icon_zhuangbei_xie_lan_60_max.png.gz,6362d412d2620d52a1d769901bfc88b8
E0BFAA92301C21E091F657559B37A9C3,9954,res/piece/nfy_equip_icon/zhuangbei/icon_zhuangbei_xie_lan_70.png.gz,bffaa22a9accbf07adc39a761224443a
942FD3E999DEF8E3C3FCE16100FB27C1,29105,res/piece/nfy_equip_icon/zhuangbei/icon_zhuangbei_xie_lan_70_max.png.gz,654c4f62df14cbf3c76c04e1a8fb01d6
6ABC465783A634E0305A325A3485E00C,13632,res/piece/nfy_equip_icon/zhuangbei/icon_zhuangbei_xie_lan_80.png.gz,aa838644231ffb8e3eb311d7906f5e03
65F005AE8A15D2C82C7730DE9918FDCD,36814,res/piece/nfy_equip_icon/zhuangbei/icon_zhuangbei_xie_lan_80_max.png.gz,89bf17bfa855b993e3aefff826089258
F4A73498E9BE2E43F09BA5A15EC3A001,11870,res/piece/nfy_equip_icon/zhuangbei/icon_zhuangbei_xie_lan_90.png.gz,874ba0edace82a1f4454de75c7fa0428
B84797555A3DC27C60898D97941D03E1,34905,res/piece/nfy_equip_icon/zhuangbei/icon_zhuangbei_xie_lan_90_max.png.gz,d0d1686042c0ee967e9bb8319ab958e0
D77D74950C75AF27F0A3088280777FD3,15650,res/piece/nfy_equip_icon/zhuangbei/icon_zhuangbei_xie_zi_10.png.gz,18f5c12d376a2808615532cf9d83e077
3B43613832C9DCB88CEF830CA306588A,18086,res/piece/nfy_equip_icon/zhuangbei/icon_zhuangbei_xie_zi_100.png.gz,15802d86a864bc06a7d642fe439d8d3a
98852CACE01B764AC2BA0FECAF3447C9,52674,res/piece/nfy_equip_icon/zhuangbei/icon_zhuangbei_xie_zi_100_max.png.gz,7f59b4c11452e8f98ec4c0d6c0223ea1
9E71070812751E0DAF10AC8E76617AC5,45096,res/piece/nfy_equip_icon/zhuangbei/icon_zhuangbei_xie_zi_10_max.png.gz,90eb49b999e717db93015b92ee2ce421
173A22489AB28FBC34DCB02FE4B2A3CC,17530,res/piece/nfy_equip_icon/zhuangbei/icon_zhuangbei_xie_zi_110.png.gz,04ccd93e3573c90c6a1113b7d6536d27
B7EFD0208D20F59F770BFBE767FE37E6,53655,res/piece/nfy_equip_icon/zhuangbei/icon_zhuangbei_xie_zi_110_max.png.gz,95d5a88fad13405625c4650e9f69bc01
4D70F235459C1511B8EABC68233BC231,19586,res/piece/nfy_equip_icon/zhuangbei/icon_zhuangbei_xie_zi_20.png.gz,e0d7c1ebfb7edc75264e5548bcb942a4
110EA56F1F50C59BCBAF0FC0DCBA9CD3,56711,res/piece/nfy_equip_icon/zhuangbei/icon_zhuangbei_xie_zi_20_max.png.gz,2e2f232ffbaef8be516783f0cbccbe4d
87A7EFC31C3FB553FB2E686C3C58ADC1,16438,res/piece/nfy_equip_icon/zhuangbei/icon_zhuangbei_xie_zi_30.png.gz,53e6cbd4fece2668d7dc90b483593c6c
EB9F69AA112DBD9C7A2D57228393BC42,51022,res/piece/nfy_equip_icon/zhuangbei/icon_zhuangbei_xie_zi_30_max.png.gz,b4ffd72521df7885a5f47106dde7d172
35D6C4B97CA94B63F64E83DB5674EB3B,17825,res/piece/nfy_equip_icon/zhuangbei/icon_zhuangbei_xie_zi_40.png.gz,e462bdb80325fd9ebe4a9322164adbe4
CB9D89F0CA5898E789F7956810FE5530,51723,res/piece/nfy_equip_icon/zhuangbei/icon_zhuangbei_xie_zi_40_max.png.gz,bd1ca2ed9e5934f20b9c5d81c0729061
8579D1CAFD954A1EC5FCEFE417664330,17733,res/piece/nfy_equip_icon/zhuangbei/icon_zhuangbei_xie_zi_50.png.gz,154b3264b7d162bffe5efcc0d582bb33
C3EEE2CB3C2AFA0242AF23615781FC17,52139,res/piece/nfy_equip_icon/zhuangbei/icon_zhuangbei_xie_zi_50_max.png.gz,d504c22122879a5cf3e17b27f2aa16f9
D53BC67653F38F436C02F759653ACC4E,16585,res/piece/nfy_equip_icon/zhuangbei/icon_zhuangbei_xie_zi_60.png.gz,3675f4fc0b244e7a0c5e1c9bbbda1745
1D160C7568A973377B5398DA0FD63D5D,48587,res/piece/nfy_equip_icon/zhuangbei/icon_zhuangbei_xie_zi_60_max.png.gz,766bb933b7542cd4f57d1bc96cd69e30
44BA87B63DF4AA9679C7DFF10E78F13B,16921,res/piece/nfy_equip_icon/zhuangbei/icon_zhuangbei_xie_zi_70.png.gz,18281dd1f03e2206ede79b5ff9d5175d
7BCEEF1E71E2B87241CB461DA06E5807,49696,res/piece/nfy_equip_icon/zhuangbei/icon_zhuangbei_xie_zi_70_max.png.gz,5fb91d3da7ea9364b0ced91b6506810b
618941D0B9B51324223489BEBC37DD5B,21822,res/piece/nfy_equip_icon/zhuangbei/icon_zhuangbei_xie_zi_80.png.gz,852633abfd14aa94c9ff722f922cf0cb
C0A74961E21055913FB28F58C67FA5E5,62343,res/piece/nfy_equip_icon/zhuangbei/icon_zhuangbei_xie_zi_80_max.png.gz,99cf25d87251342fb636243d2ab3ed0a
465724F26E43492C05439571BA9F51F6,19029,res/piece/nfy_equip_icon/zhuangbei/icon_zhuangbei_xie_zi_90.png.gz,05f702c87c4a17c01ceab2fb0d7d657e
6F43D28FE5AD32188C0947C7B841F67A,56220,res/piece/nfy_equip_icon/zhuangbei/icon_zhuangbei_xie_zi_90_max.png.gz,56a47ec4f2f19a17f310f7f70123ce86
C072971BCFEC8DAE2592E060FBB492B4,11683,res/piece/nfy_equip_icon/zhuangbei/icon_zhuangbei_yifu_bai_10.png.gz,9259c17ab69ccb2237ae244435f1e765
9BB4A6FC25175F3C4805EC1AF8DE599B,34331,res/piece/nfy_equip_icon/zhuangbei/icon_zhuangbei_yifu_bai_10_max.png.gz,9cb5ced95cb1bb40df8b5b8d82809257
6C0DC4AFDABD1D202AE382480918B4C7,24183,res/piece/nfy_equip_icon/zhuangbei/icon_zhuangbei_yifu_cheng_110.png.gz,4b565508e26201791c5bfb992c298663
E1468049819AFEB0BA3361C1B31751A1,77347,res/piece/nfy_equip_icon/zhuangbei/icon_zhuangbei_yifu_cheng_110_max.png.gz,eb7b56b9bbf38655a922117b0a6dbc6e
230DE01081A8815F804784CEE4A9FCB6,25717,res/piece/nfy_equip_icon/zhuangbei/icon_zhuangbei_yifu_cheng_50.png.gz,fe36d2a7479488354f03cce39412176c
C5DEB8DEA644DECD1A3B151141598F7F,77868,res/piece/nfy_equip_icon/zhuangbei/icon_zhuangbei_yifu_cheng_50_max.png.gz,37dc26230bc7bd000b223e7454be97ee
B276C53B7B5691D5C4632D0BF34FA97E,20756,res/piece/nfy_equip_icon/zhuangbei/icon_zhuangbei_yifu_cheng_70.png.gz,7ef52eea5de08d1c0173c61f8d98f80d
EDFCEFD8212FE44209B8D6B58CF03BFA,62312,res/piece/nfy_equip_icon/zhuangbei/icon_zhuangbei_yifu_cheng_70_max.png.gz,c9f2716391271cf21f975d4e022c6452
1B831616F9C582431E1A7EE70CD1AD6B,22497,res/piece/nfy_equip_icon/zhuangbei/icon_zhuangbei_yifu_cheng_90.png.gz,5cfbf3eb44908bec89e8fdf2002dc85d
59FC7770F438DDCECAC7BC798F97A207,64963,res/piece/nfy_equip_icon/zhuangbei/icon_zhuangbei_yifu_cheng_90_max.png.gz,15ff5af8039e250175a7201896558f84
56FC320F2F806393401A5365D16EDF76,26778,res/piece/nfy_equip_icon/zhuangbei/icon_zhuangbei_yifu_fen_110.png.gz,847abd896d1ea7ea19627603524425d9
36C284745B306F9ECC76848CA54472BF,80259,res/piece/nfy_equip_icon/zhuangbei/icon_zhuangbei_yifu_fen_110_max.png.gz,64c74dba0d3c03ccfe58432204a11c87
47ECE034E267DEA8FA249E25F8699688,19141,res/piece/nfy_equip_icon/zhuangbei/icon_zhuangbei_yifu_fen_50.png.gz,64c9b5985fbab0405b8a378d651b2862
5E0F7C46DEB3277F6809ED56D95E2A32,54272,res/piece/nfy_equip_icon/zhuangbei/icon_zhuangbei_yifu_fen_50_max.png.gz,cfe733e742362871d3abbf930b06e917
772E640E66102EB541678A7F453E072F,26127,res/piece/nfy_equip_icon/zhuangbei/icon_zhuangbei_yifu_fen_70.png.gz,dbfb9d8c5c80f0c9e503855277579594
1DFD5675EA51C9C1FFA95694516A7B88,79588,res/piece/nfy_equip_icon/zhuangbei/icon_zhuangbei_yifu_fen_70_max.png.gz,4c6cbe278e3c3452ca65be962a4eb55a
188B8FD44A508A84BBFC10A3DE60BBBD,28899,res/piece/nfy_equip_icon/zhuangbei/icon_zhuangbei_yifu_fen_90.png.gz,12d0cf1371a73c30f283b6d61cb0795e
AC2F335E85EE582A41E036069FF719E7,89429,res/piece/nfy_equip_icon/zhuangbei/icon_zhuangbei_yifu_fen_90_max.png.gz,4c6654f143b4dcb9994a68a344c89a5f
733C0F984802706EF64445081F1D37F5,11683,res/piece/nfy_equip_icon/zhuangbei/icon_zhuangbei_yifu_lan_10.png.gz,9259c17ab69ccb2237ae244435f1e765
9CF5E62CDDBAA86102D52D17AEEE5B60,15457,res/piece/nfy_equip_icon/zhuangbei/icon_zhuangbei_yifu_lan_100.png.gz,4a1634c10743ed13715c305cee8ec81d
451D1A667C3C08FA6411FA10B2DF1622,44562,res/piece/nfy_equip_icon/zhuangbei/icon_zhuangbei_yifu_lan_100_max.png.gz,0f2fe7c44df6815cc0a50f420f639db7
C1A14795CEBBD250C2602DCAB882E263,34331,res/piece/nfy_equip_icon/zhuangbei/icon_zhuangbei_yifu_lan_10_max.png.gz,9cb5ced95cb1bb40df8b5b8d82809257
9B4126BD707E166D7646BC5A7A78E9AF,14756,res/piece/nfy_equip_icon/zhuangbei/icon_zhuangbei_yifu_lan_110.png.gz,38824590cff7c7f18a974e67dc9a67f8
09D72A7E9E746CBAC42BA4868FF1EE4F,42045,res/piece/nfy_equip_icon/zhuangbei/icon_zhuangbei_yifu_lan_110_max.png.gz,fe124c304f30610bc0bbea8dd9d7bb17
76E3A62EE16B87F86B91DBF76F58142C,12891,res/piece/nfy_equip_icon/zhuangbei/icon_zhuangbei_yifu_lan_20.png.gz,07982e0ee9ad426a716b7ecdca79d825
D9BCE9B1EF9117F5995BC16C31459485,35529,res/piece/nfy_equip_icon/zhuangbei/icon_zhuangbei_yifu_lan_20_max.png.gz,6309bce190e97f06e29571712077554d
DC43D8ECFF18CCD02BAB3C041F4FE8B2,14018,res/piece/nfy_equip_icon/zhuangbei/icon_zhuangbei_yifu_lan_30.png.gz,d7961dad08f26dd273dc6d0b77af722a
D084B02C3BDB7F93781EB6DA3B22158D,39986,res/piece/nfy_equip_icon/zhuangbei/icon_zhuangbei_yifu_lan_30_max.png.gz,cb222a566c379b776dd54669ddb00505
EFD2FE1FB6D570A0D398532D622057C3,11192,res/piece/nfy_equip_icon/zhuangbei/icon_zhuangbei_yifu_lan_40.png.gz,af79f1fe48d4f9e290495a43936b1d7f
F1FBFA864BC5B1BBEFAEEF0C49BDF687,32459,res/piece/nfy_equip_icon/zhuangbei/icon_zhuangbei_yifu_lan_40_max.png.gz,01dda904b61a07b5def9cc4b37c82535
18F1B4BFADD2082D3933ACDC5EF635B1,14678,res/piece/nfy_equip_icon/zhuangbei/icon_zhuangbei_yifu_lan_50.png.gz,34e6369136fc67b0b3effa7365808530
D4276397C1C9EAA4F0CE7C98F7765F96,42388,res/piece/nfy_equip_icon/zhuangbei/icon_zhuangbei_yifu_lan_50_max.png.gz,5d7dcf6d50e3a101c0ea925519f815ed
409816751C535167FBD2061228CCDED8,14505,res/piece/nfy_equip_icon/zhuangbei/icon_zhuangbei_yifu_lan_60.png.gz,e24f5a383b5bc9b8a45dd8722095f8d9
5C3DB9D49BBC290A3EB42837DB018339,44630,res/piece/nfy_equip_icon/zhuangbei/icon_zhuangbei_yifu_lan_60_max.png.gz,e1a0262b20dab8173ceac9dc0d6e67ef
C5199FD07024C71B6C3D06D7455B07AB,14442,res/piece/nfy_equip_icon/zhuangbei/icon_zhuangbei_yifu_lan_70.png.gz,545f19b90b8f256fc2a179c8774df708
C7C836F737D96F65DB9EF499EB199DD3,41585,res/piece/nfy_equip_icon/zhuangbei/icon_zhuangbei_yifu_lan_70_max.png.gz,b12617cf2fb094b43da08f1bb0f1ca93
B28A18565BC4F4EAB425FD428A3999B0,16034,res/piece/nfy_equip_icon/zhuangbei/icon_zhuangbei_yifu_lan_80.png.gz,a5cbc22b1a054caedffe58eda3d56ed3
1F51CA6254C571A10859752A23007D48,42211,res/piece/nfy_equip_icon/zhuangbei/icon_zhuangbei_yifu_lan_80_max.png.gz,638d8d0ca60fb75e61443f0cb36838e9
7151C5CEE0C5D10891067BC44F32C0C5,14858,res/piece/nfy_equip_icon/zhuangbei/icon_zhuangbei_yifu_lan_90.png.gz,1d08670f41a736554862623957225e46
C9F8B8CEFD8C8D6FAA2088D6B7BEBEC9,40382,res/piece/nfy_equip_icon/zhuangbei/icon_zhuangbei_yifu_lan_90_max.png.gz,993954dab060366bef06b56b5de19293
8C43093DFA37EE3F812EBC388681B94E,18579,res/piece/nfy_equip_icon/zhuangbei/icon_zhuangbei_yifu_zi_10.png.gz,9cc948141379048126016fc53a809084
B2DAAEE1B19D67700A178942F04F772C,19769,res/piece/nfy_equip_icon/zhuangbei/icon_zhuangbei_yifu_zi_100.png.gz,8f102d40ccfd7baa5bef14524963ad54
B8D6DE375BDD4B55296A31EFBC287274,57503,res/piece/nfy_equip_icon/zhuangbei/icon_zhuangbei_yifu_zi_100_max.png.gz,193e524928366ce6a62e384acfb36608
E8635C94F7FB9364CB183A7C16FC9C06,52435,res/piece/nfy_equip_icon/zhuangbei/icon_zhuangbei_yifu_zi_10_max.png.gz,68929d4eecfe0b4eb2b67c6461c6d7e5
99B6C16D92AE8CB5547E7DFB96E558EE,19754,res/piece/nfy_equip_icon/zhuangbei/icon_zhuangbei_yifu_zi_110.png.gz,5dfb711e909d82402c7dc76d43e76942
BB933AB2D7E300F7F1215DD43E283FF6,57149,res/piece/nfy_equip_icon/zhuangbei/icon_zhuangbei_yifu_zi_110_max.png.gz,30ae9cf38fd3a28f7a52f94bca5d74e7
983FDBE466F5842BFD99D4FFE7E2BBDC,18701,res/piece/nfy_equip_icon/zhuangbei/icon_zhuangbei_yifu_zi_20.png.gz,d7dccd0ee5350f06e231a884c6aa6499
1BE4D645E9FFC43D903C635226820AE7,52763,res/piece/nfy_equip_icon/zhuangbei/icon_zhuangbei_yifu_zi_20_max.png.gz,5c8a7aa263e2965ec4c3d3a6b68e0a7f
09DFCA220C59B3DCF7703E61170A5D6C,20465,res/piece/nfy_equip_icon/zhuangbei/icon_zhuangbei_yifu_zi_30.png.gz,7f8490e422646c2630585c04ac0d4683
E2E582D529E55B5E68E740AC7EB90BC1,61922,res/piece/nfy_equip_icon/zhuangbei/icon_zhuangbei_yifu_zi_30_max.png.gz,881abcd653fa7c5329d4fb35796588b4
9C65D1D561E76D0863C78AB3B53574C8,20307,res/piece/nfy_equip_icon/zhuangbei/icon_zhuangbei_yifu_zi_40.png.gz,cac9e9fb04e38ae55e7745a473ea8f86
7102B9BD646927C357085C645DD55122,58919,res/piece/nfy_equip_icon/zhuangbei/icon_zhuangbei_yifu_zi_40_max.png.gz,ed96d825fd7740c91f39b78ace527498
F87E1B2BBF1BCF44DE3DE95155DA1EEB,19391,res/piece/nfy_equip_icon/zhuangbei/icon_zhuangbei_yifu_zi_50.png.gz,b8bd2098067f29cc400ccc79923a53ff
B7BCC8F81B086C0C4750501026E3851A,56945,res/piece/nfy_equip_icon/zhuangbei/icon_zhuangbei_yifu_zi_50_max.png.gz,08ca11da762016b69f194d92c1d9557e
AE40782753C2F4ABB86F2C5AC6D77696,16572,res/piece/nfy_equip_icon/zhuangbei/icon_zhuangbei_yifu_zi_60.png.gz,1159d3bb95622f6293c642349e875a6d
3458F7EA1975234A582D512479A95707,48932,res/piece/nfy_equip_icon/zhuangbei/icon_zhuangbei_yifu_zi_60_max.png.gz,9a7852260664b9ee2fe32f7ffefd9d92
CCB66499F321A49D5593B5FD84D3D7B2,19288,res/piece/nfy_equip_icon/zhuangbei/icon_zhuangbei_yifu_zi_70.png.gz,b1bcac9b6aecb3fc1b6d9aeb2f10866e
846C5470D61A5C302DA00E19150EC3D8,56324,res/piece/nfy_equip_icon/zhuangbei/icon_zhuangbei_yifu_zi_70_max.png.gz,69d1fc502ab19d590d6fb4e8a48a49f1
D68FFECEE238A9C2448784E3E4E69002,21501,res/piece/nfy_equip_icon/zhuangbei/icon_zhuangbei_yifu_zi_80.png.gz,e609d770a2ca61f4c8d3585d9d229971
CD4FCC32CC844D65C0E320E5F4621969,63910,res/piece/nfy_equip_icon/zhuangbei/icon_zhuangbei_yifu_zi_80_max.png.gz,cd04ba8e75b73808a09209bdd964400f
EEC3A1CD8F68891A5C8734319E79BE0B,20407,res/piece/nfy_equip_icon/zhuangbei/icon_zhuangbei_yifu_zi_90.png.gz,43d825296b064270b1d16e2b9206698a
1B5AD6BF7872980A4D4C8B08443CF542,59889,res/piece/nfy_equip_icon/zhuangbei/icon_zhuangbei_yifu_zi_90_max.png.gz,785d82cac69bbe0a1175b1f1924d6b14
BFC218E5FC370532A3135EB6F8B7D663,303257,res/piece/nfy_everydayonline/ui_huodong_meirizaixian_beijing.png.gz,cb57a200f049edd587ac780b426704b3
48DD6B24C0D9C3F1841CC895086B423B,2593,res/piece/nfy_everydayonline/ui_huodong_meirizaixian_gou.png.gz,9abae9fbe65fe18bb0378b4bb1dfc5d6
E3A347F4DFDC81583782285C9EF2D40E,1398,res/piece/nfy_everydayonline/ui_huodong_meirizaixian_heiceng.png.gz,bc076a18d532c5a6e0d67782c9151f7c
C0E9B5774CF779B8C8CD6766C06BEEFD,2014,res/piece/nfy_everydayonline/ui_huodong_meirizaixian_jianglidikuan.png.gz,c410c78ef07cdb1225d442d9f460ee34
3D0BBF10617557C00678862E060FF962,190083,res/piece/nfy_everydayonline/ui_meirizaixian_beijing.jpg.gz,34dc83b4c3858c17ef517e439b6bcb18
0A05D74B0A3C2FF657BBE6E1D319C377,500211,res/piece/nfy_everydayonline/ui_meirizaixian_lihui.png.gz,f65e924d6699cc7a575603e8d2db0b85
CCF1B5EC5E87E6F3E7FD74F57C697F88,257833,res/piece/nfy_factory/ui_zhuli_beijing.jpg.gz,1bb61f26801612d575404b2cb169c8c7
88FB254224E1DC418D0E89A50B7A93AF,38874,res/piece/nfy_fashion/ui_shenqi_diwen_shenqibeibao.png.gz,db4e1080b9446aa7918e0773598d25af
3AEF533A6A39B2F2E70A3814DD539A88,30779,res/piece/nfy_fashion/ui_shenqi_shengji_beijing.png.gz,7683852bec1577e38938d12bb4b5d400
75C7EEBCD5B1899EE9729DE3250E577F,294169,res/piece/nfy_fashion/ui_shizhuang_beijing.jpg.gz,271f029bc3459d82569ac3c9e4f0c90d
6C692AED5FA0A6E89F169A0B7FA21574,30453,res/piece/nfy_fashionsuit_icon/icon_shizhuang_01_taozhuang_anmiemoyi.png.gz,c04d61a0e09ffa0f5451edd52da6d800
2938360D16B69AAE0C2088B3837FAB80,37079,res/piece/nfy_fashionsuit_icon/icon_shizhuang_01_taozhuang_bianyuhaike.png.gz,696c1893cc2963b9f0f6939606ebda83
3F9C6C0504F7B252B66CAED84124DF75,34779,res/piece/nfy_fashionsuit_icon/icon_shizhuang_01_taozhuang_canglangdichen.png.gz,04c22caabbe950716a40480fb17d310b
988A3A4ACDEC68C1C1AC0095FC72B089,30251,res/piece/nfy_fashionsuit_icon/icon_shizhuang_01_taozhuang_canglanhundun.png.gz,181b3590580f149238338845e50a7dd5
C61C068BE0BB43C5936DA2E3B754499F,28036,res/piece/nfy_fashionsuit_icon/icon_shizhuang_01_taozhuang_cangyan.png.gz,357ec21b0767f4d2c767c7e113cdb45b
02D0BDB32863E48FF762C8C5D5EA53E1,24145,res/piece/nfy_fashionsuit_icon/icon_shizhuang_01_taozhuang_chaomeng.png.gz,15f6362193d09a8462276e57b6f9fbc2
68872040968515CC3F37B2C6A09A1341,29756,res/piece/nfy_fashionsuit_icon/icon_shizhuang_01_taozhuang_chunbaishengqi.png.gz,84f47d0a4275abb893210d4e094e4d60
F4611A74CC70B142B55CA4B275296988,29278,res/piece/nfy_fashionsuit_icon/icon_shizhuang_01_taozhuang_ciyuan.png.gz,e2bb3ca69b46a29233346c62eff45154
8569999B435AC618B9BA769B5350853B,29449,res/piece/nfy_fashionsuit_icon/icon_shizhuang_01_taozhuang_dajiang.png.gz,0293a90ea14a92eb4f915155c19cc6a1
CC78A44D463D67DE80B1CF278CC46796,31575,res/piece/nfy_fashionsuit_icon/icon_shizhuang_01_taozhuang_guizu.png.gz,2c0947a72026df240beac249c1469c7a
80636863AC9D1972340EC51A7596DB60,25546,res/piece/nfy_fashionsuit_icon/icon_shizhuang_01_taozhuang_guofeng.png.gz,05f93997253b5167c164d2c94999089a
7683C2F6457759EE9C497B5457A9BCC2,30817,res/piece/nfy_fashionsuit_icon/icon_shizhuang_01_taozhuang_haiyangpaidui.png.gz,6d965ac36985f9250e1b9bc85ea0e16d
B02548FB816CFA5F3A4C0DD615BBB441,27099,res/piece/nfy_fashionsuit_icon/icon_shizhuang_01_taozhuang_heizhishi.png.gz,1559831b1db5816be019c5959ca4dcb2
35CDA5906EC940ADBC984C3A59E62123,28264,res/piece/nfy_fashionsuit_icon/icon_shizhuang_01_taozhuang_hongyunyishi.png.gz,28692e0ea1b391b6654321140274b4a7
5F7A2FA9691E4205C0FA072AC93D7B42,32030,res/piece/nfy_fashionsuit_icon/icon_shizhuang_01_taozhuang_huangxingzhimo.png.gz,e9e457441d9e0781635f24c542922d24
94A8268CBCE7C7D70540186DAFB3D0B3,28562,res/piece/nfy_fashionsuit_icon/icon_shizhuang_01_taozhuang_huanmulveying.png.gz,d67962b32d4c41426ad6aebda227b833
1D6D48061E004789371014D2F4CDD8C4,32632,res/piece/nfy_fashionsuit_icon/icon_shizhuang_01_taozhuang_huanshenqiangui.png.gz,2b42e8cfbccd1fd112866f3c29ba5e3c
98CEAD5B5F7F83534F234D434A95944F,27661,res/piece/nfy_fashionsuit_icon/icon_shizhuang_01_taozhuang_huanyansuixiang.png.gz,6cc2230dcaea03d801e4d446a243caf6
5249D378031F92E3CCBC50BF47F0EEF1,30626,res/piece/nfy_fashionsuit_icon/icon_shizhuang_01_taozhuang_jiamianwuhui.png.gz,1ebdf2aecf91d5102972f975d81cc2c7
399C17C7DF40ECEB9474A85318A0BF35,39020,res/piece/nfy_fashionsuit_icon/icon_shizhuang_01_taozhuang_jiarishizhuang.png.gz,489874227aeb49d76ea854531f722d93
9319E761158BF80145C461BECA0E0535,30371,res/piece/nfy_fashionsuit_icon/icon_shizhuang_01_taozhuang_konglongshizhuang.png.gz,4f465306a76c24504e7870b7cacdc811
E3FA9874A65C2FD359AD08CD8212C2D8,25168,res/piece/nfy_fashionsuit_icon/icon_shizhuang_01_taozhuang_liehu.png.gz,22cc7c7a39c047b768c1cb6380203868
EE5EB9120936A36D9CC4307826A7B14E,28088,res/piece/nfy_fashionsuit_icon/icon_shizhuang_01_taozhuang_linyuanshouwei.png.gz,c12ac520e180f9365604d3dc7c8fab10
511FA6F424359CE23DB35FA43E27CF2C,34037,res/piece/nfy_fashionsuit_icon/icon_shizhuang_01_taozhuang_mijingjingling.png.gz,1a1c502bbf3550e74ec903a3dd21aaea
417159A76D9322DC6F667BDF4F3532F3,24110,res/piece/nfy_fashionsuit_icon/icon_shizhuang_01_taozhuang_mingxing.png.gz,f1bc26d32b5e27663a53d357fac9ed38
C35E014429027F025C13884220E9BB86,34375,res/piece/nfy_fashionsuit_icon/icon_shizhuang_01_taozhuang_posuoyehuo.png.gz,65811ea10b98ea712caef1533eaff243
6CFAB731AE7F63B9497D380011989028,34567,res/piece/nfy_fashionsuit_icon/icon_shizhuang_01_taozhuang_qingchengguangyao.png.gz,2fa7f63b34a58cabf5f5c8a14ddb9179
DCE9B95F66C61D59F23B86168CDA6574,28889,res/piece/nfy_fashionsuit_icon/icon_shizhuang_01_taozhuang_shanyaozhixing.png.gz,3adca3c533186d85a306e74ce88d0994
3751BA42DBD0DCA93E6A28AA841A8066,39922,res/piece/nfy_fashionsuit_icon/icon_shizhuang_01_taozhuang_shianaiqi.png.gz,dfc9431c571e50d824a96815859b47c9
5F839B05142E5F080A5CBD40DB47B073,32622,res/piece/nfy_fashionsuit_icon/icon_shizhuang_01_taozhuang_shuoranyanxiao.png.gz,04f604072e5e2adc0d467096663f8264
8C251C4E7174E9897ABE81E7855D90AB,10574,res/piece/nfy_fashionsuit_icon/icon_shizhuang_01_taozhuang_wanxianggengxin.png.gz,9742c970b413424d342cbc4a0f95ff4e
CF0A20CED78587506F94779FBB986EC7,26100,res/piece/nfy_fashionsuit_icon/icon_shizhuang_01_taozhuang_xiaoyuan.png.gz,1ff7800f46e492ccedaf9bebe8b1cd41
4A2D6C04C6104AECB390D496DA0C2C11,34752,res/piece/nfy_fashionsuit_icon/icon_shizhuang_01_taozhuang_yehuanlanshan.png.gz,916e4166214db2b3261e4aad07171034
E8EEAA77F275CE2BA32EB051CCDE6599,29659,res/piece/nfy_fashionsuit_icon/icon_shizhuang_01_taozhuang_yetingwanzui.png.gz,5da8821909f8821ec482bfd61f2bd4fb
3B6C1EFB95900DD9F87AE659C70E20D9,28333,res/piece/nfy_fashionsuit_icon/icon_shizhuang_01_taozhuang_yongzhuang.png.gz,2e9a5f02a6f6c2bf43cee13fcd2ff54d
F2BD7D6B8B96399034D94DD7C6299145,37794,res/piece/nfy_fashionsuit_icon/icon_shizhuang_01_taozhuang_zhongyanyuhui.png.gz,fbaa8a43c83b9bf403624538c7f363e9
F6E211F74D3A6E2C64511BEAE37371AE,25252,res/piece/nfy_fashionsuit_icon/icon_shizhuang_02_taozhuang_anmiemoyi.png.gz,555d850c28930dcfcbf7048885393013
44044D1EFF691AE8CD9A57EBD82DD711,28765,res/piece/nfy_fashionsuit_icon/icon_shizhuang_02_taozhuang_bianyuhaike.png.gz,8f325d6a508de334f81068a25c4c6f99
6A0BA33D4D09756C65B817A6D4EF9E43,35217,res/piece/nfy_fashionsuit_icon/icon_shizhuang_02_taozhuang_canglangdichen.png.gz,80baf45715ff8e5dc2ae2c1fdddd6ade
A2CC53572553421286DB19882582C366,26326,res/piece/nfy_fashionsuit_icon/icon_shizhuang_02_taozhuang_canglanhundun.png.gz,aeb645d3371768455f96576e1fff779d
24AED01BB293BC93B8F04DD4DECBD8DC,21957,res/piece/nfy_fashionsuit_icon/icon_shizhuang_02_taozhuang_chaomeng.png.gz,71ae26df37f79920e8e6bef6ca5da12b
3E1100AD326F63551EADBC72E139BDCC,32566,res/piece/nfy_fashionsuit_icon/icon_shizhuang_02_taozhuang_chunbaishengqi.png.gz,ccc9c59822f2deb88ddedcf737f8a9b6
5C58470EA11DF745BEB20705B989B510,24770,res/piece/nfy_fashionsuit_icon/icon_shizhuang_02_taozhuang_dajiang.png.gz,e3b93dea52e6080d39459a1e8951e19a
B59A711322B75EFCF2482BEE6F88089A,27544,res/piece/nfy_fashionsuit_icon/icon_shizhuang_02_taozhuang_guizu.png.gz,d33a5cec38439db88bc8e89024924980
0C0829F62BCC897F62D41EB56DBF1CDE,22829,res/piece/nfy_fashionsuit_icon/icon_shizhuang_02_taozhuang_guofeng.png.gz,607433d5bb819ef58ba1b6f051d80561
B16E0F5814782B48A486A1E3CB626101,18984,res/piece/nfy_fashionsuit_icon/icon_shizhuang_02_taozhuang_haiyangpaidui.png.gz,52c92252df11357daff16fb7eac08fe4
E83CDC7C3D34F1BC6ABD69AE86374261,22362,res/piece/nfy_fashionsuit_icon/icon_shizhuang_02_taozhuang_heizhishi.png.gz,6f8cb03a900c8aad261f3f642446d249
CC28283B76094371800514CEBB7EA12A,26221,res/piece/nfy_fashionsuit_icon/icon_shizhuang_02_taozhuang_hongyunyishi.png.gz,59ecc42d814d7afa6fef750b3c63aabc
B32FA62A94C66695E9D1FCB41857761C,32676,res/piece/nfy_fashionsuit_icon/icon_shizhuang_02_taozhuang_huangxingzhimo.png.gz,c6753282e11019b679379f093bb720ee
B775B207301126A094D3FD9CDFE817E9,25443,res/piece/nfy_fashionsuit_icon/icon_shizhuang_02_taozhuang_huanmulveying.png.gz,69a17329adb4c78edf5005e40f4a66de
0BC573E27AB23161D1A58DDDD5ECC6FE,23069,res/piece/nfy_fashionsuit_icon/icon_shizhuang_02_taozhuang_huanshenqiangui.png.gz,34c33ca9a9ea1bc6b1b1cc2e31fd1753
64838A1B506ABE17A676B907E182AD97,24036,res/piece/nfy_fashionsuit_icon/icon_shizhuang_02_taozhuang_huanyansuixiang.png.gz,1c93cd0aff7f6c1d8943978a6cb3ad06
EAEAE894CC6F380F130AABB62AE54A20,39220,res/piece/nfy_fashionsuit_icon/icon_shizhuang_02_taozhuang_jiamianwuhui.png.gz,9c72ccc51259f60ec77d48f6f11ac02a
19DDA6C73FDE833FE42E95B5C7D38200,32440,res/piece/nfy_fashionsuit_icon/icon_shizhuang_02_taozhuang_jiarishizhuang.png.gz,7d996df368c4b9505a7075b4061c2182
65025FF6D72B2794B6354D835D9E1A6A,23364,res/piece/nfy_fashionsuit_icon/icon_shizhuang_02_taozhuang_konglongshizhuang.png.gz,3053f1a1cc2640ddd5e10abecaf88862
CFBBF103464EC39DB729FF26C3FE3D84,21499,res/piece/nfy_fashionsuit_icon/icon_shizhuang_02_taozhuang_liehu.png.gz,e34416af8426fa682b22075a273f7f61
87A3BCE6A2C5FFFEA4FF9805129E6D89,27643,res/piece/nfy_fashionsuit_icon/icon_shizhuang_02_taozhuang_linyuanshouwei.png.gz,bb70d71021c7ffa2b98df610b2cc039e
ED2044191C0D866FEBAB879DE75B96C2,28120,res/piece/nfy_fashionsuit_icon/icon_shizhuang_02_taozhuang_mijingjingling.png.gz,c2dbfcd5487692cb7c7e30fe477fc6d3
C4E278E731387CB68C18AE3EFC5804AA,22673,res/piece/nfy_fashionsuit_icon/icon_shizhuang_02_taozhuang_mingxing.png.gz,00efe97f00ca852c4da19332c6a90a1e
71B7233BEA5306D20DDE9607F8CAFB7E,25438,res/piece/nfy_fashionsuit_icon/icon_shizhuang_02_taozhuang_posuoyehuo.png.gz,26cf36cc837ec4b03745d41c9b19291e
40D2913379DD498B84EB9CCF89A86087,31163,res/piece/nfy_fashionsuit_icon/icon_shizhuang_02_taozhuang_qingchengguangyao.png.gz,ba401aad59310ec8766e20d9a6b7b348
69C15F0CC6268847D1ECC34DE160BDD9,29219,res/piece/nfy_fashionsuit_icon/icon_shizhuang_02_taozhuang_shanyaozhixing.png.gz,9bef47cb5a3c11e47c8a34b711418797
5E01E61ABAE6DBF911F4702888DDE0A9,26915,res/piece/nfy_fashionsuit_icon/icon_shizhuang_02_taozhuang_shenbing.png.gz,be0e11e9997ff489a3a9c5c5f7a44252
AC5CC08E3AA9E7835EEB9B165EDCF2D7,30864,res/piece/nfy_fashionsuit_icon/icon_shizhuang_02_taozhuang_shianaiqi.png.gz,bf2e7988b45edbc1d0434f51c7c168a0
9D5FE07437709092F1B83D099F252C5B,29153,res/piece/nfy_fashionsuit_icon/icon_shizhuang_02_taozhuang_shuoranyanxiao.png.gz,5b9675482a1836b71c6e28e72c0031f1
FCF27FD0F27A0081149F74C299E1519F,8412,res/piece/nfy_fashionsuit_icon/icon_shizhuang_02_taozhuang_wanxianggengxin.png.gz,b4c7ba75e97e3c6824abf3d6bcd00d79
233C5854331598CFEF8822592D16BA45,20745,res/piece/nfy_fashionsuit_icon/icon_shizhuang_02_taozhuang_xiaoyuan.png.gz,684ec8d3c051be46265aa565cb7f4748
82775AF961AA73AEFAEE8F1F7C96847C,28786,res/piece/nfy_fashionsuit_icon/icon_shizhuang_02_taozhuang_yehuanlanshan.png.gz,b8cb888028d47c3812411475bac730d8
F26DDB10FECC28961524389EF833772D,27182,res/piece/nfy_fashionsuit_icon/icon_shizhuang_02_taozhuang_yetingwanzui.png.gz,21bb58a26c683a6fefa01cb0b630296c
65C1C03110C52CCF372CEB42EBF3A3B9,24385,res/piece/nfy_fashionsuit_icon/icon_shizhuang_02_taozhuang_yongzhuang.png.gz,63414c70881f8dd836b80f203eeb97e9
D865BE0E855DF1FAF051984EDDB2C807,29416,res/piece/nfy_fashionsuit_icon/icon_shizhuang_02_taozhuang_zhongyanyuhui.png.gz,7689bf0b7a2137465fa306e1f041eed0
2CE2E504EABF12E8AE614228B61A5CFC,25066,res/piece/nfy_fashionsuit_icon/icon_shizhuang_02_taozhuang_zhuying.png.gz,8835bb12e7d26320fb5f14dd60dc7f29
EEAA13374E7EF44594181AEB1320B957,27027,res/piece/nfy_fashionsuit_icon/icon_shizhuang_04_taozhuang_anmiemoyi.png.gz,b378d5898b265530a6ef56987f59d20d
25202899974C4F5C046B7603BB202AD1,28627,res/piece/nfy_fashionsuit_icon/icon_shizhuang_04_taozhuang_bianyuhaike.png.gz,34473a347096fea4c09d0b8b3683c620
C43F3D41B249182AD73EEE88A0951D50,34294,res/piece/nfy_fashionsuit_icon/icon_shizhuang_04_taozhuang_canglangdichen.png.gz,81cc32f007fdc892967c72ed824575c8
E156AD1DFE7E266F006C57CF366F0469,30068,res/piece/nfy_fashionsuit_icon/icon_shizhuang_04_taozhuang_canglanhundun.png.gz,a6ed4ad2333fc058e969cea534f279ab
2FF02EAECDD871E20D6B34B8F79A43D7,29192,res/piece/nfy_fashionsuit_icon/icon_shizhuang_04_taozhuang_chaomeng.png.gz,73caa117d337be76497a85c90b457918
2B7081F510C899A1E9238C74D50DE9D7,33834,res/piece/nfy_fashionsuit_icon/icon_shizhuang_04_taozhuang_chunbaishengqi.png.gz,79fcc681ef1afcc8ca9ccddb8ed93a93
F4A038AA1419D2882F86FFB1227845E6,38615,res/piece/nfy_fashionsuit_icon/icon_shizhuang_04_taozhuang_guizu.png.gz,7257cd48b586915d3a92c09022a20dfd
61374B5683D4F857549E5BC1F92B778E,30667,res/piece/nfy_fashionsuit_icon/icon_shizhuang_04_taozhuang_guofeng.png.gz,15bd3fef11bf4ac64992769905f8844d
A48A26ECA1FF53B2FE1F80E9768F5F6F,29149,res/piece/nfy_fashionsuit_icon/icon_shizhuang_04_taozhuang_haiyangpaidui.png.gz,7b0a85ca82199f778cb06c11c0a5054e
20286AA2B527357E5C6840460D8FEE39,31006,res/piece/nfy_fashionsuit_icon/icon_shizhuang_04_taozhuang_heizhishi.png.gz,dff147768c52e4e6c593c7d685a6f181
A07150AB6BC0923686D6A7945E4BB5CE,34295,res/piece/nfy_fashionsuit_icon/icon_shizhuang_04_taozhuang_hongyunyishi.png.gz,ec2b08c17540394b150bea5ca2385a2a
7817A4CFD8FF7772C4B00BFC9819BC1B,33151,res/piece/nfy_fashionsuit_icon/icon_shizhuang_04_taozhuang_huangxingzhimo.png.gz,a7d0c90b96d0eff860a31c63627bf57d
945D68383517EABB14734E4BBAFB4742,32949,res/piece/nfy_fashionsuit_icon/icon_shizhuang_04_taozhuang_huanmulveying.png.gz,adcda664e1fbfefaccb0c4c1d517a17e
2E06904B4B28CCCBF8259EBCF4F40703,30994,res/piece/nfy_fashionsuit_icon/icon_shizhuang_04_taozhuang_huanshenqiangui.png.gz,5e09662b9381a3e33b5912fb3c18a5ae
1819435A19AE258105635DE296E5A675,28974,res/piece/nfy_fashionsuit_icon/icon_shizhuang_04_taozhuang_huanyansuixiang.png.gz,398f61584db7720f38ed04d9a1657042
64452CDFA077596106EE09DF6F44CE6D,40387,res/piece/nfy_fashionsuit_icon/icon_shizhuang_04_taozhuang_jiamianwuhui.png.gz,5f26cc744a471545c6daa46f69ccf5d0
33AA040970FE16095366922F387B6676,29795,res/piece/nfy_fashionsuit_icon/icon_shizhuang_04_taozhuang_jiarishizhuang.png.gz,98ba8307a8f0597c449c705ee45c18bd
1C238CF4838B75212F8698AD133629D1,22959,res/piece/nfy_fashionsuit_icon/icon_shizhuang_04_taozhuang_konglongshizhuang.png.gz,c300944e7880322fa78e8d75b294fa43
D884837335D0487985DD1F5E9537C8EE,28494,res/piece/nfy_fashionsuit_icon/icon_shizhuang_04_taozhuang_leiguang.png.gz,07ed53c10c249661aa035fc2819060fb
2E69201A4476C24885D778FC59DCD969,30322,res/piece/nfy_fashionsuit_icon/icon_shizhuang_04_taozhuang_liehu.png.gz,46c328a29b66d4a0629c7e4f8de83c8f
DB219765CDFC3B67907472510C1E03AC,31204,res/piece/nfy_fashionsuit_icon/icon_shizhuang_04_taozhuang_linyuanshouwei.png.gz,fe525c6b13e4e92cc2fbe9c9471cb4e3
3A4346511FA89674FA616F0E9E3744D8,28542,res/piece/nfy_fashionsuit_icon/icon_shizhuang_04_taozhuang_mijingjingling.png.gz,b5856fe7c2c7bbd7945c6b0e0baa85e2
CF6720C26F74DCA819F0EE6720B787EE,27714,res/piece/nfy_fashionsuit_icon/icon_shizhuang_04_taozhuang_mingxing.png.gz,a759c0ec60385a8aaf8646e754b122f7
5FE56AABE632A669DA210456A4708A82,26327,res/piece/nfy_fashionsuit_icon/icon_shizhuang_04_taozhuang_posuoyehuo.png.gz,55410301bd34724193a879bf7ed99a6d
CE5A5639348DAA0A4A80EB4D531DD7E2,33724,res/piece/nfy_fashionsuit_icon/icon_shizhuang_04_taozhuang_qingchengguangyao.png.gz,ee0399177ef1ebb14a510c56b99e58f8
45DB880F16D5087A7BBF8389FB960049,34503,res/piece/nfy_fashionsuit_icon/icon_shizhuang_04_taozhuang_shanyaozhixing.png.gz,32dfd3ba9144d465a955d7a12f58543e
10F99427DE30D94F283529A7B243B4D9,35418,res/piece/nfy_fashionsuit_icon/icon_shizhuang_04_taozhuang_shianaiqi.png.gz,f30f030a37eff448908bf0abf8d4dd08
33AC5DD6619498BA03210D3A999D59F3,33020,res/piece/nfy_fashionsuit_icon/icon_shizhuang_04_taozhuang_shuoranyanxiao.png.gz,0b7187c5bab04d0f86899d642f0113cf
4D4F8C3EF4EBA6AC38C8BB4B8EA421A2,8400,res/piece/nfy_fashionsuit_icon/icon_shizhuang_04_taozhuang_wanxianggengxin.png.gz,a5f401509cfe5e39b7cc696aa36d82c0
03D645705FAC7E0291A8F0256F372811,30567,res/piece/nfy_fashionsuit_icon/icon_shizhuang_04_taozhuang_xiaoyuan.png.gz,7dc2ffea03b0cef1ace496cedb7945cc
008FD9E6CD925193B62160A9804A4972,29854,res/piece/nfy_fashionsuit_icon/icon_shizhuang_04_taozhuang_xukong.png.gz,1b1306125811f565851618f5528f36a0
49BD7F04920E76AC1083DBF86D5FCC1E,31671,res/piece/nfy_fashionsuit_icon/icon_shizhuang_04_taozhuang_yehuanlanshan.png.gz,c5f773d603afff2bf0f449e247e8bda6
FB26A15DDE7A9ABE17F3212B0F638320,26746,res/piece/nfy_fashionsuit_icon/icon_shizhuang_04_taozhuang_yetingwanzui.png.gz,e5be3f60417c7c00e70b9d4f3171d3ef
8D5A674F397E9533C305F8E570D4D2B3,28451,res/piece/nfy_fashionsuit_icon/icon_shizhuang_04_taozhuang_yongzhuang.png.gz,7263e4a2411bce4cd9ca6d544b6de004
2E22A129598E6D34D4CA333C30CF4266,29080,res/piece/nfy_fashionsuit_icon/icon_shizhuang_04_taozhuang_zhongyanyuhui.png.gz,3d086a87fadac541a6b97dd2c60333c5
2A8E25999CD981D98F869581E0348C2B,2612,res/piece/nfy_fashionsuit_icon/fashionsuit_small/lilimu/icon_shizhuang_04_taozhuang_canglanhundun_chibang_x.png.gz,a8a2fc7ab5aabb13f84003eeafb5e83d
95426431C20F8B3CE079E1113431A4E9,1475,res/piece/nfy_fashionsuit_icon/fashionsuit_small/lilimu/icon_shizhuang_04_taozhuang_canglanhundun_lian_x.png.gz,5aa4263126561b25e170ed8b9462e0c1
ACBCA3438D5FF20070DCAE0150B271B2,1907,res/piece/nfy_fashionsuit_icon/fashionsuit_small/lilimu/icon_shizhuang_04_taozhuang_canglanhundun_maozi_x.png.gz,b649da01497d9c94a08daf1acec07cfc
F6BF6537D34A531B5F5653527D51A38A,2879,res/piece/nfy_fashionsuit_icon/fashionsuit_small/lilimu/icon_shizhuang_04_taozhuang_canglanhundun_tou_x.png.gz,9fee9a4f52ee52186932670901f8ef92
800485038D7F1E2C65D8FC9D64C202C1,2569,res/piece/nfy_fashionsuit_icon/fashionsuit_small/lilimu/icon_shizhuang_04_taozhuang_canglanhundun_yifu_x.png.gz,12b99f23d73e892b8503d3fca492d736
935B81AEB13DDB88D0A822FF382EF2FE,2073,res/piece/nfy_fashionsuit_icon/fashionsuit_small/lilimu/icon_shizhuang_04_taozhuang_chaomeng_yifu_x.png.gz,053ce5f10d290e0b7598f1afc47a70c4
166CD046D6E08AEE21A737D830949EFF,2016,res/piece/nfy_fashionsuit_icon/fashionsuit_small/lilimu/icon_shizhuang_04_taozhuang_guizuzhiyi_maozi_x.png.gz,0665578c7e79da604f05156f14cbc158
706EDC7F51F8FF9DEAC9F65710729F65,2941,res/piece/nfy_fashionsuit_icon/fashionsuit_small/lilimu/icon_shizhuang_04_taozhuang_guizuzhiyi_tou_x.png.gz,50a57ce1423789f349cb133097970df0
4DFD00C9CC0BA65BA180B50298ED3205,2470,res/piece/nfy_fashionsuit_icon/fashionsuit_small/lilimu/icon_shizhuang_04_taozhuang_guizuzhiyi_yifu_x.png.gz,5eb1c1d4f500f885558945597df02b18
DBE6B979CD65567270F190F2CF81CCF9,2278,res/piece/nfy_fashionsuit_icon/fashionsuit_small/lilimu/icon_shizhuang_04_taozhuang_guofeng_yifu_x.png.gz,22b8b68e819836f6732806a49acffff7
C1A8C96B863E9C740F6E20F812A6B455,2034,res/piece/nfy_fashionsuit_icon/fashionsuit_small/lilimu/icon_shizhuang_04_taozhuang_heizhishi_maozi_x.png.gz,ace0b93671ca9f5e496425122f09f698
633CC71BCD55D18002464AD44EE86AE1,2766,res/piece/nfy_fashionsuit_icon/fashionsuit_small/lilimu/icon_shizhuang_04_taozhuang_heizhishi_tou_x.png.gz,6da85faaab807b4cc326ceab28d3ce99
6299FEADFA19468662840160DCE59B5A,2353,res/piece/nfy_fashionsuit_icon/fashionsuit_small/lilimu/icon_shizhuang_04_taozhuang_heizhishi_yifu_x.png.gz,068f3a3c9a9e0aa201fd03420e0add37
30942403CC92BD98A2E5FC7823ED8DB5,2968,res/piece/nfy_fashionsuit_icon/fashionsuit_small/lilimu/icon_shizhuang_04_taozhuang_huanshenqiangui_chibang_x.png.gz,e68312ec52fb45b0454c5e71b10fafcb
555ED93FE472F9963315F4D98C817ADB,1776,res/piece/nfy_fashionsuit_icon/fashionsuit_small/lilimu/icon_shizhuang_04_taozhuang_huanshenqiangui_lian_x.png.gz,f96962729e2c007ba28a197aa98a68b5
1CAFC0145A566D65F3CF3253A23DF0B8,2240,res/piece/nfy_fashionsuit_icon/fashionsuit_small/lilimu/icon_shizhuang_04_taozhuang_huanshenqiangui_maozi_x.png.gz,3e4d9affecf3761d306773b542d7ac92
159E68D56BE1DB363742C534BB5EA590,2526,res/piece/nfy_fashionsuit_icon/fashionsuit_small/lilimu/icon_shizhuang_04_taozhuang_huanshenqiangui_tou_x.png.gz,400efc1030dbe6371dbf6840b34a2e7e
52FF15899B666C0FE5C273EC4B745450,2709,res/piece/nfy_fashionsuit_icon/fashionsuit_small/lilimu/icon_shizhuang_04_taozhuang_huanshenqiangui_yifu_x.png.gz,48749a079673d2d63f0c867ed29f749b
4B6B7D86667F7C40B82302A2B46180A7,2849,res/piece/nfy_fashionsuit_icon/fashionsuit_small/lilimu/icon_shizhuang_04_taozhuang_leiguang_tou_x.png.gz,e193f30a513b7a40d6b320f206442e87
F1065C32703BE6D27451C521795132E2,2512,res/piece/nfy_fashionsuit_icon/fashionsuit_small/lilimu/icon_shizhuang_04_taozhuang_leiguang_yifu_x.png.gz,6da7c69f83761140901ed4086b8b2f94
AB9935AD20787342188F0DA3A562B687,1595,res/piece/nfy_fashionsuit_icon/fashionsuit_small/lilimu/icon_shizhuang_04_taozhuang_liehuxingdong_maozi_x.png.gz,94a73b6164644c3f145a79aa689d0b6e
369AD2EE181EBAE4AD25293CB0AEE280,3002,res/piece/nfy_fashionsuit_icon/fashionsuit_small/lilimu/icon_shizhuang_04_taozhuang_liehuxingdong_tou_x.png.gz,337bba568bb97e3f02c4b55d7c95c031
CF11C165C4130F84A915AB8729BC6161,2367,res/piece/nfy_fashionsuit_icon/fashionsuit_small/lilimu/icon_shizhuang_04_taozhuang_liehuxingdong_yifu_x.png.gz,5f4785182fd2ce8ca1287d75bff7c3c3
1C476059486A6E373C068149F2D3B323,2130,res/piece/nfy_fashionsuit_icon/fashionsuit_small/lilimu/icon_shizhuang_04_taozhuang_mingxing_maozi_x.png.gz,f89b62a357ce40e9e08b9273f071c9ef
82DB07914DA2B6BABD9AD886DE20E753,3108,res/piece/nfy_fashionsuit_icon/fashionsuit_small/lilimu/icon_shizhuang_04_taozhuang_mingxing_tou_x.png.gz,ead65845e614f61bfa4bb7997ab6e240
8C2B325B02A2C00D22BE9CAF5A596EFB,2176,res/piece/nfy_fashionsuit_icon/fashionsuit_small/lilimu/icon_shizhuang_04_taozhuang_mingxing_yifu_x.png.gz,4e0eb467346f49c674b4c4d48d9bb526
222EAF070A0739C843882A44B982DD28,2664,res/piece/nfy_fashionsuit_icon/fashionsuit_small/lilimu/icon_shizhuang_04_taozhuang_xiaoyuan_yifu_x.png.gz,63141ef69273a79cb83b42978dcc0ac3
BC01F029C649A750EC1D6BFAB85AA4F0,2918,res/piece/nfy_fashionsuit_icon/fashionsuit_small/lilimu/icon_shizhuang_04_taozhuang_xukong_tou_x.png.gz,6bf142b2999e83252b7cbb1ed6831a41
FBB4D309B8DA236434F08DD4C947C679,2430,res/piece/nfy_fashionsuit_icon/fashionsuit_small/lilimu/icon_shizhuang_04_taozhuang_xukong_yifu_x.png.gz,ed2b2137b037cc14a199a4508c6a87da
07F195E2B4AD771A317518E077C92B5D,1679,res/piece/nfy_fashionsuit_icon/fashionsuit_small/lilimu/icon_shizhuang_04_taozhuang_yongzhuang_maozi_x.png.gz,fd4051eed3e0bc5a451e2d189512b22b
608272FBE56AB7D1CFF4CE5593D239B1,2423,res/piece/nfy_fashionsuit_icon/fashionsuit_small/lilimu/icon_shizhuang_04_taozhuang_yongzhuang_tou_x.png.gz,a3c80925d7904b1c8b77457a109c81d8
0AF43D54F7CBE1DA907C8D58E0576079,2609,res/piece/nfy_fashionsuit_icon/fashionsuit_small/lilimu/icon_shizhuang_04_taozhuang_yongzhuang_yifu_x.png.gz,d26850543b195999736387ec711cfd8a
5D79907F7767576F752E7B54CF6FFE9B,2612,res/piece/nfy_fashionsuit_icon/fashionsuit_small/ling/icon_shizhuang_02_taozhuang_canglanhundun_chibang_x.png.gz,a8a2fc7ab5aabb13f84003eeafb5e83d
98BB4BE63F249C68D2EA0C9E6673C91E,1564,res/piece/nfy_fashionsuit_icon/fashionsuit_small/ling/icon_shizhuang_02_taozhuang_canglanhundun_lian_x.png.gz,91e3a4f357499f5084070894ce19280f
5E33F4C62EDFB55D5CFD32B02B474F81,2666,res/piece/nfy_fashionsuit_icon/fashionsuit_small/ling/icon_shizhuang_02_taozhuang_canglanhundun_maozi_x.png.gz,4198a70f040b20e86281ab4dd4756be1
EDF212E0269C513F3BDD76C56D7F101F,2418,res/piece/nfy_fashionsuit_icon/fashionsuit_small/ling/icon_shizhuang_02_taozhuang_canglanhundun_tou_x.png.gz,cbe6d4b0f3296874dcf98725582e740a
66EB71196695C1AFDC50056660FB0B38,2633,res/piece/nfy_fashionsuit_icon/fashionsuit_small/ling/icon_shizhuang_02_taozhuang_canglanhundun_yifu_x.png.gz,75d2812791281fa5fa62ff2f9dceeabe
53FA1237D1EE3BB191C4E916B4D2F27B,2097,res/piece/nfy_fashionsuit_icon/fashionsuit_small/ling/icon_shizhuang_02_taozhuang_chaomeng_yifu_x.png.gz,372e6e75c78b2ac18ccda15808281554
172DE5D6E0F65006AA86B85AA1E1A5C7,1838,res/piece/nfy_fashionsuit_icon/fashionsuit_small/ling/icon_shizhuang_02_taozhuang_dajiang_lianshi_x.png.gz,e17efaf2fb9a5841d7ab9bb7bd417f10
08F13AA3A87DA3FE8A903987D195B3B6,2208,res/piece/nfy_fashionsuit_icon/fashionsuit_small/ling/icon_shizhuang_02_taozhuang_dajiang_maozi_x.png.gz,2bab20d7cf198e000ada99167e4cf342
43DF83C288A49D1C279635DBE67C4EA6,2797,res/piece/nfy_fashionsuit_icon/fashionsuit_small/ling/icon_shizhuang_02_taozhuang_dajiang_tou_x.png.gz,d7b7148dd6771cfb9512ac673a4c4ca2
9C103B6674738450A1A28941CF23E62E,2726,res/piece/nfy_fashionsuit_icon/fashionsuit_small/ling/icon_shizhuang_02_taozhuang_dajiang_yifu_x.png.gz,a1a7f62910f864a6de5494adf010b96b
47316ED37D207ED85C907DB21327D7A1,1832,res/piece/nfy_fashionsuit_icon/fashionsuit_small/ling/icon_shizhuang_02_taozhuang_guizuzhiyi_maozi_x.png.gz,63ceed07d1e9edd21b7825f04e7a10bb
ECB4E2EE1925926EEBC19F9F0FBF3910,2715,res/piece/nfy_fashionsuit_icon/fashionsuit_small/ling/icon_shizhuang_02_taozhuang_guizuzhiyi_tou_x.png.gz,f999a4d2cc08469f06e4d3f1a042739c
D3617DBA7E5C5F5771A88E43AA421F84,3213,res/piece/nfy_fashionsuit_icon/fashionsuit_small/ling/icon_shizhuang_02_taozhuang_guizuzhiyi_yifu_x.png.gz,9304492aac72f1dc1a63bd9f9447502f
F624A5DC4B60B1E2C5430A0DAF4C482B,2092,res/piece/nfy_fashionsuit_icon/fashionsuit_small/ling/icon_shizhuang_02_taozhuang_guofeng_yifu_x.png.gz,d9f2b725e9a0fbc9a35080468f8b0793
3E04A4622CBA7C535733E0195B044DB1,1485,res/piece/nfy_fashionsuit_icon/fashionsuit_small/ling/icon_shizhuang_02_taozhuang_heizhishi_lian_x.png.gz,cab1d003f3d9151d2b86662e833d5ac5
D9E6228C4CEAF360904CC388FC67C44C,2252,res/piece/nfy_fashionsuit_icon/fashionsuit_small/ling/icon_shizhuang_02_taozhuang_heizhishi_maozi_x.png.gz,83e1de11f8ddc810981755ce18bf354f
9140ABF3769670A2D89A143808DD427E,2275,res/piece/nfy_fashionsuit_icon/fashionsuit_small/ling/icon_shizhuang_02_taozhuang_heizhishi_tou_x.png.gz,3a02dc3a0504c9d162f56e328ac02633
DAD82A60E121E6AA4951545AFFA85F1E,2161,res/piece/nfy_fashionsuit_icon/fashionsuit_small/ling/icon_shizhuang_02_taozhuang_heizhishi_yifu_x.png.gz,c49dd3f5f7576c2da95305d50840709b
CACAB081641ACD14F45DBE43B770519D,2968,res/piece/nfy_fashionsuit_icon/fashionsuit_small/ling/icon_shizhuang_02_taozhuang_huanshenqiangui_chibang_x.png.gz,e68312ec52fb45b0454c5e71b10fafcb
1852FF51F1774F388D194BC08AD524B5,1622,res/piece/nfy_fashionsuit_icon/fashionsuit_small/ling/icon_shizhuang_02_taozhuang_huanshenqiangui_lian_x.png.gz,64c654b051a785113f7ce9df3d248809
C1C0E4A7E3D8B375E43F090B21623B24,2994,res/piece/nfy_fashionsuit_icon/fashionsuit_small/ling/icon_shizhuang_02_taozhuang_huanshenqiangui_maozi_x.png.gz,fec24cc13af3d30bbcd2bfd13d99b923
8F930F7D31D7EF2D007D719C42F7B869,2565,res/piece/nfy_fashionsuit_icon/fashionsuit_small/ling/icon_shizhuang_02_taozhuang_huanshenqiangui_tou_x.png.gz,2e59829ac98ace1e519082b2ebdbfe89
7C0143F2EFE3A3AF984E2A306A8B7795,2947,res/piece/nfy_fashionsuit_icon/fashionsuit_small/ling/icon_shizhuang_02_taozhuang_huanshenqiangui_yifu_x.png.gz,54fd3675eb7634251d5cb6927433b1ba
43069A510599729CA9EC47967D5C9267,1601,res/piece/nfy_fashionsuit_icon/fashionsuit_small/ling/icon_shizhuang_02_taozhuang_liehuxingdong_maozi_x.png.gz,0b54afeba433dca1e7a910c25758c42b
D6308FDC6DD8A7BD78AD08E494DF6705,2465,res/piece/nfy_fashionsuit_icon/fashionsuit_small/ling/icon_shizhuang_02_taozhuang_liehuxingdong_tou_x.png.gz,612d246c34270474709c404cb8b8ada4
614C4FDE2445F601C0CB503DD3D54BCF,2943,res/piece/nfy_fashionsuit_icon/fashionsuit_small/ling/icon_shizhuang_02_taozhuang_liehuxingdong_yifu_x.png.gz,cf1fa5f4d78e96bb6980b5622bb0b3b2
E37C9661DD91CDFC4F96D81AC2289F53,1505,res/piece/nfy_fashionsuit_icon/fashionsuit_small/ling/icon_shizhuang_02_taozhuang_mingxing_lian_x.png.gz,cfc0cf8aad5d8584bbdb1e43c7489c5b
9A0AAF671B830D82D8C253BA2F963F07,2067,res/piece/nfy_fashionsuit_icon/fashionsuit_small/ling/icon_shizhuang_02_taozhuang_mingxing_maozi_x.png.gz,ae59f3a9cac3fa0a515df02f52420a35
1FA5C2EF033C8355063D021C270EBF3A,2871,res/piece/nfy_fashionsuit_icon/fashionsuit_small/ling/icon_shizhuang_02_taozhuang_mingxing_tou_x.png.gz,7725b10c15d6a5284e65972a169a2a3c
EFDB322AABED4AF8A6713D41454053D8,2109,res/piece/nfy_fashionsuit_icon/fashionsuit_small/ling/icon_shizhuang_02_taozhuang_mingxing_yifu_x.png.gz,6fe0d70e80e099ed8d114db6d417369f
EC7EF2987A9093F8051E41159A22BE6F,3309,res/piece/nfy_fashionsuit_icon/fashionsuit_small/ling/icon_shizhuang_02_taozhuang_shenbing_tou_x.png.gz,23857cb4add93f38ddd2fe4bd4dc349f
D4966E324A982900EF6D4E0549781DA1,2585,res/piece/nfy_fashionsuit_icon/fashionsuit_small/ling/icon_shizhuang_02_taozhuang_shenbing_yifu_x.png.gz,fb12e2f48982dc3e2c6d3dcfe3690289
15294EC18DEF7069BA63E4DA065312ED,2341,res/piece/nfy_fashionsuit_icon/fashionsuit_small/ling/icon_shizhuang_02_taozhuang_xiaoyuan_maozi_x.png.gz,dfee622e0af3663cfb0588d69d0359b6
12AB29D6FF55F790F027C667CA6DB8E0,2487,res/piece/nfy_fashionsuit_icon/fashionsuit_small/ling/icon_shizhuang_02_taozhuang_xiaoyuan_tou_x.png.gz,8059bb13b267c82d998bc10650893c2c
0C775D8D573F8E67F95060A4FE234785,2363,res/piece/nfy_fashionsuit_icon/fashionsuit_small/ling/icon_shizhuang_02_taozhuang_xiaoyuan_yifu_x.png.gz,39fab3bf3ab139dce8acc3321796aae9
F53348F3BE92C90CB1A80F38915FC285,1527,res/piece/nfy_fashionsuit_icon/fashionsuit_small/ling/icon_shizhuang_02_taozhuang_yongzhuang_lian_x.png.gz,fe3f8943eb82efa081eee37e46d843c5
EDE6CDD876AAA2B6B4B4F7A0558FE9B3,1858,res/piece/nfy_fashionsuit_icon/fashionsuit_small/ling/icon_shizhuang_02_taozhuang_yongzhuang_maozi_x.png.gz,00723969a10e94a7855afa9b869b96b3
8F1C638DD5EACE530348A1E31EA1CB1E,2633,res/piece/nfy_fashionsuit_icon/fashionsuit_small/ling/icon_shizhuang_02_taozhuang_yongzhuang_tou_x.png.gz,97413e8843b649b1c6be8c2b5174ffd3
21217623D0DE100ED950BA3EE0ACD79A,2018,res/piece/nfy_fashionsuit_icon/fashionsuit_small/ling/icon_shizhuang_02_taozhuang_yongzhuang_yifu_x.png.gz,5c3d7ce431ccf27696144ead27966370
C7A55E90B365AE0ED4A28CCD31C57FE8,2411,res/piece/nfy_fashionsuit_icon/fashionsuit_small/ling/icon_shizhuang_02_taozhuang_zhuying_tou_x.png.gz,ea75cf7e47cc4880525d568085fd5e45
551775D7B988CEB6B23EBCC531BAC63F,2473,res/piece/nfy_fashionsuit_icon/fashionsuit_small/ling/icon_shizhuang_02_taozhuang_zhuying_yifu_x.png.gz,19972905ab1aab01894cb64ad7ff1b2a
FC2841886F33E89010854A679277F49E,2613,res/piece/nfy_fashionsuit_icon/fashionsuit_small/shenyue/icon_shizhuang_01_taozhuang_canglanhundun_chibang_x.png.gz,f26e3151432399218202a7e6f433d2e9
25A4902BF2C0E6C078D8037A0C750FAF,2336,res/piece/nfy_fashionsuit_icon/fashionsuit_small/shenyue/icon_shizhuang_01_taozhuang_canglanhundun_lian_x.png.gz,e0ce0e3f07b1f7b1d344c1c63754b85d
36490E1F7965967B97FABDE5EFEDE04C,2832,res/piece/nfy_fashionsuit_icon/fashionsuit_small/shenyue/icon_shizhuang_01_taozhuang_canglanhundun_maozi_x.png.gz,cc9d05fdb4d5cadd43c887dacd2ed230
A13F80A24D0C1B92B1CB090074EA2137,2771,res/piece/nfy_fashionsuit_icon/fashionsuit_small/shenyue/icon_shizhuang_01_taozhuang_canglanhundun_tou_x.png.gz,fac85f0130903d9608d6b5c32e0246a7
AC3219DF6C40C7C88985E78CA9AC6D31,3062,res/piece/nfy_fashionsuit_icon/fashionsuit_small/shenyue/icon_shizhuang_01_taozhuang_canglanhundun_yifu_x.png.gz,cf6f1518dd6ae95c65e7885536b8f45d
8AAE29F861A046C299980E329A24B450,2906,res/piece/nfy_fashionsuit_icon/fashionsuit_small/shenyue/icon_shizhuang_01_taozhuang_cangyan_tou_x.png.gz,a221842f2b9734c72b60abff02ca2c63
C53115C5013E1ADB509E5C86040D0B7D,2488,res/piece/nfy_fashionsuit_icon/fashionsuit_small/shenyue/icon_shizhuang_01_taozhuang_cangyan_yifu_x.png.gz,63a33e26f38b1b666be78b435158db42
DE3876C7E4D6A63E3A7371922C0D3AFB,2022,res/piece/nfy_fashionsuit_icon/fashionsuit_small/shenyue/icon_shizhuang_01_taozhuang_chaomeng_yifu_x.png.gz,7b30d1fc5a79f2713480644a03af6a78
1687C7840B86A386BA84DAA36D474844,2536,res/piece/nfy_fashionsuit_icon/fashionsuit_small/shenyue/icon_shizhuang_01_taozhuang_ciyuan_tou_x.png.gz,10b6ec9659fc9d3f8bb423c8cbeda5aa
367D90449186DDC3B88BF6AA4DBEC66D,2495,res/piece/nfy_fashionsuit_icon/fashionsuit_small/shenyue/icon_shizhuang_01_taozhuang_ciyuan_yifu_x.png.gz,fd2a6ab441d5ad0edb1737851eaabe94
7B36E73AC2ACDD147191F7A62DED66D9,1772,res/piece/nfy_fashionsuit_icon/fashionsuit_small/shenyue/icon_shizhuang_01_taozhuang_dajiang_lianshi_x.png.gz,3ef1ee63e7efd2f397e627353e067894
BA22BFFA5C0307942B556812200A950C,1638,res/piece/nfy_fashionsuit_icon/fashionsuit_small/shenyue/icon_shizhuang_01_taozhuang_dajiang_maozi_x.png.gz,d8597d7c35038a3e3b0b2b18dd34a22a
3D848713E6FBDF66BC461ADCED29D2F8,2704,res/piece/nfy_fashionsuit_icon/fashionsuit_small/shenyue/icon_shizhuang_01_taozhuang_dajiang_shenzi_x.png.gz,d86af59540e2a891db93872033995cc5
B093D9C5863F711BE861C459D2E50105,2588,res/piece/nfy_fashionsuit_icon/fashionsuit_small/shenyue/icon_shizhuang_01_taozhuang_dajiang_tou_x.png.gz,f3c8b6f120ea81ecee4fda556b8c7444
A14B7FCEAF0F8B14220DEAB220E16F69,1750,res/piece/nfy_fashionsuit_icon/fashionsuit_small/shenyue/icon_shizhuang_01_taozhuang_guizuzhiyi_maozi_x.png.gz,8bb684190b955b2baa089a57a368b930
23003E575EA7AD34986BB7DA7C83603C,2491,res/piece/nfy_fashionsuit_icon/fashionsuit_small/shenyue/icon_shizhuang_01_taozhuang_guizuzhiyi_tou_x.png.gz,0af98b216afb992a462852f71b3ce6f7
826E36F83464C3F3032DAE4C035FFC2F,2742,res/piece/nfy_fashionsuit_icon/fashionsuit_small/shenyue/icon_shizhuang_01_taozhuang_guizuzhiyi_yifu_x.png.gz,dbf317691b8aab56b121cc778252d580
62008D75F9EDA927C984BF3DCBAE4518,2392,res/piece/nfy_fashionsuit_icon/fashionsuit_small/shenyue/icon_shizhuang_01_taozhuang_guofeng_yifu_x.png.gz,2d5d98b76eb3c539db146ebe1ef0241e
CD4551D46B0501A5E12BA14561C2032E,1473,res/piece/nfy_fashionsuit_icon/fashionsuit_small/shenyue/icon_shizhuang_01_taozhuang_heizhishi_lian_x.png.gz,f6e65bec3e1a5d2a587bacc06b871743
203B12DED42DD42405C7722D3AB61FD9,1860,res/piece/nfy_fashionsuit_icon/fashionsuit_small/shenyue/icon_shizhuang_01_taozhuang_heizhishi_maozi_x.png.gz,925c1f4f651687db51d0ab6f8f4b8160
66A64AFEB227EBD0471056310052A561,2667,res/piece/nfy_fashionsuit_icon/fashionsuit_small/shenyue/icon_shizhuang_01_taozhuang_heizhishi_tou_x.png.gz,878ae8e15557e3b43858b1b5fa426ef9
F85AD8C990846C5681BC0238A222782D,2180,res/piece/nfy_fashionsuit_icon/fashionsuit_small/shenyue/icon_shizhuang_01_taozhuang_heizhishi_yifu_x.png.gz,f35ff57422255f31c7a1525c1a78cc51
4638958B80411CF716A9BFF3B00E0B19,2968,res/piece/nfy_fashionsuit_icon/fashionsuit_small/shenyue/icon_shizhuang_01_taozhuang_huanshenqiangui_chibang_x.png.gz,e68312ec52fb45b0454c5e71b10fafcb
BCA8B1CBD2779607C54924F970BBC156,1685,res/piece/nfy_fashionsuit_icon/fashionsuit_small/shenyue/icon_shizhuang_01_taozhuang_huanshenqiangui_lian_x.png.gz,35b5cf5d866cfc8159eb48229ad391c0
508083483490C45A995D838ABA2482FE,2926,res/piece/nfy_fashionsuit_icon/fashionsuit_small/shenyue/icon_shizhuang_01_taozhuang_huanshenqiangui_maozi_x.png.gz,06cd772562d5da98c27ab44a1c4aa94f
F9D77CFC5EA88D5490E6D276B5F51D66,2799,res/piece/nfy_fashionsuit_icon/fashionsuit_small/shenyue/icon_shizhuang_01_taozhuang_huanshenqiangui_tou_x.png.gz,0265fdb27b4e33371ff95b6a38d4b46d
A1A15D738471E72F53639B8F5944809B,3040,res/piece/nfy_fashionsuit_icon/fashionsuit_small/shenyue/icon_shizhuang_01_taozhuang_huanshenqiangui_yifu_x.png.gz,dc51d68e5706a2b172328bd895a1216e
1E7590AE85E6A27511CD4E9273EEFFBD,1698,res/piece/nfy_fashionsuit_icon/fashionsuit_small/shenyue/icon_shizhuang_01_taozhuang_liehuxingdong_maozi_x.png.gz,d1f5d0c74ec0aa768bc42723e0e59035
2947CE7A8B3997A6D961020F42CDBA02,2272,res/piece/nfy_fashionsuit_icon/fashionsuit_small/shenyue/icon_shizhuang_01_taozhuang_liehuxingdong_tou_x.png.gz,2c3bf0502636688d23c2501e127ff17e
1D293B4185E09D0E47746BE00164291B,3001,res/piece/nfy_fashionsuit_icon/fashionsuit_small/shenyue/icon_shizhuang_01_taozhuang_liehuxingdong_yifu_x.png.gz,9b661c7d4a67ad2150d586bc8e1b9423
E2C0672520526F37D0C859797CFCE550,1506,res/piece/nfy_fashionsuit_icon/fashionsuit_small/shenyue/icon_shizhuang_01_taozhuang_mingxing_lian_x.png.gz,8af3438ce8bcf3daebb0abf726f86f4d
55E7D010A02DEA6F729DC97CC3A9CFD1,2223,res/piece/nfy_fashionsuit_icon/fashionsuit_small/shenyue/icon_shizhuang_01_taozhuang_mingxing_maozi_x.png.gz,24ebef7f49ba11df2ef867f975cd22bc
49B3E2F7B9F0D4C1909CE42EB3152B96,2595,res/piece/nfy_fashionsuit_icon/fashionsuit_small/shenyue/icon_shizhuang_01_taozhuang_mingxing_tou_x.png.gz,50f643ee6afaa92970feaaea9f1fe315
15E82F2F1F3E2211F293747C870A3601,2409,res/piece/nfy_fashionsuit_icon/fashionsuit_small/shenyue/icon_shizhuang_01_taozhuang_mingxing_yifu_x.png.gz,7abee0358d3abe02ea56baa4b4819ae8
B1F62039123102A5EBD44DA9AC943909,2574,res/piece/nfy_fashionsuit_icon/fashionsuit_small/shenyue/icon_shizhuang_01_taozhuang_xiaoyuan_tou_x.png.gz,2b1a39f47382aea4822ebd4c66d8569c
D55D92C71F6D4EB3200C3BB1EA50E004,2702,res/piece/nfy_fashionsuit_icon/fashionsuit_small/shenyue/icon_shizhuang_01_taozhuang_xiaoyuan_yifu_x.png.gz,2a5f62b4490031fa88984deefb931a3b
D7BC80997354114DAB5B47DEAB6F9CDF,1526,res/piece/nfy_fashionsuit_icon/fashionsuit_small/shenyue/icon_shizhuang_01_taozhuang_yongzhuang_lian_x.png.gz,539e2d3a60981b6409b6763e39e07f0c
04BB089E01BC88D89053588AFEEB2ADB,1905,res/piece/nfy_fashionsuit_icon/fashionsuit_small/shenyue/icon_shizhuang_01_taozhuang_yongzhuang_maozi_x.png.gz,d8de5ea50d55d0f122afc4d04e936c81
25C7103ABF643AA0FFB3061BD9EF65E6,2838,res/piece/nfy_fashionsuit_icon/fashionsuit_small/shenyue/icon_shizhuang_01_taozhuang_yongzhuang_tou_x.png.gz,a9dbdbe203253bd4d9bcacd6382f0aa1
93EE1E0BE3AD7C91874C40892FDF0F78,2113,res/piece/nfy_fashionsuit_icon/fashionsuit_small/shenyue/icon_shizhuang_01_taozhuang_yongzhuang_yifu_x.png.gz,2310d9c3b9c94fd4f0068c92cd19fc1e
FE7F917DCA81ED0A86AEAAE5D173ECA5,3376,res/piece/nfy_fashionsuit_icon/fashionsuit_small/shenyue/ui_zhuangban_chibang_vip12_min.png.gz,aa0ccad1362cf2b1801674a263762227
C6742B9D8B41398D1DA1B801A71BE629,3501,res/piece/nfy_fashionsuit_icon/fashionsuit_small/shenyue/ui_zhuangban_chibang_vip8_min.png.gz,259ddd01909d38b5a15a0579c3fa707e
9A77AE5CF6727D34DD9A86E2EF4D7FC0,6713,res/piece/nfy_fashion_icon/lilimu/icon_shizhuang_04_taozhuang_anmiemoyi_lianshi.png.gz,6b6f24012d173fce6787ff520d5fe371
3BA0CAC8F2ECA3EB9C3322CECF451E3F,4154,res/piece/nfy_fashion_icon/lilimu/icon_shizhuang_04_taozhuang_anmiemoyi_maozi.png.gz,eea522562b5d147dd214c47ff505b57c
D688A2202FF9EB1AF49812410F93FBF3,11786,res/piece/nfy_fashion_icon/lilimu/icon_shizhuang_04_taozhuang_anmiemoyi_tou.png.gz,054d29119ff2c1b49443758cd2060ebe
11C0271EFBF84E6EB841ECFDD08719D3,17014,res/piece/nfy_fashion_icon/lilimu/icon_shizhuang_04_taozhuang_anmiemoyi_yifu.png.gz,3ea4cb4d77b296bda91c510fda5368d5
1E4BEC4C6E2D69B1C23B29F70B32A53A,2924,res/piece/nfy_fashion_icon/lilimu/icon_shizhuang_04_taozhuang_bianyuhaike_lianshi.png.gz,c07def1a3326e0f9e20da652aabc87b2
A0CEE8488208A4FECCF484E010225527,5384,res/piece/nfy_fashion_icon/lilimu/icon_shizhuang_04_taozhuang_bianyuhaike_maozi.png.gz,852f9aa43b5f91048d995e552f3728d0
28F9DED75821D3BBE5E00370E568E5F9,13245,res/piece/nfy_fashion_icon/lilimu/icon_shizhuang_04_taozhuang_bianyuhaike_tou.png.gz,85135a1079f9cf866884292965ec7124
768D0A75B3A21B6DF6F8E90FEF6F9123,19870,res/piece/nfy_fashion_icon/lilimu/icon_shizhuang_04_taozhuang_bianyuhaike_yifu.png.gz,dfa203fe555fa1000527c370725c165d
B1DA8F6B3AD2C94A94597E542FA500A8,6347,res/piece/nfy_fashion_icon/lilimu/icon_shizhuang_04_taozhuang_canglangdichen_lianshi.png.gz,bfecdece83017ca92aa607c3a911f048
CF4027ABF3802C0E620ACE4153BFA174,5903,res/piece/nfy_fashion_icon/lilimu/icon_shizhuang_04_taozhuang_canglangdichen_maozi.png.gz,2d706901ce10057625906194c2824aa5
7E0C3D702F0C4228A5B185ADCA7131F6,17497,res/piece/nfy_fashion_icon/lilimu/icon_shizhuang_04_taozhuang_canglangdichen_tou.png.gz,1e0d7d6a69a0d3df51c9666385a40101
D53186D39F1D42B62C992A245D8CE61E,19718,res/piece/nfy_fashion_icon/lilimu/icon_shizhuang_04_taozhuang_canglangdichen_yifu.png.gz,30eff38ef023cb476625ef19d60b261f
17C5318BB32A1F21EF5D603B27D0909C,14004,res/piece/nfy_fashion_icon/lilimu/icon_shizhuang_04_taozhuang_canglanhundun_chibang.png.gz,0c6f1082a433145298cc53cf043712c9
3D011A913D69573906D04D6FC46B2BF1,7090,res/piece/nfy_fashion_icon/lilimu/icon_shizhuang_04_taozhuang_canglanhundun_lian.png.gz,4d131349d5713b3a2dd02c145b45e0b0
5E97C011EE1D8EA69F8D40E752885624,9115,res/piece/nfy_fashion_icon/lilimu/icon_shizhuang_04_taozhuang_canglanhundun_maozi.png.gz,2d19992d14d34e42361d8b7e32d12766
948EE46C13FE74BF1E489549A09DE943,15867,res/piece/nfy_fashion_icon/lilimu/icon_shizhuang_04_taozhuang_canglanhundun_tou.png.gz,c48a08e28a1c4b780badd634fbf11aa6
3021C0ECDE9EC5394CAE875519401B92,13533,res/piece/nfy_fashion_icon/lilimu/icon_shizhuang_04_taozhuang_canglanhundun_yifu.png.gz,1e9f248e3229f1b793f53871c1a05ffc
55A62BA54DC78A4B189A96EABDA6F561,9005,res/piece/nfy_fashion_icon/lilimu/icon_shizhuang_04_taozhuang_chaomeng_yifu.png.gz,a042b0e93d9032b94b66369b2ada28ea
6259635FFF8F02D1B08205402F7D0B16,4558,res/piece/nfy_fashion_icon/lilimu/icon_shizhuang_04_taozhuang_chunbaishengqi_lianshi.png.gz,cc98a7821dab825c277e5510f59f0c27
0D476B6FBFE5FF98017021CDB7888A76,7193,res/piece/nfy_fashion_icon/lilimu/icon_shizhuang_04_taozhuang_chunbaishengqi_maozi.png.gz,432bb598debcef1e576aa50c4691c1d1
209B2107F356D47B3ABE38A53F1B0B5F,13527,res/piece/nfy_fashion_icon/lilimu/icon_shizhuang_04_taozhuang_chunbaishengqi_tou.png.gz,d12e17199e7464aaa15df8ea525b6008
5C2549BFE1DA4387BF0960C2E6E08B22,18045,res/piece/nfy_fashion_icon/lilimu/icon_shizhuang_04_taozhuang_chunbaishengqi_yifu.png.gz,8e8802b27a83a4b655bd11845e9339e6
6EE06D505982603AFB0D9C2F5B7B7B1E,9320,res/piece/nfy_fashion_icon/lilimu/icon_shizhuang_04_taozhuang_guizuzhiyi_maozi.png.gz,9efcedf22d99c1079e607425f1c7e4e1
9B4960481784CED4ECFD0499F413C555,16254,res/piece/nfy_fashion_icon/lilimu/icon_shizhuang_04_taozhuang_guizuzhiyi_tou.png.gz,aecedcc799c9d4e22bfc50c62def8ee3
E960CE2665F8A5426A560D835D981164,14486,res/piece/nfy_fashion_icon/lilimu/icon_shizhuang_04_taozhuang_guizuzhiyi_yifu.png.gz,0f2ba317c3b549378b79bfe2613014a7
39EA5DECA58E3E9B9C2DF1E2D1AB867F,12153,res/piece/nfy_fashion_icon/lilimu/icon_shizhuang_04_taozhuang_guofeng_yifu.png.gz,ce3ecbc1386bcdf495d98a12363e2973
BBA02529E69C5768629C3190A26B49BF,4365,res/piece/nfy_fashion_icon/lilimu/icon_shizhuang_04_taozhuang_haiyangpaidui_lianshi.png.gz,03a6f0f816c26614674c209b90a7bfeb
30D0D6746009BD3E38A1C6DA0A74AA14,5739,res/piece/nfy_fashion_icon/lilimu/icon_shizhuang_04_taozhuang_haiyangpaidui_maozi.png.gz,c14d5343e38961594a3b127ea7828cca
F46401591B8B6F72BFF2214AEF928301,12939,res/piece/nfy_fashion_icon/lilimu/icon_shizhuang_04_taozhuang_haiyangpaidui_tou.png.gz,f2b361da94b9e985a44556eef3edd2b9
D7CBC651192F7A532F5649AD0770B12A,11785,res/piece/nfy_fashion_icon/lilimu/icon_shizhuang_04_taozhuang_haiyangpaidui_yifu.png.gz,156228f6348fc6b10550e1600c60cc6d
440A80B80A96882CBF1687DBDB62399C,8830,res/piece/nfy_fashion_icon/lilimu/icon_shizhuang_04_taozhuang_heizhishi_maozi.png.gz,01c9a2afb7bf2f6fa566d162484d8421
0A0A4DC0B870DB595929D05C07104759,15369,res/piece/nfy_fashion_icon/lilimu/icon_shizhuang_04_taozhuang_heizhishi_tou.png.gz,524ea742e4af0b4dc31c6b2fe3c8a41a
EE5FA651D9C1CA14D4691C8041883C1C,13323,res/piece/nfy_fashion_icon/lilimu/icon_shizhuang_04_taozhuang_heizhishi_yifu.png.gz,3e3013b25e681e5e4fd3017f45d57df2
33EABBB6D280BE950346E6A150148841,6269,res/piece/nfy_fashion_icon/lilimu/icon_shizhuang_04_taozhuang_hongyunyishi_maozi.png.gz,16b41bc07b87b2b64c5bfbc94a215fbe
D2738E032399309AC399BF17EF4F28F0,16790,res/piece/nfy_fashion_icon/lilimu/icon_shizhuang_04_taozhuang_hongyunyishi_tou.png.gz,3fc7c044487571dc40b1c7a2ec0f774b
1534B5E47F4ED3DBD26BE5AEC78D17C6,21535,res/piece/nfy_fashion_icon/lilimu/icon_shizhuang_04_taozhuang_hongyunyishi_yifu.png.gz,39fe8ee8da3aa9b9b4fa88efa66e088c
DEABC2154F90881ED026B0C21D0EFABE,7589,res/piece/nfy_fashion_icon/lilimu/icon_shizhuang_04_taozhuang_huangxingzhimo_lianshi.png.gz,a652a748f96262103d60b82725f7b3c6
A0A48C7D54D323AC9D57E52E491DBB6C,7927,res/piece/nfy_fashion_icon/lilimu/icon_shizhuang_04_taozhuang_huangxingzhimo_maozi.png.gz,6ae0cbd2d25f7b1159803008a5d0e9e6
E7EBE69F13E72CA0E1E1C0A0055BAD17,11515,res/piece/nfy_fashion_icon/lilimu/icon_shizhuang_04_taozhuang_huangxingzhimo_tou.png.gz,49af83d14f3d86cd096b2bc09399e30e
6672ABE832B577E2C75B486BE6B21305,16417,res/piece/nfy_fashion_icon/lilimu/icon_shizhuang_04_taozhuang_huangxingzhimo_yifu.png.gz,7f5970c26d38887e726832cf4a04f68b
CACC88E5A68B20DC0FAF9E99EB3C5F79,6385,res/piece/nfy_fashion_icon/lilimu/icon_shizhuang_04_taozhuang_huanmulveying_lianshi.png.gz,6130b70a706ea8706c7ce80f342b57d3
6B27C979E4DDAAF9305114F8856B22D9,5821,res/piece/nfy_fashion_icon/lilimu/icon_shizhuang_04_taozhuang_huanmulveying_maozi.png.gz,e8e83200e1380c03aaf52d2dc692474b
F85B8EC8DE9C1C4EF6BB6BDEE2B6F073,19236,res/piece/nfy_fashion_icon/lilimu/icon_shizhuang_04_taozhuang_huanmulveying_tou.png.gz,e7ae3ba7a1c57ac23fbdf2864f91df65
D305E5056F99FB6FEADFE91DDA3D6DDF,18613,res/piece/nfy_fashion_icon/lilimu/icon_shizhuang_04_taozhuang_huanmulveying_yifu.png.gz,f4f11e4f584ab26cded5c41a433a3ce7
7DB19A54F1456F72299CC0E5481A46AA,16667,res/piece/nfy_fashion_icon/lilimu/icon_shizhuang_04_taozhuang_huanshenqiangui_chibang.png.gz,207ebf75aadbdf297dd3b40842193940
85C027F3E0CBA00A6C965D2F77EE4914,8501,res/piece/nfy_fashion_icon/lilimu/icon_shizhuang_04_taozhuang_huanshenqiangui_lian.png.gz,3ad5c7aa3657e51d5fe5b84191dd3cd6
482BDA473F57C635596C57509B01EC48,9237,res/piece/nfy_fashion_icon/lilimu/icon_shizhuang_04_taozhuang_huanshenqiangui_maozi.png.gz,11b654225bfdbc12a84ddf60e3fa236f
853B619CF0D8A2A6CE8FA52BE59B516E,13952,res/piece/nfy_fashion_icon/lilimu/icon_shizhuang_04_taozhuang_huanshenqiangui_tou.png.gz,41fdf4314b68362467d37aaf3ade42ac
61AC957CCCCDE4B826D85403462E5585,16078,res/piece/nfy_fashion_icon/lilimu/icon_shizhuang_04_taozhuang_huanshenqiangui_yifu.png.gz,923c2564619d91228023bb43d23f2ee5
9A8909292A9D5AEB19E2DB16F2296E3F,3906,res/piece/nfy_fashion_icon/lilimu/icon_shizhuang_04_taozhuang_huanyansuixiang_lianshi.png.gz,0bf6980dc505df1009c71f41f8cd1b32
AC733D50E5FCE31BE89E1490F6C7D6F0,8471,res/piece/nfy_fashion_icon/lilimu/icon_shizhuang_04_taozhuang_huanyansuixiang_maozi.png.gz,0490c518a99b76824bc85134dc9233b9
35321BC8A6D367F7FB72224ADFFB0BA1,10231,res/piece/nfy_fashion_icon/lilimu/icon_shizhuang_04_taozhuang_huanyansuixiang_tou.png.gz,e4066847886bf03c8635cdb34fcf0af3
46298A5C7EBA8E197367D66058276742,18212,res/piece/nfy_fashion_icon/lilimu/icon_shizhuang_04_taozhuang_huanyansuixiang_yifu.png.gz,ba9b2b09da3eb8c9f155d9854c40f151
1E90FED8765C14FF1AC8FCE31D13FFCA,5928,res/piece/nfy_fashion_icon/lilimu/icon_shizhuang_04_taozhuang_jiamianwuhui_lianshi.png.gz,6dc246884b9beeb445ed13ba3aecfc26
63D0EBE0108BAB2CFA3B26C7FC259895,11216,res/piece/nfy_fashion_icon/lilimu/icon_shizhuang_04_taozhuang_jiamianwuhui_maozi.png.gz,9d3ca939d257f1fa80225974bf08b48b
01B488BCBD3B4F9E2DF83D99523F9CE2,14497,res/piece/nfy_fashion_icon/lilimu/icon_shizhuang_04_taozhuang_jiamianwuhui_tou.png.gz,5c5a82c00d1e384a9186c3b822de6e52
2C7316294E22E66BE3623A46778A384C,14248,res/piece/nfy_fashion_icon/lilimu/icon_shizhuang_04_taozhuang_jiamianwuhui_yifu.png.gz,7153593996130d8062be3ce2a5a9e5dc
95BC24731E87A3E84160DA52D67A7385,4696,res/piece/nfy_fashion_icon/lilimu/icon_shizhuang_04_taozhuang_jiarishizhuang_lianshi.png.gz,4101858f6c2bdd4b2dea6cc7c20ba199
FE659C11D91BDDE2466A9A66831BEBA6,6254,res/piece/nfy_fashion_icon/lilimu/icon_shizhuang_04_taozhuang_jiarishizhuang_maozi.png.gz,ae052ff3f4d1efe662e4aaf7796e0e9a
97B7C00917FE01A8479347C3741EDCCE,10546,res/piece/nfy_fashion_icon/lilimu/icon_shizhuang_04_taozhuang_jiarishizhuang_tou.png.gz,ba3049cfa6579f3d88b660e55ee557fa
063154525A3D05DA9F0ED3499AEA221B,22432,res/piece/nfy_fashion_icon/lilimu/icon_shizhuang_04_taozhuang_jiarishizhuang_yifu.png.gz,3399a14aca05a3cf89b1c2572a60b0d3
5BBE0C4EFEC939F0BE21FB52425E1D52,8317,res/piece/nfy_fashion_icon/lilimu/icon_shizhuang_04_taozhuang_konglongshizhuang_maozi.png.gz,faa1a1413da23c684223c596eec7ddc6
4A67BB18DAE8F59189087638C28DFF05,8434,res/piece/nfy_fashion_icon/lilimu/icon_shizhuang_04_taozhuang_konglongshizhuang_tou.png.gz,70165faa96d1d0217960e4b4e86aab8e
AD0746CF0CBB5B397C291E56505B6DCA,12622,res/piece/nfy_fashion_icon/lilimu/icon_shizhuang_04_taozhuang_konglongshizhuang_yifu.png.gz,27da957ce8e3e391ac0631203a2bca6f
B96582F93C12991FB9A072D2E12BBC58,14292,res/piece/nfy_fashion_icon/lilimu/icon_shizhuang_04_taozhuang_leiguang_tou.png.gz,a3446af1480f7947bab8b5ededc11621
AA1565DE5D0F69279A0C122E04870743,15493,res/piece/nfy_fashion_icon/lilimu/icon_shizhuang_04_taozhuang_leiguang_yifu.png.gz,98cb8df7eb28b8b23bab7afc901a2a0c
675164C68C518B76B4111F070E7CC68A,7677,res/piece/nfy_fashion_icon/lilimu/icon_shizhuang_04_taozhuang_liehuxingdong_maozi.png.gz,1428345855b17ed5484db6c28fdc45d1
F621C2A0AB28DDD309B2E7943BD9F5C7,17206,res/piece/nfy_fashion_icon/lilimu/icon_shizhuang_04_taozhuang_liehuxingdong_tou.png.gz,e061279aa81c68482aae918a494332e0
55510CABA92782DDCF1A02135944FEFA,13868,res/piece/nfy_fashion_icon/lilimu/icon_shizhuang_04_taozhuang_liehuxingdong_yifu.png.gz,b4bcf87abf4af65b3d52a10d8e7881be
34D30A328DAA097C680ABB21DBA4110B,4726,res/piece/nfy_fashion_icon/lilimu/icon_shizhuang_04_taozhuang_linyuanshouwei_lianshi.png.gz,bf22833074ab66fe93f1b1c66af93d60
435F90054C5EC544668804502ABD8599,7802,res/piece/nfy_fashion_icon/lilimu/icon_shizhuang_04_taozhuang_linyuanshouwei_maozi.png.gz,68218d530f1869afc9dab10d5c814e00
12B592AF345C7472F91BE7FD1B141CFF,13790,res/piece/nfy_fashion_icon/lilimu/icon_shizhuang_04_taozhuang_linyuanshouwei_tou.png.gz,21a676ee871f496f85eee51110e867b5
1C7827DE564F1991C300CB69D0DB2688,16679,res/piece/nfy_fashion_icon/lilimu/icon_shizhuang_04_taozhuang_linyuanshouwei_yifu.png.gz,994dec52d7226853cc12690f5c065c5b
759A35A1F23FFD38A88B8A5F8C90D05E,7384,res/piece/nfy_fashion_icon/lilimu/icon_shizhuang_04_taozhuang_mijingjingling_lianshi.png.gz,093a76274739ab91f98f929a02efd1ec
3DD02C1FA289A03E8349EDA5902C630B,6408,res/piece/nfy_fashion_icon/lilimu/icon_shizhuang_04_taozhuang_mijingjingling_maozi.png.gz,64dac1142161eeb3de8c802e5c59cd00
0814A1D357D41ACD70E15620A81B4A3E,13395,res/piece/nfy_fashion_icon/lilimu/icon_shizhuang_04_taozhuang_mijingjingling_tou.png.gz,d9dad7dd82170e9c05383aeb6d03b5d5
14A73A3020C10306E9D1FB25125B7E5D,17526,res/piece/nfy_fashion_icon/lilimu/icon_shizhuang_04_taozhuang_mijingjingling_yifu.png.gz,ac2c57980eecc4f11d5840fc4e29eef5
5E2FFEDB111677F7CBBEC49E120693E1,10458,res/piece/nfy_fashion_icon/lilimu/icon_shizhuang_04_taozhuang_mingxing_maozi.png.gz,8d4f4ff8ff9e6c43a66a5947be37ed08
28C84638EC694A606177D9B91858F3F2,16550,res/piece/nfy_fashion_icon/lilimu/icon_shizhuang_04_taozhuang_mingxing_tou.png.gz,6a5279c563407f4dd09dc262fe554a7a
7642F9C2EEB9C137899875D00A750814,11568,res/piece/nfy_fashion_icon/lilimu/icon_shizhuang_04_taozhuang_mingxing_yifu.png.gz,88943868b9ff3cef54cd06016ca6c21d
1D383B4AB8122CE0E9958B4F50041591,5642,res/piece/nfy_fashion_icon/lilimu/icon_shizhuang_04_taozhuang_posuoyehuo_lianshi.png.gz,7f47bb654c050110107ff1b2ae10c82a
ED53CAC9B9D13ECF91BDBA49BEACB093,8253,res/piece/nfy_fashion_icon/lilimu/icon_shizhuang_04_taozhuang_posuoyehuo_maozi.png.gz,3a5f33f353ae8ddfbd2dfea330108c01
06A4FD5AC527F9DA36D3BB4F8535453B,14409,res/piece/nfy_fashion_icon/lilimu/icon_shizhuang_04_taozhuang_posuoyehuo_tou.png.gz,4d7d86d5b051d335d1ae0121b432199e
827AD928387C977C8E70B5449E876216,13605,res/piece/nfy_fashion_icon/lilimu/icon_shizhuang_04_taozhuang_posuoyehuo_yifu.png.gz,b8152e274b73c083bb69fdde0447ef07
F16C7D20DA69BBA4BA2D12E835CFDF19,15792,res/piece/nfy_fashion_icon/lilimu/icon_shizhuang_04_taozhuang_qingchengguangyao_chibang.png.gz,c9f516ac2cd532fca6fce15086513e52
EC759B32AAA4A10DFA56987DEBE47A41,5909,res/piece/nfy_fashion_icon/lilimu/icon_shizhuang_04_taozhuang_qingchengguangyao_lian.png.gz,45cf0c02c5c5ba41c00f78fb943b1e42
4FA4D8D1FE04A6510277C7C7156181F6,9871,res/piece/nfy_fashion_icon/lilimu/icon_shizhuang_04_taozhuang_qingchengguangyao_maozi.png.gz,b264a628550aa5ff1c9cb569a8b4629c
B4043233F93C1BC32598976485D14BB4,16500,res/piece/nfy_fashion_icon/lilimu/icon_shizhuang_04_taozhuang_qingchengguangyao_toufa.png.gz,f4161b3040d7a6beefcbf327fd75f6a7
C2EF72A8D65A5424ABCF9DFCE958C858,12861,res/piece/nfy_fashion_icon/lilimu/icon_shizhuang_04_taozhuang_qingchengguangyao_yifu.png.png.gz,85e3ed1355280e5edf72a4d03cd6ab63
2B20458ABEBB4D31AB0C7E865D994203,7067,res/piece/nfy_fashion_icon/lilimu/icon_shizhuang_04_taozhuang_shanyaozhixing_maozi.png.gz,da38f7533ad4936d97350adf1f3b029b
F0148CF4171638310675DF022C962A73,18154,res/piece/nfy_fashion_icon/lilimu/icon_shizhuang_04_taozhuang_shanyaozhixing_tou.png.gz,eff8f0c61fb301978eea8c5f4279ef0a
D0D5E541069335F21679B39B0330FA2F,18944,res/piece/nfy_fashion_icon/lilimu/icon_shizhuang_04_taozhuang_shanyaozhixing_yifu.png.gz,85a7c633f2b5bf50e87b1788e406c6b2
74435BFDD8474FF2BF3727DDD5917493,3879,res/piece/nfy_fashion_icon/lilimu/icon_shizhuang_04_taozhuang_shianaiqi_lianshi.png.gz,812e3961c3fb935962fa3de30d6a86c3
50430EC9125EC06CA297328CF2F92CDF,6558,res/piece/nfy_fashion_icon/lilimu/icon_shizhuang_04_taozhuang_shianaiqi_maozi.png.gz,9a4068da56509d56b6ccfd911f874b21
1C55D020FF82798D4E8E15A56AFAC4E0,20061,res/piece/nfy_fashion_icon/lilimu/icon_shizhuang_04_taozhuang_shianaiqi_tou.png.gz,dac84a5e6deeca664d4210b7a436fcaf
28EF99159EB6F44FE668AFD9B49D3B38,24944,res/piece/nfy_fashion_icon/lilimu/icon_shizhuang_04_taozhuang_shianaiqi_yifu.png.gz,917c14e270cdddd250ddfcb598934ed0
BA823D8977835B01F3C483C49D1B990F,3761,res/piece/nfy_fashion_icon/lilimu/icon_shizhuang_04_taozhuang_shuoranyanxiao_lianshi.png.gz,4f10782a3874ceca1c127d43a9206764
C6AA88BF417EE25138594A8D12A266C1,2565,res/piece/nfy_fashion_icon/lilimu/icon_shizhuang_04_taozhuang_shuoranyanxiao_maozi.png.gz,b6e68bea31525f33fa89d94d75a60dc0
B58F43E0C457CF0A68D0602128C93DAF,15511,res/piece/nfy_fashion_icon/lilimu/icon_shizhuang_04_taozhuang_shuoranyanxiao_tou.png.gz,e90e528805b090ba6cc32ddec87c04b6
03E98F502B65CE40DE8C7FA93065F40C,19525,res/piece/nfy_fashion_icon/lilimu/icon_shizhuang_04_taozhuang_shuoranyanxiao_yifu.png.gz,ae5533313b707815e16b46f483f8ebc1
7EF0E4A41574D8CC5A4DB32F2954EAAD,6290,res/piece/nfy_fashion_icon/lilimu/icon_shizhuang_04_taozhuang_wanxianggengxin_lianshi.png.gz,9c78fb17462bb1463becd02cf6959f07
06717E78DE8E50E9470D65DAD0CD2B31,8661,res/piece/nfy_fashion_icon/lilimu/icon_shizhuang_04_taozhuang_wanxianggengxin_maozi.png.gz,e8a3ef7f1fb98aed2340dce2677bc41b
47BCA3229BFB1D08FA421483B592F4C0,19419,res/piece/nfy_fashion_icon/lilimu/icon_shizhuang_04_taozhuang_wanxianggengxin_tou.png.gz,5c329e95008e9c267efe838e1eb1a5e2
D4C5CB031546FE64FF332606A3947193,16036,res/piece/nfy_fashion_icon/lilimu/icon_shizhuang_04_taozhuang_wanxianggengxin_yifu.png.gz,7b98bc4bd1e651af1b10db540faf45fa
742067F2E96FF9963779AAB2518783A0,15109,res/piece/nfy_fashion_icon/lilimu/icon_shizhuang_04_taozhuang_xiaoyuan_yifu.png.gz,c30785d8f2447482b9670c261d0d8ec2
0AECF3B64D7C8AF639F9BD795503C9BC,16361,res/piece/nfy_fashion_icon/lilimu/icon_shizhuang_04_taozhuang_xukong_tou.png.gz,96de172713012aebef9417d07f121ac8
9D461F58FD56CB1BFD8631CBFE4E8D6D,14747,res/piece/nfy_fashion_icon/lilimu/icon_shizhuang_04_taozhuang_xukong_yifu.png.gz,fc438581a92249ab90a2fbfbd6ffa2ac
722203D02BE7E1557C9C047B74738D70,6297,res/piece/nfy_fashion_icon/lilimu/icon_shizhuang_04_taozhuang_yehuanlanshan_lianshi.png.gz,120d07aaaa158d65041caedf21d35628
78E0FBAF89EBC0D764E7F08DDDF99F48,4319,res/piece/nfy_fashion_icon/lilimu/icon_shizhuang_04_taozhuang_yehuanlanshan_maozi.png.gz,18835e8e42cf2d1eb9f35335e415bec7
7587CCB139B9D58BCEFCB6C1A04AE95D,17223,res/piece/nfy_fashion_icon/lilimu/icon_shizhuang_04_taozhuang_yehuanlanshan_tou.png.gz,861b0fac37192ee3be114bf1a7baf097
4D91872D96B5E988625035F8BC7C1A36,23189,res/piece/nfy_fashion_icon/lilimu/icon_shizhuang_04_taozhuang_yehuanlanshan_yifu.png.gz,5084b2b511d095b1265ae052f5ee891f
63274E4DDCF91B28948ADBBDB748C5E6,6299,res/piece/nfy_fashion_icon/lilimu/icon_shizhuang_04_taozhuang_yetingwanzui_lianshi.png.gz,a960e7abfad85cc9e8f6b97fbb6757b3
18C07DFC7568D7EC99822772C58D1DCB,4841,res/piece/nfy_fashion_icon/lilimu/icon_shizhuang_04_taozhuang_yetingwanzui_maozi.png.gz,518aef4ee35e16958922c23c36df14a9
598F753CE8ABBEEE2975D542BC15F884,9744,res/piece/nfy_fashion_icon/lilimu/icon_shizhuang_04_taozhuang_yetingwanzui_tou.png.gz,ff45b55ff5f9d960170dbdd23c2dddb5
9376963F66FD657EF90EAD33463B0D6F,18380,res/piece/nfy_fashion_icon/lilimu/icon_shizhuang_04_taozhuang_yetingwanzui_yifu.png.gz,bca0aa2a6f211b0b73e14e6f53c9d3b7
22ED453AE36DA9EA7C62515C37D0E9CD,7438,res/piece/nfy_fashion_icon/lilimu/icon_shizhuang_04_taozhuang_yongzhuang_maozi.png.gz,c2135ca9725733e018f7ac58afd3c90c
70A8DCB96650A917B6EDEF6EC1D82CB3,11053,res/piece/nfy_fashion_icon/lilimu/icon_shizhuang_04_taozhuang_yongzhuang_tou.png.gz,d67129aa5b4a196dfcd9d65ad9057bf7
D19555C409D0ED63E6CD53BCA88B1F02,13039,res/piece/nfy_fashion_icon/lilimu/icon_shizhuang_04_taozhuang_yongzhuang_yifu.png.gz,11c8c48987a12fd03ea344101de0137c
887659DE8A0A11AEC6E87D6A1234DA35,6757,res/piece/nfy_fashion_icon/lilimu/icon_shizhuang_04_taozhuang_zhongyanyuhui_lianshi.png.gz,b638405197cbc84ef5e3e1db44e6ccad
16FD3DF472C28910068055258DFE1E42,9434,res/piece/nfy_fashion_icon/lilimu/icon_shizhuang_04_taozhuang_zhongyanyuhui_maozi.png.gz,b6f8442aa2f48c0fe95de5c69df79cdb
B7DB30C2FCA52D1DFD2038453448693C,7705,res/piece/nfy_fashion_icon/lilimu/icon_shizhuang_04_taozhuang_zhongyanyuhui_tou.png.gz,b375bec0ca67923d4012e9be34a0601c
9572C9B573CF698A724744E522A3F6FF,17466,res/piece/nfy_fashion_icon/lilimu/icon_shizhuang_04_taozhuang_zhongyanyuhui_yifu.png.gz,8f7062f1899d806c8a68e584e9c4d602
F04FF1FA577DAC12C3412F68940C7549,6713,res/piece/nfy_fashion_icon/ling/icon_shizhuang_02_taozhuang_anmiemoyi_lianshi.png.gz,6b6f24012d173fce6787ff520d5fe371
2C30B21C80FC79D7489455657407087E,4520,res/piece/nfy_fashion_icon/ling/icon_shizhuang_02_taozhuang_anmiemoyi_maozi.png.gz,7fc72a5787ca8cd9df42ca383010a7b6
AA6633D05587D5B55B803CEB3E50D3B9,16415,res/piece/nfy_fashion_icon/ling/icon_shizhuang_02_taozhuang_anmiemoyi_tou.png.gz,a52035b3d7df68d4f1d014abfe6ae364
954422F3AD66C8C3495280A42C02DFC5,15833,res/piece/nfy_fashion_icon/ling/icon_shizhuang_02_taozhuang_anmiemoyi_yifu.png.gz,e3d52e485c9ce72f4d2f42bab35e5159
D5EE1F813B250A8D98731419022652C1,4774,res/piece/nfy_fashion_icon/ling/icon_shizhuang_02_taozhuang_bianyuhaike_lianshi.png.gz,fd666c7e4c820794a2d27340ce4645c1
1D730A6577AA88600242585796EF218C,8744,res/piece/nfy_fashion_icon/ling/icon_shizhuang_02_taozhuang_bianyuhaike_maozi.png.gz,f1427b0c4433170ce8e79dec25c69ad4
FED180BB292BFDB4AAD8FBF6FEB6C2EA,13942,res/piece/nfy_fashion_icon/ling/icon_shizhuang_02_taozhuang_bianyuhaike_tou.png.gz,7107e2854e3ca72f74549aa11e53e35f
C03FEF7ECE22F3B91930349D1DF59253,18076,res/piece/nfy_fashion_icon/ling/icon_shizhuang_02_taozhuang_bianyuhaike_yifu.png.gz,7bfdacb1c40244f0c1f6680985b418e6
B7EB1DF805841B165C22838C05226B4F,6347,res/piece/nfy_fashion_icon/ling/icon_shizhuang_02_taozhuang_canglangdichen_lianshi.png.gz,bfecdece83017ca92aa607c3a911f048
4E312ABB689231A74AF7A0CFE4295AFA,4574,res/piece/nfy_fashion_icon/ling/icon_shizhuang_02_taozhuang_canglangdichen_maozi.png.gz,b3e338a57c548dc81c5e6b43863bf079
04271C4FFABEF83F6AE77BF0C1F2EFE0,16012,res/piece/nfy_fashion_icon/ling/icon_shizhuang_02_taozhuang_canglangdichen_tou.png.gz,b93fa7c065351b08356f93dbb03aa9ca
2FFD9CAA41D0778DBDE5CE55EF87A625,18316,res/piece/nfy_fashion_icon/ling/icon_shizhuang_02_taozhuang_canglangdichen_yifu.png.gz,e874c01dcfe392d86ebde5f88afe30fa
A4E71CDE81CB05A8055AB9A2054E7BC5,14004,res/piece/nfy_fashion_icon/ling/icon_shizhuang_02_taozhuang_canglanhundun_chibang.png.gz,01b20f4c2c23e6875e5468274183d2aa
D4EACD743031E3293081EB3D1ABC422C,8695,res/piece/nfy_fashion_icon/ling/icon_shizhuang_02_taozhuang_canglanhundun_lian.png.gz,d30545314e0ac1bc5b4ee35ee1530c9e
31541D99D8CB5FC21E307FEBCC34576B,15940,res/piece/nfy_fashion_icon/ling/icon_shizhuang_02_taozhuang_canglanhundun_maozi.png.gz,cbe2ae47ca7b61590254cbea66f11649
E946EACD54530AF72DDC46AE1CB929B5,16420,res/piece/nfy_fashion_icon/ling/icon_shizhuang_02_taozhuang_canglanhundun_tou.png.gz,349d41f601f16d4fd3d23da4ae248c7a
805DF4A2CAB807D3043DC62F70296E97,12412,res/piece/nfy_fashion_icon/ling/icon_shizhuang_02_taozhuang_canglanhundun_yifu.png.gz,615dfd89ac418f9ee3d5519f7cc1980c
3D4AB2A1022AF895CA2D2A3F358FF1C0,11888,res/piece/nfy_fashion_icon/ling/icon_shizhuang_02_taozhuang_chaomeng_yifu.png.gz,fe83c57af29b8a631c1a4b4783d185bd
4BEAECE0EB582116C78F47363CCD0EC0,4775,res/piece/nfy_fashion_icon/ling/icon_shizhuang_02_taozhuang_chunbaishengqi_lianshi.png.gz,f901ec1189e6b4f82b5322ad2445cb56
D7AA3321733343BC08E3B04C04E8754F,8610,res/piece/nfy_fashion_icon/ling/icon_shizhuang_02_taozhuang_chunbaishengqi_maozi.png.gz,7bdd0eedc0c12f882d73c142b7dfb31c
7FCB8CC0586B95506BA3057EF091BF75,17494,res/piece/nfy_fashion_icon/ling/icon_shizhuang_02_taozhuang_chunbaishengqi_tou.png.gz,7c1314436fe43f81f6f13f3180015f99
34899D3E3C1796742103D4376811B11E,14316,res/piece/nfy_fashion_icon/ling/icon_shizhuang_02_taozhuang_chunbaishengqi_yifu.png.gz,52791d53864047c329d4b716ce60ca08
FD6BE09254620C5A07D53441EE653E5C,9001,res/piece/nfy_fashion_icon/ling/icon_shizhuang_02_taozhuang_dajiang_lianshi.png.gz,e185c2531ae915645ae58ec420a92aa7
79E9105629CED2B8FB76244503EADEFB,11521,res/piece/nfy_fashion_icon/ling/icon_shizhuang_02_taozhuang_dajiang_maozi.png.gz,777f70f448a118aea3f90054c677d549
AB346EB11023AF79BBDABC4738762995,19142,res/piece/nfy_fashion_icon/ling/icon_shizhuang_02_taozhuang_dajiang_tou.png.gz,595580315a25e86ceb5cda66bc9ce36c
D010EC8B239A71765A91B748EB5FF9D0,16191,res/piece/nfy_fashion_icon/ling/icon_shizhuang_02_taozhuang_dajiang_yifu.png.gz,2d987141f68691e4ec1b3705c92af72f
30D77106214C3D556D285AE3E936F56D,9683,res/piece/nfy_fashion_icon/ling/icon_shizhuang_02_taozhuang_guizuzhiyi_maozi.png.gz,4a295f4a23fc8bda253c77dfe9b88a82
61B2640BE909355B4A26F42829E15990,16889,res/piece/nfy_fashion_icon/ling/icon_shizhuang_02_taozhuang_guizuzhiyi_tou.png.gz,395a9a4b4868f27ca5ef3a7c3170158e
DFBFFE747B2A55E315EA6F3A3480F15F,17693,res/piece/nfy_fashion_icon/ling/icon_shizhuang_02_taozhuang_guizuzhiyi_yifu.png.gz,d37a54f169255d6305d450a197f49a92
424FB128F0D175884DCDD4878B8FA1A2,10138,res/piece/nfy_fashion_icon/ling/icon_shizhuang_02_taozhuang_guofeng_yifu.png.gz,30cc3fccbcc7744ff6e6f89ac75c8cd6
72AB36E193745C03E4B289717423A360,4365,res/piece/nfy_fashion_icon/ling/icon_shizhuang_02_taozhuang_haiyangpaidui_lianshi.png.gz,03a6f0f816c26614674c209b90a7bfeb
4D9F4DB6CDF047A66EDDE3EE732A8D29,4462,res/piece/nfy_fashion_icon/ling/icon_shizhuang_02_taozhuang_haiyangpaidui_maozi.png.gz,d735fab5ba8b6a9232fdfad4a8a8d64c
BF31409E6F570A40198C425B434D6F7C,17237,res/piece/nfy_fashion_icon/ling/icon_shizhuang_02_taozhuang_haiyangpaidui_tou.png.gz,07de56f311e3dc1ce19ea5540db6185f
A078DE7C776E29ACBDD268E1454D4C6C,11822,res/piece/nfy_fashion_icon/ling/icon_shizhuang_02_taozhuang_haiyangpaidui_yifu.png.gz,108860783ec3636ebb8913bfe4deeb5e
39A12FA09A89B810C976C6D8327F69A6,6820,res/piece/nfy_fashion_icon/ling/icon_shizhuang_02_taozhuang_heizhishi_lian.png.gz,347ad8f4d06caeab46eaed84c6aa912c
5D8D7870130F906F66D1621121DC0503,13898,res/piece/nfy_fashion_icon/ling/icon_shizhuang_02_taozhuang_heizhishi_maozi.png.gz,7a5e2709c51f289fb07206fae8c9f5a3
4A186058521393A72FC3D54096BCB318,12930,res/piece/nfy_fashion_icon/ling/icon_shizhuang_02_taozhuang_heizhishi_tou.png.gz,d59bce8ed88b873a411bc4c9e2b3cdb8
8A4C096CD0E483814C02B2D5D09947A5,13188,res/piece/nfy_fashion_icon/ling/icon_shizhuang_02_taozhuang_heizhishi_yifu.png.gz,9e155e6614ed88615c594df8ed63824d
ADF2831C09535419D143C10F7202EA2D,4061,res/piece/nfy_fashion_icon/ling/icon_shizhuang_02_taozhuang_hongyunyishi_maozi.png.gz,9e22fcf940d66ecd6ca15775e814d013
B50F4B383026D22F383D9DF74DB3C839,16540,res/piece/nfy_fashion_icon/ling/icon_shizhuang_02_taozhuang_hongyunyishi_tou.png.gz,0b3f4e32084207289af2302282851634
E879D3295762293CA24EBA7E106AE675,19249,res/piece/nfy_fashion_icon/ling/icon_shizhuang_02_taozhuang_hongyunyishi_yifu.png.gz,7d5645ab1650b64a3095c88652edeba3
07FF75BD3EE268149060D25B59DD684E,7123,res/piece/nfy_fashion_icon/ling/icon_shizhuang_02_taozhuang_huangxingzhimo_lianshi.png.gz,813e432e0c82d691e0db04322bf9a9a9
B9914D73485C6E439046015CF7AED3E2,7895,res/piece/nfy_fashion_icon/ling/icon_shizhuang_02_taozhuang_huangxingzhimo_maozi.png.gz,a6c0a85dbbc9079fd8dbfd4f2f320bf7
9FFBD07D9665C8A8B49901031A8ACAC2,19279,res/piece/nfy_fashion_icon/ling/icon_shizhuang_02_taozhuang_huangxingzhimo_tou.png.gz,41d0523f7329dcbbe8477d70291b2011
896A0A12C6A4667A4FFCC828129B5E12,13760,res/piece/nfy_fashion_icon/ling/icon_shizhuang_02_taozhuang_huangxingzhimo_yifu.png.gz,6ea14fc987cb3edbcdcf9e5c09a15f8f
31F8D9BC6F80F0136B0DCC2190596DD7,7174,res/piece/nfy_fashion_icon/ling/icon_shizhuang_02_taozhuang_huanmulveying_lianshi.png.gz,b5f33ff036c59b11b11b6acd113761c7
2310D9CF72207F8E724E795EFD965499,3522,res/piece/nfy_fashion_icon/ling/icon_shizhuang_02_taozhuang_huanmulveying_maozi.png.gz,7cef7e2fcbde20db5aa2d8126c26a465
CC8DBD287722F883D202361A43CC851A,18072,res/piece/nfy_fashion_icon/ling/icon_shizhuang_02_taozhuang_huanmulveying_tou.png.gz,0e36bd4a5b7586ed3fdafb01f7fbe3e2
A37648A635E410EC8286A8F60F838808,16372,res/piece/nfy_fashion_icon/ling/icon_shizhuang_02_taozhuang_huanmulveying_yifu.png.gz,609d1d4d769c77578563c0744797b000
4E258A52D6D6E6B295EB2D22B3D48B2E,16667,res/piece/nfy_fashion_icon/ling/icon_shizhuang_02_taozhuang_huanshenqiangui_chibang.png.gz,207ebf75aadbdf297dd3b40842193940
5DB97C55781BD329A2998C51D08C8802,9219,res/piece/nfy_fashion_icon/ling/icon_shizhuang_02_taozhuang_huanshenqiangui_lian.png.gz,2654acb069e97dbb59de4c4c12d8f217
43206E32477D792019D2129FC6E57D68,19877,res/piece/nfy_fashion_icon/ling/icon_shizhuang_02_taozhuang_huanshenqiangui_maozi.png.gz,795d621697a75895acd6739be48c3c8c
AB7FF1173BCCE917D76E97D24FFCA215,15420,res/piece/nfy_fashion_icon/ling/icon_shizhuang_02_taozhuang_huanshenqiangui_tou.png.gz,0e1a623e6b33d13ed6d1d28c0a7f411b
2B6C9D45A50F6A036E5AF7334BB020F8,19261,res/piece/nfy_fashion_icon/ling/icon_shizhuang_02_taozhuang_huanshenqiangui_yifu.png.gz,63733adbd70a74c89bb9bca5735d78a6
0AF6D46652D460849CAB77CE63B5A5B4,3906,res/piece/nfy_fashion_icon/ling/icon_shizhuang_02_taozhuang_huanyansuixiang_lianshi.png.gz,0bf6980dc505df1009c71f41f8cd1b32
B149ABDAC15BF021171C4531504F5A1D,8471,res/piece/nfy_fashion_icon/ling/icon_shizhuang_02_taozhuang_huanyansuixiang_maozi.png.gz,0490c518a99b76824bc85134dc9233b9
CA382067F3B88BADA5F6D0110F67486E,15947,res/piece/nfy_fashion_icon/ling/icon_shizhuang_02_taozhuang_huanyansuixiang_tou.png.gz,31c1dc2aaea1952df1e259cee64c0b24
848A55252C250362E934987540FFF0C8,15476,res/piece/nfy_fashion_icon/ling/icon_shizhuang_02_taozhuang_huanyansuixiang_yifu.png.gz,018bd953f7926ea3e9ddb626fae84c57
76F90E9A74FCDB9AA39B87336723772B,5652,res/piece/nfy_fashion_icon/ling/icon_shizhuang_02_taozhuang_jiamianwuhui_lianshi.png.gz,8019099dfcd7a57d56e3cc0a3b6ea98d
D59B7187F167E370FB6236C0B1AF4EF3,10838,res/piece/nfy_fashion_icon/ling/icon_shizhuang_02_taozhuang_jiamianwuhui_maozi.png.gz,45cd4bf3bb11b1eb7b288f21aac14b2e
29990C401BCFBBCD6E3C69D2223DE483,23673,res/piece/nfy_fashion_icon/ling/icon_shizhuang_02_taozhuang_jiamianwuhui_tou.png.gz,4cca86550b614a4aea59320ae2479371
9D3346B703C4D5382B01F4EE0A8EA6B1,14242,res/piece/nfy_fashion_icon/ling/icon_shizhuang_02_taozhuang_jiamianwuhui_yifu.png.gz,e45fb95fe8d6d8a3f0fee7b90833df92
36AE88BC55B942B7495F49A25AD1096A,3799,res/piece/nfy_fashion_icon/ling/icon_shizhuang_02_taozhuang_jiarishizhuang_lianshi.png.gz,aa8aa2fd699c8145131ce8f122888693
0EDCFF87EE95D76C81F1DACB9B20A02F,6241,res/piece/nfy_fashion_icon/ling/icon_shizhuang_02_taozhuang_jiarishizhuang_maozi.png.gz,354e4f561045fba707084578c4fc452b
5206DF75096ED163BB318FDE01EB38F8,16429,res/piece/nfy_fashion_icon/ling/icon_shizhuang_02_taozhuang_jiarishizhuang_tou.png.gz,d91a3485550c9d0713c390011ca2f909
0B3675014988407EBC356278F6F450E7,16522,res/piece/nfy_fashion_icon/ling/icon_shizhuang_02_taozhuang_jiarishizhuang_yifu.png.gz,de07f724fffe7b45bab0b8408c77cac0
66D2B14682A580762982D23527F0F172,8248,res/piece/nfy_fashion_icon/ling/icon_shizhuang_02_taozhuang_konglongshizhuang_maozi.png.gz,fe16a333f80c5b71e063a42079d39dfe
8E7624626BB320E576201633C06D57ED,9059,res/piece/nfy_fashion_icon/ling/icon_shizhuang_02_taozhuang_konglongshizhuang_tou.png.gz,4a0c655d78bc55ef0d266db32cf363cb
F98ED25712E66F9AB9D5DB69263CFCC9,11651,res/piece/nfy_fashion_icon/ling/icon_shizhuang_02_taozhuang_konglongshizhuang_yifu.png.gz,0a8e17332720877e98a1484f6b690607
DAFF400CF77285BC2DB880B27CD50BE5,8709,res/piece/nfy_fashion_icon/ling/icon_shizhuang_02_taozhuang_liehuxingdong_maozi.png.gz,5fa7c349cc86ee36db98a2edc3501296
E0BC09516205C9A4DA8C9BA0DE8549AB,13740,res/piece/nfy_fashion_icon/ling/icon_shizhuang_02_taozhuang_liehuxingdong_tou.png.gz,e1280e28a5075ebb656fcb3ba92f2cb4
2EB75552AAB3CCF2FEC921272CA80BBA,16805,res/piece/nfy_fashion_icon/ling/icon_shizhuang_02_taozhuang_liehuxingdong_yifu.png.gz,adad1fa609c5addc4cf3de6db82c23bc
6A1088FF3529451FC65B06E97638049D,4726,res/piece/nfy_fashion_icon/ling/icon_shizhuang_02_taozhuang_linyuanshouwei_lianshi.png.gz,bf22833074ab66fe93f1b1c66af93d60
FD7F1E106B657351D30130F0CC7DF7A3,9291,res/piece/nfy_fashion_icon/ling/icon_shizhuang_02_taozhuang_linyuanshouwei_maozi.png.gz,652d259eac17caf3aa9c22ea599e7f33
315E7FB3CE6FFCE7ECCE006BD8B91FD6,22959,res/piece/nfy_fashion_icon/ling/icon_shizhuang_02_taozhuang_linyuanshouwei_tou.png.gz,df71fa9ef9cf3f23f88e5213e195bb6c
3D12F5A906F0F1DB58FB69287AB8F834,14057,res/piece/nfy_fashion_icon/ling/icon_shizhuang_02_taozhuang_linyuanshouwei_yifu.png.gz,7bad216a2f2f58469511e0938e9ab767
AAC0887EA308C6D4D76FB0D18FA4034A,7953,res/piece/nfy_fashion_icon/ling/icon_shizhuang_02_taozhuang_mijingjingling_lianshi.png.gz,9fe6e13c1cc4054e9dca2af9e309ae12
EA2258C574C7775EFECEE86184FA179B,6809,res/piece/nfy_fashion_icon/ling/icon_shizhuang_02_taozhuang_mijingjingling_maozi.png.gz,c6361f39f358106804aad727840fe5d9
A4D8987022B43C0858BC81B4ED93E807,15858,res/piece/nfy_fashion_icon/ling/icon_shizhuang_02_taozhuang_mijingjingling_tou.png.gz,afa56c296ab6dd6437b0a44fab81f96c
80889DE266CCFAE574D762882B7BA8CC,15626,res/piece/nfy_fashion_icon/ling/icon_shizhuang_02_taozhuang_mijingjingling_yifu.png.gz,3bede870f6019f8edda278c20ae9dece
3BBB402D887FA0D389B7339B323D6FD8,7031,res/piece/nfy_fashion_icon/ling/icon_shizhuang_02_taozhuang_mingxing_lian.png.gz,1044a83a553369d01c9a16a48d8a6c81
EF0E0097255FEFBCB46B6CC4C264E225,11483,res/piece/nfy_fashion_icon/ling/icon_shizhuang_02_taozhuang_mingxing_maozi.png.gz,02be5c0de7c20f938025bd632b49468c
9FE95B10944B99C9594C8839DF073B3F,14116,res/piece/nfy_fashion_icon/ling/icon_shizhuang_02_taozhuang_mingxing_tou.png.gz,88e925f9337d7cdcbbd26bca2b3d7409
5D9F8A07BDA9C769C94D2ED0F589ECD0,11383,res/piece/nfy_fashion_icon/ling/icon_shizhuang_02_taozhuang_mingxing_yifu.png.gz,798410beb89b829164ebc08d4595a267
DE5F73F712D000D79F1CC1182C345F47,5642,res/piece/nfy_fashion_icon/ling/icon_shizhuang_02_taozhuang_posuoyehuo_lianshi.png.gz,7f47bb654c050110107ff1b2ae10c82a
8AE2EB2BA7D593F163BF100126D50FDB,6386,res/piece/nfy_fashion_icon/ling/icon_shizhuang_02_taozhuang_posuoyehuo_maozi.png.gz,de8cec63d4fed1f94f2f05defa2f5f97
2B704DE9FC186819C1D52EA93A4B7AC5,16677,res/piece/nfy_fashion_icon/ling/icon_shizhuang_02_taozhuang_posuoyehuo_tou.png.gz,0ae0ae8b77096756e4ed14cfd0c2d21d
E28994ED05D24C069EA9BB70C77D6B61,18474,res/piece/nfy_fashion_icon/ling/icon_shizhuang_02_taozhuang_posuoyehuo_yifu.png.gz,b3b00f99b93aed950227d5f769c4060f
C77E99EADA8354CC7FB8309A213C0EDD,15792,res/piece/nfy_fashion_icon/ling/icon_shizhuang_02_taozhuang_qingchengguangyao_chibang.png.gz,c9f516ac2cd532fca6fce15086513e52
431F48C18F1C1827412B64D935369368,6471,res/piece/nfy_fashion_icon/ling/icon_shizhuang_02_taozhuang_qingchengguangyao_lian.png.gz,b698ab9019961cfc3ee4d602c7b29ddf
EFA273DFE39B3BDE9CE48F6035786748,11500,res/piece/nfy_fashion_icon/ling/icon_shizhuang_02_taozhuang_qingchengguangyao_maozi.png.gz,851be32e30164846735013ea358c54e8
9F4CF5D65F7581997D5CF85EA43AAD99,17113,res/piece/nfy_fashion_icon/ling/icon_shizhuang_02_taozhuang_qingchengguangyao_toufa.png.gz,87714381d1dccca0e924637a61e9a8d1
0519CE70D67F398F843F9C6FA85D29E4,15368,res/piece/nfy_fashion_icon/ling/icon_shizhuang_02_taozhuang_qingchengguangyao_yifu.png.png.gz,f3a07b832f2d240dfea689d0fdb05a76
20ACCA63BD67AC870CD627DB1526A3A9,8316,res/piece/nfy_fashion_icon/ling/icon_shizhuang_02_taozhuang_shanyaozhixing_maozi.png.gz,c42d574be2e26bfa0b89812514e9323b
0F0D560FD930896087BC22047AEB9885,12414,res/piece/nfy_fashion_icon/ling/icon_shizhuang_02_taozhuang_shanyaozhixing_tou.png.gz,925134f1c1b2835bba2b8a842fb6afe6
9E90DEF6A644B8F0138B1FA16C517131,19802,res/piece/nfy_fashion_icon/ling/icon_shizhuang_02_taozhuang_shanyaozhixing_yifu.png.gz,890c40cab35d15597de63a5c508fa86b
A7D08BE196C2120EF303D112FE8E209F,14658,res/piece/nfy_fashion_icon/ling/icon_shizhuang_02_taozhuang_shenbing_tou.png.gz,49cff897fd23ab13c60ac87f724c8291
CE5C00B4A831A014E2587AF125B78BCF,11797,res/piece/nfy_fashion_icon/ling/icon_shizhuang_02_taozhuang_shenbing_yifu.png.gz,d3777ba378eaf52742eebb7d9ddfc6e0
9BB1E17D0656A9DFB482502E48A30A92,3879,res/piece/nfy_fashion_icon/ling/icon_shizhuang_02_taozhuang_shianaiqi_lianshi.png.gz,812e3961c3fb935962fa3de30d6a86c3
BF528FBE49E1942139E0D9557B00F7D6,6947,res/piece/nfy_fashion_icon/ling/icon_shizhuang_02_taozhuang_shianaiqi_maozi.png.gz,9de910384f668665bbcec05d0d90f670
AAC89D886B4F003D902705CC4CDD779D,19258,res/piece/nfy_fashion_icon/ling/icon_shizhuang_02_taozhuang_shianaiqi_tou.png.gz,831f9bb41a00376d0b6615724bade591
0E666681B06D58460E670512F99F92CE,15869,res/piece/nfy_fashion_icon/ling/icon_shizhuang_02_taozhuang_shianaiqi_yifu.png.gz,beb5db7536c934695cbeb107e045aef0
D0EBA83AB35D41268B0B791E65301B19,3761,res/piece/nfy_fashion_icon/ling/icon_shizhuang_02_taozhuang_shuoranyanxiao_lianshi.png.gz,4f10782a3874ceca1c127d43a9206764
458AAAA5AA811CD75149B209E972E1E3,2565,res/piece/nfy_fashion_icon/ling/icon_shizhuang_02_taozhuang_shuoranyanxiao_maozi.png.gz,b6e68bea31525f33fa89d94d75a60dc0
93499A42306A5BB5996D4F019E776153,18534,res/piece/nfy_fashion_icon/ling/icon_shizhuang_02_taozhuang_shuoranyanxiao_tou.png.gz,7090dbd0844e1dd7eefceef810eb53d6
D850593A3075CD69341ED8DF814F221E,19156,res/piece/nfy_fashion_icon/ling/icon_shizhuang_02_taozhuang_shuoranyanxiao_yifu.png.gz,1af6f35e82df2e25ba6603860a7b5d5a
F3D0D1EBCC3766BDCAEB88D8398BDFCE,6703,res/piece/nfy_fashion_icon/ling/icon_shizhuang_02_taozhuang_wanxianggengxin_lianshi.png.gz,986fa46c2490aabed235f9fbcf248158
C285F22F3FD83B9BD0974E316711967D,12690,res/piece/nfy_fashion_icon/ling/icon_shizhuang_02_taozhuang_wanxianggengxin_maozi.png.gz,0f5a1eac3c4a6724783e33f057c93890
B6C63AFF49C92555D49F0A0C5313878E,17663,res/piece/nfy_fashion_icon/ling/icon_shizhuang_02_taozhuang_wanxianggengxin_tou.png.gz,34347e02ee1e20bbf9de0e4af0292e06
CFBF5EDB70B13EEF2F2A2C252473F93E,15325,res/piece/nfy_fashion_icon/ling/icon_shizhuang_02_taozhuang_wanxianggengxin_yifu.png.gz,2112ae3e7daf8d7b15a85f034979bf2b
C8CFFD344BA4E7ADEC913E19774FAC2D,14832,res/piece/nfy_fashion_icon/ling/icon_shizhuang_02_taozhuang_xiaofu_tou.png.gz,ba5548119f9811c658604a01f6041b6b
DB4D7A0F4A91563B3653B4769B3A2F17,11726,res/piece/nfy_fashion_icon/ling/icon_shizhuang_02_taozhuang_xiaoyuan_maozi.png.gz,a2e7491be87eaddc8c326557c3199d2e
85F449BBB51958E500E18BA8AFA3B245,9715,res/piece/nfy_fashion_icon/ling/icon_shizhuang_02_taozhuang_xiaoyuan_yifu.png.gz,901161a4b6aa44b8f2b3012c7e153508
ED273288AC6008B3AE3CB66D0D623F2C,6297,res/piece/nfy_fashion_icon/ling/icon_shizhuang_02_taozhuang_yehuanlanshan_lianshi.png.gz,120d07aaaa158d65041caedf21d35628
B2B881F8B68369161F2B44966C8310C0,4143,res/piece/nfy_fashion_icon/ling/icon_shizhuang_02_taozhuang_yehuanlanshan_maozi.png.gz,37c44977924cc185c248cbeabb731f25
912CC6AD979EB8811A8665218E3E1D91,15873,res/piece/nfy_fashion_icon/ling/icon_shizhuang_02_taozhuang_yehuanlanshan_tou.png.gz,52c867f3280d6c5d172eec30bef5b34d
A3AA6C6C08875D19249FA1EFCB99E63A,16853,res/piece/nfy_fashion_icon/ling/icon_shizhuang_02_taozhuang_yehuanlanshan_yifu.png.gz,d6506a1af108dcafc8043349d1e8dcaf
42FDC45BBAEF66A33A653753873C6A24,6299,res/piece/nfy_fashion_icon/ling/icon_shizhuang_02_taozhuang_yetingwanzui_lianshi.png.gz,a960e7abfad85cc9e8f6b97fbb6757b3
616C76A504CB63725239A06F4A3444F8,3827,res/piece/nfy_fashion_icon/ling/icon_shizhuang_02_taozhuang_yetingwanzui_maozi.png.gz,228dc4771e398b92abb9b5653acc4594
D1E768132734DC5858D0017AF491112B,22727,res/piece/nfy_fashion_icon/ling/icon_shizhuang_02_taozhuang_yetingwanzui_tou.png.gz,0d1a96961814180edbe88808b8464fa6
291F691295B03CCFDB8FE302E9A4973B,16910,res/piece/nfy_fashion_icon/ling/icon_shizhuang_02_taozhuang_yetingwanzui_yifu.png.gz,ae20704541c588b2e3fc067d0d2db039
092F34055A42B8377FF162BEF738A065,6969,res/piece/nfy_fashion_icon/ling/icon_shizhuang_02_taozhuang_yongzhuang_lian.png.gz,c3d06ac9b783de6f5efba57cd7404d4e
7E7586AF229DF446E9FF31CBDFF41D2B,10335,res/piece/nfy_fashion_icon/ling/icon_shizhuang_02_taozhuang_yongzhuang_maozi.png.gz,40aff5f6c91d39e2a897a4eb2c634f94
3D36CD77E192D57ECE52027FD701122C,17312,res/piece/nfy_fashion_icon/ling/icon_shizhuang_02_taozhuang_yongzhuang_tou.png.gz,574c09e58274ebd9a1ee0f53a52e047c
E869F71425A903C9D6709C4CF2AB7D70,9678,res/piece/nfy_fashion_icon/ling/icon_shizhuang_02_taozhuang_yongzhuang_yifu.png.gz,b2d16428fb2828af9239093c685aa601
E4A1DBFB6CB0A17F105239E8E792B2DE,6757,res/piece/nfy_fashion_icon/ling/icon_shizhuang_02_taozhuang_zhongyanyuhui_lianshi.png.gz,b638405197cbc84ef5e3e1db44e6ccad
5281F4F26EE811666FE61D1945DD5729,6322,res/piece/nfy_fashion_icon/ling/icon_shizhuang_02_taozhuang_zhongyanyuhui_maozi.png.gz,da41c81879bd5bf4ae8f776dcd5fed6a
A008E97B2DF9D6317CBC53AB97F8C499,16013,res/piece/nfy_fashion_icon/ling/icon_shizhuang_02_taozhuang_zhongyanyuhui_tou.png.gz,82de63e4028940c3fe999196b47cce4b
52C2EAFE16241F89308C5752D8ECA151,19353,res/piece/nfy_fashion_icon/ling/icon_shizhuang_02_taozhuang_zhongyanyuhui_yifu.png.gz,302b8c0cece4324c32b6d816cf4235de
C2085A9B2DB48E3A94D10A313D939109,11587,res/piece/nfy_fashion_icon/ling/icon_shizhuang_02_taozhuang_zhuying_tou.png.gz,0cea8c9fb4a0d8d04b6f7ca23bce5803
44144CF0E92871067274B3E6603B36E4,12027,res/piece/nfy_fashion_icon/ling/icon_shizhuang_02_taozhuang_zhuying_yifu.png.gz,ede49b11ed121dcd50792c49ba224b9c
FC37048E4CE2509CD4149014C03266BF,11027,res/piece/nfy_fashion_icon/sanjian/icon_daoju_guanghuan_liuyingruohua.png.gz,98e9482d79d3f10c7eaf4a4def890505
3167123385CB1D20A6BDC55BF08AF047,18991,res/piece/nfy_fashion_icon/sanjian/icon_daoju_guanghuan_shengyuzhiguang.png.gz,49274725594991827b42231386271a26
A23C2C0E91340B5B48124549C68AAD1B,20034,res/piece/nfy_fashion_icon/sanjian/icon_daoju_guanghuan_shianaiqi.png.gz,a28d1159d1c1aaae60b465066a44f7c9
A452A6EF21646C804A416A66C9CCB8F4,30002,res/piece/nfy_fashion_icon/sanjian/icon_daoju_guanghuan_xinnian.png.gz,9ed7e4963c17f6a1518d19a1a9485f02
C2C2B1DC2A7643B0816A7CB5BEE748F3,3732,res/piece/nfy_fashion_icon/sanjian/icon_daoju_guoqing_gezi.png.gz,0a827c6afe1f2eae5dda6e519309fc1e
187BDFCE3C943E4A30A696E78A5C6CFE,4936,res/piece/nfy_fashion_icon/sanjian/icon_daoju_guoqing_kouzhao.png.gz,e2eaefacc7960f44db5ebba4599b4d2a
6C0749B9D5F4EEFE370AFB3679A7FAFB,10057,res/piece/nfy_fashion_icon/sanjian/icon_shizhuang_01_sanjian_caiseyanjing_lianshi.png.gz,18f965bda43241174380dd292d5a91eb
FC77C123899386D08B9319F870ACAFB6,5724,res/piece/nfy_fashion_icon/sanjian/icon_shizhuang_01_sanjian_cao_maozi.png.gz,50da9f9a6213771c890b07d0d0747918
07257B2521FE375311835E6CF6E90542,5417,res/piece/nfy_fashion_icon/sanjian/icon_shizhuang_01_sanjian_dujiao_maozi.png.gz,7affc20ec7c685d7b473dfc95b209c95
14024D779D783D21E28B9DBA4938C683,7969,res/piece/nfy_fashion_icon/sanjian/icon_shizhuang_01_sanjian_emochibang_maozi.png.gz,3f51eea0e99d7b5c630968b43d74796d
FBFE9E5A0325069DAB829C3F116010AC,6007,res/piece/nfy_fashion_icon/sanjian/icon_shizhuang_01_sanjian_guanghuan_maozi.png.gz,a90478c4a28bcd1ed1d7e39aa009ba98
5A045985404912D71E3F6666D8813EEE,6473,res/piece/nfy_fashion_icon/sanjian/icon_shizhuang_01_sanjian_heikuangyanjing_lianshi.png.gz,99b1eee612545fbd283bb215de13b35e
3106C03CD95A2D642D6D696DAD030DFF,7626,res/piece/nfy_fashion_icon/sanjian/icon_shizhuang_01_sanjian_huawen2_lian.png.gz,ac00382b9dee6e06e6808515a9e6acb2
74FEC3DFB81DD53D3E5B85AAC23E5E88,7440,res/piece/nfy_fashion_icon/sanjian/icon_shizhuang_01_sanjian_huawen_lian.png.gz,92d1fdf2910da32c837ee720d49b4e2c
AD5074789731C8B86580613612930B3B,7600,res/piece/nfy_fashion_icon/sanjian/icon_shizhuang_01_sanjian_humujing_maozi.png.gz,a3ff127cc1bb4747179818b1eac2e842
04B4B62AC064585B14D84BB33B61A0EE,7058,res/piece/nfy_fashion_icon/sanjian/icon_shizhuang_01_sanjian_huzi_lian.png.gz,aab7204100cd2e79384b0f51bc1730a7
119C6CFB57167C4DF920CC2AF8240CFC,8909,res/piece/nfy_fashion_icon/sanjian/icon_shizhuang_01_sanjian_jiao1_maozi.png.gz,90870d510bf2a8c2f8bff57bd4393091
2DFA6F4DC23A7A3F7201AA7514872D96,8368,res/piece/nfy_fashion_icon/sanjian/icon_shizhuang_01_sanjian_jiao2_maozi.png.gz,5f316f1ad85bd55244b73250869b5317
EA3B0FC1D15F51F37E354FAB2F0F7322,8320,res/piece/nfy_fashion_icon/sanjian/icon_shizhuang_01_sanjian_jiguangyanjing2_lian.png.gz,ff8eb90b354680d9fa5818da2a813c1a
59DD2AB1F20442077A2C31255E94ADFA,11165,res/piece/nfy_fashion_icon/sanjian/icon_shizhuang_01_sanjian_jiguangyanjing_lian.png.gz,cb9544f3c6db119499fab2e8e32004a1
000C71EE701B89B2213F21B9D125C6E0,4943,res/piece/nfy_fashion_icon/sanjian/icon_shizhuang_01_sanjian_kouzhao1_lian.png.gz,d03a640101cdb2ce89b30482156e3614
7AB045B3121975A0FC0C8A372CE0354F,6588,res/piece/nfy_fashion_icon/sanjian/icon_shizhuang_01_sanjian_kouzhao2_lian.png.gz,2341f32fb631aac2a4e8db54bbfb040e
DE1129C9B91ADF7F467745BBD62CA8CF,9794,res/piece/nfy_fashion_icon/sanjian/icon_shizhuang_01_sanjian_kouzhao3_lian.png.gz,1adfa67aaa170261cfb7459d746551d4
4362EC9462A58653FE1985B4AAAB554A,9589,res/piece/nfy_fashion_icon/sanjian/icon_shizhuang_01_sanjian_limao2_maozi.png.gz,5644257435b7bf47486e19a5b2faad56
89EB67CD84DB9D853F3B8DB0D5425835,10599,res/piece/nfy_fashion_icon/sanjian/icon_shizhuang_01_sanjian_lujiao_maozi.png.gz,57d2d06db959bbcd616ae67ce08c1533
3495010BD8B6C9558BDC0197FA841888,6835,res/piece/nfy_fashion_icon/sanjian/icon_shizhuang_01_sanjian_maoer_maozi.png.gz,8a64b1bd4132702ed563a55e7ae121bd
3966404BDA70F855DB1F628EBE718E63,6826,res/piece/nfy_fashion_icon/sanjian/icon_shizhuang_01_sanjian_meigui_lian.png.gz,ea6deb2b3eece18a8ba8b6c130f2cac9
158269D43ED7069644EC89121FDB4A17,9426,res/piece/nfy_fashion_icon/sanjian/icon_shizhuang_01_sanjian_mianju_maozi.png.gz,b2dc60109ad1492611cddd0d49030354
CAE81680CB9E178F8767DC0D45A19F09,5080,res/piece/nfy_fashion_icon/sanjian/icon_shizhuang_01_sanjian_mogu_maozi.png.gz,d362b74d9c00222d1e8981b7ff3374fb
15F671278545F242ECC7A9DAE2EA24CC,6487,res/piece/nfy_fashion_icon/sanjian/icon_shizhuang_01_sanjian_mojing1_lian.png.gz,97e8b46c92be5609cf2b03b06f00333b
A7D83D7EE8861E62ECB77DC0600540F8,8228,res/piece/nfy_fashion_icon/sanjian/icon_shizhuang_01_sanjian_mojing2_lian.png.gz,2417161388a9614ee61fd5be38934fcd
58E241D219FB5281D5CD6BC727F65443,7185,res/piece/nfy_fashion_icon/sanjian/icon_shizhuang_01_sanjian_paopaotang_lian.png.gz,e4fa93fab12b27279ddf6e40823aa5a6
1A2E45E53FADCDB80276E3D1DCFC64E2,10435,res/piece/nfy_fashion_icon/sanjian/icon_shizhuang_01_sanjian_qiandao_chibang.png.gz,1938bf75dfeb572f424335df62952286
03F94C513BDD559C3464B782E07F36DA,12385,res/piece/nfy_fashion_icon/sanjian/icon_shizhuang_01_sanjian_shouchong_chibang.png.gz,6bdde2fb1e23f57c55af1bd1768f4464
7C57958ABE38D708F4A72B18ECB8D2B7,18011,res/piece/nfy_fashion_icon/sanjian/icon_shizhuang_01_sanjian_tianshi_chibang.png.gz,c1294b71be22ffa95fd86752b594558c
7EB310EC7AB2971B6CF456360398A4A3,7530,res/piece/nfy_fashion_icon/sanjian/icon_shizhuang_01_sanjian_xiaochibang_maozi.png.gz,c9b2dec7953d7b23032677922d71a667
A9F20ABE2DFF21AEAE7F243B40C8B5BB,6450,res/piece/nfy_fashion_icon/sanjian/icon_shizhuang_01_sanjian_xiaohuangji_maozi.png.gz,7fa8389354a205a547aeee25846fb034
5A86829D37121EAFC3851A57EF4C5C60,7029,res/piece/nfy_fashion_icon/sanjian/icon_shizhuang_01_sanjian_xingxing_maozi.png.gz,aaa755eb14685a4a609b5f16683fc1e5
87ED5B47D9A11CD69D964F5F6BEC68B0,8294,res/piece/nfy_fashion_icon/sanjian/icon_shizhuang_01_sanjian_yanjing2_lian.png.gz,de3cce1415e05f6c34fc8139422cd92c
82228A4EB35B56795AD252934BA94572,6554,res/piece/nfy_fashion_icon/sanjian/icon_shizhuang_01_sanjian_yanjing3_lian.png.gz,13149b532f3cbf2bd3a3f22cae6ff0ea
D18F9EB49BC28AA808AC8F6333544C0F,8557,res/piece/nfy_fashion_icon/sanjian/icon_shizhuang_01_sanjian_yanjing_lian.png.gz,35538e452f113c5050dd7289faffbe73
A3E0D573F5E51F32B048FB4133EE0DEE,9434,res/piece/nfy_fashion_icon/sanjian/icon_shizhuang_01_sanjian_yanzhao_lian.png.gz,bb6f552deec178e31db41ad6576e5aa2
5481601571EFDB5595AF85CAC7BDF5AE,7650,res/piece/nfy_fashion_icon/sanjian/icon_shizhuang_01_sanjian_yanzhao_maozi.png.gz,dbb58c7fd269a373bddcc41a5a480ad6
6896D7B8E175283F3C9D06FC376CA65A,17783,res/piece/nfy_fashion_icon/sanjian/icon_shizhuang_chibang_youmingmoyu.png.gz,805b1085b4ec8b1b8e754c0ac219d17a
8B0DBA98D19097E3BD4A9DAB6BEEE784,6347,res/piece/nfy_fashion_icon/sanjian/icon_shizhuang_sanjian_tuzitoushi.png.gz,59866ece290fa1af3607e1bcbba377cd
93C94C62A57000D4454AD9D3418BF101,5591,res/piece/nfy_fashion_icon/sanjian/icon_shizhuang_sanjian_zhuqingting.png.gz,e2461297cac1c275fbd5ad9d9cd38256
70C9ECD928E9A14E63DF12B0F9CCE707,4727,res/piece/nfy_fashion_icon/sanjian/icon_shizhuang_sanjian_zongzikouzhao.png.gz,0eab0bf07d5ddbdd27ae1053e9c64bab
E6A449D1E36CD51CDA808C189467936E,12286,res/piece/nfy_fashion_icon/sanjian/icon_shizhuang_toukui1.png.gz,77fcfa3d08ad5ed08f7bc8016de36f27
12065FAAA9D1217D06B442B3CC5FB7D5,5407,res/piece/nfy_fashion_icon/sanjian/icon_shizhuang_yanjing1.png.gz,8d0140815f8f4ac5e1332992ad1bb038
CE31B67190B2D1B33ADB5295265797E1,12373,res/piece/nfy_fashion_icon/sanjian/ui_zhuangban_chibang_pomiefuxiao.png.gz,a43d422c964e3a3320e5bd2736f658bb
2925168E1EE7384CCA44691965828B0B,17275,res/piece/nfy_fashion_icon/sanjian/ui_zhuangban_chibang_vip12.png.gz,dfd2f26b933ce657f311d8947ce9c1b9
C27F4EA8CB9AE192D6EA81F0EF11AAD4,16246,res/piece/nfy_fashion_icon/sanjian/ui_zhuangban_chibang_vip8.png.gz,51df5d7872de2760833ae772f092ab92
B98CECBB19021A09FF39E9A29D873F39,6713,res/piece/nfy_fashion_icon/shenyue/icon_shizhuang_01_taozhuang_anmiemoyi_lianshi.png.gz,6b6f24012d173fce6787ff520d5fe371
1EA03D6D830A684B427B6D8A0125F9B0,4307,res/piece/nfy_fashion_icon/shenyue/icon_shizhuang_01_taozhuang_anmiemoyi_maozi.png.gz,03b2c2fb9edc544d7a71303573a3ff23
1F9145971EAC33C4CFE10D52FAE3EDD8,10837,res/piece/nfy_fashion_icon/shenyue/icon_shizhuang_01_taozhuang_anmiemoyi_tou.png.gz,34df5061240f7bddc67dc5c22e3ecd96
65DFB3AA83AD63DB30554431F43E077F,19468,res/piece/nfy_fashion_icon/shenyue/icon_shizhuang_01_taozhuang_anmiemoyi_yifu.png.gz,5b6ee5242626015591677dbea443cfd9
4256B4A2786DA69BB94D969AAD3690E5,6499,res/piece/nfy_fashion_icon/shenyue/icon_shizhuang_01_taozhuang_bianyuhaike_lianshi.png.gz,366e1a90fe55ea78db54801de701cc13
AE9344AD093A6AA8A6C3789D6B67E11C,6420,res/piece/nfy_fashion_icon/shenyue/icon_shizhuang_01_taozhuang_bianyuhaike_maozi.png.gz,12edc6016404bd3fd12e29fb7610a302
727B7CFFB1D5D23EBEA25A72724EA8B6,9704,res/piece/nfy_fashion_icon/shenyue/icon_shizhuang_01_taozhuang_bianyuhaike_tou.png.gz,8f6013db42dbff3908bea7bc53ee0864
6F9B5B5E51EF7170D51130FD03AAD35C,21295,res/piece/nfy_fashion_icon/shenyue/icon_shizhuang_01_taozhuang_bianyuhaike_yifu.png.gz,972358b79644d3e928dde79b3599e6a3
27B20E059B3927FFF98CC7020EAB9CE6,6347,res/piece/nfy_fashion_icon/shenyue/icon_shizhuang_01_taozhuang_canglangdichen_lianshi.png.gz,bfecdece83017ca92aa607c3a911f048
E9F2DBB7C27A8059DE1A7A8A164921FE,4541,res/piece/nfy_fashion_icon/shenyue/icon_shizhuang_01_taozhuang_canglangdichen_maozi.png.gz,e8a51f491e087ccdcdd3db5cc2377d58
309150B51A373218D23B8DD3BC67871F,11409,res/piece/nfy_fashion_icon/shenyue/icon_shizhuang_01_taozhuang_canglangdichen_tou.png.gz,2f549951c7581dd10da607e7dae23b2b
1038DF4CDCD8C1D2588F195FB4302F90,19869,res/piece/nfy_fashion_icon/shenyue/icon_shizhuang_01_taozhuang_canglangdichen_yifu.png.gz,060791e4a9bf4809288fc9e50020ae52
46129394D6041FFDB852D7DB43DA3C8B,14004,res/piece/nfy_fashion_icon/shenyue/icon_shizhuang_01_taozhuang_canglanhundun_chibang.png.gz,0c6f1082a433145298cc53cf043712c9
B88403FE99BEB992CD38309A7EE44797,13649,res/piece/nfy_fashion_icon/shenyue/icon_shizhuang_01_taozhuang_canglanhundun_lian.png.gz,9baef5beac2832fcd4ac60525b449b7a
1C4F77A01AFC28B3AF5ADAB0091F3B63,16873,res/piece/nfy_fashion_icon/shenyue/icon_shizhuang_01_taozhuang_canglanhundun_maozi.png.gz,0f2991a43e5a872c6057608c6fe334e5
19CC6DEC6CB38B9E66976442674BC803,16603,res/piece/nfy_fashion_icon/shenyue/icon_shizhuang_01_taozhuang_canglanhundun_tou.png.gz,8ea78c28d94ac25dd711147bea7b24a5
E30FA6B365DE4F2913EC47536127DB73,17625,res/piece/nfy_fashion_icon/shenyue/icon_shizhuang_01_taozhuang_canglanhundun_yifu.png.gz,1df39557a1589c6a99005ba935eb7b52
196664E1DE42ED607E0671BB4F2875A2,12667,res/piece/nfy_fashion_icon/shenyue/icon_shizhuang_01_taozhuang_cangyan_tou.png.gz,ad9467b6d88582c9c58b63ce7b2ed987
1AD57405D375C09837AF7958A73CD304,11677,res/piece/nfy_fashion_icon/shenyue/icon_shizhuang_01_taozhuang_cangyan_yifu.png.gz,2c06c7a451e11a8fc56284858055a722
C50144E33D9BE60848CD0E237716709B,9963,res/piece/nfy_fashion_icon/shenyue/icon_shizhuang_01_taozhuang_chaomeng_yifu.png.gz,ceef5491fda02f606dbfe501b1de4fce
305557442D3BFC10E3258C33236BD315,4775,res/piece/nfy_fashion_icon/shenyue/icon_shizhuang_01_taozhuang_chunbaishengqi_lianshi.png.gz,f901ec1189e6b4f82b5322ad2445cb56
39FEFB7B4EB92949871BBE0A193AA761,3129,res/piece/nfy_fashion_icon/shenyue/icon_shizhuang_01_taozhuang_chunbaishengqi_maozi.png.gz,8fb7503033d4b5eaaac638d30066da89
F0EB823E46234121F7AA224E2C786A09,11432,res/piece/nfy_fashion_icon/shenyue/icon_shizhuang_01_taozhuang_chunbaishengqi_tou.png.gz,8dc8e08d57dc1e7055f4a68adcca069f
8AE5069E1AB13C56B248393303012613,18624,res/piece/nfy_fashion_icon/shenyue/icon_shizhuang_01_taozhuang_chunbaishengqi_yifu.png.gz,0608d4cbe6f56d37641f0ee9e5f94c7e
EF4FBD2F8BEC200046F1270564AE5FDA,11138,res/piece/nfy_fashion_icon/shenyue/icon_shizhuang_01_taozhuang_ciyuan_tou.png.gz,f5194c491d83f8e3b9c20769bfb32e05
22E646EE04FA3574990D2CE2A4B10F80,10709,res/piece/nfy_fashion_icon/shenyue/icon_shizhuang_01_taozhuang_ciyuan_yifu.png.gz,9517b423bddd8c82956449c00695703f
761CAE713D368873F33A9950622B33C2,7029,res/piece/nfy_fashion_icon/shenyue/icon_shizhuang_01_taozhuang_dajiang_lianshi.png.gz,04c49b9208728d1540c94bf29f73ed1d
03E81F23068BC595EA2E0B88B73D6026,6373,res/piece/nfy_fashion_icon/shenyue/icon_shizhuang_01_taozhuang_dajiang_maozi.png.gz,22b8b25f09343de8e5f40c3b8fdc6589
3CA57770E13AC4C0A89994FD7B0CED1D,16289,res/piece/nfy_fashion_icon/shenyue/icon_shizhuang_01_taozhuang_dajiang_shenzi.png.gz,718475a5bec2e88129e7dd1c7fbda2dd
D034C0091517423D77B1806BE49218C8,14865,res/piece/nfy_fashion_icon/shenyue/icon_shizhuang_01_taozhuang_dajiang_tou.png.gz,1ec034db399fdbea2d15dec2160f8e0f
503BD6363AB24744A88D00530C3B4C94,7403,res/piece/nfy_fashion_icon/shenyue/icon_shizhuang_01_taozhuang_guizuzhiyi_maozi.png.gz,4abc55c4d8e5e92723116a11c5913b9d
1DB961827A2DFC09888FD65DB3C02D84,10943,res/piece/nfy_fashion_icon/shenyue/icon_shizhuang_01_taozhuang_guizuzhiyi_tou.png.gz,b8e050bc02541190ffdb98b1d71d7a51
E75BB2F22C1364EA9F96F9B3269CE06F,13228,res/piece/nfy_fashion_icon/shenyue/icon_shizhuang_01_taozhuang_guizuzhiyi_yifu.png.gz,5e034626952173f4d92b00577fc44dd7
0333B7D9D30E0D115C0EED4532E97C5B,12976,res/piece/nfy_fashion_icon/shenyue/icon_shizhuang_01_taozhuang_guofeng_yifu.png.gz,b3490fcc8237fba7a0d684cab342fbb5
E2F9EDEACF879E22A85A51162BB24221,4365,res/piece/nfy_fashion_icon/shenyue/icon_shizhuang_01_taozhuang_haiyangpaidui_lianshi.png.gz,03a6f0f816c26614674c209b90a7bfeb
B64DF1708DF4F59061DF765ADD6E9BA1,3385,res/piece/nfy_fashion_icon/shenyue/icon_shizhuang_01_taozhuang_haiyangpaidui_maozi.png.gz,a87003e3fc8dc1b4bdf9c604e691ef48
4B11AC66121CD7E494A7D581BB52D4CC,10890,res/piece/nfy_fashion_icon/shenyue/icon_shizhuang_01_taozhuang_haiyangpaidui_tou.png.gz,7ead0530010c50013d19f75480d0920a
D3644591B265CF06B08170A5604A440D,20730,res/piece/nfy_fashion_icon/shenyue/icon_shizhuang_01_taozhuang_haiyangpaidui_yifu.png.gz,3662af56cd3ed4b7e67361a12a42071b
A771A59DC26EF8D5BD85E7324F61F38F,7609,res/piece/nfy_fashion_icon/shenyue/icon_shizhuang_01_taozhuang_heizhishi_lian.png.gz,4147be21e98058609f88bf3a00e13808
8988ADAE9E067D4D3354177DE16206C7,8981,res/piece/nfy_fashion_icon/shenyue/icon_shizhuang_01_taozhuang_heizhishi_maozi.png.gz,926d4784141bbacab716513dd4864608
5FB91B2D6B29D9BC05A4A397A51285A4,11603,res/piece/nfy_fashion_icon/shenyue/icon_shizhuang_01_taozhuang_heizhishi_tou.png.gz,51968f3453770c4d36dfc2dd2ee23d11
BDBB0F001A7D7B9C9ED4E49D7559919E,12595,res/piece/nfy_fashion_icon/shenyue/icon_shizhuang_01_taozhuang_heizhishi_yifu.png.gz,3f54c907a374fbd80e5c328f1e03e589
C53E662AFD11D2C3DF9DEDC9758849C4,4638,res/piece/nfy_fashion_icon/shenyue/icon_shizhuang_01_taozhuang_hongyunyishi_maozi.png.gz,2e004df9fb8d1f37765a14e396b5e872
D416F8F59B2A9FA9EDB72353411F1F63,8731,res/piece/nfy_fashion_icon/shenyue/icon_shizhuang_01_taozhuang_hongyunyishi_tou.png.gz,dacd5bde0e3de8a826072493a59f31fb
E4ECD9A2FA1C827A75D5B78FE90EDEA0,15772,res/piece/nfy_fashion_icon/shenyue/icon_shizhuang_01_taozhuang_hongyunyishi_yifu.png.gz,21ce2533eaad7e6562e1cab5b84b680e
D5FCA2C37C0BCA83077847A9F9A437E6,6929,res/piece/nfy_fashion_icon/shenyue/icon_shizhuang_01_taozhuang_huangxingzhimo_lianshi.png.gz,f84000c5d73bc95803e908b119c65e23
F4A90A708AE0C32184D089CECEA42F1E,8164,res/piece/nfy_fashion_icon/shenyue/icon_shizhuang_01_taozhuang_huangxingzhimo_maozi.png.gz,004c5bddfd31530c2802eeddf0674f9c
19D49B762FF1F6ADAA13D626EA93DB66,9675,res/piece/nfy_fashion_icon/shenyue/icon_shizhuang_01_taozhuang_huangxingzhimo_tou.png.gz,5f940e84439367c7b14b464724e386b8
22AC471B9C6BA2EEE1078D053DEA7B22,16918,res/piece/nfy_fashion_icon/shenyue/icon_shizhuang_01_taozhuang_huangxingzhimo_yifu.png.gz,1b5cecd46eb34908b993ab519f003bb3
70949B00F1052FBD294C6F35EEFC2944,6305,res/piece/nfy_fashion_icon/shenyue/icon_shizhuang_01_taozhuang_huanmulveying_lianshi.png.gz,3bced9d49944c81bb26067de4a0e180e
78E82240241178684F10357FC5169BAA,3665,res/piece/nfy_fashion_icon/shenyue/icon_shizhuang_01_taozhuang_huanmulveying_maozi.png.gz,368ff6a36471eb87556975552978ac85
271D5692CD6E406F20121C0255FDAE2D,11090,res/piece/nfy_fashion_icon/shenyue/icon_shizhuang_01_taozhuang_huanmulveying_tou.png.gz,b4eebc8976c40798e0031361e4fc1298
6D56FBAA1CD243246F6C1AD22A862BA6,16305,res/piece/nfy_fashion_icon/shenyue/icon_shizhuang_01_taozhuang_huanmulveying_yifu.png.gz,54c2dbec435064fc8cd3c95c34135ff5
D93CF70E7B571B0455A0C67CD0B60373,16667,res/piece/nfy_fashion_icon/shenyue/icon_shizhuang_01_taozhuang_huanshenqiangui_chibang.png.gz,207ebf75aadbdf297dd3b40842193940
AB27D63DAA68BFDA45A83367B0F20E1F,7205,res/piece/nfy_fashion_icon/shenyue/icon_shizhuang_01_taozhuang_huanshenqiangui_lian.png.gz,87ba90fed15236e7d2eef003d88e5d9d
39C0362BE1E40ED35BD7A15632E1813A,16748,res/piece/nfy_fashion_icon/shenyue/icon_shizhuang_01_taozhuang_huanshenqiangui_maozi.png.gz,aaefc409aa74b84574c05034dd9e0686
9ECCE942C5E1D5F664783331885C4380,15872,res/piece/nfy_fashion_icon/shenyue/icon_shizhuang_01_taozhuang_huanshenqiangui_tou.png.gz,56711b8dddf84845ae130b7d846e76b0
7ADBF16632E03BB8C5A216EBE2F8A6D9,18640,res/piece/nfy_fashion_icon/shenyue/icon_shizhuang_01_taozhuang_huanshenqiangui_yifu.png.gz,0dfd0f17fa6ae495f779aa29cff6049e
DBEEFA457291694DB036BB02023B19DB,3906,res/piece/nfy_fashion_icon/shenyue/icon_shizhuang_01_taozhuang_huanyansuixiang_lianshi.png.gz,0bf6980dc505df1009c71f41f8cd1b32
70F67C78DD94095DFAA1F9279A745CE7,8471,res/piece/nfy_fashion_icon/shenyue/icon_shizhuang_01_taozhuang_huanyansuixiang_maozi.png.gz,0490c518a99b76824bc85134dc9233b9
905FB1397A5548A398A57B294269FAC3,8816,res/piece/nfy_fashion_icon/shenyue/icon_shizhuang_01_taozhuang_huanyansuixiang_tou.png.gz,b13c9376b0c2f58c8cebab711dcea5b7
A8141C58A649060A159952FB1FA4663B,16542,res/piece/nfy_fashion_icon/shenyue/icon_shizhuang_01_taozhuang_huanyansuixiang_yifu.png.gz,c2f5b9b588e593d22aafb0e53a193ff2
A3E391E3D1E79324AB5DAB923115DE2D,4877,res/piece/nfy_fashion_icon/shenyue/icon_shizhuang_01_taozhuang_jiamianwuhui_lianshi.png.gz,87142ec5d53e5395032793cdb180ba57
925ACE775D12CB3D17FB054C6EFA27EF,15245,res/piece/nfy_fashion_icon/shenyue/icon_shizhuang_01_taozhuang_jiamianwuhui_maozi.png.gz,1951e6c9e256a12db52e192b17b7b724
4E26E671A9A4062BFCA2B1622BE34364,11454,res/piece/nfy_fashion_icon/shenyue/icon_shizhuang_01_taozhuang_jiamianwuhui_tou.png.gz,88047a1bdeb635a637555cbfee366905
247CA2F88DB51A740FC9DA2848288C8D,13941,res/piece/nfy_fashion_icon/shenyue/icon_shizhuang_01_taozhuang_jiamianwuhui_yifu.png.gz,69160c5c65c60045bc9fef9f3a1c6101
1A9B08C035E94446DEFEEFCEC3BB8C22,3904,res/piece/nfy_fashion_icon/shenyue/icon_shizhuang_01_taozhuang_jiarishizhuang_lianshi.png.gz,cf95faf138c2d26b5c76139e8883ac3f
1E41DBFB6D9D760826C81D87C17BDD62,6205,res/piece/nfy_fashion_icon/shenyue/icon_shizhuang_01_taozhuang_jiarishizhuang_maozi.png.gz,ddf77abcc4e6c3b92112e8ca5162d378
0C35F5D39AC0D63DCCD88D8633EE4BE3,11926,res/piece/nfy_fashion_icon/shenyue/icon_shizhuang_01_taozhuang_jiarishizhuang_tou.png.gz,07244378c2c7b0cf1dd4910a6f7799e1
2AA87B28BDF99AD9B1E83773D93FDA1B,21347,res/piece/nfy_fashion_icon/shenyue/icon_shizhuang_01_taozhuang_jiarishizhuang_yifu.png.gz,c8180c556bbac8f9f4a765bdd341d2be
5548D2FB060EA2428347A6C5766379BA,6733,res/piece/nfy_fashion_icon/shenyue/icon_shizhuang_01_taozhuang_konglongshizhuang_maozi.png.gz,071740e77198d5282d36a921f5c4ea24
548E31D25144F6EF6D08E220D26AC066,10996,res/piece/nfy_fashion_icon/shenyue/icon_shizhuang_01_taozhuang_konglongshizhuang_tou.png.gz,06db72db772bfc5568dbbcf40e6781c8
757C518EE83423222DE918C682861501,19087,res/piece/nfy_fashion_icon/shenyue/icon_shizhuang_01_taozhuang_konglongshizhuang_yifu.png.gz,fafcad646544f1e7aacfe8b177d9a714
CA4FAF6DEE5157640B3CB06C9F39E6A6,8903,res/piece/nfy_fashion_icon/shenyue/icon_shizhuang_01_taozhuang_liehuxingdong_maozi.png.gz,a7023479c4c6f8f84e40b1b668065121
B027D0D02D1347E474AF6E0B82F80885,12326,res/piece/nfy_fashion_icon/shenyue/icon_shizhuang_01_taozhuang_liehuxingdong_tou.png.gz,3ec8b85042816259ecba60645109c42b
3EEFFCFA7F48CC2ECCEA82D4D1482E7C,16847,res/piece/nfy_fashion_icon/shenyue/icon_shizhuang_01_taozhuang_liehuxingdong_yifu.png.gz,3018b19f70a25c6a3a36ff51bef41f71
C6718DCF33487C1E7CADFCCF4403710B,4726,res/piece/nfy_fashion_icon/shenyue/icon_shizhuang_01_taozhuang_linyuanshouwei_lianshi.png.gz,bf22833074ab66fe93f1b1c66af93d60
45890BDBDD89FAA433057F7169F6B4E8,5232,res/piece/nfy_fashion_icon/shenyue/icon_shizhuang_01_taozhuang_linyuanshouwei_maozi.png.gz,ae91edcf5886d2f047d83d79f0aa34c7
81FCA2C2B93A1819927836AF3A96321B,10159,res/piece/nfy_fashion_icon/shenyue/icon_shizhuang_01_taozhuang_linyuanshouwei_tou.png.gz,efecdc0626154bd72d4a0b7df78101c7
0C24A490D815DB79DA38A4B86A341980,11628,res/piece/nfy_fashion_icon/shenyue/icon_shizhuang_01_taozhuang_linyuanshouwei_yifu.png.gz,4ce139cbac998274488b927ab9861064
65D88837F9C0AA63C2D15861BD951456,7795,res/piece/nfy_fashion_icon/shenyue/icon_shizhuang_01_taozhuang_mijingjingling_lianshi.png.gz,b58d9f55f77e82f9db584becf84002c8
2E27205DBA50CFEBC5F957F681654B01,6607,res/piece/nfy_fashion_icon/shenyue/icon_shizhuang_01_taozhuang_mijingjingling_maozi.png.gz,dc082a6ac2698d0e7b56834d29c4340f
B77D4430C0AA9A043A4A2A5420D5C572,12457,res/piece/nfy_fashion_icon/shenyue/icon_shizhuang_01_taozhuang_mijingjingling_tou.png.gz,c636cfe049753cf0f9bbdfa08d01e420
9BCB9B35C72594BBBCF8A1B6246C470B,20744,res/piece/nfy_fashion_icon/shenyue/icon_shizhuang_01_taozhuang_mijingjingling_yifu.png.gz,f6afc7061bd76021b98d9dfb85f92a3a
C49565EA673E577134102B44241DA3C4,7038,res/piece/nfy_fashion_icon/shenyue/icon_shizhuang_01_taozhuang_mingxing_lian.png.gz,8343f424c1aa7812bb4ff52814cfee97
452FF1F3826951201969A43B27ED05EC,13807,res/piece/nfy_fashion_icon/shenyue/icon_shizhuang_01_taozhuang_mingxing_maozi.png.gz,6db1d663bdfefcf401dc7ac21544a52c
AD20CA05A8CF94A8120F06E49E89F515,14303,res/piece/nfy_fashion_icon/shenyue/icon_shizhuang_01_taozhuang_mingxing_tou.png.gz,dbc3bb541853d855342ea570b4c6214f
8DAF8692A02A048116F3E38A52F4AF14,13051,res/piece/nfy_fashion_icon/shenyue/icon_shizhuang_01_taozhuang_mingxing_yifu.png.gz,2bf885d9eb4d69304dd4ff673c5d617f
CA77B8FB04BADE5B713A09289E29D245,5642,res/piece/nfy_fashion_icon/shenyue/icon_shizhuang_01_taozhuang_posuoyehuo_lianshi.png.gz,7f47bb654c050110107ff1b2ae10c82a
96B78D3A447A8E028B7C459DC09E77DC,6829,res/piece/nfy_fashion_icon/shenyue/icon_shizhuang_01_taozhuang_posuoyehuo_maozi.png.gz,b446226ad8eb86406013737cbb7537ae
CBA5A702E2BE74F8D9CC8FDAEA609C6E,12002,res/piece/nfy_fashion_icon/shenyue/icon_shizhuang_01_taozhuang_posuoyehuo_tou.png.gz,48774d24a1e2e4cb7b7a8f37511caaeb
9DE94E80A73826CFCF91980D41FC5583,17604,res/piece/nfy_fashion_icon/shenyue/icon_shizhuang_01_taozhuang_posuoyehuo_yifu.png.gz,e1e8fc5c5bce4fdc545acaa51f8bc0a3
0D3E5626A50B9F2965D86D3A39291A3D,15792,res/piece/nfy_fashion_icon/shenyue/icon_shizhuang_01_taozhuang_qingchengguangyao_chibang.png.gz,c9f516ac2cd532fca6fce15086513e52
F9D319B7356AD762580D7B8DD8780688,5283,res/piece/nfy_fashion_icon/shenyue/icon_shizhuang_01_taozhuang_qingchengguangyao_lian.png.gz,cee49d63ef22521a2398d1ae66701514
85287E63C38D7DD94E3461352577EC0D,9231,res/piece/nfy_fashion_icon/shenyue/icon_shizhuang_01_taozhuang_qingchengguangyao_maozi.png.gz,350b3a683a952328498d265970f54f86
6AB3A5866A341B0432427AB9B0D7A04C,17012,res/piece/nfy_fashion_icon/shenyue/icon_shizhuang_01_taozhuang_qingchengguangyao_toufa.png.gz,0f57195fef1328cdf94a2dee4d7c25d4
B1ACD0BB12609B60050B9091AC5C404D,19191,res/piece/nfy_fashion_icon/shenyue/icon_shizhuang_01_taozhuang_qingchengguangyao_yifu.png.png.gz,d554de9303f3a3e6ed7d565baf8b1939
C230E58F92DF5FBE9356C77FE8D4ED47,4356,res/piece/nfy_fashion_icon/shenyue/icon_shizhuang_01_taozhuang_shanyaozhixing_maozi.png.gz,ece4248d84873e432892f089ddab566f
70957B20C33527D05AC7D4F9B102EC55,9946,res/piece/nfy_fashion_icon/shenyue/icon_shizhuang_01_taozhuang_shanyaozhixing_tou.png.gz,bf438f5661df317d306f65ee5768c2a6
AF81D0ABAF2E0244F009E8883E800943,19688,res/piece/nfy_fashion_icon/shenyue/icon_shizhuang_01_taozhuang_shanyaozhixing_yifu.png.gz,b769a6bac632ee99b9d171194dfa3228
36CEBF4E449933398A21E6357CEE8AFD,3879,res/piece/nfy_fashion_icon/shenyue/icon_shizhuang_01_taozhuang_shianaiqi_lianshi.png.gz,812e3961c3fb935962fa3de30d6a86c3
F7E330FC3ABD40D82AD61CD28A2ADBE8,6671,res/piece/nfy_fashion_icon/shenyue/icon_shizhuang_01_taozhuang_shianaiqi_maozi.png.gz,b6794759c430dc02175981650e7d1741
37C63B071E6F303B2AD0921EA05D2C8E,15710,res/piece/nfy_fashion_icon/shenyue/icon_shizhuang_01_taozhuang_shianaiqi_tou.png.gz,a70a58be303cedcfb8f0389b45c24993
B727BC36508E856C10E0F5C7850D591B,27531,res/piece/nfy_fashion_icon/shenyue/icon_shizhuang_01_taozhuang_shianaiqi_yifu.png.gz,b3486ea60475ed5de6325c017f16ebaf
92E2F518E620CB6111FD903DB5D65C26,3761,res/piece/nfy_fashion_icon/shenyue/icon_shizhuang_01_taozhuang_shuoranyanxiao_lianshi.png.gz,4f10782a3874ceca1c127d43a9206764
CDC4A104277772DE5A38AE80871C9BB0,2565,res/piece/nfy_fashion_icon/shenyue/icon_shizhuang_01_taozhuang_shuoranyanxiao_maozi.png.gz,b6e68bea31525f33fa89d94d75a60dc0
EC94A136884D03049B96CE5D61E01C0A,16728,res/piece/nfy_fashion_icon/shenyue/icon_shizhuang_01_taozhuang_shuoranyanxiao_tou.png.gz,5873f4646751eb3e004c43908f1d441a
1AA05FF3E3BA1A529B0C2D494A96B73C,20022,res/piece/nfy_fashion_icon/shenyue/icon_shizhuang_01_taozhuang_shuoranyanxiao_yifu.png.gz,366f6e961274f39250c0386ade86fe12
8E6B48E7F68D61AA603EC8FFB414F6C3,5783,res/piece/nfy_fashion_icon/shenyue/icon_shizhuang_01_taozhuang_wanxianggengxin_lianshi.png.gz,c797cf568e5a6e390c5bb65faa0781e5
26837D67C12C7E633ACE8E82DF0BF3B8,5017,res/piece/nfy_fashion_icon/shenyue/icon_shizhuang_01_taozhuang_wanxianggengxin_maozi.png.gz,c3210027caa2bdb28eff24a4fe39957a
7D54C38671318D55437FD08C9ADD37AE,10113,res/piece/nfy_fashion_icon/shenyue/icon_shizhuang_01_taozhuang_wanxianggengxin_tou.png.gz,98f1cc07f6926bb8b0d43c47c57f321e
3B89E032B7D99C1D867CF1ED57F2B65D,18129,res/piece/nfy_fashion_icon/shenyue/icon_shizhuang_01_taozhuang_wanxianggengxin_yifu.png.gz,0e5694f2e7a542aae61d2ec409f98403
9CE9833E293DC66DAE4ED7B53F70BBD0,14495,res/piece/nfy_fashion_icon/shenyue/icon_shizhuang_01_taozhuang_xiaoyuan_tou.png.gz,ba400f1c9e7466dd31c928097f61cb52
A51223A3992C15AF76A3D0631681639F,9959,res/piece/nfy_fashion_icon/shenyue/icon_shizhuang_01_taozhuang_xiaoyuan_yifu.png.gz,ac82a60c6b9a78b6265944aee772ced5
5B661D3AA589DBB6B41355BE921D9495,6297,res/piece/nfy_fashion_icon/shenyue/icon_shizhuang_01_taozhuang_yehuanlanshan_lianshi.png.gz,120d07aaaa158d65041caedf21d35628
6E9A67E87DFE89BB4424452F9023999C,5111,res/piece/nfy_fashion_icon/shenyue/icon_shizhuang_01_taozhuang_yehuanlanshan_maozi.png.gz,92f096abf2eead958f17c8d3ed3b75ef
471954344CA73D6897E094E19F3B38AF,10000,res/piece/nfy_fashion_icon/shenyue/icon_shizhuang_01_taozhuang_yehuanlanshan_tou.png.gz,d3fbeee4d94261de76ef94efa3c46b26
F084BC9970A3DD97333DEABD1BAE7CC6,20539,res/piece/nfy_fashion_icon/shenyue/icon_shizhuang_01_taozhuang_yehuanlanshan_yifu.png.gz,83d354898f2af0d62724dadc98451d75
82D28FFB2808529D958D979A71F0E21D,6299,res/piece/nfy_fashion_icon/shenyue/icon_shizhuang_01_taozhuang_yetingwanzui_lianshi.png.gz,a960e7abfad85cc9e8f6b97fbb6757b3
A4BA6C93F52DB21B67F8FEDE903D1937,1927,res/piece/nfy_fashion_icon/shenyue/icon_shizhuang_01_taozhuang_yetingwanzui_maozi.png.gz,c33589f68848f7033c15c477d8e72fa9
0F720BC6CBC8EE97FD436ABA180ACBE2,9524,res/piece/nfy_fashion_icon/shenyue/icon_shizhuang_01_taozhuang_yetingwanzui_tou.png.gz,b0e55146db16b026463ea78620938a29
72C94AD13BBF5B0086FF293A704E60D6,19948,res/piece/nfy_fashion_icon/shenyue/icon_shizhuang_01_taozhuang_yetingwanzui_yifu.png.gz,1c282f1120a4741e6a9165ea4d5f8398
D3D516DD4A4BD8D8B56B9778B039DAE4,6967,res/piece/nfy_fashion_icon/shenyue/icon_shizhuang_01_taozhuang_yongzhuang_lian.png.gz,079d4503083c47f57a270638d2f4e40a
B701A1D3C6E475C179B2621785C7DCDF,10068,res/piece/nfy_fashion_icon/shenyue/icon_shizhuang_01_taozhuang_yongzhuang_maozi.png.gz,97531a32016fad03d73eba960d8b2332
213F335D9443468FCB2C80491110254D,15479,res/piece/nfy_fashion_icon/shenyue/icon_shizhuang_01_taozhuang_yongzhuang_tou.png.gz,bfd8e1c2c48706babcd08a877ae8aa68
99307E9A96A44F15C1882FCEE9BF13DA,9288,res/piece/nfy_fashion_icon/shenyue/icon_shizhuang_01_taozhuang_yongzhuang_yifu.png.gz,c5b25999069fba912df7f5af95627327
C863957B0244566B210A5F251F4450DB,6757,res/piece/nfy_fashion_icon/shenyue/icon_shizhuang_01_taozhuang_zhongyanyuhui_lianshi.png.gz,b638405197cbc84ef5e3e1db44e6ccad
CC5F1EC99B3E2C34FDEFF88CA61E8F8A,13374,res/piece/nfy_fashion_icon/shenyue/icon_shizhuang_01_taozhuang_zhongyanyuhui_maozi.png.gz,d681ebd9d3384752824f03323302c1f9
65DDAA69692A8760D3B5919A4BC97E19,22194,res/piece/nfy_fashion_icon/shenyue/icon_shizhuang_01_taozhuang_zhongyanyuhui_tou.png.gz,0a790e35c5d94fb976ba0b2a01e61b52
AEB83A5924298CAF1D159FA909581FA0,23214,res/piece/nfy_fashion_icon/shenyue/icon_shizhuang_01_taozhuang_zhongyanyuhui_yifu.png.gz,e7bb27fd665dd043ba37bc9c2496883b
F6D63305AEB8E5217352F6DE820D3CDA,375543,res/piece/nfy_fashion_lottery/ui_xingkongmohe_beijin2.jpg.gz,a95834941350f8af870c374e56e6ae0d
2AE5CEF0C0D71E6B91200F38C06C1D7C,345641,res/piece/nfy_fashion_lottery/ui_xingkongmohe_beijing.jpg.gz,1b604e6fbe0341987daafb7edec066ab
A66360EE0984D62DC99E1C55D296D493,790,res/piece/nfy_fashion_lottery/ui_xingkongmohe_toumingdi.png.gz,c3b93dc520186db7cb39aaf5104655b4
877E6170B051A983F5BDED419A7B9354,66641,res/piece/nfy_fashion_warehouse/ui_lihuicangku_renwu_1.png.gz,0fab81e584c52ad43bb4149e2121d291
8AFF587A1D77060B3DE83416DBA402B8,86857,res/piece/nfy_fashion_warehouse/ui_lihuicangku_renwu_10.png.gz,a1bc5a49cf176bfc0bdfee97e9781551
346367F137EF92769A9DCA836F4AAA0C,96232,res/piece/nfy_fashion_warehouse/ui_lihuicangku_renwu_11.png.gz,0fc493cbb5e17702e2faf6af5f31a617
5F2FB8B1959D8C1290424D02EB171E3C,89703,res/piece/nfy_fashion_warehouse/ui_lihuicangku_renwu_12.png.gz,93071a38e2cd4d9f48307fedfb4f1791
205E9C6983D18BB6DEE2DB745BAD175D,96180,res/piece/nfy_fashion_warehouse/ui_lihuicangku_renwu_13.png.gz,95b387a3ae78c3f3929e03541bb29da2
9CDA0185BCE73BCCCC6E92550BFB0C38,97673,res/piece/nfy_fashion_warehouse/ui_lihuicangku_renwu_14.png.gz,1e5c297684214ff51566673ea6381032
6C60C3AD4BBEEB8C04FD54D628B1CCFB,92499,res/piece/nfy_fashion_warehouse/ui_lihuicangku_renwu_15.png.gz,938a82771ef14293ab6b59c05241ddf1
D8D32FA22233B27E0DDAE2214C7FB7DE,94214,res/piece/nfy_fashion_warehouse/ui_lihuicangku_renwu_16.png.gz,3786fbabda1d3f2b486324f57faf4636
FB51E830DB4E59CE7513C21DF7AA3EC8,87723,res/piece/nfy_fashion_warehouse/ui_lihuicangku_renwu_17.png.gz,1bc9d8844f77f5ae4330ca12621783b0
F069A388BBE3D7BA180256659C9B03C9,90244,res/piece/nfy_fashion_warehouse/ui_lihuicangku_renwu_18.png.gz,659e5ab495323085518e886da0e071ac
E99C4CC8498FD962ED9DB295177C9666,90160,res/piece/nfy_fashion_warehouse/ui_lihuicangku_renwu_19.png.gz,0062899f3a895c2bd191078117b3a23e
AACE8C21A2E7CE9EC83A377E5F98A7E0,67556,res/piece/nfy_fashion_warehouse/ui_lihuicangku_renwu_2.png.gz,e982d69343a712c6420254b9c0921cb3
32429192C808D50D12E8564E8A5D0D91,91299,res/piece/nfy_fashion_warehouse/ui_lihuicangku_renwu_20.png.gz,727fd107cd8871eb7f1cea9513a63333
42FA0BBDEA09EE14DC79E636FC631019,98550,res/piece/nfy_fashion_warehouse/ui_lihuicangku_renwu_21.png.gz,2a0c55449263a1701fb7791c4892c88a
1B9C2FC65841CA2594C43AA787F58811,91620,res/piece/nfy_fashion_warehouse/ui_lihuicangku_renwu_22.png.gz,d76a2a1502cd6a1702f32db80e7a4d43
423DDA6011BC5A485ADAFC4A0E665F95,84022,res/piece/nfy_fashion_warehouse/ui_lihuicangku_renwu_23.png.gz,c2224de504a4c9b0cf35bb3eada3ceb9
ACE15E838F318DFA4D53E7B091EF9A3F,98394,res/piece/nfy_fashion_warehouse/ui_lihuicangku_renwu_24.png.gz,be288fc3ae0979e2b3216c8576199988
5B43723CA48EBF13BCC5AD6C0E019322,70423,res/piece/nfy_fashion_warehouse/ui_lihuicangku_renwu_25.png.gz,ccc73daa0b8e11b0ec204484faf82b4f
4802DB1C2BE35CA10C84D027239D33A2,63812,res/piece/nfy_fashion_warehouse/ui_lihuicangku_renwu_3.png.gz,b2022f62b8b93c0d9d0e6c23aea97e19
05539EA9EAE50E6D2C0114F6C2DCE3D6,54870,res/piece/nfy_fashion_warehouse/ui_lihuicangku_renwu_4.png.gz,0abd7e12102ef51531d9454f007a5c1b
62371FD49D21CE3D32F1603A85CC1B88,61409,res/piece/nfy_fashion_warehouse/ui_lihuicangku_renwu_5.png.gz,0169f2d5f8f7d7f1dad74867493c2b3c
B97753EE79FAABF970246B5E427DFD94,72615,res/piece/nfy_fashion_warehouse/ui_lihuicangku_renwu_6.png.gz,7d47fc9ab375d1f9a496f239fdad34f2
262C11D037ACF2ABD8B2BDEC781635FC,63626,res/piece/nfy_fashion_warehouse/ui_lihuicangku_renwu_7.png.gz,75760ae267c97e78017be4e563f51eed
A11668792A352B6041CD121DA2B97D0D,71897,res/piece/nfy_fashion_warehouse/ui_lihuicangku_renwu_8.png.gz,e2283ec9fbe1bb9cb52f6916bb46b10d
F1EB9198C5D625882051162FB2FB6413,75172,res/piece/nfy_fashion_warehouse/ui_lihuicangku_renwu_9.png.gz,05691f6d8b219ac6b27a79d0ee794e98
002216C52080F1D935C6B8E25CBDF526,166714,res/piece/nfy_first_charge/ui_xinshouchong_beijing.png.gz,f0099b6445c4ccd405f0e99cc4a9d10b
199A25D311AB5705F987E9C6AB7F65E1,425323,res/piece/nfy_first_charge/ui_xinshouchong_renwu.png.gz,a581060067c84e4cdbf95714f8b1b8ed
3A262CB2E8C3FE327B9A49F9142E73AE,399589,res/piece/nfy_freegifts/ui_0yuangou_beijing.png.gz,e24e38e3094b4ffa49afeb4d94d8502a
EC30BC020FF3E3975BB9B2D59A0B0622,113851,res/piece/nfy_freegifts/ui_lingyuangou_beijing.jpg.gz,a34d34fc5c46cb5543e50154c0c85f52
4496F010E7FEFB3CDC6308F5A15D05CE,261628,res/piece/nfy_freegifts/ui_lingyuangou_lihui.png.gz,0facba7b87049786f68edeff29051560
2E8179D25DC866B9BD50C2B1ABE2D8A8,538918,res/piece/nfy_fund/ui_chongzhifanzhuan_beijing.jpg.gz,fe755ddd87d3309820b7a69e17cc3de0
F6C9BE0687B65165809B52B13950DBD3,388775,res/piece/nfy_fund/ui_chongzhifanzhuan_diban.png.gz,c3d55b501f5f6d0279f9db6c0b9518bc
C43289580CEF02DE5083A2C501EA8F5E,223045,res/piece/nfy_gameopenonline/ui_huodong_zaixianjiangli_diban.png.gz,d42636044d63a6b6bc96e04411021149
5F0AB28B579800146EDEDE22B67605F1,141732,res/piece/nfy_gameopenonline/ui_huodong_zaixianjiangli_guang.png.gz,096b0c5485d180c13fa5fbe831ab7628
2E87C4360DE11EBE1F39C86EE68B260D,133372,res/piece/nfy_gameopenonline/ui_huodong_zaixianjiangli_sanjiao.png.gz,d6087ccd51dce79755a3e7b5fbb9702a
5476BF7021DC96E87BFFBA0CA4CA2C0A,428317,res/piece/nfy_gameopenupgarde/ui_dengjiccc_beijing.jpg.gz,f4f748b42de4bd80ed0922c1f4ab21a4
164A5121B0DFB3ECA1489C97B040B5B5,174965,res/piece/nfy_gashapon/ui_niudanji_beijing_1.jpg.gz,9cb33bdeeac8ff257e9159f99886cffb
03563AE57C082A16BC9DE68F2215E37D,267529,res/piece/nfy_gashapon/ui_niudanji_beijing_2.jpg.gz,190248ea6c6d7d02f04380d09c6f8bd2
6DD0A35E6A549F37BC77B215345869C8,94562,res/piece/nfy_gashapon/ui_niudanji_beijing_3.jpg.gz,7b40049abefb4d685b5dfa701ae5c62f
2D0ACEA98910CADCA8E6B7298184A046,300110,res/piece/nfy_gashapon/ui_niudanji_beijing_4.jpg.gz,df6b2fe4a8ecb9674e0275054c98f036
CC30B66F86283F77E9BFD2D3FA374E36,277320,res/piece/nfy_gem/ui_baoshironghe_beijing.jpg.gz,11d764c62231f7d4d5a5083d81df44b5
6CFD718827B7654DC5E485AB18FCDB1A,12474,res/piece/nfy_gem_icon/ui_yinengshi_fang_cai_bj.png.gz,f46cb2bf31d4c1570403c9c0346ca8fc
FA90D5FF4C8966DB0A770BD24E762F94,12999,res/piece/nfy_gem_icon/ui_yinengshi_fang_cai_bjbs.png.gz,18478e52c11888985fcc15590d20ab1b
3F4FF5DFBC4048A58B292D022EFCB699,13176,res/piece/nfy_gem_icon/ui_yinengshi_fang_cai_bs.png.gz,7556ec932991d8566687191e3bbe4715
FF39F1FB56D1D3DAA85A24AB1E650009,11623,res/piece/nfy_gem_icon/ui_yinengshi_fang_cheng_bj.png.gz,956f7672b3048a52d65c3ff113e865f0
A1A5B034DC71CDF9650E4355D8E0CAF7,12187,res/piece/nfy_gem_icon/ui_yinengshi_fang_cheng_bjbs.png.gz,6ef2603cd4ccd8c404993ca312f1b3f2
B058135990FA27E220C39C968E2A8DF6,12350,res/piece/nfy_gem_icon/ui_yinengshi_fang_cheng_bs.png.gz,5234c21fb0cdf33439272acf8ac3f016
0D772BAF1C54EBC7311D8F4F1525487A,10566,res/piece/nfy_gem_icon/ui_yinengshi_fang_fen_bj.png.gz,fd14690adae15fe1a187527102d9acd0
C86B69D45D4837CA3335D900661F0D17,11108,res/piece/nfy_gem_icon/ui_yinengshi_fang_fen_bjbs.png.gz,a2360c62302aaa6d93ec3df621f327cf
4048A50979740E9E6539A9D27A8B969C,11318,res/piece/nfy_gem_icon/ui_yinengshi_fang_fen_bs.png.gz,a3cc198dbd177fd80a32ceeae8e2e506
B15DD4010778036E48520D1E4C95697D,12668,res/piece/nfy_gem_icon/ui_yinengshi_fang_lan1_bj.png.gz,62bf1b9f2fbfc1a52c920fea22df49c1
492806779ABA52B5D057DF9F72E6B15B,13235,res/piece/nfy_gem_icon/ui_yinengshi_fang_lan1_bjbs.png.gz,67f7ef31f4a823d6a34ac2857c2ca4d0
127189936B9D4D7C5932720D04807AF5,13410,res/piece/nfy_gem_icon/ui_yinengshi_fang_lan1_bs.png.gz,25f6b843ed702ec3d5131f1176932253
D61E9CB36E92C1B7249AC407909A6D5F,11043,res/piece/nfy_gem_icon/ui_yinengshi_fang_lan2_bj.png.gz,18ca1fbd20aaa3e96bb0370b365defad
EA3D0D720A5D9763E8029BFF9B8EE43F,11517,res/piece/nfy_gem_icon/ui_yinengshi_fang_lan2_bjbs.png.gz,e788342880bd4deb19e414f9f4373f5b
0E015F338AD719E283FC388991F6606C,11810,res/piece/nfy_gem_icon/ui_yinengshi_fang_lan2_bs.png.gz,c998f297e1c0792cd6501a60914daacc
1211F6C9F8328217398BD3DEDF7866C5,11711,res/piece/nfy_gem_icon/ui_yinengshi_fang_lan3_bj.png.gz,026084c8ab33368b9e0eac4acfbc75d6
F3C5DDF8C198FBAAAB3009A6653ECCCC,12238,res/piece/nfy_gem_icon/ui_yinengshi_fang_lan3_bjbs.png.gz,5d899ed16006693a099a24dc078e9fc7
C39FC1160172146200A526DCBB9F756F,12478,res/piece/nfy_gem_icon/ui_yinengshi_fang_lan3_bs.png.gz,6b09bdc19af0a35107b6abcc6d0314f6
80F8F6752ADF0ABB2769034F2CE4E4DB,10281,res/piece/nfy_gem_icon/ui_yinengshi_fang_zi_bj.png.gz,a47b5224fc1f2c47efb06deea10cf4c8
DF1F97F01917DCDEC6DF6DFAEAE669E0,10806,res/piece/nfy_gem_icon/ui_yinengshi_fang_zi_bjbs.png.gz,7d94ab7caa5c8b296090aaa0bc403e9d
E77655E66730604F38FFA3F6EB6D6486,11069,res/piece/nfy_gem_icon/ui_yinengshi_fang_zi_bs.png.gz,7e672c892f0ffc67ab050c20681b920c
8F68A1B8311D185D547917F374E64B1C,10534,res/piece/nfy_gem_icon/ui_yinengshi_sanjiao_cai_bk.png.gz,6aa779c2798f95eb6459c7b241a41b72
D9DE468AAB86AD72443CAAFA6B3F226C,10290,res/piece/nfy_gem_icon/ui_yinengshi_sanjiao_cai_sb.png.gz,1f28a34e04a3f087c0866f93cc5bbf5d
525179AF9C4455BEC8354B3C03E42E42,10699,res/piece/nfy_gem_icon/ui_yinengshi_sanjiao_cai_sbbk.png.gz,17a5ed719f5eb5b76344a75f495b9903
F159DB8A22A5BFBBEF1E0C2FDC782AC4,11885,res/piece/nfy_gem_icon/ui_yinengshi_sanjiao_cheng_bk.png.gz,ea44b97c50b5120445cb864a69dfd6d3
00773736D9D94A396538BED35B6378D3,11703,res/piece/nfy_gem_icon/ui_yinengshi_sanjiao_cheng_sb.png.gz,00c8a11b54f867b41546587245cbfac8
C779B7B03F96B674A1FFA48FC5A03172,12121,res/piece/nfy_gem_icon/ui_yinengshi_sanjiao_cheng_sbbk.png.gz,b7cc8b61e09bb38d512c10bfe792b78c
6329DC61763970C44F2EEDCEA67E9074,11121,res/piece/nfy_gem_icon/ui_yinengshi_sanjiao_fen_bk.png.gz,401c1b2e42120c6b485d4bb37f2af4c0
EAAFDD93BB8EF656D2D3895DFF257135,11006,res/piece/nfy_gem_icon/ui_yinengshi_sanjiao_fen_sb.png.gz,76f824954747997f257d22b342e3fa39
CBBD16A1112CDC16E73908B7E23D2D9E,11407,res/piece/nfy_gem_icon/ui_yinengshi_sanjiao_fen_sbbk.png.gz,dbfef21e160940eda2076957e93db4d6
3D65043E21368B01A93B150E75726E28,11998,res/piece/nfy_gem_icon/ui_yinengshi_sanjiao_lan1_bk.png.gz,fe3e5b7a20fc14d3d272061d9c9f2035
5278C3C27CDDDC5999E974BE1A48E39E,11870,res/piece/nfy_gem_icon/ui_yinengshi_sanjiao_lan1_sb.png.gz,48a933ec4d02d47a2992be6cfb71b78a
EE19B98B527709C30BE184A17E5120CB,12307,res/piece/nfy_gem_icon/ui_yinengshi_sanjiao_lan1_sbbk.png.gz,ba57f09220d9bd51f5a52721f19087db
78EA6A51C543657188AC6649F4EDCD33,11724,res/piece/nfy_gem_icon/ui_yinengshi_sanjiao_lan2_bk.png.gz,fc6ffaca525916f9cd3b03c08a50e0f9
3DC9DA6B3784B471F16E33152C4FDAE8,11533,res/piece/nfy_gem_icon/ui_yinengshi_sanjiao_lan2_sb.png.gz,8dde97a897baf4f6f8ead6160e26de73
C8ECB6B3D230CF4BF104824E8F8D0F05,11994,res/piece/nfy_gem_icon/ui_yinengshi_sanjiao_lan2_sbbk.png.gz,afa0cc0a4817ca956edc24501ef03af0
2CAF9732C2C630EE3A45A9C2AA9B6E42,12187,res/piece/nfy_gem_icon/ui_yinengshi_sanjiao_lan3_bk.png.gz,170a39b9b55c4998877aceefb63b7450
525C0ADCADA5F07D24E9A0056B10221C,12047,res/piece/nfy_gem_icon/ui_yinengshi_sanjiao_lan3_sb.png.gz,657ba5d8766a3384edd58ea750a37592
5AF3A3C8632997DA515C56BB41DCD478,12432,res/piece/nfy_gem_icon/ui_yinengshi_sanjiao_lan3_sbbk.png.gz,7f5f4bfacd3e4f1d5224ed64dc90ca0f
40AD39487E099B801261553DAE451C42,11187,res/piece/nfy_gem_icon/ui_yinengshi_sanjiao_zi_bk.png.gz,6a253de647f952378862e721ae5c8e63
491BBEAA3FDAEDBF18C455EFD1C20CA7,10932,res/piece/nfy_gem_icon/ui_yinengshi_sanjiao_zi_sb.png.gz,390d6d7bd70bb84a3b0dca3023068c0f
7D33042C88934F7CABBF3195D5BE87FF,11427,res/piece/nfy_gem_icon/ui_yinengshi_sanjiao_zi_sbbk.png.gz,7fdec96bcd17c94763d4c255e60f5752
82DEE66682D458EAD0E40F98436ADB86,13453,res/piece/nfy_gem_icon/ui_yinengshi_yuan_cai_mz.png.gz,86d913cf19868e9c0c881573a6142a13
A7E42726D1DA1D6CCB7A642B5A7188FE,13445,res/piece/nfy_gem_icon/ui_yinengshi_yuan_cai_rx.png.gz,af41e6a7fed4502a27f2b73608066e62
CBF5536AFE9F65D39B8ED25AD3082A10,13435,res/piece/nfy_gem_icon/ui_yinengshi_yuan_cai_rxmz.png.gz,d7b4356a836cf65372d0dd75cbf8af26
5FA257E2FE8080693C18A5F11C803B80,15061,res/piece/nfy_gem_icon/ui_yinengshi_yuan_cheng_mz.png.gz,e450bf7691a05e25df077c2599c29001
C8C9F6F458CDED20AC19904A52FD76EE,15096,res/piece/nfy_gem_icon/ui_yinengshi_yuan_cheng_rx.png.gz,12bc6edb19ea6e8ea8a28e89612b3c11
1152BC7D3CACA0D09B6FCA0FA1D910AF,15164,res/piece/nfy_gem_icon/ui_yinengshi_yuan_cheng_rxmz.png.gz,34245b2175d558b9b9ae6972bb67b542
147A688FF205676FC749BEE9905E5B2F,14218,res/piece/nfy_gem_icon/ui_yinengshi_yuan_fen_mz.png.gz,495a8e78fadecd4a151e70d90189be92
2EFCC5500EBA3BADE2AD12B1620DB6C8,14232,res/piece/nfy_gem_icon/ui_yinengshi_yuan_fen_rx.png.gz,aa7c9d0e8278fe9bcc3225c60a3f1639
D54C8C0DC5E9A6FDB2E53EC3C62516D3,14360,res/piece/nfy_gem_icon/ui_yinengshi_yuan_fen_rxmz.png.gz,c0521949ac7a6827d73364f4ac4f3a28
5353EA68215E667645443E5951F41F65,15597,res/piece/nfy_gem_icon/ui_yinengshi_yuan_lan1_mz.png.gz,99b9191ca5d0975c7a0e1eb63e8f1a38
CDF785BB1CCEF5507F9C0562C62FF6BB,15667,res/piece/nfy_gem_icon/ui_yinengshi_yuan_lan1_rx.png.gz,c045b8c608d671a31649b63136fc475a
3C1D27101F5183A8AD10E972EEC7018D,15798,res/piece/nfy_gem_icon/ui_yinengshi_yuan_lan1_rxmz.png.gz,5c79ce758abcd4159918b99f7a51d7fa
0264DEA7EE75F7591DAB71E1467133B8,14939,res/piece/nfy_gem_icon/ui_yinengshi_yuan_lan2_mz.png.gz,23529510c8bccb3770a647826c0e89a9
A30573A3E3689F84898A01CE7E34CF4E,14952,res/piece/nfy_gem_icon/ui_yinengshi_yuan_lan2_rx.png.gz,4af1addf296972d4e569296baabc3845
0DD04778538919BC4F012397A7EC2F22,15075,res/piece/nfy_gem_icon/ui_yinengshi_yuan_lan2_rxmz.png.gz,dce1e0cd9c5dabcfbadc7aa1f2ff688e
4FEE241185C8CEC40272B109E9391151,15501,res/piece/nfy_gem_icon/ui_yinengshi_yuan_lan3_mz.png.gz,784df74fdbfb512a7b06085b1a02ae25
B33C20A58B9A5FD0B0ACC168045F5574,15562,res/piece/nfy_gem_icon/ui_yinengshi_yuan_lan3_rx.png.gz,d266e0031953c70b8ef5271801110e36
29A3B27934F9CE9E39C84E5AC5B929C8,15656,res/piece/nfy_gem_icon/ui_yinengshi_yuan_lan3_rxmz.png.gz,9f40902ba367fddc04901588df35ea11
79E20AF264585301A7E2351EB80DB2FD,14198,res/piece/nfy_gem_icon/ui_yinengshi_yuan_zi_mz.png.gz,d3c2aed61223dd57d0affd1237747326
9DAD292F2C3FFEFEE4021401C03E64B3,14175,res/piece/nfy_gem_icon/ui_yinengshi_yuan_zi_rx.png.gz,01a2d74868f1bdef7edc2acf755db618
F4A535FC925E9F3B001949BF31F3AE49,14355,res/piece/nfy_gem_icon/ui_yinengshi_yuan_zi_rxmz.png.gz,8267ef6b1fdc1b5f7d7baf167f8d258f
9869CDB93423F8EC07595AE5611137BA,133233,res/piece/nfy_get_stronger/ui_bianqiang_bianqiang_diban_chang.png.gz,a5eda22825c422e69b9096a4d99b79e4
798C37282356AEE5F305F233FBA62D1F,230227,res/piece/nfy_get_stronger/ui_bianqiang_gonglue_bannachang.png.gz,539609b3c80f9f8096e18ba63e57176c
3F3808AAC619B1F31DBB12499FCFF008,12593,res/piece/nfy_get_stronger/ui_bianqiang_zhandoushibai_diban.png.gz,72d66bd21500bab19837efb29ab9defe
38958A649C9501DA6C5CF7CF3FA547A4,149704,res/piece/nfy_givevigor/ui_tili_beijing.jpg.gz,ea5d6c2b2be255902a8017bf082b2294
1C2F53396E0D73CF7F31767851A9AD17,359798,res/piece/nfy_givevigor/ui_tili_beijing_qian.png.gz,80a6b64419690eac28aa46df0a5f1275
5DE4688983A01C45D6221320CE949D9B,259574,res/piece/nfy_godroad/ui_shenqizhilugai_beijing.jpg.gz,a0e35b6b4494227f2d7ce82903d6863f
6A5EE14995DE013D17F81E49CF98E4CF,115057,res/piece/nfy_godroad/ui_shenqi_shenqizhilu_bj.png.gz,0e9525ec28c8511b64ae930efbf66663
A6CA923240210FAB098C1E9BDFCA601E,49702,res/piece/nfy_godroad/ui_shenqi_waiguan_beijing_you.png.gz,fa47eec8c331fa7fdac15036e7cb4142
47A434DB5385E7937F2AC2CA9C9131C7,38199,res/piece/nfy_godroad/ui_shenqi_waiguan_beijing_zuo.png.gz,fb76e34073cc9a604846c1e199861493
9BA6E348AA084532D8C2750B5E4A42A9,346124,res/piece/nfy_godroad/ui_wuzhuangchoujiang_beijing.jpg.gz,132d9e54466b8569ece22379f68b8781
170148858D47DF31A1CE7F9191961905,551208,res/piece/nfy_god_choose/ui_quanminshenxuan2_dabeijing.jpg.gz,fe74c4fc5746868ee320942bb0b4faa5
25AE800D413149D90DB42155C67BFBF8,38165,res/piece/nfy_god_choose/ui_quanminshenxuan2_jianying_01.png.gz,07acb8dbaf6a3316c5311c40cd3749a4
94E7CE473E70E0FD6303E675E24213AB,38374,res/piece/nfy_god_choose/ui_quanminshenxuan2_jianying_02.png.gz,7d12b37039fa360ea42b3574c71d86fd
26CDCDD6D9436A3A2CFCDDC7364BBBED,44704,res/piece/nfy_god_choose/ui_quanminshenxuan2_jianying_03.png.gz,ac4e5a6bf577ec7bac615ffd55c23d3d
9CD52005351569CD21C30B53F3CA7122,183569,res/piece/nfy_god_choose/ui_quanminshenxuan3_ditu.jpg.gz,1565055b3fdb6e3c21eabcb31da0fdfc
D2FB21277BAA5EA33887BF673EDAE213,284902,res/piece/nfy_god_choose/ui_quanminshenxuan_dabeijing.jpg.gz,d003fadeea7344c244e67cf5a2894895
C735E618BF39CE0850BC2097B7CC275A,247010,res/piece/nfy_god_choose/ui_quanminshenxuan_dabeijing2.jpg.gz,41f34dc3191775282720419c294d6980
E8F89536190359DDBB626ECAC6A27FBE,1060322,res/piece/nfy_god_choose/ui_quanminshenxuan_renwu1.png.gz,fd9c462ed4d9471d5f5436648dbe26e2
36491314D4E098F5C74D1F224582828E,639378,res/piece/nfy_god_choose/ui_quanminshenxuan_renwu2.png.gz,fff9b5a54da5f91da5fa1c735671a91f
A761ED1B2E422C7BE598BA2B581FE926,600570,res/piece/nfy_god_choose/ui_quanminshenxuan_renwu3.png.gz,0fd77685cc30494e41d7865b378a50ae
91B1874E14BA7A78E6CE1387FC085217,5626,res/piece/nfy_god_choose/ui_quanminshenxuan_renwukuang_heidi.png.gz,6c2bf242963975f36d1525ce0a3ae237
47BD3EEC95B842B9C84917084EB582D1,271712,res/piece/nfy_growupgift/ui_hongdong_huanshenqiangui_chang.png.gz,091150664bb4be6fe4940ac613bf8789
F82FECA7BE1C8A878FE6910DAE1853E9,9640,res/piece/nfy_icon/icon_cailiao_baoshi_fen.png.gz,5545f584437842e3e9c8c0583b698177
51D451B28749C60B86D44905F42D1BF6,10372,res/piece/nfy_icon/icon_cailiao_baoshi_lan.png.gz,9d4fda9eb8292559d4c0dea51a28a5bd
2B7861A85FB83BA4D86D65389E336AE1,10177,res/piece/nfy_icon/icon_cailiao_baoshi_zi.png.gz,798e60f5d1416d435ac78373967ddff6
05FBF68CE039B7A0ADA9722F274D9D03,19402,res/piece/nfy_icon/icon_cailiao_juexingchongzhiqi.png.gz,a7e3b6593f7126bfacc4503d343eb412
068A06CA63D0838FAE9B30E2E9069E13,11639,res/piece/nfy_icon/icon_cailiao_tongyonghongbao.png.gz,83e60c66d0fe8585d03940bb802cb6bf
C21F314B768E5F26D6CD53DCCEF6D055,16576,res/piece/nfy_icon/icon_cailiao_wuziquan_10.png.gz,4731f4ecc37b44602042f9bf8d744b2e
01D794C644665A60196339971A291E81,16214,res/piece/nfy_icon/icon_cailiao_wuziquan_20.png.gz,a80df5f85a4c4ea8dde7838b2a186075
10CCDD96262E8056ACB97388934EE5DB,16147,res/piece/nfy_icon/icon_cailiao_wuziquan_30.png.gz,c0d888e4557b900efbf5729d2ae94651
57CEACB98FB5160F74EED9F9243F91A8,16431,res/piece/nfy_icon/icon_cailiao_wuziquan_40.png.gz,8262fb0e198ff6aecf88eba485f93d41
27FF97E7CD4A425D9F63ED34692D5D78,16072,res/piece/nfy_icon/icon_cailiao_wuziquan_50.png.gz,1cf33bc5a941974f0664863ca710bb28
7225359687FBAD670E41756C23FE4ECB,6616,res/piece/nfy_icon/icon_cailiao_xueyuan_mucai.png.gz,5c70aedc23ff19284cdf257df912b0f5
A96003D4E1DB74C884250C1D5619DFE3,6776,res/piece/nfy_icon/icon_cailiao_xueyuan_shitou.png.gz,f77d8e3e652972b5d681d1919e4bc67e
22F52C517DA3CD49B786F2EE10383FE1,23098,res/piece/nfy_icon/icon_daoju_ailinbi.png.gz,2a17f09614b21a536750a4e86464f059
084328AE43CB0041D6550993D8123FBB,15852,res/piece/nfy_icon/icon_daoju_ailinxunluopingzheng.png.gz,c3bc024c72da14fd2701a0786ef6a880
86D6048124CA3BFFEAC1D35A24887E2E,10509,res/piece/nfy_icon/icon_daoju_aoyi1.png.gz,b59f5a487bd5d7f740172104ce40d6dd
73D2F67A4AC79D72B58E3709BD0CF6A5,10408,res/piece/nfy_icon/icon_daoju_aoyi2.png.gz,5389e203a2451de32638ad0d5d29413c
1AD47B004158E25A33E008A91A00D3BC,10587,res/piece/nfy_icon/icon_daoju_aoyi3.png.gz,a91eb0e9cb14e2ca29c27b7b32f4316c
183F259BFF7FC96991AA5F18827DCB15,9587,res/piece/nfy_icon/icon_daoju_aoyisuipian1.png.gz,a09eab0745915f06a57a3a572ae68bde
5291E6F953DC4A8C1105289637E0B2A4,9682,res/piece/nfy_icon/icon_daoju_aoyisuipian2.png.gz,d0a8ed050095c398c5e72eb1c24f85ef
F283521CC24510EB48AFC5AE09AC41BA,9499,res/piece/nfy_icon/icon_daoju_aoyisuipian3.png.gz,ae03c6dcb60ca4e8e701530c6a92ed27
273A602E59A721245BDC30B9DFA11F83,20034,res/piece/nfy_icon/icon_daoju_aoyituposhi.png.gz,e9f66249e5886a5db1bbdbb86d9fe325
8B952AE6E897DFE2A8A519598ABFA774,19003,res/piece/nfy_icon/icon_daoju_aoyituposhi_s.png.gz,62b788158524b6b1044c7eae338b8c52
0D2579A3862D6133D1789D500C90C993,12286,res/piece/nfy_icon/icon_daoju_baoshisuipian.png.gz,361d00740d40617f41c2b403a1639aea
834239D322C7D3F9A101D6D79BA9132D,10733,res/piece/nfy_icon/icon_daoju_baoshisuipian_fang.png.gz,835a3e5f27aa1a8e167d2518c6c2bde4
91508C0E9CF490EC5159F3DA82162ADE,9343,res/piece/nfy_icon/icon_daoju_baoshisuipian_sanjiao.png.gz,d0100175b454571b77bb87e7818f1e6b
F700818020BFF7F3AE8BAC0CC49C01C9,11369,res/piece/nfy_icon/icon_daoju_baoshisuipian_yuan.png.gz,626918697b3f25e3093f7dc6f7854531
123ED2AEA04074DCE7DE32A8DE5ECB38,17441,res/piece/nfy_icon/icon_daoju_budongrushan_s.png.gz,159db80ac1b6517a4eee1635481a138d
8F90A8EC619AE4205DCEDC5FFB758BDD,12897,res/piece/nfy_icon/icon_daoju_bugeijuan_1.png.gz,912fe2155a8b976cf7172951fde87936
5AD72FB8419DF917A142094114E01BD6,12983,res/piece/nfy_icon/icon_daoju_bugeijuan_2.png.gz,525c463694c919759829d53613007ee9
93075F2AB939702867D5B34E35C9BC85,12935,res/piece/nfy_icon/icon_daoju_bugeijuan_3.png.gz,45dada771d5716206049632eef1dc56d
842EA29A6DFD64C43C3C8CF9E14EA061,13017,res/piece/nfy_icon/icon_daoju_bugeijuan_4.png.gz,09d2ba3b4ce4bbbb3852b39d2fbc0329
D1BB78EA8CDDD69AFF03EB22A2639BD8,13010,res/piece/nfy_icon/icon_daoju_bugeijuan_5.png.gz,b5e30784d292b23981a7948fc2750efb
CE0413D636D8B5C3BA33F4E27FAA068C,10754,res/piece/nfy_icon/icon_daoju_buji_1.png.gz,9824d73a73babee6cb8b9e635574ddb3
4163C741F0C3172525ACD05A38C31073,16016,res/piece/nfy_icon/icon_daoju_buji_10.png.gz,41df986f033d3ac6ff5dc05582525c77
9E79C0DF9786FB4CB29A101A92C749A4,17195,res/piece/nfy_icon/icon_daoju_buji_11.png.gz,521006391a106bd14860b67c46b411e6
125D7C7AB15C6DEB021FC9E9F9237439,11560,res/piece/nfy_icon/icon_daoju_buji_12.png.gz,07358db80e1e41bb64b5958ea7e12336
50CFF6151639CD4DDCFB74D295107BB3,11198,res/piece/nfy_icon/icon_daoju_buji_2.png.gz,b9bcc95eb9f2dbddb66e35f2336bfd3e
0AC5B9C3B7F3D6941B37E3FA22F889DC,12658,res/piece/nfy_icon/icon_daoju_buji_3.png.gz,903cb4c7d03474cf00160353b7188974
7C15CD1F1C092DE9C1411EE4E59DBD5A,7110,res/piece/nfy_icon/icon_daoju_buji_4.png.gz,c7b8029f624a3bdd5f17ad05fbb5f374
791FACD9C1660525516D0AF17B0AC787,14611,res/piece/nfy_icon/icon_daoju_buji_5.png.gz,29ea17010fe2d70ee0972c29f6de8a02
4B426A29C589B847D0CF549BC948B5C5,12990,res/piece/nfy_icon/icon_daoju_buji_6.png.gz,19f1ffdf40536861693895973b7421ee
56C98D8E349C2AA2D335DFDC25BCE328,14281,res/piece/nfy_icon/icon_daoju_buji_7.png.gz,94fa7be7c8e9e460bda00829fcd8a9c0
D3FFC239A98B7AC7418C164D8CE401CB,9442,res/piece/nfy_icon/icon_daoju_buji_8.png.gz,91f33fa19503fe417a5ac37fdecc300f
BA57FAE9E87063A0C598AC01D7206063,17565,res/piece/nfy_icon/icon_daoju_buji_9.png.gz,cd8acb38a8e9a9459a7b401a89f44a38
42A6FF91709454FFF9E0BE05FD4C8480,10211,res/piece/nfy_icon/icon_daoju_buji_huobi.png.gz,3532165049e25f4e058a869f04cd52d6
B9DD03619F314E2E3C8B1EE4F012B17A,21059,res/piece/nfy_icon/icon_daoju_canglangdichen_lilimu_s.png.gz,6b18380579067ffa4ddd3813660aea35
73641FA866AF0F8B57B84A6E4C5B47CE,21875,res/piece/nfy_icon/icon_daoju_canglangdichen_ling_s.png.gz,731dab55b39bd1bfcb0cff589abe8738
E1A62ACCEDFE867990510BD1678C95DD,20585,res/piece/nfy_icon/icon_daoju_canglangdichen_shenyue_s.png.gz,98245c788d32830ed46b534ec57b62fc
DBE404EA412B2E36A1937864B12C51A5,7894,res/piece/nfy_icon/icon_daoju_chenghao_heiyansheshou1.png.gz,ae5fd0817f979b231aa7df8f07847c59
EFE24BA2A528C38E4BA047031E917AE7,5311,res/piece/nfy_icon/icon_daoju_chenghao_heiyansheshou2.png.gz,18c3fdd6c05176be03a20e4aa978c389
33044C1A024F973DE85572C52239227D,4783,res/piece/nfy_icon/icon_daoju_chenghao_heiyansheshou3.png.gz,4bf1ab987804150580c4d78fb9f7f7ea
C0D144245621A8347789A576000124F1,26640,res/piece/nfy_icon/icon_daoju_chengtuzhisuipian.png.gz,26543d14fb26bb30c6245f0982c0279a
CD309EF39DD21535BFF0FCA8473BACFF,24375,res/piece/nfy_icon/icon_daoju_chengtuzhi_30_1.png.gz,94d429b1d52162451f91818d3f06b609
86D09533ED1D12F322541BEB0C449BB0,25098,res/piece/nfy_icon/icon_daoju_chengtuzhi_30_2.png.gz,601c019bed3dfeb398e8bfb6f7d6691f
F8B7B7031B354AC862D84432D6E444E6,24191,res/piece/nfy_icon/icon_daoju_chengtuzhi_40_1.png.gz,e3295a2ac9e0497515220ad9ce645467
2E094446FC1431357E44774B0F66A6E8,25179,res/piece/nfy_icon/icon_daoju_chengtuzhi_40_2.png.gz,b07f7fd8b5915ff86b13f645b9dd0c6d
C09AA93551BF932F4AAF179871AC163F,24517,res/piece/nfy_icon/icon_daoju_chengtuzhi_50_1.png.gz,51e2d2b99165f7afee4cddd4757ea5a0
15716850DE9E218DE2988DCC6353D494,25153,res/piece/nfy_icon/icon_daoju_chengtuzhi_50_2.png.gz,57a362bc476a7c5d9acaee4dcb6d4c17
0928988376804FCA356A8DF78AB5B126,21343,res/piece/nfy_icon/icon_daoju_chengzhuangcailiao_30_1.png.gz,d2ce66c72fccd9d8191cfec4f451fdd8
B802101380F62C0B1A9EA7D644CAC82D,14557,res/piece/nfy_icon/icon_daoju_chengzhuangcailiao_30_2.png.gz,0cd57cb408c22fc2ff185fae2bf1979d
FCEFE15D50CD69C4B6B22CB9F21AE824,18797,res/piece/nfy_icon/icon_daoju_chengzhuangcailiao_30_3.png.gz,ed584fe50b68feef649759512c380a61
341CD312F943A8FAEBD33F37CB578479,21733,res/piece/nfy_icon/icon_daoju_chengzhuangcailiao_30_4.png.gz,550add6933aae0a4256ca61fb41bf1c2
2BB8F58BC23F6CED5374B78134F4FE9D,15105,res/piece/nfy_icon/icon_daoju_chengzhuangcailiao_40_1.png.gz,a25570f7b85dd412270943cf1471b830
0BB8E8288DEA2E821C8FDA89D668AD3F,15831,res/piece/nfy_icon/icon_daoju_chengzhuangcailiao_40_2.png.gz,dc3a62d8d3785d8170fa3d9b4c6b2ee6
7928E136E92B4CC7696E4E57A8474F9F,19704,res/piece/nfy_icon/icon_daoju_chengzhuangcailiao_40_3.png.gz,e1c77dd26f9621a0c55ef06e97b0dfe6
5D5E21AFE6033FBAE933E2865E5C94FD,18392,res/piece/nfy_icon/icon_daoju_chengzhuangcailiao_40_4.png.gz,4b51dfe9e2ccd10b3b81f46a83b71a68
54CA6CB89EFCF774E65406940ED10BBC,24986,res/piece/nfy_icon/icon_daoju_chengzhuangtuzhibuji.png.gz,0f8cdce1b6fdcd7cd81b2fdc3fa0a30f
7428CB417D3706D58073CEFCB3E99023,14179,res/piece/nfy_icon/icon_daoju_chiyan.png.gz,7a60a925f872dbb92002e97a8f17df06
2BC823B6D62462C45B4DAF3165A992DF,12061,res/piece/nfy_icon/icon_daoju_chongwubujixiang.png.gz,e875935ac1762b4d40bf9ccfec69bb0a
2001346B5CA542DB75996AC81FF11A33,11919,res/piece/nfy_icon/icon_daoju_chongwudan0.png.gz,b7d525c75148c20b5c7b932b81ab9807
CA6F6D8C7CA145438F0A30E95E1BED8A,17061,res/piece/nfy_icon/icon_daoju_chongwudan1.png.gz,981ddf801b88bedb2b94d11a06960ccf
F744D01762A3409F132EE0EC3B0E7E4F,15840,res/piece/nfy_icon/icon_daoju_chongwudan2.png.gz,450e3a4bbe6e16b6d29915ffc1cd2b9e
018D1056CEB62F83768506C986919096,15464,res/piece/nfy_icon/icon_daoju_chongwudan3.png.gz,654b5c46c887c357cf4d79ce3f6756cd
2609F22663700C9079292263756B14D2,13390,res/piece/nfy_icon/icon_daoju_chongwulihe_suiji.png.gz,d5ec7d899f3be9589b9fd4d7720f5d82
F0990D9E19858E3EEC0A21D896914793,16699,res/piece/nfy_icon/icon_daoju_chongwuqianghua_jingshi.png.gz,8452de7d8319ff67a8f5a25f8b5f10da
3FCD4BE003B4781F4232EB04F2A58AAA,10094,res/piece/nfy_icon/icon_daoju_chongwuqianghua_juanzhou.png.gz,45b4c3a663fb9bd6067c2cf0026affd3
ADDA54955D71BC154AE4E6C921573D91,19932,res/piece/nfy_icon/icon_daoju_chongwuqianghua_juanzhou_2.png.gz,f6adef330916509894ad97d02d4006fa
A62403DB7F518C9B6C148F815ACC48AF,20070,res/piece/nfy_icon/icon_daoju_chongwuqianghua_juanzhou_2_s.png.gz,bc5eb75acfb0a605802913eb6a145926
8CDE401E1C5DB394C18AC6F35C65A041,11392,res/piece/nfy_icon/icon_daoju_chongwuqianghua_juanzhou_s.png.gz,8fbd8e566c450b7bcd316e5d29e39dae
087D24A9E85FB951BE4DAE81AEDBE8C2,12332,res/piece/nfy_icon/icon_daoju_chongwuqianghua_xingjing.png.gz,d1e0a993dfbd5e18a096daafffaef365
2EB2E3B914300A395CA83307219CFEFA,15784,res/piece/nfy_icon/icon_daoju_chongwushengxing.png.gz,467eae35a5a77f6165a3784bc0c80e87
3181C831B2399427DEA0B478D820A936,26528,res/piece/nfy_icon/icon_daoju_chongwushilian.png.gz,aedba3722fd90d3c5e75be6f33a6ca17
408E5803CE4D6DD8D70E2C3675098518,22117,res/piece/nfy_icon/icon_daoju_chongwusiliao_cheng.png.gz,32baadcfc920072c4aadf2dd89ab7397
E66286BDF159D928B5B352996BFAFD92,13987,res/piece/nfy_icon/icon_daoju_chongwusiliao_lan.png.gz,35615f3b43816542a2677e81ab1b12bc
8C6DFC7CB7B8769634266AC8B03A59E6,12181,res/piece/nfy_icon/icon_daoju_chongwusiliao_lv.png.gz,99548235f5799593b50983acea0ea30b
6B7DF34B7908C5FAA3C71F290D8BEDD1,16423,res/piece/nfy_icon/icon_daoju_chongwusiliao_zi.png.gz,27b5ab6c919ac4d56e0cb397591df751
54BCC8ACDAC8DDC4E66E974E62B16B6F,16610,res/piece/nfy_icon/icon_daoju_chongwusuipian.png.gz,1557f576bd937e554d0b046f214abeab
6107ACE931E0BFBD15241A8A8FACE51A,16235,res/piece/nfy_icon/icon_daoju_chongwusuipian_a.png.gz,7a07ffd27f4738139f32b34daccd3f82
AA912F1F89344F96BC6F4C15987CF615,18161,res/piece/nfy_icon/icon_daoju_chongwusuipian_s.png.gz,e9e7bc0d34aaebdba7eb5b7972347e8d
48F792AEAE216E795969B0CB34909BA5,17081,res/piece/nfy_icon/icon_daoju_chongwutupo.png.gz,cc5b3ed4b987649b643ee1532bfa3266
AA613996F8E853F9EBEFC596313B9F89,14455,res/piece/nfy_icon/icon_daoju_chongwutupo1.png.gz,b114c41ac66b1106f66a0cbbbb5f868c
7660EEE4146A9F19581C52CFE826627B,18498,res/piece/nfy_icon/icon_daoju_chongwutuposhi.png.gz,e7da103a77d0a9e7201408cfda6be7bf
34B33110A99ECE9DF7AC2142F7DF1CC5,17486,res/piece/nfy_icon/icon_daoju_chongwutuposhi_s.png.gz,5b43d6b56f31f6dd7b80e2ad1b5f948e
FB3710608A058F96D1952BEFD8462C41,18682,res/piece/nfy_icon/icon_daoju_chongwutupo_s.png.gz,ec8240d72302dd9dc39edf0bf28033b3
E112943F422033B7CA0A2741ED95B7A3,25696,res/piece/nfy_icon/icon_daoju_chongwu_xueyu_s.png.gz,e362dc4d68af424c1b0d5a124166cd4d
88751C4BC4749D1C1BEA2C16FAED296A,16078,res/piece/nfy_icon/icon_daoju_chongzhishi.png.gz,06b9b6bbcba1e13b902cb99fe9b685c8
BBB0302DF946994F68EE8F208FD0051C,6837,res/piece/nfy_icon/icon_daoju_chunjie_tu_s.png.gz,1d32e4000775a322cc8ffbe93d62f803
8E54CE81FFDC6655A8004753B4124A0B,10459,res/piece/nfy_icon/icon_daoju_ciyuanshinengzhuangzhi.png.gz,9cf7b8da2bee7341abd325074180fb7e
4D941869E858FFD07CE819CBB4ADD367,14073,res/piece/nfy_icon/icon_daoju_ciyuansswuzhuangzhuanpan_1.png.gz,c445270db84b58f2ad55a171e79059f7
C80C4E68D29CD4B73DFE21D94764374A,12540,res/piece/nfy_icon/icon_daoju_ciyuansswuzhuangzhuanpan_2.png.gz,a139c1a09d18c7eab44281108a8fc5b4
4073B90D44FEE5426AE57BD5747AD169,22785,res/piece/nfy_icon/icon_daoju_ciyuansswuzhuangzhuanpan_3.png.gz,b5a8fc619ca10b166dab1b6cc4ff98dd
EAD161F737A183E66CA5FF3AD520005B,35681,res/piece/nfy_icon/icon_daoju_ciyuansswuzhuangzhuanpan_4.png.gz,c83cdba57d0f0988cb4769523406a6f5
63F58395BEE3ED192DFE702C04E251A8,17032,res/piece/nfy_icon/icon_daoju_cuoluan_s.png.gz,8c33df20e223ef7ab4c6e7588c776ec0
F8A2F4E9952EC3BBD904617F1E644EA5,21818,res/piece/nfy_icon/icon_daoju_daijinquanx.png.gz,dadf71a00ce9190dff3fdeef51c0cd0f
619ED4735DBE91D8A73EBB0C040A1226,16207,res/piece/nfy_icon/icon_daoju_daijinquanx_1.png.gz,84cf759a15dfe27d56cd8aea3ce2cacc
2DB6C24E34D1AD88ED0D515EDAA37CF8,19932,res/piece/nfy_icon/icon_daoju_daijinquanx_2.png.gz,47b97957b4033eddaa74eb6bfcda091c
F8B43EA2F2E1588090611B9D7A4D441D,26540,res/piece/nfy_icon/icon_daoju_daijinquanx_3.png.gz,cb5618c3ea963eabf81efaf613740d9c
BD7DD8301737A16D020E40783277EEAB,7536,res/piece/nfy_icon/icon_daoju_daijinquany.png.gz,543243225adfb873b23b41f922eb93c7
A86DECACEFAE37E57E2D8D7588A8B5C6,1099,res/piece/nfy_icon/icon_daoju_daijinquany_min.png.gz,48540539ed0a897d44d10f3f1d5d45b6
AFBC479C99A0D8C9CCB624228D05C414,7536,res/piece/nfy_icon/icon_daoju_daijinquan_1.png.gz,543243225adfb873b23b41f922eb93c7
702B818E51963804EFC1E4F4BDECDEC8,9074,res/piece/nfy_icon/icon_daoju_daijinquan_1000.png.gz,d5ecbc74ff03443b13aa2ce4de6d1092
C97D140601FB2DA0DDE2DC3E9EEC821E,8375,res/piece/nfy_icon/icon_daoju_daijinquan_12.png.gz,67bbb20f035f994af770accaa4f421e4
1D7606C51947E526EAEB51BA72534D06,9268,res/piece/nfy_icon/icon_daoju_daijinquan_128.png.gz,81569b52f7a0c78d27a228186d3e9c55
E94718CF2AEB5D057268E8E27D936830,8485,res/piece/nfy_icon/icon_daoju_daijinquan_18.png.gz,5650950f26505350c7180bc15762c568
A1E8710688EF88054F9C5A8A09305B06,8917,res/piece/nfy_icon/icon_daoju_daijinquan_188.png.gz,23a4ee3f159eb4c8629befd0dc1e0ca4
ECDBEC5B447CB281167ED966985FBF7E,9477,res/piece/nfy_icon/icon_daoju_daijinquan_198.png.gz,70318f9732693bd81b18b22d8da5136f
9B1CDE5D97A33C7069B1C9C28D609BD1,9309,res/piece/nfy_icon/icon_daoju_daijinquan_2000.png.gz,3c6ee264d208d36af197efa170ca76a8
A7ECC327A2CE21646F79B9F225022311,8190,res/piece/nfy_icon/icon_daoju_daijinquan_3.png.gz,a3d4c8d0b0203c19beb7a3b94f2e5dfe
57D744E9972A7DEE892BE7D77EB91766,8982,res/piece/nfy_icon/icon_daoju_daijinquan_30.png.gz,bb64f8fb86a98778ab689b87a5cebfac
3ABEACA150349D41A1F32728267DE65C,9766,res/piece/nfy_icon/icon_daoju_daijinquan_328.png.gz,6061a91bb7e5c3372a560b3297e959de
4386C5B3586B4A06F940F8E57F7A6E68,9376,res/piece/nfy_icon/icon_daoju_daijinquan_5000.png.gz,38807ea4ed931ec05134cb4b5202800d
FA5E53EC3B22B3EAB5786E0B26A24E43,8179,res/piece/nfy_icon/icon_daoju_daijinquan_6.png.gz,6c292dc024a87ec76c7bbf99cbd5196b
DB2F0785FA498EFEACD5E6960FF32FC1,9012,res/piece/nfy_icon/icon_daoju_daijinquan_60.png.gz,d773b12ac0c148f3d9245cc7660106bd
E76A951EA4ADB9429B0B5BCCC1D2280F,9587,res/piece/nfy_icon/icon_daoju_daijinquan_648.png.gz,b9613f71e3db106f6e62b36e850b744f
BE7C4571E6C536252E52629F2A12A1F8,9181,res/piece/nfy_icon/icon_daoju_daijinquan_68.png.gz,fc5d7dbbca42bff3233b52fdd642f650
48F9B8AFBCA4EDCF50BAC31C809F58B8,8813,res/piece/nfy_icon/icon_daoju_daijinquan_88.png.gz,1bc11af6b4a4be7c9b82a3499fc2720d
C613E38F165C351763B965C208CB80EF,9130,res/piece/nfy_icon/icon_daoju_daijinquan_98.png.gz,cf7c1824534593e99cdd98726f9d98bb
E81BDCF09CBA198D04F556EB76D608F8,15644,res/piece/nfy_icon/icon_daoju_dakaerjianjia.png.gz,9a05d605628455967b47f6a2223e5ec4
45EF45365221266772744B97205D2495,15582,res/piece/nfy_icon/icon_daoju_fenmo_1.png.gz,711225be87324decc82b43d1a68976f2
3076484BD095756AFD9A31CDDED6438F,17325,res/piece/nfy_icon/icon_daoju_fenmo_2.png.gz,d4b85efaff0cfd648a9506e4138f2691
E2057443EB8C0F2BF9479FC66EE16594,14845,res/piece/nfy_icon/icon_daoju_fenmo_3.png.gz,82edcf3d69f6dd8e9cf53fc4b3064fc6
8CE01BF4C3191186E4E74F33E938FCF2,13792,res/piece/nfy_icon/icon_daoju_fenmo_4.png.gz,96ea015696d227447b8e22f50bdfd318
2938F630C120C2652DA6B8F8BA3282DB,27290,res/piece/nfy_icon/icon_daoju_fenmo_5.png.gz,e88df8aaaf8b6525dd579834c2f372ee
4C594AB82413FF75168E90A6B95FCE88,25852,res/piece/nfy_icon/icon_daoju_fenmo_6.png.gz,f85892a1e9d068df944c30fb8187e1a8
1B86CA07FF2E35E331F4467385E8D705,15021,res/piece/nfy_icon/icon_daoju_fenseshuijing.png.gz,d558c0d95f088ddb3b47fde40adffaf2
86B49449BB6159F616FC134C0A969053,13391,res/piece/nfy_icon/icon_daoju_fuhuobi.png.gz,a700badba830e992f52fe6df5e4c177d
B2C6CA5AB6E61123755F160298DD14DC,5698,res/piece/nfy_icon/icon_daoju_gaojiyaoshibaoxiang_1.png.gz,edb7d63697b53cfbd4afc323f4cdf4a1
E424639BAED9B44647D9BD6D3A47972D,18018,res/piece/nfy_icon/icon_daoju_gaojiyaoshibaoxiang_2.png.gz,baabee703bede6981159af8df7ba5555
8D87B59095173845AC9CE4A1BD7C9414,15082,res/piece/nfy_icon/icon_daoju_gerengongxian.png.gz,a7c36c7583a1195d6b05574ab702f546
844FC3BFDA3F92EE75CDBC8A39A66130,15097,res/piece/nfy_icon/icon_daoju_gonghuijingyan.png.gz,d6976fe5cd701aa7423ba85b07916327
C323C1C5BA160B0AE6E8D6B403E31D88,15406,res/piece/nfy_icon/icon_daoju_gonghuiweiwang.png.gz,8123c28997b3ea164268a005b9ed343f
626F7970099B4322FBCEB964AD5A9C52,13721,res/piece/nfy_icon/icon_daoju_gongmingshifangyu_1.png.gz,f758f8a629661e0696358b5079521b61
81308468505A3CACE4A7E031AA425CE8,16995,res/piece/nfy_icon/icon_daoju_gongmingshifangyu_2.png.gz,5406da0538fce884f1082c9c0eaafc36
8CCAB5AF08953817749B6EB7BF688E3F,15859,res/piece/nfy_icon/icon_daoju_gongmingshifangyu_3.png.gz,0b94770753c07a82b699dcb0622f84d3
5A40722258FE76E581977C6B5DFE0BF6,17232,res/piece/nfy_icon/icon_daoju_gongmingshifangyu_4.png.gz,39b2505b14952099c909e7bec13de457
8805480EA8332CAB57318B32C056CE14,13726,res/piece/nfy_icon/icon_daoju_gongmingshigongji_1.png.gz,1e7e2a295b277a6f5ba4db675d22daa6
EBF8033330C375ACB5D1C8CCFA758522,16961,res/piece/nfy_icon/icon_daoju_gongmingshigongji_2.png.gz,b5407adf64b9bf96770ee78a215bca53
7F8F2F85FB50DC65D5A2FFAEE549857A,15586,res/piece/nfy_icon/icon_daoju_gongmingshigongji_3.png.gz,7fd23af7835c4fe2af30c06849a1bb59
CA30C8D29C3A1FEEAEDE5D90A36753D6,16919,res/piece/nfy_icon/icon_daoju_gongmingshigongji_4.png.gz,9bb0e36d2a180548204d5e94456bfe3c
CB7747DD00F7006C85035B5C1A59F2B8,15135,res/piece/nfy_icon/icon_daoju_gouyan_30.png.gz,3caa5cf521f4865fb29c726ded83afc3
D12D53A6D51D47ABFD57B14008567D42,17320,res/piece/nfy_icon/icon_daoju_gouyan_40.png.gz,0aeec5f8a7c251555723ced4a89745f8
8CEB5D0AF884CA50CE5F4DD20F4FADF3,16842,res/piece/nfy_icon/icon_daoju_guanghuan_ailin.png.gz,862d8f3545f4007b747222b051989110
E868948C8BBBABA045E23AD52D8C11B4,24804,res/piece/nfy_icon/icon_daoju_guanghuan_bayue.png.gz,9e721d8a43cf355b0a3fd28193d592e1
CAFC17834A30A4EB115AD34E687AD707,22168,res/piece/nfy_icon/icon_daoju_guanghuan_heiyan.png.gz,a2e7318173a0d6d2bd6631dfb167f9ea
D17B3305C7864D2B7F390EB014222F09,18959,res/piece/nfy_icon/icon_daoju_guanghuan_heiyan2.png.gz,82fc27d889c59ccd2af4c276bcab5359
78984D73BCF52E5EC14A1CA00E81C570,25384,res/piece/nfy_icon/icon_daoju_guanghuan_heiyan3.png.gz,6384fa7352af250f7b8fd20872a4f3f9
837A5F8F57D990AAB55C227445DA455C,15116,res/piece/nfy_icon/icon_daoju_guanghuan_kongju.png.gz,8cdd1358010d7d9a92301bfff3ca07e7
ADFD7B78D70F3E00BB09EC8A551C6E31,10009,res/piece/nfy_icon/icon_daoju_guanghuan_kongju_touxiangkuang.png.gz,97b1ce92b5d85618223a213e20323252
0518C9853A85E5A35BC8780F865891A4,11027,res/piece/nfy_icon/icon_daoju_guanghuan_liuyingruohua.png.gz,98e9482d79d3f10c7eaf4a4def890505
8F2B0B619C0716D695648D484DEB2E14,12081,res/piece/nfy_icon/icon_daoju_guanghuan_maomao_touxiangkuang.png.gz,2c8a79292784f52e4301971b7abc6cd8
41EA3C86C302ABE1C28C99E92F84F894,18991,res/piece/nfy_icon/icon_daoju_guanghuan_shengyuzhiguang.png.gz,49274725594991827b42231386271a26
6EBE04F72CE385E67300676DA897582F,18827,res/piece/nfy_icon/icon_daoju_guanghuan_yurenjie.png.gz,31c6e69b374bdd15e6ddd8ea7746c650
DBF18867DBFEE63E163EF81007600BE9,21007,res/piece/nfy_icon/icon_daoju_guangsu_1.png.gz,6ce875820a9af46682e221cc5b3ff0ed
3EE50A8C618ABDE7A9EF402467AA2B87,19927,res/piece/nfy_icon/icon_daoju_guangsu_2.png.gz,762566d60781e8cb1b112a1036e1f4c3
E0D0A0FDC382A56D7A2B6782987C35C3,20280,res/piece/nfy_icon/icon_daoju_guangsu_3.png.gz,1581f62298a2e406e9be1ca6904ea986
803768096BC150419081F7220E42FB64,20667,res/piece/nfy_icon/icon_daoju_guangsu_4.png.gz,8d668561d5170578e23624a4f10f7614
6395EF2ADD5C7BBFEE35B8B2E5456FAE,27325,res/piece/nfy_icon/icon_daoju_guangsu_5.png.gz,c6cf598a9f81f144c07eef94f264e530
1C00DFCC861DC89A2437EBA8A8D1B01A,26762,res/piece/nfy_icon/icon_daoju_guangsu_6.png.gz,9cfc7c30d8da13af58c704bc73940792
9F6A26A59B08257EC8296F0FC2EA6AC3,16316,res/piece/nfy_icon/icon_daoju_guangyingshi.png.gz,466b5e8f47d306a25ce187cde37f5be3
111B729223A286EE6363FA5B217A4D5B,21250,res/piece/nfy_icon/icon_daoju_haiwuyu_s.png.gz,d23882bf8cbc76830f4171f554337f39
463DB8F260EEFF9D5D4C592DB7294814,13683,res/piece/nfy_icon/icon_daoju_haoyouhuobi.png.gz,d1e56ae76c51f75709ebed35db83f67a
3F61A48D6EF5319754ED8BFAE8895557,18617,res/piece/nfy_icon/icon_daoju_heiyanbi.png.gz,d77399a3b478ac867bb78269f2762c32
D439904CB6718F4F98A8BAF950AF86C0,15984,res/piece/nfy_icon/icon_daoju_heiyuecanpian.png.gz,26fbcbeca3bc1e18b69927bd1af052eb
E768CF226E7121A66F95A361E302B597,10374,res/piece/nfy_icon/icon_daoju_huanshenqiangui.png.gz,b62e4f133f82d3891378d65a6cb84b7b
EAF064A3C44E5BF64F4C7729CCDA3583,18136,res/piece/nfy_icon/icon_daoju_huanying_1_s.png.gz,bff76eda8ffe6a0890dfb4e9c439cf58
23F6F80BCF4E5158F3C84E97181EAE4E,16597,res/piece/nfy_icon/icon_daoju_huanying_2_s.png.gz,672f429d73fc3c2afd43c49a6e1ac42c
8E6D9A4DE69B758C94014CDB6748D58A,13670,res/piece/nfy_icon/icon_daoju_huanying_haikezhiying.png.gz,c7f4abb275ad9a3fbd92cc42752a164d
54AC66415BF13A00873521119ED34798,16015,res/piece/nfy_icon/icon_daoju_huanying_haikezhiying_s.png.gz,a6b09e95c2655a99978e043dd4c8de92
A13B466EF2CAEB58DAE33F9E9B8750C6,14701,res/piece/nfy_icon/icon_daoju_huanying_shuiwenyiyi.png.gz,f8d03da7fcdeea7fc40d6015be604e5d
763843A5B49D7E41594808C99AF6299D,16604,res/piece/nfy_icon/icon_daoju_huanying_xiarilangtao.png.gz,ee9f466391646e936b87518649e0bc5d
BF5BB46BAB5ACF521CC49292E1B1A14B,19597,res/piece/nfy_icon/icon_daoju_hua_hong.png.gz,3c8b475fda28dd5ceabb969fbb53ff8c
5A1A08AAB5A8144D403967F25154073A,19146,res/piece/nfy_icon/icon_daoju_hua_lan.png.gz,b4807518e0a189a58bb32f78785dbaa0
CFA936AD409CF6DA2F8677056FC6369B,19219,res/piece/nfy_icon/icon_daoju_huizhang1.png.gz,ff549509e9b79f35cdafbc94cf01d1fc
96F9F0A5F0B5A90CEAB7A3A9BACCEE92,17885,res/piece/nfy_icon/icon_daoju_huizhang2.png.gz,b9909f57076cfe9b8e995d53ef45e235
07F2D5D0075F8EC3C96D34AFCDA7FB21,17720,res/piece/nfy_icon/icon_daoju_huizhang_baishen.png.gz,1bb4cf66fecee834b742a6c3b8735b5a
2D34FF5C01537A9637AC51C5AFEB18B8,16376,res/piece/nfy_icon/icon_daoju_huizhang_baishenyingxiong.png.gz,7e2fb88d9939c9506e9514f7b8e82ce5
16593F02997E5FF03BA000D6FFA65487,13827,res/piece/nfy_icon/icon_daoju_huizhang_xueyuan.png.gz,831cd8b29d9ab2a48f5e1b8a057bd9e9
493AD7B751956CDB3D14F5159A1CDF11,11436,res/piece/nfy_icon/icon_daoju_huizhang_xueyuanyingxiong.png.gz,3597032e9cae123fc76db53f793c0afc
C94B356C8A5CFB1A54B49F1BE03FCB82,23286,res/piece/nfy_icon/icon_daoju_hunluan_s.png.gz,5b4b9910434aaf69fb82b4ebe5c7161e
9914AD6F1FF2E25F758993DFDBE65D1F,11374,res/piece/nfy_icon/icon_daoju_jiejingkongzhiqi_1.png.gz,e32e90524cde53b1e149e99a703c094c
82815FE1AF37E22B31198E11995841EF,12032,res/piece/nfy_icon/icon_daoju_jiejingkongzhiqi_2.png.gz,8fcb2e80eb7b2f5110beea3ff3addedb
33A8416B06A90219F49474BF4D530F7D,11863,res/piece/nfy_icon/icon_daoju_jiejingkongzhiqi_3.png.gz,bef85dcfa452abef7be52c01b2d733af
D17FD34A6B1F4D367259F3F99701571A,12080,res/piece/nfy_icon/icon_daoju_jiejingkongzhiqi_4.png.gz,85d7c948561eab788b37768177cad907
775DD0F9D0330FA4927A65E273E81477,12217,res/piece/nfy_icon/icon_daoju_jiejingkongzhiqi_5.png.gz,c63090feb27d175fff7e650dda418b44
E2FC64F28D8BB95EC215B6E43D0FE3C4,14440,res/piece/nfy_icon/icon_daoju_jiejingkongzhiqi_6.png.gz,ca4839a463e0ab9f96c42fee45ac102b
55588FED39BCC01305DCD3F56453CB09,12343,res/piece/nfy_icon/icon_daoju_jiejing_1.png.gz,8b243eecbd628c8057c26002c37735cb
0089C77C57640FBE8DC7AAFA52CB927B,12463,res/piece/nfy_icon/icon_daoju_jiejing_2.png.gz,a3a5bf055efe92686f5805359afd619e
A8CA54BA7B622BD6F1B91EA46859FF1E,11738,res/piece/nfy_icon/icon_daoju_jiejing_3.png.gz,30d988c929820e61a4a83a147bcebf8f
3A42804DD8458674DAEDBCAF8FAF29C8,12254,res/piece/nfy_icon/icon_daoju_jiejing_4.png.gz,5b01a4a00dc58811ad3bd146a4c319b7
4E701EB33F995AFADAFCDCD0CCAD9862,24029,res/piece/nfy_icon/icon_daoju_jiejing_5.png.gz,b953cefbec7c1bf88684e78230abe39d
818151F432150C2CD8C1B3EFE7A5E088,22036,res/piece/nfy_icon/icon_daoju_jiejing_6.png.gz,53a73014a943e1899f57de2c4af9e3f0
CFF0ADAFA21CA2AE945BA8EC55081DFE,24396,res/piece/nfy_icon/icon_daoju_jinbilibao.png.gz,e72e681b236fd51cf07265183acc4c34
7AA179D1AF3AF6AC1F0A3D089C725DAC,11418,res/piece/nfy_icon/icon_daoju_jinengshuijing.png.gz,11111763dab9fe5944869cb67171f26a
28C696BA5D79DAC6C9319B90D0589CA4,9530,res/piece/nfy_icon/icon_daoju_jinengxinpian_huang.png.gz,4138cb645af5ab342d69ad3cb02660de
2C276F5E74D8ACB75131E02DD1F49AC0,10758,res/piece/nfy_icon/icon_daoju_jinengxinpian_huang_gaoji.png.gz,16745ae8237c2e94f4a046df0d53e9cf
39686B72EAC5A313E4E9A0B6F9BE63E5,10288,res/piece/nfy_icon/icon_daoju_jinengxinpian_lan.png.gz,f2a112dfcb4716f04e7603130491f8d3
6E85F3FF7EC833E3CB71C4CA0419BF4F,11176,res/piece/nfy_icon/icon_daoju_jinengxinpian_lan_gaoji.png.gz,6983c16d04461bd0ac3fe67fa4641765
914EF1775995F1C05EFF829A811DBC49,9766,res/piece/nfy_icon/icon_daoju_jinengxinpian_lv.png.gz,d6fe9f4bdf255bd40ce7447a1ea69f26
C404163D85A7EB39F69462A6FCCDE38A,10577,res/piece/nfy_icon/icon_daoju_jinengxinpian_lv_gaoji.png.gz,36490635d3b3a3d57a33b47d90ad8c42
66E6D864F7DC39B5BA01C10B025D5480,10240,res/piece/nfy_icon/icon_daoju_jinengxinpian_zi.png.gz,5c165f114790f7c1a238e212d1865baa
C32CBD52CC962B5E8125149513AB93EC,11060,res/piece/nfy_icon/icon_daoju_jinengxinpian_zi_gaoji.png.gz,c8f70834837a82d9b26c57e4c6226211
401F2071913AD4501F62F1AFCAE3CBD6,12458,res/piece/nfy_icon/icon_daoju_jingyanyao_20.png.gz,cc3008dc8147839d278e4c778008903b
B7C5E3F094C7E6F54D1F98BD2103AB2D,17545,res/piece/nfy_icon/icon_daoju_jinjiezhuanyi.png.gz,76254d94417b7447f11372c6991fedfa
A8D9B7BD14D550925E1C6100AAE07B4D,19443,res/piece/nfy_icon/icon_daoju_jixiechushou_s.png.gz,c1e7445f0ebe6b992ff4d148fb64ccb6
A7C83E31E9CF2908162502A14F9F1B92,15815,res/piece/nfy_icon/icon_daoju_kuangquruchangjuan.png.gz,df505d95332d70c639bd40dd3d5a9bc6
DED70B4726756A341A37544B715FC435,13567,res/piece/nfy_icon/icon_daoju_laba.png.gz,11ae0d1983aca3f55805d6bc1d98c59f
CB975CFEC6D65BC359F7EC54F7D79AA6,14112,res/piece/nfy_icon/icon_daoju_lengqueji_7.png.gz,ed06c8f61a2ea1e3141208eacfa94879
B66BA51F2094154F7DA97B2048067BB3,16459,res/piece/nfy_icon/icon_daoju_libao_a.png.gz,99964a634d11c76f26ce4c0a60aafda9
96C2EF8FD35AE1F9AA412DCED9C1CC3C,17737,res/piece/nfy_icon/icon_daoju_libao_b.png.gz,400124d6d8dd79d789229f49e52a0e59
19DC51C068A71390792E1EBC6626B407,20196,res/piece/nfy_icon/icon_daoju_libao_baoshi1.png.gz,4ff6a0f886a49d128b284fd6078b87f2
9CEA0ABAEF01B46D33CE1C2AEE2E13F3,17693,res/piece/nfy_icon/icon_daoju_libao_c.png.gz,77c092897b854c238758850fabfccc42
0C77D7CDB41C147913513E7B3E2AF951,17475,res/piece/nfy_icon/icon_daoju_libao_pata.png.gz,fa2deb5ba3f5554afa4daef455bd3ce1
82D7E261A1FE4F8EE0EF0CDD07501714,10811,res/piece/nfy_icon/icon_daoju_liufenjingshi.png.gz,e2da211492b828ed243bccbb098487b3
722CC98FDECB4EB4AF6A62328975BC74,25490,res/piece/nfy_icon/icon_daoju_lunyi_s.png.gz,832b08ef4ca15b6efc1cbb246b366a1b
C733DD9D5F5E83BC6BC0F60988DEF06E,14015,res/piece/nfy_icon/icon_daoju_maichongkongzhiqi_1.png.gz,9d112329c9dd24d246dbcf6d6982d236
5D633DC8355DEA16CDEEF4993E23D39F,13013,res/piece/nfy_icon/icon_daoju_maichongkongzhiqi_2.png.gz,3eaa4eb97e6018fbbce875950d61688f
CC7E4D35581C82E082D9656EADEAFB10,13097,res/piece/nfy_icon/icon_daoju_maichongkongzhiqi_3.png.gz,a76fc0c5445a9ddaf9e204949ea4ebc7
5908CA7ACD0B2873C0BE41BD660AF56B,13073,res/piece/nfy_icon/icon_daoju_maichongkongzhiqi_4.png.gz,27ca3aea80388b9716f333a93c079358
0E8E466602DF7A89D9159B852DDF6EE6,18424,res/piece/nfy_icon/icon_daoju_maichongkongzhiqi_5.png.gz,237b8605385fe565b6ef04aa5a1d87d9
AE80D9F06EF6DA2749C185714A706895,18452,res/piece/nfy_icon/icon_daoju_maichongkongzhiqi_6.png.gz,02c3b6dd4a6668b0680042745cb5c2af
0337C18D698A210652DB7C8884B55EF4,12925,res/piece/nfy_icon/icon_daoju_manghe.png.gz,c4fdea61573531e47f90ccc06e0b02b1
0805497A22426890A794754CA2441237,3554,res/piece/nfy_icon/icon_daoju_mck_1.png.gz,55a0d90bddbc57550369e44bf6f14cf8
C8ECDC502CD4097D0B4D0AB034BCDA81,6399,res/piece/nfy_icon/icon_daoju_mck_2.png.gz,41e28a3da8709c4baccc36dce4909317
2E3B82CC575311CAB7346DD3E412F777,7885,res/piece/nfy_icon/icon_daoju_mck_3.png.gz,5ef561722a553076d94a032100a3c8fb
3E5F2FF867BD62EC4B9400B6C13646B5,2596,res/piece/nfy_icon/icon_daoju_mck_4.png.gz,752050fc1efba5ee077dde44595864bf
7E2841CAAC339824CA62B3DB62FD3820,2596,res/piece/nfy_icon/icon_daoju_mck_5.png.gz,752050fc1efba5ee077dde44595864bf
EDE9FA8A5304F4C967951EDF5C656EA9,18378,res/piece/nfy_icon/icon_daoju_mingjieheiqi.png.gz,261816444e887bdf58696e8ea547d8c8
4920A55DAD769B101C3318C189E2AD20,9559,res/piece/nfy_icon/icon_daoju_mingxing.png.gz,0022c93eeefcf3545cfc58d27f19c2a7
6FF9A2B740AAB453CC55E777FA3FDA58,32584,res/piece/nfy_icon/icon_daoju_moheershilian.png.gz,5704ecdb4346541238225c4b5946afe6
BF6A77DE7CF2CD1376898706202B13DE,31645,res/piece/nfy_icon/icon_daoju_moheshilian.png.gz,f240324091498008a49fbb24392ee16e
C50853DD5F49DFAC3A1F10C794FD587D,17941,res/piece/nfy_icon/icon_daoju_mozuhe_bai.png.gz,173c1f70f537bf3e084b59abd4d9ccbd
01D238852F29E6B128F8F5C5DC51F890,18678,res/piece/nfy_icon/icon_daoju_mozuhe_lan.png.gz,d942b217605d4993c6136e178d720807
46318FD0F1B4E58E29BA2E2FA266D9A2,18806,res/piece/nfy_icon/icon_daoju_mozuhe_zi.png.gz,313cab040d487b698cff52214e2b7aeb
D851FFED6F0B988BB56B459A66BCD7C1,14286,res/piece/nfy_icon/icon_daoju_mozuxilianshi.png.gz,2cca186a491613d9330a45623f4434f7
C6AE25126B91A8096D73F8E680E26DB8,11277,res/piece/nfy_icon/icon_daoju_namixianwei10.png.gz,1aab801bf8eb5c15537cd80e283aa642
47400851BEFE2F3081AFDC2C37F9F37E,11129,res/piece/nfy_icon/icon_daoju_namixianwei20.png.gz,4f542ac3eb43a0f7f7c28e63e57021f9
C148D690FC2A3B5B3EAE18B5628A9AC6,15480,res/piece/nfy_icon/icon_daoju_namixianwei30.png.gz,25e97d2b0cc40495794bc334ca260b2c
BCD65E50D8DB8AA15943AD19E415FD28,20149,res/piece/nfy_icon/icon_daoju_namixianwei40.png.gz,ebca1d83ae7725aa82fe8fbc05859644
96A3D4138D17CC8B9B17E79D03B0B6E8,23697,res/piece/nfy_icon/icon_daoju_namixianwei50.png.gz,b945959e5e2edfed02c41ff48534df94
9E1B5C304074AE38DADC235D4E60C76D,13533,res/piece/nfy_icon/icon_daoju_nengliangfasheqi_1.png.gz,b45babbd241b52bb02c5d0ada5c4d19e
C723572707156F4CE966F37051FEAC95,13614,res/piece/nfy_icon/icon_daoju_nengliangfasheqi_2.png.gz,bd9349d01a9dbfbef4285a25d6e82c48
8906B36A7BCF8025A5793E56725D173C,13448,res/piece/nfy_icon/icon_daoju_nengliangfasheqi_3.png.gz,9f1c86b37a3e09a1aafcd81f373b3be1
42F3BB0642E96C78F7C229218B1C8261,13463,res/piece/nfy_icon/icon_daoju_nengliangfasheqi_4.png.gz,38bd890188ee578edc7f568a8bb48bc3
D1BD445D98C58DC802874610EF158966,15758,res/piece/nfy_icon/icon_daoju_nengliangfasheqi_5.png.gz,6043696bf47625021dc92f22acd755fd
93309F0F621B52929108F5C24BEFCD8C,15470,res/piece/nfy_icon/icon_daoju_nengliangfasheqi_6.png.gz,3a0ec11b24b9b8a292a3ec98d60edf32
743695EB0B4709D825DE66E9F9D584C9,14316,res/piece/nfy_icon/icon_daoju_nengliangjingti.png.gz,0de205326eeec3df18761aa658586274
F8F5CDF5818ED92DE287A8452B682836,8214,res/piece/nfy_icon/icon_daoju_nichengkuang_tunian1.png.gz,7a6d73e62d45caeb60a75056e730459a
D324ACBA3E581F7503AB305130B1648D,3062,res/piece/nfy_icon/icon_daoju_nichengkuang_tunian2.png.gz,b68743227513dfaa3ba63b81ee1af7f4
59A1B0CE78BE77E365E49E264666C9E8,11712,res/piece/nfy_icon/icon_daoju_niudanbi.png.gz,80f01c79a43fe56bd72fcbc422c7554b
763563CC544AB3C24859BAA0BD863239,9188,res/piece/nfy_icon/icon_daoju_niudanbi_s.png.gz,3231cdbf1f99bb65a2cce50a7182b069
D6A5E00412284E0F5F2C3CFEE8D57D31,12482,res/piece/nfy_icon/icon_daoju_pansuopingzheng1.png.gz,6a6daaf353ef78686b9b6f6750fed2ce
D27450B13E1492A9871BD6334034A029,12666,res/piece/nfy_icon/icon_daoju_pansuopingzheng2.png.gz,7840727f6a39fa08222bad34462df254
FB1EAC83C6B50108C72B2844E6739DC8,12598,res/piece/nfy_icon/icon_daoju_pansuopingzheng3.png.gz,1a137274a7af9785ab11d8abc400b0cd
BC219C7AEE45FE90094D599C9D36B06D,12729,res/piece/nfy_icon/icon_daoju_pansuopingzheng4.png.gz,77f16af13fc5e9de68952d4719bf10f6
040B1A8377B23705112E77AEBC0B4B38,15063,res/piece/nfy_icon/icon_daoju_patahuobi.png.gz,00b6dde71e6de977e407b269e2aaf28a
A7718494C70DB942B45571BBA635DC95,15989,res/piece/nfy_icon/icon_daoju_pinjitiaozhengxiang.png.gz,5a333e6fe434e2435045b8a2adf796aa
201AA214BAF11D58FC4997582134BF1F,12989,res/piece/nfy_icon/icon_daoju_qianghuashi_fang_bai.png.gz,c2f7a595826cc3f8b18ac52e130184b1
18F3DDFF817890DD8140750A7CF73413,14884,res/piece/nfy_icon/icon_daoju_qianghuashi_fang_cheng.png.gz,ca9e689dca0880e55ebaec39f7c00818
300D038F0E39894651333EF8EBF531D1,14706,res/piece/nfy_icon/icon_daoju_qianghuashi_fang_cheng1.png.gz,c212583993ae8b3d5c7433bccc2fe9fc
7B90C8E86688A48FD2D996D0BDD30C70,12958,res/piece/nfy_icon/icon_daoju_qianghuashi_fang_lan.png.gz,76ace97c47908375f8ba80b5e11bdd33
C732A9D6AD3BB8DFBEF3EC17E2A41A8F,13682,res/piece/nfy_icon/icon_daoju_qianghuashi_fang_lv.png.gz,0be7de188afca58266a67a6ff481766c
022BBB3E294ED250E42759EC3B8EEB9C,13853,res/piece/nfy_icon/icon_daoju_qianghuashi_fang_zi.png.gz,2d46eb558accab872c88e9b892793b74
DA1199B485129EC99D5527B3E9868FE5,10932,res/piece/nfy_icon/icon_daoju_qianghuashi_gong_bai.png.gz,e37dbeedfaac20b7d6d0bf8385197d6e
8C0D840630D9AC5AD58EC6DC78F924C8,13522,res/piece/nfy_icon/icon_daoju_qianghuashi_gong_cheng.png.gz,b1b23d949f886c13e919df4e743ad1d2
90EC4D3B4BFD445FF14B5EE556097158,13499,res/piece/nfy_icon/icon_daoju_qianghuashi_gong_cheng1.png.gz,3a520744a9cf632d693c3e818dde35e1
27C5EC74644E32954CDA6DFBDF13861C,12505,res/piece/nfy_icon/icon_daoju_qianghuashi_gong_huang.png.gz,0729c4602c0018882898793df278cc8b
C07DA25D4320871FBE900011532B106E,11454,res/piece/nfy_icon/icon_daoju_qianghuashi_gong_lan.png.gz,2e3f095858ac36c486c31a3d9970da40
3BB881CCAA1F0B0DF6B5B5CF75980FF3,12061,res/piece/nfy_icon/icon_daoju_qianghuashi_gong_lv.png.gz,228b356d4ceb3f36f13c11e24b80e16d
24A18F09E9E315F2F05661D08943AA79,12065,res/piece/nfy_icon/icon_daoju_qianghuashi_gong_zi.png.gz,f90a4184163ad88874147f6904a837e3
398B1D7A7C33F52C67E6C09C1E4D2323,18440,res/piece/nfy_icon/icon_daoju_qijirufeng_s.png.gz,d085f27389a1567d3a79e85bd92fc601
62EA4DCCE14B4DB88B1A09636257B0B6,12879,res/piece/nfy_icon/icon_daoju_qingrenjie_benming.png.gz,6d1599e12f48951d4b00f8c816e54afe
DA56278B0ABF36B6CAE24A12E6C01913,14473,res/piece/nfy_icon/icon_daoju_qingrenjie_shihua.png.gz,20975a64ae271f8c5321d0e4006f2bed
61C0E0943D29486C2A1973297E483B18,14999,res/piece/nfy_icon/icon_daoju_qingrenjie_yili.png.gz,b66e9e6b8d1500463f22831a6dc0534f
1EF6195945AF09DED8DF5386A3F7AA9B,11696,res/piece/nfy_icon/icon_daoju_qingtuan.png.gz,eedb9da77238cda4aab896553ea8e3d2
E7DC6D6C154ED8DE288830058875673D,11268,res/piece/nfy_icon/icon_daoju_qinmidu.png.gz,c11321e092a9249499a1ce749029f7a7
D33C9F21CDB4AEA7813B1DA869461E87,13996,res/piece/nfy_icon/icon_daoju_qirijifen.png.gz,bab2678724d039c35c1943de26a82d99
2320F6D930442BED37727E5AC513A77F,25086,res/piece/nfy_icon/icon_daoju_quanmingxingbaoxiang_1.png.gz,f686fdfc6a288755501af92f353fe022
E155EFF4A7EC209BEFF9F146B324DF64,14376,res/piece/nfy_icon/icon_daoju_quanmingxingbaoxiang_2.png.gz,d3b6c1eacb3e4becd44ac069b27ea407
56ECE0C984EA337ACCE1DFC1485BBE70,18194,res/piece/nfy_icon/icon_daoju_quanmingxingbaoxiang_3.png.gz,a5860044de7bbf976928517d2f016b3e
3B80C0E73E3A972E528ECE26E781E91B,13124,res/piece/nfy_icon/icon_daoju_quanmingxinghuizhang.png.gz,e55af28d1455031247720122cc7a961e
53BC96142F827E030FAA4DBC04AECFFE,12964,res/piece/nfy_icon/icon_daoju_shengdan_maozi.png.gz,0c5636c5e5e0552f2cfbc9e9030eb9ee
887C504E561CB279F4F0600D6671D409,11004,res/piece/nfy_icon/icon_daoju_shengdan_tang.png.gz,fc3a717197582d259dbf21315a4d94a9
2E63F1DA5CD05BDA68D1E64915086E1C,10315,res/piece/nfy_icon/icon_daoju_shengdan_wazi.png.gz,f447ea648fcc770c0d7abb4cdc9d739a
D90E7340A5597E607AFACF4EDB6A3824,8818,res/piece/nfy_icon/icon_daoju_shengdan_xueqiu.png.gz,6a0cdc1d59b5bebf4abfdd26b810bb1c
DEDBD099F4FAD310A5E87CDE292A5636,16136,res/piece/nfy_icon/icon_daoju_shengjieshi_erhuan.png.gz,fac2d08a15b1e2cd81e14d4eae46de2e
7EDAF548FB5011A26C0908A5B1108025,16637,res/piece/nfy_icon/icon_daoju_shengjieshi_jiezhi.png.gz,2d5339a4d19be53d6009d5e88fd5a7d7
A1CE5F6724C167D6E8B60E60C6E34247,15965,res/piece/nfy_icon/icon_daoju_shengjieshi_kuzi.png.gz,93cae3030c27b5d2de18f53db3c4c5b4
EBB3814B45DF7C88684708215CABE575,15964,res/piece/nfy_icon/icon_daoju_shengjieshi_shoutao.png.gz,2f38ec0c75d3d8bbde390c65a4c56480
6A6D2B2222803E6DE55324FF1473B5E4,16228,res/piece/nfy_icon/icon_daoju_shengjieshi_wuqi.png.gz,fe53b5c593323078b3d2380d4f3ccfa4
EE08CF71FB2F288181E3A157942D823F,16268,res/piece/nfy_icon/icon_daoju_shengjieshi_xianglian.png.gz,2bbcff1f3d722f6ff4ed79efece9b8f5
4E15F1B3BDDCC440C0589004F904084F,15715,res/piece/nfy_icon/icon_daoju_shengjieshi_xiezi.png.gz,3d3d41861b4011ae1a8f2f53a5aab501
A27F41D01C6F2F6797520CC9BFD3FCA6,16080,res/piece/nfy_icon/icon_daoju_shengjieshi_yifu.png.gz,d595aff7d1c40457b103cecfd4d6fbee
0DB4378D5F385DC434D59967623F65AE,12260,res/piece/nfy_icon/icon_daoju_shengwusuliao10.png.gz,2798b94972da2a83e256f6b212f1f407
9FFD42F9E7317E13288315BCD6EB8614,12430,res/piece/nfy_icon/icon_daoju_shengwusuliao20.png.gz,a0d36cd2e79797a9203b3d39b5dc67a9
61EDAF07AB68D6E7D81CEA24955CD22B,12337,res/piece/nfy_icon/icon_daoju_shengwusuliao30.png.gz,8f86467ac1e9f9ab58c73c73c305fe5f
1F369615E5C0D75804129958C5D17DE7,12626,res/piece/nfy_icon/icon_daoju_shengwusuliao40.png.gz,71d7a10ac3dc6a72103bc9a00f633767
FA61B0CB78AD9C894E7D5D4D1E75E668,25741,res/piece/nfy_icon/icon_daoju_shengwusuliao50.png.gz,56c6fcce2bb84fa2a3b0912af7609246
69CF1F7519496776F7604AA7B22610CE,10820,res/piece/nfy_icon/icon_daoju_shengxingquan_10.png.gz,12ca6759e066d77e96afb06d009a9917
B981E20487F33775FD7C015DFC55E888,11232,res/piece/nfy_icon/icon_daoju_shengxingquan_11.png.gz,69f7047408887cee91e822d8b434c54a
27735FA5061FA5BE00F3F7FB97CBB860,12848,res/piece/nfy_icon/icon_daoju_shengxingquan_11_s.png.gz,6c70d8d0a9527b7f096b2ae42102e8d5
C574E3E513927953F16F027B8ADB412A,10539,res/piece/nfy_icon/icon_daoju_shengxingquan_12.png.gz,ef6e213598408e93ea887e46f3af0d30
852BD7AB429C1C2A9E9AF8EED8E93188,12140,res/piece/nfy_icon/icon_daoju_shengxingquan_12_s.png.gz,9ba10232b3571e949b615660b68435a8
9D1934AB741FEF67DC62B783FF5E1246,10393,res/piece/nfy_icon/icon_daoju_shengxingquan_13.png.gz,ec85b48d93d4ccc9f2a857c5dd78f7e6
F92CA4034CE64A48FD632702A02E8183,12003,res/piece/nfy_icon/icon_daoju_shengxingquan_13_s.png.gz,4854cb10fab4cd8e2c657d6f1887290b
1805613260212E88F59012987DEAE005,10374,res/piece/nfy_icon/icon_daoju_shengxingquan_14.png.gz,34a012aff2a421fa08f08e0ca3057382
E16D914023BCAF98476758C66E70D247,11964,res/piece/nfy_icon/icon_daoju_shengxingquan_14_s.png.gz,94cdb2280ce79cfc70c158c7ab98d201
41D1B28ACED59075C239012372164A11,10477,res/piece/nfy_icon/icon_daoju_shengxingquan_15.png.gz,738d248666efd425c51cc30eef53d363
CFEFCFE498285C3F80F5741056D83AE5,12100,res/piece/nfy_icon/icon_daoju_shengxingquan_15_s.png.gz,de70229d12360aa19db0ad830f118089
C34724FBDFCBCF74A7484A5E83409EAE,10392,res/piece/nfy_icon/icon_daoju_shengxingquan_18.png.gz,5d09e7fc9e5b718fbd920b27ea529709
1D5D7612760B907329A58271E9110667,11843,res/piece/nfy_icon/icon_daoju_shengxingquan_18_s.png.gz,df63fe12aa7c29f12fb923c29fe717f0
908AEDAAEEDB9A4F3DD1613344B7935B,11060,res/piece/nfy_icon/icon_daoju_shengxingquan_20.png.gz,36fc33181876a5f2d3b0b9d48f0ca70d
164BF8B43F25440B8BE4024F12852636,12504,res/piece/nfy_icon/icon_daoju_shengxingquan_20_s.png.gz,d3901113a982a6318c3781e909565e5a
80189E341D79FA67A7CCF72C593E8F78,10785,res/piece/nfy_icon/icon_daoju_shengxingquan_25.png.gz,8dd5866ab73c1345fe61923b90fe1d1b
C8A31FFD6F23E3760BC8511343FC148F,11050,res/piece/nfy_icon/icon_daoju_shengxingquan_30.png.gz,d66f76f6aac889faff15b32312f9c24d
5A919CEB8E314554CBF2699E0AFC8DC6,10755,res/piece/nfy_icon/icon_daoju_shengxingquan_35.png.gz,30df1677d22a4c51cc29b2c67c0d2cd7
33E06282C7F56C80B356F8D293E6088A,11435,res/piece/nfy_icon/icon_daoju_shengxingquan_8.png.gz,679a55ec3c94476babb7c14684fc2d4b
83302445CFB080E6F8CC26891762F662,11541,res/piece/nfy_icon/icon_daoju_shengxingquan_9.png.gz,fc8b9142fbd82c232ad7383ceee2eb2f
46616991F422644318E352DF90299A3B,11394,res/piece/nfy_icon/icon_daoju_shenjing.png.gz,92b8d0e385322c21c42755708f7398b5
7B826597033626C3D5F1E6B894ED93E1,17632,res/piece/nfy_icon/icon_daoju_shenqidingdan.png.gz,23ef3ad6e8ad184148b62a3fc3afb965
7A3A868FF5B9C4CCCECED153724369D4,12013,res/piece/nfy_icon/icon_daoju_shenqidingdan2.png.gz,22796247e76447f79724eb320e41986a
0E3C7B5DAF21C6F241F8777F5310FE0F,14699,res/piece/nfy_icon/icon_daoju_shenqizhizheng.png.gz,f195754c207bda98482655a760828c75
DEAC3C7A41F80C4980929C3C11EF1E40,15044,res/piece/nfy_icon/icon_daoju_shenshi_bingzhi.png.gz,3eab5f9801472e886cd7dc85c7011e0b
84797E8B21BF33570BEFAC8EDC27C213,17207,res/piece/nfy_icon/icon_daoju_shenshi_dizhi.png.gz,21d1b2febf50943f8b529d9d707ee6d0
3D22D75E94A759D2CD2CB58C8451A04A,15100,res/piece/nfy_icon/icon_daoju_shenshi_huangjin.png.gz,cfc39a740088632ad695e8dbd536360a
119A84A23D895F1093E950526F20DA09,16888,res/piece/nfy_icon/icon_daoju_shenshi_leizhi.png.gz,f7a5d59cb3556d70083568c912b2ffd5
4EB08F1B04C2B1C8FBAFA03E8BFEB0FC,11539,res/piece/nfy_icon/icon_daoju_shenshi_qihei.png.gz,9ac2b5308e5aae802880336a05caf57c
6823742BEB281EDDB0ED7F04475DCDD8,17777,res/piece/nfy_icon/icon_daoju_shenshi_yanzhi.png.gz,d15b11f28008f59fee2d13ae59d566a3
1994813296806987162E65F8A4640B66,15376,res/piece/nfy_icon/icon_daoju_shizhuanghezi.png.gz,555696fb403d36d6b5f66a1c1723cd2b
BBA3324A14419E636D401E8903D61E91,15700,res/piece/nfy_icon/icon_daoju_shizhuangyuanjian_sr1.png.gz,84a7cf54e43aa88c20d4397d74402d8a
DAE2CA5881EBDDB84FFCCE3C5B1733B1,15508,res/piece/nfy_icon/icon_daoju_shizhuangyuanjian_sr2.png.gz,d7f5c2725c58750919d7b252aa4f9407
8718D3D9940C986DC7CC67AD421D71D9,15675,res/piece/nfy_icon/icon_daoju_shizhuangyuanjian_ssr.png.gz,a05f075bca1d569323aac1066260d932
7058A4506092EA84947B9B7D86B3697A,19928,res/piece/nfy_icon/icon_daoju_shizhuangyuanjian_ssr_bianyuhaikechibang.png.gz,ada9318276a84a5bd5a39489e0614ebd
AC14156CCC0CD960FC376C00E78B2175,18266,res/piece/nfy_icon/icon_daoju_shizhuangyuanjian_ssr_bianyuhaikeguanghuan.png.gz,5ca2252608d94ce50e51f86c552f3d63
D4D685BD7A25AF46852E1F6F3C350241,18237,res/piece/nfy_icon/icon_daoju_shizhuangyuanjian_ssr_cangyaoguangyi.png.gz,15a0c78d7004ec6f89e2fa32da6e3fdc
B8C60BE33373C8F654D5698C47CEF3B8,18320,res/piece/nfy_icon/icon_daoju_shizhuangyuanjian_ssr_chunbaishengqi.png.gz,76da323cab8e454f96a33349fd16c54e
97A49349D286A088A4171D6855DDD005,19328,res/piece/nfy_icon/icon_daoju_shizhuangyuanjian_ssr_geyonghuanchao.png.gz,50ff2c25d7092c75057b67bca62f56b3
810A7DDB8E14FB4C6B873201B991FCD8,19290,res/piece/nfy_icon/icon_daoju_shizhuangyuanjian_ssr_haikezhiying.png.gz,60084c12be8482a40a19aba790061492
03B8181046FD1FC6EEF314CEC325EFA1,18429,res/piece/nfy_icon/icon_daoju_shizhuangyuanjian_ssr_haiwuyuyuan.png.gz,9c2d57a94c52952ffa9b120319487749
7049032E39214606B0B5A69E0548C1F7,20442,res/piece/nfy_icon/icon_daoju_shizhuangyuanjian_ssr_jiamianwuhui1.png.gz,cb343b9c2d10de1257701d5df05d41ee
9766544EEF6F6CF1F93FBC8F7729DE67,21622,res/piece/nfy_icon/icon_daoju_shizhuangyuanjian_ssr_jiamianwuhui1_s.png.gz,7bdc2f7ca62497a176d629b363e8ba96
854A25EC9B1C6A29613F4CC85961064F,17160,res/piece/nfy_icon/icon_daoju_shizhuangyuanjian_ssr_jiamianwuhui2.png.gz,daa2096c9494084f7e20676c2a5de44b
94F35B1584BEB6B443C279BAE2C4AB61,19659,res/piece/nfy_icon/icon_daoju_shizhuangyuanjian_ssr_jiamianwuhui2_s.png.gz,6a80469da281f404676757291b0e8448
E35F9E71F486D3E8608CBF93DBAFC198,19667,res/piece/nfy_icon/icon_daoju_shizhuangyuanjian_ssr_jiamianwuhui4.png.gz,0ab02849a90c223759e5ffa96f7edaab
0943444316E3ED00630538545524DBBA,20869,res/piece/nfy_icon/icon_daoju_shizhuangyuanjian_ssr_jiamianwuhui_s.png.gz,09a5ad4285a6686484dc0feb31925cb8
9232D183AB92910BF3E673558995E90D,18762,res/piece/nfy_icon/icon_daoju_shizhuangyuanjian_ssr_kongjuguanghuan.png.gz,281d5feb8e95f69f49a852a363dbfec4
1C0C1BF149F0745ADCE6FBBC3EE35DDB,18832,res/piece/nfy_icon/icon_daoju_shizhuangyuanjian_ssr_linyuanshouwei.png.gz,c7932949550aa30fbaaaf9d211c157cb
C4AD816A8528309AE5EED957B9A56F64,20407,res/piece/nfy_icon/icon_daoju_shizhuangyuanjian_ssr_lunyihuanxiang.png.gz,a9cf39fa6ca962257cbe5bb0a8959b89
A1A83AE26DC55BD55E45C4C03AEEAE66,17517,res/piece/nfy_icon/icon_daoju_shizhuangyuanjian_ssr_shengyuzhiguang.png.gz,6d38f055f79e1935ef4b3c77a140836a
92A71082CD38732EEC9FC3829F753D0C,16778,res/piece/nfy_icon/icon_daoju_shizhuangyuanjian_ssr_shuiwenyiyi.png.gz,82a6c508911e3acfada8216dd7ff74c6
2D042B5BF27E07FFDCA30F20BA9ADB8F,20502,res/piece/nfy_icon/icon_daoju_shizhuangyuanjian_ssr_shuoranchibang.png.gz,ebd2f1253e594c74fac4fdffd82a9538
F0FCAB80492E1B4EB746206B156A950A,21790,res/piece/nfy_icon/icon_daoju_shizhuangyuanjian_ssr_shuoranguanghuan.png.gz,1727a0db64a7cb68f05ad1e6f773c39e
5A02855F331FE890746245362278DEA0,19115,res/piece/nfy_icon/icon_daoju_shizhuangyuanjian_ssr_shuoranyanxiao.png.gz,b54ed53ec813b524435ce3bbd60fdc15
A7A5D110BC2E1F658B821F12EF3824FF,17053,res/piece/nfy_icon/icon_daoju_shizhuangyuanjian_ssr_talangerxing.png.gz,5abffe380d6ad115f5d364103e535305
65836E0CC3DFF0BC158DDC7244EA2BC7,18358,res/piece/nfy_icon/icon_daoju_shizhuangyuanjian_ssr_tiejiachibang.png.gz,6ab45837c7694c08873e030d0cb2afd2
9776E8F08A9DF06F945EE2BFC9F85EEB,20840,res/piece/nfy_icon/icon_daoju_shizhuangyuanjian_ssr_tiejiaguanghuan.png.gz,2719ab34486ffb2e1c87eebbf839dd95
8528394A662C6F58FEB5CA819D71545A,6263,res/piece/nfy_icon/icon_daoju_shizhuangyuanjian_ssr_wanxianggengxin1.png.gz,ff331876571df38d3770665ac120d4ec
78ABEE1AAA974DE17EC7AFD38A81212E,21406,res/piece/nfy_icon/icon_daoju_shizhuangyuanjian_ssr_wanxianggengxin1_s.png.gz,b04a5d0f299df4b81ae35e00d673cdd0
EAC6DC676827F5ADFF18B6FD05B29E57,6140,res/piece/nfy_icon/icon_daoju_shizhuangyuanjian_ssr_wanxianggengxin2.png.gz,f664a2a8c37cedbfd6e58a36bdb36412
32C2CE889EC41D712C07AD8FA4A156A0,21205,res/piece/nfy_icon/icon_daoju_shizhuangyuanjian_ssr_wanxianggengxin2_s.png.gz,8a4047cde8a416308858ba49c1024f30
03250E41ECA6C89B330EEA0253472BB3,20385,res/piece/nfy_icon/icon_daoju_shizhuangyuanjian_ssr_wanxianggengxin4.png.gz,f948fae3466e9fe1b21f68311f7a8fbb
BFE081ECFFC2D2630A92F12EDC49D433,6513,res/piece/nfy_icon/icon_daoju_shizhuangyuanjian_ssr_wanxianggengxin4_s.png.gz,779cd8ed5fbc30c3d1809439c71cda84
FD891CF8B2A4389D8D5EB7AAC1BF8AC5,16213,res/piece/nfy_icon/icon_daoju_shizhuangyuanjian_ssr_xiarilangtao.png.gz,0ec8e0529bb6e82c25bd4e4ca31f88c1
9A0A4F32305BA5F6CC6F2DEA577EF910,17426,res/piece/nfy_icon/icon_daoju_shizhuangyuanjian_ssr_xixueguichibang.png.gz,73001d99485f1bdb6d91a73655a3626a
327545D68479CC9E1D1881DAFFC426EE,16344,res/piece/nfy_icon/icon_daoju_shizhuangyuanjian_ssr_xixueguiguanghuan.png.gz,417b4894145b7adf54d2849ceb435053
1881E58B72474EC82905F736EF9C6330,16476,res/piece/nfy_icon/icon_daoju_shizhuangyuanjian_ssr_youxizhiyi.png.gz,6360aa2191212e490aadc28a5cdc7f1e
2B63FC61CE31839718FDE02027085E76,15598,res/piece/nfy_icon/icon_daoju_shizhuangyuanjian_ur.png.gz,8592b1e14f3f33594b1fb568ac484ba3
D51FEA7105960666754E961700864309,18257,res/piece/nfy_icon/icon_daoju_shizhuangyuanjian_ur_bianyuhaike.png.gz,c99643d95f941c2e5d37810c8f0b6e24
943F123FFE98BDA5A2586D2713850074,19607,res/piece/nfy_icon/icon_daoju_shizhuangyuanjian_ur_canglangdichen.png.gz,04269d7eba9bbc8ff83229ace1bc8398
D7C4046C3EBFB10C0C6EF69F4B78197D,19613,res/piece/nfy_icon/icon_daoju_shizhuangyuanjian_ur_haiyangpaidui.png.gz,fac329016f943053f7329df5efa04be0
ECFEEACE4D85B4A0FDE1B9C3C585A2DE,19022,res/piece/nfy_icon/icon_daoju_shizhuangyuanjian_ur_huihaomiying.png.gz,dbec3a4fdd6c84cd6ab525bfd02e3ba9
6EDD65A607A87FD174A5C186BF10757E,21111,res/piece/nfy_icon/icon_daoju_shizhuangyuanjian_ur_huihaomiyingicon_daoju_shizhuangyuanjian_ur_huihaomiying_s.png.gz,037306c1f26b3db3650cde32b23bdc23
EBF9A3316392E8A1ADB2368E57FA047D,18930,res/piece/nfy_icon/icon_daoju_shizhuangyuanjian_ur_posuoyehuo.png.gz,e31819b4e527663ff65e4a1df88eeff4
527D5227ECB6C619756E99C4F878B8A9,19688,res/piece/nfy_icon/icon_daoju_shizhuangyuanjian_ur_shianaiqi.png.gz,353b93feb5aff8d5e3658cb707f2867f
DD63B942BAC56D7B2064DA5DA4590FE8,20201,res/piece/nfy_icon/icon_daoju_shizhuangyuanjian_ur_yehuanlanshan.png.gz,a76204c9a3469892e1a78b6b0527eda6
D3D07E880C4D7ABC0E75D394301CFBBA,18770,res/piece/nfy_icon/icon_daoju_shizhuangyuanjian_ur_yetingwanzui.png.gz,bdc6814ade98e048a326859c36b72713
EC6E1373E958AC2AB036AA32029D7C68,15525,res/piece/nfy_icon/icon_daoju_shouban_jidaoke.png.gz,f5f75b15cc1ff7a99ecac1f0fb197538
BEE0A5DCCB66CA97949490A3860C7A12,16103,res/piece/nfy_icon/icon_daoju_shouban_jiuye.png.gz,e135dea171f3076bb95039169154385f
058C50D4ABA97686EB0157E5621FBDB2,15963,res/piece/nfy_icon/icon_daoju_shouban_lian.png.gz,a01f77d75b6ee95510d67e9c129d0d55
522175D36140F47F3248959ADDECD7D1,17229,res/piece/nfy_icon/icon_daoju_shouban_tianshi.png.gz,7539317da234808096e76fcacc558677
579126B43C657B93D4B27CC5F0134AFC,16985,res/piece/nfy_icon/icon_daoju_shouban_wrjun.png.gz,ee57be4998ab17d2cfa3f9dd5b5e8681
08CB8CDCD3289A7F61B2EFDA69B06666,15914,res/piece/nfy_icon/icon_daoju_shouban_xueli.png.gz,de958c456e2c9c651bd9460ccc6b8d62
335DFF83CD7A309EB455F416AD02A208,16765,res/piece/nfy_icon/icon_daoju_taozhuanghezi.png.gz,468b20ac9d6755cc94e754a8c81b9ffb
51E6DA9E49511438153365E78CC73017,12323,res/piece/nfy_icon/icon_daoju_toushuijing.png.gz,f4e478ac7548c41d09557f85e9d1d892
F559726E46A1A079B17599C81521A5CC,10808,res/piece/nfy_icon/icon_daoju_touxiangkuang_1.png.gz,52e2fc39087157213874a3f8f29a5c9a
7501AF161E5486C4CAD0D791E7F275B0,13737,res/piece/nfy_icon/icon_daoju_touxiangkuang_duanwu.png.gz,147a7711ebe345e980b2801a6554496c
14B485AF8CD2EFB82E916526B10AA541,9586,res/piece/nfy_icon/icon_daoju_touxiangkuang_newailin.png.gz,2ed748cb6713d056abeab96a2888f1a7
E7136DE1A238A12E436ACF35E946A5DF,17939,res/piece/nfy_icon/icon_daoju_touxiangkuang_nianshou.png.gz,3ede0d4637e7d461882d77bc1f2f9ce1
7AA4C4F33207D3AEF2CB9DB7C091C53C,20756,res/piece/nfy_icon/icon_daoju_touxiangkuang_nianshou1.png.gz,63d22e5ae0a2c91826cba49106c8d590
EA15C808A15CFDE2070CF9F2BDEE5AA0,16782,res/piece/nfy_icon/icon_daoju_touxiangkuang_nianshou2.png.gz,1a0c5e29ceea217014100eeaa86acb68
A125D454C255281FAD76DC85354C5FEE,11702,res/piece/nfy_icon/icon_daoju_touxiangkuang_nianshou3.png.gz,9f61c5052493ebd279902ce879f9b5d0
33C92EF300CB6A8665ECFE1239174805,11024,res/piece/nfy_icon/icon_daoju_touxiangkuang_shengdan.png.gz,bba4a7dc63f659d8b22354391a60ae33
ADD27970448A46E5BDCAEA5CF7319978,17105,res/piece/nfy_icon/icon_daoju_touxiangkuang_tunian1.png.gz,324954b7ffeab565ce65cd1601c92e0a
110EC80DFEAC23026D8DD0E7560D17BF,4825,res/piece/nfy_icon/icon_daoju_touxiangkuang_tunian2.png.gz,08564f893f5f68b679f28e5a7ed1eb8d
72FB72EF5086E6FFA89ED0D8AC82ED6C,14021,res/piece/nfy_icon/icon_daoju_touxiangkuang_yuanxiao.png.gz,1021c8e708d5a585399da135b4969ab7
75D8F11C5117DD9603DD11B9B1834E56,16344,res/piece/nfy_icon/icon_daoju_touxiang_huanshenqiangui.png.gz,551c2faac2f2dcd585da4a09ad1efd0a
6EB5D3E6EA3D1165833320537829F2DD,28926,res/piece/nfy_icon/icon_daoju_touxiang_maotu.png.gz,edfec906e3bd28cadeba25ee028db910
5A0F58F745B2B0699A5A6FB5FBF03ED1,17523,res/piece/nfy_icon/icon_daoju_touxiang_newailin1.png.gz,10041559ace7c2a66e29e019701ab5b1
5E9A6C3748CD5E5D7FE04FBD9073DD4C,17269,res/piece/nfy_icon/icon_daoju_touxiang_nianshou.png.gz,023dd286ce764c8c934cfb8b17c8aa2d
1DC0C734D9E28953BB559E7515D116E0,16827,res/piece/nfy_icon/icon_daoju_touxiang_renwu1.png.gz,361cc2a9972a31421d7449310179d822
3B4F29D2892B0A5BA7BBE50B350400AA,15792,res/piece/nfy_icon/icon_daoju_touxiang_renwu10.png.gz,6c1812cdf2c9a8fc22e0944fcdccb07a
7013806D6E5A34D2ADAD8B79F2C46B09,17020,res/piece/nfy_icon/icon_daoju_touxiang_renwu11.png.gz,0422dc4e732132b74c472c77442a9d6d
968FE85A43410B5D8AFDA66001DEFD84,15617,res/piece/nfy_icon/icon_daoju_touxiang_renwu12.png.gz,f6cab4207b068c3c3b544473b1a65d90
49E7677369C800A3D7E43D3EC1CED64D,16346,res/piece/nfy_icon/icon_daoju_touxiang_renwu13.png.gz,d012e9af264cd32ebd4e07d372b637df
95A3EB6D13BA6DB2ECB78897B62C7E78,14121,res/piece/nfy_icon/icon_daoju_touxiang_renwu14.png.gz,60cfee53e3dfeab62a499f876d8ef2fa
179FC363ECCE0F29A806B50CC4F9C865,16129,res/piece/nfy_icon/icon_daoju_touxiang_renwu15.png.gz,e9586112eee0de2560e5b3779439e698
48CE200EE4133FF5ED45827D30E9B6CC,15023,res/piece/nfy_icon/icon_daoju_touxiang_renwu16.png.gz,156bac9ba79d962ea6970b0d4d28d57b
D9C14B3793E444D25C94CCD56CC24867,14222,res/piece/nfy_icon/icon_daoju_touxiang_renwu17.png.gz,48d30948c510de403ae9d35ea1752840
CA2B2E517AB87D527F34E1E980813F01,16792,res/piece/nfy_icon/icon_daoju_touxiang_renwu18.png.gz,00a69dc36b5950c7746db9a688022c6c
31913CDFC0B04473E591A20CE41B635E,15616,res/piece/nfy_icon/icon_daoju_touxiang_renwu19.png.gz,32d6e16c0622dda36d96ebce5e06fffb
1903D52B4FD486E9B9070C7DE3D50649,19033,res/piece/nfy_icon/icon_daoju_touxiang_renwu2.png.gz,9ac214d840a282af5e73c008f977fb99
00433A0E2E51E9FCDF5A484B93BE05BA,14458,res/piece/nfy_icon/icon_daoju_touxiang_renwu20.png.gz,128a6c48ee84eac2329de591130e5320
667F0C589F3E0CE82D9561FF273FD56D,15351,res/piece/nfy_icon/icon_daoju_touxiang_renwu21.png.gz,f85155030f9a68fce556c179a49bf877
C729F371D5A40F59C953FCA662B0EB1F,15684,res/piece/nfy_icon/icon_daoju_touxiang_renwu22.png.gz,f46fb545e356a99788953bcd0dbc329b
3D55B38C132CD6D0254A31CA56FFEB5A,15356,res/piece/nfy_icon/icon_daoju_touxiang_renwu23.png.gz,35dc6b28a258111c6bd0e33306b5ba60
7DA8C1BC33F5F7FB6A11BE870DF5DD3E,15256,res/piece/nfy_icon/icon_daoju_touxiang_renwu24.png.gz,24a79449412cd54313db62d6e8d9ec1c
15FDB99C1C2A5123E2985DAD110610D0,14190,res/piece/nfy_icon/icon_daoju_touxiang_renwu25.png.gz,7c3ade51b7dc60b82708bacd08ce1421
DE6152183C81FAE7133BF4461C9A36E0,14296,res/piece/nfy_icon/icon_daoju_touxiang_renwu26.png.gz,b48d0bd33f3ac0dfbb1ddbbf23390002
A64F2F63434BC9EAFC1EDE67F15F0099,15046,res/piece/nfy_icon/icon_daoju_touxiang_renwu27.png.gz,821a288429f15cdd2d1f4787d73511cb
6CB7D25C08A39820B068ABFEC8E362BB,12804,res/piece/nfy_icon/icon_daoju_touxiang_renwu28.png.gz,198f5e0a9ba4f92c24bf9514dced850d
38DDD128E93CCFC0346E64F63920F861,15249,res/piece/nfy_icon/icon_daoju_touxiang_renwu29.png.gz,fed923dadea611b7017b66ac9ce6586a
646B1E88164B53115F69F57297662ECB,17328,res/piece/nfy_icon/icon_daoju_touxiang_renwu3.png.gz,3bbc088c0c2341d54268fbf1c3cb8eeb
08E3DFD9093F3C501A2D29FF46243666,16392,res/piece/nfy_icon/icon_daoju_touxiang_renwu30.png.gz,f77cfe26c3eb47e6c6fdf3181ac97eae
883768D56484D55F67F4CFBD2BB8AA96,16350,res/piece/nfy_icon/icon_daoju_touxiang_renwu31.png.gz,2894f396e901cc5d361c54d80f3e7bce
B70FA93D327E838AF61ECD068F2A0D3F,15006,res/piece/nfy_icon/icon_daoju_touxiang_renwu32.png.gz,1c2698e683523f4691dca35b781ecf35
C99A139DB67B29C4CF94F87E3863AA8B,15485,res/piece/nfy_icon/icon_daoju_touxiang_renwu33.png.gz,f6877c9029d6cd14f46bc59bf3150e9f
7CB20DC39FA8692EF06F4269785C9A54,17867,res/piece/nfy_icon/icon_daoju_touxiang_renwu34.png.gz,002d12bbd94d955dcc5c850f0cc7f95c
85B68AFB5A66F1041E0574DFFF7CD203,16150,res/piece/nfy_icon/icon_daoju_touxiang_renwu37.png.gz,c81afe79b4585326047de6a47808c21b
54CB4210833946D6C40FCF0568D618F4,17153,res/piece/nfy_icon/icon_daoju_touxiang_renwu4.png.gz,27638563e9623e18f752aaf03a616882
7BF7EE86B1FB209DAF30D65E522D1B68,15776,res/piece/nfy_icon/icon_daoju_touxiang_renwu43.png.gz,869b9cbeedf5b0384bb28f9989d82968
F13EF5B118DE37C37B7C24FB867E09F6,13094,res/piece/nfy_icon/icon_daoju_touxiang_renwu45.png.gz,12d1460c6f2aed0be540f93b489d922d
2E0F3D8E779501615796ABCBC4BB705B,15186,res/piece/nfy_icon/icon_daoju_touxiang_renwu46.png.gz,a5b1b6010f990a8c73652a1603988642
8383BB35CD31B6138B34DD29DEE8D7B3,15805,res/piece/nfy_icon/icon_daoju_touxiang_renwu47.png.gz,54cd6ed966b0c1ec5eb5ac49cfe65392
188AFACC9D880888FF40E4F73F246DDB,14963,res/piece/nfy_icon/icon_daoju_touxiang_renwu5.png.gz,5aeb4e89c6a7886b5fb47f6de396cea7
569DFEF3596AB72079B4497AFA9CD896,15394,res/piece/nfy_icon/icon_daoju_touxiang_renwu6.png.gz,e565a75b89c9c2bccebc606d11b69d38
272F0E1E97E7EB1150E9D6FF3D4F6358,13729,res/piece/nfy_icon/icon_daoju_touxiang_renwu7.png.gz,7f35005a15fd6453cd682d07cc505865
9FA73CBFAE917486FD0741F06EBAE023,14725,res/piece/nfy_icon/icon_daoju_touxiang_renwu8.png.gz,a05c211ee75724e4e155421b2e3279f9
A1C425EEE5EFA207424AD49C3900834D,16875,res/piece/nfy_icon/icon_daoju_touxiang_renwu9.png.gz,5aba264f16e4458475c10a6f8cd6045e
2B15DCAC39CAF608DE5407288E733892,18940,res/piece/nfy_icon/icon_daoju_touxiang_renwuD01.png.gz,3b75c01a94d1e70581186848df7ff2ee
F333F830D29087CABB9C67258A7E88BE,17103,res/piece/nfy_icon/icon_daoju_touxiang_renwuD02.png.gz,f43581c5b0710db82652594f258c7f34
8D7676EEA8E2BDFDF1B0C4887D35C606,13131,res/piece/nfy_icon/icon_daoju_touxiang_shengdan.png.gz,c8687d94094476fabb02fe21c543893b
E1C77639889347B85E8D0BDCCE558EB4,18492,res/piece/nfy_icon/icon_daoju_touxiang_wuzhuangji1.png.gz,749c0b835604d224b1b6a9f0df905f65
C0532A762738D82F599A8D8926507081,18238,res/piece/nfy_icon/icon_daoju_touxiang_wuzhuangji2.png.gz,e142755dec433ee258a46827644a3972
41834DA3C2991C3B1794AE8A7ADFF965,14884,res/piece/nfy_icon/icon_daoju_touxiang_yuanxiao.png.gz,6d54bf10375aebf2a0fdc3eed9b25505
BEC42453CCF3A6ABADBA2D9908B5A05E,18428,res/piece/nfy_icon/icon_daoju_tuposhi_bai.png.gz,3b861b8529095913d2d570b98c8ad0db
D59B1320E0E229CBE8FA673CC1C5E4EA,19689,res/piece/nfy_icon/icon_daoju_tuposhi_cheng.png.gz,9522209211281de0a688ccf55c1b361e
386FECE3BCD39465A68C2B5FCDDBAB8E,19177,res/piece/nfy_icon/icon_daoju_tuposhi_cheng1.png.gz,675fe9f98ecd2d15a3152671b79e5245
336A015E7A339B84AB2544C892166ABA,16974,res/piece/nfy_icon/icon_daoju_tuposhi_lan.png.gz,09f32155ec5a3ef792f5be95404258a5
553611D05CFC0E28A2A02B810193D982,18949,res/piece/nfy_icon/icon_daoju_tuposhi_lv.png.gz,64707dc5067b49a126f17ceeebb3c5d9
A4AF451E82448BBFAD7371DC4DB9C7A1,18326,res/piece/nfy_icon/icon_daoju_tuposhi_zi.png.gz,8c378c8a6cc204b9fedf1dde46356168
7A367E46DC2ED142C3781AAA9F4B35C8,14537,res/piece/nfy_icon/icon_daoju_tuzhisuipian_30.png.gz,f19958d0217c0aaa894a82b0bedeac01
9694CE792AB8B99D1A4311829D401E64,14674,res/piece/nfy_icon/icon_daoju_tuzhisuipian_40.png.gz,c8496c5b903ed5acee4195df67dc0a88
8FE9CC2C7848384F127459E4C3BCCCC1,14568,res/piece/nfy_icon/icon_daoju_tuzhisuipian_50.png.gz,808a3f631b7b0101bb4f7f1bb78cfbd7
BF9CC77D3A70B9738053A9E001742154,10005,res/piece/nfy_icon/icon_daoju_vip_1.png.gz,e184afa5a73d00384293b595f667a2ba
281C05D8975282ECFAFFC1853CA4DA8D,10574,res/piece/nfy_icon/icon_daoju_vip_2.png.gz,c3597247dc967b4c8746e3651a9ae9bd
6266B539D9A0C710E938147C40063221,11470,res/piece/nfy_icon/icon_daoju_vip_3.png.gz,95bc2cd6a295875a824bc87e809677c9
2110D37B9C99B3926F9970D761A0DB14,11948,res/piece/nfy_icon/icon_daoju_vip_4.png.gz,11da38b587524eaeeea0186bfd7c43e6
D6059F38C0F09B32861B6B5D5DD8D4C6,15295,res/piece/nfy_icon/icon_daoju_vip_5.png.gz,4631b3ca7965de2c89466698ddf50884
3BC17652C8B085463224208B109CDD3B,15358,res/piece/nfy_icon/icon_daoju_vip_6.png.gz,9cb61a847f5d020d341d3314387ce2dd
D712927253FF4AFA21E75EF00C32DA9E,16648,res/piece/nfy_icon/icon_daoju_vip_7.png.gz,0faaa4bb4b0a58f31b1645c12b19c37d
C6874CAF1697BDE6DAF71D310E1D6614,18049,res/piece/nfy_icon/icon_daoju_vip_8.png.gz,82725f1a8e8872fa0951e5b54412e550
1338D8FB3BEE8D146BB714D2D7FCDC0C,13804,res/piece/nfy_icon/icon_daoju_wanoumohe.png.gz,dbf0f2faaea58d8d44acc78f02f9db73
004CBF3F295DFDBF687E43231A121592,13112,res/piece/nfy_icon/icon_daoju_weiwanchengdaoju.png.gz,de6e9254bcd5ab893e4c7b3d85d3b531
A8F1FB32C593D814669D4DB51023152C,15484,res/piece/nfy_icon/icon_daoju_wuqipingzhenzi.png.gz,8b1c10e021130a70581db02bae9e3efc
170973F3D217F354942D674F4FEC6B6D,12008,res/piece/nfy_icon/icon_daoju_wuyijiangzhang.png.gz,45a76722817e0fb4778e57aaaddf007f
DFC4B7D00513268B2210E256EB6829FA,14060,res/piece/nfy_icon/icon_daoju_xilianshi_cheng.png.gz,26d975b8539bf2c4a5f8b9449c47fde5
3D431B700D64F62343389840E7FEB98E,13603,res/piece/nfy_icon/icon_daoju_xilianshi_lan.png.gz,33c8c7c3f7035df50c4dbe3a0f2c3c15
E624AF3799F1DF3EE167D10EAD673025,14302,res/piece/nfy_icon/icon_daoju_xilianshi_zi.png.gz,5d61f1b09ef4e0394c6fbb36b881e50e
6A656F8B455F7F7A958F7AAA24C8EA71,14358,res/piece/nfy_icon/icon_daoju_xingchen_1.png.gz,0900a18bd10118833b98963c0d13b171
20A03F0E26F933F57C8FBB23A6F6BAA2,14614,res/piece/nfy_icon/icon_daoju_xingchen_2.png.gz,85ebddf35aff33c8114cff530e3d2903
F8CF7E915BB2F8FD8605147F734639AE,14812,res/piece/nfy_icon/icon_daoju_xingchen_3.png.gz,e385780bf38bc29717c7488d951145a8
04EB6EAB174EAEC19757545D17494662,14803,res/piece/nfy_icon/icon_daoju_xingchen_4.png.gz,3e2a45c7ab13711f7dc5f59f7bdbcfc5
A67E9331656432CB8B397359055057D2,17029,res/piece/nfy_icon/icon_daoju_xingchen_5.png.gz,8b137f6702580d1114fa51a0d4341c5e
A16B2436DE651B8EBCFC322F3CA7DCCB,26229,res/piece/nfy_icon/icon_daoju_xingchen_6.png.gz,79cbf80e24be26e67fcdd580d8d54d40
A2BEFF700CA342604CF656325AEFF060,19717,res/piece/nfy_icon/icon_daoju_xingguanghenji.png.gz,570f08f6f84bef38c903cf8978964fa0
6BA0F35A3E5898634F1D05CCCBC23150,13244,res/piece/nfy_icon/icon_daoju_xingjichongzhi.png.gz,8d172d19c00442362e7ff388c490d4cf
413F82060938B9E2467016A4E5E93792,10561,res/piece/nfy_icon/icon_daoju_xingkongmiyao.png.gz,f36442291d796fa1988aa678f504312d
DFE1E41573DE4226F142918D6A78FD22,16049,res/piece/nfy_icon/icon_daoju_xingkongmohe.png.gz,d69671997b350d3f3fe29cab15eceaae
415FC3BE11E7B1DF7042831F7F8FB3D9,17021,res/piece/nfy_icon/icon_daoju_xingxing.png.gz,20628da6f25f14d542e1394eb7e6f17d
016D106CE0A4468B992B6C0B15C6D358,25234,res/piece/nfy_icon/icon_daoju_xinnianchongwu_mengtu_s.png.gz,5f0a134baef3e2e52d15700e19d7b7fe
5980B5A54D4D142B3E89CB9D2D767EEE,13251,res/piece/nfy_icon/icon_daoju_xuanbingshi.png.gz,8665f9651a8b8df1ec1642feefaa42ea
F0B798DA1FA4702B38369333A7DD8B86,14728,res/piece/nfy_icon/icon_daoju_xunluopingzheng.png.gz,421f92c9bb076d05b8f94f9c9fb378ec
9DDEB1D7BCF93DD600FE87EAF0B90FBD,12114,res/piece/nfy_icon/icon_daoju_xunzhang_1.png.gz,1d0e28dcc685cee6d34baffbf82a8baa
7144EC9C0AF4C12328F97C1102804722,13209,res/piece/nfy_icon/icon_daoju_xunzhang_2.png.gz,2a50f538aed0697a7edc35853879c06f
E8F9EA2E41B5DD85961174B9EDFB3EDA,14043,res/piece/nfy_icon/icon_daoju_xunzhang_3.png.gz,9496db295e6dae893d43648de5c88861
41DEE4D77322895F956C6B863485EFA7,14220,res/piece/nfy_icon/icon_daoju_xunzhang_4.png.gz,f2f19fca50d8990522bd6852f36b8f65
40D433D8D8637EA1D117F7CAFB3DFE76,17754,res/piece/nfy_icon/icon_daoju_xunzhang_5.png.gz,5880a2fcf317606c98cd5dd80720f5fd
AFDBF58C1E2879AA82F078EAEBB6F188,18710,res/piece/nfy_icon/icon_daoju_xunzhang_6.png.gz,7685aa6951bcda7830cfebfe5099d700
1B8432288304A85010CFC08B0E7B738B,14975,res/piece/nfy_icon/icon_daoju_xunzhang_7.png.gz,e340ab0ddace5f0bbe33bde37e968f1a
BA9A50701F81F1840631AF37CBE2A8BC,17310,res/piece/nfy_icon/icon_daoju_xunzhang_8.png.gz,75ff3159eb86ba651cb96f02149bd5a9
0F7CCE4EEDD750FB49AC26039B201479,17055,res/piece/nfy_icon/icon_daoju_yaoshibaoxiang_bx1.png.gz,441795953c5e9132ead6f363e88d2cba
E35F20346289DE8B9A31E046883D3F15,5916,res/piece/nfy_icon/icon_daoju_yaoshibaoxiang_bx2.png.gz,9d79ccfe013be0f686c217a3f81804ba
B4ADBF4CF2653A5378260B700BE16A0E,17123,res/piece/nfy_icon/icon_daoju_yaoshibaoxiang_bx3.png.gz,3124ca233ade5e9e9c1ad77cdd06d9ea
B478539A99366E899D2B9ED8A38124C5,18767,res/piece/nfy_icon/icon_daoju_yaoshibaoxiang_bx4.png.gz,b582bb89f8b1ec541c11f0da4c967d5e
0ED3E783F6A8AD7ED4ED25B46D980720,6027,res/piece/nfy_icon/icon_daoju_yaoshibaoxiang_bx5.png.gz,72c3976ec554c09271ee247a3d05f3b6
7732BBE5A52E620DD1B47CF194565A5D,18592,res/piece/nfy_icon/icon_daoju_yaoshibaoxiang_bx6.png.gz,99f448c209e17f8d773dc4ebf34c2695
A0EF4A0CAD03CBC569BFF906D1D7613B,18604,res/piece/nfy_icon/icon_daoju_yaoshibaoxiang_bx7.png.gz,d23f359f4faf6bdb6f61f3721782d22d
9212C00B8724D9A4453DF13703763E51,6097,res/piece/nfy_icon/icon_daoju_yaoshibaoxiang_bx8.png.gz,178522ad6ed142b27a393fb95a0ea616
757378B2BBC1CD891964AB5FDDB9C0D3,18450,res/piece/nfy_icon/icon_daoju_yaoshibaoxiang_bx9.png.gz,c8a2f3f7628ca18cb4abcd3426a57712
B7BD802F84EA6A64FA585F21D6AA562C,6370,res/piece/nfy_icon/icon_daoju_yaoshibaoxiang_yaoshi.png.gz,f34b31af47ea424d397186f2fb4b9133
B9269CEFC992EA703D51242850D09682,13907,res/piece/nfy_icon/icon_daoju_yijiebi.png.gz,d4553fee462a11e813d83323fe9d8ca5
7C062D906019EC4756AF658EF8AE7AEE,17328,res/piece/nfy_icon/icon_daoju_yinengjuexingzhuangzhi.png.gz,e4d9aa9009ed2b31b269c4025e6531cc
E23728596AADF2EDF886851A37B05B61,14807,res/piece/nfy_icon/icon_daoju_yinengshi1.png.gz,eaebbaa98204e2eab1ab74b33ce72698
3B0DAC88F85CD8854877D21403A4C2C3,14022,res/piece/nfy_icon/icon_daoju_yinengshi2.png.gz,1dae56f27bb5d4a4d83602fea2657769
65907DD356A40D21F8D5E043A2C7F738,13978,res/piece/nfy_icon/icon_daoju_yinengshi3.png.gz,fddbc7236625effec2a450d011adbf0f
447B6B48B77F19E40FBEA058D506EE37,19428,res/piece/nfy_icon/icon_daoju_yinengtuposhi.png.gz,db6701e9014fbd7631d52019e5a32ca1
B9AB04D783638B099B244904080A498F,18034,res/piece/nfy_icon/icon_daoju_yinengtuposhi_s.png.gz,7d2345306d71e9d179b29157df41d4ca
A7A72F7E075A8C6344ECA0147E48CCF5,12880,res/piece/nfy_icon/icon_daoju_yingwangdemianju.png.gz,d3d07f782b91bcac9b99a381d72a3011
5D5FD16DD1CD32BC09B3F7767FCB57C3,13401,res/piece/nfy_icon/icon_daoju_yingyuanbi.png.gz,6213fc40f3cf038b91ee224fc2270122
BDA7E460BD111015FCBDC22BAE0585FB,12997,res/piece/nfy_icon/icon_daoju_yingyuanpiao.png.gz,f10312d1e0a66c05bb0db1f7ee48441f
EAAA4B8889FDBFB3945961D775CC24C4,12343,res/piece/nfy_icon/icon_daoju_yingzhihejin10.png.gz,0f3fae434325fcad5243d29faaae3fec
462C8BEF087D03AA99A5F03D7A0F3203,12926,res/piece/nfy_icon/icon_daoju_yingzhihejin20.png.gz,26c41fb3da82e275c7091c79c5965ca4
4AF14299C858769633C051D50642E13A,13808,res/piece/nfy_icon/icon_daoju_yingzhihejin30.png.gz,986f7ab944345c83bae22828dbe4debc
A5B2C0783B08FA53F17136E14209716E,13577,res/piece/nfy_icon/icon_daoju_yingzhihejin40.png.gz,d7cbbfc48d86c5384fff05048e618968
7CA24BD4223E0ED97709EAE59B1FC83B,14553,res/piece/nfy_icon/icon_daoju_yingzhihejin50.png.gz,f9b0fa144d0daa7c5c64fa464970de3d
122FB8ADA7843736A9D7FDF15C87107A,26821,res/piece/nfy_icon/icon_daoju_youna_s.png.gz,0aeb6251f1a4ebb569dc4132ebab99ec
84BAC32CABDE5C26C8A27F6537C45CCC,8075,res/piece/nfy_icon/icon_daoju_yuanxiao_1.png.gz,88c2e4650fccadafe2cfa2edcef548ff
265EA2095AB7CF7A49F245E195132FB7,8019,res/piece/nfy_icon/icon_daoju_yuanxiao_2.png.gz,371bb9ad2f5d319a6b64a384857368fd
4EF96BB8D8285D81A9C0BC6CE2B05516,8001,res/piece/nfy_icon/icon_daoju_yuanxiao_3.png.gz,cf5c963899eccee616c4b4a33e5424ea
50BB00CD646D7F4D50D1CCBD50731632,9699,res/piece/nfy_icon/icon_daoju_yuanxiao_4.png.gz,57d23e729e6f6d345d8611e6e741499b
5200641FC9E41140025972FF048BB9BA,20741,res/piece/nfy_icon/icon_daoju_zhengtu1_s.png.gz,27e25c25039c93739970453a687471a3
A5BE4A3B30CBFC21756DEC0EDBFA45D7,21487,res/piece/nfy_icon/icon_daoju_zhengtu2_s.png.gz,2eaba44b23b7b8780e57a6f7cd16af45
D823A9A6EA0313BB3FF3E28763C57F58,18692,res/piece/nfy_icon/icon_daoju_zhizuotuzhi_erhuan.png.gz,27564f3ac2a0c9eaf28fc9e48e74babb
DFE3A58A0C5D164DF7080C2993834AB5,31661,res/piece/nfy_icon/icon_daoju_zhizuotuzhi_erhuan_cheng.png.gz,8e5d600c67300bfde5208e1faf7af38a
131D3502C754BD14C0D0FD18DA50AFD6,28883,res/piece/nfy_icon/icon_daoju_zhizuotuzhi_erhuan_cheng2lv50.png.gz,29e201284c90e647c3488a5ea03e1395
462E6542F4BAB723649EE1BABF8142C9,28942,res/piece/nfy_icon/icon_daoju_zhizuotuzhi_erhuan_cheng2lv70.png.gz,7e9524f36d424b7d3629d65f8d8235cb
0D8F1E4D8345E5F483AC58628F6FC9AF,28903,res/piece/nfy_icon/icon_daoju_zhizuotuzhi_erhuan_cheng2lv90.png.gz,a70dbbff1be5fa879e1849545003966e
16501281CB5CF88A1D1C50BFA6FF8A64,29141,res/piece/nfy_icon/icon_daoju_zhizuotuzhi_erhuan_chenglv110.png.gz,eb26cec5c7679527c5481c5389fdd85b
2F5723DDF08652CD3A2F984C9EC5EBFF,30044,res/piece/nfy_icon/icon_daoju_zhizuotuzhi_erhuan_chenglv50.png.gz,f1660437ab72bb64f5ada13012bb1a4f
1AE9331B89044906D8D744A407383FE5,30082,res/piece/nfy_icon/icon_daoju_zhizuotuzhi_erhuan_chenglv70.png.gz,de778e86c4c03e87e84e7ba46a790248
5FE986BB63186277C0E1AF0500D5FD93,30072,res/piece/nfy_icon/icon_daoju_zhizuotuzhi_erhuan_chenglv90.png.gz,f0f6494d3c81b3ba4c1524666704dc79
593647A75F06C47025C425662094BCDC,19690,res/piece/nfy_icon/icon_daoju_zhizuotuzhi_erhuan_fen.png.gz,6bfaefbf804c4472065312a6d8b9f763
8381438180E6B68F29C6D56FAC41B9BF,17816,res/piece/nfy_icon/icon_daoju_zhizuotuzhi_jiezhi.png.gz,af61ffbeb66e0e476fd519fc01edbedb
B5A4E31385164CF1801C1643436EF252,31746,res/piece/nfy_icon/icon_daoju_zhizuotuzhi_jiezhi_cheng.png.gz,4ea44834d72df2048916428c76c7f307
6CFD9C196C466E34E26B2FEA1DE78F1B,29260,res/piece/nfy_icon/icon_daoju_zhizuotuzhi_jiezhi_cheng2lv50.png.gz,9cd538c2f9d44f725b94da74143390af
5E4247428A78F5C1BF6CC0B2A12EC974,29304,res/piece/nfy_icon/icon_daoju_zhizuotuzhi_jiezhi_cheng2lv70.png.gz,09e5bba609820010b9cb3ea3713ad8c5
40CC355DE0E9B973D6584A69F6575BF7,29268,res/piece/nfy_icon/icon_daoju_zhizuotuzhi_jiezhi_cheng2lv90.png.gz,cc1bf0fb3c265cec9aee36ad9e8562c6
93359DA69B473D7C09720542F5A1D8C6,29955,res/piece/nfy_icon/icon_daoju_zhizuotuzhi_jiezhi_chenglv110.png.gz,ed68b5b0ec42732d497ab102da7cd7f4
FBF59C6B866768683DA324E91B61B856,30130,res/piece/nfy_icon/icon_daoju_zhizuotuzhi_jiezhi_chenglv50.png.gz,63ee570b7455673c12c2d6505f12ab7e
EC7574C8A4B8EA9AA0A9948C67A4BA69,30143,res/piece/nfy_icon/icon_daoju_zhizuotuzhi_jiezhi_chenglv70.png.gz,4833866f47352e646cb46757efb945c8
27C0C8F47401885B09971562AC4C370B,30142,res/piece/nfy_icon/icon_daoju_zhizuotuzhi_jiezhi_chenglv90.png.gz,fda043f6586e2323dff3e1bb52dbe733
8C2F101A815D847DCB17CD47F28F0A58,17496,res/piece/nfy_icon/icon_daoju_zhizuotuzhi_jiezhi_fen.png.gz,081767150bd75abe5067aa5e947d0a6b
AF5305D2F9570D258BF7C822E38371C7,18854,res/piece/nfy_icon/icon_daoju_zhizuotuzhi_kuzi.png.gz,77a60c1910d6bdd040a79b6457099156
94B7308A41E2A0F7EC58B7CBACA068A8,31685,res/piece/nfy_icon/icon_daoju_zhizuotuzhi_kuzi_cheng.png.gz,c199db9723267e73750d4cd2dd9ae322
7D65A86F25044DB5E9437B5344EB6271,28916,res/piece/nfy_icon/icon_daoju_zhizuotuzhi_kuzi_cheng2lv50.png.gz,674851817247c7a2daad7db0d578a691
6A6805D6224C24C7B80BDADC707C7B7D,28975,res/piece/nfy_icon/icon_daoju_zhizuotuzhi_kuzi_cheng2lv70.png.gz,298f6c7dab834532f5b74ed885c1409f
548D7DEF17C0BBB2F918EE479605D1BF,28954,res/piece/nfy_icon/icon_daoju_zhizuotuzhi_kuzi_cheng2lv90.png.gz,b34d4f91136fe840fc3efa12d39145bb
DF13B0BA55C26160FE77A0465AC18C83,29894,res/piece/nfy_icon/icon_daoju_zhizuotuzhi_kuzi_chenglv110.png.gz,f177e7de503e57a9173f791d41673069
D40411F0219FD9C334056171601F7014,30070,res/piece/nfy_icon/icon_daoju_zhizuotuzhi_kuzi_chenglv50.png.gz,86adb0940e0f77178399fe1b2cd84d99
43835B629317429A5F1CA408E096B8A3,30101,res/piece/nfy_icon/icon_daoju_zhizuotuzhi_kuzi_chenglv70.png.gz,00c979cf92d36abfd1cf412f2c203183
DD6EFDF07F751BA946F848F725F79C8F,30073,res/piece/nfy_icon/icon_daoju_zhizuotuzhi_kuzi_chenglv90.png.gz,a9fe5683407337cb21683fd30940c823
B8F3EFA9C9A88941573095D073376A3F,18385,res/piece/nfy_icon/icon_daoju_zhizuotuzhi_kuzi_fen.png.gz,72886af258126ecece83c3f53df301a4
DC3FD61DF2E32D36CD0E9E78AA3DFDB3,29254,res/piece/nfy_icon/icon_daoju_zhizuotuzhi_shouhuan_cheng2lv50.png.gz,f5368c0e928c915623503d1c8aebcff3
4FDFF5B35BFB68B3069460D09866F692,29284,res/piece/nfy_icon/icon_daoju_zhizuotuzhi_shouhuan_cheng2lv70.png.gz,2b9ebeda291576734275992596df1106
0865DDFD63A6D2FB514747BD04F69B34,29251,res/piece/nfy_icon/icon_daoju_zhizuotuzhi_shouhuan_cheng2lv90.png.gz,e0a5ddf6d871ef9428f44e2ed22da770
6D68780D3C9C8293FAD6626F369032A9,30003,res/piece/nfy_icon/icon_daoju_zhizuotuzhi_shouhuan_chenglv110.png.gz,d2937acc5ad9b4d286eeb5e530fd847d
C2071D8D53597D9288622C4D0ADDB0CD,30182,res/piece/nfy_icon/icon_daoju_zhizuotuzhi_shouhuan_chenglv50.png.gz,54d51a3c2006d518dc8fe80a532844d1
60199A005F7AAB97D479E59D0D705342,30193,res/piece/nfy_icon/icon_daoju_zhizuotuzhi_shouhuan_chenglv70.png.gz,f109801313626e559a678ab9c2a110f9
D1214FFE80B51537F4A2134815E0F948,30207,res/piece/nfy_icon/icon_daoju_zhizuotuzhi_shouhuan_chenglv90.png.gz,0c310a57739dc3a934c9006664f069eb
75DCD45679D3264728ACCED0F2191DC5,18282,res/piece/nfy_icon/icon_daoju_zhizuotuzhi_shoutao.png.gz,6d473ff78f11f9d9fe692fa634ff60dc
49F6E441D4F12DC490A242A6C27960B6,31374,res/piece/nfy_icon/icon_daoju_zhizuotuzhi_shoutao_cheng.png.gz,b2bef5cc081cf85e408017fabbf5e108
3D8533698097378F3730AB0858CD5CBC,28868,res/piece/nfy_icon/icon_daoju_zhizuotuzhi_shoutao_cheng2lv50.png.gz,f5e151f57fc93627395a0ef1fab34302
DE35B6A9AA15F640238DA83E6DF818B6,28926,res/piece/nfy_icon/icon_daoju_zhizuotuzhi_shoutao_cheng2lv70.png.gz,51c72846138f95afe7022145ec62b217
AF66E38D85104E9B0C17041AC20A1702,28899,res/piece/nfy_icon/icon_daoju_zhizuotuzhi_shoutao_cheng2lv90.png.gz,7e0adcae81e26af1cbd5ce1ccb2dcde7
3E12541D1760DFB3E728C17D30E270DB,29581,res/piece/nfy_icon/icon_daoju_zhizuotuzhi_shoutao_chenglv110.png.gz,152021d3ecbd205069658e66f2c5b2b0
CA1C2B18B065699209D0AD456B2382AD,29761,res/piece/nfy_icon/icon_daoju_zhizuotuzhi_shoutao_chenglv50.png.gz,ca0fec76f6a56b5fc4f689bd0a6917fa
610F9C80E7DA2DAF4113C155E9AC4FEC,29774,res/piece/nfy_icon/icon_daoju_zhizuotuzhi_shoutao_chenglv70.png.gz,d8b44a0b6db4f39d5c1c5617ed3db46b
E2800DDDDA4E463C85DBC40B30DDD5B9,29777,res/piece/nfy_icon/icon_daoju_zhizuotuzhi_shoutao_chenglv90.png.gz,52e0b5839b04c8338202e917a7347f2c
78264BE34932911FD24F0CFD35F8DFB6,18149,res/piece/nfy_icon/icon_daoju_zhizuotuzhi_shoutao_fen.png.gz,eb1b25eccb31a0eb7325d002e2a94d84
2752328F01BE9B7766B8002BF0CE74C3,19100,res/piece/nfy_icon/icon_daoju_zhizuotuzhi_wenzhang.png.gz,1646e09089c9afc51b44b31ce26b1eb4
E145D1F80CCF729DA196DC52D654B315,31812,res/piece/nfy_icon/icon_daoju_zhizuotuzhi_wenzhang_cheng.png.gz,32f796c70f9f64f0881b251b0fc6bb62
8EAFD0E9485A616928F532F78C36152D,18643,res/piece/nfy_icon/icon_daoju_zhizuotuzhi_wenzhang_fen.png.gz,ea5c74e1f899175fe24e1df619b77c52
E43E69FFB7AAEDB5B8DA1BC31BF9890D,18956,res/piece/nfy_icon/icon_daoju_zhizuotuzhi_wuqi.png.gz,bca770e6d6e92d0005f2c6d969417ab3
93F9FF7E7875EFFB2927FB7BB7C7F33F,31635,res/piece/nfy_icon/icon_daoju_zhizuotuzhi_wuqi_cheng.png.gz,86b10d038b676b4cdd867cca89d4fdfd
ADF9B298C82911A81B764E7FDAD8C492,33351,res/piece/nfy_icon/icon_daoju_zhizuotuzhi_wuqi_cheng_old.png.gz,8fe6ec91d422a9578b78c9131d3e9f48
C4280EBC42530354A33C46EA96C73E76,21759,res/piece/nfy_icon/icon_daoju_zhizuotuzhi_wuqi_fen.png.gz,bec0b6b10375a28d0bb0b4d0a5ed5de7
8ACC17C91FB90624B692EAFDE01489FF,20943,res/piece/nfy_icon/icon_daoju_zhizuotuzhi_wuqi_fen_old.png.gz,b8821af241603e7d316ede4de921814b
ADBF4718F35AF7CF5A1233C8DE5700BF,17535,res/piece/nfy_icon/icon_daoju_zhizuotuzhi_wuqi_old.png.gz,ac66bbd88652c0749673d9596981ec65
673F0C81CEC6F875B8871CB5CDCCEA0D,18872,res/piece/nfy_icon/icon_daoju_zhizuotuzhi_xianglian.png.gz,d6c60885b03b15db1cd302371cd8e9c7
76DCCA965941E27636DD340F6C14362E,31399,res/piece/nfy_icon/icon_daoju_zhizuotuzhi_xianglian_cheng.png.gz,b82d225e1bb7a2afe9ba45a5ffc6bb6c
81DFF9D29DDE20E878BB879AFB4F974B,28585,res/piece/nfy_icon/icon_daoju_zhizuotuzhi_xianglian_cheng2lv50.png.gz,90dad58693d3d46143a52914b5ec853b
5DA4D385469C9E9DEB2AD57530846580,28647,res/piece/nfy_icon/icon_daoju_zhizuotuzhi_xianglian_cheng2lv70.png.gz,b5cea3d1ca8224e3abade18b557ff270
6F9CBD6E6CDF4AFB9651566B39FCCD33,28611,res/piece/nfy_icon/icon_daoju_zhizuotuzhi_xianglian_cheng2lv90.png.gz,677b35dcb6edf81b41c6f3bcf3f919c6
644AD141A52094E2CCA3F7526DA75F9F,29632,res/piece/nfy_icon/icon_daoju_zhizuotuzhi_xianglian_chenglv110.png.gz,3c31b5b308a7010ea675af232c7aea02
CE514D97F225FFB0DF0207F546940F7A,29815,res/piece/nfy_icon/icon_daoju_zhizuotuzhi_xianglian_chenglv50.png.gz,1d75b91604936d05b33145a4ea6de3f7
EC837B8B437B2E88744B00BBBE7A25E5,29853,res/piece/nfy_icon/icon_daoju_zhizuotuzhi_xianglian_chenglv70.png.gz,3f04b1fc16aaf96dec0ec8a7e29d7f07
6B25A2D2049B163774A58E4D305EF16F,29829,res/piece/nfy_icon/icon_daoju_zhizuotuzhi_xianglian_chenglv90.png.gz,af0bf522db4aae2fe6902bcec490c90e
A6E4EABDC0DB8D405895948A09A99DBB,19152,res/piece/nfy_icon/icon_daoju_zhizuotuzhi_xianglian_fen.png.gz,b31d7131f0d4984a223b0ed650f08218
25C0D3C12F8458B99C60D940E505D092,17600,res/piece/nfy_icon/icon_daoju_zhizuotuzhi_xiezi.png.gz,cdb8eeb54e38d06d2655c7a304185fb5
B73E598A60F3C1E14EA9D36DEFF07FBD,31365,res/piece/nfy_icon/icon_daoju_zhizuotuzhi_xiezi_cheng.png.gz,bdc4988c3da76008d4fc972a2b0abcca
86B8533EA73F4241F5C40CBD97366321,28618,res/piece/nfy_icon/icon_daoju_zhizuotuzhi_xiezi_cheng2lv50.png.gz,f16981f35f34d3d2a4a3ca5ef26f9e39
E2DB9C98F8731B59945BCDBD9CE5C62F,28711,res/piece/nfy_icon/icon_daoju_zhizuotuzhi_xiezi_cheng2lv70.png.gz,7b80ab18252db00ac4b33a5cf70749c1
67A15EB952342271A71E78A8CA2291DF,28669,res/piece/nfy_icon/icon_daoju_zhizuotuzhi_xiezi_cheng2lv90.png.gz,f0f4af78de8e3d8b7d39bd15132fab68
C2E09E215F3755F3B717A0069A978B3C,29542,res/piece/nfy_icon/icon_daoju_zhizuotuzhi_xiezi_chenglv110.png.gz,a9c63426fa808fef6cbedab6ef949d56
87E8DE67586B17B4051440F8170B0301,29738,res/piece/nfy_icon/icon_daoju_zhizuotuzhi_xiezi_chenglv50.png.gz,8cf1e6d5d07825678d492b2fbddc41f1
795FF51EFCF3896B8EE1A705663D42A0,29755,res/piece/nfy_icon/icon_daoju_zhizuotuzhi_xiezi_chenglv70.png.gz,e88ad9d111eb7ae843489aa171643b29
213A53D7C58BF5078E5797C3FF7FFE35,29734,res/piece/nfy_icon/icon_daoju_zhizuotuzhi_xiezi_chenglv90.png.gz,41e1504770129c747a04640f0a4052ef
62F59CC250F08848B7E7E782CFA33B6F,18200,res/piece/nfy_icon/icon_daoju_zhizuotuzhi_xiezi_fen.png.gz,55e68ea94f21b3c1790ad7d49de5476f
286A387E5A18CEF8E37CEC5FA5E077D8,18602,res/piece/nfy_icon/icon_daoju_zhizuotuzhi_yifu.png.gz,302fcb8a4ef951748b1896c968525c96
7E207F9745ACD4FE72CF688DFA6BED81,31628,res/piece/nfy_icon/icon_daoju_zhizuotuzhi_yifu_cheng.png.gz,9a812ca19e29c342dbb34a0f118c11e9
7E6C4CDA5A545A20B17A9F0069A7162B,29338,res/piece/nfy_icon/icon_daoju_zhizuotuzhi_yifu_cheng2lv50.png.gz,b7366ffa8c4e54fadcc96f28685dc121
F1D92E93F0F373FD6BD3DE2120B8BAB9,29412,res/piece/nfy_icon/icon_daoju_zhizuotuzhi_yifu_cheng2lv70.png.gz,94ea70e9925b13c3a9f1ed62a746646a
6B21CD6F4C4CF1752967ECD2C192E570,29369,res/piece/nfy_icon/icon_daoju_zhizuotuzhi_yifu_cheng2lv90.png.gz,cbaf4275cd08ab618cd4c659702d8037
AC0432C95366E80872F03A3E7BA506E4,29831,res/piece/nfy_icon/icon_daoju_zhizuotuzhi_yifu_chenglv110.png.gz,4cbc0f1e3ca71466a9b3a98350cf942e
22F168412B4342375D64A3878285E0DD,30006,res/piece/nfy_icon/icon_daoju_zhizuotuzhi_yifu_chenglv50.png.gz,9e47c6d65c345be5cd252fa2c05b129c
6CC22777AACC7D8D991D172CC9F6C8DB,30038,res/piece/nfy_icon/icon_daoju_zhizuotuzhi_yifu_chenglv70.png.gz,992122a651ebbe3de37bcca361260fe3
D03B0ADA39EAE7250F11E9B8468125DD,30037,res/piece/nfy_icon/icon_daoju_zhizuotuzhi_yifu_chenglv90.png.gz,b11e201441b06b95800e47954ed3f48d
509131105E73B219932129CE21C194BA,18427,res/piece/nfy_icon/icon_daoju_zhizuotuzhi_yifu_fen.png.gz,652ea3c787aa1a120c288fd55d5efbc9
BF63CA8D0176B1129B48851AE43E7634,18065,res/piece/nfy_icon/icon_daoju_zhuangbeibujixiang.png.gz,12a49350b97ab54fbd44f62588fb2ab2
9B1854A7A16885D06E368ECE2912B1CA,17750,res/piece/nfy_icon/icon_daoju_zhuangbeibujixiang_gaoji.png.gz,4130ca81654f9f60808bf62cf1a65b4d
292A49E0E35AC8DB4AE5D5523ED3BEA5,28011,res/piece/nfy_icon/icon_daoju_zhuangbeiheixinbuji.png.gz,231e5986752d4d835379ce7697ee5e77
C0AD02F0F0A17452C81533105B6BE6E5,17713,res/piece/nfy_icon/icon_daoju_zhuangbeituposhi.png.gz,233366f26a48f6a4d8b0d73c235b2d88
E893851901C361D3A7A7C456387EE33E,16553,res/piece/nfy_icon/icon_daoju_zhuangbeituposhi_s.png.gz,556ebc9decfbda1d8c89a2ec4ba730c1
6F865F610BF5BAE9C75D92682EC2BA09,12327,res/piece/nfy_icon/icon_daoju_zhuanpan_jimie_1.png.gz,db304b7c210619d85e4efb3eeb8afc64
CEE6859F50B070049F7C876480A8AF95,12314,res/piece/nfy_icon/icon_daoju_zhuanpan_jimie_2.png.gz,6e9b225122134523384f0def30989280
F364FE2B79306B33F410EC6199130A01,13332,res/piece/nfy_icon/icon_daoju_zhuanpan_jimie_3.png.gz,e818777c4563a13fa0887dab7e950781
C7E3E69BFCDA74509A6C41509E51A873,18900,res/piece/nfy_icon/icon_daoju_zhuoshaozheyujin.png.gz,5f4d823caf2ab03e8184f3b282e9cbb6
ED9820917CD109C497AB20AAE533DE17,14957,res/piece/nfy_icon/icon_daoju_zhushouweijin.png.gz,c95b744126b752049be44cd19cc65e04
0F7B8834E74412D0CE6702FB856CD793,14511,res/piece/nfy_icon/icon_daoju_zhuxianwuzi.png.gz,09633cabe9fae16a7e62e895fa81064d
3A7DBC13827EAECB86A682CF8FDE351B,20275,res/piece/nfy_icon/icon_daoju_zizhuangcailiang_a_10.png.gz,ca209b8feb8c58d3a34d374000114cdc
0CD461CF28B017D210302A578EB5A2C2,19912,res/piece/nfy_icon/icon_daoju_zizhuangcailiang_a_20.png.gz,8cd884b653c897f50706986d5504e7bd
BBE1D1CA9E63483749BF0AA36D761A80,19996,res/piece/nfy_icon/icon_daoju_zizhuangcailiang_a_30.png.gz,80d428f7c2f3738f3115926ee8d45242
F25037795A834EFF7A286F95045C8D06,20446,res/piece/nfy_icon/icon_daoju_zizhuangcailiang_a_40.png.gz,054153092457d589caaf6229c0c5d252
781056BE8FE3A37A74BBBA6B8EA9C7FA,17932,res/piece/nfy_icon/icon_daoju_zizhuangcailiang_b_10.png.gz,7a0f2511e110322ccd6cbbddd4b9731c
D936934BAC57EBA7E425CEE6991C4688,18064,res/piece/nfy_icon/icon_daoju_zizhuangcailiang_b_20.png.gz,077cc7392d73485f444b5247d781c4a8
3F5977C0AA7C0705C66D75D6C8B53ADE,18100,res/piece/nfy_icon/icon_daoju_zizhuangcailiang_b_30.png.gz,71cd41d096a0488a724cbb6abcb0c32c
F9DC606FEFFAF3CBA3E5EF1EC053B9B7,18069,res/piece/nfy_icon/icon_daoju_zizhuangcailiang_b_40.png.gz,488728b5bbad63c22a2a082878813938
B75248D0F12A3A93B9A60D3363B0EE94,16061,res/piece/nfy_icon/icon_daoju_zizhuangcailiang_c_10.png.gz,4384c72da60140508aa0939db2d601d1
3A96755C0B2F42611D2B288165B17BC6,15952,res/piece/nfy_icon/icon_daoju_zizhuangcailiang_c_20.png.gz,f277a36d7fbd502bcd23ce076f1e51cc
E22E2070AE6094A0E32450DD3DFC80D8,15987,res/piece/nfy_icon/icon_daoju_zizhuangcailiang_c_30.png.gz,7e6d93268a78dac7debd6d2bd68bdd5a
4573C71FC229AB4E9C043D869F756174,16364,res/piece/nfy_icon/icon_daoju_zizhuangcailiang_c_40.png.gz,df816183484ad2bb2998ea5d369f09c5
54A7AA14F6831857B59CF3A8161C5199,14409,res/piece/nfy_icon/icon_daoju_zizhuangcailiang_d_10.png.gz,e2b65f18b58ae680ccc31ed51f7f6c18
DAE16A6610463D761F849CCA1CE1B0F5,14134,res/piece/nfy_icon/icon_daoju_zizhuangcailiang_d_20.png.gz,c8ec1ff8b61ab02d7613a08eb63627f7
EA75F8673681D9D01391A432551639C8,14526,res/piece/nfy_icon/icon_daoju_zizhuangcailiang_d_30.png.gz,90f778c5bb96bea8cbad45c9ab0bad60
E66F898C8EF37F75AA0A1BC5884B4D84,14602,res/piece/nfy_icon/icon_daoju_zizhuangcailiang_d_40.png.gz,52a79701ffce69546c4e86c67d50957d
5DA0B3F04C10FDE3F2786CF9AED50565,16770,res/piece/nfy_icon/icon_hezi_chongwufudai.png.gz,0c531a6067ce193dee86caef6b838744
101594666493817B8C791B217EE8D9DE,16600,res/piece/nfy_icon/icon_hezi_jidibuji_1.png.gz,012543bffbe6b7589bc7629630a8e226
6AF80883BDC632EEAD40DB0E35575C4F,16374,res/piece/nfy_icon/icon_hezi_jidibuji_2.png.gz,7cb8cd55a259871f9bc262ba56888857
F6E61C6ABEA81A86DA7F31D354B78608,17664,res/piece/nfy_icon/icon_hezi_quanmignxingshizhuang.png.gz,caf452e6f2afc5b285fcedf6e91f64f1
4C8D715E3953C256608E8D09796671DD,22189,res/piece/nfy_icon/icon_hezi_shenqizixuanxiang.png.gz,a3b0705d29e0b7ca491fc56dfd683bf4
50748E25F793A66E661F4A55045C23FA,17220,res/piece/nfy_icon/icon_hezi_xianshi_lianshi.png.gz,7971db78ed9c6702d34ed8e4b9c7368c
C68A1076A6C4C0858EBB5CADC4A5558F,18261,res/piece/nfy_icon/icon_hezi_xingyunlihe.png.gz,c0d4d4abd0747ccb785e729f9e94ba2b
2252218C7F94E81DD94BE11E86657109,17286,res/piece/nfy_icon/icon_jiaoshejiemian_touxiang_zhounian1.png.gz,f230facb6446244bc063172f0f0148b2
5E4D3B8E2F0D106E7B9D60A503449A45,19863,res/piece/nfy_icon/icon_laodongjie_daoju_jiangzhang.png.gz,024280d7260de3a6571b5ca13d0d4b98
5856502E31A9C0DB9780CD507C7B5E2B,17890,res/piece/nfy_icon/icon_libao_15000heiyuebi.png.gz,82c45285eb0cef927b952c7813e15c54
904795199438632140124BE5B20BD1A3,17223,res/piece/nfy_icon/icon_libao_1yuanzhuanpan.png.gz,c692d901cbd140d03f0bb1b7011d9bbd
5911B14D1B7CCBF6D73CBA4718C27DC6,14645,res/piece/nfy_icon/icon_libao_3000heiyuebi.png.gz,f8608dcc370aa57a723741187a6ee92c
0B4B0F51B6606041BBE6C1B04436B727,16035,res/piece/nfy_icon/icon_libao_35zimozuzixuan.png.gz,2e391db0101fa14e3019fc9eff9ea65d
0FAFE8BD53387910A310034A6C1C8B57,17602,res/piece/nfy_icon/icon_libao_3yuanzhuanpan.png.gz,fc0921fe8ee669bb7cba8ccaf25442c9
630049A631365CB13142C5035F194417,17149,res/piece/nfy_icon/icon_libao_5000heiyuebi.png.gz,9e9d0ef19641a62eaa95db3f275baa48
BA8074D7124DAEB337E6E5CE5EDC9D1A,16941,res/piece/nfy_icon/icon_libao_6yuanzhuanpan.png.gz,a3a32091e81404dd189950a06874cbe0
A00E264DD98654BE29E6BE32BA270200,15527,res/piece/nfy_icon/icon_libao_baoshixiang.png.gz,f878dc131bf434effac6e1b9c47d19b7
B624913C386D66389205097FA16A60C6,16353,res/piece/nfy_icon/icon_libao_baoshixiang_gaoji.png.gz,59cfae85cdc74e10657cdb7188ab8d02
F4EE01060C04EA47C4E6EC71500AEE9B,18013,res/piece/nfy_icon/icon_libao_baoshixiang_xiyou.png.gz,4821055280a0b6b75d12035e26190414
224FBCEFC55F293BDF77166CD00E310D,18992,res/piece/nfy_icon/icon_libao_baoshixiang_zhuoyue.png.gz,751e4481d17b6d2cd2ee5fa9f41638de
7187F1848C998A85EBC596573483611B,19236,res/piece/nfy_icon/icon_libao_bujixiang_a.png.gz,f67d8762882623618bf8de646b6229e0
869CAD60FC5D9CCFB10C0D08D078EF66,16569,res/piece/nfy_icon/icon_libao_bujixiang_a_s.png.gz,49ee94063dac31086cf72d56f17ca990
AB90946367FFAE398F835DE36A9FFB60,18714,res/piece/nfy_icon/icon_libao_bujixiang_b.png.gz,09ca0cf16ae2e95ed7b9cefdb148087a
87B50BCEA4365AAD77CE533E7BE35BA7,15965,res/piece/nfy_icon/icon_libao_bujixiang_b_s.png.gz,8f0409637a224f7d672d9ec10500f38a
7ED08FEC6371CF604465F6F5CFA65431,18088,res/piece/nfy_icon/icon_libao_bujixiang_c.png.gz,38ea3c626edb31aaba4703023ee803eb
B53A47AFB0EB7F61A856ABD5CF570D2C,15528,res/piece/nfy_icon/icon_libao_bujixiang_c_s.png.gz,43f702b8ed6f483178b707aa306f15c6
17F449A79CB7C7C51A7E171B747EADED,17694,res/piece/nfy_icon/icon_libao_bujixiang_d.png.gz,96d5d48573e46ef01e34f0364c97946f
21F19D3EDEB827FCE8D48C4B6FA72253,13369,res/piece/nfy_icon/icon_libao_bujixiang_s.png.gz,62407121db94bbf707d79da88d3c39ce
196041E2507592DC61F6F78A1368FB7D,16198,res/piece/nfy_icon/icon_libao_ciyuanbibujixiang.png.gz,0e6f0d5d5d425a3372ff4c073bd08882
6F806BF4B374FF38F6CF78204162E0AE,17201,res/piece/nfy_icon/icon_libao_fensebaoshizixuan.png.gz,37738e86c9e43a21e725508e4be4f2dc
E5730AFC5884E336A3BCE7F9B0092727,22494,res/piece/nfy_icon/icon_libao_huajiazixuan.png.gz,2bd5618ce89bd3c49b9ecb3909ad0345
A618FD3684FE6CA0147FEB99FF4094F3,20347,res/piece/nfy_icon/icon_libao_huanshenqianguifudai.png.gz,59824e400c81b5d5bb6e4249e325555d
0AD340FC5739E439944D68139B440DDE,24721,res/piece/nfy_icon/icon_libao_huanshenqianguitaozhuang.png.gz,de7b0dccbcdff3c83609956a2b00d727
053A074F9692921F32A14CC39425FF60,15800,res/piece/nfy_icon/icon_libao_jingsufulixiang.png.gz,5600528216ba05d8c20d336f9d5b35e8
C15456AC68A1E97DDDCEE49517FEFFFF,18045,res/piece/nfy_icon/icon_libao_lingzhubujixiang_a.png.gz,a50038424abb268694d76107fa0f6b9b
D965AA3C62072A7A6CD8B85D74F0F43D,17618,res/piece/nfy_icon/icon_libao_lingzhubujixiang_b.png.gz,c53af445285e284b8be626d7786332ef
94E9D13643F37B471947B68ED04AD4C7,18680,res/piece/nfy_icon/icon_libao_lingzhubujixiang_c.png.gz,2a34bf2476b086b13bdcd94336b1c7e9
1A3ADC7C5DAD45E21E6E871D9ABD898E,18957,res/piece/nfy_icon/icon_libao_lingzhubujixiang_d.png.gz,3eba5cdce3bacaed28aadcce6bbddcbc
924B221224E550308FFF527DAA760539,14667,res/piece/nfy_icon/icon_libao_qianghuashibujixiang.png.gz,cff4a111fff794609de9d97e3914b681
08835A0B9D32FA6942DB2AFF309441B2,32457,res/piece/nfy_icon/icon_libao_sanxuanyi_chongwu.png.gz,14e673339aab6abe278d0db70a500315
DE8ADA29A65BC35F83A9FCFAB9DEAC9D,32518,res/piece/nfy_icon/icon_libao_sanxuanyi_shenqi.png.gz,578f92a95cbeddd91ae0898cb56e3298
41A9EBF961EFB300523D7BF629E9FCAF,17510,res/piece/nfy_icon/icon_libao_shenqizixuan.png.gz,0a99ad6b2774933e7341857a50199d6c
9A778F74A2E7EEFD51D43C2A1FA270B2,15901,res/piece/nfy_icon/icon_libao_shenshizixuan.png.gz,7d3218fe36e1b6c87de8390e0f4e4b98
EC22AC945708CEB794E401FA2848576D,22411,res/piece/nfy_icon/icon_libao_shichoulihe_manghe.png.gz,e40a45bd00a9d947b82ddca9e211c624
F5FC0EA57EBABA33FE72771B6D769FE9,23007,res/piece/nfy_icon/icon_libao_shichoulihe_shenqi.png.gz,1e272a9d7aa8c46b42680b8160dd5bbf
CFA2CCB568B9267234884DD817151E3F,20565,res/piece/nfy_icon/icon_libao_shichoulihe_xingkong.png.gz,6667b6045ac125c6cdcdfb4f55816ca4
5AC54C3E9B1F2712E73ADA376200F1A1,16226,res/piece/nfy_icon/icon_libao_srchognwuzixuan.png.gz,35f6ee864a48fdfc03647c7a1db790ad
921383D08B996229C8C5AC8106CD72EE,17300,res/piece/nfy_icon/icon_libao_ssbujixiang.png.gz,8c2031e09959aec16bb3f675709f0d6b
FDF65BCE7A32D13F8137A1FA4EF19059,25509,res/piece/nfy_icon/icon_libao_sslingzhubujixiang.png.gz,e889b2a171c403da1043236447ffd0b1
D1FAA6CA991BD42DE9825E8A228D6F16,21402,res/piece/nfy_icon/icon_libao_suiji_jiamianwuhui.png.gz,41443412d3b6c0943da38061cead051b
3391AB49BBECFB6B57D5B8610EBFC276,15191,res/piece/nfy_icon/icon_libao_tuzhizixuan_30.png.gz,74a6f7c0817418b08ad1ce43678a7f5a
6DB0296B17D81B4853A8810FCD4C50A8,15023,res/piece/nfy_icon/icon_libao_tuzhizixuan_40.png.gz,dec365905688e3cabc00776607dad322
BF28299D231B8766FF34DF3C6204C984,15177,res/piece/nfy_icon/icon_libao_tuzhizixuan_50.png.gz,1f23e0a014a2ca8e7dfd7fa9a1b4a473
456F5DCFE0C013114A4CB0313235DD9D,25472,res/piece/nfy_icon/icon_libao_xianshiwuzhuang1.png.gz,a24aa006662c43aa697c9a8a45e94cad
2B29FF9DE702EBD78AD472B54E31406C,23516,res/piece/nfy_icon/icon_libao_xianshiwuzhuang2.png.gz,8ed41fd21dd358f545a7c7988cccccbb
3EE5077D66D26543DDB42EEFFFD77E07,21790,res/piece/nfy_icon/icon_libao_xianshiwuzhuang3.png.gz,5b363baf63dec3444a95f17e21c0ff06
4AB434D93460DEF705AA4616CC36F462,15734,res/piece/nfy_icon/icon_libao_xinghenhezi.png.gz,1c67432c372fdc9f3bfec8d9e180a60e
61D091E963C37B7440D88364AC252625,15871,res/piece/nfy_icon/icon_libao_xinghenhezi2.png.gz,07bd12ad7122352dd91ea9a7421548b5
82E87B038E7F31AEC385D47174EC6600,23313,res/piece/nfy_icon/icon_libao_xinghenlingzhu.png.gz,fe4efd57509ad54f2bfe8a8743dbef86
707AE0AE821E3D4DB1CE37D3861B51EB,16557,res/piece/nfy_icon/icon_libao_xinghenshenmi.png.gz,38073e1d22ac0f1c383edef40b553d79
33AAD64D6794CD9B61C57193ADC7E173,17936,res/piece/nfy_icon/icon_libao_zhanlidalibao.png.gz,afda8c4c1a063ad8b31882babab00898
A1C695CE801B101360F0CF1BF84B10D5,15982,res/piece/nfy_icon/icon_libao_zhanlidalibao01.png.gz,e424e702f1fb5f2e6baa6ef178454b31
DF39A9861FD916ED514D63BFC82A3B63,20711,res/piece/nfy_icon/icon_libao_zixuanaoyi_1.png.gz,7f2db3bc3ca9af4af64daea138506bfb
7ABE295D17A1847D5DCB732779516099,19225,res/piece/nfy_icon/icon_libao_zixuanaoyi_2.png.gz,5712533edef750046208f87d74df9f55
9E44CA47AC792156D730EC18A686711E,23528,res/piece/nfy_icon/icon_libao_zixuantupo.png.gz,fbf37842c0d7b850cefa9f581203c29b
DAB7DF1CD46A2DFE331E929AB5220815,24985,res/piece/nfy_icon/icon_libao_zixuantupo_s.png.gz,b7136ba8b7a821aed413f847325aceeb
6EB900090B8C07313BA559D0CE9AC7D1,15448,res/piece/nfy_icon/icon_libao_zixuanzhuangbei_50.png.gz,f56d4bde7ea7ee185312eaa07ccc1aa4
0F6601213C1A966CEB9AA89AB6B64FFA,15893,res/piece/nfy_icon/icon_libao_zixuanzhuangbei_70.png.gz,aee257e51ff8a2326f25ae68909c7e60
311E6027F1332045B6B3AFB2D538AEE3,16175,res/piece/nfy_icon/icon_libao_zixuanzhuangbei_90.png.gz,116ab084175b7e4d48864fc88e15e709
2356724A61DBE50A1E2018A6A465EDFF,20292,res/piece/nfy_icon/icon_libao_zixuan_anmiemoyi.png.gz,0a67f3d909329df28134b5bc89bbfa6f
8E0DC0A56FE2136E80D3EFF2C859C6A8,20603,res/piece/nfy_icon/icon_libao_zixuan_bianyuhaike.png.gz,67e4a92d4d74e2059885c8ab593c5316
D419DE7881F10288B12E4AEAF4EA255D,23269,res/piece/nfy_icon/icon_libao_zixuan_canglan.png.gz,3f06ea3467e0efa1948e6d42836f39c1
680250838F58115F80E99FD769046A3C,19378,res/piece/nfy_icon/icon_libao_zixuan_canglangdichen.png.gz,058b5b4650760d64f074ad3f27a7d084
FF34479A2A57C462786B6A9EDC0D919E,19140,res/piece/nfy_icon/icon_libao_zixuan_chunbaishengqi.png.gz,8c551f8759976f32a6ee1fb3e6b84c41
68E04A716858BDB5035A2CE8C7193EE9,22833,res/piece/nfy_icon/icon_libao_zixuan_guizu.png.gz,2bcce65590bba52085854aa5a0dea90a
F4F852119DACD2319929453E43FF5E80,19745,res/piece/nfy_icon/icon_libao_zixuan_haiyangpaidui.png.gz,3f9b2632f6173413d485a87f0c3fc84c
CC6832614E609E4B6ECD7212714D202C,20353,res/piece/nfy_icon/icon_libao_zixuan_hongyunyishi.png.gz,0c9f377b63374d005d1e4a2211d258fa
5046454556018F2776909CEA193D8C61,21645,res/piece/nfy_icon/icon_libao_zixuan_huangxingzhimo.png.gz,db6eedd981c8902a54fbbcb37b980d53
FE4D06462C456E0D89764C4AD3DE8AAB,19789,res/piece/nfy_icon/icon_libao_zixuan_huanmulveying.png.gz,7de0a981139da5b46bea2b506287c539
F1E65F96FDD9BE42CB03386C70FF3DD0,19577,res/piece/nfy_icon/icon_libao_zixuan_huanyansuixiang.png.gz,52abbbf287f6ed6a7ee2f1ce62ea72bd
9E06C61AAE8E2CCE1B951B4FDAD0003D,17754,res/piece/nfy_icon/icon_libao_zixuan_jiamianwuhui.png.gz,251833b0f4f195a964661b14ee06b6f1
2A35797063BE5C7F433BB3FDC5A43344,19262,res/piece/nfy_icon/icon_libao_zixuan_jiamianwuhui_s.png.gz,2f2a5ac277e65fe08d5a7a8282ce6de0
6C8F8E186727E060F1207F44DBE266E4,19431,res/piece/nfy_icon/icon_libao_zixuan_jiarishizhuang.png.gz,3cd087f509323203bcc4fc1df7cde500
022CE208CCD8490E140DCBE77AB7979D,20264,res/piece/nfy_icon/icon_libao_zixuan_konglongshizhuang.png.gz,e27bcab3988c4cefc8095aeb03e679d9
61B087C8CEDE23CB9208748A984161A8,21470,res/piece/nfy_icon/icon_libao_zixuan_konglongshizhuang_s.png.gz,139e8b271c6040ec12f6da92a6e3e149
1C8C1D33150FE2E9D4CC78F9167B7F9B,21140,res/piece/nfy_icon/icon_libao_zixuan_liehu.png.gz,3df65821f252e9bb29dd382f45ab2502
E1E58F47E3E0AAEA419DE14B56BDF584,19879,res/piece/nfy_icon/icon_libao_zixuan_linyuanshouwei.png.gz,851e53ca4277755a8aced5199e121904
3CBC22D159E4A3F25816B7E35714B895,20982,res/piece/nfy_icon/icon_libao_zixuan_mijingjingling.png.gz,d6bb3ed0ec47ddfbb76adab22f14170a
20A8C97BD916CCA1A8FDB080EA10A65E,19384,res/piece/nfy_icon/icon_libao_zixuan_mingxing.png.gz,dc9f2da3ebc1a985c68c5cbb39b884b4
7C6977B594D6A887772952649E79F8CF,20228,res/piece/nfy_icon/icon_libao_zixuan_posuoyehuo.png.gz,0b7f62f09353e43776d7ff3630df3778
C7A52595F247640CA9347AF38BD31273,19860,res/piece/nfy_icon/icon_libao_zixuan_qingcheng.png.gz,8399db1b130b704eefdfbdb713816dcc
FC71A8C7ACF5F5D09231FF13596B2AA7,20848,res/piece/nfy_icon/icon_libao_zixuan_shanyaozhixing.png.gz,e8fb4d2ddaea6cc8ece84fb604904521
9A45F8EBD43977E4C8F1E74830D6AB09,19593,res/piece/nfy_icon/icon_libao_zixuan_shianaiqi.png.gz,492dfdf9b5f3d60258fb91b61adcd7d9
36B3E8EEC0D32B97F30F0634E0E5702E,20453,res/piece/nfy_icon/icon_libao_zixuan_shuoranyanxiao.png.gz,75427d545178a8521962ef6c3fa26099
3FD3838CCC997F565BA6BF3DF5BB9EA5,5798,res/piece/nfy_icon/icon_libao_zixuan_wanxianggengxin.png.gz,b5dfdd0f3dbc0b650113636ec078c9c7
E1D916175E1BD62588CA3179AB66A609,22190,res/piece/nfy_icon/icon_libao_zixuan_wanxianggengxin_s.png.gz,e2d9c99de874fc2ad7e51d228e60fb39
8BBB56D70876F757A1E5D29BF9E767AC,18357,res/piece/nfy_icon/icon_libao_zixuan_xiari.png.gz,0aa76387e64ef305e42183e7db2be8b3
96E18DA9F463E7B02B375B4E38512338,20620,res/piece/nfy_icon/icon_libao_zixuan_yehuanlanshan.png.gz,0f512ec0de650c20bb9c57868a371545
EB195CDD41B0ED291B254B20A033DC7A,19362,res/piece/nfy_icon/icon_libao_zixuan_yetingwanzui.png.gz,e2e8fb21a7fe62b80ec9cb86bc169486
7D6E97D40E0AFD83FAABEA31E6CEA81C,23696,res/piece/nfy_icon/icon_libao_zixuan_zhishi.png.gz,b52b0ff209be2cfd4c816078c28bab97
F5B04DDAF07B0EF83156F61EFEDAA9DF,21475,res/piece/nfy_icon/icon_libao_zixuan_zhongyanyuhui.png.gz,328bcb8703873e43e00a40cc15864a44
FFB89E9AB5371F2F1D23AFCD64B3B80B,16225,res/piece/nfy_icon/icon_libao_zizhuangzixuan_10.png.gz,d77e1b533021e14d7700106b8814945e
9E3CED59D0136DF0477BDCB25D572012,16340,res/piece/nfy_icon/icon_libao_zizhuangzixuan_20.png.gz,44e25d7e36adedc37db0263ea2f1c6ef
EE9937A243EEBBA79AAB03B932DBD845,16456,res/piece/nfy_icon/icon_libao_zizhuangzixuan_30.png.gz,d512c3d48aa05ab33d1c028aca3283ac
DA400795A19899E65D50ADEF80B2CD94,19972,res/piece/nfy_icon/icon_niudanbi_jin.png.gz,9dd091e30532d837b37b6be037cb15f2
C2B11E1F7B70F870EBB6BA5452CD576D,15891,res/piece/nfy_icon/icon_niudanbi_yin.png.gz,7d63c471f86dbc837591e3294cf1759f
EC2454D5CED3C95F005FD69AD37553C3,24535,res/piece/nfy_icon/icon_shizhuangguanghuan_youmingxingguang.png.gz,7362efa76e1677e22c438d22b7fb4eef
0A47F7062D66101D385590B8EB0FD351,26434,res/piece/nfy_icon/icon_shizhuangyuanjian_ssr_youmingxingguang.png.gz,5e78c7778de93d7188571746c510afd9
0F49E450FAC23165FC0CFAFBEB7D69FB,27957,res/piece/nfy_icon/icon_shizhuangyuanjian_ssr_youmingxingguang_s.png.gz,4a4861a5250929e68f4f05ba608b11ff
271A1D8355FD6FADD4A0E636F7E1BAE8,8147,res/piece/nfy_icon/icon_shizhuang_01_taozhuang_bianyuhaike_lianshi_s.png.gz,2081972cc65141bf3821e4aff6dd5b76
EF3570FBF3BAFAD3901A94E07CA8DB60,7686,res/piece/nfy_icon/icon_shizhuang_01_taozhuang_bianyuhaike_maozi_s.png.gz,962b21daedb7d7fb7a2c145fe3c98b27
7ACAD7B746BA5CB2F342526B1A1AF545,10672,res/piece/nfy_icon/icon_shizhuang_01_taozhuang_bianyuhaike_tou_s.png.gz,72e6adce0d13774be0fb286d35a94a54
F097D6E7728B5D8708CBC665BCC848D1,19505,res/piece/nfy_icon/icon_shizhuang_01_taozhuang_bianyuhaike_yifu_s.png.gz,3ae404260ac2746f662135aaa1017307
39E482D7F20568D8A01D6B473381125B,15572,res/piece/nfy_icon/icon_shizhuang_01_taozhuang_canglang_fa_s.png.gz,632de5838a868f29a245fd16bbb7f8ab
E621DADF142AA6B60BDF6E1BC974F016,10769,res/piece/nfy_icon/icon_shizhuang_01_taozhuang_canglang_lian_s.png.gz,21dc446c95ac7a7c91554062b53fce20
5385D9935EDEB23816EE1DB76AD52694,9308,res/piece/nfy_icon/icon_shizhuang_01_taozhuang_canglang_tou_s.png.gz,ce7ca5589c8de81d4b168404e7a0eb03
25B5107E84A9517379AB48E044F09829,23850,res/piece/nfy_icon/icon_shizhuang_01_taozhuang_canglang_yi_s.png.gz,cc2186519cb3d00967eeaa7b4a11bbba
E667153C3C230EE6B10B90B35D3AE4EE,6584,res/piece/nfy_icon/icon_shizhuang_01_taozhuang_jiamainwuhui_lianshi_s.png.gz,0e1c62efd3bae2a5c242bbcee4a48253
69C8515DB8BACD3C1BBEF1A015C05CDC,16073,res/piece/nfy_icon/icon_shizhuang_01_taozhuang_jiamianwuhui_maozi_s.png.gz,1e241140a268ccd60074b5ccdcecf4f8
CF11E799A8DC546CF98AFE25237172C7,12431,res/piece/nfy_icon/icon_shizhuang_01_taozhuang_jiamianwuhui_tou_s.png.gz,ac37076d93375215fb6f8d9bbdbbd5d5
513FCE4345BD711F8CC79CC09030A13A,14961,res/piece/nfy_icon/icon_shizhuang_01_taozhuang_jiamianwuhui_yifu_s.png.gz,80964b90613a9129f6c94c38ad241b6b
F284E478837BABE50F3DEDD375B27841,6701,res/piece/nfy_icon/icon_shizhuang_01_taozhuang_jiarishizhuang_lianshi_s.png.gz,d38eabc608151fccde815a1041e84236
1DD485313ECC52BC033C57577B7D66E9,9268,res/piece/nfy_icon/icon_shizhuang_01_taozhuang_jiarishizhuang_maozi_s.png.gz,bdf5b20114148f00aa22ff5d5e85a7e4
8F7680F3A927E0B76BC2746D6E4F2443,14041,res/piece/nfy_icon/icon_shizhuang_01_taozhuang_jiarishizhuang_tou_s.png.gz,1f39b51961c175c2753d73ac0df7a879
30B68F975AB56C68B6A507BD2583DE8D,23745,res/piece/nfy_icon/icon_shizhuang_01_taozhuang_jiarishizhuang_yifu_s.png.gz,e7265a50ecd5cc946ac299314272ff9c
9D7F379E620D4892712D854838A8F4EA,16701,res/piece/nfy_icon/icon_shizhuang_01_taozhuang_posuoyewu_fa_s.png.gz,a4d803d3512d49845bd3050d5af64802
64A481B27BB2C5A814389041CC3495AC,10168,res/piece/nfy_icon/icon_shizhuang_01_taozhuang_posuoyewu_lian_s.png.gz,a8065fa7145bb9e26758b629a1ffc4c6
D6A11EF7D603CF622242050014C0CA40,11110,res/piece/nfy_icon/icon_shizhuang_01_taozhuang_posuoyewu_tou_s.png.gz,54f702859474b64056d417fe9aca2f64
908383647E27997D890E5E03C0F8B5DD,21934,res/piece/nfy_icon/icon_shizhuang_01_taozhuang_posuoyewu_yi_s.png.gz,14d41c63b968b32a3bdee4650d0fc6b2
8D0D2CC424AC6FBB91C274392D12629B,19801,res/piece/nfy_icon/icon_shizhuang_01_taozhuang_shianaiqi_faxing_s.png.gz,122f18a6cc79cc8eb07e27ccefca3b4e
03C546CDB40FFE95015ECFCBC5637D52,8280,res/piece/nfy_icon/icon_shizhuang_01_taozhuang_shianaiqi_lian_s.png.gz,43bdc8e1a1f54f1ac9f1e1753ce4bb0d
9BE40407CACC2A319190E99DC6D895A4,11015,res/piece/nfy_icon/icon_shizhuang_01_taozhuang_shianaiqi_maozi_s.png.gz,48469eace9a47287e475242e056b76d0
BAC76130AA080C2F2A95DF1E72E0E451,31248,res/piece/nfy_icon/icon_shizhuang_01_taozhuang_shianaiqi_yifu_s.png.gz,9c43507b21e6d57009a0092a4321d28b
A37C567FF6B8F31B144E483DFC537821,7514,res/piece/nfy_icon/icon_shizhuang_01_taozhuang_wanxianggengxin_lianshi_s.png.gz,b0454341f433b7df3de791853a5061da
A76D2024B801D52D65CE05E2541D0B68,2168,res/piece/nfy_icon/icon_shizhuang_01_taozhuang_wanxianggengxin_maozi_s.png.gz,fb3e062bd4019bd04d0212c2f4bd14ef
9E233FF55CF617005E077B724134AE7B,11185,res/piece/nfy_icon/icon_shizhuang_01_taozhuang_wanxianggengxin_tou_s.png.gz,0161d52fd6f948e4bdf00edf51871962
85D02DA75986BE4360C5AA59FFA41D05,19424,res/piece/nfy_icon/icon_shizhuang_01_taozhuang_wanxianggengxin_yifu_s.png.gz,7c7e15b29b709a2f90160ad67e11fc27
AAEEF293B55B8E06E82BB06946BB1E75,14620,res/piece/nfy_icon/icon_shizhuang_01_taozhuang_yehuanlanshan_fa_s.png.gz,d032ce5e9570003c858c41efd5e3cf97
64CC6376487DF8A0EC205302F016E5C7,10744,res/piece/nfy_icon/icon_shizhuang_01_taozhuang_yehuanlanshan_lian_s.png.gz,dad2b0c0d0b029619f880e0e348f96ac
1CD3210B78C3CF895F10C6A13A9E4B20,9948,res/piece/nfy_icon/icon_shizhuang_01_taozhuang_yehuanlanshan_tou_s.png.gz,5c0892c2c7ce6f874eda7c3ea02aad0a
1A7F39F5CAC85A97BD30849135CCCB53,24700,res/piece/nfy_icon/icon_shizhuang_01_taozhuang_yehuanlanshan_yi_s.png.gz,c53753230bf5677b32ce25153a9fc318
36006DF0A76D652A1543C1D9B34384C3,13658,res/piece/nfy_icon/icon_shizhuang_01_taozhuang_yetingwanzui_fa_s.png.gz,9475bfeebb9046a5c95c6b4a5a41d007
7D0B8DCB9BF7BB8A51EF986FEBE31C20,10725,res/piece/nfy_icon/icon_shizhuang_01_taozhuang_yetingwanzui_lian_s.png.gz,589a70847b7f646aaf1bff34dc88bfc3
D4301C769D84AF47B669745883FA250F,6773,res/piece/nfy_icon/icon_shizhuang_01_taozhuang_yetingwanzui_tou_s.png.gz,e64c8e64aebeee9254caaf287e59b16c
CA4659D7A399D8E537EEA97C1ADE609D,23433,res/piece/nfy_icon/icon_shizhuang_01_taozhuang_yetingwanzui_yi_s.png.gz,4e58519f5cb5884a09cac35639ade8e2
436C4D7565D5B7B5040A8E94DB76F15C,6749,res/piece/nfy_icon/icon_shizhuang_02_taozhuang_bianyuhaike_lianshi_s.png.gz,b5970fec84630658a8554c4d2c47fec0
FD9E01EE6AE53042B051F5C7FC4F436A,8649,res/piece/nfy_icon/icon_shizhuang_02_taozhuang_bianyuhaike_maozi_s.png.gz,e066c2868c52f06174d5ec5cbac6811f
4F87A9E1363356F88AF3A5B3F57177FF,13738,res/piece/nfy_icon/icon_shizhuang_02_taozhuang_bianyuhaike_tou_s.png.gz,b47ab21867977b87a1bbbe02ec008406
FEDA467939AA2FB560D11F0D02562B24,15658,res/piece/nfy_icon/icon_shizhuang_02_taozhuang_bianyuhaike_yifu_s.png.gz,7a0b7c42202c90ea914be45edfd67b95
7DA3982242B4B85FC66960B396694561,19589,res/piece/nfy_icon/icon_shizhuang_02_taozhuang_canglang_fa_s.png.gz,2491d4c0249eaaeb68e8adeca203ff71
FA3DE26FEB9772C397AEB8DD30472C41,10766,res/piece/nfy_icon/icon_shizhuang_02_taozhuang_canglang_lian_s.png.gz,9ed6c0fc964ed1644dbf8dc39f887790
530C4CC2B2ECEE451C8B7ACEA6792CF1,9356,res/piece/nfy_icon/icon_shizhuang_02_taozhuang_canglang_tou_s.png.gz,51a1fce7a0887ccaa407963fc4bd64ba
3A05B9605702974B0029CA9AE5C12082,21912,res/piece/nfy_icon/icon_shizhuang_02_taozhuang_canglang_yi_s.png.gz,384325aad67f05e4acfcb22b38097fec
B75381AA7F6E2F7E195BE4E00E09A262,7889,res/piece/nfy_icon/icon_shizhuang_02_taozhuang_jiamianwuhui_lianshi_s.png.gz,f735059ffe3c2f55aa4389e8f177ecb6
207D04D9BC63FD7452711060DCFBEF66,13256,res/piece/nfy_icon/icon_shizhuang_02_taozhuang_jiamianwuhui_maozi_s.png.gz,0d85bb71d4eb627154c6876c7206ffb8
56DB4A2B017A81306BF73CA36C71CF45,23240,res/piece/nfy_icon/icon_shizhuang_02_taozhuang_jiamianwuhui_tou_s.png.gz,a2362a2276589403e1dfa547a393769b
9BCC5B544196E412ED947E41F557BAF1,16823,res/piece/nfy_icon/icon_shizhuang_02_taozhuang_jiamianwuhui_yifu_s.png.gz,c4eba5903dd73f20bb31dfae9c4774e2
8FB4695A9ECF26E158F5F3042C6D7EB9,6609,res/piece/nfy_icon/icon_shizhuang_02_taozhuang_jiarishizhuang_lianshi_s.png.gz,66584ba01b3294706f4fcc515c988420
4A42DE8A4C9CCD6526F700E01F143548,9225,res/piece/nfy_icon/icon_shizhuang_02_taozhuang_jiarishizhuang_maozi_s.png.gz,b133f60ba2c1d537b74920a1e4ec84d9
EE6861F2CCF6595D8E76FCBA08DF1B21,18717,res/piece/nfy_icon/icon_shizhuang_02_taozhuang_jiarishizhuang_tou_s.png.gz,f7fea2350012583ad96286d29326cad0
2D671334ED231C51FC91A7C7ADF87E6F,18686,res/piece/nfy_icon/icon_shizhuang_02_taozhuang_jiarishizhuang_yifu_s.png.gz,d18c812511cf2ba002a3523fc1483f37
D5DC5BC6FEC8DEA6E0BE330ACFD2B84D,20840,res/piece/nfy_icon/icon_shizhuang_02_taozhuang_posuoyewu_fa_s.png.gz,2eabb6098bd55de9cf1eb7f4be48ea5a
B1A829AE926F74854D27CB34E368BECC,10169,res/piece/nfy_icon/icon_shizhuang_02_taozhuang_posuoyewu_lian_s.png.gz,9b62754a19e05cb319f82cff7eab41be
F2127A79F88D1C07C1E8C43438614C51,11095,res/piece/nfy_icon/icon_shizhuang_02_taozhuang_posuoyewu_tou_s.png.gz,fa1f4f12933781df5b756bec5f22def6
306698E677FB4BEFD4E5EACD5BF524E6,22504,res/piece/nfy_icon/icon_shizhuang_02_taozhuang_posuoyewu_yi_s.png.gz,bbe710d0fb09ef6fa3cc210d5e7b07b4
5F6BA6ED3F11E20E40CD26A7C240489A,23112,res/piece/nfy_icon/icon_shizhuang_02_taozhuang_shianaiqi_faxing_s.png.gz,1f15a78c06a3e790e2288008d1b6423b
219D5BDA86B5688EF2D8FE3333538544,8280,res/piece/nfy_icon/icon_shizhuang_02_taozhuang_shianaiqi_lian_s.png.gz,7eca797e0239621945c6a6976e074d30
96EF72CB1EBBA644DCB3F6116B350563,11354,res/piece/nfy_icon/icon_shizhuang_02_taozhuang_shianaiqi_maozi_s.png.gz,5ab2996da1f9e5dfa0f34f5919da7e7b
E802947A670C4B073A91A779AA6C8E3A,19653,res/piece/nfy_icon/icon_shizhuang_02_taozhuang_shianaiqi_yifu_s.png.gz,00acb4efe8d2bb2d9ef453f1ba28bad0
CF889A2BDEDDA923BE529AE0F117EF35,3130,res/piece/nfy_icon/icon_shizhuang_02_taozhuang_wanxianggengxin_lianshi_s.png.gz,984611ea3b484b0a2abb3a9c5f7ece01
2D600016EC8A7BC5625DAD51BEBCAD0B,13864,res/piece/nfy_icon/icon_shizhuang_02_taozhuang_wanxianggengxin_maozi_s.png.gz,72c19197816f472eb79d79a019247705
4CC7FE48B9740E5E192522C9E2382F1C,17315,res/piece/nfy_icon/icon_shizhuang_02_taozhuang_wanxianggengxin_tou_s.png.gz,f0f1e35e961a9d5abc0f833510570ba3
FDE2695DB51FCC54C89A0374A75A4633,5774,res/piece/nfy_icon/icon_shizhuang_02_taozhuang_wanxianggengxin_yifu_s.png.gz,6859d99d67675fa72159323ac6056f62
134AA13AAEF0B49BCC565138695471DB,20122,res/piece/nfy_icon/icon_shizhuang_02_taozhuang_yehuanlanshan_fa_s.png.gz,199dc28779b2066f5e2da2082275a983
C9E247A7AA0D9D7347AC11824E679CF9,10744,res/piece/nfy_icon/icon_shizhuang_02_taozhuang_yehuanlanshan_lian_s.png.gz,a57e30c994a4f4f883c937148bd50e43
22E2841E771183EE5A2D11AC9F2307F6,8891,res/piece/nfy_icon/icon_shizhuang_02_taozhuang_yehuanlanshan_tou_s.png.gz,43c86e2cd96f9d39097bfd89357b4558
2D4322E9EA5ED59A8D40BA9DC75A022A,20817,res/piece/nfy_icon/icon_shizhuang_02_taozhuang_yehuanlanshan_yi_s.png.gz,22ed2f80859e44d51952e4e036288a3a
81B5AFEC7C75E1FF35AF53B1230DE8E1,27202,res/piece/nfy_icon/icon_shizhuang_02_taozhuang_yetingwanzui_fa_s.png.gz,7a29f20031796c0e74a4e7fd59bc8abf
3A8F6F1FAF4D8354B0523903EB888056,10726,res/piece/nfy_icon/icon_shizhuang_02_taozhuang_yetingwanzui_lian_s.png.gz,564623118c69ad670faa3260ab1a5d21
3F4025D39FB0C700F0578348134B1289,8602,res/piece/nfy_icon/icon_shizhuang_02_taozhuang_yetingwanzui_tou_s.png.gz,7b4a1322dd362dad7a28f0c4ab0845b7
52D0A2D1A61E5DC97109CD854D69460E,20619,res/piece/nfy_icon/icon_shizhuang_02_taozhuang_yetingwanzui_yi_s.png.gz,1f030e2cfc26c9d68d2dfab4c063d77c
934B37142ED6CCCE0097BB0C52E1BF58,4270,res/piece/nfy_icon/icon_shizhuang_04_taozhuang_bianyuhaike_lianshi_s.png.gz,6a39da654ed70bb9251a781a0d372ee0
080253B296E900BB3886DE2E11BD6277,6393,res/piece/nfy_icon/icon_shizhuang_04_taozhuang_bianyuhaike_maozi_s.png.gz,dc802bc0320c4a91b86fee61c6986221
EF5F877DEFE5C72B32D324034F1EFB1C,14277,res/piece/nfy_icon/icon_shizhuang_04_taozhuang_bianyuhaike_tou_s.png.gz,093a446393cbe93555bb4a67fe17a5f7
E1651A0361E88F8DEFB23825BF86F3D3,19436,res/piece/nfy_icon/icon_shizhuang_04_taozhuang_bianyuhaike_yifu_s.png.gz,f0e77b2fcbf21417797bf7a72c89a155
2AB78EE53F7A580F77C0D3BDF2EAA6AD,20835,res/piece/nfy_icon/icon_shizhuang_04_taozhuang_canglang_fa_s.png.gz,39b3e56975900a64b2491ca9887aaeae
2C24330378B8E51BE333B4E08F554DFC,10769,res/piece/nfy_icon/icon_shizhuang_04_taozhuang_canglang_lian_s.png.gz,e4fa512bfb64957188eb3e37e405cefc
39826AF1604F524BBE7C93A7B7215F78,10056,res/piece/nfy_icon/icon_shizhuang_04_taozhuang_canglang_tou_s.png.gz,b10124e6ea67edd6748e1ddaeafe512c
9F8ED2673D75F0490DF79603EBB7E3C2,23286,res/piece/nfy_icon/icon_shizhuang_04_taozhuang_canglang_yi_s.png.gz,af5f7b9383684f32b74aa7fe38cca903
7EF4CA89FBB4F0386BE457B1964D6B07,8220,res/piece/nfy_icon/icon_shizhuang_04_taozhuang_jiamianwuhui_lianshi_s.png.gz,8e86760bdf6b0fb76a15076c95c35542
BC7C51E22A14AE78EFC8C441C47C4BD8,16287,res/piece/nfy_icon/icon_shizhuang_04_taozhuang_jiamianwuhui_maozi_s.png.gz,29fe43f29461fa1d19530051dbfd0003
63DC0DB5852B2CE4CD2D86B85860AFED,14800,res/piece/nfy_icon/icon_shizhuang_04_taozhuang_jiamianwuhui_s.png.gz,4bf3887b1ca2cfa64f960fd0b345490a
A8B991510BA45AECE36DB93232E35E95,14800,res/piece/nfy_icon/icon_shizhuang_04_taozhuang_jiamianwuhui_tou_s.png.gz,4bf3887b1ca2cfa64f960fd0b345490a
4CAACD359F7FB18F947C59E4D66C0BC6,15862,res/piece/nfy_icon/icon_shizhuang_04_taozhuang_jiamianwuhui_yifu_s.png.gz,9bd8ca45fcb1d0ca463e7d7217d878cb
1FC31736728450A3A4B0FD827EF5E28F,7739,res/piece/nfy_icon/icon_shizhuang_04_taozhuang_jiarishizhuang_lianshi_s.png.gz,4ad54c45ddf58b0c3d9eb496612f2155
D5327FEEE9E0124813F7A7A9529C8FD7,8565,res/piece/nfy_icon/icon_shizhuang_04_taozhuang_jiarishizhuang_maozi_s.png.gz,60d8b01964b4c760cb3ee417c0edde56
497D800581E97A18EA5CCB91F1793F42,13747,res/piece/nfy_icon/icon_shizhuang_04_taozhuang_jiarishizhuang_tou_s.png.gz,97e43deffc473d13c0960146c4757b1d
94FA5976D7325B133E11FEFE48219AB7,24504,res/piece/nfy_icon/icon_shizhuang_04_taozhuang_jiarishizhuang_yifu_s.png.gz,24b19173c32cf25d8ae9171c9800acab
EF7EF6EC71B6150957DB0D57EAC56CC6,19136,res/piece/nfy_icon/icon_shizhuang_04_taozhuang_posuoyewu_fa_s.png.gz,cc2ba655d78ebb5d11ba9338781d8a9f
A60CA2F1E6F24D2D3D3EDF5096AEF16D,10168,res/piece/nfy_icon/icon_shizhuang_04_taozhuang_posuoyewu_lian_s.png.gz,a31dd8eb7f548070512a53d45b0e0f6e
1111808C260465D7A591CDFE09156485,12995,res/piece/nfy_icon/icon_shizhuang_04_taozhuang_posuoyewu_tou_s.png.gz,9676d243de5e808ae0e6c92941fd2970
60A6254B5D8DAC1B548A2487C0CEBFE9,17721,res/piece/nfy_icon/icon_shizhuang_04_taozhuang_posuoyewu_yi_s.png.gz,0d13197701d87770d52ff36e64378ac8
91C16F19461D257F2154FE5BB952E5A7,24660,res/piece/nfy_icon/icon_shizhuang_04_taozhuang_shianaiqi_faxing_s.png.gz,cc534886644b97420b03192edcf00150
74E7783D0B8D9A1C201D7B0AC19E6953,8280,res/piece/nfy_icon/icon_shizhuang_04_taozhuang_shianaiqi_lian_s.png.gz,26306a6c2449919601c48471aef360b5
FABA9EBA3FA1A6CD993FE747DD31452B,11059,res/piece/nfy_icon/icon_shizhuang_04_taozhuang_shianaiqi_maozi_s.png.gz,37a6750f8f246429f5c374696e29a27f
AB76164828FA56DADC67AA6E0E3AC04E,28855,res/piece/nfy_icon/icon_shizhuang_04_taozhuang_shianaiqi_yifu_s.png.gz,a014a6ff9afc02d258f706b165fe6646
A95A28ACF406CE7DDA115A91F6E66049,7956,res/piece/nfy_icon/icon_shizhuang_04_taozhuang_wanxianggengxin_lianshi_s.png.gz,a54c123679e732bae59117d6a4b11a70
B3B7FEEBA33398A95F54656EA06348CB,10634,res/piece/nfy_icon/icon_shizhuang_04_taozhuang_wanxianggengxin_maozi_s.png.gz,4853eca7d072b303a530ed11afb16ce7
E05CA7C6B073722274F2121A3EC007ED,5668,res/piece/nfy_icon/icon_shizhuang_04_taozhuang_wanxianggengxin_tou_s.png.gz,cd8405f4e83e1a3c57d06f3d464baa73
0883DE39CBC5F39A6B227493B854973C,16995,res/piece/nfy_icon/icon_shizhuang_04_taozhuang_wanxianggengxin_yifu_s.png.gz,094176dc4fd4244924da2ff4a870748d
583C1A660FA286D6B202D901568BDD19,21086,res/piece/nfy_icon/icon_shizhuang_04_taozhuang_yehuanlanshan_fa_s.png.gz,4259794c92c5c10ed76c39af204b01bd
92CA9FF93D5B7EF4B3E60E0CC2D12A23,10744,res/piece/nfy_icon/icon_shizhuang_04_taozhuang_yehuanlanshan_lian_s.png.gz,c776eed8b646b57e2752e70bbe21a27e
CFB628E9799ED07C81B19975DE9A198D,9086,res/piece/nfy_icon/icon_shizhuang_04_taozhuang_yehuanlanshan_tou_s.png.gz,2230ae1335c2dfa95135d5145662bb70
D9065ED400878283970100ADB3F4784F,26929,res/piece/nfy_icon/icon_shizhuang_04_taozhuang_yehuanlanshan_yi_s.png.gz,c13365a0bb94b1e15b4f5f20aa04ca9d
D357A02C9D2FD3557844D1C18352AEC8,14591,res/piece/nfy_icon/icon_shizhuang_04_taozhuang_yetingwanzui_fa_s.png.gz,cc2bb8241b72520d392dbf4c8850e79d
5ADCD800B10F7ABC04A968492AAFE1A6,10726,res/piece/nfy_icon/icon_shizhuang_04_taozhuang_yetingwanzui_lian_s.png.gz,2a8fa12ecfb712efebaeae93104acf76
8F6A54AF7DB6D924CA1FF54441A8B85F,9656,res/piece/nfy_icon/icon_shizhuang_04_taozhuang_yetingwanzui_tou_s.png.gz,641674be257ddbf3c02710895280d426
B9AC0AF26326C74CF44C871B68302F3A,22145,res/piece/nfy_icon/icon_shizhuang_04_taozhuang_yetingwanzui_yi_s.png.gz,21a8129a016e5e3d64d02d2aaf6ddd7c
37C4664AA697CF0E9DCD393549080DED,10548,res/piece/nfy_icon/icon_shizhuang_chibang_shenyuanguyi.png.gz,f2031b9975ad3f5c753569aa0b6f6fa8
3865F66B53B5745C8B78A5C8D752E7FE,11377,res/piece/nfy_icon/icon_shizhuang_chibang_shenyuanguyi_s.png.gz,f5c95b02e94c9a42f8ab8e8d25abe673
966DDE514D9091C6A80BCF66990D4352,17834,res/piece/nfy_icon/icon_shizhuang_chibang_ssr_shenyuanguyi.png.gz,d06ba6c0363ebaa850180dc6a7cfb961
EB3CA14AFD3650FE21D9D80A98EAF9C6,17783,res/piece/nfy_icon/icon_shizhuang_chibang_youmingmoyu.png.gz,805b1085b4ec8b1b8e754c0ac219d17a
CA9A3F07C81A822CB23302CC137F9941,18844,res/piece/nfy_icon/icon_shizhuang_chibang_youmingmoyu_s.png.gz,091b0f80050e9c6525b06fe4b1f33509
A01049853C62DF9B9C5E7C9D698E7A6A,18974,res/piece/nfy_icon/icon_shizhuang_chibang_youmingmoyu_ssr_youmingmoyu.png.gz,474f5e4788f466fdcab3587e064f453e
7B14E01D050BE46F5E4015C47F428395,14214,res/piece/nfy_icon/icon_shizhuang_guanghuan_ssr_zhuwanglugu.png.gz,f9f65cf26de4d2ac1f3483fdd5cb1fd1
67DA1DE717D9911463D163016A922F11,9993,res/piece/nfy_icon/icon_shizhuang_guanghuan_zhuwanglugu.png.gz,fcb661a5d87461d20779e57c39385b9a
32CE60B9E44F29C3EC0197AF736827D0,11823,res/piece/nfy_icon/icon_shizhuang_guanghuan_zhuwanglugu_s.png.gz,d683bd2581f8a72ce6184b9cc8d0d35a
0B5A445B5BE03FD32C32A277A0CF2AEA,12579,res/piece/nfy_icon/icon_suipian_junxubi.png.gz,ea566a0e2141ea8da446ea80485ec9d4
F1A901863A81694CE13941839B904B46,14213,res/piece/nfy_icon/icon_suipian_manghe.png.gz,0fac233710f844462bd644ee8167d422
57C4FEBF62925AB6FD8124B029486B40,12396,res/piece/nfy_icon/icon_suipian_shengxing.png.gz,007770844d01ef996eb665e1e2aac552
962F3EC02630803179C42BD22EA42045,14334,res/piece/nfy_icon/icon_suipian_wuzhuangdingdan.png.gz,16c1e08c227f4c237dca94522ba0276c
49FBD7F1DB8B061EC4042E48130A2916,14768,res/piece/nfy_icon/icon_ziyuan_aoyi.png.gz,d64217e6c02688b67d4df3f104b66224
5A2FCFAE71F33BC8A138C5B0E35C258F,19238,res/piece/nfy_icon/icon_ziyuan_chongwubi.png.gz,b641a90b5cd43cc139843167f49dbc4c
72F239D0F107512FE7509A5A604B5FAC,16244,res/piece/nfy_icon/icon_ziyuan_chongwuhuizhang1.png.gz,9ed39aee7c445b71643870dbc6c0f8a2
C56492B53946DD0C2375ACB7D5F6AD9F,15047,res/piece/nfy_icon/icon_ziyuan_chongwuhuizhang2.png.gz,efa00d78eb6ab7cf11e0b3f36c56329f
818D33B7CAFE4692351D45798447739F,11620,res/piece/nfy_icon/icon_ziyuan_ciyuanbi.png.gz,bd7c3ead20ba62137862c6734329c42f
6623B38A94661A249A70C8DF00252CF4,15636,res/piece/nfy_icon/icon_ziyuan_exp.png.gz,a1e622de15e82e431980c0c2de06e3c1
E9A257EB7B27C324C7CDD15BABD8D57B,11882,res/piece/nfy_icon/icon_ziyuan_gonghui.png.gz,4cbf4f8d00bdb96e0d8804dde5648774
456DC9469C39657124EC19F28DC262C7,14964,res/piece/nfy_icon/icon_ziyuan_heiyuebi.png.gz,a2aff8c191aa5a23e7a21a0c206f0e1c
3461866347A9A23F800EA9177F57A8FF,13305,res/piece/nfy_icon/icon_ziyuan_jinbi.png.gz,9b30e4dccd3438515f2ecfa5160270f2
E6F98B4AC79D1640872E93F2CBE593FC,15910,res/piece/nfy_icon/icon_ziyuan_pidian.png.gz,7249936672860c3a9f571e4a78690165
0CCB0612843414466113181CA58D7632,23469,res/piece/nfy_icon/icon_ziyuan_pvp.png.gz,47987a6c455f317776ec21634a67faa9
F20D7E0F241086442934B769578A648A,14327,res/piece/nfy_icon/icon_ziyuan_rongyu.png.gz,fae97317125f9cd7b028e864f6cd3c51
6FC6EFDF109C1A0D89BF54EB81CBE3B7,10024,res/piece/nfy_icon/icon_ziyuan_sp.png.gz,9e9520346aa864f096cd2a8a31772bdc
55E9D5B7A0E50A42D5EBD74E135B89F8,11908,res/piece/nfy_icon/icon_ziyuan_tilii.png.gz,cbc072fb5a1746f10d3f0c31fa3a76a6
FD768723A43BE732D26CEB1AA1ABD994,13999,res/piece/nfy_icon/icon_ziyuan_youyidian.png.gz,75418048a4dd9103c19932f1e5747176
D5D85CC66947133358BDC3C835E3F7D1,18078,res/piece/nfy_icon/icon_ziyuan_zuanshi.png.gz,be1a62f7499b93944bda0eec365b2085
7574AA34B3B9DF30C3F78D397D2C9328,18052,res/piece/nfy_icon/ui_51huodong_icon_1.png.gz,c8792c39f332d2df6a1534ff979d9ac9
4344878EC3D01B5CB431D611DFDF6695,21819,res/piece/nfy_icon/ui_51huodong_icon_2.png.gz,69ec7643fbdca7231f77e8f30e811025
EA2BBFC3B29D8FB64FC666053C58CA64,27756,res/piece/nfy_icon/ui_51huodong_icon_3.png.gz,e94bdb7a91327c043bd2ca4a8d6ba112
78A61C41DD9F5FD45205B97FC5909D5C,34939,res/piece/nfy_icon/ui_51huodong_icon_4.png.gz,def3172dfdfc042e3365f0b2e45d7eb0
4CEC396BB3338350149D9B253172F1D3,9003,res/piece/nfy_icon/ui_aoyi_suipian_0.png.gz,6e6c0fb953aad7ca9a04cf8c81238d1d
247631ED46584DEC8237400A952EDB2B,17948,res/piece/nfy_icon/ui_cailiao_baoshihechengqi.png.gz,9a912eeb214d4a2b6f5bfdd123ea184f
211C8068DBC753B44E213209E4DD7B9C,16578,res/piece/nfy_icon/ui_cailiao_citiaoxilianshi.png.gz,f3141badaabf472aa3cfd55f34fc8505
F6584E892412C493EC7DCEB3DCA8FB78,15561,res/piece/nfy_icon/ui_cailiao_diaoluo_jinbi.png.gz,eefd73fe0d20100347ae9a40b94854d1
1E749B38DBAFC766A7908DE4A2D2DA8F,16928,res/piece/nfy_icon/ui_cailiao_diaoluo_jinbi2.png.gz,be2b0b6aacc012e24282853e92556c71
E9042ADBC546F3034AB0BECFEB602E40,15242,res/piece/nfy_icon/ui_cailiao_diaoluo_wuzhuangjingti.png.gz,13bf34ded803a675c8c60b281997806e
3EFF29A668F464F2B85C16FFD529B140,19318,res/piece/nfy_icon/ui_cailiao_diaoluo_wuzhuangjingti2.png.gz,5a18f3a163a5172c686ed0f22f991a3b
E396A4C6347907DFE310A4F96B14B1A6,18245,res/piece/nfy_icon/ui_cailiao_gongchanghexin_r.png.gz,5020891bf27491fcb64c02ec87f17780
0FA4C9AC8F0B69715A17AE785F0D1389,18348,res/piece/nfy_icon/ui_cailiao_gongchanghexin_sr.png.gz,02aafdd450e47e6bba831e52e1e4102e
EC23402F7F244BD4F44879E9BDC9A716,18225,res/piece/nfy_icon/ui_cailiao_gongchanghexin_ssr.png.gz,b43e273b468b9bc4cbcfc4dd94c0d92a
9FAFD200B733140EF442848B7F8658F8,16470,res/piece/nfy_icon/ui_cailiao_gongchangsuizha1.png.gz,5f98784bede871e50347af5c89d8553e
1C24E2FCC38F6A1D856368B0758482BB,16319,res/piece/nfy_icon/ui_cailiao_gongchangsuizha2.png.gz,8897e99dc68149acae1a000834d83119
AAA085A7B7346FBF6645AEFA367895DD,14791,res/piece/nfy_icon/ui_cailiao_gongchangsuizha3.png.gz,868ddac7c6607954f065d8b2557d0849
425FC4C19682AE8FEA6422C563EE785E,13544,res/piece/nfy_icon/ui_cailiao_gongchangsuizha_baishen.png.gz,392c6a5ef9316f919e9cdd6d3c8433bb
A1B4411545F9BDD69610E06956E8E0F9,13979,res/piece/nfy_icon/ui_cailiao_gongchangsuizha_heiyue.png.gz,30df78ae9e1ae98c356104458b21d7e8
1E53D7335DD5B58910D780AC5F19D9A0,11506,res/piece/nfy_icon/ui_cailiao_gongchangsuizha_shenqi.png.gz,eed3dda132c3cab109156fe4be85c0cf
6A633ABB7BB722F5778287CEF01710AC,11932,res/piece/nfy_icon/ui_cailiao_gongchangsuizha_yineng.png.gz,787ac8391b094a1abf96ce99cab290e8
E968A8EBBEE8B1D9EF10E1C43E7E7934,15361,res/piece/nfy_icon/ui_cailiao_rongyanjinghua.png.gz,a8b50597790e3ad6a85ddd964de70104
6207D35B44B98ADD100503994BC1CF56,27985,res/piece/nfy_icon/ui_cailiao_shenxuantuposhi.png.gz,346148911436acae7c996d80d2d7b0ce
AF74DC534AD273966B906AEEB50C99F0,25171,res/piece/nfy_icon/ui_cailiao_shenxuantuposhi_s.png.gz,7eae28a20b30b732d3a465a468552e05
E8A00D43CDF275E3F5C430E113EDC808,18245,res/piece/nfy_icon/ui_cailiao_tongyonghexin1.png.gz,5020891bf27491fcb64c02ec87f17780
85F1A3172A0539004A655F44FF891970,18348,res/piece/nfy_icon/ui_cailiao_tongyonghexin2.png.gz,02aafdd450e47e6bba831e52e1e4102e
CC6BDA0DAAD242FE89762EA2EF2CF065,18225,res/piece/nfy_icon/ui_cailiao_tongyonghexin3.png.gz,b43e273b468b9bc4cbcfc4dd94c0d92a
A0D87F9A282000A173DDE2D437815D5E,20674,res/piece/nfy_icon/ui_cailiao_wuzhuangsuipian_r_chimang.png.gz,d2d110bd7ba95a3f657adae624bf9c8c
5F39F8C57E2172F06FC622FB086AAAD8,20333,res/piece/nfy_icon/ui_cailiao_wuzhuangsuipian_r_guizuqiju.png.gz,815a3a5e6001580b41e65a0a9be4dfc5
D57A86DEC7FC37306E150AFE54A5BF8E,21242,res/piece/nfy_icon/ui_cailiao_wuzhuangsuipian_r_guofengqiju.png.gz,3d03256b32fe58369bd8b2bb75e33aef
68117FE634B005FDA993A443CB272E91,21746,res/piece/nfy_icon/ui_cailiao_wuzhuangsuipian_r_heiji.png.gz,b41dd4de8a33e5f9fec3d294e84eead5
F9C848F7EE9B7E3735611A1D8AB2F6AF,21742,res/piece/nfy_icon/ui_cailiao_wuzhuangsuipian_r_qingtongshidai.png.gz,196218a0502b498b301d7583a9fa9718
03248876CE4AB301833D8C4B0B12C6CE,20753,res/piece/nfy_icon/ui_cailiao_wuzhuangsuipian_r_shaxue.png.gz,53eae406e5c0297eae948e48e03a2086
670A13109EBFCA0EDB681AA380586FC1,21456,res/piece/nfy_icon/ui_cailiao_wuzhuangsuipian_r_siwangkangju.png.gz,5cee8257d85ba63a336504d90a270a23
821DAC8C72B83E41C5812AF538B2F05C,20125,res/piece/nfy_icon/ui_cailiao_wuzhuangsuipian_r_xianyuezhan.png.gz,e272bb6cca8f44985a08ae53afc9a587
E05ED18DFA0D89DF6F22F382B264C044,21531,res/piece/nfy_icon/ui_cailiao_wuzhuangsuipian_r_xiaoyuanqiju.png.gz,a86d9e63a9ceb5299b27b154df4aee41
19AC588929DA9F7189F2A32B941CE57C,21354,res/piece/nfy_icon/ui_cailiao_wuzhuangsuipian_r_yongbingqiju.png.gz,a24ece3cd5b5097a25c86a79dd4cbe27
1FBE753136F51EAA884B277DAEC640E4,21414,res/piece/nfy_icon/ui_cailiao_wuzhuangsuipian_r_zhanlanguangshi.png.gz,f3c02a82f6ac81e653e53906a41e0d8c
76A52021B9C40EE4D70A387CB2C2BC1B,20361,res/piece/nfy_icon/ui_cailiao_wuzhuangsuipian_r_zhishiqiju.png.gz,c37a61a47a2fd6e48592f0359d50dfa4
3A01B950A4325D49D80AB5DE306CFF87,21389,res/piece/nfy_icon/ui_cailiao_wuzhuangsuipian_r_zhujinshouhu.png.gz,b56ff894966a1641e5f2de18a025f675
7AADD2D6B1648038D4388FF5588CBA45,20646,res/piece/nfy_icon/ui_cailiao_wuzhuangsuipian_r_zhuojinzhanren.png.gz,243e6f1fa9664496e8bb341907a177cb
5E45FF722F3DE483A635484A28F67D09,21374,res/piece/nfy_icon/ui_cailiao_wuzhuangsuipian_r_zitong.png.gz,241e89ff12ff6887706f576ff975c6bc
C8068A2D7EA3ABD40FD090592F3C7FF3,21406,res/piece/nfy_icon/ui_cailiao_wuzhuangsuipian_sr_bingqi.png.gz,96bfc2c3afee116cb1012258697c7b29
692E16176677020A5E88F9F2DC233104,21810,res/piece/nfy_icon/ui_cailiao_wuzhuangsuipian_sr_chiseqiegezhe.png.gz,eb33be2fccd541a39fc40076cc186915
982001D951E0F997FAFA2101A4159776,21826,res/piece/nfy_icon/ui_cailiao_wuzhuangsuipian_sr_ciyuanchuansuo.png.gz,33316634ab87001a353ed8d31d67fa28
9300BF01970FA660B5786A791E29F691,20997,res/piece/nfy_icon/ui_cailiao_wuzhuangsuipian_sr_fengshenbiyou.png.gz,795f6b1c97a032a4b18b6b69edb2d53c
D1E6EA029DB596A7C8310480ABA0BA94,21805,res/piece/nfy_icon/ui_cailiao_wuzhuangsuipian_sr_jidongzhiren.png.gz,c7a533558f0038e78136b647d2645fa5
AAE712E15FF896A63AC5C042A40C896F,21790,res/piece/nfy_icon/ui_cailiao_wuzhuangsuipian_sr_jingjicanyang.png.gz,0f27d4a6b3aaa861d3b3b41e1fad3731
DEEE9176404685FE71DECDD4FADBCCBA,21407,res/piece/nfy_icon/ui_cailiao_wuzhuangsuipian_sr_jingshizhishang.png.gz,161822e717e54e49ace8f08a5bf8c291
4335ABABA7F42572EEA0D0353E96B67C,21798,res/piece/nfy_icon/ui_cailiao_wuzhuangsuipian_sr_jinlongren.png.gz,ed1380c6eab4f65786edf6cb7007eaed
E2559253281E33EE35F6DB0939CB1492,21633,res/piece/nfy_icon/ui_cailiao_wuzhuangsuipian_sr_juduzhiyao.png.gz,4e521ce84be69ca3473909abeae35c94
019C970CFDEA88BED7FE6230CBE214D8,21542,res/piece/nfy_icon/ui_cailiao_wuzhuangsuipian_sr_kuangnufuchou.png.gz,002bd966c072fc12d619e7a3810cbc9c
199DD0D617D36FA12F841CD0DBE319C0,21818,res/piece/nfy_icon/ui_cailiao_wuzhuangsuipian_sr_lanyanyujin.png.gz,30f0f7f97667724a25e9fa0f82ffcd56
E33D278B4137F0F3F18287438994C637,21917,res/piece/nfy_icon/ui_cailiao_wuzhuangsuipian_sr_nengyuanjingshiren.png.gz,b2fd6c916ed934767f67f9556fe30b84
F9DBEA1F3432AF64B4F8FAE5A3404FF3,21306,res/piece/nfy_icon/ui_cailiao_wuzhuangsuipian_sr_shatanqiju.png.gz,dd569a63f6bd3484393f8b9786a86050
0C61AF1AE268877DFD59D90B3CBEB25B,21647,res/piece/nfy_icon/ui_cailiao_wuzhuangsuipian_sr_youlanshishenzhe.png.gz,0ee6ac47ad00ce1cfc23e15117f79b1e
56218C256C3F5D0FD25BD80553792D40,21527,res/piece/nfy_icon/ui_cailiao_wuzhuangsuipian_sr_yunyanrongxingjian.png.gz,3af82739bacab4f12ba5c6adbb147c05
C35ECAC58F897079E89C8EF34851A803,21985,res/piece/nfy_icon/ui_cailiao_wuzhuangsuipian_ssr_cheguhanbing.png.gz,b44861d9adb735c72d297023e15d338a
28F1674F3EF8C4A67B17803850E84F5E,21476,res/piece/nfy_icon/ui_cailiao_wuzhuangsuipian_ssr_chisesishen.png.gz,d34615f01165acc10cfdee54f735e77e
5FA94C0347D373C162635ED5673D2DA9,21994,res/piece/nfy_icon/ui_cailiao_wuzhuangsuipian_ssr_daizuiyan.png.gz,1e69d2ec422d1f50895f7f083a4a777d
644F7441C3B05D96DE63DBB8A3C884BC,21977,res/piece/nfy_icon/ui_cailiao_wuzhuangsuipian_ssr_fenlier.png.gz,8eb3c975eb182c0e81d3593dbcacd0f0
8B2A290EDFB7A5B4D224A6C1AB2129F6,21619,res/piece/nfy_icon/ui_cailiao_wuzhuangsuipian_ssr_guidaozhiren.png.gz,24111d006c0be5979aabd0ae14be0edb
35B61F55A3FC4D5A2E6D58B32EEDBFDE,21615,res/piece/nfy_icon/ui_cailiao_wuzhuangsuipian_ssr_huimieyanyu.png.gz,f016985e62e6e98fefd01d7f0bb6f435
CDE67C4CB6F0850E90C649043937AB46,21769,res/piece/nfy_icon/ui_cailiao_wuzhuangsuipian_ssr_jiabailizhiyu.png.gz,759748c475bd5c5082a84f9078b79833
F495AFCF86107394385AE87075B7B2CF,21284,res/piece/nfy_icon/ui_cailiao_wuzhuangsuipian_ssr_liangzimaichongren.png.gz,cbd422c8fdc7370aa7ea14126f86be6d
677DE8BB1CAB6349C93ED7F0D5498345,21660,res/piece/nfy_icon/ui_cailiao_wuzhuangsuipian_ssr_mingjieshizhe.png.gz,9701a0e4f0058264df27132cea86c6bb
13C3B0DADBFE81687A3AE0AF69B7AAF6,21719,res/piece/nfy_icon/ui_cailiao_wuzhuangsuipian_ssr_nizhuancaijue.png.gz,376bb9f01efc87c5e35db6de77b4a1ad
50AB9B6B60D4D66791C00A342F7BCD22,21942,res/piece/nfy_icon/ui_cailiao_wuzhuangsuipian_ssr_qunxingshouhu.png.gz,a656e49789a81b73af542a1a2059b722
FABD4EC74802ADDB7AE809341C380205,21323,res/piece/nfy_icon/ui_cailiao_wuzhuangsuipian_ssr_rongrongqiege.png.gz,423249a6cfc9b0d02f553cf397a5c7c4
B4D1B77D7205F2DBFA62095263E759CA,21982,res/piece/nfy_icon/ui_cailiao_wuzhuangsuipian_ssr_shenjicantie.png.gz,638e52f835bf9e4ef9b58272c07e5c55
448F8730AEE3B1BE17134E66E3D1B1F9,21849,res/piece/nfy_icon/ui_cailiao_wuzhuangsuipian_ssr_tianhou.png.gz,a2e7dc27fe07026d97defc5a168ae747
63FD2FE9D2F115B001B96920EA1BCE0A,21173,res/piece/nfy_icon/ui_cailiao_wuzhuangsuipian_ssr_xuesexuanwo.png.gz,6fdda2a36430e1233bdea24af67fb8de
4F682519298C72EE84F011963907E292,21703,res/piece/nfy_icon/ui_cailiao_wuzhuangsuipian_ssr_yehai.png.gz,a18feadac8bbd17c4b60b6ee68f47f3e
104A161229ED732C34F13CE8B7EA29F4,21826,res/piece/nfy_icon/ui_cailiao_wuzhuangsuipian_ssr_yingluomanting.png.gz,7019254f83fa6702c273974b43686f53
9C6D18A53D5271A02C17DFEC71764BED,21742,res/piece/nfy_icon/ui_cailiao_wuzhuangsuipian_ssr_yingraoleimang.png.gz,d32fb028b03999eb0dc81a264a34ad83
E93D099F9FDC6AA2E2828BB1A2601F03,21641,res/piece/nfy_icon/ui_cailiao_wuzhuangsuipian_ssr_zhenchandiqiao.png.gz,debeaa9ea19f71ca784fc93097be7dad
B692F9B9600F5EB4C3243F43BF6A0442,17294,res/piece/nfy_icon/ui_daoju_anmiemoyisuipian.png.gz,7324cf9478535065f38c43f7c693859d
84738EEBF67694EC3F5452A92AEC86C7,20370,res/piece/nfy_icon/ui_daoju_aoyishu_a.png.gz,255fe58931e17e43d825c80be7bebde3
873A39C66DE0A1C1E9E85123BB4C6518,17026,res/piece/nfy_icon/ui_daoju_aoyishu_b.png.gz,48fa659e712b662ff58f68ab18909dcd
01FE0C9B17529A875621CDF16AEBFECE,16431,res/piece/nfy_icon/ui_daoju_aoyishu_c.png.gz,f2c49b72a91f3877218f5aed7802ecbb
99B7A2C8F48F3418840CABEF399EE861,20933,res/piece/nfy_icon/ui_daoju_aoyishu_sss.png.gz,2dee64f406bd0a7cf09f3f749e7e48fa
61FE37566A392223FE42F3314E16B4C3,17084,res/piece/nfy_icon/ui_daoju_bianyuhaikesuipian.png.gz,70dfbf72bb8bfb298122d2d0848f113b
7CD36FC405BC1634FB1FFD684028E216,17276,res/piece/nfy_icon/ui_daoju_bujihuizhang.png.gz,daff2f139845ea671ebb4df9caefae35
FB37EB012DAD2FE10E234D4F5234BBDA,17290,res/piece/nfy_icon/ui_daoju_canglangdichensuipian.png.gz,cf8063923e6b9ea650200917ff5414e6
52A23E165BBA0A9807DD31E6432FF92D,16517,res/piece/nfy_icon/ui_daoju_canglanhundunsuipian.png.gz,c5db77c7fa605f3ba305eb6f1ed1f52f
4C1BEFDED81E4001307FD0D434178DE2,15650,res/piece/nfy_icon/ui_daoju_chongwusuipina.png.gz,82e3d6e54bc9b7385fc184ca634e7f07
B36CFE321BFD14E1C203CFD68973D22B,17411,res/piece/nfy_icon/ui_daoju_chongwusuipina_gaoji.png.gz,ff6252346a96d326a1907f343adcd0ca
31D7454D6128CE411D9BF754100893B3,16356,res/piece/nfy_icon/ui_daoju_chongwusuipina_sr.png.gz,5f8a0b66bb5ed792b149109196f66d74
E39070F77A140DAA78C62349AF74AC27,16862,res/piece/nfy_icon/ui_daoju_chongwusuipina_ssr.png.gz,b985b5f760e1a8af15da49bd2a9622d3
76319B004BB94DF8ABB7E73A76216AA5,13823,res/piece/nfy_icon/ui_daoju_chongwu_chongsheng_1.png.gz,2f24c47ce779ae6e971e54f8dbb679b6
F03A0B4A8B07C2119F6F72A24BC29F80,13616,res/piece/nfy_icon/ui_daoju_chongwu_chongsheng_2.png.gz,d1160b25113a297ec9c527479ada4323
0B655E055D357C7DB15B6BFBDB0C10BB,2747,res/piece/nfy_icon/ui_daoju_chunjie_chuanghua.png.gz,c19e814b4b940a95ee7a77ed272930da
E46B6385115C05BA9F7ACE2E15639045,6940,res/piece/nfy_icon/ui_daoju_chunjie_nianhuo.png.gz,418e34d674ef77426796919f7f7d0aee
E20E951BB1D764D2D0FD89BD770DF90F,14169,res/piece/nfy_icon/ui_daoju_heidoupengsuipian.png.gz,c1e8fd21819ea505144e18eb9b56adb5
0DE63E1893BB6C4350CB5EF337296020,20064,res/piece/nfy_icon/ui_daoju_huanshenqianguisuipian.png.gz,b08591a90257958243a3209e5afd3b6d
8D09BCB2788739B20BF36CD892D72FFD,12099,res/piece/nfy_icon/ui_daoju_huobanhexin.png.gz,cabc09204fd9c17b4dc43a7c20ebf8b9
2522354257911D982F6C416E69E6185B,15171,res/piece/nfy_icon/ui_daoju_huobanjinjieshi.png.gz,507a827fc9b37082238317b7ef1ca39b
2991151470197300DFC94C69D94D7735,17047,res/piece/nfy_icon/ui_daoju_huobanjinjieshi_s.png.gz,6f20630f1fa8dcc00386958ef41600a9
2C2292452807717397BA3D82265805D7,14513,res/piece/nfy_icon/ui_daoju_junxubi.png.gz,aded9942756483a6cb50a5171733431a
DF41A5B371F48BF8AA545F02B797E0BE,18517,res/piece/nfy_icon/ui_daoju_junxubi_haohua.png.gz,6518ec4a43802a2124e0bd348f7cac81
A59A6004B79A53EFC428263FB4D8B966,15366,res/piece/nfy_icon/ui_daoju_qingrenjie_gaobaixinfeng.png.gz,f0bf93482f14c779136cd5c5a7fc87e0
19D6E9DB70E80512826C2974387923F2,13616,res/piece/nfy_icon/ui_daoju_shianaiqi_s.png.gz,435bc02dc33453f6ace8a14150c7e15e
5F9739B9AB9CD0F0BA9200B9F7510B8C,5352,res/piece/nfy_icon/ui_daoju_shizhuang_tongyong.png.gz,ff9d5dcf8d37baff94b938a703529dfa
39D5EEB698F8CEE42CD5B0C4F080A509,17059,res/piece/nfy_icon/ui_daoju_suipian_heiyan.png.gz,e225d2d3d91b184b3c31d8f0d3a07ffb
D55C545BFF3203CDA0EA9B5AD4F68A9C,17113,res/piece/nfy_icon/ui_daoju_suipian_xueshi.png.gz,011ab12f467af1f30becb8e63c499a0b
52D3559A3FCE776D2872073419B6377A,12073,res/piece/nfy_icon/ui_daoju_wuzhuangji_fenlier_weddingdress.png.gz,0ef62c26c2e292ff786330865e32085b
78C8FD4F5BEEC00DD0CB3E93F6A554C9,10095,res/piece/nfy_icon/ui_daoju_wuzhuangji_jiabaili_weddingdress.png.gz,f80f2a09fe4552361c9aec2779c4a949
1CBAE712815D1F0ABAA1699376D783DB,15501,res/piece/nfy_icon/ui_daoju_wuzhuangsuipian.png.gz,e87db7c2264c6de9efe7e9bbff61e818
0AB540F283588514E6DA9B80FE7585A7,19733,res/piece/nfy_icon/ui_daoju_xuwuzhitadaibi.png.gz,117a88e4fdcccaaba2585b3cce429223
466A6468061D36EA839629B71A9D459B,13314,res/piece/nfy_icon/ui_daoju_xuwuzhitamenpiao.png.gz,a841a491f5193064880cc15478e664b7
433115F150310E8E87CF26722DFC1ACE,10685,res/piece/nfy_icon/ui_daoju_yijie_huifuyaoji_1.png.gz,fc602330e91908c4b82b5905407653a4
816B0A2EE11EC82297AA65A67D6BCBFA,11502,res/piece/nfy_icon/ui_daoju_yijie_huifuyaoji_2.png.gz,dc6c3b9f2b2dc78ee2a977b78d7504d4
AC83AEDB3CF2DC3488567509766914C0,12420,res/piece/nfy_icon/ui_daoju_yijie_huifuyaoji_3.png.gz,6db9edfef47668734e7e1d1a0e053a0a
B5C751422742C00C70DB7CAC35073758,12586,res/piece/nfy_icon/ui_daoju_yijie_yindaozhuangzhi.png.gz,0e36ff9b14f0c72a4a163ab7a02a7a99
C1C7FD218845AC752ACC3B32EC768B3A,15675,res/piece/nfy_icon/ui_daoju_yuandan_denglong.png.gz,4b76ee7582ad4c258cd555430a34fd42
2342B8ACBC12217B7C0849DA94661530,5763,res/piece/nfy_icon/ui_daoju_yuandan_hongbao.png.gz,e9270e3f5758ee32f11fa1893f26aa5c
903800D63CA6D90EB18158A9E359A9E6,23143,res/piece/nfy_icon/ui_daoju_yuandan_huadeng.png.gz,1d44f754194446df5be942f5c51f8f5a
4D24B3058A5E90BA63BB92C4B623AB1B,10317,res/piece/nfy_icon/ui_daoju_zhongqiu_yuebing_danhuang.png.gz,b9d054b1d1ae75ac9c39c7d8d5b975ed
9B3EF11B4442C7DF1203E862945EFC85,10243,res/piece/nfy_icon/ui_daoju_zhongqiu_yuebing_dousha.png.gz,89222f472228cb3bbb2030fb6d22f0ab
E780EF4D677D2D75B925867ACF638645,10097,res/piece/nfy_icon/ui_daoju_zhongqiu_yuebing_wuren.png.gz,59a6c9ca0de590867c7a771e049cddd6
DDAB21981183FDC8B5EC0D2566ECC18C,16875,res/piece/nfy_icon/ui_daoju_zhongyanyuhuisuipian.png.gz,b54413a66802b5a6a566aa56050fe255
50E5A3EA045947C4D73C2CB3A3C6B75B,12957,res/piece/nfy_icon/ui_daoju_zhuanwu_1.png.gz,c0f904abb59b98ea506489c9c7f8a4d0
9491BB8875084A2F63DCEC00F23061B8,13723,res/piece/nfy_icon/ui_daoju_zhuanwu_2.png.gz,094e8d3c83cf983e9b6fb993aa84c8eb
F2C6BCB7C1B65EEA1C4049822F0E4855,16506,res/piece/nfy_icon/ui_daoju_zhuanwu_3.png.gz,161a4f878a1610465f0c82309b4044d5
E89DB5B6080D83BDEE313801A8726EFB,10252,res/piece/nfy_icon/ui_icon_jiezhi.png.gz,548698709510d64e891a95dc39e252f9
E222829B6FB6EF61C125CBE4F4DD353B,30185,res/piece/nfy_icon/ui_icon_libao_01_haohuazixuanwuzhuang.png.gz,624e041700b39e1b38276296451a68db
AC510119B67567E6C1BD96F7189BB007,14833,res/piece/nfy_icon/ui_icon_libao_01_suijiwuzhuangsuipian_r.png.gz,071a8da82064d299e5cc139970ae20d4
9774A05CDD0212DC2F036B5A1F14B7AD,14868,res/piece/nfy_icon/ui_icon_libao_01_suijiwuzhuangsuipian_sr.png.gz,bf67eaa57dcaf37501dd6859a4f6e5b0
BC6D610107BD074519818963E41BDADF,14776,res/piece/nfy_icon/ui_icon_libao_01_suijiwuzhuangsuipian_ssr.png.gz,8d069708a42cbb866905f8ac1064de3b
35352C125D89FFCF4E30C5DEC67A2B5A,29041,res/piece/nfy_icon/ui_icon_libao_01_suijiwuzhuang_r.png.gz,83d6eeddde3abfcee6a2b6a6e7f87946
9F8DC2BC441394BC7340673BE23A3976,29280,res/piece/nfy_icon/ui_icon_libao_01_suijiwuzhuang_sr.png.gz,bce03266b566ca39215efca2a97628d8
907FD5E230F4F5CC74C824B016A9CC99,29685,res/piece/nfy_icon/ui_icon_libao_01_suijiwuzhuang_ssr.png.gz,37149cd436ad6a56ed7c18b13f70f867
06721961582EF7C32763C29AE1D54790,30028,res/piece/nfy_icon/ui_icon_libao_02_haohuazixuanwuzhuang.png.gz,0683e98488603b9c5bd0c774a0f90195
B67E1B56C504A74B76997408557D2CA5,14668,res/piece/nfy_icon/ui_icon_libao_02_suijiwuzhuangsuipian_r.png.gz,5f15f10287a45863812aca163fd08c0e
9F217F8539FA6DF5D572EB95779A580D,14570,res/piece/nfy_icon/ui_icon_libao_02_suijiwuzhuangsuipian_sr.png.gz,0d10fe76fd4c3614808915e9a1270e60
2E5FA53A84A7BE5EF1511B7BF9B7BB17,14661,res/piece/nfy_icon/ui_icon_libao_02_suijiwuzhuangsuipian_ssr.png.gz,eaa9a7be6a606d43ce2f0009b113edf1
BE471C879FF5300E46870B3B76CCBB7D,28904,res/piece/nfy_icon/ui_icon_libao_02_suijiwuzhuang_r.png.gz,7f854e61733f5f7e837b41ccbb2ffd0c
D2CC858E70042AB02ADC8A9DA95BF3DD,29198,res/piece/nfy_icon/ui_icon_libao_02_suijiwuzhuang_sr.png.gz,a3596e2b82f5d88455108cce0d656039
DF726FAC660560EAA58FAAD0EFD6EF44,29588,res/piece/nfy_icon/ui_icon_libao_02_suijiwuzhuang_ssr.png.gz,d14eb4f907cff9ca07274ff4ae0b60a5
C9516C37F7B0503ED9650EFD31D47622,30151,res/piece/nfy_icon/ui_icon_libao_04_haohuazixuanwuzhuang.png.gz,6ccadbe671e172b233ee37889427a8a6
77283B995E3D7BD0CA19103B3F7A41C3,14870,res/piece/nfy_icon/ui_icon_libao_04_suijiwuzhuangsuipian_r.png.gz,5ff644cef1aa031932512ee8e4273493
48F79C412554A6B61DF95F90078A6279,14831,res/piece/nfy_icon/ui_icon_libao_04_suijiwuzhuangsuipian_sr.png.gz,860120287d58aa97b2c26365c781539d
862EA536A08F85BA587884FED3AE9FD4,14897,res/piece/nfy_icon/ui_icon_libao_04_suijiwuzhuangsuipian_ssr.png.gz,02556498a5e39eb17373baee854514b6
73A531B366E3C85A0BECA69CD653194E,29100,res/piece/nfy_icon/ui_icon_libao_04_suijiwuzhuang_r.png.gz,f72dfdd7a3a54cdddfa157ed3735d23d
BC6BB57B589CECF7C0930D2829F3B693,29353,res/piece/nfy_icon/ui_icon_libao_04_suijiwuzhuang_sr.png.gz,8daa547d4ea5b52f1c8734565de224fb
20E5BC62C1B546680C52D6FC24D7FB1B,29757,res/piece/nfy_icon/ui_icon_libao_04_suijiwuzhuang_ssr.png.gz,04d6a085a4fbc0d29aee6872d0437ea2
7BC13A0080D5D69ADB1C80126AEF19AE,20868,res/piece/nfy_icon/ui_libao_anjing_bujixiang.png.gz,0e2f66a70caef7765891237b6bc9b9e9
D6CB7C9EFF5EF12B327C96165AAB0528,29005,res/piece/nfy_icon/ui_libao_aoyizixuan.png.gz,01267b548b2dcc4f4b236599531889a9
F6B1449A006CFC9F87841E32AC15B731,17087,res/piece/nfy_icon/ui_libao_aoyizixuanxiang.png.gz,0abefe67efbfd736641cd2bb0da33a27
0D3DD1B3AB453B31EBF47713E3E0F8D2,24878,res/piece/nfy_icon/ui_libao_baoshishengjixiang.png.gz,537462f52f267790c33795458649946f
3E9C29D2B3520BD961E3CE0F734E008F,16461,res/piece/nfy_icon/ui_libao_baoshisuipian.png.gz,080bc2e3013950c346dac630ad9636cb
28F59226D20F1A7839B20F0A785B5491,43248,res/piece/nfy_icon/ui_libao_chaojibugeipingzheng.png.gz,714ea7dff50aefff335c93e78de761c9
CD181D17860EA8FB115BCEF1EA0D8804,49666,res/piece/nfy_icon/ui_libao_chaozhibaoshiqianghua.png.gz,1741224bf4f9ec04e3e5662409b6b5c0
BB46E9A415C036B9FF1AF772CF71AF8E,42576,res/piece/nfy_icon/ui_libao_chaozhichongwushengji.png.gz,e738a9ade243ea210739b41ada928cfb
B2A05F45F1F6ED0AFAEE9C1A425FBB2E,36453,res/piece/nfy_icon/ui_libao_chaozhishenxuantuposhi2.png.gz,75136e3411a78d22f370caf54a700101
6EB71B8D0C374305957B72A2E2A955DA,27432,res/piece/nfy_icon/ui_libao_chaozhishizhuangbi388.png.gz,99addf926e0025adb561f59d8ac26bdb
564F1F9AF592028859F62682D0919077,46033,res/piece/nfy_icon/ui_libao_chaozhiwuzhuangdingdan48.png.gz,bd5d5bcc77de1b475d74239c2fb1a357
F2E4F3F71F266A01D88F5BAE14FFC412,49241,res/piece/nfy_icon/ui_libao_chaozhiwuzhuangjinti10kk.png.gz,c57b4853d8921d0fa3e54ed135544f19
A7A347D91DFB9DF71CCF0C233A523B17,51662,res/piece/nfy_icon/ui_libao_chaozhizhuangbeiqianghua.png.gz,5e9bd87344be9bf71b6cd7d37bd18454
5698AFA6B432C9452C758882A333B7A1,28993,res/piece/nfy_icon/ui_libao_chongwuziyuan.png.gz,b7d0268be7dbb18547a281a64cca40e8
DB9443CD53539FAE57AD9867B907AB20,28270,res/piece/nfy_icon/ui_libao_chujiaoyi.png.gz,d6c96bce4d03e070ba80743f0e601d3d
BC19902FDEC12EE56995D25297F3E530,18477,res/piece/nfy_icon/ui_libao_fengzhuang_liangzimaichong.png.gz,e67819058f4a93fe327098431f8b30b3
93EFC0C661D092F1E31EF08108B9B456,19849,res/piece/nfy_icon/ui_libao_fengzhuang_rongrongqiege.png.gz,0c2b9d20268993c23c054257eea63093
46B2F895E98038C702677A0325913164,16699,res/piece/nfy_icon/ui_libao_fengzhuang_shenjicantie.png.gz,e3f76f176f3a7e797e5d15a3395e9560
215E57ABC6D854A61808C842F41DB9D8,15956,res/piece/nfy_icon/ui_libao_fengzhuang_xuesexuanwo.png.gz,78e405c98c8a779fe17175181cc3a3e7
B785C802BF5F056FBA741AF6B860014A,28361,res/piece/nfy_icon/ui_libao_gaojiaoyi.png.gz,f573e1784ef9870b876fde749cb5976c
931D23A7B34AA00F1F74D82F53D6D1F6,25338,res/piece/nfy_icon/ui_libao_gongmingshi1.png.gz,a65c1156748297eaaa65c4535ac91d04
092ECD3A1C1779E50B331BCA14DA6200,27555,res/piece/nfy_icon/ui_libao_gongmingshi2.png.gz,e0b77dff18ba52d08fb57c10fbfa3850
800DFE4B7B9408D22E0776F723695B2F,25465,res/piece/nfy_icon/ui_libao_gongmingshi3.png.gz,379c7df048a7d6a2a8e6dcf1b398788a
D0CD333D725D8A25BDBC1EB98F8134B6,26647,res/piece/nfy_icon/ui_libao_gongmingshi4.png.gz,577532df80fbf19060f84870da1ebeec
524179D5F37316516D64768195E6F67A,13407,res/piece/nfy_icon/ui_libao_guanghuanzixuan.png.gz,1495602eed0e4264e74e99f0c4ab0f4e
2417E090192C0827053FD20ECAC0AFB4,20883,res/piece/nfy_icon/ui_libao_guofengzhuangban.png.gz,3e46f7f941c615abae69285f725da0f9
D7889D7D5C0C4C974BB00B523B23F0EB,31838,res/piece/nfy_icon/ui_libao_haohuashenxuan.png.gz,7731eb5d807b09b07c6739c7fcbe1d82
B682B907FBF48A393BE9561640722625,37480,res/piece/nfy_icon/ui_libao_haohuayineng.png.gz,ac0c6d0fcd66ad6fd214167bc656534f
9E2EE8A21136FA7F308B753384995DAC,20798,res/piece/nfy_icon/ui_libao_jinbixiang15000 .png.gz,94ac587730e7708cbe87989ddc17fd28
25BB177BFC4BE5F0381ED105CCB5FA97,18428,res/piece/nfy_icon/ui_libao_jinbixiang3000.png.gz,88c716aa4f6ffd790753c510b2237da8
9970E94A1429F510B7F9744E540898FF,20367,res/piece/nfy_icon/ui_libao_jinbixiang8000.png.gz,8537657bda2f433fda8bce5cb9e3fecc
36F7EDC03822DC91DBD2E12ADBCE5286,34430,res/piece/nfy_icon/ui_libao_jinhuahexin.png.gz,1e67e5960e4be8d127c9d25b46fdb099
AB2699E2F2C0CA6917C22FBECB703DA7,84752,res/piece/nfy_icon/ui_libao_jinhuahexin1.png.gz,9786eddbe62d250532fbded96473b1bb
A49A1C5E240734258BF8ECD3927CB93E,19785,res/piece/nfy_icon/ui_libao_juexingbujixiang.png.gz,f9bf9e4f7c10f0a112a66e92d6625073
7F3544CA469E2EA1D1AAB424E2084DFD,43979,res/piece/nfy_icon/ui_libao_kuizeng.png.gz,450b30fe9a2673b8472eddcca768cf4e
DA2319F1DE317A6EB8891AD042537BAC,16487,res/piece/nfy_icon/ui_libao_laodongjie_purple.png.gz,8d4e93b72d18b2c604119fc11bc17754
81F314F276CC517372FB230171CAEF22,14884,res/piece/nfy_icon/ui_libao_laodongjie_red.png.gz,843b2713e7655f68e558d61984b10e78
E352072910A2B327FB8CA8FDB8393C53,15595,res/piece/nfy_icon/ui_libao_laodongjie_yellow.png.gz,d12e4aaa6fe9f63f5de645fe7fc7681b
D9B5BA08339C5B9B23883D20A2CDDE54,32811,res/piece/nfy_icon/ui_libao_meiriaoyi.png.gz,f27c7c63370b57e259bb61282b30f867
940156AF5544EF417D0D3A042EDAD64F,38851,res/piece/nfy_icon/ui_libao_meirilibaobaoshijinghua.png.gz,2a9d4ca29d1045f92dcf71fca944ab25
8C8CD5E7F6A9919D65724098C6DE5527,23759,res/piece/nfy_icon/ui_libao_meirilibaochongwushengji.png.gz,f7220ecba61484e2574a50384c3b461b
3D9E00F759C5F404EEF0EF84B6B4C3DB,25529,res/piece/nfy_icon/ui_libao_meirilibaodingdan10.png.gz,4bc1da648b8d20ac2c045570358fba22
A48CE0EBB23C5A1A1FCAD2EEE0B9F570,46280,res/piece/nfy_icon/ui_libao_meirilibaofree.png.gz,c4a990fb7d72b5c6a95495f709e151f2
982B592974BB1AFA4439D628961ECF1A,32278,res/piece/nfy_icon/ui_libao_meirilibaowuzhuangjinti.png.gz,32dc20f07e3d0c17219b08c882c690b6
D84949D3C808146AD684E8F105C56267,36251,res/piece/nfy_icon/ui_libao_meirilibaozhuangbeiqianghua.png.gz,32d5846199a605b293a462c12f987558
06BCA9D8BCCAF89585FCA51CED74C6C7,31198,res/piece/nfy_icon/ui_libao_meirimengchong.png.gz,7d9f52520dfd3388cdcfaab412499f04
DB76BAF2A7D7B214D05277659571C3C8,37437,res/piece/nfy_icon/ui_libao_meirimengchong2.png.gz,204dd5c33bbcb41f0642fc7adfecb1dc
FFAC9040D099D0080C4F426EDDFDE590,35402,res/piece/nfy_icon/ui_libao_meirimianfei.png.gz,7dbae3df03b7c5f963d8524d089888a3
E044D9A915611311C8BA6B8EF1A4255A,24785,res/piece/nfy_icon/ui_libao_meiriwuzhuang.png.gz,6bfec8859520ae3dce30b91d66334113
E899E8EF4F8B91C204A3F91DAC8CEED5,42266,res/piece/nfy_icon/ui_libao_meiriyineng.png.gz,9a8d0ddd1fb368b0c7d65926ddca73ee
572B79208F269DE6C982E215737044BF,16385,res/piece/nfy_icon/ui_libao_mengchongbuji.png.gz,4e65b0340897b3689aa5be6f22b3a41c
FD8535361698F4D2E2FFAEEF54C397D4,25575,res/piece/nfy_icon/ui_libao_mengchongshengjixiang.png.gz,3880bc146e9e68e265227d022def698a
5B1AC9FC79DDD991818F25781E0B7586,28437,res/piece/nfy_icon/ui_libao_mohe.png.gz,ed885018863d51d94ceb4e13a5604a81
85DF84DD37436B84F4F5BAF2F3F10685,16414,res/piece/nfy_icon/ui_libao_mozuxilian1.png.gz,1b98ac8431e0b60d87f7db473df61ad9
386150D8EA5B532B5F56F8CE7EAB7814,17752,res/piece/nfy_icon/ui_libao_mozuxilian2.png.gz,9bd3e78d4d0dadb4350769233405be3e
C94EE1AFAA087DD1E3213A4C3C430F44,15998,res/piece/nfy_icon/ui_libao_qiandao_wuzhuangsuipianzixuan10.png.gz,a6bb972e003619303e1fdada5be91218
12175F8DC6B57CAD2EDDEABC7E42F472,19576,res/piece/nfy_icon/ui_libao_qiandao_wuzhuangsuipianzixuan15.png.gz,cb36a6759ec05ead424a177c0d2bf547
3DFB50784F6FC63B5C2A376E7CAD6C14,17277,res/piece/nfy_icon/ui_libao_qiandao_wuzhuangzixuan1.png.gz,b6d18d1de54c65568663a3157d6758f1
8739408DEF6FE8B2AA182849D63352E4,24554,res/piece/nfy_icon/ui_libao_qianghuabuji.png.gz,c8dabf6061b526882b77af1caa904944
F68280729FF1C9307ED7C0B38B4E4BB0,15470,res/piece/nfy_icon/ui_libao_qushuitaqing.png.gz,bf4fe7760dd5cd5da5dd9c5e8e59e037
4111482953C8018859C894D1694409EE,22239,res/piece/nfy_icon/ui_libao_shengxingtupo.png.gz,e228ec759aa0334ec6f12cf7fa337431
44423EFDB101BD4EAF938F679415C926,41861,res/piece/nfy_icon/ui_libao_shenyuan_1.png.gz,e3cc0ca7e525378b15153a8f2b703b40
79E9BD6DAF5A3922B654F615F7D8106A,32693,res/piece/nfy_icon/ui_libao_shenyuan_2.png.gz,e2fc5869f926effcb00340a36959ec61
14F56643B6FBA07C248E93287CA05705,24070,res/piece/nfy_icon/ui_libao_shenyuan_3.png.gz,1780d1cddcf8b56a5dd94f4b42b354e7
320D530C1440C5D4EDFBF05A65C7DB6B,28032,res/piece/nfy_icon/ui_libao_shenyuan_4.png.gz,dfcf8b88b7afa15837a95501d4a8b0ae
9C093C6B3502B73C167A2DD2682C0761,30121,res/piece/nfy_icon/ui_libao_shenyuan_5.png.gz,f471914f42d0a970c16ad3f35a736e8d
C56D94B2E8F313EF3E55FEFD162F52C6,42664,res/piece/nfy_icon/ui_libao_shenyuan_6.png.gz,632f7541c52cb14723f7cb4481ba0e49
89196C9A48815500421505891ADE8570,30095,res/piece/nfy_icon/ui_libao_shenyuan_7.png.gz,ecb0231a408f508c32c9d93c726426dd
BC13B50E90AE855FA420BDB1C9FE91FF,36952,res/piece/nfy_icon/ui_libao_shizhuangtupo_1.png.gz,bea445b3989d90b45a9c17d4c82447a7
7294F44B96EC79217932F7F1ACD74616,38063,res/piece/nfy_icon/ui_libao_shizhuangtupo_2.png.gz,324e09ef283c3cdaa3198acb33f06cb4
C05BE87E640034CA830E80166E64BF8A,36999,res/piece/nfy_icon/ui_libao_shizhuangtupo_3.png.gz,26564fee261f97adb3d94b7004acd566
3E28D54AFED40DB4392E7AD47C9FC44D,35263,res/piece/nfy_icon/ui_libao_shizhuangyuanjian_1.png.gz,92d82454e2d4e67c1af54290c3e0bcb6
830640A4308C93E421B76A1DCE104BAE,36265,res/piece/nfy_icon/ui_libao_shizhuangyuanjian_2.png.gz,5d897825c6c6dc8c50e46a6cd2fb0b4d
B426F50E24594B198AC572A205686A46,31764,res/piece/nfy_icon/ui_libao_ssrwuzhuangsuipian.png.gz,93aa1aee5e0eca904e23033167114798
3822BAEAD7C6F4D7D340FEC95107E90C,22181,res/piece/nfy_icon/ui_libao_tianshichibang.png.gz,0fb63a387fa7963c0588d418f6e3b3f1
BA81EF3D188D101716B19FFCC1930FBC,49999,res/piece/nfy_icon/ui_libao_tongxingzheng_1.png.gz,518a97a9fb2a572f0fae341a73c00967
D518540A68E36D3A93CD796F07E2DCBC,50776,res/piece/nfy_icon/ui_libao_tongxingzheng_12.png.gz,1f1b5713a98f9d6f59e5ac5225e0e2e9
8DFF3E65BA46869CBDD7B5279A997131,28605,res/piece/nfy_icon/ui_libao_tupozhuangzhi.png.gz,9e1a15261570139eb7d81065c8cb028a
D3CBC59CB1C685AB79F2DEC2106E5C84,16445,res/piece/nfy_icon/ui_libao_tuzhilibaolv110.png.gz,9781e12c69a572f08e781327eeace549
4D037043863F7E11FC21C18527D11797,16633,res/piece/nfy_icon/ui_libao_tuzhilibaolv50.png.gz,015ec763f4cfc79b581551ebf1e5ade2
E9DAB6809C95BD106D021CE2B93418DB,16608,res/piece/nfy_icon/ui_libao_tuzhilibaolv70.png.gz,a35d6a030333236cf35a58720d8857dd
CE60353C29F8F90166D92CFB0932B289,16625,res/piece/nfy_icon/ui_libao_tuzhilibaolv90.png.gz,6dd3d7d514b6fee1942f92c7ad502521
C25BC0A98065A4ECC0D00D09EC715AF5,24986,res/piece/nfy_icon/ui_libao_wuzhuangshengjixiang.png.gz,e8927f777ead89ab4f7ae6b9b9f7cea1
326DC2BD1BB8E1AFD448BEF0854C0E4C,20307,res/piece/nfy_icon/ui_libao_wuzhuangsuijisuipian_r.png.gz,04bc9bfdfecd864b9b283c9d72799279
3B0272B0FAC9319C588B255EABB24B98,20348,res/piece/nfy_icon/ui_libao_wuzhuangsuijisuipian_sr.png.gz,903114b5d5b037a4a02fde2d53ac43b9
865CE2CA58E92891AEABF2C4A0D80A71,20440,res/piece/nfy_icon/ui_libao_wuzhuangsuijisuipian_ssr.png.gz,14f57ffb3afa280f941ee5ecb09dc764
A25534A2424FEFA398D611FB1AC8D62C,28198,res/piece/nfy_icon/ui_libao_wuzhuangsuiji_r.png.gz,f9f766a64b6ebff8c75918867a2234f5
7EF94E4EC6E74B38632470CEACB0D265,28107,res/piece/nfy_icon/ui_libao_wuzhuangsuiji_sr.png.gz,b3638b888c887631cb7f9d0533755b57
D810DC4796ABEAEB6E990D25B009BF1C,27111,res/piece/nfy_icon/ui_libao_wuzhuangsuiji_ssr.png.gz,4ae75e0ff0e8f5042b410717f8e42df4
DD1DE71DC72BB298BC07D241F773381F,11005,res/piece/nfy_icon/ui_libao_wuzhuangsuipianzixuan_r.png.gz,d2d35d99874025fff9fbd9c161e96342
54D36080C222174F3E173871920795B7,10879,res/piece/nfy_icon/ui_libao_wuzhuangsuipianzixuan_sr.png.gz,83bf6f2087bb0394818a1bcf583272dc
C05B074150A1CCAF191E99B8D7CFD7BB,10841,res/piece/nfy_icon/ui_libao_wuzhuangsuipianzixuan_ssr.png.gz,f110c003b5b4d8b1315758f70e497433
3AFA0C234B1FCD02CBF5FBEFEE51B44F,22771,res/piece/nfy_icon/ui_libao_wuzhuangzixuanall.png.gz,90c6cd6c41a1338991a76d1407162316
C82AF54790E7323E27DBB18A8C1CEAEF,20561,res/piece/nfy_icon/ui_libao_wuzhuangzixuan_r.png.gz,8a52ed24e6d2bf4dc98375086463154e
74FC52E33C622B45A61DA134190E9A64,20315,res/piece/nfy_icon/ui_libao_wuzhuangzixuan_sr.png.gz,1547c96e7cf054e28a5ce78c2695e9ef
6A0B991A1C177D0F7290C88D3F87A9D1,20200,res/piece/nfy_icon/ui_libao_wuzhuangzixuan_ssr.png.gz,06b9abd8e49c6fb8e948db4ea516d043
092B14294C60360986BB56C84A8C7044,24077,res/piece/nfy_icon/ui_libao_xinchoujiang1.png.gz,79af6b1270bba42d91c0c0fbc91f88e7
EEA60757EA339181602901258DBC4851,24260,res/piece/nfy_icon/ui_libao_xinchoujiang2.png.gz,176584e1da90829722dcb4665430026a
8FF1DC1859FCDCDB527C1198DBC04999,29471,res/piece/nfy_icon/ui_libao_xinchoujiang3.png.gz,18ea8f6e4f2b4640659d9f1a912978ab
FFBAD5E67A8A57C57F52D9E50FF90FD5,29687,res/piece/nfy_icon/ui_libao_xinchoujiang4.png.gz,70998e62c8f8d698c08b1d84702a4f12
349F5F0245AEA89FF4435D41DB2EED1D,16619,res/piece/nfy_icon/ui_libao_xirangshijian.png.gz,dbca56669cbb37ac544f867ceba567f9
183541E1D511B0E5BC7807153869C9A8,23332,res/piece/nfy_icon/ui_libao_xuelichongwu.png.gz,47c71743a51dd107ca6d100aa02d0db7
7EDE4D4EA0FA864D1AFC0D95CAC86DD6,42656,res/piece/nfy_icon/ui_libao_yinengziyuan.png.gz,0564df1578a824f375de46b3b5cfd845
49427205838B765EAC1DFE640979ECBF,15771,res/piece/nfy_icon/ui_libao_yuyejisi.png.gz,2798f07d294dba3a6602561305744812
50257D1BE650914A96C8634C894433CE,35179,res/piece/nfy_icon/ui_libao_zhandouhuizhang.png.gz,d53bf17746701643f383a4010a5a8be6
F146B28B42E420E0EF70A60248377637,37164,res/piece/nfy_icon/ui_libao_zhandouhuizhang2.png.gz,53235b0be4616152130acbba3c2c4ede
4DF2CFF0323F4471F37DE09FE4E0F19B,29391,res/piece/nfy_icon/ui_libao_zhongjiaoyi.png.gz,4bd7de2bc8e6f5565af84730ab8a0ef8
BB4E87B6634A3211984DBD50853EA8EA,25438,res/piece/nfy_icon/ui_libao_zhuangbeishengjixiang.png.gz,200b192f399b2d2f5db5bd3a27d62bcb
31D6CA61A3482C4AB913EC1382F628E4,22850,res/piece/nfy_icon/ui_libao_zhuangbeixiangLv10.png.gz,dad8faa1e8dab21b4afb21503430f86c
99D38377CA3204B03E3BB3DF1C38668F,28218,res/piece/nfy_icon/ui_libao_zhuangbeixiangLv20.png.gz,88e8064dc00d248eb18bced147a13d1e
26D91155E1FC0230E21DBB3233FA02BB,27130,res/piece/nfy_icon/ui_libao_zhuangbeixiangLv30.png.gz,07fc0ba334406a50dad9e6e21d60c882
D63DA7A2CFE473A31DC71089C5094270,26077,res/piece/nfy_icon/ui_libao_zhuangbeixiangLv40.png.gz,db56dae72d4434f2a6a39d563f14eecc
C585D715048C64C0589970E6C9220572,28432,res/piece/nfy_icon/ui_libao_zhuangbeixiangLv50.png.gz,14399c405210d09aa8d1e4238aa74d96
A9B39D273DB196127DC0FE4D60411056,18278,res/piece/nfy_icon/ui_libao_zhuangbeixilian1.png.gz,20164c2394da6809517bbfc8f64a894e
01EFD76CC53D7A4DC9F8DEB10CC7A05C,18277,res/piece/nfy_icon/ui_libao_zhuangbeixilian2.png.gz,f645ba09aa7fffc9c8f1b9fd2e5e42b0
14CB1F64B6AF679B692CCB9C2F6F532A,17657,res/piece/nfy_icon/ui_libao_zhuangbeixilian3.png.gz,6a90651defac2f0d5329e79ad59eb4ea
500385007047F393A3D3A8A27E9ADA9A,18869,res/piece/nfy_icon/ui_libao_zhuangbeixilian4.png.gz,507daf2113fcebc109db4313494789d9
FFDFDF6949D409BE503673E9311B8D89,29088,res/piece/nfy_icon/ui_libao_zhuangbeiziyuan.png.gz,2a68f95012ed4a0d6130852cd680c97c
F084CED9FC5CFEE629B15A951FA7C784,9961,res/piece/nfy_icon/ui_qiangdiruqin_yaoshi_dui.png.gz,6e1a8c13563593558277c95b96128676
48F235F30D7C56C74EC69E645A79E8AA,9768,res/piece/nfy_icon/ui_qiangdiruqin_yaoshi_gen.png.gz,e1810f93f1a7de1678600a862a221f6b
78AB00A6C85E03C79AA6B19391D9C59E,9426,res/piece/nfy_icon/ui_qiangdiruqin_yaoshi_xun.png.gz,ba1ed1809a5811b5913213866882bd43
5C49D03AE2FF90DBD34E3EC55B5FF912,9567,res/piece/nfy_icon/ui_qiangdiruqin_yaoshi_zhen.png.gz,e088d24f97fbd616d793db09f101f886
9D6DA62CB3680BDA26639047EA33F90B,4947,res/piece/nfy_icon/ui_quanminshenxuan_canglanzhihuo.png.gz,24a70ebb256af3d552ab547e52d97931
A7E3A62605C3278B188F1AB20E8E5040,14008,res/piece/nfy_icon/ui_shenqi_a_suipian_1.png.gz,43b1b71d9de6220e927e6ca4110999ec
41104DF82246AB503807CBCCD449D2F8,13846,res/piece/nfy_icon/ui_shenqi_a_suipian_2.png.gz,ed3e2e64de98d60832fee5c65cb7ed18
804C2022288AC1DB185A349260411C15,13764,res/piece/nfy_icon/ui_shenqi_a_suipian_3.png.gz,e9068ab1a9dbe8039fcf43a6bd47df4f
CB323C0EA159DC920EE3032ED7493D30,11129,res/piece/nfy_icon/ui_xinshangcheng_ciyuanbi0.png.gz,add8031dbc7fe026bf7a1c77c89b0503
66F5EF88945087F88E7F783ABA4DE067,17966,res/piece/nfy_icon/ui_zhuangban_chibang_ailin2.png.gz,08ac3b46dfaafd39dc1c77b053bf8537
3437B4F615434B29ED125F70C51D577E,23937,res/piece/nfy_icon/ui_zhuangban_chibang_bayue.png.gz,ee2534b6abb2d345a3a53451f95377c3
74C91B25CB9B0D2814D346F6F42F663D,35084,res/piece/nfy_icon/ui_zhuangban_chibang_bianyuhaike.png.gz,e4e0f7f7888f495fe0a3d2faa489fce1
699956036645D4982B4B464645FC5913,21774,res/piece/nfy_icon/ui_zhuangban_chibang_bianyuhaike_s.png.gz,3eec771c7759d30c829ef0197d8ca586
AF77E6644EA33D64E34E2F8BC2E98E00,18024,res/piece/nfy_icon/ui_zhuangban_chibang_heiyan.png.gz,a940cb7971ca5c7736c01fe7734f9680
D20D0BFFED580DF3AA07F6EA605D9A8F,17076,res/piece/nfy_icon/ui_zhuangban_chibang_heiyan2.png.gz,876accdac743f8e09db69a823daf008b
F4E0B4246B93C32A45D4053D5598A984,24841,res/piece/nfy_icon/ui_zhuangban_chibang_heiyan3.png.gz,b0faa05c1f60a8368cf82c0285274ab6
6F0D934D6D75347DBE5FDD979EF23A48,18985,res/piece/nfy_icon/ui_zhuangban_chibang_vip12.png.gz,cea81767baaaade1855244feb6458438
5F188519857E10667E54A41BB32EFEFB,15836,res/piece/nfy_icon/ui_zhuangban_chibang_vip8.png.gz,121b42e5ac12410b7ede540cd6ad6076
37699BCC68EBCC6E732253854371F7CC,11800,res/piece/nfy_icon/ui_zhuangban_chibang_youxizhiyi.png.gz,7ebca56483f1f6dcd3864de6437fbfec
553CF734C474430B2D9EB2818AA99728,12616,res/piece/nfy_icon/ui_zhuangban_chibang_yurenjie.png.gz,d2c71e5ab4443cacbaae80e56d3a4d2f
55A8977D65ABBBB445CCF1748839220A,17194,res/piece/nfy_icon/ui_zhuangban_guanghuan_bianyuhaike.png.gz,8d02d0453bc7aaf507fafecc8e812042
DDFD37AA78F0B98965B4C8EB26E3501F,18703,res/piece/nfy_icon/ui_zhuangban_guanghuan_bianyuhaike_s.png.gz,173b62f00701a93b518b14edb35dec9e
A65D6C2575AF778DD8674DC95CBC80F5,18078,res/piece/nfy_icon/ui_ziyuan_anjing.png.gz,be1a62f7499b93944bda0eec365b2085
58662CC2D4BDF2E783F5E4736F98383C,15361,res/piece/nfy_icon/ui_ziyuan_kuangchenengliang.png.gz,a8b50597790e3ad6a85ddd964de70104
119281E4187F41C920A4D0709A8EA3AF,20816,res/piece/nfy_icon/ui_ziyuan_tongxingzhengmoney.png.gz,46a61a9167b603b38cb6dbb75b77e992
5FB1D0610E8229900F1A018F87267594,14793,res/piece/nfy_icon/ui_ziyuan_wuzhaungjingti.png.gz,ec05b0c38b24c972fd81a257d310a6e2
30D1701424D19A38652746A204545E24,11019,res/piece/nfy_icon/ui_ziyuan_zidongkaicaiyaoshi.png.gz,1a15d3576fa1dcf676b9112ff809bceb
2D02A427C2A3302ECFD35404DAC41D3A,14316,res/piece/nfy_icon/artifact_chips/lilimu/ui_shenqi_hejindianju_lilimu_cheng_6_sp.png.gz,6241eec1e89c920e6b4ed943ef87dd9d
50906ABF1D612F23CDEFAE3C67A68C5C,17588,res/piece/nfy_icon/artifact_chips/lilimu/ui_shenqi_lilimu_cheng_1_sp.png.gz,a8a6c26866afce2283079149f04985d9
FD57CC9D109F6846B2D8DDB886B2B22F,16618,res/piece/nfy_icon/artifact_chips/lilimu/ui_shenqi_lilimu_cheng_2_sp.png.gz,8be99ca29e30d01f305ad836eca02690
2C39AE5086486C1D6B7FDCB0B7754A9C,15489,res/piece/nfy_icon/artifact_chips/lilimu/ui_shenqi_lilimu_cheng_3_sp.png.gz,ab732b7ca5e700734fe278fe745c3c4c
A8CCB90C83E985C730D54D3534900E6F,13517,res/piece/nfy_icon/artifact_chips/lilimu/ui_shenqi_lilimu_cheng_4_sp.png.gz,c46d6298b2dd7770a53a330c811ff521
C19CC935DA21CBEADB1B175BA1ED3AC1,14420,res/piece/nfy_icon/artifact_chips/lilimu/ui_shenqi_lilimu_cheng_5_sp.png.gz,9f1abebbc63f791beb690417cfebaf3d
51B1E18A807DB67E2BDE43698D362986,13348,res/piece/nfy_icon/artifact_chips/lilimu/ui_shenqi_lilimu_cheng_6_sp.png.gz,97a41e7fb443d49cf2b5c8df23d2c0b8
8AC58348303E3D53A8997AD4B700E32A,17039,res/piece/nfy_icon/artifact_chips/lilimu/ui_shenqi_lilimu_fen_10_sp.png.gz,01c90f0fe6cd5156889ea1a3c2605c90
AD4E9326F9267265169EB026F7821F1F,17771,res/piece/nfy_icon/artifact_chips/lilimu/ui_shenqi_lilimu_fen_11_sp.png.gz,a2a0f81a10770d9283dde9b77f2a61f5
CE772A099690F386FF398CABF3B9E5E1,17531,res/piece/nfy_icon/artifact_chips/lilimu/ui_shenqi_lilimu_fen_12_sp.png.gz,5fba3089f6944ec9de99b00bc8c9f3e8
7D16C65667B83DD77AFCE90BCFE572AA,17504,res/piece/nfy_icon/artifact_chips/lilimu/ui_shenqi_lilimu_fen_13_sp.png.gz,9cb94122bd256df8331a5be4ab9455ca
03244AFF4C9A19F6AB22E1815457E9F3,16210,res/piece/nfy_icon/artifact_chips/lilimu/ui_shenqi_lilimu_fen_14_sp.png.gz,8f28d8abad37633c4ca9c803f0087413
55CE50F40464AC77D98FAB7B941F3ABB,15233,res/piece/nfy_icon/artifact_chips/lilimu/ui_shenqi_lilimu_fen_15_sp.png.gz,902c966e8df2633073e872f7cbc6cb70
FB2F6D25ACEEFB0B4F21E4757E0BCA0E,16243,res/piece/nfy_icon/artifact_chips/lilimu/ui_shenqi_lilimu_fen_16_sp.png.gz,fd5c241583630b797f01fe1ec6d6a829
9E7374ADBA7BEEF5A96D44C48F270947,16727,res/piece/nfy_icon/artifact_chips/lilimu/ui_shenqi_lilimu_fen_17_sp.png.gz,0e34ccaef5c6d7560d5707fbf847f818
620E728112B11931AD17C65620F8AE56,17676,res/piece/nfy_icon/artifact_chips/lilimu/ui_shenqi_lilimu_fen_18_sp.png.gz,c79f722b0a63b7245dacd4496240d940
8C6D8B29BDA5B0BF86FFD30554A440D8,17697,res/piece/nfy_icon/artifact_chips/lilimu/ui_shenqi_lilimu_fen_19_sp.png.gz,f38890c432013c7fd7dc9fe4ee75483f
D73CA5C98FFF2F8423A05BCBB9660191,17471,res/piece/nfy_icon/artifact_chips/lilimu/ui_shenqi_lilimu_fen_1_sp.png.gz,96f44a0dad29ea664600c9f7b1014c2a
9927532F2E1D8D60B5D8B21334A36C65,17047,res/piece/nfy_icon/artifact_chips/lilimu/ui_shenqi_lilimu_fen_2_sp.png.gz,84297f43b6d5fbe4712b7f03dd337a03
2B1F90EB9788AAD3E9F08C96ED141C65,17721,res/piece/nfy_icon/artifact_chips/lilimu/ui_shenqi_lilimu_fen_3_sp.png.gz,87443074bbaeba70968002150ad49b54
4AD504ED47F22AE6DF7FC40142A52DFF,17849,res/piece/nfy_icon/artifact_chips/lilimu/ui_shenqi_lilimu_fen_4_sp.png.gz,15ebf045ee7db2e07a76037be9425c4e
4D9098BFA8018DE7184D63E226634F84,17768,res/piece/nfy_icon/artifact_chips/lilimu/ui_shenqi_lilimu_fen_5_sp.png.gz,5f6119dc24246b428ecab69eb635c9e5
C1B4A9203EABC61FC5B4568C5A94B0D6,18157,res/piece/nfy_icon/artifact_chips/lilimu/ui_shenqi_lilimu_fen_6_sp.png.gz,cae6b9de8afb1d36e3a994d14d596d99
10CD1702AF36583BF21A9F469D7370FC,17181,res/piece/nfy_icon/artifact_chips/lilimu/ui_shenqi_lilimu_fen_7_sp.png.gz,319e091dc426b15cdb210a00aadf20de
AD2075064D61A4BFF5608B778D7D4240,17577,res/piece/nfy_icon/artifact_chips/lilimu/ui_shenqi_lilimu_fen_8_sp.png.gz,be3aebf35134c9b9f7d9dcf7ef69a166
703AC668810049284734002974DF0CCF,17683,res/piece/nfy_icon/artifact_chips/lilimu/ui_shenqi_lilimu_fen_9_sp.png.gz,b420f51103812ce048069544e145f7ca
1FD284426B8DC216DD0383D77D6E6017,15907,res/piece/nfy_icon/artifact_chips/lilimu/ui_shenqi_lilimu_lv_10_sp.png.gz,08403395b0275a716eb87e132e07a310
D4E25D11A553C52ADAB144D56F009172,16874,res/piece/nfy_icon/artifact_chips/lilimu/ui_shenqi_lilimu_lv_11_sp.png.gz,85bcb4a6f4e112163066b7cac9308477
A6698CBCBDEC43E17798B60625CF439D,17328,res/piece/nfy_icon/artifact_chips/lilimu/ui_shenqi_lilimu_lv_12_sp.png.gz,c9b748cb20250d3810a32c608f399467
88809DEE308F5E68201F19AA33CE485A,15633,res/piece/nfy_icon/artifact_chips/lilimu/ui_shenqi_lilimu_lv_13_sp.png.gz,3e1e104b35a95ba18102ab563fbaa6ba
DF0AFFC74920B93E433238686B4043DF,15378,res/piece/nfy_icon/artifact_chips/lilimu/ui_shenqi_lilimu_lv_14_sp.png.gz,0e9475f585a16ea6aabf4307f912a869
B5522AD38ED024D49C0DCB9F138E6D77,14739,res/piece/nfy_icon/artifact_chips/lilimu/ui_shenqi_lilimu_lv_15_sp.png.gz,c247cd873443d1e6157b5ce6f720a146
7DE603FBEEF5E03DE177EBBF4F278DED,16061,res/piece/nfy_icon/artifact_chips/lilimu/ui_shenqi_lilimu_lv_1_sp.png.gz,80224ca34fc59b36cd1ea0aa3171dcda
BB6BC4296C4DBA0D3E54190FF569164B,14711,res/piece/nfy_icon/artifact_chips/lilimu/ui_shenqi_lilimu_lv_2_sp.png.gz,299852cd3ba39a6989797c9494ee6c6e
9252B619D773447BC9BA6A109548D86E,15166,res/piece/nfy_icon/artifact_chips/lilimu/ui_shenqi_lilimu_lv_3_sp.png.gz,1b1896da6984f61010b03717769a31ff
B84D3BB5BB9FB1A8BAF1997C2B68E251,17150,res/piece/nfy_icon/artifact_chips/lilimu/ui_shenqi_lilimu_lv_4_sp.png.gz,c8ca9f1331763959508bc6652d927ca1
4C4697F9A19B62A57E2EBCCC57FCD2E8,16064,res/piece/nfy_icon/artifact_chips/lilimu/ui_shenqi_lilimu_lv_5_sp.png.gz,a9730181688a92c6cfc5c00dd2688acc
12D08A08B096D1C3A44E44355A4EDED9,16459,res/piece/nfy_icon/artifact_chips/lilimu/ui_shenqi_lilimu_lv_6_sp.png.gz,b73fe300e384999b28b917101dcd4551
31FAAFDBC07197922428B89B463A491D,17133,res/piece/nfy_icon/artifact_chips/lilimu/ui_shenqi_lilimu_lv_7_sp.png.gz,fbb8435b2e3608a7465768801b345460
A422DCF2A8492946CA7B714D8ABAF3E1,15333,res/piece/nfy_icon/artifact_chips/lilimu/ui_shenqi_lilimu_lv_8_sp.png.gz,3a55a77d0175f02cddceb424ddaa19d7
ACD76BE86E2F5AB401DF7CEF18D01605,16123,res/piece/nfy_icon/artifact_chips/lilimu/ui_shenqi_lilimu_lv_9_sp.png.gz,1010e3f36cb516198daff02cb20c5489
5298DADC31D6DFFF436E34EC05BC4F7D,16506,res/piece/nfy_icon/artifact_chips/lilimu/ui_shenqi_lilimu_zi_10_sp.png.gz,25510f50a9cd6bcbcde24e9226e2d93e
C467C29D1B2817D5C56A08F44D92323C,17501,res/piece/nfy_icon/artifact_chips/lilimu/ui_shenqi_lilimu_zi_11_sp.png.gz,cf9a247e1f1176ab13a031feee4b1e16
9504CB15BBD6118C725B97D198185950,17701,res/piece/nfy_icon/artifact_chips/lilimu/ui_shenqi_lilimu_zi_12_sp.png.gz,477aeb4a54f396591718f213d15f6a7e
4D6C745EE00E69EBFCAD6CCE609ED362,16714,res/piece/nfy_icon/artifact_chips/lilimu/ui_shenqi_lilimu_zi_13_sp.png.gz,e893badf36235fa0b918d48527562e89
7F754D5C1DE50E1E1D475F542221FEC2,16037,res/piece/nfy_icon/artifact_chips/lilimu/ui_shenqi_lilimu_zi_14_sp.png.gz,92bed70e73b53e0f0146be07115dc659
40A4DEAE49F08D040EE4D13C8EEB8D62,15598,res/piece/nfy_icon/artifact_chips/lilimu/ui_shenqi_lilimu_zi_15_sp.png.gz,4d29269c442c5d87ab11dfcf4d88df4d
0CF4488D49D9DC97A602C7E19B9A3CC8,17566,res/piece/nfy_icon/artifact_chips/lilimu/ui_shenqi_lilimu_zi_1_sp.png.gz,606ba3f6a846154e2ba7ddcef3eb7b2f
234130AA21110772ECD1ECAFCA6FEAEC,17271,res/piece/nfy_icon/artifact_chips/lilimu/ui_shenqi_lilimu_zi_2_sp.png.gz,78beee643fc2ffb315b532b1bc99522c
A8398015E76A94DB8358FED0A2938E0A,17081,res/piece/nfy_icon/artifact_chips/lilimu/ui_shenqi_lilimu_zi_3_sp.png.gz,f6c037292dbfb82461abcbd183e16a60
C8B6D2F201EC3CACD0B01F33CF240659,17264,res/piece/nfy_icon/artifact_chips/lilimu/ui_shenqi_lilimu_zi_4_sp.png.gz,993902fc21bc325e7b6513d4117ec536
6ECCC2B227FB57ABEC2040FE6D814C62,16959,res/piece/nfy_icon/artifact_chips/lilimu/ui_shenqi_lilimu_zi_5_sp.png.gz,a653c4dae21f8f82a416781286145777
03F621240CD837D3B8C56448AA736A56,17680,res/piece/nfy_icon/artifact_chips/lilimu/ui_shenqi_lilimu_zi_6_sp.png.gz,38f44cde90949d4f834e6435d8416f03
896687696F9B3761B688BC028A0C91DE,16936,res/piece/nfy_icon/artifact_chips/lilimu/ui_shenqi_lilimu_zi_7_sp.png.gz,086cbaad8a9aabb09e7f37af4491b58d
45681F45F15BF3FB96F16F6DDC1EE6E2,16722,res/piece/nfy_icon/artifact_chips/lilimu/ui_shenqi_lilimu_zi_8_sp.png.gz,00dc2d1ea23bd4f7ad3c3f8c78a7be9f
42D849BEF870685590AAD51418D81009,17290,res/piece/nfy_icon/artifact_chips/lilimu/ui_shenqi_lilimu_zi_9_sp.png.gz,aea4829f197cdd91514fe2557868292b
17737BEEF5AB2902E791BBB200975FFB,15124,res/piece/nfy_icon/artifact_chips/ling/ui_shenqi_hejindianju_ling_cheng_6_sp.png.gz,dce6ed2aefb9514505ef176a83b13fd7
9FCD1A5402FB9C2B8FE7C32BD9DAA47E,16829,res/piece/nfy_icon/artifact_chips/ling/ui_shenqi_ling_cheng_1_sp.png.gz,96d6ad827fa0f6417381d33e847d6241
B5FAE32002CF6F1DAAE7F612D6F7B760,16043,res/piece/nfy_icon/artifact_chips/ling/ui_shenqi_ling_cheng_2_sp.png.gz,28665b0773dbb9448a04c4b35dbac09e
3E7FF7BAA3E8589FB7F608FF770E586F,13570,res/piece/nfy_icon/artifact_chips/ling/ui_shenqi_ling_cheng_3_sp.png.gz,e9bfc69576b8e4294890a7239569074b
11DC29AA387543DC64D8D03CFA518569,15666,res/piece/nfy_icon/artifact_chips/ling/ui_shenqi_ling_cheng_4_sp.png.gz,4fa7f7fc6aaf84863707baefc6fef5f6
829E324EB4738DEB745A82AB5DF24ED9,14488,res/piece/nfy_icon/artifact_chips/ling/ui_shenqi_ling_cheng_5_sp.png.gz,1fd6d1f3ea42a03ab88cdb2aa7d4d3ee
E5FFA92D4E81F6BD18E3F9C0968346CE,13201,res/piece/nfy_icon/artifact_chips/ling/ui_shenqi_ling_cheng_6_sp.png.gz,cc0e7942162fd0e4c7121f2e10e31f90
3AF0E3E40A407D8DEFD5CCB036A30992,16316,res/piece/nfy_icon/artifact_chips/ling/ui_shenqi_ling_fen_10_sp.png.gz,81f066824610d3890141c52c479ac36e
C20E1AA99577B563670564322287BC52,15703,res/piece/nfy_icon/artifact_chips/ling/ui_shenqi_ling_fen_11_sp.png.gz,54624c3406efb2f67b3a3c6b4d21bf70
BFB46CAA44511DDC64E4EB3F58FACD29,17168,res/piece/nfy_icon/artifact_chips/ling/ui_shenqi_ling_fen_12_sp.png.gz,2abed4a972d33e48b905eeac45c64876
3D1AE65986E386597FAD2C4E7FBA24C3,17974,res/piece/nfy_icon/artifact_chips/ling/ui_shenqi_ling_fen_13_sp.png.gz,7afb6fb3bd2a7da3337589d4583ba581
5206C91B0E22FD88937372DFDC739753,15916,res/piece/nfy_icon/artifact_chips/ling/ui_shenqi_ling_fen_14_sp.png.gz,0d30581c36aa39a16702375de3b43317
8E00091CB8622FF1DF939B781F4AF0A6,15906,res/piece/nfy_icon/artifact_chips/ling/ui_shenqi_ling_fen_15_sp.png.gz,59b8b3e0f066c987047916b2e2a1fd26
6909F135C0E76644B37394C5CD198977,16820,res/piece/nfy_icon/artifact_chips/ling/ui_shenqi_ling_fen_16_sp.png.gz,a1cdb43f5759c0355b21cb5dbb3813dc
C75E47A84A585B0A9EDC8291E2EECA9E,16057,res/piece/nfy_icon/artifact_chips/ling/ui_shenqi_ling_fen_17_sp.png.gz,aa29e3e9ba61aa007cd38231e3b51ef3
4F42D6B70FEE715068190FEC1E42B6FE,16744,res/piece/nfy_icon/artifact_chips/ling/ui_shenqi_ling_fen_18_sp.png.gz,ec31931b4c7d2809d4f32aee43cb5a8a
142B5BB90C143098A544D84A0D85F981,15684,res/piece/nfy_icon/artifact_chips/ling/ui_shenqi_ling_fen_19_sp.png.gz,50a4fea3699d5ec7e7f7bf0df91a209c
2F30283820F6C7E7100D9AD09A4C5D5D,17122,res/piece/nfy_icon/artifact_chips/ling/ui_shenqi_ling_fen_1_sp.png.gz,e7f24bdde0e07d50e1c1a3a9ce468236
F6F8ADA4DD79440D61D7DB3C9F9F0EFE,15838,res/piece/nfy_icon/artifact_chips/ling/ui_shenqi_ling_fen_2_sp.png.gz,e64c229b3ed022fd1f854d2a70a1de9c
74E8E48910AB1DEE2B87DEDE999F338E,15191,res/piece/nfy_icon/artifact_chips/ling/ui_shenqi_ling_fen_3_sp.png.gz,3323aff3e3d00d13a099e8792ac1f81e
19FD815B4C5ED6484A969202B8589094,16631,res/piece/nfy_icon/artifact_chips/ling/ui_shenqi_ling_fen_4_sp.png.gz,93d587f9630a19e0a8dbea6b5d3285cd
833C0003B1201F6FD9F694B8F7CCE72F,18042,res/piece/nfy_icon/artifact_chips/ling/ui_shenqi_ling_fen_5_sp.png.gz,15ffd5b568df4d6ea99b5522e21b4148
38AC2F55376E3DCCF85561536FE30801,16375,res/piece/nfy_icon/artifact_chips/ling/ui_shenqi_ling_fen_6_sp.png.gz,b2acf52085d2ee435b4e8c78b40649c1
595B1BE17E7F21565ECA5048900CFB75,16749,res/piece/nfy_icon/artifact_chips/ling/ui_shenqi_ling_fen_7_sp.png.gz,af5e66d73fb4a370fb6a829797e95704
B98A89D7F64BBF0EEE3A2E2C3BC1F40C,17602,res/piece/nfy_icon/artifact_chips/ling/ui_shenqi_ling_fen_8_sp.png.gz,b569b9e40a19f838a42360438a1ebcaa
9D72A91E64CD70CCFB13D854049F533D,16383,res/piece/nfy_icon/artifact_chips/ling/ui_shenqi_ling_fen_9_sp.png.gz,908dd81b4a4551310c6b99acee536fd3
2039CA343883BFA649C58B09CC354892,15578,res/piece/nfy_icon/artifact_chips/ling/ui_shenqi_ling_lv_10_sp.png.gz,882ecbd238a6536c19dd5901f2d573e3
C6B98BF465873D05F3974C93CEBCDBCD,15733,res/piece/nfy_icon/artifact_chips/ling/ui_shenqi_ling_lv_11_sp.png.gz,03c6279ca9545fba0803ce144d960ee3
FC498B348E94B2A4CAEECBC1C7E05392,15734,res/piece/nfy_icon/artifact_chips/ling/ui_shenqi_ling_lv_12_sp.png.gz,ca0d112cf63b87fdd897a458c42b6fc2
3E2D16A68E033CCA4465481EB9E1B616,14495,res/piece/nfy_icon/artifact_chips/ling/ui_shenqi_ling_lv_13_sp.png.gz,137df6dfe11ecdfde60ff4646df91602
1D887A9B22AF2F67622A3948B005B2D0,15887,res/piece/nfy_icon/artifact_chips/ling/ui_shenqi_ling_lv_14_sp.png.gz,388d8db45f4aeb90a5c6632b28fabbef
C3C629525F105C979996188F2E651B45,15096,res/piece/nfy_icon/artifact_chips/ling/ui_shenqi_ling_lv_15_sp.png.gz,866573a6e30c6b06f4d6684e708f40f8
AA0E67E22749D8598B990DE75D29B6E3,15379,res/piece/nfy_icon/artifact_chips/ling/ui_shenqi_ling_lv_1_sp.png.gz,563c0d864e3acdb222335fc4f89f1a1e
ECC067F32BB40F0CC6439297B5B5EA09,14685,res/piece/nfy_icon/artifact_chips/ling/ui_shenqi_ling_lv_2_sp.png.gz,c86288160459e45e59256a1731d05804
9981E4C7D38F613692E3E47281F8B9ED,14954,res/piece/nfy_icon/artifact_chips/ling/ui_shenqi_ling_lv_3_sp.png.gz,fd47a381683a1200178177c81822c5f3
35A01F5FC47BAA56DB2118C95AD63AF9,14707,res/piece/nfy_icon/artifact_chips/ling/ui_shenqi_ling_lv_4_sp.png.gz,7cd56445249abd376f7b92716d9f63b1
C70865EB4703DC13B9603020BBABCBD0,14552,res/piece/nfy_icon/artifact_chips/ling/ui_shenqi_ling_lv_5_sp.png.gz,5ba3ea0c9e9f0eb1ad534cdf907245fb
3C199CE6F75CDD80752CF7CCA7B15203,15246,res/piece/nfy_icon/artifact_chips/ling/ui_shenqi_ling_lv_6_sp.png.gz,190b3c6a774788429e6452dad99aec83
FBF0CC2D4986AC89D060C5EE81B58339,16415,res/piece/nfy_icon/artifact_chips/ling/ui_shenqi_ling_lv_7_sp.png.gz,8a5e2f6114f123c4592fed12c6c0832e
2B5E5C42C08F66B54C401400841FF33D,15397,res/piece/nfy_icon/artifact_chips/ling/ui_shenqi_ling_lv_8_sp.png.gz,52b1486aac4139442576f9fe1bb466f7
D18381671A1B4A7ADCD50D9186EB6AA2,16339,res/piece/nfy_icon/artifact_chips/ling/ui_shenqi_ling_lv_9_sp.png.gz,707aad701a13b4eb16bd12f989043390
4B8A473B7C4F96EC53C0285C2453AD2B,15138,res/piece/nfy_icon/artifact_chips/ling/ui_shenqi_ling_zi_10_sp.png.gz,957fb6ff39d0ae4ad52bd08e9714bf21
30198F12A7F070F759129F5991BC0A45,15602,res/piece/nfy_icon/artifact_chips/ling/ui_shenqi_ling_zi_11_sp.png.gz,113014a9a7dc03e19d4b29a241671615
97C3DE187022A71028F9F54D6EE08B76,16253,res/piece/nfy_icon/artifact_chips/ling/ui_shenqi_ling_zi_12_sp.png.gz,7af4f3ae75a942d2c375b116de7a9994
96E158AB2310622676470932CB415F1F,16482,res/piece/nfy_icon/artifact_chips/ling/ui_shenqi_ling_zi_13_sp.png.gz,b04de9578916b198185df8abc601b736
548E10503CFC3E97B871C481ECEA9320,15743,res/piece/nfy_icon/artifact_chips/ling/ui_shenqi_ling_zi_14_sp.png.gz,78b3bc70ec404a6c62673d0d6607df0c
80205ED8385E4CDAB1437BCEEBC607C8,14459,res/piece/nfy_icon/artifact_chips/ling/ui_shenqi_ling_zi_15_sp.png.gz,7958f143e58b7b13e4df80e76dd48f2b
620D9542057648889D5FCC14CB2EE932,16194,res/piece/nfy_icon/artifact_chips/ling/ui_shenqi_ling_zi_1_sp.png.gz,a03c7fd67abdc92ae317f6fd0b9aebb6
25AF090CAFA77E3BCE28CF8E2B1F4D9F,15857,res/piece/nfy_icon/artifact_chips/ling/ui_shenqi_ling_zi_2_sp.png.gz,0133d2d081e5aedab39033e2f5eabdd1
1E03B34B503A53690C378DAB6DA25465,15751,res/piece/nfy_icon/artifact_chips/ling/ui_shenqi_ling_zi_3_sp.png.gz,d60adb1de75c0056a595cc00ecb21714
1CC3B91AC8B52455ADD777C8C887DF89,16768,res/piece/nfy_icon/artifact_chips/ling/ui_shenqi_ling_zi_4_sp.png.gz,b762941ffd835bc9ccf34622407b2fea
1F320DB2396B6E0A026B67B05FFCBBA9,16314,res/piece/nfy_icon/artifact_chips/ling/ui_shenqi_ling_zi_5_sp.png.gz,f3fe93470a304b8fdc248293d61e0803
F11E0155C7872FF28856E5C4E95FF7D5,17298,res/piece/nfy_icon/artifact_chips/ling/ui_shenqi_ling_zi_6_sp.png.gz,1fe1824e904682957fbfdfe518480485
9DC09E7BE1343950E6D1A283AAF9C730,16923,res/piece/nfy_icon/artifact_chips/ling/ui_shenqi_ling_zi_7_sp.png.gz,939dd54d876badf1dc250f63d6672af6
78FB05C89D855931AA292EA364A95085,15778,res/piece/nfy_icon/artifact_chips/ling/ui_shenqi_ling_zi_8_sp.png.gz,12e9004459fcd83dce4ef4c81014cc83
39A2AA541062E4A45CE65D34B1BD8B29,16777,res/piece/nfy_icon/artifact_chips/ling/ui_shenqi_ling_zi_9_sp.png.gz,eb9752d290604702c64157c949f94f4d
1E4ABBA012E6AB1EC18DF154E4F0379B,16685,res/piece/nfy_icon/artifact_chips/shenyue/ui_aoyi_suipian_1.png.gz,c99ac03ae856a44f6e165de9c78f89a4
65A8FCD01E8A93A8AA0DD499277CF00B,16911,res/piece/nfy_icon/artifact_chips/shenyue/ui_aoyi_suipian_10.png.gz,93acfd045791a4063dd6c9d55f13af20
29238021349D18A65804147781CB8ABC,17447,res/piece/nfy_icon/artifact_chips/shenyue/ui_aoyi_suipian_11.png.gz,ebfa6186cde040256bdbec802aefd741
C93298D717928DC8E4338D172674C112,16236,res/piece/nfy_icon/artifact_chips/shenyue/ui_aoyi_suipian_12.png.gz,e8a0b78301eda700d0b4574417e2be55
8436E3944B85534EB0E43517CE1DD56E,16433,res/piece/nfy_icon/artifact_chips/shenyue/ui_aoyi_suipian_13.png.gz,a77acb507776e5d364d9a06ac8b8baec
DCC36947AE999A93A20223BD03F860CE,15955,res/piece/nfy_icon/artifact_chips/shenyue/ui_aoyi_suipian_14.png.gz,918d8acd55a5659f9a1857b25d01a3a4
D3C36CE443DF39CBFD95AD1AF83E56D2,17428,res/piece/nfy_icon/artifact_chips/shenyue/ui_aoyi_suipian_16.png.gz,63b294d4e13ea84792c527439bdc4ddc
41064CCD2F0108348B4FAC8270761C8F,17095,res/piece/nfy_icon/artifact_chips/shenyue/ui_aoyi_suipian_17.png.gz,bd0985ac67d3fa761dbb282bbc06faee
CF7D7CF2BAD10107D55513BC6D0C08A0,16762,res/piece/nfy_icon/artifact_chips/shenyue/ui_aoyi_suipian_2.png.gz,b1a4997579c32f20494a77b8a4683d55
D409932648F0CC60EED0E8855BCD9C5C,17272,res/piece/nfy_icon/artifact_chips/shenyue/ui_aoyi_suipian_3.png.gz,67529785c89ca8d4e2d375b8732bc816
B5117689A1D119958F3B2209022F4A5E,17295,res/piece/nfy_icon/artifact_chips/shenyue/ui_aoyi_suipian_4.png.gz,81bde2a8f224c44060644bf6d81af125
19547B009B89A87A5EA51359DDC122D8,15921,res/piece/nfy_icon/artifact_chips/shenyue/ui_aoyi_suipian_5.png.gz,2c369a6f7c6ed7b487c333138ae40ca1
988AEE3E944CB7F1158DDB6F395295FB,16599,res/piece/nfy_icon/artifact_chips/shenyue/ui_aoyi_suipian_6.png.gz,6cb43b60923b2777766b38291fa9b021
55FAC1C5A4EA9DE0BD8A035164C1F656,17272,res/piece/nfy_icon/artifact_chips/shenyue/ui_aoyi_suipian_7.png.gz,adacbfb3f2d7ebf65bfbd196926fbab3
979A3E440004E9DE55DB36C4C1455990,15859,res/piece/nfy_icon/artifact_chips/shenyue/ui_aoyi_suipian_8.png.gz,e1f884f9220d313e6af85eb76b409e29
5A065BEDC98D9865D00368E04CF45240,17046,res/piece/nfy_icon/artifact_chips/shenyue/ui_aoyi_suipian_9.png.gz,be4238712a063d7713a8c3e9e6306ee6
7F8A2665E4D2F5406166D3E62DEA24FE,13883,res/piece/nfy_icon/artifact_chips/shenyue/ui_shenqi_hejindianju_shenyue_cheng_6_sp.png.gz,d75c8c6240bbe8b2bf1f02ff249d4ca4
2B1495633B3FDF965EF1FFB2A49627A1,17172,res/piece/nfy_icon/artifact_chips/shenyue/ui_shenqi_shenyue_cheng_1_sp.png.gz,b32359f5d0674621e2a68ec650a8ce39
CB7CDCC5E6213D22EF0034B83F6E833B,16647,res/piece/nfy_icon/artifact_chips/shenyue/ui_shenqi_shenyue_cheng_2_sp.png.gz,063b3f65a2ae8524a775ae007fabb4b2
3612532A4518EC56959299074D292DEF,14505,res/piece/nfy_icon/artifact_chips/shenyue/ui_shenqi_shenyue_cheng_3_sp.png.gz,48d8ff13376e3331282322e56067c6b6
B984E215FEDFC5C97EF8E2B78674184D,14866,res/piece/nfy_icon/artifact_chips/shenyue/ui_shenqi_shenyue_cheng_4_sp.png.gz,7405bef95631e58316a641beea98c28f
E21A81AE4D7C24DA6987DF6721435613,14392,res/piece/nfy_icon/artifact_chips/shenyue/ui_shenqi_shenyue_cheng_5_sp.png.gz,9b58a06ba72005ff24fa67ff2efb83a4
3B5CA155B622CB87D7EE66D61A5C7F4D,13741,res/piece/nfy_icon/artifact_chips/shenyue/ui_shenqi_shenyue_cheng_6_sp.png.gz,22c3659d0a6c0918e3cfe0bb418aafad
A5055FF472F3CA3E7FD2F81430CC3FCC,15012,res/piece/nfy_icon/artifact_chips/shenyue/ui_shenqi_shenyue_fen_10_sp.png.gz,2de6c2baed9d917f531e2eca2f935ca3
2A4359C16EC1E9FEE63E4070547FBC8C,16181,res/piece/nfy_icon/artifact_chips/shenyue/ui_shenqi_shenyue_fen_11_sp.png.gz,87cd5ec2d60f4990581f07477b0c3932
FFD9052EFE56F231E35851B003E30F52,17679,res/piece/nfy_icon/artifact_chips/shenyue/ui_shenqi_shenyue_fen_12_sp.png.gz,e776c8e2eee714a92fe5c69c69f2406b
2B619846DFC2A2B6F82C4843B0E0FFB2,17803,res/piece/nfy_icon/artifact_chips/shenyue/ui_shenqi_shenyue_fen_13_sp.png.gz,78e49fd4f77aefb8267a19d907c97add
C0A59F4D6D822D8E2B876731AD08603B,14413,res/piece/nfy_icon/artifact_chips/shenyue/ui_shenqi_shenyue_fen_14_sp.png.gz,a3aff267e5acedde69bd85848e77a0ef
0182B355DA7457B5D9AFD1E30584580B,15283,res/piece/nfy_icon/artifact_chips/shenyue/ui_shenqi_shenyue_fen_15_sp.png.gz,be9dfd85a1e6f4dd10b1e59fdc8ec491
51D1C14E127FADEE7A66F570E3E2030D,15459,res/piece/nfy_icon/artifact_chips/shenyue/ui_shenqi_shenyue_fen_16_sp.png.gz,53042fa07f6ea2228ff9d659d0e64de0
4DBFD2E3DAF3C7DCCFD8A58385B8537D,16239,res/piece/nfy_icon/artifact_chips/shenyue/ui_shenqi_shenyue_fen_17_sp.png.gz,a8f0facbd8b02f009d04f793f025ddac
978E9F0FE5DD517C884D8AA5F0DC4B69,17716,res/piece/nfy_icon/artifact_chips/shenyue/ui_shenqi_shenyue_fen_18_sp.png.gz,1aa643850e0b228eacabca205c8ddec2
3DB2230598CF95499190BC10E7018CF7,16600,res/piece/nfy_icon/artifact_chips/shenyue/ui_shenqi_shenyue_fen_19_sp.png.gz,90e0b7d85c90efb9a59770a9bfcd9428
10C6FF263A62DE46A1563806CF55C220,17033,res/piece/nfy_icon/artifact_chips/shenyue/ui_shenqi_shenyue_fen_1_sp.png.gz,5053d5991dfb5e5a296785aeec711e67
546B1FBF23BD05F9657E88DAD6C3B8C0,16874,res/piece/nfy_icon/artifact_chips/shenyue/ui_shenqi_shenyue_fen_2_sp.png.gz,4dcaf13d26f095301a248db750da7d71
C0148B3DB56CB7C93B3A54D59762CB55,15815,res/piece/nfy_icon/artifact_chips/shenyue/ui_shenqi_shenyue_fen_3_sp.png.gz,ef2c57a649207a136853353679368c59
8D6E6CFDC57E69909D90FAFDBD626DAC,16965,res/piece/nfy_icon/artifact_chips/shenyue/ui_shenqi_shenyue_fen_4_sp.png.gz,0c8bdaa6276d40ab20749348cb8f8843
6E9F037CEC5DB866E9C0FCCBABB9F60E,17149,res/piece/nfy_icon/artifact_chips/shenyue/ui_shenqi_shenyue_fen_5_sp.png.gz,d800d9b173a90f644629cf22f07ea504
F6A55091DACAA016AC4D6683D2B872EB,17328,res/piece/nfy_icon/artifact_chips/shenyue/ui_shenqi_shenyue_fen_6_sp.png.gz,c53ac83fc50fa7278b643558046f7ef8
38895C7F2CBF712C1EC9010FBA2E49D1,18156,res/piece/nfy_icon/artifact_chips/shenyue/ui_shenqi_shenyue_fen_7_sp.png.gz,e6899cf36f5440f4d66a72296d36b7be
75ADCDCB91F4458819807C97A1D9D6C4,16726,res/piece/nfy_icon/artifact_chips/shenyue/ui_shenqi_shenyue_fen_8_sp.png.gz,c3450a77bc1f68c0465e95f9c577baea
46690D8A8232D1C6947C0963F57ACC79,16869,res/piece/nfy_icon/artifact_chips/shenyue/ui_shenqi_shenyue_fen_9_sp.png.gz,3f08ee049e39348e1139efedcfd742c2
1E3446ABA3BE28568E095B7F83F45679,15358,res/piece/nfy_icon/artifact_chips/shenyue/ui_shenqi_shenyue_lv_10_sp.png.gz,abfac83bbe52c675e4a124c78c41d012
D6F26F09ED83F68CDDE98F04D8B10DEB,16458,res/piece/nfy_icon/artifact_chips/shenyue/ui_shenqi_shenyue_lv_11_sp.png.gz,2fea2d39bc8a29a2a9f233a022a49231
BD055AA858AA7076C78608874A43686A,15175,res/piece/nfy_icon/artifact_chips/shenyue/ui_shenqi_shenyue_lv_12_sp.png.gz,18b3e0f3c1a162eefaffd0d17489da63
2EAC42ECA22121D1FE9E479660CB1EE3,15932,res/piece/nfy_icon/artifact_chips/shenyue/ui_shenqi_shenyue_lv_13_sp.png.gz,43067c36c3c2449e3f781331f1a72566
96B71883977C84B31FC01832228B141D,15616,res/piece/nfy_icon/artifact_chips/shenyue/ui_shenqi_shenyue_lv_14_sp.png.gz,5066bae6fe9c24a5f91df3abdfa9d147
A05241CCD5FFD43B30363E69F66F42C9,15004,res/piece/nfy_icon/artifact_chips/shenyue/ui_shenqi_shenyue_lv_15_sp.png.gz,2b02c1ca77f751a31a67070729a81bcc
CDB3A2D1CC1054F927AAA8DF2BF6497E,14848,res/piece/nfy_icon/artifact_chips/shenyue/ui_shenqi_shenyue_lv_1_sp.png.gz,0dfa09f4a8b33ae0dc0e5231db2d9b2b
9F7AC98D776AD18F1A5B5C395CCE71B0,13956,res/piece/nfy_icon/artifact_chips/shenyue/ui_shenqi_shenyue_lv_2_sp.png.gz,912aaf85ee445b9591a3b78fd780033a
A2FDF81ECFA43C10CA45F9D005067B3E,14299,res/piece/nfy_icon/artifact_chips/shenyue/ui_shenqi_shenyue_lv_3_sp.png.gz,0e87074a3bea45fbab1e89606d7fd8a0
B80BE6172D0DA70C430FFB12096B7A6F,14060,res/piece/nfy_icon/artifact_chips/shenyue/ui_shenqi_shenyue_lv_4_sp.png.gz,c6727bc017837e0c672930d3fcedbcd4
1EACCB443BE494D6F2DFA63B82FA910C,14841,res/piece/nfy_icon/artifact_chips/shenyue/ui_shenqi_shenyue_lv_5_sp.png.gz,8d20331f6081b524a0a887133d868cde
BDFAFAB5D5745625A0C8C74365268D5A,16046,res/piece/nfy_icon/artifact_chips/shenyue/ui_shenqi_shenyue_lv_6_sp.png.gz,4054f6561582bcbaae2184af4f5526e7
3E3DCF18B8CDF6FCDA622315B4D2E60B,16262,res/piece/nfy_icon/artifact_chips/shenyue/ui_shenqi_shenyue_lv_7_sp.png.gz,9df5e8f917ab9b8ab47a4051fdc44af6
92CF761D55E88A970A7A81FD2D4CD53E,16466,res/piece/nfy_icon/artifact_chips/shenyue/ui_shenqi_shenyue_lv_8_sp.png.gz,e46f40e481ecbe8c9bd697ada2cfed53
CCB1D4804D20C326315A466CB095FAFA,16309,res/piece/nfy_icon/artifact_chips/shenyue/ui_shenqi_shenyue_lv_9_sp.png.gz,ec7e48de2866b256c46e066412e9f80a
CBD7C5422C5361F15E615A419EAAC905,16498,res/piece/nfy_icon/artifact_chips/shenyue/ui_shenqi_shenyue_zi_10_sp.png.gz,6169eb95a89e1aab0c725dcab6ee576c
3E5F0AD1B7320C677CA8C5E7607B29C1,16737,res/piece/nfy_icon/artifact_chips/shenyue/ui_shenqi_shenyue_zi_11_sp.png.gz,432fac4abf43b224755d54f715953cbd
150F07491980F266FDAD36B441C4000E,17444,res/piece/nfy_icon/artifact_chips/shenyue/ui_shenqi_shenyue_zi_12_sp.png.gz,90961513a5221b659a068018625db6ac
D0129A9AE03BA5D96DA84535F939EDC5,16038,res/piece/nfy_icon/artifact_chips/shenyue/ui_shenqi_shenyue_zi_13_sp.png.gz,b8fdf945c8eea503d3b64572b9605a91
C58C8AD34C22C5AFC61E3858F761207B,16152,res/piece/nfy_icon/artifact_chips/shenyue/ui_shenqi_shenyue_zi_14_sp.png.gz,ea7b751608deb7eff0d17dbc82d7b862
769CF3B246407892F0CB620A59EFAB19,15682,res/piece/nfy_icon/artifact_chips/shenyue/ui_shenqi_shenyue_zi_15_sp.png.gz,b4a1cbf47d7eed7c1f8a9acc7ce86700
7F37D2413B4F28E71818E2EFA67C07F5,16301,res/piece/nfy_icon/artifact_chips/shenyue/ui_shenqi_shenyue_zi_1_sp.png.gz,c003b9c25aa355efa4c4af20f76a45d6
1D2B88ADA6F20E838068441790FED965,17124,res/piece/nfy_icon/artifact_chips/shenyue/ui_shenqi_shenyue_zi_2_sp.png.gz,991e1c2d3db7c1c4ac6624ae323d8d4b
8D19AF3FFB58C8422C0226842C0D7B48,16338,res/piece/nfy_icon/artifact_chips/shenyue/ui_shenqi_shenyue_zi_3_sp.png.gz,a7eedb7302c6048ef30be7d637ba85a1
38D8865FDC7CDA96A50FA6F84B67E0AE,17548,res/piece/nfy_icon/artifact_chips/shenyue/ui_shenqi_shenyue_zi_4_sp.png.gz,c29a3d8870c05ffdbf0cfee715adb608
A09AD814957345D9EB9B3E06B3E1353A,16242,res/piece/nfy_icon/artifact_chips/shenyue/ui_shenqi_shenyue_zi_5_sp.png.gz,02dee18571adf4b5058d72ce3046efd8
DBEAEFC97BC443B1ED354167740C78CF,17106,res/piece/nfy_icon/artifact_chips/shenyue/ui_shenqi_shenyue_zi_6_sp.png.gz,dde7f28afdac9aa39e7c3183ead5a3c2
135B20B206323FB084B65906967F8A72,15536,res/piece/nfy_icon/artifact_chips/shenyue/ui_shenqi_shenyue_zi_7_sp.png.gz,689576dccfe7d39bab686147adb05410
1295DCABEA3A127A77F956875505B20F,15585,res/piece/nfy_icon/artifact_chips/shenyue/ui_shenqi_shenyue_zi_8_sp.png.gz,5132b50f7d220de2e34c88864a6056c4
53A6BFA578E566521E574F3879471310,16610,res/piece/nfy_icon/artifact_chips/shenyue/ui_shenqi_shenyue_zi_9_sp.png.gz,0899e4e95c111599db2b0e4fcef72a5a
C2EB3A54E6A0BD1F13FB458E85E3C567,9630,res/piece/nfy_icon/artifact_progress_meterial/icon_daoju_aihexin_lv1.png.gz,df6393efdf99ffef3ae5dd2c487c89ca
6FEC94E67540B79FE9EB43FB1C863086,16769,res/piece/nfy_icon/artifact_progress_meterial/icon_daoju_aihexin_lv10.png.gz,45ba0e440114baaced6692145e027f11
30C0F83FD4C1DDD6121F6A6B27AF1FDA,16225,res/piece/nfy_icon/artifact_progress_meterial/icon_daoju_aihexin_lv11.png.gz,806a2ce2aafa51b462616b52b90523cc
EE47B342311C7AF90A462F5A64192CEC,10506,res/piece/nfy_icon/artifact_progress_meterial/icon_daoju_aihexin_lv2.png.gz,3695297410de0b0998d6367a292b243e
64F6EAF7B13F310C2BBD402F15593FBB,10841,res/piece/nfy_icon/artifact_progress_meterial/icon_daoju_aihexin_lv3.png.gz,dd708263ee870c5648521d4fcae27838
BFF877C2A50FB59DC60BD36ED84542DF,10559,res/piece/nfy_icon/artifact_progress_meterial/icon_daoju_aihexin_lv4.png.gz,1b01ea8d85c6da7a47495644c3633253
68BA6543E494D37311E7BCCAB5308142,12681,res/piece/nfy_icon/artifact_progress_meterial/icon_daoju_aihexin_lv5.png.gz,f0cda87c7d2a21db2c0df6f44abf5d1d
2A9B5C0A58F5093831D1261A90D84DD7,13309,res/piece/nfy_icon/artifact_progress_meterial/icon_daoju_aihexin_lv6.png.gz,0c2f7d597f3d0bf426bd2aa7b81ed3a8
D5E47DA873BC07750DFD9EC03773ACD4,12257,res/piece/nfy_icon/artifact_progress_meterial/icon_daoju_aihexin_lv7.png.gz,114abb6b226cce0a019aed3e29d14186
D0214A298762553C97B5C32781A9DC73,22193,res/piece/nfy_icon/artifact_progress_meterial/icon_daoju_aihexin_lv8.png.gz,a7f556228a3c4d94e819fc0e9e58180a
D9D18A513290D839805822B25CC7775E,16585,res/piece/nfy_icon/artifact_progress_meterial/icon_daoju_aihexin_lv9.png.gz,b21ce6b737fa41bddaa05793260b1a1d
D5ECC461B318B8D131FF12555E60ABAB,7161,res/piece/nfy_icon/artifact_progress_meterial/icon_daoju_chaohejin_lv1.png.gz,ef429cd77d2284e32ecb4f913b327de7
5A4FCAD2288613F242BB0971F10C4085,15611,res/piece/nfy_icon/artifact_progress_meterial/icon_daoju_chaohejin_lv10.png.gz,5f70ae455615fda3e8986fa9ac2e4bb5
D3BFA1EBBE2022B3605E0A737F8C160F,15107,res/piece/nfy_icon/artifact_progress_meterial/icon_daoju_chaohejin_lv11.png.gz,a894f3d6f6297d6d64310a653d459e88
6129459CCA4160AF31613BE51EDCCC17,7723,res/piece/nfy_icon/artifact_progress_meterial/icon_daoju_chaohejin_lv2.png.gz,9d4cd725b52423d6a18c5c1d95898028
1E17D127FF7ED5EF21EBD3029D1D29C7,7880,res/piece/nfy_icon/artifact_progress_meterial/icon_daoju_chaohejin_lv3.png.gz,d5365bf8459c5ad1e0370516fbfb924c
0401C1354FDFD75060362565D53E3670,7509,res/piece/nfy_icon/artifact_progress_meterial/icon_daoju_chaohejin_lv4.png.gz,beb220427390cef5a9e76a7621aaf721
C6B0B2C37007BD5ADC7CBB3F73CA287F,9973,res/piece/nfy_icon/artifact_progress_meterial/icon_daoju_chaohejin_lv5.png.gz,87b79d09058aefd7408a9dcd8dad00db
FA2C2228CFB0292D5B79A795608F66F9,13528,res/piece/nfy_icon/artifact_progress_meterial/icon_daoju_chaohejin_lv6.png.gz,6a937bf1a79423b6cf1169197c377ce3
DFE0A360036340BB57FB09A86B7AB654,7529,res/piece/nfy_icon/artifact_progress_meterial/icon_daoju_chaohejin_lv7.png.gz,ca645875127d775b9228b88b6b9adc7e
A18DB86AC2D7BA6AA5F4719C3BB1FA17,14099,res/piece/nfy_icon/artifact_progress_meterial/icon_daoju_chaohejin_lv8.png.gz,495c414a002a2b506692a553265a103f
FE9530B3B6E65BE75949784DE3594BC9,15468,res/piece/nfy_icon/artifact_progress_meterial/icon_daoju_chaohejin_lv9.png.gz,75169f95a3a5d1c57fe1fe071600d343
F6BE3799BFB7AEFF58FA3D4405AA0FE4,10325,res/piece/nfy_icon/artifact_progress_meterial/icon_daoju_fanzhongli_lv1.png.gz,49da52a3855da2f6845b586097ceb8e0
F51D46CF94A700A6318CE27C1BB6C58A,17964,res/piece/nfy_icon/artifact_progress_meterial/icon_daoju_fanzhongli_lv10.png.gz,562e2dba866bfa49744d76e29364cf4c
ECFD5F0AF8BB4DCA083EC70776B84BB6,17439,res/piece/nfy_icon/artifact_progress_meterial/icon_daoju_fanzhongli_lv11.png.gz,2f9a97ff6bc3dba49606cae052bd5c5f
01274D5DBF669F9009EDA7CBD7591519,12302,res/piece/nfy_icon/artifact_progress_meterial/icon_daoju_fanzhongli_lv2.png.gz,15f605f68e699433fc341145609f9a49
9F03E4DFE807751472463F822A84EF3A,12309,res/piece/nfy_icon/artifact_progress_meterial/icon_daoju_fanzhongli_lv3.png.gz,61f3165db9b89681361edf99d4b6e338
F6B8197ABC104880E04004628673045C,11956,res/piece/nfy_icon/artifact_progress_meterial/icon_daoju_fanzhongli_lv4.png.gz,c7eeee22245214c9c1035c6d7b387e60
3C188BF1703C249AB8F13DE69955031A,13478,res/piece/nfy_icon/artifact_progress_meterial/icon_daoju_fanzhongli_lv5.png.gz,7f67acb46a1fc81b7e5bc3f9db9ecdd4
99E3FF73FCD3FE7652CF46B36633FC06,15854,res/piece/nfy_icon/artifact_progress_meterial/icon_daoju_fanzhongli_lv6.png.gz,35360d5d245e849f55ef72f400f65369
A2167AAE6E1E44441927E4B37B4F1CC5,13403,res/piece/nfy_icon/artifact_progress_meterial/icon_daoju_fanzhongli_lv7.png.gz,458f225077f2c30de9e8fe5e8de6cf42
DABF5F9820AA862CFAAD5E5926D32358,15450,res/piece/nfy_icon/artifact_progress_meterial/icon_daoju_fanzhongli_lv8.png.gz,6767c11a0c84b5f193180931d8fffc9c
EC9D9F65FF8DAD5664E24CA01A240157,17825,res/piece/nfy_icon/artifact_progress_meterial/icon_daoju_fanzhongli_lv9.png.gz,45c5169f5be0eba2cb85406c86ad5808
55399206656B7CD9E32C87D459FA77FE,8130,res/piece/nfy_icon/artifact_progress_meterial/icon_daoju_guangdianchi_lv1.png.gz,434acd7e27ed028ae9798bac0724bcfe
CFEF87DDD076C02535FC2359272FD370,16660,res/piece/nfy_icon/artifact_progress_meterial/icon_daoju_guangdianchi_lv10.png.gz,fe37a4a2710927e2e3024735965a4fcc
668279748DF974AE026CCACC3E06B508,16167,res/piece/nfy_icon/artifact_progress_meterial/icon_daoju_guangdianchi_lv11.png.gz,af7d3896c6a45a130fc997f4244b99ed
05AD82C225BFF0FE21180F421330E6C0,9651,res/piece/nfy_icon/artifact_progress_meterial/icon_daoju_guangdianchi_lv2.png.gz,de114bb213dbb028dc9b7f3c33d07e06
9169AB66982A4C0DB8F040509A2A823E,9559,res/piece/nfy_icon/artifact_progress_meterial/icon_daoju_guangdianchi_lv3.png.gz,75ddc175c97bfb92143a7d260364a5ea
C944F1B5131D9F4D85901EAC0277370A,9191,res/piece/nfy_icon/artifact_progress_meterial/icon_daoju_guangdianchi_lv4.png.gz,2312d9cf186b72db17db11d00c8f6c47
5C50B3A33CA45654C350A70ED2E05AB2,12489,res/piece/nfy_icon/artifact_progress_meterial/icon_daoju_guangdianchi_lv5.png.gz,6ee303e1082d2b6e50e3611991e23094
D5B1485E0A16DBE735EDA484D49B3A5E,15153,res/piece/nfy_icon/artifact_progress_meterial/icon_daoju_guangdianchi_lv6.png.gz,c827a6d204a4c89c90c5ed8e18efe743
B7D66A18C0A34E56DD8646D08BEC5A4A,9740,res/piece/nfy_icon/artifact_progress_meterial/icon_daoju_guangdianchi_lv7.png.gz,d389b38841de477e0668b3acdc50f420
E082A027C041A79CC949816C9541BE50,15041,res/piece/nfy_icon/artifact_progress_meterial/icon_daoju_guangdianchi_lv8.png.gz,bc7445c9a39bc38a4b24a9c6362d350a
68A107C60716AA4D15BED73782198256,16497,res/piece/nfy_icon/artifact_progress_meterial/icon_daoju_guangdianchi_lv9.png.gz,b02317cdde8886f79710ea0453186256
E549C2954F1787E7E64C83B1554C9149,8712,res/piece/nfy_icon/artifact_progress_meterial/icon_daoju_lengqueji_lv1.png.gz,ace13797eeb44772ded315ca46b8906c
9145F47BCFA23DEE23931C8309D9862D,16258,res/piece/nfy_icon/artifact_progress_meterial/icon_daoju_lengqueji_lv10.png.gz,5141789c68066ef12704d799336c2a1a
0CC70CCC8373C02B379E7E749CCA29D3,15717,res/piece/nfy_icon/artifact_progress_meterial/icon_daoju_lengqueji_lv11.png.gz,f2ef0ce8c3f8bc0f90899a5fc2e4fcda
A87DBD5D6229FB848B14B95869CE1489,9549,res/piece/nfy_icon/artifact_progress_meterial/icon_daoju_lengqueji_lv2.png.gz,160f2ae17ed1df340ef3b8777e24cdbe
E896FDF656BBD835876E468F0FD41D8A,9612,res/piece/nfy_icon/artifact_progress_meterial/icon_daoju_lengqueji_lv3.png.gz,c7859c9b037ebce4641db4e1abfa2f6d
FA2296FE20E4C995B0BD4B7E8B6B1861,9468,res/piece/nfy_icon/artifact_progress_meterial/icon_daoju_lengqueji_lv4.png.gz,667b577da9669889ce78c5d64bc41726
0C2F4A0C9032838FD51108A295DE4444,11830,res/piece/nfy_icon/artifact_progress_meterial/icon_daoju_lengqueji_lv5.png.gz,ace7f9357b1ff378c36a6d41d7f9cc5d
304680E0A7F78B08223E6CA60EF16BBE,12552,res/piece/nfy_icon/artifact_progress_meterial/icon_daoju_lengqueji_lv6.png.gz,ac95a1c64909b5011aeef6fddeb85fb1
775FD517C7A6E1C67D6E3A1F87C6A6EF,11850,res/piece/nfy_icon/artifact_progress_meterial/icon_daoju_lengqueji_lv7.png.gz,cecca80122be5ae02900825913516f59
6868CBE176111B21FA0F150B4EDEAEEF,12447,res/piece/nfy_icon/artifact_progress_meterial/icon_daoju_lengqueji_lv8.png.gz,d43abbd3967149ce5ccab1b239c0f50c
CBD1A93F41375141A6EDDED7DFF9FA69,16108,res/piece/nfy_icon/artifact_progress_meterial/icon_daoju_lengqueji_lv9.png.gz,6a521cd16ee314c8ef3b627d4e9c13ba
DB2281EF30934A4A820CDFD086FAA151,9948,res/piece/nfy_icon/artifact_progress_meterial/icon_daoju_nengliangkuai_lv1.png.gz,ca649a84c7528269165ac9c1b7f40806
BC24B3BE45218B62CABFEA6D6F470135,22680,res/piece/nfy_icon/artifact_progress_meterial/icon_daoju_nengliangkuai_lv10.png.gz,b44cb3c7df838236575779af70382403
08B50F97928F8DC41CD19CB88E356AF2,22239,res/piece/nfy_icon/artifact_progress_meterial/icon_daoju_nengliangkuai_lv11.png.gz,5002b369dc423b77ba3c9cdfe81c9be9
BD24629EE1B43EEBE9771344197A4190,10395,res/piece/nfy_icon/artifact_progress_meterial/icon_daoju_nengliangkuai_lv2.png.gz,72a168bf1d31babbb1d9d06a5009ca5a
0E321AF4758AB914022598E6C40AA7D5,10076,res/piece/nfy_icon/artifact_progress_meterial/icon_daoju_nengliangkuai_lv3.png.gz,f7ec6955a1b80e21747c92b7e77458e3
1D970BD5A661A8B86C32F2B29A07D62B,10043,res/piece/nfy_icon/artifact_progress_meterial/icon_daoju_nengliangkuai_lv4.png.gz,22f3db8708c0c1ac97c311f7ab2a7920
CECDB55EA8BA5608336C866F84619D3B,20355,res/piece/nfy_icon/artifact_progress_meterial/icon_daoju_nengliangkuai_lv5.png.gz,2c7c3869859191ca37db19358d5a638a
1A70ADF794FCBFFE25BB6FDFE215C318,21719,res/piece/nfy_icon/artifact_progress_meterial/icon_daoju_nengliangkuai_lv6.png.gz,28ce0133eebc92003ac385cf5c1b07e8
DE16323069B8B096FB989E95A02F30C1,19793,res/piece/nfy_icon/artifact_progress_meterial/icon_daoju_nengliangkuai_lv7.png.gz,6872ad8685f4e0eeeb8e9335c6ebb92b
C633FDFE05F068473BDCAF19739EDFF1,15587,res/piece/nfy_icon/artifact_progress_meterial/icon_daoju_nengliangkuai_lv8.png.gz,41a2da195fe35f2bdda2fb1da65b934e
B8B139D3B3709AD62D969B9FE8DC61FD,22508,res/piece/nfy_icon/artifact_progress_meterial/icon_daoju_nengliangkuai_lv9.png.gz,0f1521b54cad427aa679da971eb90093
6BDE4C0EA1E299671EB4813A0D518FC1,12720,res/piece/nfy_icon/artifact_progress_meterial/icon_daoju_weixingcpu_lv1.png.gz,81b01e31a408b81bcbffbca8a60dc1ee
AE5BE47777C0A3B5121CBDBFCAE4C821,18303,res/piece/nfy_icon/artifact_progress_meterial/icon_daoju_weixingcpu_lv10.png.gz,38a27bb4f254f0394e49f98d4fc35022
8450A593AB8487C8DFA8C94B6C25B938,17728,res/piece/nfy_icon/artifact_progress_meterial/icon_daoju_weixingcpu_lv11.png.gz,63d77d125b6002bacdcf34901b446e1e
02A099E2F992B2B7FF2C103C454652E3,12376,res/piece/nfy_icon/artifact_progress_meterial/icon_daoju_weixingcpu_lv2.png.gz,c3e0b05a96a095e6ff57945f964c6b8b
EF520E775F0D260303831FB5F2DE149B,14420,res/piece/nfy_icon/artifact_progress_meterial/icon_daoju_weixingcpu_lv3.png.gz,5be21007836903b13f5c4c7e7252c35b
CB026839C45910AEE1EEA322EF6707BA,12846,res/piece/nfy_icon/artifact_progress_meterial/icon_daoju_weixingcpu_lv4.png.gz,d064d54946f33ba61dbc02b0ce8b46c3
33BE579FC5878D639E2CB2E16E0C7D09,11362,res/piece/nfy_icon/artifact_progress_meterial/icon_daoju_weixingcpu_lv5.png.gz,5278819db021ce7eea3f95888645dbce
DFD2614A50660FE0906E96581CA5BBC9,16613,res/piece/nfy_icon/artifact_progress_meterial/icon_daoju_weixingcpu_lv6.png.gz,cb503a0182fdc24716cae8c663b4f035
002759C518CACDD8CBE6A3D11BFFED15,12802,res/piece/nfy_icon/artifact_progress_meterial/icon_daoju_weixingcpu_lv7.png.gz,cdda99f417b581d392e0a3a05fa75aa5
4D4D6B5FA5EA198AF42D6093329AA213,15262,res/piece/nfy_icon/artifact_progress_meterial/icon_daoju_weixingcpu_lv8.png.gz,6b7bc6d2b49f2c1b18fe922a62f7254f
DB53DB48215459D82C44AADA49036DAB,18124,res/piece/nfy_icon/artifact_progress_meterial/icon_daoju_weixingcpu_lv9.png.gz,9733109205da67dc56c4a552e65b2fbb
3269EEAA54262C94CDFDECA2BF263632,9067,res/piece/nfy_icon/artifact_progress_meterial/icon_daoju_xingyunshi_lv1.png.gz,c987442af837f3c68fd40ce0e77213ab
D5FAE4EF365C5FA68DBA6A82D5DC4C5B,14979,res/piece/nfy_icon/artifact_progress_meterial/icon_daoju_xingyunshi_lv10.png.gz,7b5309334f8f27c64f2d9b41af86f553
0436B2809760F97B3F2F4996E4088024,14461,res/piece/nfy_icon/artifact_progress_meterial/icon_daoju_xingyunshi_lv11.png.gz,91feb952d56664ee5783a830a6b38beb
123DB3DBAF8692A4BE09C6D82BE4AB7A,9731,res/piece/nfy_icon/artifact_progress_meterial/icon_daoju_xingyunshi_lv2.png.gz,165dbf2b66962b2bc739215501ed311d
86C1B50CC1145AF2BCC0A98001C861C1,9696,res/piece/nfy_icon/artifact_progress_meterial/icon_daoju_xingyunshi_lv3.png.gz,c8702558544b91a27c44eea2fefb4995
C44D57CDD1434885D6EC14398B721A10,9400,res/piece/nfy_icon/artifact_progress_meterial/icon_daoju_xingyunshi_lv4.png.gz,63386ab6e5e62ea58407bb5198d7ba0d
78C2ACC5B1FEC882C185ECD8345B6394,11778,res/piece/nfy_icon/artifact_progress_meterial/icon_daoju_xingyunshi_lv5.png.gz,1056f0579bab92ba1dd0da9385673887
4D8F2A548D1ED07DB0E3786BB922835A,12998,res/piece/nfy_icon/artifact_progress_meterial/icon_daoju_xingyunshi_lv6.png.gz,91ad05a52db89c01f615748cfa975c8a
AB93CBC1BEA3E742F0B3888F97B3C026,11151,res/piece/nfy_icon/artifact_progress_meterial/icon_daoju_xingyunshi_lv7.png.gz,6746f0023b82ad23b0b1237cbf60c8f8
132C8001DC40F5ADBE9A4A20FA6E10CD,13422,res/piece/nfy_icon/artifact_progress_meterial/icon_daoju_xingyunshi_lv8.png.gz,7a18cfc37acab89565becbc8b8cba1cd
969B8FD6D3A7376F707096AE0B4BD091,14827,res/piece/nfy_icon/artifact_progress_meterial/icon_daoju_xingyunshi_lv9.png.gz,0b7ce015fe9a4c37a0b9294905ad6185
153F78973DBE52C5CDEE59880F119F07,11435,res/piece/nfy_icon/artifact_progress_meterial/icon_daoju_yasuohe_lv1.png.gz,9b10fc633034b8c4f2afff517dcbc38d
76E3EBBDF1A3BFB6EE00BDA421DA80B7,20053,res/piece/nfy_icon/artifact_progress_meterial/icon_daoju_yasuohe_lv10.png.gz,27aa3d671ad28c82fe0ce459ac1f9fbb
BB6B42D6F4C7FBDB7DCEB0E337AE28FC,19493,res/piece/nfy_icon/artifact_progress_meterial/icon_daoju_yasuohe_lv11.png.gz,9cfe0249809419c1fb9a632083b78764
8170D771DCEB1E3F77B8D29F66624344,12132,res/piece/nfy_icon/artifact_progress_meterial/icon_daoju_yasuohe_lv2.png.gz,c7979c42c4ea99591a44d431d46b68a3
1A579A66B82B14D3ED0082B5916FCCEC,12182,res/piece/nfy_icon/artifact_progress_meterial/icon_daoju_yasuohe_lv3.png.gz,2abf1a77c50fc0352d4bae4603b2f03b
1DF1147DC0BAC36125D1492D3CB29C27,11995,res/piece/nfy_icon/artifact_progress_meterial/icon_daoju_yasuohe_lv4.png.gz,7285e239083f06233f77191761e9c572
A71804347DCDAC1A9F3ECB88700B1D78,12110,res/piece/nfy_icon/artifact_progress_meterial/icon_daoju_yasuohe_lv5.png.gz,479cccff8930daa9aa2dc9e61be01c7a
1E6EBF8CB2B9023612128ED2BFBAA0BE,15622,res/piece/nfy_icon/artifact_progress_meterial/icon_daoju_yasuohe_lv6.png.gz,b1d409bf6f773aa609b4b5f25dc56247
B2C0598E6201955ED946451F3E825380,11780,res/piece/nfy_icon/artifact_progress_meterial/icon_daoju_yasuohe_lv7.png.gz,88e8d27dbd052a75501a5e9ae0064098
63EC43AEAEC26271AD9C505336E2150E,15531,res/piece/nfy_icon/artifact_progress_meterial/icon_daoju_yasuohe_lv8.png.gz,d73d9c160b426e6679669e10679f1504
EFBE35A44403A9BC9C79364EE80BDD52,19896,res/piece/nfy_icon/artifact_progress_meterial/icon_daoju_yasuohe_lv9.png.gz,9e4d3884369b37f2e382a0452ee81df3
797D8F015E0DE2A16E6CD4116BA14661,12015,res/piece/nfy_icon/artifact_progress_meterial/icon_daoju_yizhongdna_lv1.png.gz,696c82e0e08c00a3bf3982af13f329e6
575081DB84E3142330B76DF7D8A70A9F,18448,res/piece/nfy_icon/artifact_progress_meterial/icon_daoju_yizhongdna_lv10.png.gz,3f2786ad749295569f2a575ed73b4c5b
49E5AFFBC418AA787EAB40D627EEB27B,17883,res/piece/nfy_icon/artifact_progress_meterial/icon_daoju_yizhongdna_lv11.png.gz,da95b791984b688c97ff6fc2bb4b8f26
C0D3EBBD2DB3040AD960B313502E198A,12976,res/piece/nfy_icon/artifact_progress_meterial/icon_daoju_yizhongdna_lv2.png.gz,f236274bc3981d9adf75bda6829db37f
AF44D85A59FDF652B6991461F9A67D2D,13032,res/piece/nfy_icon/artifact_progress_meterial/icon_daoju_yizhongdna_lv3.png.gz,a75b099ded90786980cff73901f3bd80
E3A073B9AB6A3312D56A04DFDB26B634,12706,res/piece/nfy_icon/artifact_progress_meterial/icon_daoju_yizhongdna_lv4.png.gz,14418dba7a0c97263d07533f9a9b25f7
E3C39BEB3A9193E0E373A6D056191E3B,12684,res/piece/nfy_icon/artifact_progress_meterial/icon_daoju_yizhongdna_lv5.png.gz,174ea8f7516df243b49a47917b38524d
D01A62B556E0690E1117D3B34A15B9BF,14547,res/piece/nfy_icon/artifact_progress_meterial/icon_daoju_yizhongdna_lv6.png.gz,b2ac34f6ad2e65d8f23ac0e7bd629a1b
E2B12969E6C9B389DEFFD18ACCC83598,12537,res/piece/nfy_icon/artifact_progress_meterial/icon_daoju_yizhongdna_lv7.png.gz,a219c52a89bb370d338d176c97aa7feb
15C793656E837EBB67D8FA6A8F96DA7F,16127,res/piece/nfy_icon/artifact_progress_meterial/icon_daoju_yizhongdna_lv8.png.gz,afb0432e5bc3336e4080d002eded83d4
DB5F358A9D97C123EB0BDF19F9BEB256,18246,res/piece/nfy_icon/artifact_progress_meterial/icon_daoju_yizhongdna_lv9.png.gz,4dac8ea70ca7d30398242f635dccc65b
6B3FA7AFC569CA5E6565F32BEBF77CC6,8352,res/piece/nfy_icon/artifact_progress_meterial2/icon_daoju_chaozhijinghua_lv1.png.gz,eb12b759472efd68aa8a7ca0f017f53f
2814168788001A57109C4352B465071B,15488,res/piece/nfy_icon/artifact_progress_meterial2/icon_daoju_chaozhijinghua_lv10.png.gz,a99b9c8978e720b036a9eec0c9545e63
9BC794140385A598AC34179ACDD45CC5,14949,res/piece/nfy_icon/artifact_progress_meterial2/icon_daoju_chaozhijinghua_lv11.png.gz,eabd67d70759a8da1d3f09c7083d8f33
226660BA39CFC2DCDB609F7BB125DFE6,15629,res/piece/nfy_icon/artifact_progress_meterial2/icon_daoju_chaozhijinghua_lv12.png.gz,c613664df37b4e21dee0a1fa03d5471b
74377518DA98401AC0DE814228D3B239,15583,res/piece/nfy_icon/artifact_progress_meterial2/icon_daoju_chaozhijinghua_lv13.png.gz,a2824d289fc1ee53189b7924eb9c6e9c
DF699C84C0D43DA292B013AFBDF24FE3,15342,res/piece/nfy_icon/artifact_progress_meterial2/icon_daoju_chaozhijinghua_lv14.png.gz,d01ca25d3325602e4dd4a0b85dab5f67
7F43EBA861F9D447E5B76F0589F9E050,15432,res/piece/nfy_icon/artifact_progress_meterial2/icon_daoju_chaozhijinghua_lv15.png.gz,6202e449c99be0561231a0cfac95487c
1C09646EF6393A182F4CE00A7CABEAD1,15680,res/piece/nfy_icon/artifact_progress_meterial2/icon_daoju_chaozhijinghua_lv16.png.gz,7ba12fbcbe23d0fd6108f2bca556f4bc
E6D404EAEFE44350B525CDF40EF71E68,15376,res/piece/nfy_icon/artifact_progress_meterial2/icon_daoju_chaozhijinghua_lv17.png.gz,f82bee2fba7391a2e11d4d25c271589f
A8CBADD690EFDA2C14CB12B7CE6A61C1,15729,res/piece/nfy_icon/artifact_progress_meterial2/icon_daoju_chaozhijinghua_lv18.png.gz,a479425ad881a9d890e221e32b886c47
6459E98E52FAFF02C9DD3859A5EFF464,15640,res/piece/nfy_icon/artifact_progress_meterial2/icon_daoju_chaozhijinghua_lv19.png.gz,0cdac61e2c28ba2882bab25440b8bc76
506D9FBF73C520B8A58A7B0A4B3EFA92,10475,res/piece/nfy_icon/artifact_progress_meterial2/icon_daoju_chaozhijinghua_lv2.png.gz,bc0a6a82f21bdc8becee8c30b8caf541
2BAA7840DAD85100EFB28E2FB4CA354A,15852,res/piece/nfy_icon/artifact_progress_meterial2/icon_daoju_chaozhijinghua_lv20.png.gz,61a79f657dde3f612566ff7c678286a1
C650EDE53C5EF541214E88381179967B,15496,res/piece/nfy_icon/artifact_progress_meterial2/icon_daoju_chaozhijinghua_lv21.png.gz,eae0c3d27fbd57829939c6d250c5bea2
A75B33A59059E6175920B71D447F8F64,15326,res/piece/nfy_icon/artifact_progress_meterial2/icon_daoju_chaozhijinghua_lv22.png.gz,b2b903018b14dc8b75e824dfd87025cc
DC644CC4A2AA62FACBACF514415D27C1,15890,res/piece/nfy_icon/artifact_progress_meterial2/icon_daoju_chaozhijinghua_lv23.png.gz,5f21db4210100c3d5bcdb94eefa430c3
8BE83EEE3E604DF9F41A81370B99E6F1,15706,res/piece/nfy_icon/artifact_progress_meterial2/icon_daoju_chaozhijinghua_lv24.png.gz,605569dd6e4a658cb40b3b06104a248f
5EED832E97E1A66605F37BF2DBC8E0AE,15752,res/piece/nfy_icon/artifact_progress_meterial2/icon_daoju_chaozhijinghua_lv25.png.gz,c3e0922be19b22ec3964dc3d7da4d1c1
A0E334D5CE9961248286C969800E4986,15924,res/piece/nfy_icon/artifact_progress_meterial2/icon_daoju_chaozhijinghua_lv26.png.gz,2f84a01de876f02c23c62e671d0c7e77
DD16A2433139674201D1F78122402F8B,15684,res/piece/nfy_icon/artifact_progress_meterial2/icon_daoju_chaozhijinghua_lv27.png.gz,9298f3cbb6ea9d239d978c9c25dea14b
C32BAE60FC51302B040DFE2A407199AC,12112,res/piece/nfy_icon/artifact_progress_meterial2/icon_daoju_chaozhijinghua_lv3.png.gz,93e889539b620ca70ab3dae09caad0bc
44A1174AA62DB313229FAC9EB3DFBB42,11519,res/piece/nfy_icon/artifact_progress_meterial2/icon_daoju_chaozhijinghua_lv4.png.gz,c87b291ab6e04397de766101249b504e
1EEF1A4700A7B94B53982969796F6F59,12889,res/piece/nfy_icon/artifact_progress_meterial2/icon_daoju_chaozhijinghua_lv5.png.gz,6bf09ec1bc151b384200577ec1c6cb43
7D0D7216DB811F621B735A14FE289B14,14229,res/piece/nfy_icon/artifact_progress_meterial2/icon_daoju_chaozhijinghua_lv6.png.gz,a7fecd71f28040ae05d6fa4d6b8e6a3a
FD3D442F06254958B4FF4AB2B6B29AA0,12752,res/piece/nfy_icon/artifact_progress_meterial2/icon_daoju_chaozhijinghua_lv7.png.gz,ffd4d5815827bb8d4d0ab5123f55c171
17BD01A27BEAA34DD86086FAC9668412,14355,res/piece/nfy_icon/artifact_progress_meterial2/icon_daoju_chaozhijinghua_lv8.png.gz,2eae01a54aafa8bf2f0b0521eea91f70
DCCD58F0A4CFEEC79EB9019735B48E88,15347,res/piece/nfy_icon/artifact_progress_meterial2/icon_daoju_chaozhijinghua_lv9.png.gz,b9be5a0cdb0de5f422c85027d16831ef
00DC73B3CE22B10F39F8373324237B14,7888,res/piece/nfy_icon/artifact_progress_meterial2/icon_daoju_helijinghua_lv1.png.gz,b96fe73637b23cac974ccfde23f2d7dc
C6B468BE5F21BD7F2CE8E2624DCF3FD3,15183,res/piece/nfy_icon/artifact_progress_meterial2/icon_daoju_helijinghua_lv10.png.gz,22d6bb0ffd33b633bf3c1a2af047e135
B8583FF8B577BD9A40E2AB8ADA2A328B,14635,res/piece/nfy_icon/artifact_progress_meterial2/icon_daoju_helijinghua_lv11.png.gz,c79d484b5fcbd8a9a30ce67ca6e4c7ef
506783E07C515543DBA551602346EF2A,15332,res/piece/nfy_icon/artifact_progress_meterial2/icon_daoju_helijinghua_lv12.png.gz,6bb009be33fbc40362f8f8cc9b81944c
B25DE6AB22CFDC0AE53CA612C3E6B6E5,15274,res/piece/nfy_icon/artifact_progress_meterial2/icon_daoju_helijinghua_lv13.png.gz,7b5e40e743c6a67ca0e5ed50078ba0a1
E86535ADBD78735422A796FC2EAEBC50,15082,res/piece/nfy_icon/artifact_progress_meterial2/icon_daoju_helijinghua_lv14.png.gz,fdf5424fe7117b21460064a257714e8d
683A7CB2EEC7B017B289E4180B2F681A,15141,res/piece/nfy_icon/artifact_progress_meterial2/icon_daoju_helijinghua_lv15.png.gz,ab0f487018c96ca1047035347c93f78a
F160CF3417A275FD1FCD748B46090D40,15365,res/piece/nfy_icon/artifact_progress_meterial2/icon_daoju_helijinghua_lv16.png.gz,215f11679f9ea9eb569f363e525035e9
CF387F84D2A0C117D70302BEE870AB7E,15077,res/piece/nfy_icon/artifact_progress_meterial2/icon_daoju_helijinghua_lv17.png.gz,c7e83112fdcd8e3e7776e835ebcb5bc5
3A506E346E7B91587360308CD070C2D0,15429,res/piece/nfy_icon/artifact_progress_meterial2/icon_daoju_helijinghua_lv18.png.gz,1e3eda7ebfbe69e6f857a6ec7d273e52
ABEB3D17DCF8645A0EE7801A72F7AE08,15340,res/piece/nfy_icon/artifact_progress_meterial2/icon_daoju_helijinghua_lv19.png.gz,e0d57e988500ae04f7f1b06dc6d97826
6CDB11FED1DF3F5E3E9CE1C7139C8463,10608,res/piece/nfy_icon/artifact_progress_meterial2/icon_daoju_helijinghua_lv2.png.gz,05f176362b7f725de5e1c7b89af39f35
CD23F2748F58520C5F814918898BB2E7,15567,res/piece/nfy_icon/artifact_progress_meterial2/icon_daoju_helijinghua_lv20.png.gz,7bf282af729c627291de4b76d3409874
719FE8CAF264650A170B46B0E79DEE19,15192,res/piece/nfy_icon/artifact_progress_meterial2/icon_daoju_helijinghua_lv21.png.gz,e30ac3fc14c6c295470e113994c84fd3
99C1EC99B335A543311405FA094D4B8E,15044,res/piece/nfy_icon/artifact_progress_meterial2/icon_daoju_helijinghua_lv22.png.gz,1b6b61900cd25603863149895c57cf7c
9B641A839CB75140651BF73032C6B06E,15593,res/piece/nfy_icon/artifact_progress_meterial2/icon_daoju_helijinghua_lv23.png.gz,f2691c4f8a96cc45b7d8e94d78cd0c9b
DD5BE6A78837913F87C975F5AB3398EF,15425,res/piece/nfy_icon/artifact_progress_meterial2/icon_daoju_helijinghua_lv24.png.gz,cfa3fa4ea7975a5be8242514de9adff7
E45B8FE05CAC54FF4BB33F0075A7D23C,15462,res/piece/nfy_icon/artifact_progress_meterial2/icon_daoju_helijinghua_lv25.png.gz,710ef4c6186a548ac7e21e312c952b69
81C7E220BF274D03E69413040058E5CE,15641,res/piece/nfy_icon/artifact_progress_meterial2/icon_daoju_helijinghua_lv26.png.gz,efbbe23451099afe6fd9313a79f45764
998B21EA4813A205CBE6D5D5068F58ED,15379,res/piece/nfy_icon/artifact_progress_meterial2/icon_daoju_helijinghua_lv27.png.gz,1fef9f31bb2df5cd43cb3f08f80d881f
36B07AB501BDA4C55DDEC04593736768,12469,res/piece/nfy_icon/artifact_progress_meterial2/icon_daoju_helijinghua_lv3.png.gz,6493d12e4fbe19323c937e6aefb96e38
B1FC75B003C254986167E63BEC104E7C,10650,res/piece/nfy_icon/artifact_progress_meterial2/icon_daoju_helijinghua_lv4.png.gz,4d74c708d3e6c02e427b0ed87d7ca452
2519B889CCD1774931C9A251E40FBB12,12782,res/piece/nfy_icon/artifact_progress_meterial2/icon_daoju_helijinghua_lv5.png.gz,94604b785c2060e7c2b59948bece501e
9A9A316DAD7196EFDB3CCAEEDC932D7C,14273,res/piece/nfy_icon/artifact_progress_meterial2/icon_daoju_helijinghua_lv6.png.gz,d88eed9e472a2e10dd8ccee3e6af3d01
E9B0E25C21EB6173D0A8727ED525330B,11760,res/piece/nfy_icon/artifact_progress_meterial2/icon_daoju_helijinghua_lv7.png.gz,c9e75919f6953da7f02df9af901ea380
9E1400EE517A26B88443E650EC66FE23,14089,res/piece/nfy_icon/artifact_progress_meterial2/icon_daoju_helijinghua_lv8.png.gz,3feb46041adf459b4ea4261397eb0336
14D68BABDB171ED8BAE25A268018E6AF,15027,res/piece/nfy_icon/artifact_progress_meterial2/icon_daoju_helijinghua_lv9.png.gz,9800035b7ddf37e2704fb8a2f2b0024d
466717CB368465E700E81BC2D2BA74F2,7983,res/piece/nfy_icon/artifact_progress_meterial2/icon_daoju_huoyanjinghua_lv1.png.gz,5f68218ac115ade35c9976dad0a02ed9
0F1F26EB3DBF496616DC4AB9D145AF35,15106,res/piece/nfy_icon/artifact_progress_meterial2/icon_daoju_huoyanjinghua_lv10.png.gz,0933fc22fc8029c7c3b886bddf996157
33B11F270E6E91713D42FF9AEB529994,14577,res/piece/nfy_icon/artifact_progress_meterial2/icon_daoju_huoyanjinghua_lv11.png.gz,d484b9a1ce5659b80dc0a52665dba720
D677FFBD953E8547EE27E0D594719295,15277,res/piece/nfy_icon/artifact_progress_meterial2/icon_daoju_huoyanjinghua_lv12.png.gz,965ed2291d863d9cddf831adbccb4a8c
EBFE4D7F23C2E5AAD76690C6D19B5AB9,15214,res/piece/nfy_icon/artifact_progress_meterial2/icon_daoju_huoyanjinghua_lv13.png.gz,5e6950ef58de9e12e58ac92793d0d8b7
4F9BF5712169ADF04548D4A44545F171,14999,res/piece/nfy_icon/artifact_progress_meterial2/icon_daoju_huoyanjinghua_lv14.png.gz,896fab4ed9318454b3137e34995d4217
2FC85EB823C7CFBC284DC7C9154C4F5C,15061,res/piece/nfy_icon/artifact_progress_meterial2/icon_daoju_huoyanjinghua_lv15.png.gz,4b71dfeb8dafb3271ce3f7875d852892
87611E8B378B3D6708469308393990E2,15291,res/piece/nfy_icon/artifact_progress_meterial2/icon_daoju_huoyanjinghua_lv16.png.gz,9c8d7596580bb2ec3ed145b78321ccbf
0948289CD360E8D33CF8A6EA01632CFA,15025,res/piece/nfy_icon/artifact_progress_meterial2/icon_daoju_huoyanjinghua_lv17.png.gz,d9781c6fa21e74862626af0c15fc3d5c
1D23923D9EB6B56162B0C1FB379E8FC3,15370,res/piece/nfy_icon/artifact_progress_meterial2/icon_daoju_huoyanjinghua_lv18.png.gz,e60db6df791002b059fb05aaa612dda2
E13B4AFD922922AA79D955BE255CA34B,15253,res/piece/nfy_icon/artifact_progress_meterial2/icon_daoju_huoyanjinghua_lv19.png.gz,4220851f65b5a455eaa9d04d1c8234cb
2989EC6E276D2093CD92DFFDD042A7A3,10293,res/piece/nfy_icon/artifact_progress_meterial2/icon_daoju_huoyanjinghua_lv2.png.gz,150a9333596053753477462ff651359c
E487609FB83E8932A759776CFDBB3933,15475,res/piece/nfy_icon/artifact_progress_meterial2/icon_daoju_huoyanjinghua_lv20.png.gz,27d5df53a632f984df1c5e7d9b760fb7
79DE10868885C21CFB7221C5DEAB56B4,15147,res/piece/nfy_icon/artifact_progress_meterial2/icon_daoju_huoyanjinghua_lv21.png.gz,8d46f5106403425c165cb21a1b0fc6a7
6EF16F32AA2358E57F775EBC0AA2A100,14958,res/piece/nfy_icon/artifact_progress_meterial2/icon_daoju_huoyanjinghua_lv22.png.gz,6b8b3e06be15dff7f80ec8fb80479144
44237D297263350B1B466F3F74718E55,15514,res/piece/nfy_icon/artifact_progress_meterial2/icon_daoju_huoyanjinghua_lv23.png.gz,bd5f8372574ad16c905d7357c3d50ef7
6723373D4986A7A3F6B07ADC9043A5C7,15327,res/piece/nfy_icon/artifact_progress_meterial2/icon_daoju_huoyanjinghua_lv24.png.gz,acdcca2f2348479769b5d0c05d297872
E658997F5700B85B0D86C43977F4CDF1,15381,res/piece/nfy_icon/artifact_progress_meterial2/icon_daoju_huoyanjinghua_lv25.png.gz,51a21798da2d81d24ab370c3da54ff50
7D463AE0A5798E2449D7651E01505742,15553,res/piece/nfy_icon/artifact_progress_meterial2/icon_daoju_huoyanjinghua_lv26.png.gz,2a167c3d859d16f6ba994c3cfbf4d2cd
F4852C5380272407554053CA72D27D12,15323,res/piece/nfy_icon/artifact_progress_meterial2/icon_daoju_huoyanjinghua_lv27.png.gz,3a3c6dcc3471d8c7615f5e2200936e45
362339662AB8BED6D700BD871BD3EEC8,11639,res/piece/nfy_icon/artifact_progress_meterial2/icon_daoju_huoyanjinghua_lv3.png.gz,4ceeaebe44c8d54df6b54346349d8fec
68CC5BE8434122505D14BBE8022A15EB,11018,res/piece/nfy_icon/artifact_progress_meterial2/icon_daoju_huoyanjinghua_lv4.png.gz,e13a38b941ed0aa637b82208e2fa08ee
4332EA40613D5AD386DB384ACC014042,12863,res/piece/nfy_icon/artifact_progress_meterial2/icon_daoju_huoyanjinghua_lv5.png.gz,045252e3c3560d2e5d2ae78f6aec9555
222E4B6F4872BE84003DCDF5CA3B65B3,13784,res/piece/nfy_icon/artifact_progress_meterial2/icon_daoju_huoyanjinghua_lv6.png.gz,5e3886598ce292d83697660800c354ee
3190CE29A91B48BB5A2AE8DBAB29F1AB,12325,res/piece/nfy_icon/artifact_progress_meterial2/icon_daoju_huoyanjinghua_lv7.png.gz,e6ce91cbb84a5efa8d726efdb3f3b93d
2CB1FB908354664053A0914448EA917F,13995,res/piece/nfy_icon/artifact_progress_meterial2/icon_daoju_huoyanjinghua_lv8.png.gz,b2613dffcfbd66923b3f27d7ae690e57
B92E66DB526DE12A9545D3AB795F9352,14966,res/piece/nfy_icon/artifact_progress_meterial2/icon_daoju_huoyanjinghua_lv9.png.gz,c4eca51e6bb8ea4b3107a171c3cf9610
51DF3BD4FFFF439FE68DB8763F47CB37,8418,res/piece/nfy_icon/artifact_progress_meterial2/icon_daoju_lengcuijinghua_lv1.png.gz,f8426428b911f56792d9fc25f827a0c2
815BDFA3278D5E7BBE999D08AAD882A5,15141,res/piece/nfy_icon/artifact_progress_meterial2/icon_daoju_lengcuijinghua_lv10.png.gz,be5601deb9a3f0c0eda54a0bd553bc96
FFAB5C00AB5372E98F0C858FC13228DF,14639,res/piece/nfy_icon/artifact_progress_meterial2/icon_daoju_lengcuijinghua_lv11.png.gz,370f0e1f984450d1bbab9f294b6c3932
49F2FBAF8ECA493A2D282EE907350697,15288,res/piece/nfy_icon/artifact_progress_meterial2/icon_daoju_lengcuijinghua_lv12.png.gz,bb0c9348b6283b25a27faa66e09b0630
9DAA681A7DD65C04AAB2139C6BB40522,15241,res/piece/nfy_icon/artifact_progress_meterial2/icon_daoju_lengcuijinghua_lv13.png.gz,1b4aabc9998a25dcc071da5706c35e5e
4B305D45BC0E00947AE393CA737E8DD8,15054,res/piece/nfy_icon/artifact_progress_meterial2/icon_daoju_lengcuijinghua_lv14.png.gz,dd29e8ace1af20af8252fd46f7cbe734
F237CB34BD3085BCAA3A0F8B37B12526,15090,res/piece/nfy_icon/artifact_progress_meterial2/icon_daoju_lengcuijinghua_lv15.png.gz,79f6f6f5062eb85ad6f454fc0ff75bd5
ED40EDD82B66D0F38E1F4BBF03C716BC,15369,res/piece/nfy_icon/artifact_progress_meterial2/icon_daoju_lengcuijinghua_lv16.png.gz,8128147fa682b9f1dda5de72d6589749
82387DFE7AB1FBF27E8C4621B072E12E,15084,res/piece/nfy_icon/artifact_progress_meterial2/icon_daoju_lengcuijinghua_lv17.png.gz,8de9f0e4b76f25e89952b9dba7b8b7ca
1627137649E862DC8EB861A1FEB3CBBA,15430,res/piece/nfy_icon/artifact_progress_meterial2/icon_daoju_lengcuijinghua_lv18.png.gz,b3a7c1b38a16e99cbcb3e60664f1a6b8
97BFFBCFBA6B4D0D27F330C24BF0F38A,15337,res/piece/nfy_icon/artifact_progress_meterial2/icon_daoju_lengcuijinghua_lv19.png.gz,da2bf195f2e05bdfd474cc759fbf8055
C55755C6858AC7387DAEE69C3FA2D3CD,10763,res/piece/nfy_icon/artifact_progress_meterial2/icon_daoju_lengcuijinghua_lv2.png.gz,0fc851310a14a8e9b6488df3de3adf1f
9B64BC2E4E3B5E4AAF19E7A48A3AD785,15510,res/piece/nfy_icon/artifact_progress_meterial2/icon_daoju_lengcuijinghua_lv20.png.gz,fb8adb8002c4f286c470d2ea1669daf0
F1EF1AD69A94F509D275AEC7BB53F216,15145,res/piece/nfy_icon/artifact_progress_meterial2/icon_daoju_lengcuijinghua_lv21.png.gz,b96acf0f8a7033c4095fad567404e94f
2ABE3667C0FF2C167CE25D9FCF671327,14994,res/piece/nfy_icon/artifact_progress_meterial2/icon_daoju_lengcuijinghua_lv22.png.gz,dd13d628d489c2d04171ca6f0d4e76af
008D1B2B63EDD31AD1C1BA587A9ACD40,15534,res/piece/nfy_icon/artifact_progress_meterial2/icon_daoju_lengcuijinghua_lv23.png.gz,2dcffd6b4ee0c2809d54551c79eda924
A8B4509D3274ECA3A17588178C94458E,15365,res/piece/nfy_icon/artifact_progress_meterial2/icon_daoju_lengcuijinghua_lv24.png.gz,55f8addfd38a1b6b1aac89fe84c862bb
578C30F216489ADE302CEEC3AB8DAE7D,15403,res/piece/nfy_icon/artifact_progress_meterial2/icon_daoju_lengcuijinghua_lv25.png.gz,657eb085bd43ea295b76dc6eb039e063
E5B17E377BF82D950FB7B262C3C2B4AE,15573,res/piece/nfy_icon/artifact_progress_meterial2/icon_daoju_lengcuijinghua_lv26.png.gz,84045ca9668a2ae3c2cc5ad4f3a558ad
9B3A64D2378DF9BC77A1D54FEE4C56A6,15347,res/piece/nfy_icon/artifact_progress_meterial2/icon_daoju_lengcuijinghua_lv27.png.gz,67dfccef04a71ac97149d7182c0c7805
6408F6CF05CCF26BA22BD269CBCEA458,11999,res/piece/nfy_icon/artifact_progress_meterial2/icon_daoju_lengcuijinghua_lv3.png.gz,a09821696aae0e8e71bc8cc6e3046df2
91922C4F236AF4D7C8A27BEF060B7010,11536,res/piece/nfy_icon/artifact_progress_meterial2/icon_daoju_lengcuijinghua_lv4.png.gz,9a4194d6468d6414bac85113cc31f1e5
144C4E3BAE94C166C4407C279E0C6E16,13010,res/piece/nfy_icon/artifact_progress_meterial2/icon_daoju_lengcuijinghua_lv5.png.gz,21066689831ee172f46265b63c774099
D09CDDACC02575CA366806DAB4EC3F6F,14045,res/piece/nfy_icon/artifact_progress_meterial2/icon_daoju_lengcuijinghua_lv6.png.gz,1f06f17adc2f835bc4b06b7074e7212d
370C7E3A1139626B1444F672A0ECEBE7,12557,res/piece/nfy_icon/artifact_progress_meterial2/icon_daoju_lengcuijinghua_lv7.png.gz,bb48bbfd6356e4a1174f4fccda7e1820
2F5F218EE34006DB649A1EFBD7834FB7,14145,res/piece/nfy_icon/artifact_progress_meterial2/icon_daoju_lengcuijinghua_lv8.png.gz,f194e33d1a1db916b7ad41ae06568c85
CA3A637E5A4BA4C3736C8C043B13E1F1,15009,res/piece/nfy_icon/artifact_progress_meterial2/icon_daoju_lengcuijinghua_lv9.png.gz,4174f0c4a97dc4f7dad8251c3bc3b13a
1B80090175BF0C95108C9AD414512B07,8176,res/piece/nfy_icon/artifact_progress_meterial2/icon_daoju_xingguangjinghua_lv1.png.gz,1c6c0e5d0a04f7f164aab4935b1ea4a6
0BDFA8851D4FDD161861866C97593591,15495,res/piece/nfy_icon/artifact_progress_meterial2/icon_daoju_xingguangjinghua_lv10.png.gz,07343c9b8e8219c5aeae6ba0fb336524
BB2242CB4BDCE3FE821C4B003890FAF5,14940,res/piece/nfy_icon/artifact_progress_meterial2/icon_daoju_xingguangjinghua_lv11.png.gz,5c6d7c5fbd279a7525e3f4690079e1f4
AAA212A5C52F56E64D2A55C85B3DC99D,15599,res/piece/nfy_icon/artifact_progress_meterial2/icon_daoju_xingguangjinghua_lv12.png.gz,666f0e08fc51d91046e6adbbef1cf93b
F967375A16ACB692A8580B903452C77F,15584,res/piece/nfy_icon/artifact_progress_meterial2/icon_daoju_xingguangjinghua_lv13.png.gz,aca92cd021721986e2723bea4c9b04ac
7F529C03E83B8B237F9DE50F5F0467D5,15365,res/piece/nfy_icon/artifact_progress_meterial2/icon_daoju_xingguangjinghua_lv14.png.gz,3fea80abf02360c247efb68beb60ad6c
1D31F1A12772273BC4821CD7ACB3B05D,15432,res/piece/nfy_icon/artifact_progress_meterial2/icon_daoju_xingguangjinghua_lv15.png.gz,63b2950098d3368cc0ce7dbbfcc45ca2
38441E3576566A068430F487A760E737,15684,res/piece/nfy_icon/artifact_progress_meterial2/icon_daoju_xingguangjinghua_lv16.png.gz,9278421b21e837d6f84fe74771d06dc1
67C50B9C4E2098D2E5DB8362BC93F0AE,15399,res/piece/nfy_icon/artifact_progress_meterial2/icon_daoju_xingguangjinghua_lv17.png.gz,35c211fd3b6c7664bc3927737d6d230a
6EC64468CD0D9BFF45061DF35B533441,15742,res/piece/nfy_icon/artifact_progress_meterial2/icon_daoju_xingguangjinghua_lv18.png.gz,4b860c9623e24e4e89f56e0f1c40e3a3
1D066432F8F6444F0221A2AFB36FBD89,15645,res/piece/nfy_icon/artifact_progress_meterial2/icon_daoju_xingguangjinghua_lv19.png.gz,b01966295a6e3516f553bbe6c3a3f2e4
6E05EF3C3847BFF7E62EA46D04F2EBA1,10754,res/piece/nfy_icon/artifact_progress_meterial2/icon_daoju_xingguangjinghua_lv2.png.gz,21fe6cb368c85a8c9dbacac98ab52a2c
6ACA64D071EFD5810C6176FB20160045,15862,res/piece/nfy_icon/artifact_progress_meterial2/icon_daoju_xingguangjinghua_lv20.png.gz,b4db4d8845db9662c6e12d609c186f73
9E82801E6CF5E44E7D75301F650B23E3,15498,res/piece/nfy_icon/artifact_progress_meterial2/icon_daoju_xingguangjinghua_lv21.png.gz,cc6e2f27f0ef076fddd95436437dfd77
C664B729FE540E3708BD9C412839A3F0,15345,res/piece/nfy_icon/artifact_progress_meterial2/icon_daoju_xingguangjinghua_lv22.png.gz,9dbce3156e2afe25d530a064b07d45f1
FF3D02661DD9FAA14F3432FAB842D064,15899,res/piece/nfy_icon/artifact_progress_meterial2/icon_daoju_xingguangjinghua_lv23.png.gz,42daaf0be9aa1f5f9e0ff89b8afac20d
D412C72F504F9AC38C8076FDE993A4A1,15710,res/piece/nfy_icon/artifact_progress_meterial2/icon_daoju_xingguangjinghua_lv24.png.gz,5cb1933cf223a62e7a62e79e03ed65e7
7884872F6A6CCEE6A5C43A78CA794160,15773,res/piece/nfy_icon/artifact_progress_meterial2/icon_daoju_xingguangjinghua_lv25.png.gz,f066575a901c8c2599e4321d9c1ec760
3C5C548EFE0620A73ADE174CAB534AD1,15919,res/piece/nfy_icon/artifact_progress_meterial2/icon_daoju_xingguangjinghua_lv26.png.gz,d57bda051e926f915f7ec058315e7765
BE192CBD11D224B3BF4E2FD381D6BF3B,15689,res/piece/nfy_icon/artifact_progress_meterial2/icon_daoju_xingguangjinghua_lv27.png.gz,412be5cbab7436fbc29cb58ce21042b5
A8C5BE875746A5A9B38767A22D0367D5,11999,res/piece/nfy_icon/artifact_progress_meterial2/icon_daoju_xingguangjinghua_lv3.png.gz,8aee9c37dd71a74978ce9be419dc82c7
9695FC21C0FFC257E963701654F79CEE,11148,res/piece/nfy_icon/artifact_progress_meterial2/icon_daoju_xingguangjinghua_lv4.png.gz,e01546c621fab045801b2ca78c97dc18
C2948A8778764B941A6CF7705F35A706,12875,res/piece/nfy_icon/artifact_progress_meterial2/icon_daoju_xingguangjinghua_lv5.png.gz,5f22c911396949699f5e12245385db17
2B59044C1F6F8B141A366CCFE3FB3D41,13977,res/piece/nfy_icon/artifact_progress_meterial2/icon_daoju_xingguangjinghua_lv6.png.gz,374a60cda4717f2912459ecdeaac6bcb
DF34CE7E075DFDA3C0E8E972ACDEB80A,12104,res/piece/nfy_icon/artifact_progress_meterial2/icon_daoju_xingguangjinghua_lv7.png.gz,1491453a4b5ece5c9c757de6151daa09
23B9DA9DD60F2B175144C0CB97760CCF,14114,res/piece/nfy_icon/artifact_progress_meterial2/icon_daoju_xingguangjinghua_lv8.png.gz,c10cab260f3007fb45a8f080c49404f0
3F0D68D134AA19F4C537B3855608A204,15341,res/piece/nfy_icon/artifact_progress_meterial2/icon_daoju_xingguangjinghua_lv9.png.gz,235f8901f0134f8f29fe5649969c78c0
01216A6D59DAEBE4E1FE7CE63F682522,8284,res/piece/nfy_icon/artifact_progress_meterial2/icon_daoju_yuansujinghua_lv1.png.gz,6ca5affc8b64a7d37060d10b16ba90ca
7B62E76A7FC714F43845E67F444F005F,15169,res/piece/nfy_icon/artifact_progress_meterial2/icon_daoju_yuansujinghua_lv10.png.gz,e41b6b980d09c8568832c7bf571ec2e2
7BB0657F68D05D38D12502BACAC52D56,14609,res/piece/nfy_icon/artifact_progress_meterial2/icon_daoju_yuansujinghua_lv11.png.gz,b0797612f06b04a69d846789ced2ad49
3180B1E3287E1FB234AD53DAA7F8DD05,15288,res/piece/nfy_icon/artifact_progress_meterial2/icon_daoju_yuansujinghua_lv12.png.gz,9aabd2e34bb7d18f92d032a41c0a16fc
FB219CF458CF57A0EEE107F9810E82D0,15260,res/piece/nfy_icon/artifact_progress_meterial2/icon_daoju_yuansujinghua_lv13.png.gz,ca9e1ea7c3138565c37bed7702a0b1d9
8A0622319DED46704B8B871444FDF058,15035,res/piece/nfy_icon/artifact_progress_meterial2/icon_daoju_yuansujinghua_lv14.png.gz,21cb9215ab5128afbfdab1e8314d19be
4CAE577096CB393C9C248D3E0C9110AE,15101,res/piece/nfy_icon/artifact_progress_meterial2/icon_daoju_yuansujinghua_lv15.png.gz,9f6ea7e834d23d992c46e0d5d3468762
A719A55FA6079A78BCC10E8E1BA0794F,15349,res/piece/nfy_icon/artifact_progress_meterial2/icon_daoju_yuansujinghua_lv16.png.gz,f4047d4761170a6a20a164c9266cd9a3
A79A9CD201D17ACE436CF23314365D7F,15071,res/piece/nfy_icon/artifact_progress_meterial2/icon_daoju_yuansujinghua_lv17.png.gz,6e2350f1ecbbd520ee78d1f31e47a027
259D3CA56996AB15224605D7C11591E5,15414,res/piece/nfy_icon/artifact_progress_meterial2/icon_daoju_yuansujinghua_lv18.png.gz,7611fbef77dc511ca1b07afb7d4db176
6463560209A740E1699295AB6BF457AE,15314,res/piece/nfy_icon/artifact_progress_meterial2/icon_daoju_yuansujinghua_lv19.png.gz,b0993b41e023ef676f0c5c5821cefc60
E96C943B98B814923A256EF13C954B35,10834,res/piece/nfy_icon/artifact_progress_meterial2/icon_daoju_yuansujinghua_lv2.png.gz,c6f02c6bde22c312b84341359fb86ffb
7345576B27D917B94554F1EAAE6522B8,15535,res/piece/nfy_icon/artifact_progress_meterial2/icon_daoju_yuansujinghua_lv20.png.gz,feb77dd8abc0192b8da7ed045838d79d
D9B5339BDC2BAA8F3AFBFA4CE4D0CDB5,15170,res/piece/nfy_icon/artifact_progress_meterial2/icon_daoju_yuansujinghua_lv21.png.gz,5776e020d8fc8d16859ceddbf31ee156
F6B5E867CE230DB3D17CB59AC45A0862,15005,res/piece/nfy_icon/artifact_progress_meterial2/icon_daoju_yuansujinghua_lv22.png.gz,821bb5c67b27627ddb7b07ce95db4a0f
25B3CCB14807D0AA92FDBC57F9A03982,15562,res/piece/nfy_icon/artifact_progress_meterial2/icon_daoju_yuansujinghua_lv23.png.gz,befe086589455b2744862bc0250f0c5b
848A1C88DDC00DE5B16B680B8D8C6D90,15370,res/piece/nfy_icon/artifact_progress_meterial2/icon_daoju_yuansujinghua_lv24.png.gz,d82fab996933f5a40f5ca9484bf932f3
AA5CAEC4ECC80FA6D91F750BC6D751AC,15435,res/piece/nfy_icon/artifact_progress_meterial2/icon_daoju_yuansujinghua_lv25.png.gz,3ba6d6b54827d6df2992e90c6fd2cb0e
177A3EC40D72BA0853C33922DAD0A5DF,15610,res/piece/nfy_icon/artifact_progress_meterial2/icon_daoju_yuansujinghua_lv26.png.gz,c70ca9652a85e5e1fd1e1e276c83a5ed
4DE21D04A049FA27573EA1E9457B6673,15371,res/piece/nfy_icon/artifact_progress_meterial2/icon_daoju_yuansujinghua_lv27.png.gz,f81586c32d2b16b40680cf661e26b473
4A0F06090E7126FDA05012B54B35973F,12016,res/piece/nfy_icon/artifact_progress_meterial2/icon_daoju_yuansujinghua_lv3.png.gz,2eab95ce021845295db004f572ff00cc
13BCDACA60230E299B690A28768375A4,11242,res/piece/nfy_icon/artifact_progress_meterial2/icon_daoju_yuansujinghua_lv4.png.gz,1f1f7fa9d2ef65477337d150ed6c2b80
C0A4F8FF1446F9FC47B27592BC31B4DC,12933,res/piece/nfy_icon/artifact_progress_meterial2/icon_daoju_yuansujinghua_lv5.png.gz,6d1450d5132679c82eecf404e00a2a55
DC275DA80BF14501CCEAEE051DBDF68F,14172,res/piece/nfy_icon/artifact_progress_meterial2/icon_daoju_yuansujinghua_lv6.png.gz,f479f6eef8ca60a619746270812caf97
41CCB7FC73472064073039B09E83FD0A,13586,res/piece/nfy_icon/artifact_progress_meterial2/icon_daoju_yuansujinghua_lv7.png.gz,5414ea0aa2d4e229d2431537a65925d4
E010AC9A4AA267905E36DB94DF883C41,14280,res/piece/nfy_icon/artifact_progress_meterial2/icon_daoju_yuansujinghua_lv8.png.gz,9059f65256f09b3b1e087fdca15990dc
EDF0A8C9814E4845BF2C346D6B720003,15022,res/piece/nfy_icon/artifact_progress_meterial2/icon_daoju_yuansujinghua_lv9.png.gz,863e5365455179bbac2a156127d65787
33125D77874BC57C922F99A1778630B1,1524,res/piece/nfy_infinite/ui_wuxianben_dikuan_da.png.gz,c1dcbb5c66405a07619dcc4eac4c4518
8FB987A5FFDE6B190BEC4EF99D53E844,541016,res/piece/nfy_infinite/ui_wuxianben_tingjindilao_beijing.jpg.gz,db8fdad49160e7ca7fe1d4a872f16e53
2E516B5B555710165DA0DB3D4CC4DBFC,314652,res/piece/nfy_infinite2/ui_kuangqu_beijing.jpg.gz,f2672eb036c1a7b1ab8d535eb353b2fc
D4474BB467B2DBBA014FE8EA351F2EA1,403344,res/piece/nfy_limit/beijtu.jpg.gz,274858e3bb0c4174191b8663d8d8b0a4
1E841B1122005048AFF6DBB10C37D9ED,311212,res/piece/nfy_limit/ui_xianshibuji_dadiban.png.gz,e7ff58e89005aa01d2ecb491a7fa8161
AECCFE128B0354C0C01DE9CDBDF928F2,16385,res/piece/nfy_limit_exchange/ui_libao_mengchongbuji.png.gz,4e65b0340897b3689aa5be6f22b3a41c
AB793E2328EF943C62A7F82775B18584,609350,res/piece/nfy_limit_exchange/ui_qiyufudai_an_bneijing.png.gz,8fb6fbb00c220ae09c644fffb0369e10
7C43B543B28BB217C8F518AD7F72A630,14318,res/piece/nfy_limit_exchange/ui_qiyufudai_an_diban1.png.gz,fcd2d39a6cf56f62e59bb8cf8f7fb816
ABCAD000CA1927F8C0EB45B58D39747D,530135,res/piece/nfy_limit_sign/ui_xianshiqiandao_an_beijingban.png.gz,d3fa5b84dc9d7f478e1ac2bc3c801d38
81BCEAC0280B4AA2BED1C7DCDB2AAD8D,242063,res/piece/nfy_limit_sign/ui_xianshiqiandao_an_lihui.png.gz,7dd8e7b36dd3008f64a71daaaaaa5928
C40CCEBC0911CD32B91A9966E98C9C20,18992,res/piece/nfy_limit_time_shop/icon_libao_baoshixiang_zhuoyue.png.gz,751e4481d17b6d2cd2ee5fa9f41638de
379D36FD72C2EF184931D52BA91884C9,20347,res/piece/nfy_limit_time_shop/icon_libao_huanshenqianguifudai.png.gz,59824e400c81b5d5bb6e4249e325555d
61FA4FE193FFC7B7A4A1103029B48181,557706,res/piece/nfy_limit_time_shop/ui_qiyufudai_an_beijing.png.gz,42bc3498f9a8546026b4b102dbbb3776
04A691CF1D91161C26F2B1A25464C524,17510,res/piece/nfy_limit_time_shop/ui_qiyufudai_an_diban.png.gz,cf8e4d4a613efbc8c2fbe1af130912d6
DE128F741B9F68D5CF62E5E44DEE13E6,403858,res/piece/nfy_limit_time_shop/ui_qiyufudai_an_npc.png.gz,b39b150d0888e7f26c2d217ebecf2909
710A3486552263982A2A521E1C7D3658,397954,res/piece/nfy_logintomorrow/ui_huodong_cirijiangli_di.png.gz,a04327bf04f842c45ba81a59cbbd173e
B035E8B7AD784E675EF9FAAD776B6409,78895,res/piece/nfy_logintomorrow/ui_huodong_cirijiangli_di2.png.gz,4ec10a9eed0a7d1f2c0377520f68d200
73DB87863BD3572CCFA345BC1379C262,9225,res/piece/nfy_logintomorrow/ui_huodong_cirijiangli_dibanxiao.png.gz,12af780dc76e7d1a878e508a7b3f264a
9A2592D8C017E89033249E9C538672C3,1765,res/piece/nfy_logintomorrow/ui_huodong_cirijiangli_jiantou.png.gz,8836c0c7d2faa2306ed069227b71586e
6E35D75993B7397985D704A7B229C0FD,215346,res/piece/nfy_logintomorrow/ui_huodong_cirijiangli_sanjiao.png.gz,45d92545e93d4c7ed1d07d662a19e608
E557B95ACD8EBE2D5A1329FF2DC97A68,419017,res/piece/nfy_magicbox/ui_xingkongmohe_beijing.jpg.gz,8e8cf8a8940effaf0cd721b48f0956fc
638C96E6D4E565CE2BFB6DB58DD83580,33955,res/piece/nfy_maincity/ui_upgradebg.png.gz,9bd91cd24b61a755e2003d50b035f474
1CE430C04472C4C48BF93AD16B855DF6,206565,res/piece/nfy_maincity/ui_xuniyaogan_bg.jpg.gz,2309d5936f0e799e90209d403371d1aa
5AF7462DEBB45564CC1AF83117611EFF,4236,res/piece/nfy_maincity/ui_zhucheng2_an2_huoyue.png.gz,47961757428ca887d3761b7ac418e2a5
CA1335DBDC76C8173E9F8AE95C68FF53,2189,res/piece/nfy_maincity/ui_zhucheng2_an_bianqiang.png.gz,90fc1a08db7fa7a6ae272c1a7ef480b0
5FF2FA299F97235AF237162D0D55F69F,2636,res/piece/nfy_maincity/ui_zhucheng2_an_chaozhilibao.png.gz,106fe7c70a528ffe1798074eeef7d5b6
7CB1A45124A76770D454D12AB257EBD3,2588,res/piece/nfy_maincity/ui_zhucheng2_an_ciri.png.gz,110de23bed6fb6cbf85a6860a68d2f84
EFF26ACF8885837A0A19DBD4FFA6799D,1476,res/piece/nfy_maincity/ui_zhucheng2_an_paihangbang.png.gz,5a9f87f0a3f32dc6afbb4cae94736b7e
E19C1EFA35750577053743BB100C8F8C,3538,res/piece/nfy_maincity/ui_zhucheng2_an_shouchong.png.gz,f354b0a93fa35dcace7ecbc66824c563
2FBB42B8F1D1A2721E820F052A234231,3150,res/piece/nfy_maincity/ui_zhuchenggai_bianqiang.png.gz,64f4d59f1572c0ff8acaa12b97449c78
F6B3B513D4BE5D4EC44917BB6CE06E36,3619,res/piece/nfy_maincity/ui_zhuchenggai_ciridenglu_1.png.gz,7358dd696562df6740efa499c9ae6f0f
EE26574AE1085F820A35F6682291EF26,3663,res/piece/nfy_maincity/ui_zhuchenggai_fuli.png.gz,29e1e02f1e846529b73d0ae64fac6265
F69AB0970D275C5BF1499C75463BE430,5394,res/piece/nfy_maincity/ui_zhuchenggai_huodong.png.gz,897c5b23d05c79de6789a37671bcb923
D6B5B393867E719F6582D365C297A5B0,3329,res/piece/nfy_maincity/ui_zhuchenggai_icon_chongwu.png.gz,497efe51ecce6bc26e47a1bfbcaa2adc
8396194496ABD69BA952794F3B3961A0,4682,res/piece/nfy_maincity/ui_zhuchenggai_icon_dajintequan.png.gz,fe2f4e5933a98f88beafca13d4086672
B7E0216A2ADA189C1A1DEB0B2AC44869,4074,res/piece/nfy_maincity/ui_zhuchenggai_icon_doushenta.png.gz,2c46feb16b6f29aa6242c0fb913e4f6b
E6D90E9418AFDBCF17F9D0FC133906C0,3113,res/piece/nfy_maincity/ui_zhuchenggai_icon_fuli.png.gz,203de7096a6d25af58bd8434f1e2a8fd
724A5896DC147BD05FD67A05C3CC786D,5526,res/piece/nfy_maincity/ui_zhuchenggai_icon_GM.png.gz,db1e76d776cfdb591cc1d12450b7c98e
8470CEE8AC0B22117C7B507C79599B8F,4898,res/piece/nfy_maincity/ui_zhuchenggai_icon_GMfuli.png.gz,0048eb10b8f1dd946057e8d99770153b
CFC927839121F621293DF3FA30058162,1787,res/piece/nfy_maincity/ui_zhuchenggai_icon_gonggao.png.gz,30303c58253a71243b98ec0a79dd6b04
9785F92402FDFFED60C0F80C119A2B92,4234,res/piece/nfy_maincity/ui_zhuchenggai_icon_gonghui.png.gz,e207c30e5904855826095b4c614c7f02
BA8C2504151074B1B897EF041BFC6379,4087,res/piece/nfy_maincity/ui_zhuchenggai_icon_gonghuizhan.png.gz,6198348a8a4f4100ba7807ee8a33a463
6DD2FA2ED3A3FFCDA9F1C76FF3092643,4012,res/piece/nfy_maincity/ui_zhuchenggai_icon_haohua.png.gz,77e66ff9b9f55fc8460480869599f062
509050AB96975219849CCBB3797C5B72,3018,res/piece/nfy_maincity/ui_zhuchenggai_icon_huodong.png.gz,265cc49410a03dfb70481ac8382446b8
97FEB113CD1E1502C98287F1B9CC7E72,4235,res/piece/nfy_maincity/ui_zhuchenggai_icon_huoyue.png.gz,5577356bfe5b3edec371fd127f8d8915
29DEB57A72A8C61B27A347D83D8A079C,3475,res/piece/nfy_maincity/ui_zhuchenggai_icon_jiaoyi.png.gz,c9d800b3115fb31cef87ae1cbc6c741b
69CDD82837F2FB2078F684294F966A6C,3174,res/piece/nfy_maincity/ui_zhuchenggai_icon_judian.png.gz,24bbf4fb606f635d273448a8e1e819c7
03461E8DA41E98CA55B4CEC32F66CD9F,5411,res/piece/nfy_maincity/ui_zhuchenggai_icon_juji.png.gz,97fd4f0e87dadc2aeef5e9127c21c9b7
3F2713FD26AF799CFB12A1BDA6BF6DAA,4439,res/piece/nfy_maincity/ui_zhuchenggai_icon_jumo.png.gz,25673896257e8f98c969a250521bebcd
A4BD1D4C72D20A8333E4D36FB0D014AD,3524,res/piece/nfy_maincity/ui_zhuchenggai_icon_kuangqu.png.gz,8626ab55738c638919b75533ee97901a
26DF3695946EF8258DA4C470B5FCF708,4119,res/piece/nfy_maincity/ui_zhuchenggai_icon_lingzhushilian.png.gz,1a2c75b7fc943d578bbb797e22d861d4
BA784AD181589D4C26489FBCC1B81FF9,5085,res/piece/nfy_maincity/ui_zhuchenggai_icon_mohe.png.gz,000aa4aa6261f4361f4a2db3adcc6454
486828EF009943121648F96B93485A69,4314,res/piece/nfy_maincity/ui_zhuchenggai_icon_mozu.png.gz,e4960a4ec988e5fefea52b12f557b2d6
8CF68C5B2AA7C4E1CFCF78A9ACA60064,4673,res/piece/nfy_maincity/ui_zhuchenggai_icon_openserver.png.gz,17bce3217bdc6ae538e491b57c159428
EE4EEE7950B4E02CB67D73B78547EBCD,5238,res/piece/nfy_maincity/ui_zhuchenggai_icon_qiyufudai.png.gz,5a3a4ebcbc2119557f8114a707adf17b
54BB269BA13F710E4D91FDF74DB2C902,4500,res/piece/nfy_maincity/ui_zhuchenggai_icon_quanmingxing.png.gz,635a61674f3de9d1b6b3aa02f1c0b17c
9D971281C8AC25C5A1CA5BB78EDA1601,3590,res/piece/nfy_maincity/ui_zhuchenggai_icon_shengqizhilu.png.gz,7181abbdd63adda6df966b2d1fb47b98
A052E01D53A93EF9FF84B5E629CD0621,5720,res/piece/nfy_maincity/ui_zhuchenggai_icon_shenxuan.png.gz,c6942d6fe649cf8e082e0c3a4bbc4d15
32F5EC65AEE88F574E6BAC92C1BACBCF,3640,res/piece/nfy_maincity/ui_zhuchenggai_icon_tansuo.png.gz,a19de32c69dec2205a78844a7d155101
70C02EBB4D5200BEED03E1DA7DC364A1,4460,res/piece/nfy_maincity/ui_zhuchenggai_icon_tianti.png.gz,6649333c6fa333e54e3ebbf5881a0c9f
895B36DD786EA908743195A849EB1CC1,3545,res/piece/nfy_maincity/ui_zhuchenggai_icon_tt648.png.gz,0f0bc7a76a73afbf2ca98ccd43194ffd
261CB7D78EFC1781DBE56349D0760841,5279,res/piece/nfy_maincity/ui_zhuchenggai_icon_xianshiqiandao.png.gz,8c8d4529c05b7dbe2e60cbbbf8377fd6
AF035D79DE06190F8E27A447798025E2,4128,res/piece/nfy_maincity/ui_zhuchenggai_icon_xianshishangdian.png.gz,91522f66e9b9f163c2ffea5026043987
90CAF8F8E60F9DD098BADB4D16F91E14,4396,res/piece/nfy_maincity/ui_zhuchenggai_icon_xingheng.png.gz,60c63d583781de6ae268bb20ea010ba9
E8C4E7DCEEDD5808B53541FBF51060DE,3953,res/piece/nfy_maincity/ui_zhuchenggai_icon_yongbing.png.gz,48e7d84f2e52c76ba6212c5548fdb88b
3D31BE9426A10CC48A68946849EDA07E,3638,res/piece/nfy_maincity/ui_zhuchenggai_icon_ziyoupkchang.png.gz,2a9b2b1f66abcc3bb56eaecdc684cab6
3527E3D5C3CAF4A90EF9C56A52BAB920,4917,res/piece/nfy_maincity/ui_zhuchenggai_icon_zuduizhanyi.png.gz,3d248211bd645c39cf13cc38b5e48cb7
E0CA34F19E6D56AC1CB34DA2D64414AA,4915,res/piece/nfy_maincity/ui_zhuchenggai_jiexiantiaozhan.png.gz,76a1cd51c659cc02b13ece6786ffa40c
3F7635D3971545D01952B533EDADF144,4533,res/piece/nfy_maincity/ui_zhuchenggai_jingxiangtiaozhan.png.gz,f638216cb56c0ffc55be00f50edda8e6
14A159F526E8965A985A6A522953AEA4,4572,res/piece/nfy_maincity/ui_zhuchenggai_juexingzhilu.png.gz,b6da8fe56d3afa67735fcf977619311c
11ABD23E2972F6D712C2B6D7C121A0B6,8396,res/piece/nfy_maincity/ui_zhuchenggai_juexingzhilu2.png.gz,12134db5324efd9b177a96b6c3da5e58
CF49D7EEE0402BB38AFC85B295B39406,8914,res/piece/nfy_maincity/ui_zhuchenggai_juexingzhilu3.png.gz,04b4efba5c45e5b57caba75b6743046d
2F953BE7DEB66528F65812B955578E49,5182,res/piece/nfy_maincity/ui_zhuchenggai_kuafusai.png.gz,b61565d8d1c49c953c0e4aaeb2e5d980
9963A4C2690DA458ED6AC5FC3DF53F47,3933,res/piece/nfy_maincity/ui_zhuchenggai_manghe.png.gz,3b171b517f160b52a005343ae62efc3c
1C5BCADBA8E05C64DA2F0CF8495E489B,5869,res/piece/nfy_maincity/ui_zhuchenggai_nianshou.png.gz,fdc75c829bbcc524e504ae88c1852c97
B1CF5345C3DD55DD6AEF75D288BB9DF5,5159,res/piece/nfy_maincity/ui_zhuchenggai_qiangdiruqin.png.gz,566314714547175742d75c1f9ebc13d6
F5B742C1FECACBB0151BDD406CDB1029,3084,res/piece/nfy_maincity/ui_zhuchenggai_qiriqiandao.png.gz,1829f5f97bf68141a2f72e51fe67dca4
EE07B89F1EAE4EB9955F34CADEB349BD,2684,res/piece/nfy_maincity/ui_zhuchenggai_qirirenwu.png.gz,2b7ca4ff6683da5cd782dd1f889e2cd9
063324B7AA1C97FF97229D4046F41817,4423,res/piece/nfy_maincity/ui_zhuchenggai_quanminshenxuan.png.gz,5d79ea2cd076c6abb888298906c306b1
F99FD6E204250E73AA378266BA40B7B7,5578,res/piece/nfy_maincity/ui_zhuchenggai_ruoyinglingqu.png.gz,35a623aaec5d58113668aba387470533
B1FE8882262B8EBE1E7758689F669091,4846,res/piece/nfy_maincity/ui_zhuchenggai_shangcheng2.png.gz,c04c2b765dc599de6fb12bc34be4fbe8
3D328CC6E538B0205A240148749B1D6D,3590,res/piece/nfy_maincity/ui_zhuchenggai_shenqizhilu.png.gz,7181abbdd63adda6df966b2d1fb47b98
B462F5AE1CD2C970623A3B7CD3F190A2,6501,res/piece/nfy_maincity/ui_zhuchenggai_shenqizhilu2.png.gz,de5fc2743b768143988bb43e0f0e73a9
10824092DA1B5A988E1869FD0B8AD319,7142,res/piece/nfy_maincity/ui_zhuchenggai_shenqizhilu3.png.gz,8a8b9a10198743e09a966622cc98513b
8C8E2099BCB347E174BFBA5DC78726BA,5435,res/piece/nfy_maincity/ui_zhuchenggai_shenxuanhuigui.png.gz,205923018074fa7b0a41f3f8a8e56daa
06466B3129A287CC2AB93B70762373CA,3839,res/piece/nfy_maincity/ui_zhuchenggai_shilianzhidi.png.gz,56064d910c272f94da6af8955a1c3283
354F7718C451340C35068E77F6AD9DCE,4077,res/piece/nfy_maincity/ui_zhuchenggai_shouchong.png.gz,caec4d426e730620f0eb7cf6d1c432c2
944F31ABF10A01808955F84A5AF10E3D,4638,res/piece/nfy_maincity/ui_zhuchenggai_tongxingzheng.png.gz,19c665fdb8c8a9fa87b059d42fb3a246
9B50ABC889E245C23AB33A1651C50B85,4567,res/piece/nfy_maincity/ui_zhuchenggai_wenjuan.png.gz,47ec7131541f5762097f3068ead28218
0C8C97F8B881D079B316C3550DEAB60E,4974,res/piece/nfy_maincity/ui_zhuchenggai_wuyikuanghuan.png.gz,b1dcdd5f1fbb14630dee0af9e5331ad2
781501010627E06970E007D70E877161,7469,res/piece/nfy_maincity/ui_zhuchenggai_xingkonghe.png.gz,259ed0e49a391e0a4460f3ae7ea3ce73
09E0A880A2C51D00112397778F054AE6,5730,res/piece/nfy_maincity/ui_zhuchenggai_xueyuanrenwu.png.gz,6192e0e3e7c1622e9fa81dad25223903
4C1A9C5CF911A8CEC0BFC2294ACC9B93,3403,res/piece/nfy_maincity/ui_zhuchenggai_xueyuanshilian.png.gz,28984a033b402df56b59c40aa48b2df5
F4FCC115BEE7718FDF9958C4A1CEFC46,3619,res/piece/nfy_maincity/ui_zhuchenggai_zhounianqingdian.png.gz,3c4a53f5fbb5c881d5d1d6ba433e6957
9D9F25220BA02A1BDBCF01D0B8F0365D,4536,res/piece/nfy_maincity/ui_zhuchenggai_zhuangbei.png.gz,5f98c52c9e616176f3d0733668d04cf9
C05DF376D434250767EF5421486175A2,459012,res/piece/nfy_map/ui_shijieditu_bg.jpg.gz,c305b6e8ef10c95f3b35b0ce6894afd3
095EA5402DA8A734DC59D35B32C516D1,305883,res/piece/nfy_month_card/ui_yueka_bj.jpg.gz,1e01b24034a33b723891580b59f51cb9
63156B0C65B081F159AD8E4A3FD3BF92,245040,res/piece/nfy_month_sign/ui_qiandao_beijingdiban.png.gz,efc121c87d8cb42e51f7cc8abac19468
FF4F95672F2A491D53279EFC98361CAE,305928,res/piece/nfy_month_sign/ui_yueqiandai_beijing.jpg.gz,85f151ace38b25f64be47196f5a84b38
422ACEA08EF61B3AEF27ED2A18597F4C,337626,res/piece/nfy_month_sign/ui_yueqiandai_juese.png.gz,0358b150a0d73dd09d42ae8911c6128d
7839FFA39A87C746A3D2153E1B7F84BB,287816,res/piece/nfy_month_sign/ui_yueqiandao_dikuang.png.gz,7a2a1ff6944d751c842d624500617fcd
75A96DBC11C8CF39DB921D2603DCCB7D,18610,res/piece/nfy_name_fashion/icon_daoju_taohuachunse.png.gz,e0f590444d2b3dbafc74739dab3d60cb
C03D84E8857DA7D7195B3C73E2E6A376,19777,res/piece/nfy_name_fashion/icon_daoju_xishangmeishao.png.gz,7d14a79a564b99910fbd3e87765068a6
3843F9610AE4DC91C3C0CB61F1DB7E77,853,res/piece/nfy_name_fashion/ui_mingchengkuang_0.png.gz,ccb195ea85a346c0d87146fd8657a135
2095537D008843E7120F4DCAB6E98D5D,7403,res/piece/nfy_name_fashion/ui_mingchengkuang_1.png.gz,63eda0d52bd07e0ceaf15dc11a72b4a7
08C0287CCF70EE0A9CE5970D45CF319C,11662,res/piece/nfy_name_fashion/ui_mingchengkuang_2.png.gz,1e5cb7fb6c70d4c669129a04dd872e70
F435C1AAC31549E2DF3B45890243B1B3,21954,res/piece/nfy_name_fashion/ui_mingchengkuang_3.png.gz,5ca6f38555f48e9d420358d33e8e20be
20E9D93579433A02A299A5E5A6F22EB5,11662,res/piece/nfy_name_fashion/ui_mingchengkuang_4.png.gz,1e5cb7fb6c70d4c669129a04dd872e70
B7759555E0ABA2061F3E5A2A93EF645E,11662,res/piece/nfy_name_fashion/ui_mingchengkuang_5.png.gz,1e5cb7fb6c70d4c669129a04dd872e70
2ED3087C76BAE51175B273371DD46614,6217,res/piece/nfy_name_fashion/ui_mingchengkuang__taohuachunse.png.gz,199b6a4ec0b2d74c6640d5ce7eeb900e
750FF0E9F06D6A6BED6DED0E348A5BC3,6570,res/piece/nfy_name_fashion/ui_mingchengkuang__xishangmeishao.png.gz,2ef5fd60e7eaee6522e312a8d3858df7
6C7260E8770ACD7CE2C720A03A7A7CC4,38477,res/piece/nfy_nest/ui_chaoxue_an_1_3.png.gz,cc36c11ccdc92e80d59dc9913ce6f9d3
C415BFF5FCD8A797DF609990D34DBDC8,40362,res/piece/nfy_nest/ui_chaoxue_an_2_3.png.gz,9517e96904c8da3bea294556ce64cf7f
E05D0A6FE77C0F0206D5CD75079EFE2C,38674,res/piece/nfy_nest/ui_chaoxue_an_3_3.png.gz,69817cf1038fbe4d1f6b4e36f41ff7bf
5D31752D7F6A6CC16270F378FD662E7B,37552,res/piece/nfy_nest/ui_chaoxue_an_4_3.png.gz,a322e753dbc93515a74f4af9b8e415f1
E683EF491FA3428D4AF1256B6195A979,419423,res/piece/nfy_nest/ui_chaoxue_zhujiemian_bg1.jpg.gz,0eed605a28ca785341126951614c4421
86FB395C8B4D2D35657D61505C29BD84,608675,res/piece/nfy_nest/ui_chaoxue_zhujiemian_bg2.jpg.gz,6b2ea50a3673cff0af72728311c37ed6
6B6C28192979E2F0135CD3FD07BD52EB,349368,res/piece/nfy_nest/ui_chaoxue_zhujiemian_bg3.jpg.gz,2a9c036c66fbda9b3170b3a447a1d60b
9FE5ED28213358E9479873FB53BAC029,617226,res/piece/nfy_nest/ui_chaoxue_zhujiemian_bg4.jpg.gz,5da93ee0462551c037dbd95b7741ebf9
2DD1EC9AEFE0E6BABC41EBCE6E7723FD,222222,res/piece/nfy_nest/ui_shouliexingdong_dabeijing.jpg.gz,0feb29813fa108f5912f8b3f60f0c373
B6AB3A44854FCA203FDEBFAE4A4B06B0,419423,res/piece/nfy_nest/ui_shoulie_beijing.jpg.gz,0eed605a28ca785341126951614c4421
F744D9BAFAF79066004FC23DEA4EF442,448285,res/piece/nfy_nest/ui_shoulie_beijing2.jpg.gz,8b6ebbc0720ee8d23468d698e5944606
9D67C9A9ECD4DAAAEE3763D8061D7874,408850,res/piece/nfy_nest/ui_shoulie_beijing3.jpg.gz,aec6c5e9403489ea9ddf32dea387e6b0
ACAAD25F2CF4B70D8C54227307B50F83,617226,res/piece/nfy_nest/ui_shoulie_beijing4.jpg.gz,5da93ee0462551c037dbd95b7741ebf9
609DD6ADB6320BAA71AA5C125FDD44F9,6339,res/piece/nfy_new_city_menu/ui_zhucheng_hud_dengjiyazhi_di.png.gz,0a0a59e633a8e0fc29263fbf80ef7379
C9C354623DEF42FB335D7259603A6BFD,794,res/piece/nfy_new_city_menu/ui_zjm_caidan_baisedi.png.gz,be9469e2ecfc3c0027b3c5e22826ec1c
ED37E55B0A3901485FC59ADB7F8EDCA4,878,res/piece/nfy_new_city_menu/ui_zjm_caidan_baisedi_da.png.gz,03c3eca0e5c9f188f65ee1ce302ca157
44029E6505FD8387214A2E61111148F0,1364,res/piece/nfy_new_city_menu/ui_zjm_caidan_baisedi_shan_chang.png.gz,9751dc78e557ae4a57fb811eee6be10b
D67141655854ED2154CCE3C5EF265E04,968,res/piece/nfy_new_city_menu/ui_zjm_caidan_baisedi_shan_da.png.gz,ede58d01fc2c8fbc04251e52080122c7
9A641C985744B2CC6ED8C640B481F232,1317,res/piece/nfy_new_city_menu/ui_zjm_caidan_baisedi_shan_fangkuai.png.gz,27e2a236ceb6015a64634acdd6d1f452
0FD0E41135EB439F29AECDC9247D1F72,971,res/piece/nfy_new_city_menu/ui_zjm_caidan_baisedi_shan_xiao.png.gz,a2f49eeb47bf8cfd97d89af17d2ecfd4
D1265F58AF6947DA09BEBE92BDE22E6D,949,res/piece/nfy_new_city_menu/ui_zjm_caidan_baisedi_shan_zhong.png.gz,3feb084755e981c0ee7523ef178d0f5c
10ACF8F2F13AA9F3FD7622E3554EE3F8,835,res/piece/nfy_new_city_menu/ui_zjm_caidan_baisedi_xiao.png.gz,63ff6fb37296de2377c13e52e13b85f0
B041CBD63EA4FFEF1A5F85EA1B902AE5,850,res/piece/nfy_new_city_menu/ui_zjm_caidan_baisedi_zhong.png.gz,8e2177ffa9ffbfbfa5987748c645abdb
E8B7D742CADC0F3A8447E0E69D8CBA8B,158393,res/piece/nfy_new_city_menu/ui_zjm_caidan_diban.png.gz,f941391f2db749a4bbffa4b008ceaec2
DB5086C62F20C4DA35F58BDE0231D048,20894,res/piece/nfy_new_city_menu/ui_zjm_caidan_touxiangdi.png.gz,e4df70fac6e5e626c383793b999cb255
C077F19BF4284104445C378891EB9A3F,845,res/piece/nfy_new_city_menu/ui_zjm_caidan_zhuangshi_huang.png.gz,7016eb6a86fe68ee66ca004b90786964
BE1416B007AA1197CF25075CB5F949CB,473555,res/piece/nfy_nian/ui_nianshouben_bj.jpg.gz,dd68770d9e1d3a55078011e4674978cc
B11AE04518D8ED6E730CFEC1D7E5CB0C,41172,res/piece/nfy_nian/ui_nianshouben_miaoshudi.png.gz,444421c09bb88a915b2bec710faa1094
729AF287D6E31E560BA295E2C4C3F1CF,687206,res/piece/nfy_nian/ui_nianshouben_nianshou.png.gz,ee3a2986492a7fe8560cf565544a634b
31C9695FB43685FC9F74ABC67D8A1775,1080,res/piece/nfy_nian/ui_nianshouben_zhuangshi1.png.gz,78bf4bedb065b84a47fedfb78d4f1e64
13111EEDB12214D33992131A7E265C63,774,res/piece/nfy_notice/ui_gonggao_hei.png.gz,b5e7ba950b62c72d9641f9c42c0690e9
CB5C55C9337EC6687604AFCA2E0D6970,2038,res/piece/nfy_notice/ui_gonggao_heidi.png.gz,8c5652a442f754d660f77bbbe9216a1e
0980ECA93582138DB7CCEEB68C728BFA,7565,res/piece/nfy_oddsWorld/ui_yijie_ditubeijing.png.gz,322eaad80f4b2c5b34f0b603ac55737e
3D81BAEE78DD3B4F78278417AB5E73A8,30929,res/piece/nfy_oddsWorld/ui_yijie_ditu_quyu1.png.gz,a99ed7cf499713fe96463c0b51ea1cf2
F92520759183B5AFBC494DAF6983C6C9,181457,res/piece/nfy_oddsWorld/ui_yijie_ditu_quyu10.png.gz,17d3c1d4cd7f826a934c0e317a435265
C32A8026B8FC98B2784B88685EFA12EB,81527,res/piece/nfy_oddsWorld/ui_yijie_ditu_quyu11.png.gz,93ef7636ee18e549e1d34a9b33734adf
12587DE73440673FCC37D464E336764E,84352,res/piece/nfy_oddsWorld/ui_yijie_ditu_quyu9.png.gz,aa9a34a1817d775959d7d56de2b0d2ca
558951B1D369011C695D0062CB9F2CD5,221816,res/piece/nfy_open_rank_reward/ui_zhanlidabipin_bj.jpg.gz,33eba1ae726dad5016cdf9b5c09f5b69
18FCFDD49C7ADE19C09D53833E1FC44E,614912,res/piece/nfy_open_rank_reward/ui_zhanlidabipin_renwu.png.gz,ac4216c13b5e1d4665beb687886f6e2e
E2177CA0D05776AC639C246CF6030317,312872,res/piece/nfy_partner/ui_huoban_beijing1.jpg.gz,f5b3e52458223193e5b9028db165e7cc
59F0D6CF48AC41F85AE213B1019A8D64,302265,res/piece/nfy_partner/ui_huoban_beijing2.jpg.gz,f0c83cd464852ad3e0b4e12de3b770bb
47AA6C15A66CE2AE13342B543B55D088,306049,res/piece/nfy_partner/ui_huoban_beijing3.jpg.gz,06cd55f81c3cac82555626ddb93a608e
305DD4CDE1FAE2BAC2C215848F7B4416,307709,res/piece/nfy_partner/ui_huoban_beijing4.jpg.gz,f48656d507c268859fd4c7eb60adbc9f
C009E06FA8262701A013A1512E521813,4217,res/piece/nfy_partner/ui_huoban_dianshi.png.gz,fdd49e821704661a28a953e07814806b
B016E2FE48F767341A19AEBB11077D88,906,res/piece/nfy_partner/ui_huoban_hud_di_cd.png.gz,2ac45452121f6b02cb0caef13e331aec
EAD6FAE0486ED5327552F9F68D7835F2,12003,res/piece/nfy_partner/ui_huoban_hud_di_tx1.png.gz,814877e5e52c77975c7f7e9b2d7cf140
FDCFDC1666382EA876001795ADDD3A9A,11099,res/piece/nfy_partner/ui_huoban_hud_di_tx2.png.gz,fe82dc334130d1f26c295832bd47346d
CCA145928BB880BAC54EEA3DA289B406,12295,res/piece/nfy_partner/ui_huoban_hud_di_tx3.png.gz,7c400e94459eefe2f0ed3858a4dc6b6f
3AA2373409BB834F8B9D1BB6F03DD8A5,10946,res/piece/nfy_partner/ui_huoban_hud_di_tx4.png.gz,845b52d87c5663454853800106981938
FF61C18D79602075654FA10257A36398,11634,res/piece/nfy_partner/ui_huoban_hud_di_tx5.png.gz,648925dfd87f71ca33247444b40d4e03
57179421FE145F54CDEAB06A18DEBE43,9974,res/piece/nfy_partner/ui_huoban_hud_di_zhujuetx01.png.gz,d7c9b1ccf95763cff990d59b525ea93f
2E37104E2B1D84A016A23F2CDF0345E3,11378,res/piece/nfy_partner/ui_huoban_hud_di_zhujuetx02.png.gz,b9d140f89861cff9ef08c18ca95c59ff
6AF5D625C2641D1336944EE5E076E892,11276,res/piece/nfy_partner/ui_huoban_hud_di_zhujuetx04.png.gz,e56c26cf944e846703380c6a902cec9d
81CFA33F3F49F90126D2FB10378EA1BF,11558,res/piece/nfy_partner/ui_huoban_moxing_renwu_1.png.gz,ac93b4072271870ebc096d54e06e32f3
3D942D8579C4EBF078813EC49B639CD0,14337,res/piece/nfy_partner/ui_huoban_moxing_renwu_2.png.gz,2b6bedb39a5b8995f36e9311cb829062
178FF90B83E905B47F32C4FE064DF606,11524,res/piece/nfy_partner/ui_huoban_moxing_renwu_3.png.gz,38a235442e4a48d7dcafc0ad0e2d2054
A0EA549B4689211FEA6A63C55674FA15,19976,res/piece/nfy_partner/ui_huoban_moxing_renwu_4.png.gz,002e2a8994f47fa9c4a6e77b71d6033f
80A6059C0689A4A90291F710B99789F1,321729,res/piece/nfy_partner/ui_huoban_renwu1.png.gz,066bdd6d39148cd20870f0b860f3267f
08C7943BEA160341B98E589C4AFF09EB,331557,res/piece/nfy_partner/ui_huoban_shengxing_guang.png.gz,87ddb440c6146f60160322fdc9c32612
68790044831485D4F2052F6A37805D85,19037,res/piece/nfy_partner/ui_huoban_shengxing_heidiban1.png.gz,6098c6b06b995d8d2b33d7c3f42a4b87
D6B16A9FDE86C764C069BB4C40594203,970,res/piece/nfy_partner/ui_huoban_shengxing_heidiban2.png.gz,2ecd5f434b5769043050b0c77a94dac2
F490149D11450178591F6167DB71D1EC,48537,res/piece/nfy_partner/ui_huoban_shizhuang_ailin_1.png.gz,06a08c540409634d197e9f556c5edfc7
76A9D6A6CF0EBEDF47D4CBEA329D390F,49581,res/piece/nfy_partner/ui_huoban_shizhuang_ailin_2.png.gz,e4d748344df6c4ce83c096098bb47e3d
FCE2859D5A1A2916B4ADF826BCC4AA8C,356855,res/piece/nfy_partner/ui_huoban_shizhuang_dadiban.png.gz,afa0413ea6f62dfb34e9081f04568fbb
EF80433A5F8AA1A9A96C05483EF3FE2C,38999,res/piece/nfy_partner/ui_huoban_shizhuang_heiyan_1.png.gz,53c68bb11f54e64b9f77beb3527cef25
AF79123B458828A81F7310D31D39FC96,53712,res/piece/nfy_partner/ui_huoban_shizhuang_heiyan_2.png.gz,744cdf680b4665575e4fe1698b71b1a3
54F2EF6DD528879309152CB6554B6D54,34345,res/piece/nfy_partner/ui_huoban_shizhuang_ren1.png.gz,5ca8c9bbce9ec175ff29dbe91e8ba9b4
AF7DBB2442E0A6E49514F4D909C9A5B7,33783,res/piece/nfy_partner/ui_huoban_shizhuang_ren2.png.gz,6100d74f267e874f113acdfb128da062
DD927F262515B35FA2F1ABC0CE385DFE,194814,res/piece/nfy_partner/ui_huoban_tujian_renwu_1.png.gz,f4c09b030a4bb8e338b4dce6ec580429
72D037C88445FD6BCD7848B4FE32C22D,200006,res/piece/nfy_partner/ui_huoban_tujian_renwu_2.png.gz,1f780e75756ef1fe0e343230fcfeddee
FB9323E953CDE33FEDBCD038431D57E6,216404,res/piece/nfy_partner/ui_huoban_tujian_renwu_3.png.gz,c855f31a88df9e6cb401867e8f5582c6
5430F1363F075593723250333382ADE7,181650,res/piece/nfy_partner/ui_huoban_tujian_renwu_4.png.gz,8692a2bd0d19e78011c361338ae3485f
AA501A94B8B058C2F49C2AE7D221514C,202096,res/piece/nfy_partner/ui_huoban_tujian_renwu_5.png.gz,be50aa69e5b387eca5b2443ac10d49db
7C5A0B5E0E5A1BDFD5A454ACC404CA29,156813,res/piece/nfy_partner/ui_huoban_tujian_renwu_hei_1.png.gz,856198a40516e4f28c2ebc8c04cf5dcf
CBF939EA61FD772919628060BBBEE77B,156281,res/piece/nfy_partner/ui_huoban_tujian_renwu_hei_2.png.gz,b70674d40aacc33b72637f86475cf74e
726137B0A9A17ADA5B88CEEB1A1C0A7D,21169,res/piece/nfy_partner/ui_huoban_tujian_renwu_hei_2_2.png.gz,af9cbc7cd6dd6626e51cd86781412889
7E5ECB3DEE014A6B6436C072745E8BD6,168567,res/piece/nfy_partner/ui_huoban_tujian_renwu_hei_3.png.gz,ffdf148221fd5a63bae167aa52b62a08
1A138ED33BE5C2777E1CC0680F77E2CC,21231,res/piece/nfy_partner/ui_huoban_tujian_renwu_hei_3_2.png.gz,f0d4d4077da22ecaa37ed12bc4156ad7
728B0C1A09721EC09301E1F6A35EFC2C,145982,res/piece/nfy_partner/ui_huoban_tujian_renwu_hei_4.png.gz,72ebbaa06cf5a94478c89d44a44aa2e0
67425B9D0720543458D92F1E065BB001,44282,res/piece/nfy_partner/ui_huoban_tujian_renwu_hei_4_2.png.gz,db2605d488c6bf90baaf983fae65cf2c
CD6A4060AE152E62A4AE2155D4777F81,161356,res/piece/nfy_partner/ui_huoban_tujian_renwu_hei_5.png.gz,603848194b2285ea31324fd7630f0793
1E179775FA8828EAA157A48E6061ACD9,45832,res/piece/nfy_partner/ui_huoban_tujian_renwu_hei_5_2.png.gz,338629ee8f5d9f37fe3d5c6326201915
4595695B017B8FBAAD892633442BA9D9,20500,res/piece/nfy_partner/ui_huoban_tx_1.png.gz,0e5b11514c8e4596d55b0b6f5f17e9e2
A2FFDDB45F609F3CE787C6A55B9FDA53,22907,res/piece/nfy_partner/ui_huoban_tx_2.png.gz,79481fb23759be1f57fdb994b08266e4
FEA3B30BEECA7FDCD534C6D87050A73A,2235,res/piece/nfy_partner/ui_huoban_tx_2_hei.png.gz,d9ee92e1398f5695e4daaf74aca9f885
A1DA09A201D3334FED39A44AC48C0891,24126,res/piece/nfy_partner/ui_huoban_tx_3.png.gz,e4eb45f549977067a10501c321808b55
D534BD8D426ECF912A93273EC316FF70,1828,res/piece/nfy_partner/ui_huoban_tx_3_hei.png.gz,289ae73bff9444e117e7857f91011a93
3EB9680497111E4AA574AF569AA97722,23605,res/piece/nfy_partner/ui_huoban_tx_4.png.gz,3e8da008cedfaa26681f43ec2c7460c4
9FF7BF9E99BEDCC40B84E6F1E2426FEE,2279,res/piece/nfy_partner/ui_huoban_tx_4_hei.png.gz,efa03b70c82c24b7a2d70abdb6e3f84a
92BAB49634F40FC46812811E6F207504,26958,res/piece/nfy_partner/ui_huoban_tx_5.png.gz,c11f94d99406c34c4af08845e08c6550
721983EDE4056AC795E7D5730D624AFC,2905,res/piece/nfy_partner/ui_huoban_tx_5_hei.png.gz,e99e9b5a9455fc2b1b4cbfcadca306e8
001666842B6527CDB2BDF5CEFA07D441,1719,res/piece/nfy_partner/ui_huoban_xingxing2.png.gz,1f958ecd71d4fcbefab8bbb186c210c3
0B330A819F5A8E0D6903447A6EAB419D,1875,res/piece/nfy_partner/ui_huoban_xingxing3.png.gz,e1e69fdc160b7b3fd64f3bf0c2936705
65BC4D77C5484A4B6BC8EEDA2C1E4A8C,287484,res/piece/nfy_partner/ui_huoban_zhanshi_renwu_1.png.gz,cad84af8b7d8b0d81bb653c257a2172c
144E5FE8A3236757A79888BAAFD75992,1143849,res/piece/nfy_partner/ui_huoban_zhanshi_renwu_2.png.gz,0b66a946295db92f786a90652e918f97
73E7CC3D597CAF70DDB3B911BBD16A95,444469,res/piece/nfy_partner/ui_huoban_zhanshi_renwu_3.png.gz,e083ecdc5455904a6ce030b9f33b99ff
B1CA8C70BE61B1FB2EAF9330383B07AF,621900,res/piece/nfy_partner/ui_huoban_zhanshi_renwu_4.png.gz,03775c9c4ad6cc51e3f97162eb81722d
7560BD8E8BB71DCB3AAE2E8AD51B0342,16197,res/piece/nfy_partner/ui_huoban_zhuanwu_3.png.gz,498c67a8771ca762d47d30ca05dcb71e
998E244FEE2F51E9E8A68BF41DAC8BAE,5977,res/piece/nfy_partner/ui_huoban_zhuanwu_diban.png.gz,3064a38178582f9077f02037775859ae
F896007293A3C8C93E8C6BAA5015C298,200115,res/piece/nfy_partner/ui_zhuanwu_renwu3.png.gz,592c551015073e0c0955c66bbbaed3b0
599AD083B1B2F8B7BAF1D91F31487D9A,1519,res/piece/nfy_partner2/ui_huoban_dangan_diban.png.gz,02057ff9d813e476f2e44b1606f0424b
3F1FBB569A152756784286E18C337BE1,258744,res/piece/nfy_partner2/ui_huoban_moxing_diban.jpg.gz,0e31af4da1c0b3a0b13dfefc0b58978a
7648CC73A6D22B0505254C7D3F5871CB,528658,res/piece/nfy_partner2/ui_huoban_moxing_diban3.png.gz,85b70751d4e45062aff1fec60afdf0cf
4598A9C939D5B772376143CD06F9066B,206900,res/piece/nfy_partner2/ui_huoban_moxing_diban4.png.gz,bcacb2b762c4f33521f9cebe435e8e6a
1007E3FC52B1D0F4B1BA456F3A6225B6,356855,res/piece/nfy_partner2/ui_huoban_shizhuang_dadiban.png.gz,afa0413ea6f62dfb34e9081f04568fbb
383F5B1CBD98D50B74BE8CA96D2FA6E2,329696,res/piece/nfy_partner2/ui_huoban_zhanshi_renwu_diban.png.gz,be7227344edf1f39449c7b351da5bdd5
BA8BEF3ED18CEAA3CB5C2E1EE2124707,334386,res/piece/nfy_passcard/ui_doushentatxz_renwu.png.gz,18e330b448b9dc857cf6bde044e9c3de
45B3FADE32D7721B072752ACCF5A539B,280914,res/piece/nfy_passcard/ui_jiexiantxz_beijing.jpg.gz,deb42157597178ddca912e8572d755df
E6C0CFACE1F990CA520C63333B397118,564437,res/piece/nfy_passcard/ui_jiexiantxz_renwu.png.gz,e03ac8af0c1b66fce4ff097609cb7753
BF028BF54FE144EFD8C0D6A8228A98B8,685152,res/piece/nfy_passcard/ui_kuangqutxz_renwu.png.gz,6edd9762fbf03ee5e6b5999ff0119c4a
B7F2268398082C3337E0D297D1CA0E8C,344306,res/piece/nfy_passcard/ui_tongxingzheng_beijing.jpg.gz,faaa670ea156f38c832826cc309bcd62
A1A71D78BE8C97A2D3A085EEB62390EA,405559,res/piece/nfy_passcard/ui_tongxingzheng_beijing2.jpg.gz,af35727875c4b744dc7cb6e8d6d14acf
DE5A4255E9B470C6340BB41CACF18C38,93751,res/piece/nfy_passcard/ui_tongxingzheng_goumaidengjidikuang.png.gz,ea32b1d5765f9f9bb78e1aa4522f0b0e
9B06415D4B21D8D1B080ACFA6342E819,267,res/piece/nfy_pet/ui_chongwujinhua_an1.png.gz,f8c58811aeac3a1e63ccec5694a91427
0F685AE15E740F58A38D75173BD406BB,183,res/piece/nfy_pet/ui_chongwujinhua_an2.png.gz,19bc8b465d60a70602d55800efdc4f73
1C3C9C99F2B73F32B4969E470B3D272C,2574,res/piece/nfy_pet/ui_chongwujinhua_kuang_1.png.gz,220c5231adb53c1ee1ef59c6b9653b92
5E61C11671567B66F201E389747A6080,1364,res/piece/nfy_pet/ui_chongwujinhua_kuang_2.png.gz,7aa538341b84afe1a47319c05f6dfadf
4A7538B4FD846287B98BE50FED15D29C,1269,res/piece/nfy_pet/ui_chongwujinhua_kuang_3.png.gz,beac4ec9bddbb80394dbe156981dc2e4
270CA4B1CC1655CED11846959241604A,1062,res/piece/nfy_pet/ui_chongwujinhua_kuang_4.png.gz,5ea5cde90e9431a31585e0413edafa96
7A87FE4021D944AE32FBADAD1AF7C6B8,189,res/piece/nfy_pet/ui_chongwujinhua_xiankuang1.png.gz,ab6dc9fa2ad7cd0cb0e71912df492c7a
6A087E0175FF27E17702C3EC04708FDC,263,res/piece/nfy_pet/ui_chongwujinhua_xiankuang2.png.gz,12581fb93d82f6c3ce4cee7b5f94623a
1615F180F6EE95F31B67BB7893941685,589,res/piece/nfy_pet/ui_chongwujinhua_yeqian1.png.gz,25d141e705c155b9d1af28577eeebafc
2F98EBF1BEEF00A13E851232F1F6DEE3,898,res/piece/nfy_pet/ui_chongwujinhua_yeqian2.png.gz,c855813e36b023fcdf4af7c2eb5d8481
740CEFAAD3869202980C7BDC7DCAEBEB,217319,res/piece/nfy_pet/ui_chongwu_beijing.jpg.gz,0f7a78ecb2d184adb9afd9199ee2b658
C04F4FF1F34419B55F8D2F8710EA9B5F,14059,res/piece/nfy_pet/ui_chongwu_shengxing_jibandi.png.gz,90ecbd68000441b044456b83e545f9ef
6834E259C5B6861E724C1FEDC6DDFD96,18811,res/piece/nfy_pet/ui_chongwu_touxiang1.png.gz,e182e08031715e9adb00a66eb31795c9
849FDF875DF4366832DF3B52BEBF3C49,297051,res/piece/nfy_player/ui_chakanwanjia_beijing.png.gz,493470d62fe6839ed9b154dbcb17eb77
91D6EEEA13CA7AC9F1720C2367C4CACF,220195,res/piece/nfy_player/ui_chakanwanjia_beijing2.png.gz,09ca26a7ebdc0723e442401831bd5e27
C94DDC6983E1E4CA54B0EB1C1D2032B7,281047,res/piece/nfy_player/ui_chakanwanjia_beijing3.png.gz,837f79512e2fdece2f5d34fee6f43583
70851F1F0A89AFDB037C5A05B5E4442A,261808,res/piece/nfy_player/ui_chakanwanjia_bj_yinengshi.png.gz,e633a2230ff79b5b4fa59d4de97b73b0
B5A597492A4AA9EBA5B7C28316978BAF,242273,res/piece/nfy_player/ui_chenghao_beijing.jpg.gz,3848e34ce66370da0f234a696df94db2
EB355D4685700DDFCA5FDFE72DDDB3C0,83773,res/piece/nfy_player/ui_longyu_beijing.jpg.gz,dca612bbfdd860995fdcb42e00b817a1
24EFB1A39F601A02CCB2EFA42C093AE0,100323,res/piece/nfy_player/ui_shizhuang_beijing.jpg.gz,07126df71ef16969c0eaff8b82584b94
DC48AB7989D59F27AA4412C1794103C4,101691,res/piece/nfy_player/ui_wenzhang_diban.jpg.gz,8988d2e1f4e367572eb9d2642d629c10
57228A51F61E435DD578A834ECD14BD2,237329,res/piece/nfy_player/ui_zhuangbei_beijing.jpg.gz,062dd5c52b8a8462167832683349d78f
5AA2201BBE51A77B9083C5CD912D7C0C,101917,res/piece/nfy_player/ui_zhuangbei_zhujiemian_beijing.jpg.gz,c9ce6c234e4d2b5cadcfa79fb632d1e0
3FA6EBB2D1E16E99EA734A5B69664385,87040,res/piece/nfy_potential/ui_qianneng_yanjiu_diban.png.gz,e6299b3c92dfd683500535fae08086c5
88206362161CC78B584A8E59A5919EE8,248357,res/piece/nfy_potential/ui_qianneng_zhuangpei_beijing.jpg.gz,a7a436723a9344e2e46823469361ceb5
E3DA575D8ECB8E0BC73B04F1624EEEF5,41648,res/piece/nfy_potential/ui_qianneng_zhuangpei_kuang1.png.gz,5781d5680817de29db28567017871b21
D11C720BCEE83B54BEC5DA5A184331D4,63333,res/piece/nfy_powerfindact/ui_tilizhaohui_beijing.jpg.gz,cc63758b73edcbb57503f0d7475af6e6
16B475A96C72B10A97D022BC77FEC5C6,90572,res/piece/nfy_powerfindact/ui_tilizhaohui_beijng.png.gz,8d072f9130576f8062f593175fdab479
4E32AA6373E154D4A64B8BA4EACCBF67,416463,res/piece/nfy_powerfindact/ui_tilizhaohui_lihui.png.gz,533466d3489da2a265bf7a2c18aac997
C6A942252DD88CDF853271EADC2B8E95,275658,res/piece/nfy_power_stone/ui_yinengshi_bj.jpg.gz,968bdb2080b4bb42cad646781a220fcd
B2F0754455BA1FD80673CBF80337C83E,21223,res/piece/nfy_power_stone/ui_yinengshi_kuangjia.png.gz,3a2b1855a3e579d5cfff492ed9439caa
3029824CCAF23F27D475D2F2189E5D0A,315126,res/piece/nfy_proving_ground/ui_shilianzhidi_beijing.jpg.gz,129acbd93d29b9256ee57b6f5d9f3c0a
ADFDA79C35079A70C0128BA5DAA6882F,57894,res/piece/nfy_pvp/ui_pvpgai_3v3.png.gz,5d28e5d6e99851f23b863303695d0d5e
542C9ADBFB9686044AE9C6444AD95DE6,339850,res/piece/nfy_pvp/ui_pvpgai_beijing.png.gz,ea16041991507afc95c1bd78716e6806
3DF1C89871AE550BD444DF9B23BDE050,69671,res/piece/nfy_pvp/ui_pvpgai_beijingdikuang.png.gz,21981825f8750d9fda4dd51d1764b9a7
A091B59EFFB10746AA6449A566924822,36900,res/piece/nfy_pvp/ui_pvpgai_suoding.png.gz,28d1c255d377ec3d4244238786ebaed3
5001C331613330AC8B8C359B33AE81B1,53770,res/piece/nfy_pvp/ui_pvpgai_tianti.png.gz,ea5927f43bbcce6f3858a37bf9e6bc18
ED916D39EF8BBFB355DE1B3C5338A63C,42154,res/piece/nfy_pvp/ui_pvpgai_xunlianshi.png.gz,40088a6b4d3c8bfbbb45caa4b0effd0a
A914FC31182ADDA60DBFA8E95EE7802F,45171,res/piece/nfy_pvp/ui_pvpgai_ziyoupk.png.gz,0c6284eba6c6cec905f12e34922e467f
24DBA421738A3F4A1C504338C0C6A506,161618,res/piece/nfy_pvp/ui_pvp_beijing.jpg.gz,d0501c597f95e0593fd82aeda28b659b
D73770C3C5FA99DA9B2B57A05FF6A487,246650,res/piece/nfy_pvp/ui_pvp_beijingditu.jpg.gz,70a0c1f6877e300d7294874f7a0da11e
8F14CD7CE4F38A5172E108B5947DEE6F,345352,res/piece/nfy_pvp/ui_pvp_beijingditu2.jpg.gz,28f98b76dc6b06394ebcb1a16b42f03f
EAB5E677F127EE3022C9C5D890D93C49,300079,res/piece/nfy_pvp/ui_pvp_ditu1.jpg.gz,5f37b68660ab71bf54c4f913aaa59f99
BE64165848B3DF60BF7BE95BD3D24A0C,64707,res/piece/nfy_pvp/ui_pvp_huizhang_baiyin.png.gz,2c4b8dd9a64866a5448392aacad64937
27D0481A7A677F74EB227264695B0E00,3276,res/piece/nfy_pvp/ui_pvp_huizhang_baiyin_min.png.gz,d79375a6192e498fc4760be249236d18
D284A5BD4AA95FACCD6DAD4E06EB1DEB,12184,res/piece/nfy_pvp/ui_pvp_huizhang_baiyin_x.png.gz,ff447937e3dc5218ca1d910de824f27c
A9A84317F7D313C18F9B0951AE5E29F4,96159,res/piece/nfy_pvp/ui_pvp_huizhang_bojin.png.gz,e58791c44c182d13940ae7a137157e6c
963D27DE89445A0C8F421DD8CB5E8629,3592,res/piece/nfy_pvp/ui_pvp_huizhang_bojin_min.png.gz,7d6dfac6c3d383b27ed7d40906455e1a
07B0800D29AAFED0435C131CA830F646,15376,res/piece/nfy_pvp/ui_pvp_huizhang_bojin_x.png.gz,30ceaa6501b74306157dfe3672e4b3b9
EC71CADD574F57972C1711DF5030140C,58797,res/piece/nfy_pvp/ui_pvp_huizhang_huangdong.png.gz,632d3394601436af15f68c1b8f491f08
6990B9EA5C6E87431BE75410CC7545E0,2997,res/piece/nfy_pvp/ui_pvp_huizhang_huangdong_min.png.gz,ec25245a07a66df8c398de8e7a3e440b
2FA54B737C612FD850531D146C132255,10837,res/piece/nfy_pvp/ui_pvp_huizhang_huangdong_x.png.gz,9233f1b2c57a9f344f26129427661e3d
46B23AB5828850DD7EE3F0927926F926,84565,res/piece/nfy_pvp/ui_pvp_huizhang_huangjin.png.gz,24e12b9d0b724e1f9080179374af1f16
F6F88027558EC92662B51B3285507DE0,3132,res/piece/nfy_pvp/ui_pvp_huizhang_huangjin_min.png.gz,fdb476d2721e1e6d2603158aac353f08
2B77A399B43EF584DF42F315FA31CB61,12801,res/piece/nfy_pvp/ui_pvp_huizhang_huangjin_x.png.gz,38fc8c942c68a6d3c00995e22d33e1ef
D9451118C8020A100FE041EA9E6FC8AE,151473,res/piece/nfy_pvp/ui_pvp_huizhang_zuanshi.png.gz,1195db8d726fb64a9c71bc03907774c3
45F5C5C0843112DEEE013B495413313F,3321,res/piece/nfy_pvp/ui_pvp_huizhang_zuanshi_min.png.gz,8bf400e3a4d2dca61ca19d87a3de815a
0DC50A752B3AD004A022FB8614F0F081,18431,res/piece/nfy_pvp/ui_pvp_huizhang_zuanshi_x.png.gz,f891989827b3a928fafc1f58358bbc74
62FBFD6D92B3B554E3EA6321669626F1,158056,res/piece/nfy_pvp/ui_pvp_huizhang_zuiqiangwangzhe.png.gz,81c1a8988d7540cb978206dbfe838e99
6A7A642ECEBBB9B90C262E6F1828EA2E,3426,res/piece/nfy_pvp/ui_pvp_huizhang_zuiqiangwangzhe_min.png.gz,65822503fe09ac63d0403feae79e5dc1
426BA9413FDDB44554068A80772251B5,18975,res/piece/nfy_pvp/ui_pvp_huizhang_zuiqiangwangzhe_x.png.gz,dc521791c82c36bb2408515c6f4b689f
3DAA6A0E094C09B74436C59DEFC5F670,3949,res/piece/nfy_pvp/ui_pvp_jiantou.png.gz,62906af20a62bf899e4dd8490a1c268f
5B5BC757610BAA1C6A042CA62FDB1469,72971,res/piece/nfy_pvp/ui_pvp_jiesuandiban.png.gz,fd1b169470e677412daab307efd010a3
A5A489B44935D5E60D3CE92C2E6B3857,49895,res/piece/nfy_pvp/ui_pvp_vs.png.gz,7ca3fdc4d69460af50e91cf5974ee817
3B6173F6A8B9AFA5A31C0448B7936924,67285,res/piece/nfy_pvp/ui_pvp_vs_guang.png.gz,8dc0b19fb1743e0b3dfadaa92c3d7c47
2D3D185FD1A7745D0DFB7EAE892475C3,451065,res/piece/nfy_pvp/ui_pvp_wodezhanji_diban.png.gz,42b0201005bdd9579e509cf6f2ce6200
515080788D0C49B87CC4B4365E8A5BF7,1689,res/piece/nfy_pvp/ui_youjian_dikuang.png.gz,959ce1ebc3941e8cc7b629efb2fe70ba
DED6507591D708D8E99C730E9ECDD80C,551344,res/piece/nfy_pvpsummit/ui_dianfengliansai_bj.jpg.gz,52cbe62c5a4acb9507c916fbe9e605f0
37A4CC3295B610C118873AA7AE7816F6,270722,res/piece/nfy_pvpsummit/ui_dianfengliansai_bj2.jpg.gz,9efa294f928cca27c7ff575759df29c1
907478AAE9EF495CBF84118197400523,694826,res/piece/nfy_pvpsummit/ui_dianfengliansai_bj3.jpg.gz,268aed9e62ca494da962636a5213e124
3A5D76BCE37BF48B18E920A8CF5D3D83,24309,res/piece/nfy_pvpsummit/ui_dianfengliansai_jianglidi.png.gz,cdda505f1d97cbbbedd8e548301001cd
4B8C0EDD5540B699A523D4810FD4C4F0,73584,res/piece/nfy_pvpsummit/ui_dianfengliansai_paimingjiangli_di1.png.gz,c83163271d5f625c5a9496045e685d48
20E56A4721D5BDF6398CE42CF826A0A1,158348,res/piece/nfy_rankinglist/ui_paihang_dabeijing.jpg.gz,3b47d39d132e12a9e97047b915ca69a9
F7C8CF41482FFE68FB32868274446DF5,766018,res/piece/nfy_ranktitle/ui_newtouxian_beijing.png.gz,367fad2850ed53dd6fb9e2dce4bdff51
BDB7E72A592FD8E80EAAE39CD62F5213,820,res/piece/nfy_ranktitle/ui_newtouxian_dikuang.png.gz,896baa7199735e362dad6a70b29734c1
65121DE21AA1B3559E6DC35D269623C4,4199,res/piece/nfy_ranktitle/ui_newtouxian_dikuang2.png.gz,0997dc1289653d157fa1757053d699c3
CD2D83D68E047FF2F155B0A9EC561AAD,250859,res/piece/nfy_res_find/ui_ziyuanzhaohui_bj.jpg.gz,3800e0de88eb36dd231d61b9d61452d1
18F36C2F6A75F7EE1A3083E31714AFD1,609324,res/piece/nfy_res_find/ui_ziyuanzhaohui_renwu.png.gz,77031514c60a4d9e82e2135e1e291727
137152B45D9210D734DEB3C9DD9CB48D,284060,res/piece/nfy_role/ui_jiaoshejiemian_beijing.jpg.gz,42174d4043bfda97504401487917bcb8
4753D50055EA1A843B73023562197262,347513,res/piece/nfy_role/ui_jiaoshejiemian_diban.png.gz,bad63e1e3d6333ac80ec53765c951bb4
0B6CD1627967F715A1A5AB588625C1DA,288364,res/piece/nfy_roomfight/ui_duizhan_bi.jpg.gz,cb9e01592884d0414ddc08cd57b46c33
CE065EC50D7144695C073C9647BB7478,436415,res/piece/nfy_roomfight/ui_duizhan_ziyou_bj.jpg.gz,98928535c0179f97e9b05c13d0c3314a
3DBE3E41AEC80280E4E24C1B11ACB3A2,250528,res/piece/nfy_roulette/ui_zhuanpan_beijing.jpg.gz,6a48acd8a5fd1c6b671d007a3c515add
B70591F68EE65FEC46F2133D65B05F21,488654,res/piece/nfy_schoolfight/ui_dianfengxiaoyuan_beijing.jpg.gz,5b4f8a320faa297f5b05aa98dbd153b8
0D6AD179B8B460ECBF06D4CD212E0E2A,464355,res/piece/nfy_school_build/ui_xueyuanjianzao_beijing1.jpg.gz,928e94784267abb10f49e8e8e99547c0
A5E224F8F4AE884339872B9719C21DD7,400290,res/piece/nfy_school_build/ui_xueyuanjianzao_beijing2.jpg.gz,f087764c99a4d781e31bd10e703ddd8d
51024EBD6FF14A62F9F99C119D4827B1,193872,res/piece/nfy_school_build/ui_xueyuanjianzao_beijing3.jpg.gz,464caebba4966c370fd2d0da0820e939
E85B7745DF3B508A2624AD0F9DF718FD,214000,res/piece/nfy_school_build/ui_xueyuanjianzao_renwu.png.gz,0835af31dcc783d390d1763d2ff765d3
CC5DB3C748D1CEED8F0808D7E9869080,1380,res/piece/nfy_set/ui_shezhi_texiao_sanjiao.png.gz,eefe15c62c5c70b2b001880f1336c621
32F225C173764CE8FBA619F8BB017316,1996,res/piece/nfy_set/ui_shezhi_texiao_yuan.png.gz,30962f2c6ae46153b37a9b2a636903f7
7B8F546D0D746624BE807AA3C4CF605C,8033,res/piece/nfy_shop/anniu.png.gz,910cefd1b96ec7692b864013e75913be
FE8CB78261C600C5C088B93091EFF86E,1492,res/piece/nfy_shop/anniu_tanhao.png.gz,8291042afa61128ba6c8d90f00d357f1
E7A8198B71A52BF7F032019B15BD96F9,1707,res/piece/nfy_shop/anniu_wenhao.png.gz,3bfc1692763d46470e6f472015e867ed
50368B0A44A3EF79D1526D3077E643F1,6167,res/piece/nfy_shop/b100refund1.png.gz,b5eb2a41686036ba74655c30d0ab4520
C99AA20E8B1BD8715C513BE1C3910CFA,7908,res/piece/nfy_shop/b100refund2.png.gz,f9d0769e6f887c0db7e53a8678328558
3728FC2207181604A13D8F088F1A72D5,8450,res/piece/nfy_shop/b100refund3.png.gz,b30b41b93a9d2d5779df4ac2bcea53b7
95850A66485CEA4548053BBF7B78EA4F,296415,res/piece/nfy_shop/bgt100refund.png.gz,557fe10ba9e99e915c449ced301791df
EBB33560F512E0E9F2108988D8871688,387040,res/piece/nfy_shop/diban.png.gz,731e1f760583088e2497928a27bcdc10
3772380E0B8A74635D2351433E1D604D,13792,res/piece/nfy_shop/kapian.png.gz,cea9a0f37c39bdff13ff664b8a3e1652
69F76EF3A4E566A622DC30F8D63268C3,1462,res/piece/nfy_shop/kapianmengban.png.gz,1ba99f62c968108a945b99c619f34633
3F71080C7F1EB0DFF330380A9E1E7712,431169,res/piece/nfy_shop/lihui.png.gz,7063b97c05b7868bece3fe831c7ad166
B784716A8A86454A69C75F06B0D442D6,904,res/piece/nfy_shop/shengyucishu.png.gz,cae7a8d0532e924ac5c27efdd50d3e57
5F9EE679172A0C8139E9EB0805F958DD,1980,res/piece/nfy_shop/tanchukuang_ditu.png.gz,5c2fbf6d6fe49caba88a57721c919cb7
D8555B65A5B43EBCF24DD81473CDC464,858,res/piece/nfy_shop/tanchukuang_shense.png.gz,7f9ab6046fc5f9b49a76a4875de1d4fa
D6FC984123489834A6E0D6A027DE272D,89504,res/piece/nfy_shop/ui_shangcheng_changjingtu.jpg.gz,4090aa01a0eb2418063fbd5732e754e3
EB099DB4F2462648D6BD21C97B962472,40196,res/piece/nfy_shop/ui_shangcheng_tb_npc_1.png.gz,6859535f28a9719899a9397ea2dfae8e
620C7255835E4EE39E4B074FE76459C8,33226,res/piece/nfy_shop/ui_shangcheng_tb_npc_10.png.gz,4609ef185863dafdfc27e67aaff60a0a
3A4BD005BC340CDFA4796E6C19B5BA2A,44961,res/piece/nfy_shop/ui_shangcheng_tb_npc_11.png.gz,d30a13b9adfd861303f7684811fc6dba
BCBC7519A32BDBE22D216B81B095C5FD,38093,res/piece/nfy_shop/ui_shangcheng_tb_npc_12.png.gz,76d81f9d7da8e779eae3538ccf111b2f
4D8D79381A47ACE41B0FDFC90DD236A3,55062,res/piece/nfy_shop/ui_shangcheng_tb_npc_13.png.gz,e3cbdc336fd10d2bed613a6e0ed77ffb
7AD876A8A616028296C12D80832BC740,51966,res/piece/nfy_shop/ui_shangcheng_tb_npc_2.png.gz,2c8e25b260d48957fd677ba63dddd5ae
5742B384EA080FA1A250FFFEEBCE6793,48260,res/piece/nfy_shop/ui_shangcheng_tb_npc_3.png.gz,991770361231d98d8608b226836e9666
0DA4250B779C4CF8FC14071F0A56025E,56502,res/piece/nfy_shop/ui_shangcheng_tb_npc_4.png.gz,46f3dd2153a835f1efc6c869439592f3
CE9ADACDB9D6FC7366A663CA070F8EA3,55204,res/piece/nfy_shop/ui_shangcheng_tb_npc_5.png.gz,8500ecb86ffa3b6ca97f763898ea754a
D2F909519F03860A3E4C3B8D49821AB5,50616,res/piece/nfy_shop/ui_shangcheng_tb_npc_6.png.gz,e9d20a9b7fac354704d0d43b17fe8619
1CE6238EF294480C95AE78DE2F8B0598,43070,res/piece/nfy_shop/ui_shangcheng_tb_npc_7.png.gz,9444100bfbdad3916155f712c3cc2c7e
B66DF69CE7DAA970011EF0D727A5CC81,36069,res/piece/nfy_shop/ui_shangcheng_tb_npc_8.png.gz,1a95fe584f41fa13ee37cf63feb1b385
2C5BA3A50D93BB24641A6CD22C39A5F4,78267,res/piece/nfy_shop/ui_shangcheng_tb_npc_9.png.gz,9a1efee64e2a01c48259bafc58975261
FD9CE6C545043EA73E3FC60591E586B3,164611,res/piece/nfy_shop/ui_zhongshentequan_beijing.jpg.gz,e718d586fadd6e153ebb115ccf2a8ddf
666EF4C16D1237A2A207E4CF7D003069,56303,res/piece/nfy_shop2/ui_shangcheng_beijing.jpg.gz,6d1c4e1f0410e20802e3239d8bda0661
FA1BD20D94847C4CA6C260850600B2C2,317442,res/piece/nfy_shop2/ui_xinshangcheng_dabeijing.jpg.gz,3d358c6ee1c978a4f73f4ddd4399de4e
462E3D541FF5EC94C9406BF7C1F595BF,112082,res/piece/nfy_shop6/ui_tehuilibao_beijing.jpg.gz,92ad92ed59d972ff368baf5efb471ecc
9C2817560023BAE1DF59AB553A60A5FC,12890,res/piece/nfy_single_charge/ui_lianxuchongzhi_baoxiang1.png.gz,1264922b786d825e8dbabb3c8f76e224
E578A04924933B308E488E13CD9D4F37,12995,res/piece/nfy_single_charge/ui_lianxuchongzhi_baoxiang2.png.gz,6a537f4d1311b3024228aedc4a2aac21
6D6681DA84165B268EB059EF5D6F47AF,13506,res/piece/nfy_single_charge/ui_lianxuchongzhi_baoxiang3.png.gz,da634e24dd654ed273ca71c316d85ab3
8A1DB4552C535DE7AA0D9801134C831A,17847,res/piece/nfy_single_charge/ui_lianxuchongzhi_box.png.gz,fc083a867c04ca4575c585aefd376ba2
3F4EE26A2BA154B32B379F3E0A809E9D,1117,res/piece/nfy_single_charge/ui_lianxuchongzhi_daojv1.png.gz,aa32c89e7ddb2ee114b9e9fa7940e0c5
6F4DCA68A7CFDF5B26CFB5AED9934DA3,14380,res/piece/nfy_single_charge/ui_lianxuchongzhi_daojv2.png.gz,130f0508edbc1d5e6447d54facc064e4
BE5E936AE44F8FFEF0C2CA9DFE03AD7A,2053,res/piece/nfy_single_charge/ui_lianxuchongzhi_jiantou.png.gz,3347578e52c56f98ef3d6c213fbe752d
E156AB451180668AE2D38A4E0E47B915,898,res/piece/nfy_single_charge/ui_lianxuchongzhi_tianshu.png.gz,f2e45c6cfd263a01ecf4418717c29361
20198C23E4EEDBF437B0406F4D200687,43587,res/piece/nfy_skill/ui_jinenggai_fengwo.png.gz,74e8459b9cfeafeaa9ca7233309f1623
766ACB98DE5B7ED6A60CA2FACE20F0FC,132503,res/piece/nfy_skill/ui_jinenggai_juese_nan1.png.gz,a23e88d4727972955f1ce9d1086f7a43
EA0DD3775D55F3A36C1DAF7F8637D276,138997,res/piece/nfy_skill/ui_jinenggai_juese_nan2.png.gz,ae6cab1938608e74f7cfef52717c9da7
9F2906C61A73056C3ABE761F621687EE,119455,res/piece/nfy_skill/ui_jinenggai_juese_nan3.png.gz,7f74e4e8d29cbe430350058dedb2179d
8428C27CD5C0B22E1EAB7432A152A44F,154724,res/piece/nfy_skill/ui_jinenggai_juese_nv1.png.gz,20e1fa4a655377a03b496ef8b79d390b
1728AB36B875F513FBA2E07A710DFFBF,148254,res/piece/nfy_skill/ui_jinenggai_juese_nv2.png.gz,54fd37ac8da3cd793630f2c5d70a09b9
A117B5B5AFCA686BDCE6EDD811315BE2,169775,res/piece/nfy_skill/ui_jinenggai_juese_nv3.png.gz,76cb809860ef96509060be1302ed3f25
D0BC3B7B606F46F1BCD8B30661FECFCD,118787,res/piece/nfy_skill/ui_jinenggai_juese_nv4.png.gz,11eeb7b42f213a199160924c8a23aa71
AFE0D3A4C974CA5E09FCFC2CB3843909,136457,res/piece/nfy_skill/ui_jinenggai_juese_nv5.png.gz,305c5f7bd4dc1fb75522dcc08ad5232f
60E70404B0E0A895BBAFF981339C8239,111019,res/piece/nfy_skill/ui_jinenggai_juese_nv6.png.gz,102aa4c4c7788adc7ae3e6dbcc27258a
B5F2C368274CFC5CA091C906AF8C3369,5535,res/piece/nfy_skill/ui_jineng_cuozhaobiao_1.png.gz,40c4623404607a7253761f41751b7489
7314D024766A814EBA841119EDEFD64F,4984,res/piece/nfy_skill/ui_jineng_cuozhaobiao_10.png.gz,b0c6ec8b0a8add4a9726b2f2874793aa
62A555C4B9B0B240790702FDD98B5BD0,4058,res/piece/nfy_skill/ui_jineng_cuozhaobiao_11.png.gz,0974d28aca5d55700024fd4a2ec00dd0
781474DC48E2D1CA814AD60F0214D369,4423,res/piece/nfy_skill/ui_jineng_cuozhaobiao_12.png.gz,ed6dbdf9b74155f4c6229c8f27dc04b7
B2E5ECFB6F3A95EE3E9F0D82A74169EE,4976,res/piece/nfy_skill/ui_jineng_cuozhaobiao_2.png.gz,8b701c4c00e0a0ce9ada7daa8c199e19
CB94ECF67DBCF943B1380411357FC185,4960,res/piece/nfy_skill/ui_jineng_cuozhaobiao_3.png.gz,5f6cffc2f1b74d8344bd5a41f059363c
955B3D3A648D85CAD041B1CCE287DCC1,4547,res/piece/nfy_skill/ui_jineng_cuozhaobiao_4.png.gz,8ac354b9159d44d73bb202930f5dc142
998786693B4631D9517C954C10D4C66E,4582,res/piece/nfy_skill/ui_jineng_cuozhaobiao_5.png.gz,4e0ccec443f41cbd90859387620fdf96
66478AC726BC5A452DD3301D6D5C09DC,4042,res/piece/nfy_skill/ui_jineng_cuozhaobiao_6.png.gz,f75a7578d4ea5a1339d63437bcb3fd0d
BBDBD11DA769ACB226AD23EF12D7FC99,3965,res/piece/nfy_skill/ui_jineng_cuozhaobiao_7.png.gz,10a9b0f171c5610b079ba53fdf6546de
EA186314E741B7214A3ACF69307DDE6B,4038,res/piece/nfy_skill/ui_jineng_cuozhaobiao_8.png.gz,1849038655297e1af8d317e4ade8a805
EC1F6F052DF716F9193F2A4515D69B70,5042,res/piece/nfy_skill/ui_jineng_cuozhaobiao_9.png.gz,9664e0f7a1dac50e38f8c81ca272ca15
ECC6B6259C4748264179F5DF5FF25BBA,69365,res/piece/nfy_skill/ui_jineng_diban1.jpg.gz,b052c44f60f80c512f29a5cf06e015ef
779468EE8057E4F562FBA6FD87A3529A,179590,res/piece/nfy_skill/ui_jineng_diban2.jpg.gz,c9584503b8957eda4fddf891ba2914d8
534A20DB556BDEA65DB34A97292F122B,120316,res/piece/nfy_skill/ui_jineng_diban3.jpg.gz,d16003060d8a2cf2ab2a6bb7cd2161e8
4FCC19EF24390C4ECF0CFB1D6E596E7B,25834,res/piece/nfy_skill/ui_jineng_gezi_ceshi.png.gz,61d4cdc518891b65c21ced7c2a4d4de7
D2FED24417E85B2586F43E53B5DDEEB1,137441,res/piece/nfy_skill/ui_jineng_gezi_fengwodi.png.gz,20a42de68ba9fe36cf7a530a59035d9c
818EBB4B8422E36E5EE5BB9B44FD1819,3988,res/piece/nfy_skill/ui_jineng_zhujiemian_gezi_bn_guanbi.png.gz,95d9bf6826b696d57fecb7f52194e499
45CD6448089D3186A03B80E43F5D64EF,15191,res/piece/nfy_skill_fight_icon/icon_jineng_cangyanjianshi_baoyanjian_f.png.gz,e44a347cd662b868c79a78e54e391b67
5CF38D274454B44D7778FF4F25299C81,14021,res/piece/nfy_skill_fight_icon/icon_jineng_cangyanjianshi_cangyanxuanfenggai_f.png.gz,ee01f6c356df35be3862b1561e164659
7259A6755D0D797D531F4771AD00E9B1,11714,res/piece/nfy_skill_fight_icon/icon_jineng_cangyanjianshi_cangyanxuanfeng_f.png.gz,fcb8105d13c192e131f3ccf005f11d11
4BCE66F2969A0AC9C2B6BCA129A029FF,14374,res/piece/nfy_skill_fight_icon/icon_jineng_cangyanjianshi_dianyebati_f.png.gz,c40a2685e1cab2afe5423310ca017491
876D9C14074CF3A5B8AACFA7BCFBE2B3,13301,res/piece/nfy_skill_fight_icon/icon_jineng_cangyanjianshi_dianyehuti_f.png.gz,606132d74e837ef0e87b1f920bd39392
262775687C26FBF92F4FC2C8CA33219C,13556,res/piece/nfy_skill_fight_icon/icon_jineng_cangyanjianshi_dianyequnhu_f.png.gz,d43478c1070a4121ff3eee7461c7a6a8
11066C9465A5C0A04047D404EC912902,16594,res/piece/nfy_skill_fight_icon/icon_jineng_cangyanjianshi_duochongbaoyanjian_f.png.gz,7f12fd52143adbdf061f532eb1492fb2
C6D46C0EB83D99F91B302978E8AB7747,12167,res/piece/nfy_skill_fight_icon/icon_jineng_cangyanjianshi_huoyanganzhi_f.png.gz,67521d2dc77eec850ed7defec00b7e13
E4A989A027E79C89395AF5170C7937DF,12910,res/piece/nfy_skill_fight_icon/icon_jineng_cangyanjianshi_kuangyanxiaokongjian_f.png.gz,9337d33519aec92a804b5c3c97589c4b
26D4527D54A75D28EA9ED2428D043AB1,15442,res/piece/nfy_skill_fight_icon/icon_jineng_cangyanjianshi_liaoyutianhu_f.png.gz,a685ebebd6424ef6d36070e48438e375
A2367BCC98FC5E92A522B17780B2A259,16681,res/piece/nfy_skill_fight_icon/icon_jineng_cangyanjianshi_pocangqionglongluo_f.png.gz,21083e944f185e679cb0398e2410e3ee
12AACF851C22FD30B7AD784003030A0B,14726,res/piece/nfy_skill_fight_icon/icon_jineng_cangyanjianshi_yanbaodan_f.png.gz,acb6cc296c8eccb1e4adbfc2b5005745
047294FF6F00624348ACE6CAD22799D0,12241,res/piece/nfy_skill_fight_icon/icon_jineng_cangyanjianshi_yanbao_f.png.gz,67a18c07d063f5d5c8b498806827ca06
CF407FF5E57705C7922EE42FA2C6983B,13927,res/piece/nfy_skill_fight_icon/icon_jineng_ciyuanlingzhu_huanyingjian_f.png.gz,55af21fd58876fd4554d37aca99ece45
A27D9A28F074E4EF124F450FE38CCA74,15894,res/piece/nfy_skill_fight_icon/icon_jineng_ciyuanlingzhu_miekongzhuixingjian_f.png.gz,8eef2dc5f1cc1044b180189157f808e8
295D75F8A00F1BD55DCD97345798E6E3,13372,res/piece/nfy_skill_fight_icon/icon_jineng_ciyuanlingzhu_shikongzhan_f.png.gz,ee9e375cb652520dbeaca485146e4d5b
8C2FFB01758CEC72294F5E0F4A0B3091,11147,res/piece/nfy_skill_fight_icon/icon_jineng_ciyuanlingzhu_shunyingjian_f.png.gz,880c602371501714f4b756d27a6878d6
BBD2F900F7E192CB11A51C51C8E1FB12,9931,res/piece/nfy_skill_fight_icon/icon_jineng_ciyuanlingzhu_xingchenji_f.png.gz,9bca6907b5294902585788d701fd06bb
902796498FDF512996CFBFFB8A43697B,11749,res/piece/nfy_skill_fight_icon/icon_jineng_ciyuanlingzhu_xingchenliulianzhan_f.png.gz,dee5dd9380d95a168cd2b66661225c5b
366B8F2D9C1FEFEBFFA4A5EAEE8137D1,10106,res/piece/nfy_skill_fight_icon/icon_jineng_ciyuanlingzhu_xinghenjianshu_f.png.gz,8bf5794a1a74eda654d521679d803f2a
6739E5B237B33A3CC33EC42C70FADEE8,15486,res/piece/nfy_skill_fight_icon/icon_jineng_ciyuanlingzhu_xingmanghuanyingzhan_f.png.gz,6e61b8aca4d797a1f1564b52b6dad406
058A592D68EE0DBD67AEEB2B67BB4B10,11617,res/piece/nfy_skill_fight_icon/icon_jineng_ciyuanlingzhu_xingmangliekongzhan_f.png.gz,f4e86c55e38c59399dea7b144b752b16
FC4ADA2AAA730FE3D9128A2DD561619A,16724,res/piece/nfy_skill_fight_icon/icon_jineng_ciyuanlingzhu_yingkongxingsunzhan_f.png.gz,3064f60d169f54c923e3331c3ff7e7f5
E68E09A9702FA0DB10670DFDD19C4813,11803,res/piece/nfy_skill_fight_icon/icon_jineng_ling_datoumao_f.png.gz,039632c78b1cf500bdf9f32d76c1b76c
4FDFDC688FB1CD8EA0F3D2E7FA80EB97,10515,res/piece/nfy_skill_fight_icon/icon_jineng_ling_dici_f.png.gz,2cde1d51533923cc82fba4d015c7d2dc
F3826946254EB084E6FA59E6DAE75C7E,9888,res/piece/nfy_skill_fight_icon/icon_jineng_ling_feidaoqixie_f.png.gz,13cc216e5b5865823bb5ee7e82ef3eaa
2A9D142322DEC0BC4B1D36462375E3E3,13634,res/piece/nfy_skill_fight_icon/icon_jineng_ling_guangchuanjifeijiao_f.png.gz,c1587dbd8f7dcfb82cc87dcbf7ef7a4b
C107D8B78BEF6EDC063E5360C9E1B785,11663,res/piece/nfy_skill_fight_icon/icon_jineng_ling_huiwuchuan_f.png.gz,07173210a757ad02792690b6c8c167c0
75DDEE56F5124DB8D5F5E6316708B9A0,14075,res/piece/nfy_skill_fight_icon/icon_jineng_ling_liandianciji_f.png.gz,b5b6955e91c3b5de3cf3b89102a76e4d
6D8E24D0E568A1556C6B14BCFE7BA004,12304,res/piece/nfy_skill_fight_icon/icon_jineng_ling_luanci_f.png.gz,57831ed44ec459d1a15a7947d5acac39
558FC18FFC264C86109EDCE5B86F00FA,12691,res/piece/nfy_skill_fight_icon/icon_jineng_ling_pugongwulianzhan_f.png.gz,2c370bad5e04513da287cd89c195a861
547F02C0CB521223682BE96C8604DFE4,10148,res/piece/nfy_skill_fight_icon/icon_jineng_ling_pugong_f.png.gz,cbf5c4e60c78b68398f699214b255294
C27BD6459E41342B10D43BA46220E5BA,10029,res/piece/nfy_skill_fight_icon/icon_jineng_ling_qianchong_f.png.gz,8d3cfca56485042543652ef9c9bf086c
40A9BDBA83FD52757CDDEA2D8CC452C9,13162,res/piece/nfy_skill_fight_icon/icon_jineng_ling_sanlianchong_f.png.gz,f9fc49c867ff54e89913c2a891c496bb
4EA51457EB28B1E5DB5239B6D96F1637,13776,res/piece/nfy_skill_fight_icon/icon_jineng_ling_sanshemoshi_f.png.gz,f57028bd842a18c05aa7b0bc643fbb39
78CB64F875E2DE1ACC5461321C5CB9CC,14592,res/piece/nfy_skill_fight_icon/icon_jineng_ling_shuangduanshunshan_f.png.gz,9aa5738f3f74b37ef35e3db4a142d73c
E4EF0EBBF68BB120C8960A2BCA02634F,11445,res/piece/nfy_skill_fight_icon/icon_jineng_ling_shunshan_f.png.gz,75e426d536c781a5fbc6251d6ee510d5
CA72D66A3AAF06958A10775E969F784A,11626,res/piece/nfy_skill_fight_icon/icon_jineng_ling_tiaofeijiao_f.png.gz,0dd00a0c8f152d9e1691e0ebcb24bac8
326C2CC0EDF525970D330A334D02BCCA,13145,res/piece/nfy_skill_fight_icon/icon_jineng_ling_zhijieyichuan_f.png.gz,6fa1fd981f777b9498269917e765958e
200164A631EED2B9E4F060E53B4B434D,14646,res/piece/nfy_skill_fight_icon/icon_jineng_ling_zhuizongdici_f.png.gz,afd844458a507838e1d8bc17056922a9
B1694FBD09C4A1DE3709F021773D5391,13349,res/piece/nfy_skill_fight_icon/icon_jineng_shenbingzhiyan_huanmoqianglin_f.png.gz,1a34b25f2cacb8b79dc2f43dae8e6576
8939CFD89BC8DD3D7AFFA74D13F30415,9464,res/piece/nfy_skill_fight_icon/icon_jineng_shenbingzhiyan_jiasuzhen_f.png.gz,b6fce794d023d96082f1f4a59726e8b0
B9029DD3EE3E55D741551EF69F55E3DF,11403,res/piece/nfy_skill_fight_icon/icon_jineng_shenbingzhiyan_jiasuzhuangzhi_f.png.gz,68c4e30327bdda13fa621cf6578cca47
D129D6E3247AC6DFF8336357F72F932A,13990,res/piece/nfy_skill_fight_icon/icon_jineng_shenbingzhiyan_jisufuwen_f.png.gz,71a7ed0979bd326c7400587f7b0cb581
0A1EF86289087741749E46F3E79955D1,14258,res/piece/nfy_skill_fight_icon/icon_jineng_shenbingzhiyan_kuangbaobingqi_f.png.gz,8522e64520ffdbdcf884269319e5828e
3DEF042BB4FF8CB441EC0961610DEE53,13058,res/piece/nfy_skill_fight_icon/icon_jineng_shenbingzhiyan_liuguangzhidianqiang_f.png.gz,5f21d39a8aec21d698dce91255abb879
0B31EEBE9E7892BD16CA70BA718FB095,14139,res/piece/nfy_skill_fight_icon/icon_jineng_shenbingzhiyan_pomiecangqiong_f.png.gz,71d90a40f3deeef2c7b6f09cc88694d5
5CC726EE08C657850DBB6D268627ABD6,13248,res/piece/nfy_skill_fight_icon/icon_jineng_shenbingzhiyan_qianghuajiasuzhuangzhi_f.png.gz,87e7b848b240ddbf86c63b72635124ca
3542349021CE57F4CC7C7318E0C16582,9158,res/piece/nfy_skill_fight_icon/icon_jineng_shenbingzhiyan_shenbinghuanxingju_f.png.gz,311cf84ef9c79a4e7bea9bdd77c91b27
BD387D2A023B5FF5C84716DFF6F6494E,13608,res/piece/nfy_skill_fight_icon/icon_jineng_shenbingzhiyan_shenbinghuanxingshu_f.png.gz,a6c876748073fb7d41e0f4427ddcafbf
A28C61C5D10BB7AFC2D92FB22523A32A,14086,res/piece/nfy_skill_fight_icon/icon_jineng_shenbingzhiyan_shenbinghuanyingquan_f.png.gz,12857357a83ef256c2c97519e8f7f855
526B40D21A9890A34875DC3EAF2262CD,13944,res/piece/nfy_skill_fight_icon/icon_jineng_shenbingzhiyan_yqcshenbinggai_f.png.gz,e6cec5af1b57ac0447617e3204b05fcf
66C73BB583F64187CE2E97D465AFE5FD,13516,res/piece/nfy_skill_fight_icon/icon_jineng_shenbingzhiyan_zhushenhuanghun_f.png.gz,51993249f11ff03b267e46a96935df59
C4D97B6CB19F572EC6D023D2190B1B09,14353,res/piece/nfy_skill_fight_icon/icon_jineng_shenciyuanlingzhu_quanshenguanzhu_f.png.gz,25f9c1ceaf2b9caf1f5126ee6e84ee51
812EF0DB9A01C1C4D276B32272A48745,15490,res/piece/nfy_skill_fight_icon/icon_jineng_shengyue_aoyi_liuyinghuanzhan_f.png.gz,48fd38169382588e20712c66270fbc7c
7BEB78BD49901365B443DAF002B4DECF,16145,res/piece/nfy_skill_fight_icon/icon_jineng_shengyue_aoyi_sanriyue_f.png.gz,03aaeab2a393886ebc753f986db758aa
60D29EF8CFDB3BD52CB35AF77E7B646A,15727,res/piece/nfy_skill_fight_icon/icon_jineng_shengyue_aoyi_shenyanlie_f.png.gz,5cbca170641b5aba41a324075f16b76a
D27028248EA3B346D106AFF6014E0AB4,13964,res/piece/nfy_skill_fight_icon/icon_jineng_shengyue_aoyi_yingposhan_f.png.gz,ba2c755ce2002c7586d87552e0f547ea
492C41D892BC2214DECDF2BECD976CD5,15912,res/piece/nfy_skill_fight_icon/icon_jineng_shengyue_baolieshenchen_f.png.gz,11cb447bd8803aa32ee77567a6aeb257
667C8E2A374F1906BA4F39F72BC8D7CD,14723,res/piece/nfy_skill_fight_icon/icon_jineng_shengyue_baolieshenyan_f.png.gz,a63b425df76241bcc20d3c2e2b266971
7D738FE65D3E7202F6F34C755DA7F7D7,14144,res/piece/nfy_skill_fight_icon/icon_jineng_shengyue_baolie_f.png.gz,ae9ce0843df2ba3f34c336af78d0f041
B582D7E8C4C97C7C598F0454DED5739D,15778,res/piece/nfy_skill_fight_icon/icon_jineng_shengyue_dacangyan_f.png.gz,180c58243f8c689a4a9d7e31bad3ed69
5D499DD20C460F48BC34BACDB6A3DC0F,16048,res/piece/nfy_skill_fight_icon/icon_jineng_shengyue_gai_huanfengzhan_f.png.gz,05e634f84ba4d3de28c62ae3936a1a6e
D90AD270929DB2FBAF9B33CB278215E6,15320,res/piece/nfy_skill_fight_icon/icon_jineng_shengyue_gai_jikonglie_f.png.gz,65edb617d5ae189719cd421a7bba72eb
EA7E65169CE36021308E4F332D83CA5A,14085,res/piece/nfy_skill_fight_icon/icon_jineng_shengyue_gai_kongyadan_f.png.gz,ce570d7890cb1d030a063c5744158e98
C0243D50C951FF536AD3D6808941AA86,15405,res/piece/nfy_skill_fight_icon/icon_jineng_shengyue_gai_poxiaozhan_f.png.gz,fc596d3373ebbe8c1961ff2c93e868a2
C290E521EA6C41E8BFD6909986D4D4B2,16176,res/piece/nfy_skill_fight_icon/icon_jineng_shengyue_gai_riyuezhan_f.png.gz,c0421612b2df6189e98e2d7402d69727
02B58EAE0E07D473988B1BE857648D6B,15144,res/piece/nfy_skill_fight_icon/icon_jineng_shengyue_gai_sanchongpo_f.png.gz,3da63b4369076429f66ef8e2d6339b45
3DD3884F211E0BEAE128D499E19D80B8,14413,res/piece/nfy_skill_fight_icon/icon_jineng_shengyue_gai_shanfengsha_f.png.gz,a75b5c8eb72442bec8b2bd590609437b
D999D058222D13EF0ED5D9DEE41368A8,12700,res/piece/nfy_skill_fight_icon/icon_jineng_shengyue_gai_yueyanba_f.png.gz,b73160b52591e2427aa5d3ba915ce9bb
7415D44EECEBE00D80E4DEE11CDEE51B,18204,res/piece/nfy_skill_fight_icon/icon_jineng_shengyue_huanfengzhanlie_f.png.gz,0229d625feec3eb64152f3457734f095
A4AB3FB52ABC1755F9DF3985A863C95F,15542,res/piece/nfy_skill_fight_icon/icon_jineng_shengyue_huanzhanwu_f.png.gz,0b05c69bc6508d0b83533367474ede4f
0B3FCCD7671D2F338649573E287506C7,14082,res/piece/nfy_skill_fight_icon/icon_jineng_shengyue_huanzhan_f.png.gz,fbcbb836bdd217d9777f9e1aac75fc5a
B99D944FAAF240F8797335CF713136B4,15731,res/piece/nfy_skill_fight_icon/icon_jineng_shengyue_jufenghuanwu_f.png.gz,cd748875e9d545a9655abe311872c9b0
B44C2F1961D02FED16D88DEB56A3353F,16813,res/piece/nfy_skill_fight_icon/icon_jineng_shengyue_kongyabailie_f.png.gz,0d5c4369a3285bebb6d509c83398c1a5
C097159175B8C08F74E0B3419D3FD7C3,13926,res/piece/nfy_skill_fight_icon/icon_jineng_shengyue_liuying_f.png.gz,392ea61110f47e223043efcf6ba52da0
85DCE4042FCB39DA87BBF7BB5AC8C2C9,19596,res/piece/nfy_skill_fight_icon/icon_jineng_shengyue_poxiaojiangyanxi_f.png.gz,74cbb37f1a092acf7b6bd3bcdb23645f
BF465364023158627F9D640A5A472CF3,17893,res/piece/nfy_skill_fight_icon/icon_jineng_shengyue_poxiao_f.png.gz,468b42e618472a9f5c89e4b13c424d7a
B5730E481E3B1036E8977492F88B14B8,12327,res/piece/nfy_skill_fight_icon/icon_jineng_shengyue_shanfengdan_f.png.gz,07534e2511265e63e18d2aebd98a7cc7
403BBD82167C7580160015977ACB19B2,14185,res/piece/nfy_skill_fight_icon/icon_jineng_shengyue_shanfengliandan_f.png.gz,9413845e009dae7f0c8688c0ea3f3f16
F4888E5F0376819C40B2E65A00841394,12898,res/piece/nfy_skill_fight_icon/icon_jineng_shengyue_wumingbaichongsha_f.png.gz,fb11ada017f8c932ebd1a0a8897d4e73
947DB1DA20F4784523C338D23C52E54F,14810,res/piece/nfy_skill_fight_icon/icon_jineng_shengyue_wumingshuangzhan_f.png.gz,7487b9d5088a92952f9365137b2986e8
65A39158A091BCD5199D2D06F0E33A0A,12796,res/piece/nfy_skill_fight_icon/icon_jineng_shengyue_wumingzhan_f.png.gz,609c5e89e05443292f094774c0edffbb
C03630DBB76591E4173BB62843B2BD9F,11715,res/piece/nfy_skill_fight_icon/icon_jineng_shengyue_yueyan_f.png.gz,5876c64a246788e1cd402abc10b8a0d6
A6E6B375835F1B436FE2F820D327C1A9,7528,res/piece/nfy_skill_fight_icon/icon_jineng_shenyue_badao_f.png.gz,46f23483574c46ce8608e98b8d2a8297
BF70AE19862E236DA72A7422AC12739D,14185,res/piece/nfy_skill_fight_icon/icon_jineng_shenyue_chongjibo_f.png.gz,6c3a647e2af244a14ef32ba281e2f8c3
14980B1FBA0321E4039F1ADA15AFC437,6079,res/piece/nfy_skill_fight_icon/icon_jineng_shenyue_erduanzhan_f.png.gz,ee3f2fa01c6e2521394a0e5e4741e210
79A66A5D3105924E909C080978CB9AEE,12252,res/piece/nfy_skill_fight_icon/icon_jineng_shenyue_pugongwulianzhan_f.png.gz,ec34461a18cf7d458614f2fbc33759f6
BB6CFF0086EE9ED9505AA37A5540A72B,10757,res/piece/nfy_skill_fight_icon/icon_jineng_shenyue_pugong_f.png.gz,45b34b69fd3c1b8c6197b1132def4ec6
B2B73C1DD5C3ADD884D62A02115EE192,11789,res/piece/nfy_skill_fight_icon/icon_jineng_shenyue_qianchong_f.png.gz,d9ba25a7e1a2418680aac53d763f93e4
FEAE1D4C5C4454014130A3FC051829A0,10512,res/piece/nfy_skill_fight_icon/icon_jineng_shenyue_sanduanzhan_f.png.gz,eae82a118eac3abe20673559170e1e21
9CED53EDE11795B379C8E7E618E4B7F4,10697,res/piece/nfy_skill_fight_icon/icon_jineng_shenyue_sanlianzhan_f.png.gz,e105e1b1f21d819343aa77b5ca6aa157
9DB7CBF4AB218CBAEA93B01712DB5033,9823,res/piece/nfy_skill_fight_icon/icon_jineng_shenyue_shangtiao_f.png.gz,de646454caee075aea4c9fe5a1426917
2063448EDC3144F825CCAE4CD13EF378,13718,res/piece/nfy_skill_fight_icon/icon_jineng_shenyue_shuangduanshunshan_f.png.gz,c1d403c6ec5e4be82037fa9207294c61
375C205F1FA9A43A18598475CA8AEFDD,10272,res/piece/nfy_skill_fight_icon/icon_jineng_shenyue_shunshan_f.png.gz,47efcc977cbc44db02d52534bf09a125
1D0C3579112209356A834CFC2786651B,11400,res/piece/nfy_skill_fight_icon/icon_jineng_shenyue_tiaopi_f.png.gz,3b1660c63aed14004702bd4a1b1113c0
176E461D3870831E02FE171A8ABC361E,11658,res/piece/nfy_skill_fight_icon/icon_jineng_shenyue_wuduanzhan_f.png.gz,ada0d06c6e2853ce6a800f1681a342ee
F12FB043AA19C1285AB2628A3A256D26,13632,res/piece/nfy_skill_fight_icon/icon_jineng_shenyue_wulianzhan_f.png.gz,d95e2b61cbe1e8c7fc66aba96cc288ff
FB9EDE367179EDD505BC546E1AE2F337,12356,res/piece/nfy_skill_fight_icon/icon_jineng_shenyue_xiapi_f.png.gz,f0b516a4ec59ea88b854358901ea287d
13412F2E1DC7DF1A4A1FCA325600D7F4,12511,res/piece/nfy_skill_fight_icon/icon_jineng_shenyue_xulici_f.png.gz,59f4dca84605558c0bf5bdf349f9bee8
F7587AC86409108C2EED0588C567A7FD,4467,res/piece/nfy_skill_fight_icon/icon_jineng_suo.png.gz,37245974e0e7034108732df9a03d7cf6
1CB945391DBABD0BFC31E6C0AC5ADFDF,12589,res/piece/nfy_skill_fight_icon/icon_jineng_tongyong_shanghaijiashen_f.png.gz,54fbf53e09b3ad2084228c69f09bc7ce
319D207AB3113E860175EA9D2B0BA9BE,17805,res/piece/nfy_skill_fight_icon/icon_jineng_xinpian_liangzinengliangzhen.png.gz,eb62ebcd8f379266be192d012e1903fa
5465690496C0035984A512B71E9E010B,19467,res/piece/nfy_skill_fight_icon/icon_jineng_xinpian_tianleihu.png.gz,f17675079ae1377a6d43e46fb75c2345
D5218F03EA4626FB66F4FBC7C2376144,13105,res/piece/nfy_skill_fight_icon/icon_jineng_zhuyingzhixin_chongyingshayoujigai_f.png.gz,69511dcb85d93573217ccc69554e3dc2
7931FBAB4314FB141BD1AF7341630CC6,11292,res/piece/nfy_skill_fight_icon/icon_jineng_zhuyingzhixin_chongyingshayouji_F.png.gz,a3efcb1d8b709a977c51c1d6592724f3
04E4688614449C69ECA47A4E4953C435,11294,res/piece/nfy_skill_fight_icon/icon_jineng_zhuyingzhixin_gengzongfengci_f.png.gz,02b97acd56d0028dba432a177dd58cb1
2F3CB63FB5E4F9322718650440CD2561,11003,res/piece/nfy_skill_fight_icon/icon_jineng_zhuyingzhixin_jiyingshafengci_F.png.gz,d106bce568ef8422819febfba89f6c5a
B77C5F69E749B3808886223D696FF065,11141,res/piece/nfy_skill_fight_icon/icon_jineng_zhuyingzhixin_jiyingshamoqie_f.png.gz,f824ba79a83b1eda7b9981fc342afe4b
0AB9E3ECD18E2984106B105177014420,13483,res/piece/nfy_skill_fight_icon/icon_jineng_zhuyingzhixin_lueyingshayingwuzhan_f.png.gz,9bdd66c7f3cb6a1db7705245888dce5a
97FB1846CBE48A943A94F5593DC8F289,13338,res/piece/nfy_skill_fight_icon/icon_jineng_zhuyingzhixin_qianghuamoqie_f.png.gz,c2b84d13cde5e225ba9e87490c3bc631
F4E4D895DAA519174C93DFA06F4C1EDF,13523,res/piece/nfy_skill_fight_icon/icon_jineng_zhuyingzhixin_qiangzhifengci_f.png.gz,c12d6062993eb0902f237b0bd02e1746
A41BD904E0A453FE52DF067259B5AE78,12722,res/piece/nfy_skill_fight_icon/icon_jineng_zhuyingzhixin_ruodianfangda_f.png.gz,05caff061e17041d522e2d6e3132e6b8
9153DD375BBD20BA53724B9A75A33FCA,12323,res/piece/nfy_skill_fight_icon/icon_jineng_zhuyingzhixin_suihun_f.png.gz,5d5649c1d9611b07a43dcb0085f3d483
EDE989D1B5D4687B86853FCF33348FEB,12271,res/piece/nfy_skill_fight_icon/icon_jineng_zhuyingzhixin_xuanfengci_f.png.gz,51c17f6cd27911844a650a0f23fbbd44
568D895C03D3CEAA7FACF6905E480ED1,13623,res/piece/nfy_skill_fight_icon/icon_jineng_zhuyingzhixin_yingjuehuanyingsantan_f.png.gz,3bebab0f55997daa794547513b2c802f
1FB4E1C0C551A57D12D11AC3C4B2FF9E,10032,res/piece/nfy_skill_fight_icon/icon_jineng_zhuyingzhixin_zhuyingshajingzhe_f.png.gz,29575fb038aa91a8b2fb5f29b4a6b092
68F41E3E69E33DF01452FE761F42F751,14077,res/piece/nfy_skill_fight_icon/icon_jineng_zhuyingzhixin_zhuyingshasuihun_f.png.gz,3817923aae9e274983083de51ad98b02
F1909026840F1096C0B8AED054EB05F2,17189,res/piece/nfy_skill_fight_icon/icon_jineng_zou_aoyi_feitianwu_f.png.gz,af17d6bfa675df3bec47162366e3f50f
E9B3D4187CD5CB7A6673816F44AB6D6A,18290,res/piece/nfy_skill_fight_icon/icon_jineng_zou_aoyi_shuangsanhua_f.png.gz,8575ae40c302a6a90eddeeb0965af7a3
FE506F749B62B652C8E4CA20472EA950,17069,res/piece/nfy_skill_fight_icon/icon_jineng_zou_aoyi_youmingji_f.png.gz,d1226cc66e061328c20c1e59580b66cb
FDC65B18A6437ABDC01137D0A9F42F08,13206,res/piece/nfy_skill_fight_icon/icon_jineng_zou_aoyi_yuyanjie_f.png.gz,92e02a6c7b3d79a65baf62ecdfdf57c3
DE5E586377567ABE4703530675630EF7,15790,res/piece/nfy_skill_fight_icon/icon_jineng_zou_baiyanjiangxi_f.png.gz,5717b8e56bf172a7a4363dba9035d68f
D169A56CB23ABB9C7614C8B3C46C9B08,13088,res/piece/nfy_skill_fight_icon/icon_jineng_zou_baiyan_f.png.gz,3f64bab6fc165fd3ccb8bd474a6f299c
CD798962F1F8F916AFDDE25989A82967,13911,res/piece/nfy_skill_fight_icon/icon_jineng_zou_chufeng_f.png.gz,c6d4e83dc611052232d34667c015fd11
CC99FE7BE575A4C00C44FF72CBB6F304,17534,res/piece/nfy_skill_fight_icon/icon_jineng_zou_feishandaji_f.png.gz,490220044f415c6a1ed687cb3f147572
82066D39ACC7458D5D8C4E4A89CF129C,16609,res/piece/nfy_skill_fight_icon/icon_jineng_zou_feitianxiazhan_f.png.gz,da498a656f762d5130c3cc98b4869edb
D44F4984FF6589B1CF8578B00E5C9B61,16660,res/piece/nfy_skill_fight_icon/icon_jineng_zou_gai_feishanda_f.png.gz,415f3167552fb9dbc9735c12aa4e8b11
70B18AA757393E2CCDE86D853E034636,12252,res/piece/nfy_skill_fight_icon/icon_jineng_zou_gai_juhejie_f.png.gz,da4638224ce41ba7a5578c36f7e733fb
7944C5FEC33F7040EADB4E4B38EA45F3,12418,res/piece/nfy_skill_fight_icon/icon_jineng_zou_gai_kongshanguang_f.png.gz,0e13c4cfbc6b93e7098ef7dbebd5442e
AD8555BDF05F4D6B143EA0D04D5DDF49,15450,res/piece/nfy_skill_fight_icon/icon_jineng_zou_gai_sanhua_f.png.gz,d2042abe5969b0c180650809c3e38988
47776BD2DA203271E58EC20E3F80BCBE,17181,res/piece/nfy_skill_fight_icon/icon_jineng_zou_gai_shuangmingzhan_f.png.gz,68c20883b493abdd5cf7ab879693a64c
D0861190B5C8B8EF2A88A544365838D8,18742,res/piece/nfy_skill_fight_icon/icon_jineng_zou_gai_shuiyueqianlie_f.png.gz,0eb1f0fcfe67b54c3e7f48a3ca5a993f
EA0C682F89EA9A6CE9D3647C7A69512C,16335,res/piece/nfy_skill_fight_icon/icon_jineng_zou_gai_shuiyuezhao_f.png.gz,43708b8159f815372a467dc4b5fa2900
54AE01B85282594B7FC93D9E15771030,13888,res/piece/nfy_skill_fight_icon/icon_jineng_zou_gai_yishun_f.png.gz,2a9fd89f56eed4f73feb40ea69a32ba8
B7F16D34A7DCBAB4C4633AF243F0761B,18220,res/piece/nfy_skill_fight_icon/icon_jineng_zou_gai_zhenkongshanluan_f.png.gz,9773119f6ed5909d2d7b745acda9c624
34AC1631321CBD0B68F33A41D0CC4FC7,15605,res/piece/nfy_skill_fight_icon/icon_jineng_zou_jiangyanbaixi_f.png.gz,083280def6cd94f7cd265cc04d72ac11
F1402CFF29EDA51FF07B5EA87E88D2F4,13867,res/piece/nfy_skill_fight_icon/icon_jineng_zou_kongshanguangji_f.png.gz,4c6eeca7a70752b5361c907c42d3277a
939F578521DD627E800E29999EF01CDC,16932,res/piece/nfy_skill_fight_icon/icon_jineng_zou_liufengwulie_f.png.gz,d857c24e044e8e86097865d6471a8486
5567AFF05BD736CF2DD06F364BFF46E4,15575,res/piece/nfy_skill_fight_icon/icon_jineng_zou_liufengwu_f.png.gz,d2efd26b36c6cbfb479e1f1db55fdf3f
DAE4E5338519BD07EC636B71855DD432,13033,res/piece/nfy_skill_fight_icon/icon_jineng_zou_liufengzhan_f.png.gz,050a1cfe30b735915222f8bd9d856def
D43731D379F1321147C97F5A24A05A06,13739,res/piece/nfy_skill_fight_icon/icon_jineng_zou_shanda_f.png.gz,2be668cd084a7da794677843f5187daa
1BC9CFE15DBFD2A6C404C12928DEB83A,16429,res/piece/nfy_skill_fight_icon/icon_jineng_zou_shuiyuepaosu_f.png.gz,36d3784263b13a4166c8ed41cf80060d
E3E8B1AAA7589D3CB83398887F0183DB,14204,res/piece/nfy_skill_fight_icon/icon_jineng_zou_shuiyuepao_f.png.gz,805743ad6f3c54f2d197369432d4fb5a
B96FA0E2CCD6E6C613F9BA6241C8F26F,17814,res/piece/nfy_skill_fight_icon/icon_jineng_zou_shuiyuezhaosui_f.png.gz,a6ee0d5528c404b36b781ad130a5dcf5
6826C15FD0FEF4700952C4382A6B5C51,15035,res/piece/nfy_skill_fight_icon/icon_jineng_zou_xiazhan_f.png.gz,b6b2381d9b1e944c8602a71b7aecc41e
17CB1FDF911A6B3526721FFBFF94202C,15538,res/piece/nfy_skill_fight_icon/icon_jineng_zou_yishunqianji_f.png.gz,7951d43c2d6e00fd285cb90234066938
44EAE67E8DAA9BEAA48E8D37BDDF428E,13938,res/piece/nfy_skill_fight_icon/icon_jineng_zou_youmingzhan_f.png.gz,d88cc215963084665bc8e65e1bfe4b3d
B2152A25A4463AABA868CED9E83740DA,8227,res/piece/nfy_skill_fight_icon/ui_xin_hud_jineng_shanbi.png.gz,1c59ea0ebf46c5be78d512812f9962ab
DE19B20C22074EA9071589365D90028A,8227,res/piece/nfy_skill_fight_icon/ui_xin_hud_jineng_shanbi_02.png.gz,1c59ea0ebf46c5be78d512812f9962ab
2BA64FDF2EBDC5D1264D7F29C2DC5B48,7519,res/piece/nfy_skill_fight_icon/ui_zhandouhud_zhengtuo_1.png.gz,351cb843c734c0288e5f15af24f1d7a6
5F6C09864A6B79A31F2B3D787DD1E131,12282,res/piece/nfy_skill_fight_icon/ailing/ui_icon_huoban_jineng_chuanxinchangqiang_f.png.gz,b4c2ea7312a78ac422672f97d7ed7fb3
C1BC2C8A07673FC8DD58D75FF8C127A8,10375,res/piece/nfy_skill_fight_icon/ailing/ui_icon_huoban_jineng_guojue_f.png.gz,07aa6bfab683637e879f0346fd918cf3
C44F0A534BB924FD3AAC7B33C7804F24,11806,res/piece/nfy_skill_fight_icon/ailing/ui_icon_huoban_jineng_hengsaoqiufeng_f.png.gz,a5055f08d47e96c443af6020b761dbcf
0938C3EE19C77CEDDD18AA07F474A51D,12374,res/piece/nfy_skill_fight_icon/ailing/ui_icon_huoban_jineng_juesuiyue_f.png.gz,708d03f6659acf053782955b627eee83
768D338FDFFF1E9C522AC7D6D6C96156,14870,res/piece/nfy_skill_fight_icon/ailing/ui_icon_huoban_jineng_juexingyun_f.png.gz,7d18d9e1948269e692b99ed6002de9e9
8639299BBB44951054B4424B2BCFEF50,13154,res/piece/nfy_skill_fight_icon/ailing/ui_icon_huoban_jineng_juezhuiyun_f.png.gz,79bab98fefdf74aba71cf6b981601e5e
6742624FCB1299BC3A71BD9BF7F6738F,11522,res/piece/nfy_skill_fight_icon/ailing/ui_icon_huoban_jineng_luanwu_f.png.gz,fb85ebf95bb73b3e6f87f1e78bde5bef
80A877AFB28E1637098D5B081A40C458,6625,res/piece/nfy_skill_fight_icon/ailing/ui_icon_huoban_jineng_putonggongji_f.png.gz,ef88525145a9257a93f25e9a9ff1b8ee
E0FF212923F4B94A21E5FE305786E37B,11892,res/piece/nfy_skill_fight_icon/ailing/ui_icon_huoban_jineng_qianchonggongji_f.png.gz,e0a65f89f500c82799b42feeefdc3c5a
A5621A71CE172D3CDB097BACFD4909F8,10124,res/piece/nfy_skill_fight_icon/ailing/ui_icon_huoban_jineng_shuangrenweishi_f.png.gz,4dc43def62cae687ab368e4d47bd4179
3B3AEF9549AD3C62CEB0587BD1A49F70,9733,res/piece/nfy_skill_fight_icon/ailing/ui_icon_huoban_jineng_suiyue_f.png.gz,eef66d4330d9c00cb7c7fc8aa8a7dce2
6ACB14E904E6E4FB413030175AD87EA8,11159,res/piece/nfy_skill_fight_icon/ailing/ui_icon_huoban_jineng_xingyun_f.png.gz,7d3e0e492dde73b297ff7976bc09d409
5FA095385C21558DF3B0CA6FF17533B9,9850,res/piece/nfy_skill_fight_icon/ailing/ui_icon_huoban_jineng_zhuiyun_f.png.gz,42699b3f00a2cba1a19d0eb9547fc14e
35A88585D640EAFB1BD4CFA8BC9751B7,13420,res/piece/nfy_skill_fight_icon/heiyansheshou/ui_icon_huoban_jineng_baoliehongji_f.png.gz,eadb714e6b38c7e81abeea01a8fd1fc5
6065C68A29B68CAD184112B9A3CA6713,23395,res/piece/nfy_skill_fight_icon/heiyansheshou/ui_icon_huoban_jineng_chao.luanshe_f.png.gz,fd0e4d84eaa61fb145870f41d5e55c86
22CBD8BA6B08EC5865AE09E3EB7857D2,20994,res/piece/nfy_skill_fight_icon/heiyansheshou/ui_icon_huoban_jineng_chao.qianyinpao_f.png.gz,cff133392afdbed13c20b04d020434d6
28256AC46843483C2A5CEFB6A32B6D07,13235,res/piece/nfy_skill_fight_icon/heiyansheshou/ui_icon_huoban_jineng_chaobiaoliehongji_f.png.gz,44f200245a362642227c20b8a1cacf2c
22F31BA7888E09EAB6852154F46E4685,7117,res/piece/nfy_skill_fight_icon/heiyansheshou/ui_icon_huoban_jineng_duoxiongzidan_f.png.gz,ff07bb991b280c91a060bf57319fdced
ABCC3CDC3C3FB47147589C8F4A11433C,7227,res/piece/nfy_skill_fight_icon/heiyansheshou/ui_icon_huoban_jineng_huimiejiguang_f.png.gz,95906cde34bd9bed0cb5f7ed6664a0ef
A6710B761EEB7D391090B51FB4340FBA,20086,res/piece/nfy_skill_fight_icon/heiyansheshou/ui_icon_huoban_jineng_huojianluanhong_f.png.gz,e095743254d170eb940da3441df117df
F59DAE8DF058FDC8DB569F79A69EBE22,11498,res/piece/nfy_skill_fight_icon/heiyansheshou/ui_icon_huoban_jineng_leiyusuoding_f.png.gz,06b2212c1cd1979b2bb2531c7849cf22
64FF2B84487663C754673F2EB0006C3E,22005,res/piece/nfy_skill_fight_icon/heiyansheshou/ui_icon_huoban_jineng_luanshe_f.png.gz,8b9731e46218ac370915e14b9edd8482
5D04885F867E0180DEEEDFE81C0042EB,8040,res/piece/nfy_skill_fight_icon/heiyansheshou/ui_icon_huoban_jineng_pugong_f.png.gz,61ffa5a24ebb147202c378bddd2c31b8
0CE9FD505CE498DDC0206857AB119995,7655,res/piece/nfy_skill_fight_icon/heiyansheshou/ui_icon_huoban_jineng_qianchong_f.png.gz,7d3a326965fb1d214cd84418c711a311
23D6B28275FF8225157A3E73120FD95C,15375,res/piece/nfy_skill_fight_icon/heiyansheshou/ui_icon_huoban_jineng_qianyinpao_f.png.gz,f81136e6e3018b0875d66afc63f0c770
74383AC98F7BAE185DD4764104F1E8DE,9746,res/piece/nfy_skill_fight_icon/heiyansheshou/ui_icon_huoban_jineng_siwangshexian_f.png.gz,8330e4131ee2073a707f912167ebf7c9
DF4B36097CD81B31317F67BB7D0A80CA,9516,res/piece/nfy_skill_fight_icon/lilimu/icon_jineng_lilimu_anguangpao_f.png.gz,cfe23f4af70fb6344d4d2b5ede52986c
ED4401EFA4681A9D63358E5801ABB66F,13658,res/piece/nfy_skill_fight_icon/lilimu/icon_jineng_lilimu_annengshexian_f.png.gz,7c7cba9b5dc4d60603c07a4eb1a60156
A87F190D628EC2A6DB1114E3CBFC65AE,14191,res/piece/nfy_skill_fight_icon/lilimu/icon_jineng_lilimu_benleipoxiao_f.png.gz,cbae7f557d4f2077ff9aeff92c57b3f5
3CBD8AB6C985188C9614F01174D7CDB9,15132,res/piece/nfy_skill_fight_icon/lilimu/icon_jineng_lilimu_erchongxukong_f.png.gz,d120dc1010c89d436ef0f9c97c44d2d8
ACA0C6E7BD10A60BA5A0359EC1E31DED,12406,res/piece/nfy_skill_fight_icon/lilimu/icon_jineng_lilimu_heianqiyue_f.png.gz,72afb37e8c54ab22e7186b71e4e0b792
8342D4DC439988AEE5F8934DCFE0B275,15105,res/piece/nfy_skill_fight_icon/lilimu/icon_jineng_lilimu_huanmoxiegui_f.png.gz,07691c261c70d3b7f80a87415f84a546
014A489F22539A15E07F2B601D46A7CA,15449,res/piece/nfy_skill_fight_icon/lilimu/icon_jineng_lilimu_huanmoyuanling_f.png.gz,637d2024e26de69f059998975afc4e03
C3EFD5AAC5AA74052A4026E388CD1B90,13829,res/piece/nfy_skill_fight_icon/lilimu/icon_jineng_lilimu_jianglinbaoshi_f.png.gz,101442a80d8a785811fd6cdd84111a67
EB5BC8195E8172DC2A6C771CE0335C5E,12128,res/piece/nfy_skill_fight_icon/lilimu/icon_jineng_lilimu_jianglinmoyuan_f.png.gz,3c903125518cd00af735a5d92eb42610
133A233FC314C4B717384ADB064050D8,15338,res/piece/nfy_skill_fight_icon/lilimu/icon_jineng_lilimu_jinlei_f.png.gz,63206c1c0ea6a896fbb805c10059ef35
FEBB6150AC8C043EB010B1742A15435C,16386,res/piece/nfy_skill_fight_icon/lilimu/icon_jineng_lilimu_juleihuohua_f.png.gz,c62cd4640064453cf9ccab90dcea3dd2
A36DF90988B33F22702471FB33A31D21,11562,res/piece/nfy_skill_fight_icon/lilimu/icon_jineng_lilimu_leiguangren_f.png.gz,d37e2afcbd2eb105b3cf109417a58371
CAD9E57AA68CC73BC51465FB4B6C78FF,12333,res/piece/nfy_skill_fight_icon/lilimu/icon_jineng_lilimu_leitingenci_f.png.gz,3c3b34ee38764984cb28f76ce976ec8a
AD1FC21EC35F4380BD6AD9C1112E68CE,14799,res/piece/nfy_skill_fight_icon/lilimu/icon_jineng_lilimu_leitingfengbao_f.png.gz,fb3e76de5fc474fc3f27587b293a3074
FDA1509BFA8DE5EDB436AEFC4596BAD6,12847,res/piece/nfy_skill_fight_icon/lilimu/icon_jineng_lilimu_leitingxunjie_f.png.gz,d1b26da1292254b9fb7d234e49e00b3f
FAA2201241C6C63FE0310AC3CAA3DCDE,18050,res/piece/nfy_skill_fight_icon/lilimu/icon_jineng_lilimu_liangziqiu_f.png.gz,e040b7031cc3ba0068acb7d29f2adb97
28467BBE814CED1809FD9F012D53B737,16634,res/piece/nfy_skill_fight_icon/lilimu/icon_jineng_lilimu_lizihuohua_f.png.gz,001675c82527c3b5a50bde8128d05137
E1B98C8B3B91709AA65F868E8F9AA541,15524,res/piece/nfy_skill_fight_icon/lilimu/icon_jineng_lilimu_sanchongxunleijian_f.png.gz,95f97595962457d0855be13e6b54da1e
0694A5E374F90EAF340B836A71D23BB3,11948,res/piece/nfy_skill_fight_icon/lilimu/icon_jineng_lilimu_shanghaijiashen_f.png.gz,e0c493dc59d0251975a3491d7856812c
477A494FDE071B5A42526CF719A6AED1,11755,res/piece/nfy_skill_fight_icon/lilimu/icon_jineng_lilimu_shunguangdun_f.png.gz,6e31097048754be0d9625316c2224d68
094DF0DEC8FD934DB53FF2137623EC39,15462,res/piece/nfy_skill_fight_icon/lilimu/icon_jineng_lilimu_tianjie_f.png.gz,8acd1db97384430ff8006f11eff1bc18
1DC47E5806D8C743B21B92BE4335EB03,12787,res/piece/nfy_skill_fight_icon/lilimu/icon_jineng_lilimu_tianleishan_f.png.gz,8a43041ded0fdf50e37e2e6985e91b15
CC0683CDAE3A74113CD7D74FC355BC6C,14396,res/piece/nfy_skill_fight_icon/lilimu/icon_jineng_lilimu_xielei_f.png.gz,4ded6cc805e4ebba048bd2e719c6cc46
E865282CC797D915F6DAA24087FDF33C,15809,res/piece/nfy_skill_fight_icon/lilimu/icon_jineng_lilimu_xukonghudun_f.png.gz,9fc55ea6200f3ced5e6c9332f0b02a90
F137C5DA27054EDC1EA3CBE6C0F952E6,12757,res/piece/nfy_skill_fight_icon/lilimu/icon_jineng_lilimu_xukongjinzhou_f.png.gz,30e4a293718a6f1e08d78bd5654a7427
42D41C1A8A7986B94FA480D40D1B2268,14022,res/piece/nfy_skill_fight_icon/lilimu/icon_jineng_lilimu_xukongxuanwo_f.png.gz,da95a1f8d1ada5f2bee48eec19d90b8f
898CAA05718CEBEE887A0D4598E48808,11271,res/piece/nfy_skill_fight_icon/lilimu/icon_jineng_lilimu_xukongyueqian_f.png.gz,43a3abebb31f4a85276a25e03b98254e
C77FD5811C7B4B7534D2F4BA59CD0807,13642,res/piece/nfy_skill_fight_icon/lilimu/icon_jineng_lilimu_xunleijian_f.png.gz,44c625824fed78f71d34329c6bab633f
3A6D40222C3CDEC84DE5327BBEAAE5FE,14578,res/piece/nfy_skill_fight_icon/lilimu/icon_jineng_lilimu_yanmieheidong_f.png.gz,e1e14549b1815cf5bf561b66c7d9a064
8ACC11AB3D5516D5B42FED96C853E31A,9751,res/piece/nfy_skill_fight_icon/xueshi/ui_icon_huoban_jineng_baoyulihuajiao_f.png.gz,e201a8625881f1ad869977e7346de8cb
3FBD4874C63876B257577556EEE2F6CC,18203,res/piece/nfy_skill_fight_icon/xueshi/ui_icon_huoban_jineng_jifengkuaida_f.png.gz,0f3967e5dfbbcc1e96623df0448074ce
911A0077E5DA23A37B233886D656ACBE,12065,res/piece/nfy_skill_fight_icon/xueshi/ui_icon_huoban_jineng_jintujinlianda_f.png.gz,f6da6fb791fd97f8bb2e65ce14a70a88
82EEBFA0BE66A50F12DFBC1AE0DF126D,12226,res/piece/nfy_skill_fight_icon/xueshi/ui_icon_huoban_jineng_juntiquan_f.png.gz,3e5dd4f602678416cc60be0b2aed2550
63D581B47A6F7D53D2865808C7390A29,11244,res/piece/nfy_skill_fight_icon/xueshi/ui_icon_huoban_jineng_libaoyulihuajiao_f.png.gz,1a51f27333617a8f53b05d50fc390839
C42004F1E64138F9BD25630BED9DC661,13276,res/piece/nfy_skill_fight_icon/xueshi/ui_icon_huoban_jineng_pingyihuabu_f.png.gz,454a2ff56e665ef3d1aabd06a8207460
6B43E6432F997D34C354BE385793113A,14875,res/piece/nfy_skill_fight_icon/xueshi/ui_icon_huoban_jineng_tiegu_f.png.gz,bfee09ebb120fcaa05fd24b4b53b7db3
0ECB788F3EFDD16AB3BD06600E910034,10054,res/piece/nfy_skill_fight_icon/xueshi/ui_icon_huoban_jineng_tujinlianda_f.png.gz,3d08b6734c9666be09fe6a776497d6b8
2AB6E91DF2F95D3D32A0A491D9483D61,10713,res/piece/nfy_skill_fight_icon/xueshi/ui_icon_huoban_jineng_tuji_f.png.gz,dd047a7797ccc15ff57b9576ec610cdf
07A3B8CE40D54745621B677D3494450A,8200,res/piece/nfy_skill_ui_icon/icon_jineng_cangyanjianshi_cangyanxuanfeng.png.gz,5cf0da39c38172149e909071746ce9a5
5C7C2A8784FCC77736F429783379358D,9115,res/piece/nfy_skill_ui_icon/icon_jineng_cangyanjianshi_cangyanxuanfenggai.png.gz,a240eaf79c0f1a2066841d32a229998c
69E5FBE39F42662B3FE2C455BEBECC75,12592,res/piece/nfy_skill_ui_icon/icon_jineng_cangyanjianshi_dianyebati.png.gz,de1e5eb5a3c8e620869566569f870e83
ACF06C064A41114B8F0190931510234A,12612,res/piece/nfy_skill_ui_icon/icon_jineng_cangyanjianshi_dianyehuti.png.gz,dfc56b55baac341c2b30868390f4f1ce
C275EB753CBC00C11AAE1EF0318B489D,12016,res/piece/nfy_skill_ui_icon/icon_jineng_cangyanjianshi_dianyequnhu.png.gz,f63a3f60d4484774e413ec9f654b8c31
686FB00940142CA4D3F872D82FED9683,11025,res/piece/nfy_skill_ui_icon/icon_jineng_cangyanjianshi_huoyanganzhi.png.gz,6ef342fe78fa586cb8f1e48f889960b7
ECC5951E757CB6AC76D1668311CBAACC,8069,res/piece/nfy_skill_ui_icon/icon_jineng_cangyanjianshi_kuangyanxiaokongjian.png.gz,f6dab2bdcb46b2b6b104cf27b912c137
262B24B4771A90282C3BE96949613026,10319,res/piece/nfy_skill_ui_icon/icon_jineng_cangyanjianshi_liaoyutianhu.png.gz,0e9383b8e04b884da13f296a93106dfb
3D28EE45B0EB93D6B5F377B424E5102E,11986,res/piece/nfy_skill_ui_icon/icon_jineng_cangyanjianshi_pocangqionglongluo.png.gz,e690b635113b8a84ba2cdd80abff00d7
DD133BCF88AF0943FFB0ABF81F41F24F,8813,res/piece/nfy_skill_ui_icon/icon_jineng_cangyanjianshi_yanbao.png.gz,278e5cca39a6cb7258e1f0636e47f732
56533130AB8E399771944489D6AB257E,10186,res/piece/nfy_skill_ui_icon/icon_jineng_cangyanjianshi_yanbaodan.png.gz,266b55e3edc1133c7adb125b5590c491
DA897F0B1863E98CD7334E364DD0D4DC,8893,res/piece/nfy_skill_ui_icon/icon_jineng_ciyuanlingzhu_huanyingjian.png.gz,0577586187cb2a894b09b024861af5e0
09546990BF5D159FC462B6CF275A079E,11729,res/piece/nfy_skill_ui_icon/icon_jineng_ciyuanlingzhu_miekongzhuixingjian.png.gz,ad92b014b7af1a7ff7409fd63125a2d8
D94AF7A61A8A30FCFC88096C90145C7D,8428,res/piece/nfy_skill_ui_icon/icon_jineng_ciyuanlingzhu_shikongzhan.png.gz,c0357a6ac7430a712690e18c31183a44
1C57AA4D098E8BB78E6BEFD7FA275982,6079,res/piece/nfy_skill_ui_icon/icon_jineng_ciyuanlingzhu_xingchenji.png.gz,31d775a09447984fa0d0c9a9d2880838
3ED78DFC81046C52141A5674BADFCB93,7207,res/piece/nfy_skill_ui_icon/icon_jineng_ciyuanlingzhu_xingchenliulianzhan.png.gz,87c79b686be01bf3e9260431834c102c
41ABA07AB7B046BB688E65F755B23808,5724,res/piece/nfy_skill_ui_icon/icon_jineng_ciyuanlingzhu_xinghenjianshu.png.gz,ba4bc745bd96f605187b03f64a0c7634
08C24D2CB457E583481962C7F03DC639,10097,res/piece/nfy_skill_ui_icon/icon_jineng_ciyuanlingzhu_xingmanghuanyingzhan.png.gz,f9b0bf0fe4abad0a9aaaf2510c435e40
C9CF2F0388A42372B154138AE76B3969,6674,res/piece/nfy_skill_ui_icon/icon_jineng_ciyuanlingzhu_xingmangliekongzhan.png.gz,755c91aa2af3075cd91997635f8d096c
D2A8F9AC686F963CE8B1E8DFF565BBFE,10086,res/piece/nfy_skill_ui_icon/icon_jineng_ciyuanlingzhu_yingkongxingsunzhan.png.gz,e2d2a0dcdcc6768c1946bcda5e530beb
4D4B4D08DED6515B0E552A8BBC543C98,6137,res/piece/nfy_skill_ui_icon/icon_jineng_ling_datoumao.png.gz,ea76df9616c9541c733f217d46a1d287
AB3DEE69B0AB51CC4770E55C6676867F,6366,res/piece/nfy_skill_ui_icon/icon_jineng_ling_dici.png.gz,c22551ecefaed734e018cebfb1dd5f3b
F4B0F45F4ED05A14B68D86DC6995219F,5482,res/piece/nfy_skill_ui_icon/icon_jineng_ling_feidaoqixie.png.gz,f1e39a7eadcd7164c4025f52e430af24
3D6A96CCD4759655499BBE864A5E1AC1,7051,res/piece/nfy_skill_ui_icon/icon_jineng_ling_huiwuchuan.png.gz,7ecea013d6deaab6bbed6c323af34e83
AFDA610F62CD1E5E747111FE9593CEE3,9343,res/piece/nfy_skill_ui_icon/icon_jineng_ling_liandianciji.png.gz,bbfd2b351455b92a0857fc5d6ea31cc8
C578CBC4143A980FCE5F807A41857CA4,8312,res/piece/nfy_skill_ui_icon/icon_jineng_ling_luanci.png.gz,fc8e1db37323f6ac7a689efb108573ef
8D87DC39623FD535F042131DF4D5BC99,5687,res/piece/nfy_skill_ui_icon/icon_jineng_ling_pugong.png.gz,c0df04caacd06e56fe01f5053ece34b9
57DC7DA0B4A326CC74549CCD5C3E1396,6928,res/piece/nfy_skill_ui_icon/icon_jineng_ling_pugongwulianzhan.png.gz,8c1e3fd64d5702d1192da282e75ae5f8
A401BAC4FE5089AEFE1E12DE023EB312,5941,res/piece/nfy_skill_ui_icon/icon_jineng_ling_qianchong.png.gz,1d9eeefb7e53f6bb5079f9fac66c9447
BFF84083EDA32570E26267982A469EFD,8248,res/piece/nfy_skill_ui_icon/icon_jineng_ling_sanlianchong.png.gz,0fd926f0ebe6e710dbe48caa9aa3540d
46A22672DF44F6A384F8CBD050945034,8135,res/piece/nfy_skill_ui_icon/icon_jineng_ling_sanshemoshi.png.gz,d60ab95ae044ac4542b76b6c88c25569
89644869DF6A7417601FE163C14D0740,6958,res/piece/nfy_skill_ui_icon/icon_jineng_ling_shunshan.png.gz,6927adcef8b6846c14b7cc6c59e8ead0
A29464572A78D6E128C9F48F5E7341BE,8140,res/piece/nfy_skill_ui_icon/icon_jineng_ling_zhijieyichuan.png.gz,245b0db65f08f8dfa48e2ecc4ed53a76
6BA4B0A152C992C64BA18B377164D4FD,9279,res/piece/nfy_skill_ui_icon/icon_jineng_ling_zhuizongdici.png.gz,69f34ba5615e060066456fe273b39ac3
6461B5FEE7FEADA16F2CBE14D6AAFBBC,9266,res/piece/nfy_skill_ui_icon/icon_jineng_shenbingzhiyan_huanmoqianglin.png.gz,9523566ad3c5083a226049965692888a
EA3913C9B22A3036261342ACFC4EDFC2,8644,res/piece/nfy_skill_ui_icon/icon_jineng_shenbingzhiyan_jiasuzhen.png.gz,d91259a59a8cd38fad77aa8fe6fc954a
4D39E781B3E2540CD56369A1126BEB3A,10683,res/piece/nfy_skill_ui_icon/icon_jineng_shenbingzhiyan_jiasuzhuangzhi.png.gz,7020b99aad76db9125226937a68c2762
28737977522C8229C0373EE9B2D4DFEB,9963,res/piece/nfy_skill_ui_icon/icon_jineng_shenbingzhiyan_jisufuwen.png.gz,c6c1e6416d69375273efe955e98f0fde
5A580E1E36BBF259C77D80F75780F33D,12465,res/piece/nfy_skill_ui_icon/icon_jineng_shenbingzhiyan_kuangbaobingqi.png.gz,433ae1cf78f685b774162ec34a7ec24a
C9284CE4BEDE19D7C4A39DF3D56219BC,12422,res/piece/nfy_skill_ui_icon/icon_jineng_shenbingzhiyan_pomiecangqiong.png.gz,8b00ecc93f5cc4e25d37fb8c4e005666
42580DC4C5E914D5D37119AFE05883DC,11643,res/piece/nfy_skill_ui_icon/icon_jineng_shenbingzhiyan_qianghuajiasuzhuangzhi.png.gz,1134982b1f6cb5b1fbbcc9078d53c9ea
D3E00418953768F8F3F8915D61A44918,8659,res/piece/nfy_skill_ui_icon/icon_jineng_shenbingzhiyan_shenbinghuanxingju.png.gz,b1db09309bbac918140c79e278f3aca2
6C94948A12CB644121963D8B43399B64,9712,res/piece/nfy_skill_ui_icon/icon_jineng_shenbingzhiyan_shenbinghuanyingquan.png.gz,b17f5fdecec4ce34e39108bfc348ea41
AB78825B6A0C5D8E4582DB12FD891F36,8609,res/piece/nfy_skill_ui_icon/icon_jineng_shenbingzhiyan_yqcshenbinggai.png.gz,1e915c4fab0f3d7bdbd0241ad0257334
BB559906C2F12B321F8BF6CF95CCBA1C,10066,res/piece/nfy_skill_ui_icon/icon_jineng_shenbingzhiyan_zhushenhuanghun.png.gz,e8f8740aa7cfba98de7e7315c8f06f10
AB29E5AFAF07F0C7415D0B31F087D378,12716,res/piece/nfy_skill_ui_icon/icon_jineng_shenciyuanlingzhu_quanshenguanzhu.png.gz,bc36d837a12e56fe6fa7390cb2925874
A7DECCEB76D1091F1FC49141E6E757B9,6957,res/piece/nfy_skill_ui_icon/icon_jineng_shenyue_badao.png.gz,376082b2349d1fa055c88761951076c1
45E730ED9E74A508D380A9183782FE6D,9354,res/piece/nfy_skill_ui_icon/icon_jineng_shenyue_chongjibo.png.gz,71421459d5c90c0f22655bab93c28f69
C8269984E440B3D28E652370BD88D537,5467,res/piece/nfy_skill_ui_icon/icon_jineng_shenyue_erduanzhan.png.gz,f18306c2b949144c41b6d158116ed60c
474A75C41832187941ED2C99D455E93C,6735,res/piece/nfy_skill_ui_icon/icon_jineng_shenyue_pugong.png.gz,7d12da0bbeb462245d5401226b49ca12
44F41F7CB5A6CAB7D1CE126C5E6C393B,7572,res/piece/nfy_skill_ui_icon/icon_jineng_shenyue_pugongwulianzhan.png.gz,2f5c6a49b85183ac2a208608460d8395
7A3AA49518C55DBD3370E6917AE26867,7339,res/piece/nfy_skill_ui_icon/icon_jineng_shenyue_qianchong.png.gz,9842113e7cbafcc9742b71db47a11bcb
5C97F96F038B73A3A7A5767F89CFCB0A,5947,res/piece/nfy_skill_ui_icon/icon_jineng_shenyue_sanlianzhan.png.gz,b60922ba80d5b75212cb62baeeb56646
17E45E72BBDE111D7BFEB73885CF78CC,5007,res/piece/nfy_skill_ui_icon/icon_jineng_shenyue_shangtiao.png.gz,26f13847898fe062b55812db1a99bbbc
8BAD72486AFE20160E94F194887CE60C,6124,res/piece/nfy_skill_ui_icon/icon_jineng_shenyue_shunshan.png.gz,19820f255c3225753c11f00a4a35d3f6
3EBDEEDD65DB1BCD482D9A3E66AB3B8A,8203,res/piece/nfy_skill_ui_icon/icon_jineng_shenyue_tiaopi.png.gz,b4fe28f8f95c9be601e6e7cc87296859
A7C8724EAB3E9F99772E96FD834170DC,7094,res/piece/nfy_skill_ui_icon/icon_jineng_shenyue_wuduanzhan.png.gz,22540b76ae77249f5f5a0356a22a5688
509A27387F8C63499B0D4A44BDFA35AA,7943,res/piece/nfy_skill_ui_icon/icon_jineng_shenyue_wulianzhan.png.gz,502a8949a3e19b91f109b3cba5b6419b
78FCB13A6EB85B2DD2758AF20F4C4C4C,8387,res/piece/nfy_skill_ui_icon/icon_jineng_shenyue_xiapi.png.gz,5b5425b4f5057be4142c3bd2cde0b045
D8589C1C2002A3397B50E49DBADCAB62,8134,res/piece/nfy_skill_ui_icon/icon_jineng_shenyue_xulici.png.gz,4032629c2fbf522e8460536c487e8e6d
DDD34519362E4C676037C8257024ABFD,7808,res/piece/nfy_skill_ui_icon/icon_jineng_tongyong_chaonengbafa.png.gz,dda778cbb8f60c60ecbc14e10d1a4708
9953261A467A9239C55A6EF7ADBCDAD1,7833,res/piece/nfy_skill_ui_icon/icon_jineng_tongyong_qianchong.png.gz,87c1336b614bb71de1731af01ae2d611
7275B835A629D8482F611336AEA335C1,6872,res/piece/nfy_skill_ui_icon/icon_jineng_tongyong_shanbi.png.gz,dfde0269cac685fb38373d61ed6f506d
A8F98008153F264B3A94DF2C5A4D062E,12085,res/piece/nfy_skill_ui_icon/icon_jineng_tongyong_shanghaijiashen.png.gz,68cd207373e11163624940896ce0a6c3
464E37F0740091D3F78113B50968CB35,17805,res/piece/nfy_skill_ui_icon/icon_jineng_xinpian_liangzinengliangzhen.png.gz,eb62ebcd8f379266be192d012e1903fa
4E70EFEEF3B6A3170640834F660F9E84,19467,res/piece/nfy_skill_ui_icon/icon_jineng_xinpian_tianleihu.png.gz,f17675079ae1377a6d43e46fb75c2345
75DDDFB21602B00BE7628831FC2F4945,5927,res/piece/nfy_skill_ui_icon/icon_jineng_zhuyingzhixin_chongyingshayouji.png.gz,c00a7a913c7ed820eb8cecdab76c4f75
BC44E79A412F4E4ECC60587EB4CF6638,6869,res/piece/nfy_skill_ui_icon/icon_jineng_zhuyingzhixin_chongyingshayoujigai.png.gz,9fd71877312004a5114fc3de4b8a7ce2
B0205F74369F5009BE6C146028DE820C,6384,res/piece/nfy_skill_ui_icon/icon_jineng_zhuyingzhixin_gengzongfengci.png.gz,d54a8a212135a072a7bc2fadefb96049
F113DADFB52699956DE0C152110E7D41,6988,res/piece/nfy_skill_ui_icon/icon_jineng_zhuyingzhixin_jiyingshafengci.png.gz,13052604667a21b07864a9d235526581
747D76037E3C0AB772E6241508B70A8B,7100,res/piece/nfy_skill_ui_icon/icon_jineng_zhuyingzhixin_jiyingshamoqie.png.gz,9992add3c2472d973f94770513044246
1BEBAE6EA4E8548316A1F4951293F5DC,8023,res/piece/nfy_skill_ui_icon/icon_jineng_zhuyingzhixin_qianghuamoqie.png.gz,0309af3af6771e6d312eb83f0942c9d7
57E08200CCEE3C19B0B42F6528739228,8162,res/piece/nfy_skill_ui_icon/icon_jineng_zhuyingzhixin_qiangzhifengci.png.gz,d2c5a4619940168648dfd5fe7c741920
0F8CBBF94BCDA71C09C29F47CF03F85E,11400,res/piece/nfy_skill_ui_icon/icon_jineng_zhuyingzhixin_ruodianfangda.png.gz,d4f8bc26b559a6c19401be7d2131bc01
EE81DF3EA1716F6A80EB7E8DBADEF3A1,7759,res/piece/nfy_skill_ui_icon/icon_jineng_zhuyingzhixin_suihun.png.gz,67518cc7feba673836f6b1763ec43357
1B8318CD49E41C55B3B44B359E109272,9296,res/piece/nfy_skill_ui_icon/icon_jineng_zhuyingzhixin_xuanfengci.png.gz,c097be6eee45719262a40555609ce9ae
DA83F57DE5772E3FB65776456BC72855,9770,res/piece/nfy_skill_ui_icon/icon_jineng_zhuyingzhixin_yingjuehuanyingsantan.png.gz,cd519ffa3558c48d7b2a18211138a79f
360D7E3757BB2A720AE750FE512F702B,6834,res/piece/nfy_skill_ui_icon/icon_jineng_zhuyingzhixin_zhuyingshajingzhe.png.gz,4cfc7374fffbc8544f7ecf732ee18e2e
03099DB2554B01D26958002CB2902F5B,12381,res/piece/nfy_skill_ui_icon/ailing/ui_icon_huoban_jineng_chuanxinchangqiang.png.gz,3a77cb33cda7e364d2b7ef769bea4808
374FC065C748F30A5E609988BF9E583C,10245,res/piece/nfy_skill_ui_icon/ailing/ui_icon_huoban_jineng_guojue.png.gz,40ba46202e6f56aa3a18c450f2c79048
92FB243E9A4D684F1ED0ACB49A97BC41,12213,res/piece/nfy_skill_ui_icon/ailing/ui_icon_huoban_jineng_hengsaoqiufeng.png.gz,b26aaa3336a06ec3edc26b374f197683
A2F1DD49E3EDD32252A2C91EC44A81E4,12301,res/piece/nfy_skill_ui_icon/ailing/ui_icon_huoban_jineng_juesuiyue.png.gz,52a16d5f9ebedf8843b9ab7bcc547321
FC7A6ED4F0F5D239DBA116F54598FCFE,14592,res/piece/nfy_skill_ui_icon/ailing/ui_icon_huoban_jineng_juexingyun.png.gz,76ce6e4e9553bdf4e1b49dd30a9bbdc6
E2A769B3A3826EDB56D88D3EE3FB1429,12986,res/piece/nfy_skill_ui_icon/ailing/ui_icon_huoban_jineng_juezhuiyun.png.gz,6efdbcd6ceb14aa3a08c248c507d4437
D26B0CA23AA06DD015EB74CC2B9DFEA5,12072,res/piece/nfy_skill_ui_icon/ailing/ui_icon_huoban_jineng_luanwu.png.gz,f254847a95d90456c7121ad5b29bb304
42DCB21434874F26368720C6F9322180,6505,res/piece/nfy_skill_ui_icon/ailing/ui_icon_huoban_jineng_putonggongji.png.gz,9bfe613782c0e23d4ed9179a8cad5793
C927661BE135878AD83978A87C845EC9,12320,res/piece/nfy_skill_ui_icon/ailing/ui_icon_huoban_jineng_qianchonggongji.png.gz,4cecf7d204245ceec41236a22d4aa74d
5008CE99D582B4964A793E13278354DC,10018,res/piece/nfy_skill_ui_icon/ailing/ui_icon_huoban_jineng_shuangrenweishi.png.gz,eaeac2683e61b7129507601fcaed2a31
FAD88E2AB558AF4A05AF1821C92D442F,9633,res/piece/nfy_skill_ui_icon/ailing/ui_icon_huoban_jineng_suiyue.png.gz,0c9787f574bdc98354bae294a18f9c09
98B23F1B86B27AFA00FD812BC7989A73,10921,res/piece/nfy_skill_ui_icon/ailing/ui_icon_huoban_jineng_xingyun.png.gz,39ef81b650e7b468d1b16dc4f0aee48d
82F2828E8568BDBF08EDB6BFA7FBC6DE,9466,res/piece/nfy_skill_ui_icon/ailing/ui_icon_huoban_jineng_zhuiyun.png.gz,3ee757e5277c269a5a63b865c4b798d2
BFE5D49D76C6EEF8CB38EAAF517651D7,21970,res/piece/nfy_skill_ui_icon/heiyansheshou/ui_icon_huoban_jineng_chao.qianyinpao.png.gz,157fd5161c52f06c79926d1050fc3cd9
7D3F8A340B332FB6D2EF9F34174CFCBD,6631,res/piece/nfy_skill_ui_icon/heiyansheshou/ui_icon_huoban_jineng_duoxiongzidan.png.gz,85daaf53dfb6aec9bb923310e8311013
388666CA574FD5CFABC17F98BC91BCDA,13937,res/piece/nfy_skill_ui_icon/heiyansheshou/ui_icon_huoban_jineng_luanshe.png.gz,b23ea5f9e92ec65601a50dfbcb4e3e9e
72851F8C2F9F8C15CE22C24F24252891,7582,res/piece/nfy_skill_ui_icon/heiyansheshou/ui_icon_huoban_jineng_pugong.png.gz,2df485a8275601528ce038cee2ff044e
D8982591EB5AF0244CFD440443D05EAB,6875,res/piece/nfy_skill_ui_icon/heiyansheshou/ui_icon_huoban_jineng_qianchong.png.gz,ae3dadbe3da233db8f8fdccf9e9dd123
E309B61A14D60E08422AE3103558F2B6,17853,res/piece/nfy_skill_ui_icon/heiyansheshou/ui_icon_huoban_jineng_qianyinpao.png.gz,21eb49e852b8800b6a278965e2148e0f
908631D130F07123A8DBD169E79C1F21,9345,res/piece/nfy_skill_ui_icon/heiyansheshou/ui_icon_huoban_jineng_siwangshexian.png.gz,fa1a8cfa5723416bb848f48e27f10174
24A36FB85F77792F1F3F52D57EB005F7,10385,res/piece/nfy_skill_ui_icon/lilimu/icon_jineng_lilimu_benleipoxiao.png.gz,d111594523ecd3635162e4c3a5b38f59
6A228381489FE5D570E98F3AF6161AFD,9659,res/piece/nfy_skill_ui_icon/lilimu/icon_jineng_lilimu_erchongxukong.png.gz,cddf628c688597f08998243226c69fcc
611B5C871720259932A13C62C4A18F1D,10275,res/piece/nfy_skill_ui_icon/lilimu/icon_jineng_lilimu_heianqiyue.png.gz,791f278ce03f3206f8463c91c9248a87
7654C51A21310E30AB1A3A52FCD645C4,9146,res/piece/nfy_skill_ui_icon/lilimu/icon_jineng_lilimu_huanmoxiegui.png.gz,bd8833977a6f2eaf33e101ee5a86c723
E65ED25A11A6D7D69BFA377D39855917,8917,res/piece/nfy_skill_ui_icon/lilimu/icon_jineng_lilimu_jianglinbaoshi.png.gz,c7b3628ec79495354b0c2c419b9781d2
3F8AC6FDF5D5D7AD3F53FBEF0DD3F7E7,7699,res/piece/nfy_skill_ui_icon/lilimu/icon_jineng_lilimu_jianglinmoyuan.png.gz,47fa30ec3a07c09800fbefafd5ad88db
4CCCD7255E62B802F961DC711F862572,12299,res/piece/nfy_skill_ui_icon/lilimu/icon_jineng_lilimu_jinlei.png.gz,0e1a6497ebac5a7f6b31669b2d16450b
A99EEC3B1FE88ADE9B5A46B65FB1692D,10878,res/piece/nfy_skill_ui_icon/lilimu/icon_jineng_lilimu_juleihuohua.png.gz,54499a414fa3d4120a164f54d91dee15
48C309578BCDD49B79F2B0DC675762B4,10831,res/piece/nfy_skill_ui_icon/lilimu/icon_jineng_lilimu_leitingenci.png.gz,340143debcf97e19019d2b0b4fa4dc4d
0C9D8F21626A61ADC8A2633EF6AF4B57,10511,res/piece/nfy_skill_ui_icon/lilimu/icon_jineng_lilimu_leitingfengbao.png.gz,7c31e0f3bbbefa3dba124d6a28741ced
39E3B367B3E52BD817DD883A5C808474,10276,res/piece/nfy_skill_ui_icon/lilimu/icon_jineng_lilimu_leitingxunjie.png.gz,2239cf3484a2ae380bda8b8371e75c17
796D8E19CF597B76086B2FAE15D67FF1,14872,res/piece/nfy_skill_ui_icon/lilimu/icon_jineng_lilimu_liangziqiu.png.gz,98444ef1ef8358482ff923d1ab64e98c
5631C2697E0357C0DF19B0F7157A10DF,14667,res/piece/nfy_skill_ui_icon/lilimu/icon_jineng_lilimu_lizihuohua.png.gz,a2e76d08ba1dc05eec7924538c24b19b
0AD517AE1A6C565503DFF5B787314A95,9603,res/piece/nfy_skill_ui_icon/lilimu/icon_jineng_lilimu_sanchongxunleijian.png.gz,e7a06fc2ad5aceb309d63701539a6ecf
1602FF3087C8FA82D64602D140DFAF52,10724,res/piece/nfy_skill_ui_icon/lilimu/icon_jineng_lilimu_shanghaijiashen.png.gz,656fdcd163aa0214c6d0a75e88ee6dfe
4392624E1C02B29800E2EEEB374AD300,10007,res/piece/nfy_skill_ui_icon/lilimu/icon_jineng_lilimu_xielei.png.gz,69c99aa01079f9df0ba18db9340cc1d4
AC792003B69384C8D1A30A3A4CACB48C,14947,res/piece/nfy_skill_ui_icon/lilimu/icon_jineng_lilimu_xukonghudun.png.gz,1f69ec212d3774bffec3f94c983fc945
6AD4ED14D678D39F4A3AEAA41557673D,10823,res/piece/nfy_skill_ui_icon/lilimu/icon_jineng_lilimu_xukongjinzhou.png.gz,aaa2901b1318f2d472193467b5cd2d0c
A0B6A1AF418EB50FC5D017433A95054C,7692,res/piece/nfy_skill_ui_icon/lilimu/icon_jineng_lilimu_xukongyueqian.png.gz,fea10919c40d2061c224462c6d46208c
7D0BC2EBFAEF6DA932F3955FAB9106DF,9427,res/piece/nfy_skill_ui_icon/lilimu/icon_jineng_lilimu_xunleijian.png.gz,fa4ab591b4ccba5e29225e4c0b9ce0d5
AC8F277DC3BD09EBDF873C6C349BE074,10005,res/piece/nfy_skill_ui_icon/xueshi/ui_icon_huoban_jineng_baoyulihuajiao.png.gz,a07d44e9662c96dc85b48c44b5129187
13FC3AC8F34B6CB6F6AAF7D5B4950EBC,21626,res/piece/nfy_skill_ui_icon/xueshi/ui_icon_huoban_jineng_jifengkuaida.png.gz,7a947e800332a2cc23fc84b7bab85d3f
4D10644E5AB9344294B4F301B514C0BC,12260,res/piece/nfy_skill_ui_icon/xueshi/ui_icon_huoban_jineng_jintujinlianda.png.gz,69b7a8202e648c48d6a0c31481d30dfa
5052009D77549616BD86855719150995,10825,res/piece/nfy_skill_ui_icon/xueshi/ui_icon_huoban_jineng_juntiquan.png.gz,516fbc14522bf23b64e2d964b167e8ed
F899614F0D4C6E388B22EC43980AFD25,11897,res/piece/nfy_skill_ui_icon/xueshi/ui_icon_huoban_jineng_libaoyulihuajiao.png.gz,27cd4cd7f9e7053c154490bf79086a9e
99D604163EF9CDA92ED143B10ECBDFA5,12521,res/piece/nfy_skill_ui_icon/xueshi/ui_icon_huoban_jineng_pingyihuabu.png.gz,f684a6ea6dc4b94912be8124be46c60e
2895FE6A31A952B4BD327FC58A8D38CF,16073,res/piece/nfy_skill_ui_icon/xueshi/ui_icon_huoban_jineng_tiegu.png.gz,31c7df978bca326d06da2e54a53792bc
501BF949D1B9FD51479989073F2015B8,8511,res/piece/nfy_skill_ui_icon/xueshi/ui_icon_huoban_jineng_tuji.png.gz,a385077b616541f51f0c45c0f8f8d50f
77A398F28BEE8F3AF4D10BE68D72AB32,10241,res/piece/nfy_skill_ui_icon/xueshi/ui_icon_huoban_jineng_tujinlianda.png.gz,959f8222dae19d16e3c7e7edf1ab79d1
E67A4188B60113106B275A7BCD4A484B,2950,res/piece/nfy_small_icon/icon_cailiao_juexingchongzhiqi_min.png.gz,0b4cc4a46873d68a0a2c78fd6d68bffb
4E0B8C67E3558C3ECD9CF99BC2E04AD4,2942,res/piece/nfy_small_icon/icon_cailiao_wuziquan_10_min.png.gz,15ac9aec7843e73ac363f5ac602f2c83
AC8BEA0623D285816DC4167C76B76A70,2850,res/piece/nfy_small_icon/icon_cailiao_wuziquan_20_min.png.gz,541af506dfd43205361e549ee237295f
F079CBD63CF2C4CBC77314A21B5DCBC6,2781,res/piece/nfy_small_icon/icon_cailiao_wuziquan_30_min.png.gz,a3e683cb6023756c396619fddccbb9b9
83DE0FBE8B4FA97489B52AAB9A13ABFE,2890,res/piece/nfy_small_icon/icon_cailiao_wuziquan_40_min.png.gz,093ce92fd9d9f6671b04e19876603061
896070D6373CA55D96456DE616780B07,2867,res/piece/nfy_small_icon/icon_cailiao_wuziquan_50_min.png.gz,9cb96d491ca2382108b7082b8ee88275
E3EFA25AA378F46A2F42752EEDDDD9D4,2839,res/piece/nfy_small_icon/icon_cailiao_xueyuan_mucai_min.png.gz,3c1488871800134a7b03a13fb2b45f7c
5402C38AC996351F7C41923A21EF5602,2709,res/piece/nfy_small_icon/icon_cailiao_xueyuan_shitou_min.png.gz,e42e9ad2dd2460676ba7d01385592ddb
39012CBA9613556AA20186FB8253071F,2895,res/piece/nfy_small_icon/icon_daoju_ailinbi_min.png.gz,9933df73724edcef008be5a95b2a7a50
5649F92836B3FA187ED2ABBA138B8833,2569,res/piece/nfy_small_icon/icon_daoju_ailinxunluopingzheng_min.png.gz,945ccb045edab3c86fa6be386351b818
57F1E28EBA14B3510548DA34F17C6C5D,2428,res/piece/nfy_small_icon/icon_daoju_baoshisuipian_fang_min.png.gz,dc193f964c75b83a7ce14986268c005b
8B42DB94B19590B75E4D2F33401F7D05,2826,res/piece/nfy_small_icon/icon_daoju_baoshisuipian_min.png.gz,dabcbf9adb87d3863e9a03dc07fe5b2f
056D63DF3122B4EEB45EC5648E2965ED,2184,res/piece/nfy_small_icon/icon_daoju_baoshisuipian_sanjiao_min.png.gz,7885720f9c70b47bc131f5b72219305c
008D695C639A34BC2FEAE089D237E3A4,2477,res/piece/nfy_small_icon/icon_daoju_baoshisuipian_yuan_min.png.gz,428687e2bb69d4428f270158e33459d4
A0C0DCA7210C0D890DEF311C39A115E5,3344,res/piece/nfy_small_icon/icon_daoju_bugeijuan_1_min.png.gz,094df5f596bee6dabaf3f8f261a57409
FF275B5B7FC8AD18C555451D89EF7724,3349,res/piece/nfy_small_icon/icon_daoju_bugeijuan_2_min.png.gz,89b8d9c7580a7eeba7fd2f21e87a863a
82E149B73C3F47FA8104BB6D96023A4D,3370,res/piece/nfy_small_icon/icon_daoju_bugeijuan_3_min.png.gz,dfdf52159816b31658aab2eab81de4a1
C9A54E228260B0CC2DAF39956E6024FC,3328,res/piece/nfy_small_icon/icon_daoju_bugeijuan_4_min.png.gz,38fa477ba40a8e65b56097a215559e5e
4927CD1F9E9DD08EEB6986FD3660B649,3348,res/piece/nfy_small_icon/icon_daoju_bugeijuan_5_min.png.gz,e18df512aec569cb6bca3d26d922a5db
CF1B4801245C5CBB74E8D3049778CB85,3204,res/piece/nfy_small_icon/icon_daoju_buji_12_min.png.gz,2e8ce096961efeeebb49392b3808814a
340A25EF44C0F715FAAB0513D8B01E05,2297,res/piece/nfy_small_icon/icon_daoju_buji_4_min.png.gz,9f2dc3155c23cc93b99b1ec6e90cee4d
C19E56F2C3C2AEA4E33C90F431EC7A9D,2636,res/piece/nfy_small_icon/icon_daoju_buji_8_min.png.gz,fba31b5a8f29b64fd1fbe47e48453b4b
340DF0D14FB54F3316D7C188ECCFA3AE,2833,res/piece/nfy_small_icon/icon_daoju_buji_huobi2_min.png.gz,5d2cf33172e9372b9cf96e725f83f9fe
0B4E7E3BF72FA4F9639405219D46EFA5,2794,res/piece/nfy_small_icon/icon_daoju_buji_huobi_min.png.gz,a5c28fc2933c8ec0b67189f6e16f9742
A8A9C18744A80C659304124C563E4BF8,3711,res/piece/nfy_small_icon/icon_daoju_chengtuzhi_30_1_min.png.gz,a6e8fb2535d513e18460d2dfa46cba39
EBA6938A67320E96F1A47D6438B9F4B3,3602,res/piece/nfy_small_icon/icon_daoju_chengtuzhi_30_2_min.png.gz,f4a19b078da91d9511023db84c4291cf
29F2E1968F8C32C12F58524A59834B3E,3690,res/piece/nfy_small_icon/icon_daoju_chengtuzhi_40_1_min.png.gz,cf3526c10dbfd2abdcd42776baa4b35c
62189FDECD430D6CCD9BE22E871BF71E,3585,res/piece/nfy_small_icon/icon_daoju_chengtuzhi_40_2_min.png.gz,99d09b29f6983e394fca7e4079497203
10970B1456BEB03A8A477EFF7424EC49,3718,res/piece/nfy_small_icon/icon_daoju_chengtuzhi_50_1_min.png.gz,86ed4a4ba3ed2418bc5a15067552ead9
E89B2E3E198D5EC37A44A59C9E336522,3579,res/piece/nfy_small_icon/icon_daoju_chengtuzhi_50_2_min.png.gz,a3b000a9606276002b4ccb182d1b788e
847128541190E99E36E1B5276F0657A4,3538,res/piece/nfy_small_icon/icon_daoju_chengzhuangcailiao_40_4_min.png.gz,f2016646c92c9641b92df7957b609237
BD9B866732C6B1363E492B39959B34A5,3197,res/piece/nfy_small_icon/icon_daoju_chongwuqianghua_jingshi_min.png.gz,7e3516334ab778aa87cef2faf0364354
10556B5A1CD6FC92EC12600B329563F9,3423,res/piece/nfy_small_icon/icon_daoju_chongwuqianghua_juanzhou_2_min.png.gz,8ff6aa4e099e22d7305f7e060453f7ff
080DE9182E2EE694117738BAAA51608B,2911,res/piece/nfy_small_icon/icon_daoju_chongwuqianghua_juanzhou_min.png.gz,9e253102c2b34d8e03d509f88b01c91c
E71B15758C09546AE839DD471D7717F4,2827,res/piece/nfy_small_icon/icon_daoju_chongwuqianghua_xingjing_min.png.gz,f62c21cb135d0f702ffa13d13973a9e1
8646F8343EF4EC24211507029F3346C6,3107,res/piece/nfy_small_icon/icon_daoju_chongwushengxing_min.png.gz,4668a916ac5f3d8e181060da5e8b5b63
7F7A673E3A2EA15A09793AED99EAB0F6,2209,res/piece/nfy_small_icon/icon_daoju_chongwusiliao_lan_min.png.gz,cef1687b9f02570fa74875592c8139c1
7A3251BB1616407439C4E9602FCFE841,2125,res/piece/nfy_small_icon/icon_daoju_chongwusiliao_lv_min.png.gz,7ea0aa0e5b26c166769480730307166f
B2338736A2C9EF2E1E4EFE43C049AB82,2833,res/piece/nfy_small_icon/icon_daoju_chongwusiliao_zi_min.png.gz,8b2c5b875aaf4bbdb877fc656bd0ee77
61DDEC7A89A3A54B58F3E6ED65ECA027,2832,res/piece/nfy_small_icon/icon_daoju_chongwutupo_min.png.gz,f5b5717106411017466ca82acd94a5ca
CFF6A1D346F168F883AA01349D01A7FD,3153,res/piece/nfy_small_icon/icon_daoju_chongzhishi_min.png.gz,61b88aef93b154f8e44f0a0b0e8b0e5d
8D50F9AD9D84AA2DC0EF8AC5F673837F,2963,res/piece/nfy_small_icon/icon_daoju_ciyuanshinengzhuangzhi_min.png.gz,ca578dea987efd373403374048c142a6
1D6EAD4B33BB8ABDB5B3E187C6A0EB20,2875,res/piece/nfy_small_icon/icon_daoju_fenzhuangduihuanjuan_min.png.gz,50ee5e5d9e7a06b360a346b61d3b10f9
D3A3DD9DB0EEB018E4BDB5A8B647E4F5,3201,res/piece/nfy_small_icon/icon_daoju_guangyingshi_min.png.gz,3fd5a06f7dc33ef4b51020e94af40cc4
7C29F3C54B94F90BB44D333D1DF92FA0,2990,res/piece/nfy_small_icon/icon_daoju_haoyouhuobi_min.png.gz,889191d8aa0a580ff79bfb39a9e095cb
AA3D2079528B0CDAA78988F6CCE7D7AB,3683,res/piece/nfy_small_icon/icon_daoju_heiyanbi_min.png.gz,0bb7a8dd67c0452b216af5e003a133a7
FDBD2BDDCE272F1A78B7EE22556DB341,3085,res/piece/nfy_small_icon/icon_daoju_heiyuecanpian_min.png.gz,b7776b8d4d5dccc53ce39c0b257524ee
6A7AC89AE91900A0974917AB64E83CA0,3246,res/piece/nfy_small_icon/icon_daoju_hua_hong_min.png.gz,84fbce33c4aac7de2c22d8009cf0cc47
B8A163440272E35E93FC9D8E5076D6F3,3276,res/piece/nfy_small_icon/icon_daoju_hua_lan_min.png.gz,1a6c4c181782244839b261ada1aece74
98096502901AB4419CEBC65D51BE6B83,3044,res/piece/nfy_small_icon/icon_daoju_huizhang_baishenyingxiong_min.png.gz,1bceb2cb0a598b42687d40371fc6aa33
98303D8AFBD270E20DAD6E5E668EA9F2,2781,res/piece/nfy_small_icon/icon_daoju_huizhang_baishen_min.png.gz,4a0e5c661a21bfed77d041be3b568615
AEA1B0C86FCA98979D8C59CAD6E15F3E,3086,res/piece/nfy_small_icon/icon_daoju_huizhang_xueyuanyingxiong_min.png.gz,f3e1b40ff03468352131a5c37a9577a6
81F0BBDE5A8DF8513E1C54FCF4B53ACE,2758,res/piece/nfy_small_icon/icon_daoju_huizhang_xueyuan_min.png.gz,f3bb0464e6926fb16adc500176a32a3a
A72A846E019DDD18C28C4261B3D863C4,2540,res/piece/nfy_small_icon/icon_daoju_jianfuka_min.png.gz,44865eed8f375103c88ca6679ac35002
A70DE880C686082025C991A9690875D3,2336,res/piece/nfy_small_icon/icon_daoju_jinengshuijing_min.png.gz,93e883f85adf35f32ff6a91e3e71ffc3
615856F40518E3B554B5F6D8CCD83311,2606,res/piece/nfy_small_icon/icon_daoju_jinjiezhuanyi_min.png.gz,78b1350167c0513ef78b2df7259ae598
7F05EE9C4AA427C3AC54C1CB37698429,2690,res/piece/nfy_small_icon/icon_daoju_kuangquruchangjuan_min.png.gz,45ae337eba121f01b09a08e70ba89b2c
D5DAB0365B135C1A4F681E70CB5BDC2A,2058,res/piece/nfy_small_icon/icon_daoju_liufenjingshi_min.png.gz,1629179cba985c73e2c10afccc4cdda1
6CAAF26DD70F5D05D0A4A2806D47CADF,2663,res/piece/nfy_small_icon/icon_daoju_manghe_min.png.gz,b6d933ae1cc6ec31ff6107fa021713f2
31D06146560F5724F1283353FF208175,3277,res/piece/nfy_small_icon/icon_daoju_mingjieheiqi_min.png.gz,74cdd74ea7baad461b075ac4c0a57fd3
A3B0AD22CB6C004A158171AC4C0AFC30,2420,res/piece/nfy_small_icon/icon_daoju_mozuxilianshi_min.png.gz,13902a6d8050c33e2510c6fe4ce4076d
E28F7F38E0CEDA9722005330A985BF78,2732,res/piece/nfy_small_icon/icon_daoju_niudanbi_min.png.gz,9dba72b7a8f97a09c909d57abc9eaa1b
72502BFBF3B3242E94019B61C9FA247B,2856,res/piece/nfy_small_icon/icon_daoju_niudanbi_s_min.png.gz,f76b5138c25d382e3e9699589ecd3553
34016AB5E4891EAA502E20C9C8AC42A3,2552,res/piece/nfy_small_icon/icon_daoju_pansuopingzheng1_min.png.gz,220b9781bf26ca2f45ef2538051ef6cc
504F3B6D72B4B5A1702C8F7572C554DB,2604,res/piece/nfy_small_icon/icon_daoju_pansuopingzheng2_min.png.gz,4c770164784e93d04b555eb4a2bafdd0
A3F2E746B9B87B3F226E59D85173B1EC,2613,res/piece/nfy_small_icon/icon_daoju_pansuopingzheng3_min.png.gz,15c9e02653445e1151ecf2c65feb7c21
AD24FC127B7CDB7D170AAFD124CA30F7,2633,res/piece/nfy_small_icon/icon_daoju_pansuopingzheng4_min.png.gz,4f4e718dd661ace7e8510fcff85a9a3a
3F8F953F5075D2308542CC428F9A2F9A,2867,res/piece/nfy_small_icon/icon_daoju_patahuobi_min.png.gz,23a4c69d4a10b1db257121b982ce01ce
7B321072E339B18BB41BD94FECFA5960,3533,res/piece/nfy_small_icon/icon_daoju_pinjitiaozhengxiang_min.png.gz,8ed90eadf781ad0561ef33a1503295f2
8897CC9ACC14E75FB307DD771168C521,2876,res/piece/nfy_small_icon/icon_daoju_qianghuashi_fang_bai_min.png.gz,8387508fb318bf9db01e37ae5305ab85
9D6C87BF54CDBFC6A6401C550E0CA8ED,3253,res/piece/nfy_small_icon/icon_daoju_qianghuashi_fang_cheng1_min.png.gz,11702089340aa2583a3561900015f0a4
44A25E8F9FBD79134968A34BEEFFBF95,3254,res/piece/nfy_small_icon/icon_daoju_qianghuashi_fang_cheng_min.png.gz,12d7a347433276de2cb18edb0d7b25e0
E45C84A7C2ECC27007C698051D124E05,3000,res/piece/nfy_small_icon/icon_daoju_qianghuashi_fang_lan_min.png.gz,1cf9b63465ae9d604fbfe3a408e9ea7e
E651D521F0E01C6EB31D095D07D839B9,3071,res/piece/nfy_small_icon/icon_daoju_qianghuashi_fang_lv_min.png.gz,ba2c6c4ec669444f18ee1d8dcbb14085
988C0DE936300806286264C12562A18C,3084,res/piece/nfy_small_icon/icon_daoju_qianghuashi_fang_zi_min.png.gz,18ad30a28e104f67484e2f85beae603b
3A4492672A882F5E7CCD4E0AF0F740AC,2515,res/piece/nfy_small_icon/icon_daoju_qianghuashi_gong_bai_gong_min.png.gz,d076f4350748b3d32c122d65a7f43eee
F0B03C9F8F1BAE1DBCE3B83796DB0265,2795,res/piece/nfy_small_icon/icon_daoju_qianghuashi_gong_cheng1_min.png.gz,bb7446b67b25898d2ff6d5b4bc49f625
26A8D75E5CEA189681914931310DD7F2,2852,res/piece/nfy_small_icon/icon_daoju_qianghuashi_gong_cheng_min.png.gz,ae75c1dc103806efa6801fd19820e212
F612C8E4B3FF6803328099F448BA7E31,2436,res/piece/nfy_small_icon/icon_daoju_qianghuashi_gong_lan_min.png.gz,f1a6314862842dd18778fc924034622e
6D39143785F2C048052BF44E98C78261,2563,res/piece/nfy_small_icon/icon_daoju_qianghuashi_gong_lv_min.png.gz,4c8cfb3b75952c926f9e1d6c4fdcdb0c
031570AA006F40E75F190C20C9055067,2554,res/piece/nfy_small_icon/icon_daoju_qianghuashi_gong_zi_min.png.gz,34c0b805093b2bf2fceed5d27033b930
300A78CB6B1C688A3DC8B93B13162E1F,2710,res/piece/nfy_small_icon/icon_daoju_qirijifen_min.png.gz,82553612c7232f8f64c1fc96563eb1f4
EDE9232239515F10DC1ED71238AAD542,2708,res/piece/nfy_small_icon/icon_daoju_quanmingxinghuizhang_min.png.gz,49edd29d4e82a398161a7dec60dbb195
43D3685DA16AE7ABCE950B6FCCB6855C,2951,res/piece/nfy_small_icon/icon_daoju_shengdan_xueqiu_min.png.gz,fa333213b1a52eac4001ccbd77dbf86d
B568B9396E00168CE84A3A0B43A51E8A,2478,res/piece/nfy_small_icon/icon_daoju_shenjing_min.png.gz,cc6cfb641ca33147d1967ca59b408849
066E0C5E2923A8B377F73D781836BC90,2833,res/piece/nfy_small_icon/icon_daoju_shenqidingdan2_min.png.gz,2badc0151d10dac925e2fae42149ede8
E8E173AB62252F7B9B750810F8ABAB41,3232,res/piece/nfy_small_icon/icon_daoju_shenqidingdan_min.png.gz,3174ef28486d757b1bdc0db3e1119a7d
3C2C8185207E7657D72BF8F3F285C369,3160,res/piece/nfy_small_icon/icon_daoju_shenqizhizheng_min.png.gz,48f49a2198abeae3c337f23d6f10b9f4
384EFFEEDF984EE8C1005D6F547C6A4D,2977,res/piece/nfy_small_icon/icon_daoju_shenshi_bingzhi_min.png.gz,3d59565871ba453116076a991232b53b
8813C7F0F03266EAA846433A25D74CA7,2861,res/piece/nfy_small_icon/icon_daoju_shenshi_dizhi_min.png.gz,36aec7f4fcaf822b312ad77a627d850a
727325173D04BB50963923D6A834DDF1,3163,res/piece/nfy_small_icon/icon_daoju_shenshi_huangjin_min.png.gz,214371ee1691fbc2c29a9faaf2e481c0
E859C7F971272DB1484895DCDB718D46,3119,res/piece/nfy_small_icon/icon_daoju_shenshi_leizhi_min.png.gz,c48f74ef3d23bb6b10dd37fd78246370
0E39DDD5161C57F6563DAB1169A244C9,2624,res/piece/nfy_small_icon/icon_daoju_shenshi_qihei_min.png.gz,de1ef8fc791cdd02e34ba2aa030034d9
30F30DB6A90AF99BBEF6D4E83D6FDDF7,3049,res/piece/nfy_small_icon/icon_daoju_shenshi_yanzhi_min.png.gz,ac144ff54351f2066d55dd8756beb2aa
DE093F61CD0858476C4959450C63A8E6,2323,res/piece/nfy_small_icon/icon_daoju_shizhuangbi_min.png.gz,869709b474249d31c95a0334cd570f4f
FDF16653ECFA1B32662E620D5B1BD1E1,3037,res/piece/nfy_small_icon/icon_daoju_shizhuangduihuanjuan_s_min.png.gz,c042995ce1fb24bdcb51973f38d81475
4CD6F48EEE9DEA6E046C3B0536BD5825,3068,res/piece/nfy_small_icon/icon_daoju_shouban_jidaoke_min.png.gz,6c5b7e25fa660eb6988aefa5902df63f
45B1A19D1DAB8473462B70CB35AE81B8,3108,res/piece/nfy_small_icon/icon_daoju_shouban_jiuye_min.png.gz,a1b987e12a6aeb167b2177cc96fda550
63BD61CDBAB3D40C1707E2B51B382CD6,3099,res/piece/nfy_small_icon/icon_daoju_shouban_lian_min.png.gz,4e0ac1b9636b2515690f38c9c5f74cf6
CBB8D11A0031D6DDBFD26A23F55DC632,3207,res/piece/nfy_small_icon/icon_daoju_shouban_tianshi_min.png.gz,6b86dccf50b992214eb9b4758d527292
964FFEDFA009F02A8EF80423DCFBDC04,3223,res/piece/nfy_small_icon/icon_daoju_shouban_wrjun_min.png.gz,28242e5ba43e56724c5264e68b076d24
8D74D43E5877AB0DEE1694C0980075CB,3113,res/piece/nfy_small_icon/icon_daoju_shouban_xueli_min.png.gz,205049ce51e7af31c5a522bc367e1bc2
BB7C5234A82356A55CF6A28789676A72,2458,res/piece/nfy_small_icon/icon_daoju_toushuijing_min.png.gz,1b17706137714b8b5f2c42a9e86e9a59
886F8647505DEFDDE642FDB8A9CBE990,3407,res/piece/nfy_small_icon/icon_daoju_tuposhi_bai_min.png.gz,ac7f2402ea53d8a083da7d51393fa361
28C3312256882E86AF26639D29F73553,3514,res/piece/nfy_small_icon/icon_daoju_tuposhi_cheng1_min.png.gz,94904e91d487542020889c659905442c
5C7E7A2A42FC311E08263AE81DA0AB74,3513,res/piece/nfy_small_icon/icon_daoju_tuposhi_cheng_min.png.gz,ca3197a4c22834c2439ca12bdea49c68
672BA7E69511F08FEDB28084577A6344,3242,res/piece/nfy_small_icon/icon_daoju_tuposhi_lan_min.png.gz,1c8ff514c4925ab2021134f6d6ad9319
B564E12C9332523661AFEF085193B851,3534,res/piece/nfy_small_icon/icon_daoju_tuposhi_lv_min.png.gz,e847ec3dd7c42bf35d74462bee076003
964C7D4A11C15C073A4087DF8CFCFEC8,3446,res/piece/nfy_small_icon/icon_daoju_tuposhi_zi_min.png.gz,6ae833bdd88d53078cef53ab5843b570
B8DFDAEEA75218A5933A8E7F30C570E2,2644,res/piece/nfy_small_icon/icon_daoju_tuzhisuipian_30_min.png.gz,8035ecc43a8cfd553aa7d637190c338b
48E5D1C5F3F3F41A4F948F5A82A341E1,2651,res/piece/nfy_small_icon/icon_daoju_tuzhisuipian_40_min.png.gz,9745704abec8eee932d15789cd32e213
36E32441E16EC7D13E4CA7373C32D937,2624,res/piece/nfy_small_icon/icon_daoju_tuzhisuipian_50_min.png.gz,c808eb0501df451ad4a19891e5f016e4
52CAF1F144E3E8FF6451C59B8FBE2A4F,2731,res/piece/nfy_small_icon/icon_daoju_wanoumohe_min.png.gz,255903f858470a6328f805fec9b0bc97
69C2A481F15C03678EF4F54F4EA0B7BE,3870,res/piece/nfy_small_icon/icon_daoju_wenzhang_min.png.gz,7359bed15aaa69a824bab72b693c6ec4
3A0FC511E2832F19C5C62D8ADCF2056F,3166,res/piece/nfy_small_icon/icon_daoju_wuqipingzhenzi_min.png.gz,32f531b1e92a5024535ac0ff02a144e0
5E56D84F2FB57EE2B3D0DF4F8F3CCA43,3605,res/piece/nfy_small_icon/icon_daoju_wuyijiangzhang_min.png.gz,f308507be350ab71c760a16849cac290
BD7B3950B22E0433E87BB2376EE847AE,2344,res/piece/nfy_small_icon/icon_daoju_xilianshi_cheng_min.png.gz,5e1bf5466ed86f0fb6c607f0e39a75a5
9CD63DD2D332A170E85E80CB1BB77190,2413,res/piece/nfy_small_icon/icon_daoju_xilianshi_lan_min.png.gz,b932d8cd7d0568e10ec15027c5941e48
BB08788AC453A52146F23B40D672F4E0,2358,res/piece/nfy_small_icon/icon_daoju_xilianshi_zi_min.png.gz,fd0ea3f3b9a26363ee5d72d27bf2c10a
623DD20008571005C8F2EE2CF0B88B6E,3819,res/piece/nfy_small_icon/icon_daoju_xingguanghenji_min.png.gz,eca93dc17913cf91894320411d383aed
B2C009714531E0E9D04D36992B8D6077,2486,res/piece/nfy_small_icon/icon_daoju_xingjichongzhi_min.png.gz,b202e05f018386b4c45a68c3257e11f8
118E64E56F2B12C9CCAB8F4E96758617,2399,res/piece/nfy_small_icon/icon_daoju_xingkongmiyao_min.png.gz,f968061960a688380eb58b708d37b2d3
482DD0A0ECF9D6DCAA8538FBFCB6CA98,3305,res/piece/nfy_small_icon/icon_daoju_xingkongmohe_min.png.gz,fed40fd51d1af9cc19812eb7378cfbb8
9F7FA7FBD46D9ABBA8A9372CEA7ABA11,2451,res/piece/nfy_small_icon/icon_daoju_xuanbingshi_min.png.gz,7e9bc18288993d32036bb92b024720cc
45D628614DFB3C28B05F8E950DB07896,2823,res/piece/nfy_small_icon/icon_daoju_xunluopingzheng_min.png.gz,3d2b5b9dc457eb44547666135635b8aa
6C9DD96E4BE92356BF3E8F7A8BCEBA37,3328,res/piece/nfy_small_icon/icon_daoju_xunzhang_1_min.png.gz,e5e4b894aefc731eeb12547de084126e
7AF7FB831050D944A3FD4D54A1935CCA,3492,res/piece/nfy_small_icon/icon_daoju_xunzhang_2_min.png.gz,ab36940ae2238f6f68a091318be05d4b
48821E2C7E5C35FADFFCCF9A2FE13A3A,3471,res/piece/nfy_small_icon/icon_daoju_xunzhang_3_min.png.gz,9e0425fc5435b43e31dd227a18032188
9BB9B742C8945BE22F93A524F035AD1E,3404,res/piece/nfy_small_icon/icon_daoju_xunzhang_4_min.png.gz,121105266fa34ba95efd3feb54df6479
48AD975C7AA9AD26DE4D0F5B0CD0764C,3169,res/piece/nfy_small_icon/icon_daoju_xunzhang_5_min.png.gz,76e890b4ec68675a0b68a224e31b1f22
C91BA7198FB859F647850123BD18CDD9,3158,res/piece/nfy_small_icon/icon_daoju_xunzhang_6_min.png.gz,ecd623325d515e85a1e33de347b628b2
93EA2AF663F75735636DD11B5A55E6AB,3030,res/piece/nfy_small_icon/icon_daoju_xunzhang_7_min.png.gz,9485737e1f3e42f3a3e5fd9bc005a1c3
32F1B02C7EBE0F78E212113BC6525CE8,3328,res/piece/nfy_small_icon/icon_daoju_xunzhang_8_min.png.gz,12880e4ff9ad804019085fc4e492f181
CD00ED31D28C5147F18D364B6436CFCE,2522,res/piece/nfy_small_icon/icon_daoju_yaoshibaoxiang_yaoshi_min.png.gz,1966c34e15fddda8ebd45ceb5a3fbc63
FA15F45AB70259E32A03CF68099805A7,3509,res/piece/nfy_small_icon/icon_daoju_yijiebi_min.png.gz,1089e70a684798a029097d9b39d46cce
BDB40E47E57D27EAA1F1B0B29950AF84,4393,res/piece/nfy_small_icon/icon_daoju_yinengjuexingzhuangzhi_min.png.gz,0ce2100c410d8789aea9602d2fa25bd6
30943B6A3147419C8A541BFDF8447123,3332,res/piece/nfy_small_icon/icon_daoju_yingyuanbi_min.png.gz,94aa3bb076991b3890ad0d1125f4b079
0D1BAACAC7021E4E4D45DD235ECF100C,2599,res/piece/nfy_small_icon/icon_daoju_yingyuanpiao_min.png.gz,0f587a35a57be3d29a72e95cef489daf
90A928AF2633E42ACD26650697D81198,3015,res/piece/nfy_small_icon/icon_daoju_yizhuonianduihuan_min.png.gz,13911ac8d63a56f9472fa2a41c2312ae
5B186BE8EB4F128E4D5F8DE0F6367DF3,2405,res/piece/nfy_small_icon/icon_daoju_yuanxiao_4_min.png.gz,d4cc992de4e1e71609dccef3f4f379d3
B77351588655AFB6109829835F3381CE,2815,res/piece/nfy_small_icon/icon_daoju_zhuxianwuzi_min.png.gz,ad5ca4ff2b56474744cc7791cedf8726
B9437048A999B8207D5869C0144E1FB3,5525,res/piece/nfy_small_icon/icon_niudanbi_jin_min.png.gz,0ba4cc23dc6c6c3b561a6050ff484002
D5B1E8016C02454C17AEEEF9BACCC17F,5311,res/piece/nfy_small_icon/icon_niudanbi_yin_min.png.gz,d931763baa4a085d66c3e4a8ca614686
CC8EFAFC75A5256DFF541AFDA79E1FE2,2804,res/piece/nfy_small_icon/icon_suipian_manghe_min.png.gz,6ff6baab0fadd66021b0912a0a7501bc
481B4160D59E83D97E8C28F822CC8F4E,3277,res/piece/nfy_small_icon/icon_ziyuan_aoyi_min.png.gz,ad97d418fdf40679e1f7da550d900ec2
2AD869B4FF5098A371E6B8E61CC1B24D,3373,res/piece/nfy_small_icon/icon_ziyuan_chongwubi_min.png.gz,6ab7dcf2ff8e38a41871b14ceec7f1cf
8E1B56DC2BCA412D4A7613C9DB443F14,3213,res/piece/nfy_small_icon/icon_ziyuan_chongwuhuizhang1_min.png.gz,8fa9e647bfc4f939cebe13621b81c517
FC7EFC73636911FE9084706F1EE01DFC,3284,res/piece/nfy_small_icon/icon_ziyuan_chongwuhuizhang2_min.png.gz,8ee0f9e29b0bc922049f37e45519e98f
444DF112AAFCC09805E25874A8C91B49,3156,res/piece/nfy_small_icon/icon_ziyuan_ciyuanbaoku1_min.png.gz,9f803daed3fee57b6a48b66520846684
158777A8C731E5976C985CD413D21232,3219,res/piece/nfy_small_icon/icon_ziyuan_ciyuanbi_min.png.gz,40fd6e1d066d02793fcbcdbecd757ff8
058BCC9E824AC45CC898723FBC2FC860,3270,res/piece/nfy_small_icon/icon_ziyuan_exp_min.png.gz,684a291cea5abaa89fe82363b1068554
7A4540843C8F2265B487D3BAF456D2FD,3918,res/piece/nfy_small_icon/icon_ziyuan_gonghui_min.png.gz,fc55b020d20722b6eb1c4751dffa9a4c
E1251C398EC949CA22216A8C889AD21E,3119,res/piece/nfy_small_icon/icon_ziyuan_heiyuebi_min.png.gz,97ddcfe64e65a8d49d082a809472c67a
F5EE4C5B3CF23AB3B2D35362D8A78BF6,3312,res/piece/nfy_small_icon/icon_ziyuan_jinbi_min.png.gz,9d8636d5e33500ab64862403ecf17e91
961FE9FD511EAC93D84A4CAC4CF4C40E,3018,res/piece/nfy_small_icon/icon_ziyuan_pidian_min.png.gz,01d362472c4ffa0697a714423c937b27
297D66F723856E98D3CD72D9E6F55B2C,3683,res/piece/nfy_small_icon/icon_ziyuan_pvp_min.png.gz,47ae4f9c599b5176f73f52ae0e0749f5
0344A43E51991DA1D75CB24DF9381C6F,1910,res/piece/nfy_small_icon/icon_ziyuan_rmb_min.png.gz,0685bef1e1dccbc4e034b1837a9c86a7
B396965B419152DB77CADACEE2BF81C7,3425,res/piece/nfy_small_icon/icon_ziyuan_rongyu_min.png.gz,06336d0797684f0a91498ae49d00965c
940F4A77FF000AD84B2E475186E5A031,2673,res/piece/nfy_small_icon/icon_ziyuan_shizhuangsuipianxiao_min.png.gz,3851f447eeac79ff4d0c7a18176643a1
F0D15DF032F1B13E294E8A40105904DC,3101,res/piece/nfy_small_icon/icon_ziyuan_sp_min.png.gz,1d27e866d0efa8f2421942e2928436b1
5950B2D07C6D54D980A70CA1D5A9561A,2712,res/piece/nfy_small_icon/icon_ziyuan_tilii_min.png.gz,43686fc13bc156db736ed495485cec95
BCF442ED546DEA8F2739F98E98FB0F15,2873,res/piece/nfy_small_icon/icon_ziyuan_youyidian_min.png.gz,e6890b7a3032396cda33631d7f9d4e88
F5D225A1B4A4B0788F7700E963FCDA50,3219,res/piece/nfy_small_icon/icon_ziyuan_zuanshi_min.png.gz,40fd6e1d066d02793fcbcdbecd757ff8
92EC161C49422FB6E136451E93F45026,2900,res/piece/nfy_small_icon/iocn_daoju_suipian_1_min.png.gz,415354a8cf87df8442c65d1e2e1bf0fa
77A22893EBED2C4B95AB7C9FF3143892,2591,res/piece/nfy_small_icon/ui_aoyi_suipian_0_min.png.gz,2817f87b935ee54ae46c9d32b8d43bef
6F9F33C965BCCD6B0D863B7FD110C8EE,3099,res/piece/nfy_small_icon/ui_cailiao_baoshihechengqi_min.png.gz,c43090846f44f23c339c4ed92c040f80
46752F4B2291422E35C694CAE5721F3C,2958,res/piece/nfy_small_icon/ui_cailiao_citiaoxilianshi_min.png.gz,871ee5a35c1335bc65aa89b751f9b880
DA814A6B797C60F6CBB979AB18754EFB,3548,res/piece/nfy_small_icon/ui_cailiao_gongchanghexin_r_min.png.gz,2a2090bc9d26275ee12a8649775e1d52
1C963C6CEB79FFAE6149BFC0CDAEA81B,3534,res/piece/nfy_small_icon/ui_cailiao_gongchanghexin_sr_min.png.gz,6efefe4d7a953b38f2290f1a3bd46201
B9CC721DE9F9F703356CC22BA2648CFD,3489,res/piece/nfy_small_icon/ui_cailiao_gongchanghexin_ssr_min.png.gz,e7ef9fdce6a8dcede77176263064b569
74DCB1A5ABE2BD4F41677FBF74CEA18E,2869,res/piece/nfy_small_icon/ui_cailiao_gongchangsuizha_baishen_min.png.gz,2a8d5b359f78484c4a0514f4fe5728da
3C2DCF5AE391F200A15670C670C2F99A,2915,res/piece/nfy_small_icon/ui_cailiao_gongchangsuizha_heiyue_min.png.gz,dbcb0a6c24e1820a6ead6b85a0d6da3e
1E43875B07E2AD6AD4BBD8591AD65BDB,2825,res/piece/nfy_small_icon/ui_cailiao_gongchangsuizha_shenqi_min.png.gz,9e1496df64dfe211b38ce54fc7bc33c5
364E5873B407C7796213A86B5E4ACB76,2553,res/piece/nfy_small_icon/ui_cailiao_gongchangsuizha_yineng_min.png.gz,ca62417b3d1a98f86a50b62edd589733
44222A05FE2B211E0FC232E31A3B7F80,3823,res/piece/nfy_small_icon/ui_cailiao_shenxuantuposhi_min.png.gz,ea21c704efa4e49926b9fcfe5930ce03
E1B02250359574F1CB1320D9A6C6AB8F,3236,res/piece/nfy_small_icon/ui_chongwu_suipian_s_02_min.png.gz,5d20666f87bb9181bac1e6cc0d11e790
04ABF5E8F15CD2D0A6B791A421DB9F99,3663,res/piece/nfy_small_icon/ui_daoju_bujihuizhang_min.png.gz,2798b34c80f3b59d974fe6325be8fccd
09184EA044F8FD89A9DDC03719FED9DD,3034,res/piece/nfy_small_icon/ui_daoju_canglanhundunsuipian_min.png.gz,b8993b4eb208989f024ae4cd6b5434f0
5AD10554504EF8BA216E9BC1E6562395,2927,res/piece/nfy_small_icon/ui_daoju_chunjie_nianhuo_min.png.gz,0194357d3dc3717ab3e1beb66b924600
5FB301AFBE035BAB3FEEE830DF195C23,1555,res/piece/nfy_small_icon/ui_daoju_heiyani_min.png.gz,a586dd3505a81a52d7270bfc675874ca
DD52CA807A3C56EC3BE5F7FBC06632AF,3220,res/piece/nfy_small_icon/ui_daoju_huanshenqianguisuipian_min.png.gz,6f048f8db532503dbb7fc1db41e72ce2
A8B3E9CFE9BCC77C574CCE7755A8A12F,2696,res/piece/nfy_small_icon/ui_daoju_huobanhexin_min.png.gz,61c22ba3d898fe777f879166f3509093
CD5CBC3E0474FBA246E50545BC8C4B2E,1149,res/piece/nfy_small_icon/ui_daoju_huobanjingyan_min.png.gz,b626e36a1ca4fdbea75fcb34085f9f95
D63D2F7FE8BF15EC453A8C832E41D713,2400,res/piece/nfy_small_icon/ui_daoju_huobanjinjieshi_min.png.gz,590464ac8eabf49ffa450d73249a997b
2C4A853FEF5B76598D22DBAA936B0B52,2471,res/piece/nfy_small_icon/ui_daoju_huobanshizhuang_ailin_min.png.gz,a24b3ebc2f36cffddc2217b55e794497
F298A27F858F9104E45AE1E6EE9FC6D0,2607,res/piece/nfy_small_icon/ui_daoju_huobanshizhuang_heiyan1_min.png.gz,d8c3d716ac04ae8761bc470c8f85cae5
70202B1259474C2B1DDECF172CC8B76C,2549,res/piece/nfy_small_icon/ui_daoju_huobanshizhuang_xueshi_min.png.gz,00e9ed503061e1e54f5c19715e4304b9
8EE167D375F70B8AC46D50CF91E276E1,3009,res/piece/nfy_small_icon/ui_daoju_junxubi_haohua_min.png.gz,31da5e4de9f4fc61fbb90f85b10833af
2D948EA6F016A772D865860085185A8C,2910,res/piece/nfy_small_icon/ui_daoju_junxubi_min.png.gz,e79a7065b9f050a09c93fd97180523ae
58B8CDC703917A4CEA41012F0C260384,2883,res/piece/nfy_small_icon/ui_daoju_wuzhuangsuipian_min.png.gz,02fccfbd1a59e15064e3e8c8e5264fc5
161E5E277CE979472013BF40B2A75CC5,1536,res/piece/nfy_small_icon/ui_daoju_xueshi_min.png.gz,cc006574983316c6784538b6fa9144df
4E0BEBADCE36BF69BFA7A8782E5C7D59,3602,res/piece/nfy_small_icon/ui_daoju_xuwuzhitadaibimini.png.gz,213171bfa1eb3b32a4c87eddeb44f36d
C1B7CCD178EBAE70FCD9B7D14326033C,2906,res/piece/nfy_small_icon/ui_daoju_xuwuzhitamenpiaomini.png.gz,327b96d9a6b3300de7fe4cab0b89b409
EC1F6B649EAA4F0B5B3FDDBFC386F6F2,2972,res/piece/nfy_small_icon/ui_daoju_yijie_yindaozhuangzhi_min.png.gz,cefcb354f055305c5077a75eedeff85c
60C30AAFED759581C2151D943BC4104F,1948,res/piece/nfy_small_icon/ui_daoju_yuandan_hongbao_min.png.gz,9136dbe644cee90e945a79b9ce923249
85788BE03AB766FAF68D3EA9580DB642,3495,res/piece/nfy_small_icon/ui_daoju_zhongqiu_huahaoyueyuan_min.png.gz,d2d46ab9ff1da7750dfa5dee3da968b0
0B7431302ED4D52D1A3FE8EA06DD279A,3219,res/piece/nfy_small_icon/ui_ziyuan_anjing_min.png.gz,40fd6e1d066d02793fcbcdbecd757ff8
C62867F2912134FB30A1D9D56B154573,3135,res/piece/nfy_small_icon/ui_ziyuan_kuangchenengliang__min.png.gz,a62625a5feb2dc3ec7d47342a7c974b8
15582CEE2358BAA62B7850F0600A4FDE,2969,res/piece/nfy_small_icon/ui_ziyuan_tongxingzhengmoney_min.png.gz,bf7cc9617eb717b4824f760c0f3f7bb7
4DCA23785125B1CADF0CC51345264BCA,3231,res/piece/nfy_small_icon/ui_ziyuan_wuzhaungjingti_min.png.gz,1b49a94fd44d6e0af0835bb4770800c0
8D5511B344E6B686C777464212D7FAEE,2083,res/piece/nfy_small_icon/ui_ziyuan_zidongkaicaiyaoshi_min.png.gz,4b2733a91effddbcaa0fef5be0a952a6
2ED2BE27DC7D6E7E375CAA01B617A3A3,94825,res/piece/nfy_special_gift/ui_tegonglibao_bj.jpg.gz,dd80ad90ce5c7f86c062cf1495a30de7
FB7394D482B172AC97FF0F26DF34768E,252352,res/piece/nfy_sprite/ui_chongwuchoujiang_beijing.png.gz,c7363a76c3aef910d77f8d9bfd19239f
F5585A5C590D72659AD38D7EBFB29557,126141,res/piece/nfy_sprite/ui_chongwuchoujiang_xinyuandan_chongwudikuan.png.gz,cad77757a8f31621213b33eb3046d9af
8E61B73F7D943D2D105DDAF24F07E14B,27268,res/piece/nfy_sprite/ui_chongwuchoujiang_xinyuandan_dikuan.png.gz,b146675add0d4a5877e86a9cdbd444bf
809B490FB9FF8524FE111FBC6937D7FB,533754,res/piece/nfy_sprite/ui_chongwuchoujiang_yuanhuacankao.png.gz,16af7255a7fd81cf4de7cd4ec61214eb
8384AC6B0BC6F1717E39528F883E2734,217319,res/piece/nfy_sprite/ui_chongwu_beijing.jpg.gz,0f7a78ecb2d184adb9afd9199ee2b658
5C8408864B04B8F23E825FADDF820D74,93670,res/piece/nfy_sprite/ui_chongwu_dadi.png.gz,7b6517c314e9852e14a24f4793ca1b9a
C7AC530A35278ECDEA095CF31CEB05C1,3122,res/piece/nfy_sprite/ui_chongwu_huizhang_1.png.gz,c5df3f7de7cff56c323ea9d8d3a90273
C4EB5B10A0F68D6A41E8280DE4F352F3,3329,res/piece/nfy_sprite/ui_chongwu_huizhang_2.png.gz,adb685148ec9bb7e224c0fea73c1bc65
64B78327DD6982A96A9B7DEE23DDF7E0,3363,res/piece/nfy_sprite/ui_chongwu_huizhang_3.png.gz,8ec156902e24fdbd3402e9dec9895386
D629EC1338799F77BE6D3C7C48412A1A,3630,res/piece/nfy_sprite/ui_chongwu_huizhang_4.png.gz,a81db128cb41d37c31c4d38f1fba4d98
6E3547B18E7D738588A38E8A71F1CD25,3827,res/piece/nfy_sprite/ui_chongwu_huizhang_5.png.gz,5ca1eabcf9e67b4e99a2f09056bf99f9
362015E5672C31FB405E9059D12DB5F3,3880,res/piece/nfy_sprite/ui_chongwu_huizhang_6.png.gz,b4f9d3809d47b60a778e583ddd18cce9
F7D162842ED3CD47A6F8F12191366A52,4653,res/piece/nfy_sprite/ui_chongwu_huizhang_7.png.gz,5511f8cea6495096dc8832548202e594
D64403A7974FA9FA90457588993BDE98,4947,res/piece/nfy_sprite/ui_chongwu_huizhang_8.png.gz,4f83d0fe2a3cb1b6752b2c30c1050578
335770532463F3BB360E15768DDB28F9,5046,res/piece/nfy_sprite/ui_chongwu_huizhang_9.png.gz,df5128ce1613a5994bd09080364ab384
2EFACDEE3B4AB625979E2252CCFF130D,3229,res/piece/nfy_sprite/ui_chongwu_jinjie_daojukuang_heizhezhao.png.gz,fc3658ec6587241ab40270d6a2e2ba56
3C9F00A602EC2ECE17B6016AB01E0EB3,316104,res/piece/nfy_sprite/ui_gonghui_dabeijing.jpg.gz,6bc4c322da92445dc42ef5da5cca9ec2
702D00A7F3F1A91D5A8C055FE8181F31,51423,res/piece/nfy_sprite/ui_niudanji_beijing.jpg.gz,bd59bd8635d5d82282e15e1717bad25d
4000CC746FFF59D2F99FB60870C16531,180275,res/piece/nfy_sprite/ui_zhaohuan_zhanshi_beijing_bai.jpg.gz,0e8730fa95f610690850bbcbb0252e2d
84FCEF68C1183250D6A1776A8B150268,282716,res/piece/nfy_sprite/ui_zhaohuan_zhanshi_beijing_fen.jpg.gz,447d1be8a2e2c11f76f0c9f4502ee6dd
7E75558CBF99E2343786C52EBA2BAD9A,221682,res/piece/nfy_sprite/ui_zhaohuan_zhanshi_beijing_huang.jpg.gz,b10fa1fbd840df52fe6d59c22e6e7a3c
9DA157CE64867CDD764C5AF3AD5C95CC,223073,res/piece/nfy_sprite/ui_zhaohuan_zhanshi_beijing_lan.jpg.gz,4608a23e08dd51e3485b2ef4c06b5393
F0ED9A9DBA16EDFDC052B60924A2D88E,279737,res/piece/nfy_sprite/ui_zhaohuan_zhanshi_beijing_lv.jpg.gz,0fe4c60858b18f23c4e2d94d698345c5
D588FAF19A45346B1A8FF470A486362E,250488,res/piece/nfy_sprite/ui_zhaohuan_zhanshi_beijing_zi.jpg.gz,bd6a07472259e65bd42f0fd40b0e2344
093E72A1A41169C138CEE29944C2D497,15650,res/piece/nfy_spritechip/ui_chongwu_suipian_1.png.gz,82e3d6e54bc9b7385fc184ca634e7f07
E1EFB8AC48C7CAFB38C7F2A9C890BD4B,16356,res/piece/nfy_spritechip/ui_chongwu_suipian_2.png.gz,5f8a0b66bb5ed792b149109196f66d74
3543561F22ADE7FF63CE15BDA6132681,16862,res/piece/nfy_spritechip/ui_chongwu_suipian_3.png.gz,b985b5f760e1a8af15da49bd2a9622d3
A36D806139228E9341E61279BD814023,17811,res/piece/nfy_spritechip/ui_chongwu_suipian_a_01.png.gz,74218ebd35202435f109e566681a66fb
79505E1AFC51BD23A920DA20E5F6B4C6,20311,res/piece/nfy_spritechip/ui_chongwu_suipian_a_02.png.gz,f98aea879f067f646e48dce28414ec6d
F310E7861D1FF59661B6E3FE149E06B4,18197,res/piece/nfy_spritechip/ui_chongwu_suipian_a_03.png.gz,4025b745998d1cb2eb6adfdb168572f7
5037EEF88E50099EBF73313D7711F913,19092,res/piece/nfy_spritechip/ui_chongwu_suipian_a_04.png.gz,11a912df21628f8403e513201ec0d6e9
D990D049D44485B4EC2D8C48B5D001CA,18562,res/piece/nfy_spritechip/ui_chongwu_suipian_a_05.png.gz,a264cc526b592ac595c9a74c1207c2bf
247144D2D918EE28D69F2C28937C778D,19609,res/piece/nfy_spritechip/ui_chongwu_suipian_a_06.png.gz,68c071012011cd7a0484b7193f13ee9f
3ED6FAB73F0BAFEDD1626176E97F56FC,19391,res/piece/nfy_spritechip/ui_chongwu_suipian_a_07.png.gz,d82e8c0b981e12fed789f039829022c0
A2B28C8D0CFB79B6D10D473124C153F0,19403,res/piece/nfy_spritechip/ui_chongwu_suipian_a_08.png.gz,cbc28cab3f30e3851112007dc0d2c353
DAD53778FE16CBB3CDC38A36935C0658,19740,res/piece/nfy_spritechip/ui_chongwu_suipian_a_09.png.gz,9dfd63438b1a58b408bdbf0bf5127cc6
0C5F2B9F432EA582D80B6D8E12EDBEA0,19873,res/piece/nfy_spritechip/ui_chongwu_suipian_a_10.png.gz,fbb43d2b6c3c9cbc67cf8b9cd4082bc5
58613FD732338F719D3406AE005D9067,18890,res/piece/nfy_spritechip/ui_chongwu_suipian_a_11.png.gz,22d9f0071f65d028d3bdcc81483342aa
E562460FCA6050F67E2FA6C3FFCE7164,18953,res/piece/nfy_spritechip/ui_chongwu_suipian_a_12.png.gz,24e90aaa50a84c9c3b7ac344f78a824e
046ED28F28711D35C0B2B77D4E38D6A9,18202,res/piece/nfy_spritechip/ui_chongwu_suipian_a_13.png.gz,a971b0b1282788bd5561249bd9b6289b
60DC2A3E24A46AE3D456181D5A045BD4,19261,res/piece/nfy_spritechip/ui_chongwu_suipian_a_14.png.gz,841801538ac498f8a2275624d54b622e
5D0EBA303FAEC18AC3F6A0A71F8ED06B,18344,res/piece/nfy_spritechip/ui_chongwu_suipian_a_15.png.gz,f94f9c1d55316d769387396ff86928bd
0304DEB8236168041567E2F15592E39B,17403,res/piece/nfy_spritechip/ui_chongwu_suipian_a_16.png.gz,dd8fdebf874394cae45e554a161717be
E05CE7A368E695B01832371A61A09CA6,19748,res/piece/nfy_spritechip/ui_chongwu_suipian_a_17.png.gz,10ddb8553ff67f5e108836d94c526aa2
F3715ADB99B5CC65218DFBF7779E790C,17144,res/piece/nfy_spritechip/ui_chongwu_suipian_a_21.png.gz,f1eb55617175b51fb76d67de821177be
3F6AF7AE817C17CEF271D9CB0F4B0A4F,15953,res/piece/nfy_spritechip/ui_chongwu_suipian_a_22.png.gz,147688a1a1aaed90e72aa095206c2046
01E4CEE5EC2521B0D74E78C9867D4BA4,16345,res/piece/nfy_spritechip/ui_chongwu_suipian_a_23.png.gz,2b82b96e5e4d6747b15d8f8bffa7297b
AB5349DA3C73974FE0FE9B23D6B9390D,16689,res/piece/nfy_spritechip/ui_chongwu_suipian_a_24.png.gz,0343c515fd2e5d79ad2085c584079ba0
B1A9325A2199F467A50419955FB22EDD,17800,res/piece/nfy_spritechip/ui_chongwu_suipian_a_25.png.gz,a925fa7ab6941e87f4adcb3d4fdbaa39
8486B060FC262E318EAAA699E1F1091F,16029,res/piece/nfy_spritechip/ui_chongwu_suipian_a_26.png.gz,264e7271aa09b12f2cd2ace0f0e644a6
ED6BD1E0A8A6E93C45B31A2C25792B09,17246,res/piece/nfy_spritechip/ui_chongwu_suipian_canglanglilimu.png.gz,d8acfe3588bc3037439445bffcf02dba
64C193B3AD538EEC5D0A62064C3349A1,17596,res/piece/nfy_spritechip/ui_chongwu_suipian_canglangling.png.gz,afde8ae94f47d83670d79127ac9edd28
987D46307213552B9C3AC38F784FE608,16906,res/piece/nfy_spritechip/ui_chongwu_suipian_canglangshenyue.png.gz,78c0aa8cc257756b13902fffd902eafd
9C8D2DF2B66232EB5CF95375B3B8A6BB,15595,res/piece/nfy_spritechip/ui_chongwu_suipian_changqiang.png.gz,804bd9050fa0d43ee7cead73c9c8ef41
DF994EA0821007F4A464567ECE8623D2,16655,res/piece/nfy_spritechip/ui_chongwu_suipian_duizhang.png.gz,0fb656428b0dba51fb20d14aac723bd3
B8E5F506CD82189B53304AD30C7B8B9D,15914,res/piece/nfy_spritechip/ui_chongwu_suipian_feixing.png.gz,3596ae55745a9e734eb24fd0942bdecf
69F30FAA2EA03F663916CA56A5964BB9,13039,res/piece/nfy_spritechip/ui_chongwu_suipian_guwu.png.gz,63fff863e34549ace0aed53c6894d7de
5CEEE23B88DE5073C1A9895BBA0DCD13,16441,res/piece/nfy_spritechip/ui_chongwu_suipian_heiyan_01.png.gz,6dba15c61b679931b5325e9d52a11aff
D2DFD004AED682B97A89C2BF915BE87F,15539,res/piece/nfy_spritechip/ui_chongwu_suipian_heiyan_02.png.gz,5ecc230541ac3d814bfde9a6b56a2f10
BD4F92ECE17D0A30EB7920EC8B0A19A3,16817,res/piece/nfy_spritechip/ui_chongwu_suipian_heiyan_03.png.gz,af64077f91dcab81326dc63db66fde3c
4871F977EB976B56CC46343621F1F12F,16707,res/piece/nfy_spritechip/ui_chongwu_suipian_heiyan_04.png.gz,7edf94e4b0eae7fc5da0241ead450a94
9C9DBDBDB0A3E613489FC848F093F801,13244,res/piece/nfy_spritechip/ui_chongwu_suipian_jiahu.png.gz,28fe6ba12df003d00c92cac281518283
C808B073A90AD2695FD10E9B21D11B7B,13269,res/piece/nfy_spritechip/ui_chongwu_suipian_jiasu.png.gz,11179ed4ae944219c28f890c3b26fede
BDC0918C1D5904544BE2E4B3D0945A55,13353,res/piece/nfy_spritechip/ui_chongwu_suipian_jieneng.png.gz,0809618738e3fd6cc0273e553586edae
E3DB9AB851E73EA4B4D084D6360CC161,15653,res/piece/nfy_spritechip/ui_chongwu_suipian_jinggong.png.gz,315944452c821ce6195a2234e76f0e8b
D56D311AC60916A49A4F02EC6EF73AE4,15527,res/piece/nfy_spritechip/ui_chongwu_suipian_jujian.png.gz,2cffbccb40c3d746d1b8406e42a35e2a
CF3AB6ECD4D3D645BD52D78C31C3593E,13349,res/piece/nfy_spritechip/ui_chongwu_suipian_juneng.png.gz,2501d9861deb704735be09b9be677864
D7C67CFC8349668CBE2FC07583D617BE,13119,res/piece/nfy_spritechip/ui_chongwu_suipian_liren.png.gz,eb417c740c47384a208c2327b8256f17
ECD1B6A0040B56FF0CFAE28A6EC8C0DD,16369,res/piece/nfy_spritechip/ui_chongwu_suipian_manwu.png.gz,1fa4ef12f50df53a82bf2aea1c7b1cc7
55CCCFF135396CE6ADE8851F817290B7,15831,res/piece/nfy_spritechip/ui_chongwu_suipian_renxing.png.gz,372c48e0819ed30106854e9fcaad5522
4E5D9D42D6297CFA3AEBC790DEF5F62E,15807,res/piece/nfy_spritechip/ui_chongwu_suipian_rexianqiang.png.gz,8cf219856323aeb6f2b646b391c74e25
CC32762E9B254C37BAE3891D3945E194,14787,res/piece/nfy_spritechip/ui_chongwu_suipian_shenyuan_01.png.gz,403ac218c95d168dff1e81763bd1172c
B7726B10EBCC6D2714F9533BB55360F3,16026,res/piece/nfy_spritechip/ui_chongwu_suipian_shenyuan_02.png.gz,cd5cb51626081295dfa4306db33fec4b
66A3575F1F73635046A6FE44746B7161,15292,res/piece/nfy_spritechip/ui_chongwu_suipian_shenyuan_03.png.gz,26259924c450384ef32309b1775a5726
C957004FA180AAE0431ADF370490E277,15199,res/piece/nfy_spritechip/ui_chongwu_suipian_shuangren.png.gz,fbc778264ef13bfcc89272e626f2064f
C0277141DDDC35C4531076E7D53D68A7,16270,res/piece/nfy_spritechip/ui_chongwu_suipian_sugong.png.gz,e9e5425bcae6946fb688665277c726aa
59FBF51CFA7237FEB574D22906DD09CF,21430,res/piece/nfy_spritechip/ui_chongwu_suipian_s_01.png.gz,57e3543f22e680664faad6827d96002d
8DD4043E8A4AD0ED67EE43EF1D05BD9D,20012,res/piece/nfy_spritechip/ui_chongwu_suipian_s_02.png.gz,a38cfd96cec8e7a9cef8125908460c06
F65C7DC1AB80846D1AEDFFFDF385BA0A,20018,res/piece/nfy_spritechip/ui_chongwu_suipian_s_03.png.gz,16af97a620dc8dc8b146897778e4d040
D24480331892BB8AD71C9BA3A5F15E9C,19965,res/piece/nfy_spritechip/ui_chongwu_suipian_s_04.png.gz,07d7c856a5525220f1272e8516d08bda
2023ADE29F174B29914E02387C3B04B0,16498,res/piece/nfy_spritechip/ui_chongwu_suipian_s_05.png.gz,e4594b2e8667a1f72ded26b2d0b0604a
D644A3F93B16C24C4B7D8C6E63D24243,16929,res/piece/nfy_spritechip/ui_chongwu_suipian_s_06.png.gz,16cb737dfd494b18d9961947b539630e
EC1E4CA23576802FC3AA7BE663AA3AC8,16141,res/piece/nfy_spritechip/ui_chongwu_suipian_touzhi.png.gz,6a45b1c4523b2db9e04cd527d7cd1e28
8345E2652440AE0D7F60B536B658D391,15837,res/piece/nfy_spritechip/ui_chongwu_suipian_xianfeng.png.gz,1a7c142de1b8665f6454a76e15e35e1c
36846F9AE8D3B5EDCAB72CED5F0D78B1,15333,res/piece/nfy_spritechip/ui_chongwu_suipian_xieshushi.png.gz,da0042012e236ffb95141c79dc77470e
D00BD276F6922D5F053D2D39AEC2C0F0,13756,res/piece/nfy_spritechip/ui_chongwu_suipian_zhanbei.png.gz,e485b48856bf470922bf686bd6776eb6
E3D1996B0E978F0C9F52B637BAF6BBAD,16771,res/piece/nfy_spritechip/ui_chongwu_suipian_zhanshi.png.gz,3789677884fe45f6824ed84187c17bbd
FB335541E822DBD834D90D88D91CE31F,16440,res/piece/nfy_spritechip/ui_chongwu_suipian_zhaohuanshi.png.gz,b196331c57ffb96414468450973751ef
669B7320173314B034E5B32B3436028E,16568,res/piece/nfy_spritechip/ui_chongwu_suipian_zhiyecangyan.png.gz,74d88bb9d58c0116fe9c973669733cc5
0F4C96A5BA932F592C742DDF84A60D12,16186,res/piece/nfy_spritechip/ui_chongwu_suipian_zhiyeciyuan.png.gz,bff134d29eacd481349ec6a480d76b4a
1DB8E1BE078DB5620FA48867FD420897,16888,res/piece/nfy_spritechip/ui_chongwu_suipian_zhiyeleiguang.png.gz,7091e9b6b0a1f63cb813d0e25ba9c34e
56876211F18FF3BBC6A107A6472692EB,17627,res/piece/nfy_spritechip/ui_chongwu_suipian_zhiyemonv.png.gz,0725713b1ee158d1460310f7b8a2d9ab
8C187012FFD5E5E54183DAAD1A3E8DBF,16297,res/piece/nfy_spritechip/ui_chongwu_suipian_zhiyeshengqiang.png.gz,91439de12fb6afc49acfd6ac8da61e39
21081840DB7709D78000256A235FF22A,17100,res/piece/nfy_spritechip/ui_chongwu_suipian_zhiyezhuying.png.gz,27289c801d1eb6ca0565a9f83b45ae27
9330998CA405985BACF3320FDA0411D3,13628,res/piece/nfy_spritechip/ui_chongwu_suipian_zhongren.png.gz,f95500c882b0696cef6c5ec5d8754dc5
45CF8A1C37D2B114506ACCD69AFF61B0,16862,res/piece/nfy_sprite_icon/ui_chongwu_budongrushan.png.gz,22e73a05fe294c0f4da176070793241e
594276D4B15F5836F6363A6943326424,12789,res/piece/nfy_sprite_icon/ui_chongwu_budongrushan_max.png.gz,91fb627ec9b2205e99b0bba62df7f336
9BAC072DD7EFBD852FD8F70BE132D4D5,756,res/piece/nfy_sprite_icon/ui_chongwu_jineng_hei.png.gz,da0994d876d84ec0032405e31a902aef
996CE9BC1BD7AE2FD6A9F10E2BEE77A6,17777,res/piece/nfy_sprite_icon/ui_chongwu_qijirufeng.png.gz,e155f9c6611dd2643350c56d90d6259d
76576D6A3ADF2BC7C25FBE5FE60EA934,16408,res/piece/nfy_sprite_icon/ui_chongwu_qijirufeng_max.png.gz,5ed900899cb9407c3a655d59dff7badf
63D9E7BF6F955E3936377ADF37B1DEE8,20151,res/piece/nfy_sprite_icon/ui_chongwu_touxiang_a_1.png.gz,4523e62d36c82565dd2638834de6a775
74EE42870561E7EA39592A0F29BF9745,19816,res/piece/nfy_sprite_icon/ui_chongwu_touxiang_a_10.png.gz,e1596a7ea2ef959bb0d29e4eab32b01d
1913DC2C778951D18B2CBFFFD67CB3E6,17655,res/piece/nfy_sprite_icon/ui_chongwu_touxiang_a_10_max.png.gz,48cf540aae32dbab892346c2ab06fdf5
96DC02760432539A94C50CE9F5234CED,20059,res/piece/nfy_sprite_icon/ui_chongwu_touxiang_a_11.png.gz,7b01ac06afc83f281dd13902501ed725
FB69D11BC71290FD43D507C978B1E8A0,18250,res/piece/nfy_sprite_icon/ui_chongwu_touxiang_a_11_max.png.gz,8857ade540cc0bc76918455c7cbbc3cc
7F145202A464790E91C86275797CEB82,19651,res/piece/nfy_sprite_icon/ui_chongwu_touxiang_a_12.png.gz,c5cf37b4d517e47797f221dd4d595498
04F52208B530AAC8716384669CB8C248,17274,res/piece/nfy_sprite_icon/ui_chongwu_touxiang_a_12_max.png.gz,ed8db8fa6d276c0372497457f7b90d46
FA11F3B7B92665441C099C3FCD4510FF,19525,res/piece/nfy_sprite_icon/ui_chongwu_touxiang_a_13.png.gz,85090f0f18dabb5ce10182248efc1db4
6244D5560DF265381FA1942A05E24E28,15294,res/piece/nfy_sprite_icon/ui_chongwu_touxiang_a_13_max.png.gz,03928e854119a33faa1a423d2701c222
F4E248A2EE5BC6812D7C0C128D7B91E6,19206,res/piece/nfy_sprite_icon/ui_chongwu_touxiang_a_14.png.gz,1196d2103e555a922082bdea437acee8
0DCCB0DE1B36F421B1C37BC3E385FABE,14137,res/piece/nfy_sprite_icon/ui_chongwu_touxiang_a_14_max.png.gz,28935c9e4f59a383b92708ca473e59be
FDCD977083190DDDF1F8FC5344E94548,19976,res/piece/nfy_sprite_icon/ui_chongwu_touxiang_a_15.png.gz,56c1185b7367cf9a2e8a746a2e60811f
B137644E44595885CB71450D424246F1,20216,res/piece/nfy_sprite_icon/ui_chongwu_touxiang_a_15_max.png.gz,cc2dc30f7cb4050c8afd0838983da05e
09096A8855BF54282D1B8DBBC7CA0F8D,19093,res/piece/nfy_sprite_icon/ui_chongwu_touxiang_a_16.png.gz,cb2f00b39466e5ef7e1eb470e39ffd61
9D38A3DBA6414542A188613FD9DA27B1,12437,res/piece/nfy_sprite_icon/ui_chongwu_touxiang_a_16_max.png.gz,2863b3de2448e8dc09de9fc6a7d16396
1F43244BE681D00482E74B35E28CE372,19577,res/piece/nfy_sprite_icon/ui_chongwu_touxiang_a_17.png.gz,ed26ec4ee73bf420d02a13073e6b218c
496761FE635F003FA1B62139EFE47B15,17825,res/piece/nfy_sprite_icon/ui_chongwu_touxiang_a_17_max.png.gz,42a809df2cbb2de2f868b045c2cd8af7
9A02071C2E133408D50629D7EEC58248,20081,res/piece/nfy_sprite_icon/ui_chongwu_touxiang_a_18.png.gz,5dd5276bd3b0012703524bc02a9a4eb4
99AD856464923DDDC4930AF3498C464B,17424,res/piece/nfy_sprite_icon/ui_chongwu_touxiang_a_18_max.png.gz,214ecef78646723ee9510dcaad8626dd
3203DEFB174DC0E0F506C5929ABFFF31,20202,res/piece/nfy_sprite_icon/ui_chongwu_touxiang_a_19.png.gz,b6cf2cfd06920d7867f42615e24fe995
6EEE46C84BE21B52953D2F76FA9FF7DC,18974,res/piece/nfy_sprite_icon/ui_chongwu_touxiang_a_19_max.png.gz,4d4357fd772edc49efc16adb096a3b40
B880C7991C738F11FE51D8DECD73A925,19998,res/piece/nfy_sprite_icon/ui_chongwu_touxiang_a_1_max.png.gz,1d0bd8ebfdf54685df32e15804d8eab4
4A38464981D10A8FFBC6C69BDC6D9803,19120,res/piece/nfy_sprite_icon/ui_chongwu_touxiang_a_2.png.gz,36d4d12167c1050a3ff252aca4cc3c7d
FEC44075AF5BDAFF5C516AD5A36304C0,20224,res/piece/nfy_sprite_icon/ui_chongwu_touxiang_a_20.png.gz,7329e6b6fe7ced1e474db49293360169
62E5763C08704A72F7E3B1700C2F0384,19076,res/piece/nfy_sprite_icon/ui_chongwu_touxiang_a_20_max.png.gz,01160a0de2943a4d3a24dcd21ed9f53f
DBB71153DDAC231A305A4710EF916FB3,26462,res/piece/nfy_sprite_icon/ui_chongwu_touxiang_a_21.png.gz,1926438a22d9e8ecca1e2e4673f66894
1ECB336780965A0203F237BE47BFBD36,20128,res/piece/nfy_sprite_icon/ui_chongwu_touxiang_a_21_max.png.gz,8af9117f0d666d57f1b25059afeebe9f
0BC836FBFF192E4B594D9E62F58D8BB1,29226,res/piece/nfy_sprite_icon/ui_chongwu_touxiang_a_22.png.gz,6ca7db640aa1b8e0fefd95a92be20d14
1C65791038462F414F4D5ADF9D41C4FE,15896,res/piece/nfy_sprite_icon/ui_chongwu_touxiang_a_22_max.png.gz,1929dcebb736ded7d6e9205c5e583d9d
CCE2D23B57280BD15041E5C92B39EA79,19914,res/piece/nfy_sprite_icon/ui_chongwu_touxiang_a_23.png.gz,f6842599fad61cec53d32fd26a970c07
E0EFFD205E089FC5D08EF2CD226D9A64,15970,res/piece/nfy_sprite_icon/ui_chongwu_touxiang_a_23_max.png.gz,dab20ec7e820e0a072d91dd7bf6dbb4e
740FD367D989B5A3C0BA654B9F88C395,19788,res/piece/nfy_sprite_icon/ui_chongwu_touxiang_a_24.png.gz,58c352f018c2f231bdde68fcc33607f6
DCA4AA5D7E5D3734542D2873F0825E53,18151,res/piece/nfy_sprite_icon/ui_chongwu_touxiang_a_24_max.png.gz,236a33f93db9301b304b8dc7848f228b
E8AEA962FC1B18029606E09758528534,23490,res/piece/nfy_sprite_icon/ui_chongwu_touxiang_a_25.png.gz,fe1983034eb27c9f54e743abbce94a9f
754FC522DDF9D3FF30EDB25B08D64DBA,20709,res/piece/nfy_sprite_icon/ui_chongwu_touxiang_a_25_max.png.gz,ed16eeda8cbc16eb51e6d17b985aa39a
6C1A5CE8911E02F0AF5342599C522C45,22014,res/piece/nfy_sprite_icon/ui_chongwu_touxiang_a_26.png.gz,157b00a966a95094b86815663a823215
6C48DEAD35AAC4E4F5AEC964A3D411A2,15615,res/piece/nfy_sprite_icon/ui_chongwu_touxiang_a_26_max.png.gz,c1756e2faa1b42ce415f2212eeb94d68
A131A0F0694C9877DB539528AD14586F,20853,res/piece/nfy_sprite_icon/ui_chongwu_touxiang_a_27.png.gz,14ef44845ca4f9693a236da4e2c21a93
5E5AFF6098A2A505EA2D79E21F648F3B,17264,res/piece/nfy_sprite_icon/ui_chongwu_touxiang_a_27_max.png.gz,93bcb8b196d2154e682d39d83f983a25
70D1A76CF0CA687C30B4952489F17916,22764,res/piece/nfy_sprite_icon/ui_chongwu_touxiang_a_28.png.gz,ceed93b1be60c95e6cbba9a107e9ef2b
02824AB863653CAC7F3BFEDDF9F3642D,20013,res/piece/nfy_sprite_icon/ui_chongwu_touxiang_a_28_max.png.gz,5dacc2bd7425cfdb8d011f949a834b9a
6620FD21397F90245F6B5BD88B677F0B,21592,res/piece/nfy_sprite_icon/ui_chongwu_touxiang_a_29.png.gz,75d01019249eb952bdc9aba5e2792556
3BCDC0E37BF0F8F4FE55C9F52F4A1474,18826,res/piece/nfy_sprite_icon/ui_chongwu_touxiang_a_29_max.png.gz,12572ceb2154069895325328bd1433e9
2252D7897FA3CE71893648C3F6BB7D08,16018,res/piece/nfy_sprite_icon/ui_chongwu_touxiang_a_2_max.png.gz,b8f295b07829ef683c56ee45f0997f95
457FB7ED75E88DC16FA4EC28717C65EF,20082,res/piece/nfy_sprite_icon/ui_chongwu_touxiang_a_3.png.gz,5b2e8829cc128c0f4b1f2f6270a939c0
2F2F58DC14F1EAE21EC3ABCA03E8766D,9563,res/piece/nfy_sprite_icon/ui_chongwu_touxiang_a_30.png.gz,679977574210e4047d5d204bafbcc96b
820EACD2FDE5D28E3DC252FD5C4FAACB,6329,res/piece/nfy_sprite_icon/ui_chongwu_touxiang_a_30_max.png.gz,cba0d4ef18af39e8b1ff4721ae82b232
CFB5AC2118EE3C98267E03F696A0C1C3,17967,res/piece/nfy_sprite_icon/ui_chongwu_touxiang_a_31.png.gz,e53902cf445d7e4ce0d35386770b457a
297A68D1F455D704A126994AA87A3FE6,18118,res/piece/nfy_sprite_icon/ui_chongwu_touxiang_a_31_max.png.gz,00feed9a099bfae868f97f2d274397fc
8B73CD290BF7CE29713DA996AA72AC36,19001,res/piece/nfy_sprite_icon/ui_chongwu_touxiang_a_32.png.gz,f3c4f09daa1e199107404c95f11598a6
E7E3D06E111B8171621CDC9EA0606BB5,17579,res/piece/nfy_sprite_icon/ui_chongwu_touxiang_a_32_max.png.gz,5ce9889b735187b9a0194dab7e3bce26
330A0115165CEC21B36F9A2EB521F26A,19380,res/piece/nfy_sprite_icon/ui_chongwu_touxiang_a_3_max.png.gz,b500fafed4e68b74ba94ab8c4190db2b
6BAA2CCF6F1B21BA3868892F48FBD3B5,19263,res/piece/nfy_sprite_icon/ui_chongwu_touxiang_a_4.png.gz,0caae466147c0d79837240575efafac4
EADB551AE0C73BDF4D179A4908A30EF1,11957,res/piece/nfy_sprite_icon/ui_chongwu_touxiang_a_4_max.png.gz,fba752de158d7cbe8fbfea6eefdc6f7b
F476448371A6FC76A54D87C6B9E156A2,19364,res/piece/nfy_sprite_icon/ui_chongwu_touxiang_a_5.png.gz,80c9d5e806e86e57b1e65d10587d4495
6F9D6C25F94FACE3FF5E56BC989C786E,17770,res/piece/nfy_sprite_icon/ui_chongwu_touxiang_a_5_max.png.gz,a6ee436f16f2befe446d60e696f22b25
7112528D624D8596B0B93B13483EAD86,20044,res/piece/nfy_sprite_icon/ui_chongwu_touxiang_a_6.png.gz,b62ca128ca3d255818c97283e5084733
30AC008AF1BF17B3B3EA72E9F2AB8A03,18413,res/piece/nfy_sprite_icon/ui_chongwu_touxiang_a_6_max.png.gz,ac88786714a7845d8e7304e4d82fd428
B07FD1B2BC352124F47214370339560A,19921,res/piece/nfy_sprite_icon/ui_chongwu_touxiang_a_7.png.gz,7a0038a31c5073ea868c40c7e5867893
2638FEE906FB573433CE0EF0824BE69E,18913,res/piece/nfy_sprite_icon/ui_chongwu_touxiang_a_7_max.png.gz,c53ef021a4bc2e302fc889cca151d98d
D1D6601F39F7637E2BB7122D749A3DE9,20001,res/piece/nfy_sprite_icon/ui_chongwu_touxiang_a_8.png.gz,7d621258d3d2478d1c75676c700b7622
6FEA9FF8A917E5E6B5A367730CDB88BD,18856,res/piece/nfy_sprite_icon/ui_chongwu_touxiang_a_8_max.png.gz,7ee5d648cc5c0eef47ae3d21c90a054e
7EB8DA0A01FF20BCF36294C82C3847F6,20639,res/piece/nfy_sprite_icon/ui_chongwu_touxiang_a_9.png.gz,5a80eba9598a7faa7228ebad37c6d84e
5385404BF667BC62E2535E602F4FB8E7,20033,res/piece/nfy_sprite_icon/ui_chongwu_touxiang_a_9_max.png.gz,45fe2e074e9f73d7667bbc9a57151f06
50DFC111FA0D573A058BC58D7BB58329,7105,res/piece/nfy_sprite_icon/ui_chongwu_touxiang_a_mengtu.png.gz,7f67912ac8a1f7e5b18fde803f04f157
70FD5724410F3427DC328E8B1112DFCB,25163,res/piece/nfy_sprite_icon/ui_chongwu_touxiang_a_xueyu.png.gz,cdf3e3d049f321e0a336d06f5da3fc6d
E47DE1B8775DBAAE5F895718BB9E69AD,18148,res/piece/nfy_sprite_icon/ui_chongwu_touxiang_a_xueyu_max.png.gz,d6f0b7f49c481f72e7389e7cd3862bb1
0AB66B6A3E1624D89F5BE817622B4B5B,17859,res/piece/nfy_sprite_icon/ui_chongwu_touxiang_b_1.png.gz,cb6639641f3d7033af231a6d52cf4c89
68E75E5D0D844BE75EBD4FE049564C1A,18185,res/piece/nfy_sprite_icon/ui_chongwu_touxiang_b_10.png.gz,1cdf22223def418918589624bbd759d3
5E5FB3F9C3E094AB1F498E1CC65DBDC3,13496,res/piece/nfy_sprite_icon/ui_chongwu_touxiang_b_10_max.png.gz,0b04e59bf8a2592da3243e9a2028be26
031D0CF16B391372ABF3B071CD9721F5,18059,res/piece/nfy_sprite_icon/ui_chongwu_touxiang_b_11.png.gz,017c1c2a6350d2175349c9a63ca50fd6
3BBCBDF8117CE110E0A6E114722C1577,14490,res/piece/nfy_sprite_icon/ui_chongwu_touxiang_b_11_max.png.gz,4591cd79bc7c94680a3da3a8f929f7c0
5E00065DC875D5C964DA57CA9DE671C6,17797,res/piece/nfy_sprite_icon/ui_chongwu_touxiang_b_12.png.gz,95d3cc51059650a983aa1f0de5272fd6
6A841B57B21DF63A1E3E96257E245434,16203,res/piece/nfy_sprite_icon/ui_chongwu_touxiang_b_12_max.png.gz,90a513180654715b80ec776608572a7d
4BAD1D9B750CC40151BF9644D24A46C1,19279,res/piece/nfy_sprite_icon/ui_chongwu_touxiang_b_13.png.gz,91f5b276aece5bf3492fee7488df603b
01EC135E065CC6D68755E5CF08F3956D,17620,res/piece/nfy_sprite_icon/ui_chongwu_touxiang_b_13_max.png.gz,e7e006391afbc0b82cf4487b830a09c2
83484DF3BE7B27B4D885A56F07F9BA3B,18619,res/piece/nfy_sprite_icon/ui_chongwu_touxiang_b_14.png.gz,563e17ebf721ee3848a3b51ac02bd7da
DF3550CC853CB496A2F15941B37087F8,18400,res/piece/nfy_sprite_icon/ui_chongwu_touxiang_b_14_max.png.gz,f7d5a9fa6340de11e86c20950f14266d
69B2DBE9C22874D1CFFFA79B11E0CF91,18264,res/piece/nfy_sprite_icon/ui_chongwu_touxiang_b_15.png.gz,d617b37e8c563cb63cf020e5c5f80395
AFC745CE3F29A832AB74E811971E2174,14969,res/piece/nfy_sprite_icon/ui_chongwu_touxiang_b_15_max.png.gz,871b19549a9bb9f345a65131055b0b48
F7A99A249C6618F89A5BB433E38A641A,14565,res/piece/nfy_sprite_icon/ui_chongwu_touxiang_b_1_max.png.gz,cfad9c11636c374bea779e2924b097ab
5D36B5713F72D3B5375029D420127CD3,18028,res/piece/nfy_sprite_icon/ui_chongwu_touxiang_b_2.png.gz,ba2ff571d4a8d36247843a876f16e342
CDA44FEEE0BCA9395925C30B88283EFF,15301,res/piece/nfy_sprite_icon/ui_chongwu_touxiang_b_2_max.png.gz,e795bec552b05164c8ffeb48d0965b99
5AF81853F3353EB5A1D3959D91637F69,18483,res/piece/nfy_sprite_icon/ui_chongwu_touxiang_b_3.png.gz,19b1572734ff0a611ca520299d70db91
01DA50EB5BFD8DBC686AFB0EB43F32C4,17535,res/piece/nfy_sprite_icon/ui_chongwu_touxiang_b_3_max.png.gz,32b6090c0ebc62fcb0a5506187309624
183B7D5D0427F1FE1796FCBFE01D653D,18247,res/piece/nfy_sprite_icon/ui_chongwu_touxiang_b_4.png.gz,83797fe520c97b13c84b47f191fa806e
858A189E3F4E60C7EE8BB265A0F9A6D1,15686,res/piece/nfy_sprite_icon/ui_chongwu_touxiang_b_4_max.png.gz,676b01b00eb645384c611d527fe42255
B6A3CDE7F676D99B042DF08431E4F1DB,18062,res/piece/nfy_sprite_icon/ui_chongwu_touxiang_b_5.png.gz,5e1dfd5f201114d9fe0ec1cc1f61ef62
CCFEA890A0884329FAF579EF9BC1D12C,14927,res/piece/nfy_sprite_icon/ui_chongwu_touxiang_b_5_max.png.gz,6e5fce179579a2c4f3d97cc90eda1150
2F641995E85C8776F35F5F882977F161,17686,res/piece/nfy_sprite_icon/ui_chongwu_touxiang_b_6.png.gz,6daca52fb0f82d2745f7a572f657eaec
EB3B8EE9D495903C031E8CE36F941D20,12536,res/piece/nfy_sprite_icon/ui_chongwu_touxiang_b_6_max.png.gz,e00ec0fe1b0a1f278c3dbbbb834fa1a5
6F0DB96ACDB320826E207F369AA24A56,18825,res/piece/nfy_sprite_icon/ui_chongwu_touxiang_b_7.png.gz,bf8dfd46626bb33cb6e1ce0d0c46249d
1A517F696F5C0B74DC0A67E1B3299C83,15743,res/piece/nfy_sprite_icon/ui_chongwu_touxiang_b_7_max.png.gz,5bd488fbc31e9e19f979b0e93e484df4
A4F0F8C97E6F82B20B3BB806695FE137,17918,res/piece/nfy_sprite_icon/ui_chongwu_touxiang_b_8.png.gz,5e4a7ec67d7bc966f8121e0f3353a4d9
73E5F1638FB49164B5CD67EBFF01B1C8,13392,res/piece/nfy_sprite_icon/ui_chongwu_touxiang_b_8_max.png.gz,b44efce5c9afc0b3ecaf6336bcb10a50
3973EDB2BDA02CA76EDEB0018BD18E05,17750,res/piece/nfy_sprite_icon/ui_chongwu_touxiang_b_9.png.gz,f5bbd82f65c79fcacb6e5320789cce52
22E99DC6D2576EE3D20EAA7A857C5036,13446,res/piece/nfy_sprite_icon/ui_chongwu_touxiang_b_9_max.png.gz,f141e55a82d9566ea528864830e0c990
066C0FE6F289D799FEEBE0B2FAF70251,16021,res/piece/nfy_sprite_icon/ui_chongwu_touxiang_c_1.png.gz,a0a2d25929c18331184fcd3cf2079f43
B0D1D7204B97F9879F2972D16F1EBA13,15983,res/piece/nfy_sprite_icon/ui_chongwu_touxiang_c_10.png.gz,df40ba1a7e0bc2c5bca28f760955803b
58EAE6A902FA360B85F330DF292C021F,9870,res/piece/nfy_sprite_icon/ui_chongwu_touxiang_c_10_max.png.gz,c29e7a635e2b88dc357a073c284960ed
B1DE589271A88820ED82DD0A0FA17900,15697,res/piece/nfy_sprite_icon/ui_chongwu_touxiang_c_11.png.gz,8aa0c280198bef24fe6322d7595b1c8d
2513942BB2E4F8D099BF765914FD1E8D,9596,res/piece/nfy_sprite_icon/ui_chongwu_touxiang_c_11_max.png.gz,7b854feaa3b6a9f4e38cbb05b5c7b0ce
A4E712EBC293C153C4E97AAF3D60C7C8,15944,res/piece/nfy_sprite_icon/ui_chongwu_touxiang_c_12.png.gz,203a3d459ec3330b7fb6b8ea2554d3bb
1B38296AF4D46024FB8056418E8F7320,10520,res/piece/nfy_sprite_icon/ui_chongwu_touxiang_c_12_max.png.gz,499dc62326b3128e9e04dddf19788091
D0A63C57EFA4A9D5C80248B6DFD6A8AB,15746,res/piece/nfy_sprite_icon/ui_chongwu_touxiang_c_13.png.gz,23626bbfe402fac67e3db9e83ba2972a
890C5A1DB0AC9C722488B247160EB124,9385,res/piece/nfy_sprite_icon/ui_chongwu_touxiang_c_13_max.png.gz,dd13e90152dd4174c5b58117cf3ebe5a
DDACA87BF87FB4C2541753D29BC6D082,15731,res/piece/nfy_sprite_icon/ui_chongwu_touxiang_c_14.png.gz,7216442c69d3db12b746cb6058c0b4f6
862E61E206F45E164195B39A806E15B0,9870,res/piece/nfy_sprite_icon/ui_chongwu_touxiang_c_14_max.png.gz,d7a3aa60c02f0c13713d3e3a23e33510
B078160C1AEB377E0234F072D275DF11,15722,res/piece/nfy_sprite_icon/ui_chongwu_touxiang_c_15.png.gz,289717d75264e41e8095c46d68ef833c
98E5EDF2985D66AFAB46DBEF8CD555C1,9842,res/piece/nfy_sprite_icon/ui_chongwu_touxiang_c_15_max.png.gz,1f95312ac3483ba7e33880c9157e2da4
3E2ECA11F399259BEE16F4C46674A12D,12324,res/piece/nfy_sprite_icon/ui_chongwu_touxiang_c_1_max.png.gz,eaead44035b10bda0054fc0a3b2903df
EFEB0513E5FA4C97A74BCE2AFF4B369A,10646,res/piece/nfy_sprite_icon/ui_chongwu_touxiang_c_2_max.png.gz,3fa0928ee59c0200557e37f18bd44836
14889E3AC26E1180CC48BCBF5686CA66,10749,res/piece/nfy_sprite_icon/ui_chongwu_touxiang_c_3_max.png.gz,7c9631e3d06717f940d3d52fe96c0ff4
8C1E525987CAA73FB18ADB3D16851684,11029,res/piece/nfy_sprite_icon/ui_chongwu_touxiang_c_4_max.png.gz,a440d0c4c4583177ba3a03baa9f926c5
B04971E2BE4E4AF6BCA931C61B5E8A6E,12431,res/piece/nfy_sprite_icon/ui_chongwu_touxiang_c_5_max.png.gz,e05d90748c341d8371a85afd53b0b6c7
7BE5A184963DD02577B0582287D364EE,10610,res/piece/nfy_sprite_icon/ui_chongwu_touxiang_c_6_max.png.gz,f5dc36cdb013bc8ad2c5b853342dc975
038FB81979943BDB4A258A861CC39208,12137,res/piece/nfy_sprite_icon/ui_chongwu_touxiang_c_7_max.png.gz,c5ef79c10300df238dd6407401f9b3cb
9C7279BE2650108967D208629281147F,12287,res/piece/nfy_sprite_icon/ui_chongwu_touxiang_c_8_max.png.gz,fc0e45de0d573678e515c14ddf9de331
5AA06651261758F3A9B3C0AA484D68E3,15765,res/piece/nfy_sprite_icon/ui_chongwu_touxiang_c_9.png.gz,1a11843a59317edfce8e274fb92482d5
F0B1937D749123ABE11CB6CF36382FCD,9483,res/piece/nfy_sprite_icon/ui_chongwu_touxiang_c_9_max.png.gz,749cc80609b7d2c14b38edb66e3462d5
C3D09A4AC87F73745A7033DB51810EE1,16191,res/piece/nfy_sprite_icon/ui_chongwu_touxiang_heiyan_1.png.gz,3491ea0950546257256baa2d0644fc0f
B75C39496BCACEFC22EBBF4E629D5078,17677,res/piece/nfy_sprite_icon/ui_chongwu_touxiang_heiyan_2.png.gz,760fa2c569e53f18f3bb85fe1d727f33
A1C3A5F20F15EDB6E92FE3647D9363F5,20024,res/piece/nfy_sprite_icon/ui_chongwu_touxiang_heiyan_3.png.gz,423d1f5d58a39cce1237afc1124cfac8
AD3EFC5A739F4FB96FAB32CE5345AD63,18372,res/piece/nfy_sprite_icon/ui_chongwu_touxiang_heiyan_4.png.gz,ccec9792470209185a6ef5c1fd960d97
D163B1E944E377815CECE94C31EFF359,16641,res/piece/nfy_sprite_icon/ui_chongwu_touxiang_qudao_1.png.gz,f66b247f4088dc0f76f43c0fd27c5d3c
6DA6574F82591D25D4E6D4C312E64365,17603,res/piece/nfy_sprite_icon/ui_chongwu_touxiang_qudao_10.png.gz,5eb60b94657fb163b0104d9b0d0a20f1
C7DFB9340CF82680BF0A51F5FE92F2E0,15482,res/piece/nfy_sprite_icon/ui_chongwu_touxiang_qudao_10_max.png.gz,df73f01deff88635f86316cccdd4b3d8
48205FB0B39DF8F93B6ABF3AB589F3EE,18185,res/piece/nfy_sprite_icon/ui_chongwu_touxiang_qudao_11.png.gz,86c95771798cb356e987eb67747b0921
75D8AACF20F10672B560E1B2D472970B,14985,res/piece/nfy_sprite_icon/ui_chongwu_touxiang_qudao_11_max.png.gz,041f89667427faa981a9a2c9de10e7f8
F031347A4CA648D63B00C5EB4247A3B6,19484,res/piece/nfy_sprite_icon/ui_chongwu_touxiang_qudao_12.png.gz,8f384137df0d4031a47147ba216a809a
363FC8AFE059600F1B95E24F0FE4690C,20330,res/piece/nfy_sprite_icon/ui_chongwu_touxiang_qudao_12_max.png.gz,332559ae9a341d89884e36958c4d7602
74D81DD719D92F198B889FEA5CB9A9D8,19465,res/piece/nfy_sprite_icon/ui_chongwu_touxiang_qudao_13.png.gz,e75fd54c5d38922c7c635f67e16e8c0a
5114EC96C47E4B0A1B1701D40E332C2B,19731,res/piece/nfy_sprite_icon/ui_chongwu_touxiang_qudao_13_max.png.gz,aef788c85c68bd9ffdda4203f199df76
E8F3430E29554245040CE0F93478790F,8740,res/piece/nfy_sprite_icon/ui_chongwu_touxiang_qudao_1_max.png.gz,1daafdd0f809a38797d0652607d198ec
BD31EFFA8621CE32589285DD94014E75,17515,res/piece/nfy_sprite_icon/ui_chongwu_touxiang_qudao_2.png.gz,7ef138d2cb02b41b4aa04b61e7e0bfd3
F89890E81666C54A88D268E16F32DC1A,11297,res/piece/nfy_sprite_icon/ui_chongwu_touxiang_qudao_2_max.png.gz,da6121990b9b002d7715ccbdd4a0f88a
6E82768D64CBE618A88926BBC905FC75,17656,res/piece/nfy_sprite_icon/ui_chongwu_touxiang_qudao_3.png.gz,e0bd61f570e7b10835cbfb5d6f1659c7
254F350050A5487A9E8B08C6C49DDCAC,15157,res/piece/nfy_sprite_icon/ui_chongwu_touxiang_qudao_3_max.png.gz,b4cb8e32e3bdaef4c92ce1acc8d161a3
1848A36C8A9F44325D78DF587B34829A,17324,res/piece/nfy_sprite_icon/ui_chongwu_touxiang_qudao_4.png.gz,6c43ff9cc848d5537808f22d1f242f2d
2A5E64B4BDEBCDF90E3A7416EB3F2783,12265,res/piece/nfy_sprite_icon/ui_chongwu_touxiang_qudao_4_max.png.gz,b692efca6306517f39095e7c252509f0
0304CA23B482E376B297499B95439F02,18555,res/piece/nfy_sprite_icon/ui_chongwu_touxiang_qudao_5.png.gz,80bbfe93987d1d2b11858c12bfc429cd
1ED29BAEFBDFF173CDAE44594280826F,17682,res/piece/nfy_sprite_icon/ui_chongwu_touxiang_qudao_5_max.png.gz,aa5986dd5d1bb3986427fc68f172cdf6
03B4DF6F507092DF8238A428FDBD47E8,18269,res/piece/nfy_sprite_icon/ui_chongwu_touxiang_qudao_6.png.gz,fb2c9a00c1f587ea012e8c5a3eb86ad7
058B8BBD5BF7CA1C6D501B1DD9297AA5,16250,res/piece/nfy_sprite_icon/ui_chongwu_touxiang_qudao_6_max.png.gz,b3fc135482d2150ee66dfaa3748fe903
55F61715B6A2EAC1B816C4000A552A4E,20127,res/piece/nfy_sprite_icon/ui_chongwu_touxiang_qudao_7.png.gz,f6a3f13d834b2a32a11344d48d1f49d2
236819D0C1F30BF87603891A6791C016,23794,res/piece/nfy_sprite_icon/ui_chongwu_touxiang_qudao_7_max.png.gz,6265305a17e7b4c256fa5b3b2c28c956
ED14B83CD57CEF76FC3E6B5A70C5FA23,16983,res/piece/nfy_sprite_icon/ui_chongwu_touxiang_qudao_8.png.gz,d91f36175634dd0f19c085c2c55cca8f
51460962D30210113BE31CFED15876C8,14463,res/piece/nfy_sprite_icon/ui_chongwu_touxiang_qudao_8_max.png.gz,0166f745c9b9759b7bda169984e9e329
A8ABC9E4F24CAA18C2D678B2F79BD993,18538,res/piece/nfy_sprite_icon/ui_chongwu_touxiang_qudao_9.png.gz,002293233d65fa914dc32cca016159ae
32BCDC5541E7880BDDB4B8396DFDB82C,16132,res/piece/nfy_sprite_icon/ui_chongwu_touxiang_qudao_9_max.png.gz,193c8eaf2b13f54248e0ac690dbe4625
32073A594339D884AE3891D2D85C3CE5,21549,res/piece/nfy_sprite_icon/ui_chongwu_touxiang_qudao_heiyan_1.png.gz,23371107e1d2aec988184a358ec8742f
9A606A737E063DB6A13E30847F5E5D9B,13207,res/piece/nfy_sprite_icon/ui_chongwu_touxiang_shenyuan_1_max.png.gz,04e688653093b9ea5613be7d97d8ee8c
02C56AEE0753649FD4590DF7848037E9,17305,res/piece/nfy_sprite_icon/ui_chongwu_touxiang_shenyuan_2_max.png.gz,9460c7c0af0be90acf22b7809f923a16
F0B718B17C7D6C2D75419F8EDD7998BA,12450,res/piece/nfy_sprite_icon/ui_chongwu_touxiang_shenyuan_3_max.png.gz,6c55aa3e449adebde1b45e010da398a2
F48D49BA3D6C20D6FB4ADE20319B81C6,20220,res/piece/nfy_sprite_icon/ui_chongwu_touxiang_s_1.png.gz,b2a00ecef93793b37ff731725133cee7
3154F1A545F7A7E3D30F4E28DD6301AF,19754,res/piece/nfy_sprite_icon/ui_chongwu_touxiang_s_1_max.png.gz,a99dac8da0a61fe8be5da83091f3cba2
ECF2EF8CA389BE0E73C2B7F8CF74E2A4,20126,res/piece/nfy_sprite_icon/ui_chongwu_touxiang_s_2.png.gz,20ac2f0eea1f5405a340b78544a6f7d7
465DBCDB766D9FAF23E3A8453D6D7578,18953,res/piece/nfy_sprite_icon/ui_chongwu_touxiang_s_2_max.png.gz,197839e31937888c21525fc39796ffdc
9F4F58752530B0AD7B1D7B44D51C2067,22598,res/piece/nfy_sprite_icon/ui_chongwu_touxiang_s_3.png.gz,1463859bb72cc8340fb84b9474ef0c9f
C26242D55371B29ADAAB0C7EFB6E4328,18469,res/piece/nfy_sprite_icon/ui_chongwu_touxiang_s_3_max.png.gz,6e48d69170a07f6013e57e01e4bde4e4
3851CBA34EAFF916F3FC687F401DB788,25882,res/piece/nfy_sprite_icon/ui_chongwu_touxiang_s_4.png.gz,258a8b96dd5c40456a0959d9985eee93
FB3AA7AC13C231465C3C3F894B53E8EE,17911,res/piece/nfy_sprite_icon/ui_chongwu_touxiang_s_4_max.png.gz,fe57761c40752c89d54b521befe47bce
D3547FD7EC5F21F26C70DE3119157712,20819,res/piece/nfy_sprite_icon/ui_chongwu_touxiang_s_heiyan_1.png.gz,5e80f437d0a13105c177730c134a1e7f
0BEB585D18C1975609AA1A47CDDBDD25,24282,res/piece/nfy_sprite_icon/ui_chongwu_touxiang_s_heiyan_3.png.gz,b880886984ea860f3cc8e9b6354cc3a8
1AC01A44418B658A155E814A05AD3F12,23007,res/piece/nfy_sprite_icon/ui_chongwu_touxiang_s_heiyan_4.png.gz,90fd4801e60158f494f1d68d9ee35c47
9D8013EAC5A78CE4EB4153C8B58138E2,20073,res/piece/nfy_sprite_icon/ui_chongwu_touxiang_zhuanzhi_1.png.gz,a6e2412bca67b4d3d66f70e901dcc2ec
373256E05EF2120F7276198A7E09964B,14153,res/piece/nfy_sprite_icon/ui_chongwu_touxiang_zhuanzhi_1_max.png.gz,52a118c0e91c988ffb46e5e59bafeb00
3644A5A3238DFE995F5BE8EC03CFEE0A,19933,res/piece/nfy_sprite_icon/ui_chongwu_touxiang_zhuanzhi_2.png.gz,c5b77cd8bf123925085179b62f2173ce
903C0D33C0441025907C3563FE2FFCBE,13427,res/piece/nfy_sprite_icon/ui_chongwu_touxiang_zhuanzhi_2_max.png.gz,1f0e1922fd0458de20e7114b0fe74ebc
9CE538EFEDE31FC145B4140ABD64AFC7,20223,res/piece/nfy_sprite_icon/ui_chongwu_touxiang_zhuanzhi_3.png.gz,afd8c85b08918410604b20a6e5619e9d
63300FBF525A295FE1FD8D9193360F6C,19919,res/piece/nfy_sprite_icon/ui_chongwu_touxiang_zhuanzhi_3_max.png.gz,80e079377771d1cdd6beabbb76d1a9bf
00F425F7B8A8993C307E3C7464025754,20630,res/piece/nfy_sprite_icon/ui_chongwu_touxiang_zhuanzhi_4.png.gz,7d61359c0bee8febc6242dc52e206bbc
53E8F94F1169ACE8271405C8BEEAEC3A,19233,res/piece/nfy_sprite_icon/ui_chongwu_touxiang_zhuanzhi_4_max.png.gz,522bf0f78a121c8fe5db2ea2c1628a2b
5F3127F6527709DEC76BF967A5058CE6,19786,res/piece/nfy_sprite_icon/ui_chongwu_touxiang_zhuanzhi_5.png.gz,9d2fbaef6165bab4576b07b46d848cf9
B57A8DF00D5B609B6DACA37A10913813,16254,res/piece/nfy_sprite_icon/ui_chongwu_touxiang_zhuanzhi_5_max.png.gz,2f53d486b9af81f135d1ee44bf13999f
5F18BEC7A89B0ACA3D019DA4A74E832D,20397,res/piece/nfy_sprite_icon/ui_chongwu_touxiang_zhuanzhi_6.png.gz,e19dc58f6119bf2b65a7956cace0df7b
E6B5804E2A79F8AE8BC0A8C15D50B240,17571,res/piece/nfy_sprite_icon/ui_chongwu_touxiang_zhuanzhi_6_max.png.gz,c4f039804dd415bfc174785cd3b17cfd
41ADA5B3CEB3E5139A170605842D4221,478111,res/piece/nfy_stage/ui_xuanguan_beijing.jpg.gz,9c52eb792c4e4e30e513771a7a689f0b
EFC217ED849CD1CCE37F6CA7AF0D0A18,967395,res/piece/nfy_stage/ui_xuanguan_beijing2.jpg.gz,8a03fb506017c00d147e446773524e56
B5282A4DA2EEFB7686A2D75E7740F683,1916220,res/piece/nfy_stage/ui_xuanguan_beijing3.jpg.gz,5166838292c96323460ea3b0f9db7710
1A5077AF75BA16580ACEF8414F40D226,33978,res/piece/nfy_stage/ui_xuanguan_changjing_1.png.gz,d39a0564f3aceac3f5ee540902403fa6
D8D51F72B06D0066B6324C661977A52B,40876,res/piece/nfy_stage/ui_xuanguan_changjing_10.png.gz,ad919cba8c5b71b184581adae7f4087b
9A0F22DE8F2086CE0FA755A7CF6A4AA6,42977,res/piece/nfy_stage/ui_xuanguan_changjing_11.png.gz,03bc1242a73428fce395cc59772e1314
1050D788AF3F7E01E7E94653E9F05A3C,39396,res/piece/nfy_stage/ui_xuanguan_changjing_12.png.gz,07a499688704405e6d4a6471d9da9eca
3B7C7E44DA3E35988FC7D875AB4CEC90,62297,res/piece/nfy_stage/ui_xuanguan_changjing_13.png.gz,e5974a73fc22b96044f3720f866589af
1DF95D49CB54FE172DD63C881732B31D,45351,res/piece/nfy_stage/ui_xuanguan_changjing_14.png.gz,a23833207c8592fc8c3102462b14d1a9
C7C4A2FB1AF8E3DD4746CCE40A92F78F,46532,res/piece/nfy_stage/ui_xuanguan_changjing_15.png.gz,8af2403df73654f49a6478bc460dc10b
62E835288E921FF2203DE6A3457BA7A1,44398,res/piece/nfy_stage/ui_xuanguan_changjing_16.png.gz,3446dfc3c6ec2bebf1d1dff94a375330
7D738D75E3F803A95821EC57379BF1A4,45767,res/piece/nfy_stage/ui_xuanguan_changjing_17.png.gz,22dac85f4bd65e418464bd0994b83d8d
D1DE61893E1FDE23998011FACAB1E289,44254,res/piece/nfy_stage/ui_xuanguan_changjing_2.png.gz,cb48efb517e2625767563b22216ec6c5
760D31194A611FE7EA3CB1B27385595B,61584,res/piece/nfy_stage/ui_xuanguan_changjing_3.png.gz,a5f8d819dcb33911b145ca343a04d43d
EC9DAFCCAA78B7F49AF5343316CC73F9,57807,res/piece/nfy_stage/ui_xuanguan_changjing_4.png.gz,3477a75f40cdcb70b610408c8eb32dfa
4B022BED27B05A8961A30478F4159E5B,40153,res/piece/nfy_stage/ui_xuanguan_changjing_5.png.gz,ee9a02a8a4b9be611bd06f6657a91b36
E8FC6EB3959C0970CA84660A68F7EE0B,45821,res/piece/nfy_stage/ui_xuanguan_changjing_6.png.gz,ac6146078ba1b51a61daaa479786e742
D41A0F3A5D6E01C151F7B7765C3AC8FF,43450,res/piece/nfy_stage/ui_xuanguan_changjing_7.png.gz,3fe7fd19f412ad376a151f56de161fe5
AD116C79ED406221069D2212F0AF9159,34066,res/piece/nfy_stage/ui_xuanguan_changjing_8.png.gz,f1ec72130461a2a6116f07ff1441a245
C8FDCF8DAF9AF916336834C43C4D1A6C,37734,res/piece/nfy_stage/ui_xuanguan_changjing_9.png.gz,2accd669e5f5da699bfa58b7a0f8b447
1079A12FA3A2E5593348EF3F375BDF8A,63437,res/piece/nfy_stage/ui_xuanguan_guanqia_bg_changjing_stage1_1.png.gz,f5a1a192009a4763db8d2c603c1c4fc5
C67AEB574A58B8263A1307D1CC3EE791,50483,res/piece/nfy_stage/ui_xuanguan_guanqia_bg_changjing_stage1_2.png.gz,6e002b8f4ac1b02ed0cf62613496d690
8D5D2853BA8AF76851EB9E67DB334599,60220,res/piece/nfy_stage/ui_xuanguan_guanqia_bg_changjing_stage2_1.png.gz,17e6dde2d155c9858df832afd935f039
6E4B85ECD7D4716F15889AE503920966,45823,res/piece/nfy_stage/ui_xuanguan_guanqia_bg_changjing_stage2_2.png.gz,1cc5aaeb678b222e6099c973a3e0a526
7D14494B31C626CC9071611F095FF8B9,42078,res/piece/nfy_stage/ui_xuanguan_guanqia_bg_changjing_stage3_1.png.gz,9a0c09cc5f68fa06ff991e9e089991a3
69307988B15150BD6086138618F2962B,56407,res/piece/nfy_stage/ui_xuanguan_guanqia_bg_changjing_stage3_2.png.gz,f43f95cd6d3c3f867dec4d04e88a1c7d
D87FD7A11CBCF863572F0787C9C1641B,36379,res/piece/nfy_stage/ui_xuanguan_guanqia_bg_changjing_stage3_3.png.gz,a96b83b52e66fe6f7c248f1b139ed628
72DCFB503F21A7DA2D1A8BDDF2D86554,49983,res/piece/nfy_stage/ui_xuanguan_guanqia_bg_changjing_stage4_1.png.gz,e59f42779a24fc76e50d6521679e204d
9FCE5B89A7ABB434101E4861FD6A84A9,39905,res/piece/nfy_stage/ui_xuanguan_guanqia_bg_changjing_stage4_2.png.gz,2fe7684ee44b7bb5a895ce43fb5a71e2
1000141F0C418141818FD422CFFA5594,39542,res/piece/nfy_stage/ui_xuanguan_guanqia_bg_changjing_stage5_1.png.gz,72e147cb35ef1e41d75c8c156f1730d2
7AF98B69D355A3D524D6035B322F6569,53475,res/piece/nfy_stage/ui_xuanguan_guanqia_bg_changjing_stage5_2.png.gz,4327117a7d9a926e68ce1ec1ec7761fc
15F86C97E148CE35CB1D79E92404E569,56100,res/piece/nfy_stage/ui_xuanguan_guanqia_bg_changjing_stage6_1.png.gz,8a1affd56cb5da0b5eb390f61f9724b6
887EAF223DBF1A709B65DE37793C2420,42538,res/piece/nfy_stage/ui_xuanguan_guanqia_bg_changjing_stage6_2.png.gz,99bc40dae694cbe1a0c5c2666d923cbe
D5ECF5D5611CEFA3D69D388903E20FB0,43898,res/piece/nfy_stage/ui_xuanguan_guanqia_bg_changjing_stage6_3.png.gz,b6794c0c1fc0568f42320a4103fd3795
7B5FCE141563C2A83FACAA78545BAFF4,54672,res/piece/nfy_stage/ui_xuanguan_guanqia_bg_changjing_stage7_1.png.gz,82a080ee9714433182a9afe733856f73
96A2E35A29CD9812E53F2CA81367E727,50025,res/piece/nfy_stage/ui_xuanguan_guanqia_bg_changjing_stage7_2.png.gz,e4ba16fd351fcdb36aebb51215b1642a
AB6A5123B65C4DF12356B3E8C9A93078,49603,res/piece/nfy_stage/ui_xuanguan_guanqia_bg_changjing_stage8_1.png.gz,26b3589222852ff20cb33090f6503a1f
8B0EAAFB52AF00EF1CC224EC21D766C2,50181,res/piece/nfy_stage/ui_xuanguan_guanqia_bg_changjing_stage8_2.png.gz,9e8ac795b4606a5f485b4e55946b1401
F923EC38214E8B778BD001A2EDA3339D,32387,res/piece/nfy_stage/ui_xuanguan_guanqia_bg_changjing_xin_3_15.png.gz,65179396a83d2ab8673c6e21a19d1c6a
94F09044C15A21CA48D53392311399FE,51831,res/piece/nfy_stage/ui_xuanguan_guanqia_bg_changjing_xin_3_20.png.gz,eb96575bc93b8f4008a5029c1866b266
5E07AE90FBC94720F83F0A126D601231,48710,res/piece/nfy_stage/ui_xuanguan_guanqia_bg_changjing_xin_4_10.png.gz,9ac602729231723bfa5afa27e7492c1c
FCFE47ED36007BEBB0F0047C5B2BB49B,45153,res/piece/nfy_stage/ui_xuanguan_guanqia_bg_changjing_xin_5_5.png.gz,090b654e88179d37bb5d090f3ab950bc
550EDCD7497E35551BB3092385A5364D,54648,res/piece/nfy_stage/ui_xuanguan_guanqia_bg_changjing_xin_tansuo8.png.gz,745e62ce2d3ea5b8606269c3a35b29d9
077B1BA50D30226BFE38CD9E7AF9D267,35153,res/piece/nfy_stage/ui_xuanguan_guanqia_bg_juese_stage1_1.png.gz,9733793c3fc32300942811e509b5a59a
E9224ED01D3BC69B3F149AAAF1F6E9CB,30287,res/piece/nfy_stage/ui_xuanguan_guanqia_bg_juese_stage1_2.png.gz,e8966204168d5f1758f2426da8598ecb
A927BFB612CD4C3D75D4D8D1E1681CD4,32138,res/piece/nfy_stage/ui_xuanguan_guanqia_bg_juese_stage2_1.png.gz,e4b06b36a00343415fd47e0bdbfbd7a2
F93A885FA9F5C9933B0591E424304395,31337,res/piece/nfy_stage/ui_xuanguan_guanqia_bg_juese_stage2_2.png.gz,6f506af6bf5d0802a0120750ef955f74
960D15D8EF2CD7407E95D5532778C523,35542,res/piece/nfy_stage/ui_xuanguan_guanqia_bg_juese_stage3_1.png.gz,e6d0d4132e8c98bb39e11e80cf6b0058
24FB6EF5254D85CF647CA14B76BF7882,44204,res/piece/nfy_stage/ui_xuanguan_guanqia_bg_juese_stage3_3.png.gz,a35b8f29b0036d4a03847f3004ddf84d
24F1A0E3147E5A16C2D4D2D4929FA3F1,36349,res/piece/nfy_stage/ui_xuanguan_guanqia_bg_juese_stage4_1.png.gz,7e1828e4f89809b8f440b63e8e66d663
DB544E1E379B8B340FDC4546DD9087CE,32090,res/piece/nfy_stage/ui_xuanguan_guanqia_bg_juese_stage5_1.png.gz,1f888aaeb6223817b64ef9f155e31f18
5D2595E859760491050544F23A308276,30355,res/piece/nfy_stage/ui_xuanguan_guanqia_bg_juese_stage5_2.png.gz,7f1860e910c89d5334d336087c416f85
AC4EAAB5D659B746C54063DBEB20179C,28894,res/piece/nfy_stage/ui_xuanguan_guanqia_bg_juese_stage6_1.png.gz,fbfe1662da3b7fc9ce17ea6f9309cd8c
D0FB84F19A5A9B3737250338142312D4,35237,res/piece/nfy_stage/ui_xuanguan_guanqia_bg_juese_stage6_3.png.gz,8eef072c44a954aced7fa30729070e67
6647F10448C5B1C9061156877F3B0D88,35161,res/piece/nfy_stage/ui_xuanguan_guanqia_bg_juese_stage7_1.png.gz,b42f2014e4e84a7702ea7baba8d2aa01
A62ABADE124EC7221E3E2FEDC96688E2,36679,res/piece/nfy_stage/ui_xuanguan_guanqia_bg_juese_stage7_2.png.gz,073e875d6ee93be9c9d2ef9d54c43748
D8652229140B0F86D326CAA6006A9686,45696,res/piece/nfy_stage/ui_xuanguan_guanqia_bg_juese_stage8_1.png.gz,4234279b4c70adf47af70e6791bc75ad
2DEBC90FA8AB97122626A66CD79038C3,49909,res/piece/nfy_stage/ui_xuanguan_guanqia_bg_juese_stage8_2.png.gz,bc7cd6445b7e5aa6201a110873d8dea8
8D42C05FA2A8C994F3EE06B5B6AA6A54,50151,res/piece/nfy_stage/ui_xuanguan_guanqia_bg_juese_x_1.png.gz,c238288e4d353b7e22bc6cb3c7079d3d
F98F372662B917CC43973199B0E99BCA,46320,res/piece/nfy_stage/ui_xuanguan_guanqia_bg_juese_x_2.png.gz,042153c80d63018b3f30d3753f981afb
53A2A24F5982054B44C33FF0A473033F,6307,res/piece/nfy_stage/ui_xuanguan_guanqia_bg_juese_x_x.png.gz,622c4b1962819b45c968ac061267dc6b
EA245051418581AC7767497393557378,50850,res/piece/nfy_stage/ui_xuanguan_guanqia_changjing_cangku.png.gz,b62a1918edcd0bf82ee1f69f38eb968c
8F3BCE6FCFA83AE234F4FE44580C342E,70264,res/piece/nfy_stage/ui_xuanguan_guanqia_changjing_feixu.png.gz,bb22e20f64a2a3f809c5718bf36528a4
A68CB4037CAC21BFAF0B71B8A41DD0F3,48744,res/piece/nfy_stage/ui_xuanguan_guanqia_changjing_jiaban.png.gz,284801383d945f12a6046dd04426574f
66C3DB08F7B6E78F750251B44AE7F840,36688,res/piece/nfy_stage/ui_xuanguan_guanqia_new_baidundaolong.png.gz,623f05f568945c33be5122bb7899e740
358B4D1D1AD40ECCF9FB00005DFA2C35,41891,res/piece/nfy_stage/ui_xuanguan_guanqia_new_chaomanhaoduizhang.png.gz,15924d6f2923bb642bf6343a3ef052db
A1A1AE0B0AC4BD70F57F76FD5447A0F8,24012,res/piece/nfy_stage/ui_xuanguan_guanqia_new_duyanxukong.png.gz,7d72c4e4f5a304b1436d200b021944a5
F26F8ECE4A0789DCCB54B83A6A52F998,27775,res/piece/nfy_stage/ui_xuanguan_guanqia_new_guyongjunjujishou.png.gz,953fedd266391514d585bc7d203eb4fb
E204EA7CF514F1B989A6D2205B65B84F,23380,res/piece/nfy_stage/ui_xuanguan_guanqia_new_guyongjunshoulei.png.gz,20e949c6597a309c761acd396e6b6308
341F14D7B52C78F5D4FABA41FEBAD05B,35606,res/piece/nfy_stage/ui_xuanguan_guanqia_new_hongmanhaoduizhang.png.gz,f6bfc51d1f93337c2a28c53c269907e1
62A72FBFAAE7A3069BFE164ED64A976B,40825,res/piece/nfy_stage/ui_xuanguan_guanqia_new_hongmanhaodunbing.png.gz,5791d6724c361a5311e5b79a9e2b9413
86A427804AAEB2B4E6115433A66AB3DF,36835,res/piece/nfy_stage/ui_xuanguan_guanqia_new_hundunshikongshou.png.gz,aceb308e6987227f2f7219c2560756b0
35447A6D60F98A5F69578FCE2044B091,31760,res/piece/nfy_stage/ui_xuanguan_guanqia_new_huoyanyiyinglong.png.gz,93066e308275b3a0beebbad52347f79e
F4F132E8B946297C7F7F7ECF87766C54,33788,res/piece/nfy_stage/ui_xuanguan_guanqia_new_jixiegouguangyi.png.gz,417dd7d191d88586c93bc56f396cf406
632C7D0BB2F18595C558D1A775EA66F0,32591,res/piece/nfy_stage/ui_xuanguan_guanqia_new_jixiegoujinzhan.png.gz,7bcdb97a5e824e5502f2a1b8e8c45136
63FBF29D5E869873A839C1A293DE8D76,33235,res/piece/nfy_stage/ui_xuanguan_guanqia_new_jixiegouyuancheng.png.gz,7d076b061235b01c7bbf3c10466e6916
8B4BC2EBA209B36B764FA9830E77CF13,38762,res/piece/nfy_stage/ui_xuanguan_guanqia_new_lanyiyinglongdundao.png.gz,709d5d8fad8f1a4470224235b9cf8d81
7431800E9709416C5CCF4A9C46A62D69,26599,res/piece/nfy_stage/ui_xuanguan_guanqia_new_qiangjianbing.png.gz,1ee3c4aec968761ca334f3b0d2e7723d
FBCC2572C0296F5983D7E2102AC9CC93,49864,res/piece/nfy_stage/ui_xuanguan_guanqia_new_touxiang_chaomianhaodunbing.png.gz,dd4a59f32cc6f18ed68c563a866c988a
CCA5D4D0AA1D80F1DD7F9DCD0ED1A656,46293,res/piece/nfy_stage/ui_xuanguan_guanqia_new_touxiang_chaoyiyinglou.png.gz,216cb7d4250d136f66d51edcd46caa56
E9F50D6ACB9ADDD1D3172DAFD3FF8708,39140,res/piece/nfy_stage/ui_xuanguan_guanqia_new_touxiang_dundaolong.png.gz,b864c3f41e26d126d9e82998e0e80771
BC4AF436766A4B19269E4F193AA8DA71,45351,res/piece/nfy_stage/ui_xuanguan_guanqia_new_touxiang_guyongbinghuojian.png.gz,e3df716fd9fc5d34920ee46994b77ff3
ABB4F0F976B2533B8F23B4D34AEADCDA,33964,res/piece/nfy_stage/ui_xuanguan_guanqia_new_touxiang_guyongbingsandan.png.gz,5b73933ac7c5c4d002e493ca0bd09e07
F88EB261E069830029C03665BFADD4DA,28181,res/piece/nfy_stage/ui_xuanguan_guanqia_new_touxiang_guyongbingsandan_2.png.gz,def8e069419823e64af9dc371f14ed82
BDEC8904C7BE47A3017BA23BFD0FD34E,35471,res/piece/nfy_stage/ui_xuanguan_guanqia_new_touxiang_guyongbingtezhong.png.gz,c18c57c790e0bee011f2d0ec3c596599
7E1DC26361BCF20C58358D68935C32D4,38546,res/piece/nfy_stage/ui_xuanguan_guanqia_new_touxiang_hongmanhaoduizhang.png.gz,0c48f72231eada99a5ef171516899db5
CB59A183DA425EF0F78E148F9C586096,39364,res/piece/nfy_stage/ui_xuanguan_guanqia_new_touxiang_jixiegou.png.gz,9376180c60f48bf5e62e704e4616745c
1CBF83EFE8A0BF361CAF8F8D4CD626B6,37687,res/piece/nfy_stage/ui_xuanguan_guanqia_new_touxiang_jixiegouguangyi.png.gz,62197e524451ff07625f4cc55cb4bec0
9C2C4B8BD85D167AB3BF6CA61E9F8A5A,42397,res/piece/nfy_stage/ui_xuanguan_guanqia_new_touxiang_lanyiyinglong.png.gz,59789dab2bca2f251a364ae6ac329fd2
B70A447F0570E8FA33032881336635EA,42220,res/piece/nfy_stage/ui_xuanguan_guanqia_new_touxiang_manhaoduizhang.png.gz,05d012a56dd1d13f82c880a6e9dcd916
4F598EDE41E3748FD9D0ECEB657DA986,36576,res/piece/nfy_stage/ui_xuanguan_guanqia_new_touxiang_xunshoushi.png.gz,db060986d5f6d60a34683f5137521de1
97C118B9BFE5016A069DD1AFA4201B7F,51513,res/piece/nfy_stage/ui_xuanguan_guanqia_new_touxiang_yiyinglong.png.gz,565de5195b9ab6f1c3a013b34d538f32
5448A073DAB03EEAA20A0AE49CE04DD5,29016,res/piece/nfy_stage/ui_xuanguan_guanqia_new_touxiang_yiyinglongshuangzhua.png.gz,3085149d0e2381dc93706232ac6f202f
7706FF1D632931F72CCEC1D7F2D545E5,41653,res/piece/nfy_stage/ui_xuanguan_guanqia_new_touxiang_yizhongbing.png.gz,1034cd3de9a577597fdf536c05c13158
4BC1E395F708943E6A6BB3FB9738A01C,30923,res/piece/nfy_stage/ui_xuanguan_guanqia_new_touxiang_youlingyingwang.png.gz,cfb48a2f35e091ab3ac47560e8960fef
F26580450EFFF46B9D404824D088E120,22661,res/piece/nfy_stage/ui_xuanguan_guanqia_new_xuefugumian.png.gz,e65a6bbe2ba786f1c9e2460d48168200
DD9FE16DF3C556CDE11E98C586F59C88,33429,res/piece/nfy_stage/ui_xuanguan_guanqia_new_yiyinglongdajian.png.gz,6b8469e09de9d368c1f4d3f97742bd2c
197CED60A4A2F502DAEFC961DE242ECB,41962,res/piece/nfy_stage/ui_xuanguan_guanqia_renwu_01.png.gz,892ce5767ced6338f4c27c16b3a1f53c
2F2388F7C3A0110AE261F48639F7BC5A,48966,res/piece/nfy_stage/ui_xuanguan_guanqia_renwu_02.png.gz,737e18febd28051d21656c430db9979d
CA6E13ED23930F5C66B6182D0E8A4FE8,39299,res/piece/nfy_stage/ui_xuanguan_guanqia_renwu_03.png.gz,769c3772b38efd0c4e10c1a31a96b8f7
56F4D1CCD88CAE6EAF5891A49389546D,45991,res/piece/nfy_stage/ui_xuanguan_new_changjing_cangku.png.gz,7b6d5a9edc1a52514415c882b02e65ca
94676B5D76943C58090004E015A97A48,46438,res/piece/nfy_stage/ui_xuanguan_new_changjing_cheding.png.gz,899455a32d611167a3d74524ef32d3cd
7BF1BEB5F8AF84FBC5CA5450290C1D38,47356,res/piece/nfy_stage/ui_xuanguan_new_changjing_chexiang.png.gz,e65def209c490f33c4cb2d1832e77035
8B762208D9245F823843AFB456475034,50580,res/piece/nfy_stage/ui_xuanguan_new_changjing_dianti.png.gz,3032efad15bb96e20b48ef5c32180b40
876B1DEE3A45CB25C689CCF6457A76AA,50329,res/piece/nfy_stage/ui_xuanguan_new_changjing_ditiantoudao.png.gz,0bfee7723019e9e2121791ffc65ac160
06A6B9461EC70B133571736BE1A99AD3,43878,res/piece/nfy_stage/ui_xuanguan_new_changjing_heizhonglou.png.gz,2539686f6d54a4e17d75319b45fe94ce
A5EACDAD370B955BEFF06B63FBDDDA3A,50083,res/piece/nfy_stage/ui_xuanguan_new_changjing_toufengguandao.png.gz,6313e1bc2f29e758af11fe01e6a9328e
5B66F5193C8B293B923E6E63FA06CBDE,52685,res/piece/nfy_stage/ui_xuanguan_new_changjing_yanjiesuodamen.png.gz,083cea7658a0b74820750b356a6478ca
2A3487D564FDFEB3C5AA23F0CE0F3D0B,31641,res/piece/nfy_stage/ui_xuanguan_touxiang_feilong.png.gz,399576858e7a186ad270dd7842cffb0e
209B89994D214ADC47F55460835E7BB2,32646,res/piece/nfy_stage/ui_xuanguan_touxiang_guaiwu1.png.gz,8902110a8554be51f70b43b47b5597f1
863E7D86CB65126676E54D80CBF8C00F,30647,res/piece/nfy_stage/ui_xuanguan_touxiang_shuijing.png.gz,f8044fbfb7300053c6c9f7109c25a238
F013723B0230B372934C0BFF8B59C871,54551,res/piece/nfy_stage/ui_xuanguan_touxiang_tanglang.png.gz,fdd01f431a7bd88f066b4eb4d22f0c2b
9C9B505831F14987EF5F30570231F8D8,35873,res/piece/nfy_stage/ui_xuanguan_touxiang_xin_dakaer.png.gz,69bc7c5f4dc366f6bc0072d9468afd89
D91A4653E30B53113149860C7396291E,34253,res/piece/nfy_stage/ui_xuanguan_touxiang_xin_jiduokakuangbaozhe.png.gz,0bf71d3408744d67f293e615b4472d9a
1CE74813E506A00ED3402D5BCCDA8D78,34373,res/piece/nfy_stage/ui_xuanguan_touxiang_xin_suolasi.png.gz,173dccfb653a059c3fdbbff0866de2fa
FA77DE7382ACE6FD634F774377B58FE9,27168,res/piece/nfy_stage/ui_xuanguan_touxiang_xin_tiequan.png.gz,b20bb2ab93d3641af78f397a84329d9b
D98342C1DC5518F697ABFE45E3ADC0BF,35366,res/piece/nfy_stage/ui_xuanguan_touxiang_xin_xiniuhong.png.gz,93fa0bccc88de4618c5832a24de56f12
35DD680CD5AE896A2D21EC604241FFB4,34902,res/piece/nfy_stage/ui_xuanguan_touxiang_xin_xiniuzi.png.gz,d7ea398186244e3cb8e7969fc9a9dd7a
09C09C77E3C0B86C8D22800F092AD88A,34900,res/piece/nfy_stage/ui_xuanguan_touxiang_xin_yeyuan.png.gz,68015ff46ec17a17908ba3070e6671c9
B304B761649D769C8EA4E175F18F3FE3,25244,res/piece/nfy_stage/ui_xuanguan_touxiang_yinglie.png.gz,2b026be46e7e82a73939da2e22e50150
065F1298CD5888F04CF8A23C1075FF33,26612,res/piece/nfy_stage/ui_xuanguan_touxiang_yizhongchaoxue.png.gz,d343c020a5391a926f47287942ef81b7
52A23EA6884E6876CF73A27FC5C5E852,41748,res/piece/nfy_stage/ui_xuanguan_touxiang_zhangyu.png.gz,9cf9ab0c6f669dc873c1d3441ad8f877
285E47CF35608F04A6D238A75B730840,17231,res/piece/nfy_stage/ui_zhutiyue_boss_2_1.png.gz,a374266c5ffcb4ba90092f3c5b47d462
34FFA760A662FDF4193818240E0A5044,19239,res/piece/nfy_stage/ui_zhutiyue_boss_2_2.png.gz,d988bdec1b1b35c6210381ae513a7680
F59314698F53221536BF4241BC5F6FA6,20169,res/piece/nfy_stage/ui_zhutiyue_boss_2_3.png.gz,1b9704f820ab8ad4356bc5d950a92fd2
24D5BB399BC66C854930B7AF64556EFA,23504,res/piece/nfy_stage/ui_zhutiyue_boss_2_4.png.gz,90bbbe28f6fd0abdc6b4f2fff707604a
0A1E11EC6E1A2C6D09ADE344B24C4F1E,25335,res/piece/nfy_stage/ui_zhutiyue_boss_2_5.png.gz,01575d58724c2edbb8642b997199981b
3EEBD291F079B75F98C0604CBC127B7A,26700,res/piece/nfy_stage/ui_zhutiyue_boss_2_6.png.gz,8fdb5cb3d58b34953020a822bf065b64
8023459C7EC916A32E398310E970A322,23692,res/piece/nfy_stage/ui_zhutiyue_boss_2_7.png.gz,735ab22f278e4732706e7f56acc5c3e7
B1329FDD26392759F5C8726B38A48215,8745,res/piece/nfy_super_skill/icon_buff_aoyi_fenlier.png.gz,9f031a2187f0d97b1d07b74f5ffbfd43
CE786250E56D3EF4C9C142B51A94749D,8985,res/piece/nfy_super_skill/icon_buff_aoyi_huangxingzhimo.png.gz,bd7f625edcfeb8208d09119d5e706143
71837E0D84B29EE9F2A48AD5A7EAC4AD,9245,res/piece/nfy_super_skill/icon_buff_aoyi_jiabaili.png.gz,c0e673807362d3a804d2f341d680b226
06575CFFE2FE459E63404008D37EA02E,23220,res/piece/nfy_super_skill/ui_aoyi_liebiao_touxiang1.png.gz,8e6b80820cb72503dcebe2987b043cbe
AAFF3E61AA30798BBED64FE6C776F3C9,21345,res/piece/nfy_super_skill/ui_aoyi_liebiao_touxiang10.png.gz,9a24e6a978d38f9789f9cf672aa177a0
815DB3E8164D8A54EAE9CC1338BC7375,25765,res/piece/nfy_super_skill/ui_aoyi_liebiao_touxiang11.png.gz,e2a6ee83d4599fb55abf95f9adf56db4
2F0C3FCD1B81799E6E8BBB0C364E9EC5,21599,res/piece/nfy_super_skill/ui_aoyi_liebiao_touxiang12.png.gz,29ffd3c4f1c14e9a579d5b98ea4547c9
858D065098092E15F7583A68D474E951,20045,res/piece/nfy_super_skill/ui_aoyi_liebiao_touxiang13.png.gz,646aaa4f9a5453246d5b28f7d4c92946
CF39342285B1AE54676D671105587BFA,20747,res/piece/nfy_super_skill/ui_aoyi_liebiao_touxiang14.png.gz,696e1fa0ccc1247fa1b1e23b6455650c
6A8A08274CAE7F38B256C4CEE5BA56B7,18548,res/piece/nfy_super_skill/ui_aoyi_liebiao_touxiang15.png.gz,7aadb54a32200c82013eb5320edfdda8
071575A2D278DE719F2D161F13DE4CB7,17410,res/piece/nfy_super_skill/ui_aoyi_liebiao_touxiang16.png.gz,0e373b70ba9a69645c895d0d29e806fd
91979FB47A65D4BB13F4033E1179C734,20196,res/piece/nfy_super_skill/ui_aoyi_liebiao_touxiang17.png.gz,c46884dc17bec937c44c63cbbd938165
DC00416888F9D095454664B030F67A94,20139,res/piece/nfy_super_skill/ui_aoyi_liebiao_touxiang2.png.gz,d23c90c78bb2a8fb6575341c419e45cc
F7180847EF69DBF048D8661DAB1E66AB,25965,res/piece/nfy_super_skill/ui_aoyi_liebiao_touxiang3.png.gz,d65dea3407feabd5eda0411e4b9c2383
D6DFB6DF7180931D667CF10DA810A752,17036,res/piece/nfy_super_skill/ui_aoyi_liebiao_touxiang4.png.gz,ebc0a93139007c53570f53d4c4af834d
B590B757CD58F0EC284060C76E567863,16435,res/piece/nfy_super_skill/ui_aoyi_liebiao_touxiang5.png.gz,3bf8d3c29de4ccf8c7c5b6d45172f623
D2E9A41C05808495E99B5B5BAFEAEA46,17251,res/piece/nfy_super_skill/ui_aoyi_liebiao_touxiang6.png.gz,8ea35cdc3e76b8de48551e409fcb9e40
90692757BC55ABC00685B37A16EA760F,23715,res/piece/nfy_super_skill/ui_aoyi_liebiao_touxiang7.png.gz,f0da73e56f1dce23d6f66d4c8e06906c
BFD1BCE3235401AFD718E59E95CE9676,16977,res/piece/nfy_super_skill/ui_aoyi_liebiao_touxiang8.png.gz,61338af063783df2ba4ebc9b7637aafd
B8C7B1E5F66628CD5F3C4D074DD7DB7E,18469,res/piece/nfy_super_skill/ui_aoyi_liebiao_touxiang9.png.gz,5a239e54fdf37c9d95cd7d73fbffa3f8
184F20E90DF4269C874E62C28890A69B,537956,res/piece/nfy_super_skill/ui_aoyi_renwu_1.png.gz,fd0dc29f7d607bd10daac18f24f2978d
D69004A95B7B75BD9FE3A3043004A5BB,398230,res/piece/nfy_super_skill/ui_aoyi_renwu_10_beijing.png.gz,8d564d0780969a8fc8c8958de92fe830
70BDF9FCEF5BC801DFC606768B183E7F,331341,res/piece/nfy_super_skill/ui_aoyi_renwu_11_beijing.png.gz,d20bec49a94be319fb31a0b9eaffe601
E5E26827AEA373B69BACA79EC1CEDD6F,332101,res/piece/nfy_super_skill/ui_aoyi_renwu_12_beijing.png.gz,0356da2c41b3add58c6cf490db55463d
14432DDDA19C62DF271FCF52005DDD51,362609,res/piece/nfy_super_skill/ui_aoyi_renwu_13_beijing.png.gz,91f75d627ff42dd477a94ad7dacd2624
EBD52BEA481B23C9E9A7808C45F364B9,277063,res/piece/nfy_super_skill/ui_aoyi_renwu_14_beijing.png.gz,091b88bc84490efaf538d9ca6e066e12
A468E5C3AEAFE8140771BB7714A6C575,334629,res/piece/nfy_super_skill/ui_aoyi_renwu_15_beijing.png.gz,f3f33459c71861c4c0fe0a3300f14731
3FBC7B84F2F286CD643EBDD1E7CCE427,202704,res/piece/nfy_super_skill/ui_aoyi_renwu_16_beijing.png.gz,1f80f47b378ed99e5dec8124afabc2c1
75891C6B204E905160B6C9CD090E39E3,367260,res/piece/nfy_super_skill/ui_aoyi_renwu_17_beijing.png.gz,87a9b56003c16dcab4b6e6ecaff842a8
36CED1AAA3C013E054F59D831DDAF07A,219712,res/piece/nfy_super_skill/ui_aoyi_renwu_1_beijing.png.gz,ed9d86382f6b8bd58f9ce90a6a96c8b9
8415D596DFB1DCE3AE61D96CC491EAF4,333083,res/piece/nfy_super_skill/ui_aoyi_renwu_1_hei.png.gz,ae31f6b102a6b7e70e72af1f54230764
C9F40B2A59F8E1E59A0116B819F5EAF6,527423,res/piece/nfy_super_skill/ui_aoyi_renwu_2.png.gz,f86e1fd7f30457eda6103dd8eb8c488e
CAA5F6C190F39BC65804E0AD581FF782,209249,res/piece/nfy_super_skill/ui_aoyi_renwu_2_beijing.png.gz,05456482a37fcd83ba531204b297c696
050383D9ACD7761344A3D24B593B9632,386448,res/piece/nfy_super_skill/ui_aoyi_renwu_2_hei.png.gz,c6306f991163fee93e51829500df553a
69829E84DFEF1B77BBDF2147459CF79B,236547,res/piece/nfy_super_skill/ui_aoyi_renwu_3_beijing.png.gz,b2f7ca73df007aaa1bb870f4447a6ab9
A15BE515E42AE7033AE3D927B9304712,324008,res/piece/nfy_super_skill/ui_aoyi_renwu_4_beijing.png.gz,8eb9e44a4bc2ca09a1ffc99067d1a647
9E65ADD7A3E39113BB83F19BA044269C,262890,res/piece/nfy_super_skill/ui_aoyi_renwu_5_beijing.png.gz,26af538905ef08f47a8677a5bae3fa97
3C9B3475A0E6387AFD169BD51029C606,217961,res/piece/nfy_super_skill/ui_aoyi_renwu_6_beijing.png.gz,c870242f50af6820e839da9947352924
F0920697DD9DAF6D72B8C578C329A585,313404,res/piece/nfy_super_skill/ui_aoyi_renwu_7_beijing.png.gz,c54c09ccefae4b66a23ce7fbf6ea71d2
624E95C2797B856212AF77C9D02AED12,261180,res/piece/nfy_super_skill/ui_aoyi_renwu_8_beijing.png.gz,04233c6622b2c51491ea9ea8b88ea79c
5AB7FCB8AABC94B81E16092B1011FC3A,299248,res/piece/nfy_super_skill/ui_aoyi_renwu_9_beijing.png.gz,6f7e627c35f5a0cea5f123b233be3500
5146F63065612545E35458C17D1700F6,202622,res/piece/nfy_super_skill/ui_aoyi_renwu_shangzhen_1.png.gz,9364ad2c7d9a7b3e7773781edf8dbd27
5FBFC8852CF28B8C939D024B6648DF0D,396068,res/piece/nfy_super_skill/ui_aoyi_renwu_shangzhen_10.png.gz,b8671d8d530b25709e2481a2e4b0f484
B89FA1F75E330B296BB1A4A110CB1E24,314256,res/piece/nfy_super_skill/ui_aoyi_renwu_shangzhen_11.png.gz,50c9bf5521acfa418bd5266564df5847
2913980C0E3B88D333F20D160FA72ED1,263987,res/piece/nfy_super_skill/ui_aoyi_renwu_shangzhen_12.png.gz,e8f7866f55bb33fad4e61451c8349910
1FC445C9407AE8A429FF9F00EEC1CA2A,266001,res/piece/nfy_super_skill/ui_aoyi_renwu_shangzhen_13.png.gz,3cdde5573c1396ecd290c83408d690a1
1F42B9706004E373A5A2A06F9CF932BB,247299,res/piece/nfy_super_skill/ui_aoyi_renwu_shangzhen_14.png.gz,d67e91a6317a3a21fb7a42616812ce97
A0E0E8B32106EF37A4C79CB960AEFC0E,363317,res/piece/nfy_super_skill/ui_aoyi_renwu_shangzhen_15.png.gz,abe2b9c3a94af9b8ff2d051aa32e0974
E3BC085DF22BCD7FAD695A72F2F9F8F5,264472,res/piece/nfy_super_skill/ui_aoyi_renwu_shangzhen_16.png.gz,90de20a8e05c30b869036b7779770fef
C55BDF93841E47CB21FF232C0EA85085,340615,res/piece/nfy_super_skill/ui_aoyi_renwu_shangzhen_17.png.gz,1a0f04b3a813ce0b86b3a664ace0da1b
AE3D86A634FA656B0DDBA83FD8D5E470,152842,res/piece/nfy_super_skill/ui_aoyi_renwu_shangzhen_2.png.gz,c229a53c52fe02695f6d50a7dcca00fe
6BDDDE283F39FA44DDB2297CFF70FEC0,257509,res/piece/nfy_super_skill/ui_aoyi_renwu_shangzhen_3.png.gz,24d1947afcadc35dbdb90ecdac1f9a80
B9CC977ADBC61076D69F1FE6B4E3B719,300840,res/piece/nfy_super_skill/ui_aoyi_renwu_shangzhen_4.png.gz,5546c0f4eb65723a5be57c9048719a54
2FA8185EC9B62E83C2F6112262F06C31,213864,res/piece/nfy_super_skill/ui_aoyi_renwu_shangzhen_5.png.gz,56dcde800ac4efadc788ec80ee50085f
5CEE942025A987021B968B9B652D95DC,204733,res/piece/nfy_super_skill/ui_aoyi_renwu_shangzhen_6.png.gz,445dff1fe9ac504dc101d74e78cea995
ADB61034A852F8E8C7A9DA3E3C1D40EB,362090,res/piece/nfy_super_skill/ui_aoyi_renwu_shangzhen_7.png.gz,8080d34a772cc3442255f885dbcf4b28
4022EDC638A0E4D3A954F4061A3E44E7,255259,res/piece/nfy_super_skill/ui_aoyi_renwu_shangzhen_8.png.gz,261976ffc1f80864518076049d42a73a
8D4D53CD3B31C7B5A9F25D509569EBE4,256215,res/piece/nfy_super_skill/ui_aoyi_renwu_shangzhen_9.png.gz,6343377968050ca8bce619d601882fe8
D9E4B939F2D58D2AFD5CB71BB5C2B0EF,17767,res/piece/nfy_super_skill/ui_aoyi_suipian_15.png.gz,d17f7f0ef372a46f33be613b377427c7
1BBA5CECB5BB0801D7E5BABF21E5158F,5758,res/piece/nfy_super_skill/ui_aoyi_yanxi_diquan_1.png.gz,b40f55d5d3e37ff0f89ca2a608db7efc
FB25C48C78BDBE20B5B5CCEC475EE29C,5572,res/piece/nfy_super_skill/ui_aoyi_yanxi_diquan_2.png.gz,01c81ffe212604f52e3e507d8a33440e
B0A037DA1EC0D4C350B5EBA84ED43E53,8595,res/piece/nfy_super_skill/ui_aoyi_yanxi_diquan_3.png.gz,a2529ce11de845ceb6b5e403dfb08727
C931B4527AF2E0FAF27A58155333910F,51499,res/piece/nfy_super_skill/ui_aoyi_yanxi_touxiang1.png.gz,f78db8bbc51cdeac43b5df03a9966d6d
7E39FF455BEBFE80F0DDCBDBC69CEE42,52095,res/piece/nfy_super_skill/ui_aoyi_yanxi_touxiang10.png.gz,71cc945554433aa2e41c59dae492425b
EA7A34B67B4799C954C0717EF25FE04A,9173,res/piece/nfy_super_skill/ui_aoyi_yanxi_touxiang10_hud.png.gz,a4bf925e96fef1abacf15222ee76cb4b
92BF5641DC7BA6B4AE56642BA31B49AA,53111,res/piece/nfy_super_skill/ui_aoyi_yanxi_touxiang11.png.gz,822451c95a22aab1c2f26d15d4c186ee
5E2E9C69A298EC0E8BE50BEFC20C47D3,9263,res/piece/nfy_super_skill/ui_aoyi_yanxi_touxiang11_hud.png.gz,aff70ed8dc5080511f27941122ad2b19
06D7BBED07585B27E7163F06ECDF6580,43803,res/piece/nfy_super_skill/ui_aoyi_yanxi_touxiang12.png.gz,3177cb46c5335a722d04d78d2224b082
1D0C00160D3AE7781A4276D9E7DBBD07,8489,res/piece/nfy_super_skill/ui_aoyi_yanxi_touxiang12_hud.png.gz,9850202e5614e4a65780b51b0f85f2aa
F934DE3EC4BD9E1BD4F5BF8B03D07AE0,48434,res/piece/nfy_super_skill/ui_aoyi_yanxi_touxiang13.png.gz,e7d4ca9f0af2fd30fc01154b43f379f5
809FFEAE1D347FA83CE96D8605874376,8766,res/piece/nfy_super_skill/ui_aoyi_yanxi_touxiang13_hud.png.gz,606db2adee59e9e122d72306c5b25232
C780D13A5CF8B54B1CFA9497F01C5D7F,47231,res/piece/nfy_super_skill/ui_aoyi_yanxi_touxiang14.png.gz,97e886485df71f12cdcd87069ec392e0
96BCBF98E53D05ED73ADE448F3F8E98A,8591,res/piece/nfy_super_skill/ui_aoyi_yanxi_touxiang14_hud.png.gz,1128adaf6dafb47570adf4935e84806c
6BF064940692B7D71C4B191CAA97F34D,50963,res/piece/nfy_super_skill/ui_aoyi_yanxi_touxiang15.png.gz,bbeac335e1460635f7f79205037e187a
A18A085089C686CC2507EF7D0143428F,8875,res/piece/nfy_super_skill/ui_aoyi_yanxi_touxiang15_hud.png.gz,2be43d43f544645ad66045f08a30aa38
02CA3CD33A31042DEC4F72AE5AC39FE5,49050,res/piece/nfy_super_skill/ui_aoyi_yanxi_touxiang16.png.gz,628917394eee717c0d68c809f5881702
CE45856F426D2E3957D450B3331FCC50,8909,res/piece/nfy_super_skill/ui_aoyi_yanxi_touxiang16_hud.png.gz,cce995f01bbbf449d90434475b7298e6
FD08DC5838ABD3543AB3A90E2B65FFDF,44524,res/piece/nfy_super_skill/ui_aoyi_yanxi_touxiang17.png.gz,8cdde214cbb22250ceb141bea611ad6b
A1F85D3DF10A845385CB865537BD41E4,8579,res/piece/nfy_super_skill/ui_aoyi_yanxi_touxiang17_hud.png.gz,0df699a2b70e79345f2c4fee962fba82
833A721A3F9EEFF7AAA5595BF8F7E912,9165,res/piece/nfy_super_skill/ui_aoyi_yanxi_touxiang1_hud.png.gz,56c4ac117d0e26b126edba14ad020a95
AB998106162F109FA63A431CB083C0B3,49129,res/piece/nfy_super_skill/ui_aoyi_yanxi_touxiang2.png.gz,892e2ff53ed3c2a278e776a859936526
6A68BB438F96C85737270183CC4D68B8,8919,res/piece/nfy_super_skill/ui_aoyi_yanxi_touxiang2_hud.png.gz,d21521b925f146ab3bf8d7166d5265af
D13A7F1FE1D1659906CCB464D5A5506A,52316,res/piece/nfy_super_skill/ui_aoyi_yanxi_touxiang3.png.gz,6a1f8839dece5eff8028adce1f4e666b
21E7BFD8F72D15A518725D54C7A09D31,9132,res/piece/nfy_super_skill/ui_aoyi_yanxi_touxiang3_hud.png.gz,609d06eb6e13a623469545f585932088
A221E765A97D931A6030B9DDB8E25A02,51567,res/piece/nfy_super_skill/ui_aoyi_yanxi_touxiang4.png.gz,5e38610f8b589e2b15417f3783346b9f
E48B786F150066FF32F6BFF6A73BF519,8831,res/piece/nfy_super_skill/ui_aoyi_yanxi_touxiang4_hud.png.gz,17f88f55b5bf12ab98dac92ad3b02eee
B57837F9E164446701D58616A22636B5,45820,res/piece/nfy_super_skill/ui_aoyi_yanxi_touxiang5.png.gz,88c85fa5d28d40923d69e3eb6edae412
6FDCE9837714144FB6E45A6AB955AF38,8547,res/piece/nfy_super_skill/ui_aoyi_yanxi_touxiang5_hud.png.gz,0286aa1cc32f11dbcdd6de178ab612df
D42C7E9E9DBF5B8AD320A8C84FDB7BEE,49574,res/piece/nfy_super_skill/ui_aoyi_yanxi_touxiang6.png.gz,1eacd8b88221525fe53c2862e880ea0b
B01BAD836A45CE1CA0E044185D5C53B6,8772,res/piece/nfy_super_skill/ui_aoyi_yanxi_touxiang6_hud.png.gz,fac1ccbdcf44b2aff0a95e665e402149
B4CDC055455C994E6A69A619A7E08634,52178,res/piece/nfy_super_skill/ui_aoyi_yanxi_touxiang7.png.gz,23b497b9aef82f0d4f7c45e42afeea5c
9A3D8CDE5D4C5EAAFE41E11CE95244B8,9097,res/piece/nfy_super_skill/ui_aoyi_yanxi_touxiang7_hud.png.gz,a9bdb446d3de114626ea2ca98572fc35
7FD4AD2D1055944B478617B614234DFC,43620,res/piece/nfy_super_skill/ui_aoyi_yanxi_touxiang8.png.gz,0012eadaf22a2fddaa600c79837ed2c9
04ADFE40158A133F91AE8A529AC3E783,8356,res/piece/nfy_super_skill/ui_aoyi_yanxi_touxiang8_hud.png.gz,dd7977caf0be2d48d9d81a8dca683407
99C6E5F0AA0389D13B05AA99AC9DF075,51186,res/piece/nfy_super_skill/ui_aoyi_yanxi_touxiang9.png.gz,78ba9b8dee3be979f3516befa20c3c97
B1FB8106C7568ED19C5607E3FE1752E7,8792,res/piece/nfy_super_skill/ui_aoyi_yanxi_touxiang9_hud.png.gz,f9d97bb8217db0c6b17c5fff46792ee8
649C0AA8E91B11DA35657C6FA4B93AD2,2729,res/piece/nfy_system_menu/ui_caidan_baisekuai.png.gz,3f5dffd967649855e1ad2725d949b2c3
C24ED7BBBFC4A2B4F27CD186E6776E27,253801,res/piece/nfy_system_menu/ui_caidan_ditu.png.gz,2ea15597e5c4c82f95936610f7ec091f
7026F019465796BD49AAB603ABBC4C32,17008,res/piece/nfy_system_menu/ui_caidan_xuanzhongkuang.png.gz,35617e18676fdd9dc2cc845e66f4f4ff
EFDA6049203558A555DAF02913792D77,244916,res/piece/nfy_team/ui_zudui_bg.jpg.gz,e4dc48fee9671ab5efdd23cbab19624a
06EE3EBAA3EC54CC8D734FB7A26ED754,56935,res/piece/nfy_title/ui_chenghao_heiyansheshou_1.png.gz,b9ed2fa1d897fa7a1bd509b00000e8c9
81895F8395E734A5B1617D0DF54B7EB9,241966,res/piece/nfy_title/ui_new_chenghao_beijing.jpg.gz,e85db0dca71908b30635f265a4e7b318
5BBC4307C3B4C981ACA1BB1AF39E1F2F,340617,res/piece/nfy_total_charge/ui_leijichongzhi_diban.jpg.gz,bc53f12c04fcf5b07b23bc572fc82666
329D063048DC22784493363BD7891BFA,205025,res/piece/nfy_total_charge/ui_leijichongzhi_dibanyou.jpg.gz,d69dc25807fc813a3fd965cc33f54352
44FEF3A2951F7122A64F82B3777DC238,124500,res/piece/nfy_total_charge/ui_leijichongzhi_dibanzuo.jpg.gz,74925a91098df32b0de071e61198fe4d
7AC1962D94B4F913ABB5E8F3600F64AC,270198,res/piece/nfy_tower/ui_shilianta_beijing.jpg.gz,45ff79fdc6f17b344d79687e212d35f8
67A7D21E5EC749E6567DBA1D1CE5A958,553335,res/piece/nfy_tower/ui_shilianta_beijing_hong_1.png.gz,38677d0e78b319f49178c9b1be5f9b32
FB17E9312046D6A6E6860A878C866231,320855,res/piece/nfy_tower/ui_shilianta_beijing_hong_2.png.gz,9e21e87df906a0a9bfbcba106809f42a
2E37E8D6A8FFE8ED01DC7E60F32B8A59,628102,res/piece/nfy_tower/ui_shilianta_beijing_huang_1.png.gz,f4fd37e3f888dc48fa181dcc42e61507
B005AF8E047A6FAD7292FBD142A74639,378253,res/piece/nfy_tower/ui_shilianta_beijing_huang_2.png.gz,59273f6ac454abba58142eb8e8465865
8640A825F5C58905A6BA5E94F9A0EB3F,523008,res/piece/nfy_tower/ui_shilianta_beijing_li_zi_1.png.gz,57bc7252453466f0a956fd366ace9e52
D81E09ABDB0A35841B70AD28029140A7,276741,res/piece/nfy_tower/ui_shilianta_beijing_li_zi_2.png.gz,30d2c6390bebb7252f5702f2900197ec
782BD5E327801BF17A0756D6A17A6F91,346778,res/piece/nfy_trialchallenge/ui_kaifuboss_bj_1.jpg.gz,b8074f2d124170bb62a86a5e69d05dff
DCA3D0E77493A59F2AA5699CF2A5F441,368979,res/piece/nfy_trialchallenge/ui_kaifuboss_bj_2.jpg.gz,9358d6221b59879272d62677737c7d97
54AC212142475356CF40AAEB8B31D664,379380,res/piece/nfy_trialchallenge/ui_kaifuboss_bj_3.jpg.gz,68d17480caabdfc2b8e5a0c484f00e37
563FA3000D7543841B76222242A3007D,351458,res/piece/nfy_trialchallenge/ui_kaifuboss_bj_4.jpg.gz,ad9d4bfe83b33efacf8c038bf5f7c297
D337AD019CBAD1015E5B9FE8FFA99332,434243,res/piece/nfy_trialchallenge/ui_kaifuboss_bj_5.jpg.gz,14b45fa48f5f2f079b1f59ae97082d7e
0D9E335BC2B4D122A50E11BD9221DA3D,570015,res/piece/nfy_trialchallenge/ui_kaifuboss_bj_6.jpg.gz,16e0982a87cb9f07f48092f90c23c932
358AE2E46111809673974879BFAB823E,455147,res/piece/nfy_trialchallenge/ui_kaifuboss_bj_7.jpg.gz,212922f07bdbb01a103c62832c1201cc
8DDA03EF79F0FF9B635D8972C23F57C2,143889,res/piece/nfy_turncard/ui_51huodong_beijing.jpg.gz,e9a3e8d61d2ee07b73e2349cc28c05f6
982792AC08BB17B493687B43A107D9C3,26795,res/piece/nfy_turncard/ui_51huodong_diban2.png.gz,e66ac4d92e85d4eb02ca22767f93da41
3FE9F7BD573F5E1ACB138DFE752C4804,304656,res/piece/nfy_turncard/ui_51huodong_diban3.png.gz,2f202f1492e0c0ad4d28d4f882ab77c0
34C115BE669B4BEC8F9C5D4B8F9DE598,18052,res/piece/nfy_turncard/ui_51huodong_icon_1.png.gz,c8792c39f332d2df6a1534ff979d9ac9
85FD50AC6625E445DB618943D025FB38,21819,res/piece/nfy_turncard/ui_51huodong_icon_2.png.gz,69ec7643fbdca7231f77e8f30e811025
9F1BE909CB161B2134DDEBE2C51D0946,27756,res/piece/nfy_turncard/ui_51huodong_icon_3.png.gz,e94bdb7a91327c043bd2ca4a8d6ba112
40DDCE4D7E875381C6EE90905BDA6D06,34939,res/piece/nfy_turncard/ui_51huodong_icon_4.png.gz,def3172dfdfc042e3365f0b2e45d7eb0
7FFD851384BEA576BCB799E70229FBA7,162,res/piece/nfy_tutor/ui_xinshou_qiangzhixianduan.png.gz,58a01683356b8a6c4bcd89522c9d6057
E730FFAE3F7EB6429238D1C159A08A42,150,res/piece/nfy_tutor/ui_xinshou_qiangzhixianduan1.png.gz,4f4408e9da986fe188f42091f3c666d3
5BB13E4BF2C67519B0F064643D7895FB,253738,res/piece/nfy_union/ui_gonghui_beijing.jpg.gz,5917c7ac830f0f63e8ec9f4431957f6d
4C8E47820F09DDDAA5C311FCF1BBA410,53689,res/piece/nfy_union/ui_gonghui_dating_huodong5.png.gz,54f9e29955458a219eb14924d0e271f3
5A5E3CC78105A2B4EEDA6A6F60D58C0F,46933,res/piece/nfy_union/ui_gonghui_dating_huodong6.png.gz,4afb182dccf800676bdc2ca949de3236
41B9B719E2FD12518533AD792EBABA2F,5131,res/piece/nfy_union/ui_gonghui_xunzhang_biao_chushi.png.gz,483c26d58a7b9f294cbd513fd136f631
2A90888B10B3B56EE61BA44B0D517BE6,4550,res/piece/nfy_union/ui_gonghui_xunzhang_biao_dalingzhu.png.gz,85ad31150d5242089631559b1776a456
FEE558C963EF705EBE0C2FEAB243E3F4,4283,res/piece/nfy_union/ui_gonghui_xunzhang_biao_lingzhu.png.gz,5ebb464f199b6dad0cdc744f5fe8ed8f
8E84A1E11D092CED41EF269E56256E92,6298,res/piece/nfy_union/ui_gonghui_xunzhang_biao_tongling.png.gz,20605255724fd0f550e014eebeec2c0d
6A23164D2374E2BE0D2570A4CF42A20C,4829,res/piece/nfy_union/ui_gonghui_xunzhang_biao_tongshuai.png.gz,f03dd45610282c70f9b10273cfc66994
A4AF9B5B74530EA626F58DF7B2B1862F,4404,res/piece/nfy_union/ui_gonghui_xunzhang_biao_wangzhe.png.gz,01a6594ad1f69b35edddd34f01e90ff4
55480ACC738E25AAD0F096DCF812214C,4987,res/piece/nfy_union/ui_gonghui_xunzhang_biao_xianfeng.png.gz,6c5e33b829731aa54f6d23c4c3963b65
BBE20F2E93F6A0FDECFCC8DBC7361716,4424,res/piece/nfy_union/ui_gonghui_xunzhang_biao_yingxiong.png.gz,59ca0b615b95878e9e1b919f278493d3
A6FBC47A38A1DE436C1223BB446FC3B1,5039,res/piece/nfy_union/ui_gonghui_xunzhang_biao_yongzhe.png.gz,17e97a90bcbd7c9bf81db697badcc4ce
C17D210CEF5E2521FA76E833C96F08B6,4390,res/piece/nfy_union/ui_gonghui_xunzhang_biao_zhanshen.png.gz,6749b6be922c05d548a3c03014d55cf0
BCDAA65838400334F65A72E8B73AA821,23521,res/piece/nfy_union/ui_gonghui_xunzhang_chushi.png.gz,1d9791451c906429984c5509841c788f
65D6623D4609EE898671E5ED3296083C,2753,res/piece/nfy_union/ui_gonghui_xunzhang_chushi_x_1.png.gz,9a513e5bb5219443332d42e2f158d6db
4E5A3CC4A032387828690E04489E6A78,4738,res/piece/nfy_union/ui_gonghui_xunzhang_chushi_z_2.png.gz,e5b8cbbd011b26dfb0e56d20497250d0
26DBE38053435A953AC98AB6585A99DC,40510,res/piece/nfy_union/ui_gonghui_xunzhang_dalingzhu.png.gz,1d98964b116991ef15eb4535ed4c4727
2E2301E2418D6C5CE7B1C5FC07AFC066,2559,res/piece/nfy_union/ui_gonghui_xunzhang_dalingzhu_x.png.gz,ccebce9366b1c9275cfe9ea8e5920557
B6088BB3433EABE128DCE12A2BBECD32,4305,res/piece/nfy_union/ui_gonghui_xunzhang_dalingzhu_x_1.png.gz,412f2dedfe308e1a885b0cad0a32e43f
AC2B88ADE07008F733FCEAB5E01A5824,7799,res/piece/nfy_union/ui_gonghui_xunzhang_dalingzhu_z_2.png.gz,854ff132629e21be81e6c26a58ad3646
66824314768137250E3EEA38561DD90B,36738,res/piece/nfy_union/ui_gonghui_xunzhang_lingzhu.png.gz,20819f513e7deda270a8ef455a1dec78
B95C36DC858F0A1EAF43FB20463C7856,2338,res/piece/nfy_union/ui_gonghui_xunzhang_lingzhu_x.png.gz,101f04cab42f0295557916be31d9569c
ED26F85E9A529A766C8903933E92CE38,3985,res/piece/nfy_union/ui_gonghui_xunzhang_lingzhu_x_1.png.gz,636d809aedcb955b17a08060e33603b7
72838C6289F0E1275A1A83A09EF2F4E8,7433,res/piece/nfy_union/ui_gonghui_xunzhang_lingzhu_z_2.png.gz,098ef743c371f1ba468ff482d01194b4
DAB9D328535B48BDFA2E56C499BA39F9,46591,res/piece/nfy_union/ui_gonghui_xunzhang_qishizhe.png.gz,83c662aef4eb3b160e19ea3eb890a2e2
7E9732B60EB41483F99E01EA1B63C746,2763,res/piece/nfy_union/ui_gonghui_xunzhang_qishizhe_x.png.gz,91c64aa187d131d82e99608d0a593d2d
A1636E9128389032F5D823FEC91705D3,48282,res/piece/nfy_union/ui_gonghui_xunzhang_shenyuzhe.png.gz,38885f19c1a4fe945102db42c57b220a
0B01B6857FC83092FC90D41CB787D71F,2755,res/piece/nfy_union/ui_gonghui_xunzhang_shenyuzhe_x.png.gz,9e93d5d82e2279cf3ed0d352961e6476
B3585C4EAA0D3B4872C73A2595875634,44238,res/piece/nfy_union/ui_gonghui_xunzhang_tianqianzhe.png.gz,d99c89f3743b1bb81d6e60182ea7c9f8
6ED67124BEF8E38DC12C87F05658DA80,2750,res/piece/nfy_union/ui_gonghui_xunzhang_tianqianzhe_x.png.gz,f761a5a64d52bd1008a0e974c34fc2d9
093A78ABF38873251CE8C39336BF621A,49546,res/piece/nfy_union/ui_gonghui_xunzhang_tongling.png.gz,7d052465c091235d41737ca93accf31c
B1C1E52938EFCBD5E8D164E88DC558A2,2789,res/piece/nfy_union/ui_gonghui_xunzhang_tongling_x.png.gz,d103dba63b011460bcf216d2db641b33
68A39277C3FE9E18AAC9BBD0F13178D5,3776,res/piece/nfy_union/ui_gonghui_xunzhang_tongling_x_1.png.gz,28075939ee65dd123a2cbf2b756d8c8f
29A3FBE12B8A3BAC18B44523CDF11493,7793,res/piece/nfy_union/ui_gonghui_xunzhang_tongling_z_2.png.gz,ac05bae7123636cff582e239ca0f3316
2549C7B4313C6D164098CF2ACA38B5D6,38794,res/piece/nfy_union/ui_gonghui_xunzhang_tongshuai.png.gz,6550a618ea5cea394759af426397122b
1D612FBF325BD232F1FA931C90DBDCF1,2494,res/piece/nfy_union/ui_gonghui_xunzhang_tongshuai_x.png.gz,a105fe310fa28803995cb74adc3714d7
39E2AFDDDE9C569169E8A43C4FAF8F7B,9189,res/piece/nfy_union/ui_gonghui_xunzhang_tongshuai_z_2.png.gz,a0abd39604112b29f8cfc529388b1372
4267141DCDF3B9B7C0DF2A68CBC82B25,4941,res/piece/nfy_union/ui_gonghui_xunzhang_tongshua_x_1.png.gz,ef91c1c1c3582ed34e5f1d93d71a66dc
24432456FAB886F7E309291E53781D07,46691,res/piece/nfy_union/ui_gonghui_xunzhang_wangzhe.png.gz,00e6d625af7fff4ccc3bd757aa900cd0
2B561B61F1F31F15414E60BC660CC42F,2764,res/piece/nfy_union/ui_gonghui_xunzhang_wangzhe_x.png.gz,e3164d6aa39668aa0abc988f519e5421
80C18B2C44F78D8B80F7675D989A6499,4939,res/piece/nfy_union/ui_gonghui_xunzhang_wangzhe_x_1.png.gz,d96a408643a4b086f052619c10ab8573
4677A55C5BA5A7E9A64529645266B74E,9187,res/piece/nfy_union/ui_gonghui_xunzhang_wangzhe_z_2.png.gz,246cd38552788aca10453cb438eb5d6c
20E9FF0B4E9468B818C1B3C10C42FF90,23603,res/piece/nfy_union/ui_gonghui_xunzhang_xianfeng.png.gz,c5d59d3566fab29d9e7825ddc97599af
E139229CA8E24CDDDDC6E854CDCB9747,1679,res/piece/nfy_union/ui_gonghui_xunzhang_xianfeng_x.png.gz,f26c241547f5ec5e620cc1fec02bb6f3
D6AD84418E78132D9EC727E44CCDAA28,3034,res/piece/nfy_union/ui_gonghui_xunzhang_xianfeng_x_1.png.gz,129428eec1fd5e212188ead09dfdd0ca
6157BE9CA6A00548C9D2BAB58ED32229,5253,res/piece/nfy_union/ui_gonghui_xunzhang_xianfeng_z_2.png.gz,5fcb26301895eba70b1b376d6e410f1f
7A0BC37A2FAE60ECF59F97D722BCBB3F,30685,res/piece/nfy_union/ui_gonghui_xunzhang_yingxiong.png.gz,484a80702b2f9679f9943dcc4db00f21
3D092CD1552D06FA26D806EC98511031,2111,res/piece/nfy_union/ui_gonghui_xunzhang_yingxiong_x.png.gz,539e37088bdc593a44fabcebcc90f472
7EC38D70B85EDB3F8C141B7D2A168212,2854,res/piece/nfy_union/ui_gonghui_xunzhang_yingxiong_x_1.png.gz,2ba0c771a2998f6a87f95d76537e13a4
870DFB840AF7C8E97CD429F7D4C8102C,5225,res/piece/nfy_union/ui_gonghui_xunzhang_yingxiong_z_2.png.gz,86d3da7724a2cb4ccdfe3980aecd3f9f
DD17920E41C4CA0D879041AEB06777AB,26378,res/piece/nfy_union/ui_gonghui_xunzhang_yongzhe.png.gz,6d91fb478eb3465fa58a055995a47b50
E9B9D3D55B5DDE722035716E7DB0AF7E,2188,res/piece/nfy_union/ui_gonghui_xunzhang_yongzhe_x.png.gz,f5b1de749ee7ca1c8c2173f96cf7cd14
41E363AE6315560B0F21271EC16EE5F1,3495,res/piece/nfy_union/ui_gonghui_xunzhang_yongzhe_x_1.png.gz,15c4c8623ce1bd7397d3ebaa98f63b0e
AFC5154A7EC5DE91ACA0A359E8B130A9,6101,res/piece/nfy_union/ui_gonghui_xunzhang_yongzhe_z_2.png.gz,31e848d730710cdc3d409f902e52d484
54450613464711D7CFB09D8C1F81D247,62462,res/piece/nfy_union/ui_gonghui_xunzhang_zhanshen.png.gz,13f41d3b3a1a769f68a6db276be20e60
47D35F74531074AC267DF0A2DEFF5CA3,2625,res/piece/nfy_union/ui_gonghui_xunzhang_zhanshen_x.png.gz,d987ec6f3e6350cc3a79503577b110e0
90B164BC037BED92D0522D3D9E4F830D,5733,res/piece/nfy_union/ui_gonghui_xunzhang_zhanshen_x_1.png.gz,9a87b72ddd0f51d8bdf851535c8dba2f
552B4E46AE1A307E02076999F5C0C137,11130,res/piece/nfy_union/ui_gonghui_xunzhang_zhanshen_z_2.png.gz,207ee0ddeed73aba7814f6591d181111
8859ADFB7FC792127884B72C0519C59C,40045,res/piece/nfy_union/ui_gonghui_zhujiemian_banner_judian.png.gz,84c4ead308f2886e4879497a20af6b73
1F54FC7F4A4DB7995BEEC99670F76D12,27009,res/piece/nfy_union/ui_gonghui_zhujiemian_banner_shuijing.png.gz,666026b87cf74409aa5380f062282488
C9C2644D766574BEF15327A4D22F88A0,49716,res/piece/nfy_union/ui_gonghui_zhujiemian_banner_zhanyi.png.gz,4ac5a938020e9dbe78328c2ea73f64b2
61D5629391B2E01D074FC6227C677C41,40847,res/piece/nfy_union/ui_gonghui_zhujiemian_banner_zige.png.gz,74eb5d019dbfc1387c1ea0c71a266c6b
EF045D5BA47D92EB7C9593753B970132,1793,res/piece/nfy_union/ui_gonghui_zhujiemian_judiandikuang.png.gz,d9aea1dd898d3ba8d0ac439e4e4085bb
1526BEF9889894C15E6F0479C52517F2,617226,res/piece/nfy_unionboss/ui_gonghuiboss_beijing1.jpg.gz,5da93ee0462551c037dbd95b7741ebf9
99847279A9D295FA5635007E8879DA44,631665,res/piece/nfy_unionboss/ui_gonghuiboss_beijing2.jpg.gz,02c58493b9d84d93d3dfa0af1e2fd0aa
802D4968CA8F105FC68470DB0496CD07,626034,res/piece/nfy_unionboss/ui_gonghuiboss_beijing3.jpg.gz,677081a0d039b51f6b53807c82ff1938
682C0636DCDC1956410184D94986969D,411959,res/piece/nfy_unionwarbase/ui_gonghuizhan_beijingtu.jpg.gz,ee550cc9d7cb00f152119d435c0721c1
43CE34CE025664AE19A88621E67B454A,843203,res/piece/nfy_unionwarnew/ui_gonghuizhan_beijing.png.gz,013be0a2bf884cc7a79e0e0344612122
70BA05B23B0EE1FEE4E93573F4F0620D,15862,res/piece/nfy_unionwarnew/ui_gonghuizhan_icon_shuijin.png.gz,3212da5c791a22e5fbcd2d1644f019b6
62B097C26C0922E29FA67CA731AC5E2A,21389,res/piece/nfy_unionwarnew/ui_gonghuizhan_icon_zige.png.gz,f4ceb884570b19b665cab15f11e1ed57
E752680F91B34178606C48E045F676A7,17720,res/piece/nfy_unionwarnew/ui_gonghuizhan_jidi1.png.gz,a0096a94b2e93c36c057391af6d1aa31
1ED0D745967586154C8178A8C84E7E75,14367,res/piece/nfy_unionwarnew/ui_gonghuizhan_jidi2.png.gz,8b37481e7d8f8e03f74076f957e06f86
E768F69B74DC4834229675EA1B784056,17384,res/piece/nfy_unionwarnew/ui_gonghuizhan_jidi3.png.gz,52de98eb95540c177492aadad8733f23
A413985516E6BCBE39F422BA5A2F294B,15691,res/piece/nfy_unionwarnew/ui_gonghuizhan_jidi4.png.gz,5b2013fe72d6d7896220b41c34552cec
E0FF78DB8DEB3541D411E86C7BC9DAE2,35583,res/piece/nfy_unionwarnew/ui_gonghuizhan_jidizhongxin.png.gz,e2eb4eca6cd11c1ba91b0d20e1bcc991
C6C7C96BD7120FB27CBAC9273E9A7E5E,42644,res/piece/nfy_union_championship/ui_wangcheng_zhengbasai_dadituwangcheng1.png.gz,bfb010fa3a74d26192d67c9a62826188
A1718BA37C02A225B2A150F9DDAE5007,25332,res/piece/nfy_union_championship/ui_wangcheng_zhengbasai_dadituwangcheng2.png.gz,fe00c49a6aeb7439a65f382c5519b8b9
714F6D1EE8DCF83B26C15B5AEB7FF0B2,22736,res/piece/nfy_union_championship/ui_wangcheng_zhengbasai_dadituwangcheng3.png.gz,eaacd4c52dda92fe904254089cfaae81
CC2B48B88C9645663E36DD4457D204CA,19262,res/piece/nfy_union_championship/ui_wangcheng_zhengbasai_dadituwangcheng4.png.gz,1b23a6149d664754e26ea44eee976b73
DE366530F698727EA489D2D5CF3C1EE2,25332,res/piece/nfy_union_championship/ui_wangcheng_zhengbasai_dadituwangcheng5.png.gz,9a748193171e1caa762b93d0f1592f7b
6F6413FB9569D48A4FA16E8D834BF0FE,324164,res/piece/nfy_union_championship/ui_wangcheng_zhengbasai_dadituwangcheng_bg.jpg.gz,f23f3ae4d1f4cf2602d9be846d761250
61F5710EC285A95766B98AC06B804E39,166513,res/piece/nfy_union_competition/gonghui_1.jpg.gz,28fd80121525b9472760469d6aaef0c8
6779064971831DBB81E721D41E7F7DE0,194957,res/piece/nfy_union_competition/gonghui_2.jpg.gz,43b3e35ab8f905959e074e9063e0e2e6
7A8784854113E03668D293DE990B0952,211873,res/piece/nfy_union_competition/gonghui_3.jpg.gz,9d2b53290a44ea1ff810c174ef1b7432
A1BB1124FF244C8577B11562A504CFA6,212595,res/piece/nfy_union_competition/gonghui_4.jpg.gz,5e912e113a762fa96edf2841bbeef290
F35F751BEC12B9603CE52E2E95EAE310,205761,res/piece/nfy_union_competition/gonghui_5.jpg.gz,6a44c9300f38a83fa095104638bdf93a
4799F35BC8FE66CAEBB61BD045EFF59D,167972,res/piece/nfy_union_competition/gonghui_6.jpg.gz,d60e16b9e6dbba864bc9856470418d8c
3FAEF3416237DADB9B560A4697899436,573162,res/piece/nfy_union_competition/ui_gonghuizhan_beijing1.jpg.gz,a09af0d7c96d665fb9e93cd2d69b0b5b
F2138ACB5AEE0B39C8416E563ED0DCB7,370347,res/piece/nfy_union_competition/ui_gonghuizhan_beijing2.jpg.gz,ddbae582f3a2fc77a4d6a12a1a78fc8b
E5F27BD4D091DF5820E0DAAD0C483761,27649,res/piece/nfy_union_competition/ui_gonghuizhan_jianbian2.png.gz,d4b07ab81730293ef81fc9ef39614e2c
591AE15A1D8489518206DD1D5EEC84FA,400865,res/piece/nfy_union_competition/union_temp_bg.jpg.gz,977572e07a36120ea27f2ffa3183bc13
D9FECA16975154CDD653EA5D61EF06DE,15068,res/piece/nfy_union_competition/union_temp_point.png.gz,0574ed96c53fa59932146deb7c7ead69
A8286B77F001D3ABD621B6B330C72FEA,6527,res/piece/nfy_union_skill_icon/icon_gonghuijineng_baokangqianghua.png.gz,af939db9e2bf4de2a5f545391e29b99b
75259EFA6330189D8F337D70CF315CAB,6207,res/piece/nfy_union_skill_icon/icon_gonghuijineng_bossshashou.png.gz,4b61e22d54a2e9ca46b8e9910edd0383
119B5B753E38561E518AB417B70D3B76,4874,res/piece/nfy_union_skill_icon/icon_gonghuijineng_kuaisuhuifu.png.gz,f6e5a3f3f6eb78efb48e5e9592566d6d
36525C68FC81B60B4031674DFEA40741,5122,res/piece/nfy_union_skill_icon/icon_gonghuijineng_liliangqianghua.png.gz,03fc2f6355a1fdd5199a8c93ea04598c
AC64197889A7C4F056E82A0BA5D88D4D,7843,res/piece/nfy_union_skill_icon/icon_gonghuijineng_mingzhongqianghua.png.gz,15f0173db5ca07bc9558aa238afe32ed
C457F421B6B6D521FD8E64CED7EFA0D8,6092,res/piece/nfy_union_skill_icon/icon_gonghuijineng_minjieqianghua.png.gz,e51db1191a75676c1c85aff959676b61
49D187C845811A43F64D102E2A694FC0,6457,res/piece/nfy_union_skill_icon/icon_gonghuijineng_mofang.png.gz,b41b54e1f8a001eb567599043ed16ec0
9DB3503E8960F4EE4A08DFA7E9998258,5059,res/piece/nfy_union_skill_icon/icon_gonghuijineng_mogong.png.gz,ad5179775013ffc14dbc2891dcf9995b
584A964D35B100F8793A7F0974F398B2,6531,res/piece/nfy_union_skill_icon/icon_gonghuijineng_mogongqianghua.png.gz,3930a69361a2b610ff3f5af4c5cfe45a
77F0D1F0562F9638C699EBD849BB1128,4983,res/piece/nfy_union_skill_icon/icon_gonghuijineng_renxingqianghua.png.gz,91b8e8cd760213596c565b4b79992470
160D5226D62D7545B8C1D4E5979F319B,4919,res/piece/nfy_union_skill_icon/icon_gonghuijineng_shengming.png.gz,1c94e6f2c679c22df8f08b7fd32cace4
F592E697E8012484F8A240A58BEA7FB2,5305,res/piece/nfy_union_skill_icon/icon_gonghuijineng_shijianchuansuo.png.gz,3bfdfa43f70d0a850bd76ef135ba2be0
46F3B4C22A6C2C2CCE53C8C2179BF80C,6815,res/piece/nfy_union_skill_icon/icon_gonghuijineng_tizhi.png.gz,59167f2a4d290e459d7d8a85a86d1d80
D4DCF4B7417AD318915EEAEF2E830822,6259,res/piece/nfy_union_skill_icon/icon_gonghuijineng_wufang.png.gz,794862f33e88442942212a01e3dbcc85
9F8B326D1E852F96498970860E931723,5927,res/piece/nfy_union_skill_icon/icon_gonghuijineng_wugong.png.gz,efdc8c97860b7d8e27bb9f4b2188c3b4
75E5B4813908BCBBB664BDE7A84E2861,6561,res/piece/nfy_union_skill_icon/icon_gonghuijineng_yinengpenyong.png.gz,d0f647f8a5c42aad095aa64f3af0efc4
2771943C4AAED69A2A5382B307FD201E,4260,res/piece/nfy_union_skill_icon/icon_gonghuijineng_zhili.png.gz,97b64b0d80ae6b9b4c494c1f22f67611
29EE6E9CC33470B782BFC651D9C56769,5476,res/piece/nfy_union_skill_icon/icon_gonghuijineng_zhimingdikang.png.gz,a3caec950e2018f54bc773e24f5aad15
4FD4EC2064AD7FC6AAB5CDB50FAAFA99,5004,res/piece/nfy_union_skill_icon/icon_gonghuijineng_zhimingshanghai.png.gz,87664d30eae76b980ede1f3689351ea2
8E2B255B78C96BBF0D9916B9EEE8F7AA,7402,res/piece/nfy_union_skill_icon/icon_gonghuijineng_zhimingyiji.png.gz,c6404d7282991ee61d305fc5c300b1bc
CD5295B9D4CD6049247CC237E7A7EC17,287947,res/piece/nfy_vip/ui_vip_beijing.jpg.gz,d518b59fe4c94013919c1834de47264e
ACAE893B2CA0A4388B057BCE83AE5121,12213,res/piece/nfy_vip/ui_vip_icon_1.png.gz,b95cedc56e31ed0f6047cbf67ec8d434
84A32B6A2360FAA8EBE9919CB0DC7993,12307,res/piece/nfy_vip/ui_vip_icon_2.png.gz,e80d14d45387d1e692c767325e302b10
35BDC102AE31218856A1F5625A880CEC,14274,res/piece/nfy_vip/ui_vip_icon_3.png.gz,bdeac475702ddf9c848c84adc3f1f700
087A77001841DEF7A9378D7234D2EEDE,14489,res/piece/nfy_vip/ui_vip_icon_4.png.gz,54b38a9c037e29dba3238b2c789afc1b
5CDB5CDB0A4F1DC9C032BE4318CBD0D9,20448,res/piece/nfy_vip/ui_vip_icon_5.png.gz,8603abaf7f99414d2f2511bf88b6cc3d
52B7699D4C78AF2DDCC19F182B0FEF29,30279,res/piece/nfy_vip/ui_vip_icon_6.png.gz,c747a059177ae80073503141f67e1d5d
E7AD15D095699639477493943CBB195C,1273,res/piece/nfy_vip/ui_vip_icon_zi_1.png.gz,a245f3f7f84613de8b2e341ca46e5120
783921EC9CB656F3A3B202A72313A5ED,1841,res/piece/nfy_vip/ui_vip_icon_zi_10.png.gz,067fbb77904548d9d8a4d43b173b6d95
B53DCBB5A1058C348889224808FB3767,1479,res/piece/nfy_vip/ui_vip_icon_zi_11.png.gz,8add07e28e58c3c30eaca9f944da5b54
18C508911044EF0656E70FF613EBCF27,1829,res/piece/nfy_vip/ui_vip_icon_zi_12.png.gz,545bee29ada7865209c4e1ea416881d6
348AB2FBCE5CEA1503332A8B8AA3D128,2201,res/piece/nfy_vip/ui_vip_icon_zi_13.png.gz,07e2e7eb0af35590f024f75e12bbc0f5
E935304ED4FB528D11C4521DF18ECBCE,1835,res/piece/nfy_vip/ui_vip_icon_zi_14.png.gz,f3231f02b6cda86d793368a2272e2454
A4C6C764D3B8BCE6525EF910337FA33C,2030,res/piece/nfy_vip/ui_vip_icon_zi_15.png.gz,6861f161607c845791f1142ee551a940
FE29A3FDCA1B62612E3CA841B3DD3E76,1742,res/piece/nfy_vip/ui_vip_icon_zi_2.png.gz,7d6bb924f25f0cc8316cced0f40a930d
C6233DA2F38DB2E332D6A946CB8034AF,1835,res/piece/nfy_vip/ui_vip_icon_zi_3.png.gz,78bdb73e38b89ca88a7dfffffc91abf3
AF23D91FF9FF769A1E6F15C56B2E2FF3,1524,res/piece/nfy_vip/ui_vip_icon_zi_4.png.gz,dc177458f9d34e1425eb47096391d91f
CA31857BE883622FCB1439D206BA24D7,1796,res/piece/nfy_vip/ui_vip_icon_zi_5.png.gz,76b0bff9b8c9d8ecc12757d64480b8f2
3A4448CE0ADEA26DE202F68DDA42D083,1823,res/piece/nfy_vip/ui_vip_icon_zi_6.png.gz,28c5b2ad1006ca4978bc24cec1b356f7
7FA0A39EF2E52C59C736454BD57AD72E,1693,res/piece/nfy_vip/ui_vip_icon_zi_7.png.gz,10df5f7142fcccb5a28d5730e6b66ead
0074CE4A51E02C75B23A102EBE49EE20,1897,res/piece/nfy_vip/ui_vip_icon_zi_8.png.gz,48db7d48ac0df8e10ae0a63fc33f2766
97E37A68CFA405FE64E004DF458F946E,1875,res/piece/nfy_vip/ui_vip_icon_zi_9.png.gz,c882265969f8deee1d52cdb262b0421b
4B3E45282402FDDDE2836626098A2B7C,386279,res/piece/nfy_weapon_lottery2/ui_wuzhuangchoujiang2_bj.jpg.gz,1ae0ebf84526d6f496ec117498cee287
929A688932E60B0E6B0636E65044DE72,274197,res/piece/nfy_worldboss/ui_shijieboss_linshibeijingtu.jpg.gz,c1ad6a2be7e3a7c27eac312ca463fb89
00F6E2B732B887EA7308B7BB9B9D045C,816023,res/piece/nfy_year_celebrate/ui_zhounianqing_bj.jpg.gz,8bd3d6f573cddda5c9e50ec0de454c3c
A4F7430F296C00052D2FF2C813266F9C,3966,res/raw-internal/image/default_sprite_splash.png.gz,d3f6892c2e0bfd5176ae7d4523d97ed1
AC64BE423268A97B2A0CB70E0ECD0078,46258,res/sound/ailinluodi.mp3.gz,6b4d587cc8d3f79230da8f0786293339
3B5B0EEAEBE6A7C3B8040A4BFC782C58,51718,res/sound/ailin_boom1.mp3.gz,c84baa42082535ec7cad3b104e07e8ec
DB48DF52AB0F3645F2E96BEC34F660DD,47249,res/sound/ailin_boom2.mp3.gz,b45a3bb0c68f281033413b2b23cb5cf6
5A2AE22A4F4CA16AA097BCFA36417BEE,66255,res/sound/ailin_exskill.mp3.gz,d962ebfadc1b07201dcaea4df3d4f6a2
64B9C426880D8FB7FB3CF0F4EBC4FF0A,128427,res/sound/ailin_jg1.mp3.gz,31c70b01474ce1b820077a7eea9fc19c
AF932E77FC2172DED7F0651C53A8F098,126113,res/sound/ailin_jg2.mp3.gz,05340620f989793055f8106a669ecf31
88AB0D96EF62D655FA157D3DF284C878,75030,res/sound/ailin_jj.mp3.gz,a85b40c78128fe11f44926afd765d781
457960A271892D342EE0EF316021324A,119658,res/sound/ailin_jx.mp3.gz,2233d2f0840ee3cda0b6f5b9121adb4b
81A28B2EE52DE6B7CA6D5902524222DF,44402,res/sound/aoyi_heiyan_baozha.mp3.gz,0f895d1bb138561b3c77f83572193966
6E2C5D98DBF0461C174401FC4B5C79DA,50114,res/sound/aoyi_heiyan_kaitou.mp3.gz,186aaf8f27c41e90967f05253ab11f95
283B71385E8FC79233E7BC6A8BB085C1,49570,res/sound/aoyi_heiyan_sanhua.mp3.gz,3f9a520cf043824b06764b31dc2e6793
1D58FF59DE7ADBAA7CF63BE8540E2938,56140,res/sound/aoyi_heiyan_shexian1.mp3.gz,4fe869b41cfea120c13688561253816a
74C76FC8096CB2F7BF8BEB2585B19845,6797,res/sound/bao.mp3.gz,4dccba695efff64efb9cdcffbfc0600e
1A48DD360C5055664720633367BBA3E4,6784,res/sound/baopo.mp3.gz,3649a01c88f0fc102ee1f423133fbf7a
F24C5A319CBB0F3CBFBC338C412BABB5,17786,res/sound/baozha.mp3.gz,b3fc7c7d9813068dde6489f5a101fc17
5AA470AB8AD8F21523403A23A35BF158,1274828,res/sound/bgm_01.mp3.gz,ba3b8b795763dc9a6e91d1e3c953e745
21B465A9672C666587A88FD824D7C93C,168791,res/sound/bgm_02.mp3.gz,4020b90938030f578fdf6f95ad3dcf15
BD509ACDDEB533350BC1C936F0723241,663401,res/sound/bgm_bar.mp3.gz,be15f9558c311ac2b31312eabf4a9cb6
398FCB123D94099739FAA795D88FC76C,2241216,res/sound/bgm_city01.mp3.gz,f4601a1db6302d93390816bc1cd70fa3
B66011CAE17825512BB7EAF3293D1799,2139432,res/sound/bgm_city02.mp3.gz,3717bc6a54c46c0fdd1d5d08a4399ed9
FA66F0467B75E8E2748708B3D5D764D7,2294912,res/sound/bgm_clocktower.mp3.gz,58e034df44893e3cef52c3b96c386d3b
82BB193DBBBF04AB4F7DCC5200CCC801,148937,res/sound/bgm_electricnoise.mp3.gz,cae24e0f14fe1da9f237d10b073c2756
40A15B93851B229416F4289C23FB1A2D,2207675,res/sound/bgm_fightboss.mp3.gz,322d367f0bacfe4c7a0908dcb316fcd2
C35AD2933B27AD0BB5B4BA5856C1D152,3154835,res/sound/bgm_fightboss01.mp3.gz,3e279a19f39d3b69bff66e8bc46b6073
94C409C4E88E91EA2FC37C7A0567966B,2942769,res/sound/bgm_fightboss02.mp3.gz,c6f92766b06a62d5c8a0143a32803c98
E0E1FDA1DA9D30FB63EA62F708C08648,2303381,res/sound/bgm_fightdusk.mp3.gz,1ad0b52d469f43300a4faada8a61c531
BA252A1811899C87DBAB6B4C2828CED8,719459,res/sound/bgm_fightflyover.mp3.gz,d82100276f9a786ed040e2ff14577b4e
B582213B54B832FD1AD9FE4723EFC5D1,2243835,res/sound/bgm_fightnight.mp3.gz,23aab894d328ad63072f108ecf62779a
B0E7A0740552ED8C90168F1B0E3AE116,2201772,res/sound/bgm_fighttrain.mp3.gz,936b07f4bc3467686ef2052eef6fe24f
E7C45DBDDFAE146C35CBF2873FF63D55,1165809,res/sound/bgm_funny.mp3.gz,592d1c061a9ef49cc3338e8b52ca17d0
1B6A22B138D93994B306A37D65E83B2E,1242616,res/sound/bgm_happy.mp3.gz,e7457569b94346f994f8f8510f6bce5a
1B249957B15329CC96F737553B2CCDAD,1219422,res/sound/bgm_peace.mp3.gz,71cc94fe296431d8e77562ae0e3c2a9a
B32796D8E2C92E9852D025CD6E619DE9,729234,res/sound/bgm_rain_sea.mp3.gz,dae9f249ae9c24ff069a279fc7b5fe21
A0CE87BB8AE4654C3CCBEFFB12D117BF,1236465,res/sound/bgm_sad.mp3.gz,2a4aa88080267d979a5286fd093545ea
839EC086E0171972C1A8256C180D04F5,1208967,res/sound/bgm_serious.mp3.gz,063c606c99d2bbd778515d0d925744a5
F554C41FC469F5495A60CBBCA5CA3EA6,3930,res/sound/bgm_space.mp3.gz,9d06d65c26f050fbe895612b6ef8b39b
C36C34D339B22A674B14D57B5BBAA9B4,1076657,res/sound/bgm_tension.mp3.gz,6066a868bb7ab6aa2e8fcbdcb6cd9e34
46387873FA5A27728B8F599F0E386EAA,41683,res/sound/bianshen1.mp3.gz,1187aeb5af6db475069b9c4fb06572c9
6E8DA66354F5A3896E440A13EAC0AD72,5758,res/sound/bing1.mp3.gz,4d30a364abf07aa29c1ab89c9586e360
601E37DFB10B8E843380C9A01D00A7C2,6545,res/sound/bing2.mp3.gz,e66c87b8809a87cd8529453c029480d2
5A4F391F92DD8D4F7A82EDA28EED5915,7526,res/sound/bing3.mp3.gz,0f8be084348931c1b14557a16136479a
DD72242C5DA858A946BF22D30493D599,8383,res/sound/bingda.mp3.gz,d187363085972403712881390649d02a
A6F40617E4B189A3AE30350B505E2677,8383,res/sound/bingda2.mp3.gz,d187363085972403712881390649d02a
95D243BD3B02EC5DBC34F3D1A21DC51A,9536,res/sound/bingfei.mp3.gz,3104ca38d38608fbcbfdf015767bb7f8
8856698BD89BDA2FC7CAE04F81C51968,5089,res/sound/bingfei2.mp3.gz,bb60b2fc81ad7488566915fecb71084a
2E25E88C003EFC258D75475A66DC98C8,5089,res/sound/bingfei3.mp3.gz,bb60b2fc81ad7488566915fecb71084a
CD8CCB7E457ECDEFCE60CFA102E5A79D,9536,res/sound/bingfei4.mp3.gz,3104ca38d38608fbcbfdf015767bb7f8
E5FEECD99C53FBD9A5314FF1DC089461,3391,res/sound/bingshouji.mp3.gz,ee5cc6f2b84fb49817f41fbf15c0a1b1
77986C760C2600DDCE9298CFDF005CE0,30457,res/sound/bp_01.mp3.gz,380f3973a13575b516d77ecc8ce38062
B17B4AF3EEA2A0D92156929936FB9BF5,129482,res/sound/bp_02.mp3.gz,da8031cb2e102a46bec22c07edecfec4
A10497FE187354DC5D6EEC5047839426,136848,res/sound/bp_03.mp3.gz,eceb9021b488b035dda2a4c5018c6c8a
AE3D2B5663ECB75A2BFC54340BE60DD8,24742,res/sound/bp_04.mp3.gz,be124f5c2625b204114dc1b54214a703
01301F7F9F4C906827184EB2E7AAD7CA,212983,res/sound/bp_05.mp3.gz,0d55f65fb0bfdbc64f5037de244868e3
21AC68F8C51D55DE9C711D5AE777C34B,189671,res/sound/bp_06.mp3.gz,31c956f3e601d0c1e386fd81141f53da
DCD9F674B3C59729D67622855E4FC4CC,72183,res/sound/bp_07.mp3.gz,82f8a6a14e88ec36b57edd8c9abd89d4
FF3A989F9BD5D2A2E6D44171452718A6,71127,res/sound/bp_08.mp3.gz,701c6ea000be6df982c068fa9b032667
8E125B54BCC420DB8B5D64266ECC30C5,27810,res/sound/bp_09.mp3.gz,65cc2b87bb26a815a124dc804d0623c6
BE84A7339BEC522EC3325A2C618A8DCD,34000,res/sound/bp_10.mp3.gz,d2cc88388ffbad739c196e3173328cc9
6DA61E68FFBCBF0B4B62D9A4F1E9DA09,46894,res/sound/BRSDF_empress_1.mp3.gz,3e1e3d4d6e05aa28c0d990b6cc1a7c20
ACE2EC6630358987C64DAE8C118363E2,54227,res/sound/BRSDF_empress_2.mp3.gz,96e38a85934b3a770f52f8fe326368fa
51D2A01D73DC2D1C02FCF2144D81C209,135439,res/sound/chegu.mp3.gz,89710b95447794a71bca682a5f89223a
8A8D848DE82E82DBDA51FD3945110807,32985,res/sound/cuozhaohengzhan.mp3.gz,efc164bcbafde8e677249f8e726f442d
84A300F6B33FBE426DDEB0DAECF91BB5,22718,res/sound/cuozhaoxuli.mp3.gz,4605cab278efd3bb27e92b1b5675bd03
D917411973264FAC0126FF5C8F252C98,11150,res/sound/daleiji.mp3.gz,2c8be3bfbb45c9c3fe8ac495fba12c58
D994DEC940772613CB4E6C5881B06D76,51678,res/sound/daoguang2.mp3.gz,8d959aa365e08c93a3d99add2687b518
4A877DEB72735D16601C883322B2CCEC,4888,res/sound/dashouji.mp3.gz,709a370e5aea821ad953685000770873
29EF3F552E36B47910B3877399C0D004,91418,res/sound/dcjq.mp3.gz,249e3f7fbf45e61899fd69cea51aa4bb
2F9229A269F7BCDD55831CDB87B45AED,144815,res/sound/dcjq1.mp3.gz,7843cfa91067b744093c396e61a43301
2420F01D27AAD6A155A07BDD701715F7,91637,res/sound/dianchang.mp3.gz,a360e27237cd47ac707e3b654aee3bd3
98E35513E6F448E4657D70BB356E310C,91995,res/sound/dianchang1.mp3.gz,dda1fdd5fede28b9d62e8d7707d2210b
4AEA5441C1167ACF42EADDA5A83C40B9,319229,res/sound/exskill_atomicattack.mp3.gz,50262d4e7876cbd10ab8a6cf905168ce
F4C63C17CD407586C25D41CFA06AEBED,43004,res/sound/exskill_atomicattack01.mp3.gz,f205d037e5b8b0d9c3e2b24032e1db0f
039BD6CF1F8E970BC5C3A22260313A37,225400,res/sound/exskill_bloodvine.mp3.gz,d24023fc817c26822e6067dc2f5e7c97
C61F6BD9A551F856905FCFC165CFE23F,134016,res/sound/exskill_bloodvine01.mp3.gz,0b270e1b41126d1369750b8220cf0f49
899EF300D79ECD7A6D16DD5FE8831397,205566,res/sound/exskill_fierydragon.mp3.gz,495f6c05e8fe98aeefd86cc67652fee4
D9782AFE4AB3545B1D08BFE22E065737,94535,res/sound/exskill_fierydragon01.mp3.gz,a0f43b7be446ebf42562f59731c20936
31258C921BDF950C1EA5B0690E446209,257043,res/sound/exskill_ghostburial.mp3.gz,c1303f9338779280df5c3ced15e5c3b2
4BD5A131ADF629808F687B4F3E08B411,110127,res/sound/exskill_ghostburial01.mp3.gz,ac0e83936fc2ccd9d0d16386a1809d8d
5F7C937B19DFAC6DDAADBCC8F37686CE,233443,res/sound/exskill_gloomythunder.mp3.gz,2cd8606a7639d53fda509e8d39f755b6
5030BE4A8F1D2FA1165D4B0E7A262FBB,142235,res/sound/exskill_gloomythunder01.mp3.gz,7302564493389d8dd59ccd8135b4d906
B4F13B7C5092B4BE0B6E9DA7EF1F3266,12909,res/sound/exskill_hit1.mp3.gz,d2fdb9d7e37c7663b7f3e728a6aabf13
A0BB0A5F2246FB79966E76684092DD3B,36361,res/sound/exskill_hit2.mp3.gz,d1b31c47f6d6828bb43439829354a1bc
C13CE3DD624F2A74060F86E6A89191BF,17699,res/sound/exskill_hit3.mp3.gz,fb48e297d354d26c1903c54b23d50077
C8827D7FAC848924F6840C059FC03B78,29373,res/sound/exskill_hit4.mp3.gz,e388395fc01ba93a56301a28e583c4b1
85256E0996D28F1FF62361005F886A58,14202,res/sound/exskill_hit5.mp3.gz,c9182b0674019f686d9f808a1f6036ba
BF5C75D7C9B94A7B8C28CC297EBDCF99,35647,res/sound/exskill_hit6.mp3.gz,78661854da5a96e841b46dfcf3fd205f
15CEF9895E9B3D73151A0430FF960F46,36292,res/sound/exskill_hit7.mp3.gz,14934783997edf72a04af9ea4dd68410
3C85E2F43FA6017704CE0319B01F7D86,124080,res/sound/exskill_phantomprison.mp3.gz,47b4d09dfd2776f01a596723bed06f70
54DE06222D8F6EBB8DB00B75208A76DD,50855,res/sound/exskill_phantomprison01.mp3.gz,eb03d2bb647ed65d2e7f73a54bdb3e4a
7EB049DA3DBCFE527BD3520574FC2887,361125,res/sound/exskill_purplephantom.mp3.gz,81d53c8d9817146870671624a163bfa4
33AD1E8745D4490DDDC8A0A0DF7A0C06,120702,res/sound/exskill_purplephantom01.mp3.gz,3af175c7e4d8aafc83a89660616a3155
E313998B136E6D86F888602C08E6F7DE,303219,res/sound/exskill_purplephantom02.mp3.gz,fad430aa9462b83aa634efeca7a07d6d
FB4030E86F74BF9D6073EFA3CBA89408,318953,res/sound/exskill_ragnarok.mp3.gz,f566d696ae0cf3db3897279c8e572906
4484BFECFAC6636E8DE202C277470A91,53227,res/sound/exskill_ragnarok01.mp3.gz,3291a9d5cb201dfd1ff9da31f5ac5dba
CDA0F2BAC8C9E4DBE36566B40514FB7F,421031,res/sound/exskill_sakurachop.mp3.gz,417389736fca23404a68e1bb82379742
62192CA065C75F75F98AE028D0933CBF,43215,res/sound/exskill_sakurachop01.mp3.gz,070529487d5d41efc4a36386b7d43669
0452838574FCE61AEB57D002C657A283,496771,res/sound/exskill_thundtation.mp3.gz,b7bd614f11d740b5bd78c020ef4c3ac2
73BCEFD559FE5BF846F309AF7A19D2E6,59230,res/sound/exskill_thundtation01.mp3.gz,d37fa325d1a58ba888ebf06034b5ba52
47418EC9E1A681DA3B314803E3C3F098,283309,res/sound/exskill_vientianestars.mp3.gz,1c553b3c529391a2c8a29ce1f1abf827
4409A78FE265B32C441329A0A4CD19B0,64897,res/sound/exskill_vientianestars01.mp3.gz,70dd20b7f2f3ae0ced90e9181930dcdf
CE785F3E2748536FD9183F57725C8A0D,26698,res/sound/fight_blackholeboom.mp3.gz,13987c50926411fbe8860f1af745b1e8
D75AD3DCEB1259A749B4282490DE325A,103775,res/sound/fight_bloodwo.mp3.gz,f533e54b295f6761cdafcbedd072f2b7
80F825D317A3825A01070A84404C2E30,263955,res/sound/fight_fire.mp3.gz,77afa36a67a2f62fb87aab6e08c63de3
05988B28931412BEE620EF0C85508316,8170,res/sound/fight_freeze.mp3.gz,5f4806784531f9d5991277b90d283618
6781E5B3BB76828FD4CC42315655675F,27606,res/sound/fight_iceend.mp3.gz,a5cd192602570e8c8004bb8dfac1f71d
26735AA0436CC1BCC657BCB73D67D299,22320,res/sound/fight_icelance.mp3.gz,64e95fe08ddcfbe861ca58f02179423d
20E262B06E967046D3EF3586909D30EC,15562,res/sound/fight_icelance2.mp3.gz,c25f3f4d385c0f09000e45e11bbeb847
85EF631E891FD24B6C4A46F8CED2CBCF,10653,res/sound/fight_icelance3.mp3.gz,12616e8837cd8f26558b8cb41f7bb1d3
0AFDA89112F0F83BFFE4D110B97383A8,39223,res/sound/fight_laser.mp3.gz,2ea46378b7647e10b3f59616b34a9023
DEA7BF0E6CF03B22EE36B087E4174BAB,39223,res/sound/fight_laser2.mp3.gz,2ea46378b7647e10b3f59616b34a9023
72F79048FAC7974A44AC817382CF0073,28237,res/sound/fight_laserbig.mp3.gz,ee701e1cfeece86e7f83cb880b0c80ad
E860FCF1DBE77B8814EFD835C2535719,29265,res/sound/fight_laserbigthoude.mp3.gz,0e86385eb7bb7470077628d2f5dd69b7
54D745EBB59A48668FDBB43502CB5353,23171,res/sound/fight_shejian.mp3.gz,958fefe84a85fd99fc16fe25002eadc9
B16B2AF09804E0AEC854480E70D91E8B,17670,res/sound/fight_sickleapper.mp3.gz,0094a42978cab87a14bf3a4aebffe8ed
BCA3BDE6117183B1CFC2E9F605847EBE,17576,res/sound/fight_sicklefire1.mp3.gz,56acbaf631af1cf11ebb48f6231bd822
AF8626376AF8976722AEC030B8E7DBDF,66270,res/sound/fight_sicklefire4.mp3.gz,8e9ec16fc2ca750ad622016860c8a351
FA73DE8CD502DE5A1DC6B0B10837DB89,82408,res/sound/fight_sicklefire5.mp3.gz,32ac875a3f8177c0699a3c49427daaa4
3B31289A23867C3DECD8B4E93AA68A01,98451,res/sound/fight_sicklefire6.mp3.gz,245ba6b84a20a97113b7ebfbbcf6577e
70E30BE3040C3DC8017A4722ADE54F84,146513,res/sound/fight_sicklefire9.mp3.gz,674856de0ada59011761d8fc93825c62
E5C0416DB1697638656FF0B5C59A119C,59333,res/sound/fight_sicklefireover.mp3.gz,539648af2041779838e4267a4996a809
2B6C20624D7A15CD23AA8EE98DFC93EC,117000,res/sound/fight_sicklegodappaer.mp3.gz,6ff833bd1aa4033063a15a1b0998db76
46AB7511756255416A4AA0DA2D0A4264,760144,res/sound/fight_sicklegodattack.mp3.gz,64ed951be52eb195f6354393525abbce
BECAF1FA9B852463D7B2D395DCC3B937,18939,res/sound/fight_sicklewuwu.mp3.gz,61d12961b65f86b8d922c04e9b531d76
BFDE55A53ACF21618FC127CD6B9E945B,4039,res/sound/fight_sukrasword.mp3.gz,d4eda883e7e2b396b94c862b9c73cfba
E8CEEF515B2859EC4528656A17BA6DDE,14183,res/sound/fight_sukrasword2.mp3.gz,41736aeb8045c5418510ac9e0ddc003f
6C996EE0BBF4827831419476B83D3E0F,14183,res/sound/fight_sukrasword3.mp3.gz,41736aeb8045c5418510ac9e0ddc003f
CAF029FC77FE336411A179C5ACFC0F89,320386,res/sound/fight_sukratree.mp3.gz,03c4377f94ebb3dfac102a4e74fca5da
96C8F9D80922B7E0DD32C3C4147C1341,44057,res/sound/fight_swordair.mp3.gz,57374ef478ee3b5eae7ff068e3a5316f
6A5C824FBAFE663FAEB5A3B553C1EA8B,59173,res/sound/fight_wind.mp3.gz,4dd56b226c1156b73060a0488d5f4a9e
98350669E41A05F3D134869F6F10D06B,35739,res/sound/fight_wind2.mp3.gz,099dee1cc403ba5e376870be7ac0bc42
B1E93BCB0B828C5A4506D8E14ABC9AC3,24479,res/sound/fight_wolf.mp3.gz,ecb1acf77d66816a132261a04fc14446
F8557BF957311AE24615456737B74737,77994,res/sound/fight_wolf2.mp3.gz,ee059a5797e3ed6e890b76a529a104d3
240AFA30F21DC70E703A2A76C76ED2A1,53373,res/sound/fight_wolf3.mp3.gz,61ca933fbb091a924ca2ef9ae97c17f8
7FCFB586C8A11F3FF54123476B2BDA95,110285,res/sound/Gabriel_exskill_0.mp3.gz,0552c32f577d588d1fe136192aae900f
CAFF61100C3D8F5B3D66862244CEA34B,82420,res/sound/Gabriel_exskill_1.mp3.gz,89340ae02940787a37d24d5244c706f7
BC5C6845310A934332506D0946EBD5E0,158151,res/sound/Gabriel_exskill_2.mp3.gz,fc1456b301e00ec539acab14f275f05a
FE957772D126C2CDC970104FDFAAF1F3,108452,res/sound/Gabriel_exskill_3.mp3.gz,1613b98fecd2b74ec092478366fcad02
41BEB3257A51D47924A5F3D794C77C1A,61928,res/sound/Gabriel_exskill_4.mp3.gz,13041268d458603c74f29411332679f2
9CD70E8444091ED036986465639F7D11,156842,res/sound/Gabriel_exskill_5.mp3.gz,77dc6ea91351da3ec53ea32321006f8c
EC37516D3928256617721E573C320D7E,178374,res/sound/Gabriel_exskill_6.mp3.gz,376460b575f3fe0149518c50a0dafd82
C7DE2212E5FEFC465A5C571CB11E60E5,87185,res/sound/Gabriel_exskill_7.mp3.gz,5d1524634aae74c98ec43026755e93bc
1F6805AF11FA43872161733025E756A0,11343,res/sound/gongji.mp3.gz,3a3c89eb383ab0d038bc7737a9dd73de
5F8A4F004EB3C40942865BBF1ED66310,10746,res/sound/gongxian.mp3.gz,bb2146806599f11456c3810f44adfb57
372EBD497D83CFBEE662A1F23140EA96,38182,res/sound/guidao.mp3.gz,5e9e2f3f7a6c89963906bed11eab3d09
DACE4C75E6FF102F128A06B769BE3104,37816,res/sound/guidaowuxing.mp3.gz,9706ef64cf24fd88cf30d490ab8f31b6
40C0FE71FE963580990CC0A24C179870,17571,res/sound/guimian.mp3.gz,1b7e6315a1b838484abe096f37383f90
57EB3423D4E4CDFD5184B1694E76CF85,28275,res/sound/guimian2.mp3.gz,17809862020902a5fb1c1298660e0c0c
91398C3A523A7E68CBC9C92D4C31AF47,76259,res/sound/heiyanaoyi.mp3.gz,b11f193521e4b7fecd3478d239a2ab86
4144A6E5B8F220C8EDCDDA9029B27841,217221,res/sound/heiyanchoujiang.mp3.gz,a19aff79f094df3eaf21ffea2e9b7985
9D1832022E96682D905B1A1A4C6EF38B,39436,res/sound/heiyan_chuji.mp3.gz,760b3eb0f46ddb6811e4b9df9113f158
A77273450D04C7AA9B0F42A69AEE5F57,58101,res/sound/heiyan_duoqiang.mp3.gz,7a82cd6bb57833695ff56ef0222ecfdd
23A77866F281B38E3D69DBE00827DA97,44659,res/sound/heiyan_duoqiangduan.mp3.gz,0e454a4bd56a8d2a7207f5cd6d4f9cd7
3501343CFAD2501CA558EFC8C6BAF829,27457,res/sound/heiyan_fasheduan.mp3.gz,3e1e1c0a72c58cc01eb19dde0b7e51b3
CB8CE7E64E426C91475F3984C5DC8221,30640,res/sound/heiyan_feiqi.mp3.gz,84af47182fd523a94f46913c0cca8530
AFFAA700CD4828BAF4BEEA2CB1FC1183,19124,res/sound/heiyan_jiapao.mp3.gz,330b8a3d3a37ed90c9789708128b3519
8022A8449239ECF0E001FF9DB7EEDA93,25386,res/sound/heiyan_jupao.mp3.gz,06684303a6e61919f899340f0b99b3bd
F58280F4ACB796DB37D1C8F209590BA3,87250,res/sound/heiyan_leiyu.mp3.gz,4159c772a88260b952800fdfaf591ead
B5C3CF0B951FCFB53114858C3275EF1B,37976,res/sound/heiyan_paoxuli.mp3.gz,2369153ffd0e46e6344db71737c17bd9
BFC5246DAC63DFE7134A0CAC4AA6F470,10831,res/sound/heiyan_qiang.mp3.gz,85c53a7ecf7f98f8a5dd5c9c75b15579
C2FD3B91CC84C0B45F61983ADCE23CBE,19935,res/sound/heiyan_sanqiang.mp3.gz,c2af62aa7a0330f6f801f5459a7cc703
9920B23A14545B131AA9040D99FA6B87,19595,res/sound/heiyan_xianquanpao.mp3.gz,1105e45f438c67207a9832bac5c7a377
EAC08D5258E306CDF7F988EAED61E122,122681,res/sound/hejindianju_1.mp3.gz,76e6f2f08c70507421c2ea82f4858e3e
A8134E9E131BBFBB2E732846CEC008A2,147093,res/sound/hejindianju_2.mp3.gz,11db2a435822182b76345923b92390a0
676CB1F855F2F9ABE93CB0D0B8174A9E,110173,res/sound/hejindianju_3.mp3.gz,286f36b81c159ac5b712a571c8e81b4e
3E51467A03C2697A732F19636DAE5948,2223,res/sound/hit_blunt.mp3.gz,9711da03b97822791f4a8d55edc7b871
17DCBC1D8BE682CD37112CF8B1C6A043,11429,res/sound/hit_explosion01.mp3.gz,d1fb09e1502591e48d295443c894ac63
B2DFFA33DF0477775A71E1C99E4E6B27,4531,res/sound/hit_sword01.mp3.gz,5967f351e641358767a9f93387eecef9
8E6260573CBF594D6339290C6F5CCA61,7037,res/sound/hit_sword02.mp3.gz,d62c27c78c58fbb3dd325589a5acc4b7
5687B2ACF1B4CB04927ABD1F92A3F649,59492,res/sound/huanying.mp3.gz,77c9420ab7dca522e68b0aa951efb1f9
C8092EB263CC974397D02284B123C08E,11972,res/sound/jian.mp3.gz,3dba6e55a2504d59ea9bd0f875008278
25DD081C75BB7A70AFADDDBA025EBBFA,24448,res/sound/jianzha.mp3.gz,a13d7b8bb9028d5a714c0d76ea2cc5b7
F6B51ABD7E2871E7E9F7F46FB740183F,47240,res/sound/jieshu.mp3.gz,396fa288dadc75a94350ae66d77ba25f
C20B9D1F9867FABE33B36CC4D7091AAB,55474,res/sound/jihuangquan.mp3.gz,4701473c8a55f2362e07c383ed10d731
D92B454299F96D9316033589E223FEF9,46909,res/sound/jijialuodi.mp3.gz,cad591de46ce2ff8b8d94693b4727839
74D5C32D08AA9971E749F60DBD27DD4C,13756,res/sound/jijiashan.mp3.gz,659964458f7e00dc71aa599536bc265b
0BA671729394696F59D7D9248E3BF9DB,11996,res/sound/jijiashangtaio.mp3.gz,4d12632bbf4535b48089eab8cbf56868
E37DE9DB7E032D6FE66BDFFF35BA92E7,11966,res/sound/jingzhua.mp3.gz,ddb6dc0dde7680c8a95d6d2043ff9026
6216D0AEDDCEB977B871759C8E3B7BDC,25910,res/sound/jiqixuli.mp3.gz,e4b6c90f064f374dea054c1610db64de
5087A03729FE84EE82C077E954AA27DD,97981,res/sound/jiuhui_chuan.mp3.gz,54b87b8de824bb93f7bd771fbd02a4d1
A88D2974FFBBB158172055E4D139E4C2,73881,res/sound/jiuhui_renwuyuyin.mp3.gz,2819411af80a060893380618dd4c3f23
43CF25F9039CE32B6D22887D262A7899,19724,res/sound/jiuhui_shuizhu.mp3.gz,18e50c0e9c3631d4d4f498984bc01f93
182FC1F399D57102D693E2B7A183A52A,38424,res/sound/kongjian.mp3.gz,bcd7c893773d3768389b24532a36e095
4323EA391FC483F721607035C7E244CE,18152,res/sound/lagong.mp3.gz,8e17782623f1416bb4cea3b3485d866a
79F857322DED00189F514E23A1C4F814,27613,res/sound/lang.mp3.gz,7a301d6571f6e4ce5e0cdc2544d763ed
54EC9F6F93184C6A8D0584F8F6196ADD,27610,res/sound/lang2.mp3.gz,bbb7c276ac21e7fdf1b791580d496b6f
2C034EE9C8BAE9D998363FD51A6DB650,27611,res/sound/lang3.mp3.gz,714ba1806997c08ba210c9101942d5f1
E69518B63434C796D9E4A65043981CC7,4094,res/sound/lei1.mp3.gz,01de56e22589214a724094eee198c7ce
DF984C466CB7A330E9BB02B76D923E9D,7771,res/sound/lei2.mp3.gz,9ac0713da6489bf4d795a03d95d36114
D323F9F69B855D83EF713FCE096B04FB,16964,res/sound/lei3.mp3.gz,8cc26c8b50becb05d876473729b88b76
62575999B35D704C603810C88E622F2B,10394,res/sound/lei4.mp3.gz,787e7c1638999c72568763bc1c2b0ccf
81CEE6FA0C13AB954FAD53CB5CA2B254,8982,res/sound/lei5.mp3.gz,043f65801d18835afc97b47ea0011267
02D18E6C1614A63F206F612D67E1EEB6,10907,res/sound/lei6.mp3.gz,2f3b8bfc9f0294d6bc03f946fe6c2c68
55F01AC32B0C2FE7B3EB07F1E0C067FC,10993,res/sound/lei7.mp3.gz,e882bfb64a9a4f2fd01581b0217118a1
834B6612720AD14986AF8394A4B01EBC,13618,res/sound/lei8.mp3.gz,6feba9e958647017e90b225c00e45999
0AE0FA5979C7C5AF608D7897B3887064,21767,res/sound/lianci.mp3.gz,e24f2e66ee9a27de52755204a17e29da
127A99F12A8118571E4473FCD7E2E3D8,29183,res/sound/lianci1.mp3.gz,74bd41c0d7f6d7d13ede68e80163d7c4
1D71FF3F7EED0AE77A3DFC9E9E45267F,174071,res/sound/lmjl_1.mp3.gz,e1fba2af09cd51fd587f57eb1ad8d87a
3D2A3A0E7FC0A09482CDA681F11B8B61,74444,res/sound/logo.mp3.gz,d64054f9237b0f6bcecfc77a79c129de
9C52F2AF44B3A8E02BC7249D8D10DEB3,34188,res/sound/luanwu.mp3.gz,15273774d2ca14c99743d6599465885b
8BBD52D896F089B0A0E5F6C07746EEF8,7734,res/sound/luodi.mp3.gz,8c224afe2d10ce6d647420a28d51d30c
29199C7F75241312A19AA0C4F33A9CAC,7805,res/sound/luodi2.mp3.gz,2dd06fd55a5cfbe340b51ee9522689cc
5D5A36118C5FC18FCF9322EABC07EE38,7721,res/sound/luoxia.mp3.gz,e57d6a3e28eb46712d896c634e0357d7
D556D9956A9A99288FD215BD6B69418D,7826,res/sound/luoxia2.mp3.gz,a330bc08244a467d44128154b8bcafe5
E7EB63134093A8318EE8DAF6CB7551AB,7827,res/sound/luoxia3.mp3.gz,ea88f692c678ab7a1fede0bc8530b9cc
9D7150103F6FB1AB44E4127BFAC2CA43,65568,res/sound/maichong1.mp3.gz,9174369a703e603bbf42f8956df15f7b
A30204E0218AAA6B07FC028B4209CB0F,20832,res/sound/pugong2.mp3.gz,0e6ea820f0e81bae11c5085e28de07ed
B0CC1E49F4C23ABD64965D7C0411F10B,21116,res/sound/pugong3.mp3.gz,b02560899d01de74c98159655514b6c6
618E35CFED583CFF2E3D784E7D9788EF,20759,res/sound/pugong5.mp3.gz,78e5adee5af5f9b1bf9bf464fa21c285
7A3DCA79FC32C63831005D36E26DF8CB,20612,res/sound/pugong6.mp3.gz,7c352664bb97a5e662f2554bddfc5314
ADDE0D6C791E4EC974CF568249ADFAE0,33374,res/sound/qianchong4.mp3.gz,a46bb1507af54e153b53a82e93dea26c
420406E99F192433FA89013D1391AC51,33329,res/sound/qianchuo1.mp3.gz,254a4b3e2d50a55462ec2a66fab0fe6e
14D17A38E223F81F1F3829FEBB695D83,33353,res/sound/qianchuo2.mp3.gz,c6f2662b1fd545712164a8e349f01d22
776231EF50F825BB5D94C6F8597D5A6A,47296,res/sound/qidong.mp3.gz,59badcabe548fcd3659ea0a87c39fbe0
8B9D228AEEAF7A00B8032AB032D7368A,16666,res/sound/rl_test_bladeattack1.mp3.gz,091c62471e95dcd2f8cc4bbf27bb3f20
FD618D5FFB88C4C7D7D4510E48FC3A58,14006,res/sound/rl_test_bladeattack2.mp3.gz,31f8120a08d12b754db7db2ece564bf6
25CBD6504A24C4B57F167B53AEC1BF87,14001,res/sound/rl_test_bladeattack3.mp3.gz,e1d7947ed237bf056a0520fc54838520
C7BECDE8BB796644C81C242739DF9A1C,30935,res/sound/rl_test_bladeattackcombo.mp3.gz,5922495067e0705900739e924921c0ea
261F2CEA7F35A96B0445AE6083A94965,29565,res/sound/rl_test_bladeattackdash.mp3.gz,5ccd8b93d0288bfb89bf2293582b058e
CAAFD3273AA481B5713B7BDDAE06129A,20320,res/sound/rl_test_bladedodge1.mp3.gz,9656d1cc6daa69053f64157092ab89b9
BEFBD00F917269C103568D2F7C76FFB1,20910,res/sound/rl_test_bladedodge2.mp3.gz,fad03003fcfd3a57d2a72042bf8e8b1d
E142A5A4191CCB5BDC6EEFFA1A3F3774,37686,res/sound/rl_test_buff.mp3.gz,abbbf0e6808e7ab3749c253ab4db95d3
1EFA046F4162626886F98931459C3C9F,25071,res/sound/rl_test_burst.mp3.gz,54326a5af70feea5a75032dd2f4e9972
B7B643ABB1E09AC20A6F33380AC74F72,39373,res/sound/rl_test_debuff.mp3.gz,22021dccdd0a6042506ccd3ee574fa31
333063D383B398F76B811CD07D897039,82513,res/sound/rl_test_energyball.mp3.gz,9da9705f885b1011b32f5bcd7b9e0f31
FA6F1EE4781478887EC681D95D108916,30893,res/sound/rl_test_energyballready.mp3.gz,2c97ce3ed78bf9d74c1fda1daeb8f305
FEED0FE90EAB91F83B962F3563E9CD44,63849,res/sound/rl_test_energybeam.mp3.gz,03c0ab926f517dc2769e5a58dc0a25d0
5DA780656876497F78D14FD3774C593A,33223,res/sound/rl_test_energybeamready.mp3.gz,e83f7adf53627fa8971322281b8202f1
296FF0350508DE81F03CEDC7EF5E9B05,13178,res/sound/rl_test_hit_blade1.mp3.gz,adc3ab32c14b853e02273ce84bcbc4ef
7CF1F3B47611FE1FA9BF0F5F479551E1,13293,res/sound/rl_test_hit_blade2.mp3.gz,b625a93771d0100e803be917a7a182d8
31F4E5C43F678CAADF6B92A5E82E13B2,12896,res/sound/rl_test_hit_blade3.mp3.gz,607f5ad27bf98c44d6cc22ec06e1741e
D2AE446DA9059D43117D7F42D215362E,12842,res/sound/rl_test_hit_blade4.mp3.gz,6ddd5374be8c620b3e74c783a881f208
9825FDCC2D67BAF6BAB9FC9A58B7401B,15393,res/sound/rl_test_hit_blade5.mp3.gz,9308827af8739870a5577c330c0bd5ce
4E46AD787ABD2C9B958805CC621F3870,19891,res/sound/rl_test_hit_bladestrong.mp3.gz,ce77c9f613de97c905d7ec49baf412d5
C564D4BB1BA284230EE59FF3942C55F1,31989,res/sound/rl_test_hit_energyball.mp3.gz,bc5e3b58bbe9663d99405f8facd673f2
4B6D5E2CF1FADE85461B3802832DFCE5,31989,res/sound/rl_test_hit_energybeam.mp3.gz,bc5e3b58bbe9663d99405f8facd673f2
E45BD90006B4C7A9EDBBC6CD820175B7,10749,res/sound/rl_test_hit_kick1.mp3.gz,b4c5ea5c41166034ef11fd27a2fe80e2
3A0BF09EA3937E8D5C13EA333F080CFE,11377,res/sound/rl_test_hit_kick2.mp3.gz,c5679c1ff76e9679ea446dc25d4a4260
BCA4E831F1088883C5BB87B636B15006,2223,res/sound/rl_test_hit_lightning1.mp3.gz,9711da03b97822791f4a8d55edc7b871
266877227772CE0BB5C1AD186E00E561,11429,res/sound/rl_test_hit_lightning2.mp3.gz,d1fb09e1502591e48d295443c894ac63
9DA66DEFC2F2465093CF564342BBAD03,14790,res/sound/rl_test_hit_sword1.mp3.gz,5ac98d588170b8726d0d0aad03c3480e
BB2D40882798C895F0DCF77B3EF93F8F,15361,res/sound/rl_test_hit_sword2.mp3.gz,05db931776e842153bf9701b935e6296
42123AE30E173C18573EEFDDFF5AAC13,16765,res/sound/rl_test_hit_sword3.mp3.gz,ad8b6f26bbed9f57c5e4e891861436cb
51F0F1CF3937CD947234C7A605A0EE5E,16660,res/sound/rl_test_hit_sword4.mp3.gz,3c8fb3fe40430c0e7d4615226ce8dbcf
71AD73AF4B6F653AA9B33CFDC6CD0EDD,19213,res/sound/rl_test_hit_sword5.mp3.gz,11c7e296f306d2931c03e010a387ef1b
7B0FCA95247EA7CB208DAE2F95864AD8,37331,res/sound/rl_test_hit_swordstrong.mp3.gz,6d83248b728e95ea970e08eb0b854043
FB7F3C89A4ACE2F52A04F0A390DAFEF6,12902,res/sound/rl_test_kickattack1.mp3.gz,bae49841b21455457dd2f28ff978407b
50F2DDBD92C018E0B6DA50CC003C09BE,27471,res/sound/rl_test_kickattack2.mp3.gz,1f93bfcfb39c740910d18ce830f5703b
1234BE258E07BA3AA4FEDAD035223491,34775,res/sound/rl_test_lightning1.mp3.gz,0d18754dde98f9920527ea69cf357583
343CABD47220AA1AC9FF1B226B954451,32013,res/sound/rl_test_lightning2.mp3.gz,65cd4fafe709a8f94b385cbba2832294
F648A905A6839E9AED5174DE708C4C87,27306,res/sound/rl_test_lightningready.mp3.gz,2cdb28de93cfe119f387e3ab63462022
F2FCE04AB08C47D4024EA3294C59728C,56544,res/sound/rl_test_magnetbomb.mp3.gz,545d65f687a6f0a1b5aa1e8031d6313a
4F919DEFE5B90B7AF69582B1B5A5A06C,35056,res/sound/rl_test_magnetready.mp3.gz,54d0bab5bf677550c521330c42aa5b28
1AD485172426CE3EADF63D51C04C9DC7,21139,res/sound/rl_test_swordattack1.mp3.gz,be82258dcc0244f0fca54b2dc6e79a33
B0B9070E745E315220B060C7EF9473DD,21046,res/sound/rl_test_swordattack2.mp3.gz,2c98eb6e8662a136b78dc5e944a8366e
57B89FF29F9F37CBBF48DF6AF84888C6,17650,res/sound/rl_test_swordattack3.mp3.gz,4006d748cb5217168fb3fc77806fbee8
04A31806C0EBB574B7E77FA851975306,32552,res/sound/rl_test_swordattack4.mp3.gz,d090455faf9d12e8d85e29f5a93f7dce
441523C1B5F0F316A31204EB85750930,24891,res/sound/rl_test_swordattack5.mp3.gz,9adb44a907055d9dc760b08f28858173
0EC886DC8CCC8D0945EABD22904A4496,38655,res/sound/rl_test_swordattackstrong.mp3.gz,59aa0a6bf032fb4ee392ac3c8c3ac93a
7EE61F3AB0FB40FA0FE1919860918B9F,28684,res/sound/rl_test_sworddash1.mp3.gz,7f92dc35838ecb9cd827cdb73d6e28fd
FB33C793EC821444DDA4FCCDE2C639C9,24981,res/sound/rl_test_sworddash2.mp3.gz,e2f91ff89f15cc4e0158b0318cff7191
F90A671250BCF0B3CF89D95C3F8D4BD0,21990,res/sound/rl_test_swordpick.mp3.gz,7cfe5881b3c5034f23c9b720bb81273e
29BD467438FDA6BBCDE394478E9B271D,21930,res/sound/rl_test_warning.mp3.gz,7b1087171f42e39922f4e835dc232e64
D5B6ECA552721A04F1C187C36AC72B30,19141,res/sound/shangtiao.mp3.gz,4b2e0821f7bc013f84bbbc73b1347f7a
5DF4EA7B47360211A490080EE3C6878F,23273,res/sound/shejian.mp3.gz,388ea5eab5228435af2931230d2701c8
8AC43C8D4769B4360BCE742DDE299694,50005,res/sound/shenyuan_chengdiaoluo.mp3.gz,ab0fd8f4005a42616ae7c32e81f1e30d
6FDE901F3AF977BD3C082BA48CB917C4,89287,res/sound/shenyuan_guangshengji.mp3.gz,24791bb17535e124d2b3429c5272c1dd
A2F624CC007FD3F7352A17B513F02738,7445,res/sound/shici.mp3.gz,f4c28030c88f24b7aa3623a502c20486
2CDABC62A83CE667570C0BE03639A223,16291,res/sound/sishen.mp3.gz,cd5e19df70a7a0ce2c4c05de43a9a3de
9815FFBEC7F932D2A93D17AEF5561882,15286,res/sound/skill_01.mp3.gz,a428edd36c34a1b4647a991d8bbd531a
37462F7E052F0A5A0020E5C7D6AF664C,24505,res/sound/skill_02.mp3.gz,c741751b4170e66c4716f6fa697ea26c
4C6F29388C16601783D5F94C4F06F5AC,18827,res/sound/skill_03.mp3.gz,46775cb1376a7b063c4fa4410778b0c8
4CE3CC32C40CE44929D7D6A949EBB9C7,18340,res/sound/skill_04.mp3.gz,52da2c4ccf3f367e0ccdb55edece97b1
F2234628D62C25A17118EF23CAD4FE6C,24113,res/sound/skill_05.mp3.gz,4e01925ed9843320c98d34e6be42ff84
5805A19453508C2C0480DA891FEF3612,32199,res/sound/skill_06.mp3.gz,1edc6965df707e36f191a9b4f2ea8ffe
15FCB0D9A055AAB280B86D70E1CB979B,9778,res/sound/skill_07.mp3.gz,79c6ad29d8d2e9428ce0715b5ba4d0fc
14511440514DAC4AEF44E4B2D9990F1A,4314,res/sound/skill_08.mp3.gz,701f3b51ba361a8afa087de683dec2e4
7706838E58D93C6390965E185D50F727,17381,res/sound/skill_09.mp3.gz,0869f6599176931f27c2ea5967d952f8
9634E399AE6074ABC88358722641656D,4937,res/sound/skill_10.mp3.gz,b7c52bba6db0f5deaf5435b5c6f42af1
A71F47F12D88850BEE50F6596FA35947,4901,res/sound/skill_11.mp3.gz,4af40b2d58a032b9f096140b412d0161
9DDCE421A631F4B1A6D6C5C29F7AFB26,4851,res/sound/skill_12.mp3.gz,e6fc4685b01312b86f677ad24f80a214
C982E3266C7BEF74BA8762EC3A90CE2A,10160,res/sound/skill_13.mp3.gz,650d5192ee98a8c5b43a9f775ae8dfa7
47097BA91C7E000FF2F73644F1EB6C40,53178,res/sound/skill_14.mp3.gz,dacd3a6df9230d3583e52ee74d9900aa
D9F97A2BB974D7D47E0295F026C30280,16634,res/sound/skill_15.mp3.gz,8346a8131febcff08c0898afb383dad4
828CE3DE555AC5BC8A0270B2897556AF,14187,res/sound/skill_16.mp3.gz,c53be6d0dd9b2e8628dd88aa60030576
8776DE4A1AFBFC9BA35EACA8FDA019DE,9138,res/sound/skill_17.mp3.gz,b9eee1151032eb12a8fe32b27fd09250
06389B894CA2E3203F6E362A0B84CCBA,20924,res/sound/skill_18.mp3.gz,80380512153cbd10c4d14a5501456909
825C38EB2495FB22CEA56303388B0494,27080,res/sound/skill_19.mp3.gz,7f617c6af79613d633a1836c053bf89d
55D791C5B6F0C6264E7CC42B8B9139C6,60335,res/sound/skill_20.mp3.gz,d29e78067d7a33cf28591fc3d412e0f9
273A85FB5E67691681273D153DCF5CD8,25562,res/sound/skill_21.mp3.gz,8e0673f39effc00c9339e0c54992e145
045BD29EF4216752913F38850BAB0908,45644,res/sound/skill_22.mp3.gz,a9adee3e7a83c2d1b9445066ae0ebb32
233BC79EAD1F07609DFB2F7EC5FA047D,49839,res/sound/skill_23.mp3.gz,73f8383121254a539691cc59cbbbed0b
F8365BBA79CDE0B82A6529A2316355B9,41729,res/sound/skill_24.mp3.gz,0d19b207cee4f21ef72a3c491caac882
05F43083EAFB066AFAEEA39C4E50FDE8,109371,res/sound/skill_25.mp3.gz,fdc5964caf06152ea17401047e5f0bc0
022E19AF4E44DA9C7E128EDFECD84C55,24200,res/sound/skill_26.mp3.gz,854245f0be126e15431c4dbcdfd33b04
A5B304F108CDBC7E81D6864B699D887B,85011,res/sound/skill_27.mp3.gz,d5b887b4a5890963fe5d01b7f2f62639
62080B8CB73459820F3AB4FEC30B8FCB,19442,res/sound/skill_28.mp3.gz,5bbde1d86ef0c46ea3828f386ffa8ec2
34AF6BA2F90560F4A6B37803757A1912,20554,res/sound/skill_29.mp3.gz,a0d89c4015dda9faddf1fb29586157be
5AC7EC364A008BE3DD015278ED5A1D23,22466,res/sound/skill_30.mp3.gz,4c68b91c9a8b9c28d09690b9b9d69ed2
3138A3EF8AE813C0D6AC27922FDF7388,14022,res/sound/skill_31.mp3.gz,653b30f22cea42db1bc0827eb96a7aee
3EE2712C5205B8645033EF56ED3B60D9,21240,res/sound/skill_32.mp3.gz,cf4b290650517a727d772606a0de854f
41F95B756EBC3C4A8BD9D5870C47443E,19605,res/sound/skill_33.mp3.gz,125e234cc0dc12a61bc878e0ca8561ab
0FE79DCF7077AF8D795E331E954E35A3,56603,res/sound/skill_34.mp3.gz,d0b7215f48f49aab5b8bc73cdb2e3617
105124F4757CA574C5A74FA31A9A4E7F,30055,res/sound/skill_35.mp3.gz,7cf4e46cbd41ba77fd323f50dcd45bdb
BA513FAB4A1E6A08CE151166B9F7DC06,31822,res/sound/skill_36.mp3.gz,21ba9c7e5c58f1e5aaae767d2ecedfa2
8735B3B42FB7CD6759429DF1EF165ECC,15774,res/sound/skill_37.mp3.gz,0d183bd4a96b83199fe84a0036f13807
4ACE370E369D0C89F51B9A428048A950,11196,res/sound/skill_38.mp3.gz,d9c3d635507b6a9182be8f58f85661bd
7A6C467874947C2650EC7CC3D287D332,12230,res/sound/skill_39.mp3.gz,4e4cce6ab552043a684ea39a8f5628bf
51563F71FED1A7D8DC414D376C835BF6,9760,res/sound/skill_40.mp3.gz,f6308a8fd3c7ad4c53ee4b459ce5d9a0
3FD004C5991CD733D286983FFFCD82A1,9760,res/sound/skill_40_1.mp3.gz,f6308a8fd3c7ad4c53ee4b459ce5d9a0
7AF3BA8EFF50AD6DE60470F537D504F5,15134,res/sound/skill_41.mp3.gz,a0647bd84ba68bbb8bef86c846d89221
5967E9A26B3972972804E6255F8A313D,15227,res/sound/skill_42.mp3.gz,ea63a0b912752a85c23b474b7e2994ee
46D4C447AE6B25120B36A8052525D299,15305,res/sound/skill_43.mp3.gz,e6eb21da34207f45d510a6ab3449ec76
B268B8560807F53F88DC5BA29EBB9F3A,46595,res/sound/skill_44.mp3.gz,43e7685c3401259972256b28466ae629
CF67E0E55D8573C6E17A03ACAD392BAF,29448,res/sound/skill_45.mp3.gz,27caad6e3d6527b039b2deec15d383f1
4F2F7BCAFEA8900A38CAA7006DA301B6,31478,res/sound/skill_46.mp3.gz,d4b617bc947157e334ef2ca916d85748
356B09D433F849671B35DDF9226F628D,37242,res/sound/skill_47.mp3.gz,46e992013ee06b398cb2a3e6741ad00b
559513BD16A4B39E0139F9675F6BFE30,25206,res/sound/skill_48.mp3.gz,7bfebc4dceedbb39b6f2ea4bd8bff293
7D0418AFDD307FC7B9010D5D41819524,34076,res/sound/skill_49.mp3.gz,5e0e20a1b734de1135ba81ea277563e6
B9B986820017FBB9A593A2F2E911F5CC,36626,res/sound/skill_50.mp3.gz,756aecae6e9c37e4a711edb9c5097a4f
E316922EAC839A06B83C53A7959AAD97,23361,res/sound/skill_51.mp3.gz,cc74fb170853a68a0df87a117c01ae98
05CEBC5C55C784DF6790939CA649F5FF,32806,res/sound/skill_52.mp3.gz,78b69c6fa126c4fadaa26c1018f520d1
515E9C5C9DCDAC6650B36BA1D5F9E154,25049,res/sound/skill_53.mp3.gz,fba5148a06c3de98ee80852778cc144b
B6EEA34A6F4B22A0A9C274D48CE52C8C,33557,res/sound/skill_54.mp3.gz,92ff734ae471cf1581c8137119cdcf44
067AF73CA9C23FBE7BE4CB6BD857B1FB,36767,res/sound/skill_55.mp3.gz,979c001e588cf2dea90806997322b32b
40D50A77F95A68182194A4DB24B004AC,24923,res/sound/skill_56.mp3.gz,5c54761aabe3b4ad42659e2242327c8e
033774BC978B705E1F81DD05CD0B4582,36793,res/sound/skill_57.mp3.gz,0ecff436a06cb6a68934fcfb28d48ae9
A0A6AB9EA0A5AA2283C72A618E8BB66D,24786,res/sound/skill_58.mp3.gz,aae079f8532cde555498b62e30fa9b56
D86C35F3082F3FB47297232717D282C6,33589,res/sound/skill_59.mp3.gz,38ceb4d7cf52ef038f95d5d03fe7595d
700536E711EC406F6BF6CF30C5AF85CA,53815,res/sound/skill_60.mp3.gz,919d4ba778a67450a538687bf7e480da
7A0611B3CDCB6462EE2D452F0679DD26,12035,res/sound/skill_61.mp3.gz,90c3c8f3f2b653a13e9fe9c8fd89dbbb
9310F6362B0950FCB57CC5A8AF044CEF,41853,res/sound/skill_62.mp3.gz,42c5ed03f66381db2f98a234618a3754
214CCCD45846AF49D307749D309F5CE6,64166,res/sound/skill_63.mp3.gz,b9504ff63f89901736febb3ad0dff425
1D060E6693754EC5ECDE1C2A80FBFFAD,71965,res/sound/skill_64.mp3.gz,2f080aed0acc6a0414853fb4d7791b1d
5B16501B51894B30B731231EC9B14960,13271,res/sound/skill_65.mp3.gz,29f65ef5884d3fa68a58b616011fb842
4ACF087DDBD6468165307BFBC13D4702,14777,res/sound/skill_66.mp3.gz,5302efedf1579fc5f9ec2f624176f831
DAC6C9128C127C498D56D5BD73F03FC7,46126,res/sound/skill_67.mp3.gz,bcc1f0df6c0e70f0295e52bb3f59ab81
BD906D6453C2EA7985601966D96A4EBA,60728,res/sound/skill_68.mp3.gz,43f00c9b34907e02b299e7fb2262738f
1F6CF1081525FF0519E9FEF5D7715375,19447,res/sound/skill_69.mp3.gz,bf74ba6f1169d6b792045d17a78a65cb
2E165EF4BBF24E702FC09CA2B42C0E87,45077,res/sound/skill_70.mp3.gz,f63436ede312f7de1512e1e033832030
E91A8BF80CC2FB141A7D3D5F046BCA3A,39512,res/sound/skill_71.mp3.gz,b63e3879acb9a8069a658eaaa8d6de16
83E854865ACB92F17CA9CADF856E3EA8,30386,res/sound/skill_72.mp3.gz,03fff153fa5f6e6a17720039c3fbc9a1
0A3050720746B377CDA50D1D1EAC9726,15109,res/sound/skill_73.mp3.gz,72e176073ab7d9f158f27a0602458d25
F38818FDC2FBABEE127BF363CB6B3227,98989,res/sound/skill_74.mp3.gz,dc78eaf8e07d379b003ca303c163b0a8
B7984D7CF4E7D5A77CBC6E0217FEF1EE,51177,res/sound/skill_75.mp3.gz,7827cbaee1c56b43ffdcf758d46a75ca
42428DE8EA40FB33E80D4D85C6646FBF,85125,res/sound/skill_76.mp3.gz,09391fbe915a8e1cfd36419a3547a7b3
57A89339E1F78CF03A8ECCE1D508F805,18271,res/sound/skill_77.mp3.gz,c29b94f2f1e06497084c597055a345e3
22806440358473482060BD154DA29A47,31974,res/sound/skill_78.mp3.gz,086ea8814f5bb453af292b67d16dbc34
AEFDFCB7C125A8334764655C90D11FBC,60910,res/sound/skill_79.mp3.gz,4495c3fd716039ac1eb64bb79496f957
D668B0FE392C5C7DB32C51CED59AD806,25280,res/sound/skill_80.mp3.gz,dd396c35cfc9d75ec791a6c664934b5e
DEA8C7250EB709EF1558E7119332FFB5,29906,res/sound/skill_81.mp3.gz,d6f8195e44327b6c2955f84c1a57cd07
1430FDC02304AA25FFF663B30898F717,47550,res/sound/skill_82.mp3.gz,be9afd19921180ffa8d972f14d3c32c5
F93A4CEACE74DBB2C7F4DF4E4DD93324,35222,res/sound/skill_83.mp3.gz,a9bfa7f0ebb3711d019133b20207e657
306520AF79658AF0D38FDD139C5F9BC3,49118,res/sound/skill_84.mp3.gz,602fb15d69f5813b19fb7a384794b48d
2CBDA9C8B2D133F362315F7FA4BA3987,28215,res/sound/skill_85.mp3.gz,3aa698574d84c75af1c64acbbb588b25
EC3B96A461A0B43FF7F80EAB66817E99,61773,res/sound/skill_86.mp3.gz,7b1c2f8229b17dca32dca5218c85052b
676B8CE4D8E6814A2D13B4531A32CDA2,80275,res/sound/skill_87.mp3.gz,256f25725291e40709224ecf44f91d05
37E480BD77F260B7B14D3DC9E14AF7C4,106595,res/sound/skill_88.mp3.gz,014ca0237df20b4c8d093cf2ae3ad422
1C8ECC252AE1F9D803B1E78617029C95,93977,res/sound/skill_89.mp3.gz,150b25001a3e3925752dd560802cb1bc
08EBAD21B8623975EF676932B6F3CE00,34612,res/sound/skill_bailiequan.mp3.gz,45ab1ec641c0259f25b2075d06bc7245
C688E90264D1EBBC1ED6D4C43F849734,7445,res/sound/skill_dash01.mp3.gz,0aa3fe2523c039bdc61059b431cea250
817DDEC805F64CB2968F3F4C8CA1AD2D,7842,res/sound/skill_dash02.mp3.gz,bea2b933e51e614da2be85a986d150ed
FB56848F500BD0247964C19F3DF26F28,18994,res/sound/skill_dash03.mp3.gz,de2fd4bbdb8f0572081220f9cd295dc8
01C22BAEABEBCBE480B2A7775FD896DD,15047,res/sound/skill_earthquake01.mp3.gz,87ce879153117279db1dcd3e7e9855e0
F0227DADDACBB35B0D63B076AF996F18,24902,res/sound/skill_electricfield.mp3.gz,0caf8b7ad752412ec4f264e4f89dec36
3D2844C71820366734C0048EA9EE252F,24322,res/sound/skill_em_01.mp3.gz,c5dca1cf92b89491f873f84a0d436b2b
94E598EE990A37AC4925AF96B2A0535B,28801,res/sound/skill_em_02.mp3.gz,e700d3a8ce8b14ab8afff37758681c76
F2D90E96BB3D63A7BF83E57F28D65469,21774,res/sound/skill_em_03.mp3.gz,04afba3051089ec56559ced8f303ef3e
51B060085A5183B8D9F896789215394D,11983,res/sound/skill_em_04.mp3.gz,4d17b4898e781c19a1d714afc014f4cb
6348265EB79CD9C25EE4BCBE2971032D,53754,res/sound/skill_em_05.mp3.gz,25bf99ab76d5e3ccd2d359e76501663b
31B8826E77DBD9FC8D08670728C8D301,20792,res/sound/skill_em_06.mp3.gz,bd296e55e53b1c06db1f0fbe00cac5b2
03A0EF64D42F81D813FA5AA3CA9BC872,55280,res/sound/skill_em_07.mp3.gz,edccbed629b4450eae601b32b37d1e9e
BB5BB866A5DFD3E108366408DE0BA66F,4920,res/sound/skill_em_08.mp3.gz,26e2de559acfafb2939679a30df7d6bd
2D7287BC9F2A341DC986ED6D40FF8600,4920,res/sound/skill_em_08_2.mp3.gz,26e2de559acfafb2939679a30df7d6bd
B20A7A5F9B91C104692F94DB825445EA,32751,res/sound/skill_em_09.mp3.gz,a2ba180065c954f28019303650a8be78
30F1C0EA1DEBE8073D3A6527BB15884B,29119,res/sound/skill_em_10.mp3.gz,f235f3755e7ae62635793e8496c1b4bf
8A5C8BBAC4EB5DCB09E93B7C818A444E,18296,res/sound/skill_em_100.mp3.gz,e1e7e329ad9af34c7cdd964efcaca9b3
200D3C2EAE788CD32383F3CE2A47ACBC,6308,res/sound/skill_em_101.mp3.gz,cf95cfe9a145c515a986c4b1a4c133bb
734B352988792A6836F11521A7402186,6308,res/sound/skill_em_101_1.mp3.gz,cf95cfe9a145c515a986c4b1a4c133bb
55004D00EA41018FF105E8B30F0542FE,6308,res/sound/skill_em_101_2.mp3.gz,cf95cfe9a145c515a986c4b1a4c133bb
ECE267B25943FC868857468CB7A8B16A,13742,res/sound/skill_em_102.mp3.gz,a36281d6c3d07600012b806f3d841e37
493E54F91C8A0A4F5D8EFBDB18CF28CE,13742,res/sound/skill_em_102_1.mp3.gz,a36281d6c3d07600012b806f3d841e37
150BD42A31BB95FC007B41ED0928ACFF,13742,res/sound/skill_em_102_2.mp3.gz,a36281d6c3d07600012b806f3d841e37
4BCF84EF9FA3807A6A3AD2B16D2A0B37,12582,res/sound/skill_em_103.mp3.gz,d7b20a2a03438d531aa797db092910ac
31DABCAA42873B71680D216024A1E567,12582,res/sound/skill_em_103_1.mp3.gz,d7b20a2a03438d531aa797db092910ac
94B4451566EDB89E99A0DF3DB789E5E5,12582,res/sound/skill_em_103_2.mp3.gz,d7b20a2a03438d531aa797db092910ac
C5B470D75F74E2767E5B845B7C911732,54864,res/sound/skill_em_104.mp3.gz,e6efdcfda3f1dbeefd97fdf4fb1ed764
66E3408E964862015154319C4E4A9A0D,13272,res/sound/skill_em_105.mp3.gz,8a08185cbc79c72b71e64efdc16f0b0b
12E59271C683D7C943FD5503465A81B9,25531,res/sound/skill_em_106.mp3.gz,0a84e128bdb019211a2d2fc1255e8f6a
B977529154F7E8E79A5480B397882321,32154,res/sound/skill_em_107.mp3.gz,1e3f2634faac59bd9656d2c446d12e2c
83B3F3263577D5C02D7F1F31EA02C77D,23846,res/sound/skill_em_108.mp3.gz,2e655638aec563365dcf13c99be97dd0
B3637F1A1801DC08CC2B2CBD174E9496,63946,res/sound/skill_em_109.mp3.gz,e9d06d38261ff0bccfda49e5de000751
5565A284036AB9947C1C776C34530034,12410,res/sound/skill_em_11.mp3.gz,9075065497853e23fee3d70297ea939e
DA792F1AD9F4B1761CD0E731C09D3439,25655,res/sound/skill_em_110.mp3.gz,a953a11bb1d63a08bcb9f11214789497
9730E785E664142FBD45B3BD488EED95,31253,res/sound/skill_em_111.mp3.gz,4de80c0311bb918650aeda3e1b33c1e5
F5922D745DC922A30049D3FE94B93AB5,36124,res/sound/skill_em_112.mp3.gz,8fa0f69f16d58e9ca9642e8fb02bb730
DDA3BBC43F94A2359B4314C5A92DBC4C,15106,res/sound/skill_em_113.mp3.gz,e6c1811635ac34378a5fb7854e86b66c
32DC92CAE3A4994AB3070C7172324854,15106,res/sound/skill_em_113_1.mp3.gz,7ff2e8cfa2e4b6218fe5e56a38d8f994
18C7F38895DF9EDDDB7774E1B5673366,15106,res/sound/skill_em_113_2.mp3.gz,d8650d311310519ca68f9d74c3c5b6d0
CC1AA419B020F9D38BD5CDC5D1D5E1F2,20653,res/sound/skill_em_114.mp3.gz,440d3801814c8c41b373a153b6174d36
1EFCCEB3C9570B2C669D831916616785,42592,res/sound/skill_em_115.mp3.gz,ffc3e841fc0fafec57ee8808d628c837
F5776642DF708966686CA728ED58DAC6,20483,res/sound/skill_em_116.mp3.gz,caabceffe178b6198358b22d583a62a4
9CFC0F1F86DF13C65C69242734712B9C,37050,res/sound/skill_em_117.mp3.gz,2328980af654c7d94ed2acd051ccac28
236F7692F384902E01774E5EFE474D3C,24697,res/sound/skill_em_118.mp3.gz,15d0e20e3e54670d5a62f2eefcdedecd
94F94746E0C22D5DDDA664B369087225,13435,res/sound/skill_em_119.mp3.gz,e70b1bf3abddb2ef379d2fd311041844
DB5F9818C9ABE30B69BDBF2CC94E462B,25207,res/sound/skill_em_12.mp3.gz,a2b7e55779b820d332a87ca6ae64a7c2
46F55DDC0B4C06C8465FD27177AD5449,9072,res/sound/skill_em_120.mp3.gz,8079d269e04170a6490e0303c72c2179
1E7E10933B23413871080A7FA16EBC94,17522,res/sound/skill_em_121.mp3.gz,1c345bbe275a603e03fef248a0761b13
F352F7FEC8037F47A37AB3AD73738F59,5642,res/sound/skill_em_122.mp3.gz,46fa4105d8f2bcecf7d7e6fc74515b6e
A6D321CB1847DC5A5AC4F83AE9CDBB24,5642,res/sound/skill_em_122_1.mp3.gz,46fa4105d8f2bcecf7d7e6fc74515b6e
9590695442617C8A6DEF6F49943FF368,5642,res/sound/skill_em_122_2.mp3.gz,46fa4105d8f2bcecf7d7e6fc74515b6e
3D2FA655A2A7803E279E018C7C5860E4,7592,res/sound/skill_em_123.mp3.gz,bb5ea2aaeb8b1fe1dda1a5bed76fcc10
CB87280BE5E546D74AF96B071BCB8D5D,7592,res/sound/skill_em_123_1.mp3.gz,bb5ea2aaeb8b1fe1dda1a5bed76fcc10
DE4B359BC88C7F6A82071EDDC324D643,7592,res/sound/skill_em_123_2.mp3.gz,bb5ea2aaeb8b1fe1dda1a5bed76fcc10
903F4D17822B6BA3E05F5845399FD2BD,18846,res/sound/skill_em_124.mp3.gz,8b2bdbfe9f88600dca5657b69b8de718
605DA002459EF1A3B17AF820A0AA7B18,23974,res/sound/skill_em_125.mp3.gz,7b6c9c379d7f9c29ee0b992f4af19e83
091EA7E243A5A7D5DD95FA5934746240,16248,res/sound/skill_em_126.mp3.gz,c9ca28d0fa995a7c4367b5a74458765f
DDC2C00DCE810EB156C96BC05CE49216,70171,res/sound/skill_em_127.mp3.gz,d9f6ea12591fc4cf1b221f710685a9fc
628080A58B1BA580A9C3FAB7545A3AB0,25207,res/sound/skill_em_12_1.mp3.gz,a2b7e55779b820d332a87ca6ae64a7c2
D51B58A3C05406A933483DFDED8238C3,25207,res/sound/skill_em_12_2.mp3.gz,a2b7e55779b820d332a87ca6ae64a7c2
D0047ED803E7194230CFD0153CE693C9,25207,res/sound/skill_em_12_3.mp3.gz,a2b7e55779b820d332a87ca6ae64a7c2
F1D761BD51844D481E9576998457A923,17724,res/sound/skill_em_13.mp3.gz,5ce25f764c2e7f8cfc8630747bb46df7
2E77336AF981F926C0999EAA8675E864,14600,res/sound/skill_em_13_2.mp3.gz,670a434f4d7e4761a3d80dbf960b0962
FF3EA5001B6B3B78669B720A8BB550AD,23502,res/sound/skill_em_14.mp3.gz,5be6f7e34f7d8d927f1ecebecbad6e1f
35871647649738607153E861B2442A46,17084,res/sound/skill_em_15.mp3.gz,4e8e28d7dd075d4a6bafa2c9d364f6b1
CC06D903376F325303CD97405EA31A4B,13795,res/sound/skill_em_16.mp3.gz,f614393409e96e150941eecb66d7b4bc
CA338899D742EF47527FA9C53125D7BA,13795,res/sound/skill_em_16_1.mp3.gz,f614393409e96e150941eecb66d7b4bc
A204CE7D1D94EC9705E8ACDC838AC182,13795,res/sound/skill_em_16_2.mp3.gz,f614393409e96e150941eecb66d7b4bc
5E5463BA908813F64B8857CC5AF2B4A0,45332,res/sound/skill_em_17.mp3.gz,52c78e328807c7ec524853079a67b220
88E5F898BD8E8E3618A26DBF3DF516E6,30015,res/sound/skill_em_18.mp3.gz,474b1baf9b5373faccbffcab632c8024
B874D24A89E7297946760E7A67EE2C8A,7262,res/sound/skill_em_19.mp3.gz,59eab03dd5463d0fb029f992aa6f828d
DBD55B00E41FBAFB2D5468130549440D,22182,res/sound/skill_em_20.mp3.gz,d648b15b59aabfbe601aa196253be270
90A78F605BCAD6D020D567EAFD80C77E,11927,res/sound/skill_em_21.mp3.gz,67ca61c04930630dc612a7d06394ab10
443A379FDF403136426E58B5B90A2E1C,20172,res/sound/skill_em_22.mp3.gz,d4472616e629750f85eb90c8fe0310e0
66FE137EFF82998B586E726B261F9DD9,26101,res/sound/skill_em_23.mp3.gz,8f1a2b5c8be944b1343cdd768e35514c
564C56C20DD4B03D8C55619E182CA7F5,38057,res/sound/skill_em_24.mp3.gz,f9b9a214c63d723cb48fece170af1d7b
62555B5294BF85AB8422BDB33F0CEDFD,22609,res/sound/skill_em_25.mp3.gz,817aaa5f7740c1713ad893add8a72d68
39F1645A7328160C40AB85EAD87FF1B3,14148,res/sound/skill_em_26.mp3.gz,4c65efeebfeda09f46cdfc6cc16d8aef
2338CD380396617E0594F373E153D981,15407,res/sound/skill_em_27.mp3.gz,3b5a53c8fe1d6f2daf1b8e7f0331e666
53317F2EDF99F3067D7FC9971F964747,31563,res/sound/skill_em_28.mp3.gz,6fc1c931e92d6adddd5e62978366bbef
5ED6E1EECB38CE3EFF367AD85C2D5569,33802,res/sound/skill_em_29.mp3.gz,9622e6bbc8d71f4ea482c2a477c258fb
8B7B068EC6CE1E4A7436788EC51B781C,10651,res/sound/skill_em_30.mp3.gz,4cdb604b142176f11e299ab1f3a20d04
D641E0B5145F85D13B7C5C54798D2F47,25722,res/sound/skill_em_31.mp3.gz,41010b27debb7c5aa5188625d59ef683
737B79763A3C8BA4A943E2EF5F107659,34921,res/sound/skill_em_32.mp3.gz,9194115f89fbbf144e2676dd94b84b38
33C0028F598013A9B5447F9D78A11B21,55549,res/sound/skill_em_33.mp3.gz,bb6081f9f0c2dd508a7c86d896c4e549
7E0DF0A16C3921D7AED92631BB070698,11549,res/sound/skill_em_34.mp3.gz,7f1c311e54e86c53622f89ec0b12f367
6D4EE4593873F20471A1C4289970B508,33618,res/sound/skill_em_35.mp3.gz,dbdbead0634b2317af5d678e3026ff1d
8442C71CD5D1776C6720AAD1580F305E,23930,res/sound/skill_em_36.mp3.gz,3381041529e77782ddf0c1c9b9b45b81
3098FD3C54FC858BC799017FCA08EDE4,26055,res/sound/skill_em_37.mp3.gz,91a0f50a2fca35e1336e22bfaacae306
58E20C995525A1D769A5CC3F3F3A6162,10452,res/sound/skill_em_38.mp3.gz,857a23105ac9052bbdeef12899b08994
1EC0B536AF8452A134F1C611EC5BD4E2,12124,res/sound/skill_em_39.mp3.gz,6d7a24b1183eb5fbd647b34315def4d9
E423F627AA7892B27875B1E7DF9A0D71,13342,res/sound/skill_em_40.mp3.gz,f13e5486b3568240320d6fe5310e9df3
ACDF498D993E5C0A79FDD070FD391133,9388,res/sound/skill_em_41.mp3.gz,4bb537e929f747bd4dc5ef86db8dcc27
58CBB7C193C7F13444D29BF54C25D32B,21844,res/sound/skill_em_42.mp3.gz,50e26d7d5c7ec196b7e5d540636d8172
BD58A7058B6BE69C7C583CD6924692E5,8503,res/sound/skill_em_43.mp3.gz,dc55c99755eddc423d70b8b04a8aaa09
A38A75BDDBB40AFB36D6645CB0C6DFD0,16450,res/sound/skill_em_44.mp3.gz,94ddc9cbffd99583e831c9be9fdfe19e
D803C14C94DA57C1144F4C98AC3E1F61,2633,res/sound/skill_em_45.mp3.gz,33e9b6c05d4ec16f38e2245c68933071
8E14F50DFC48D3DB617AB74B07EC95E1,5620,res/sound/skill_em_46.mp3.gz,98450e3c3e13e8932805a45b16762d8e
90236A8813D634823B9AFE0AA76C1E41,4431,res/sound/skill_em_47.mp3.gz,6de6aeb2795323c6c62f4b4a91f264a3
244569E9CB95292343A5CBEB9CB25C41,7479,res/sound/skill_em_48.mp3.gz,0008d7fefb1b00661092286399e20e2a
3DCAED33C791F2C9A6DAE90A0F633678,25418,res/sound/skill_em_49.mp3.gz,c7df2c5cf8c0d4ffd9c01dcf54b7cfd0
D0431CCFC9AA013BEF83AA8F65EFAD18,55995,res/sound/skill_em_50.mp3.gz,a5f8fbde1fec488b18cba80a0211790e
988B5C4BBE6AE7DF2DAC36F49AB51565,9017,res/sound/skill_em_51.mp3.gz,b0a51946d302c46035ddc19856c28662
4335A75114BF83806EB744403CAF506B,16087,res/sound/skill_em_52.mp3.gz,14fb9b01f3919361109c8f0e91fbcb72
E063C9EE9D11BEABC93B8706050B5F0E,16448,res/sound/skill_em_53.mp3.gz,6a38bcdd9d8faddeff0cf33f7338121b
A330C6ED2E2F8327B420D73AA61AA1E9,42237,res/sound/skill_em_54.mp3.gz,431777b901408e8aa259fda7e550d9ff
D3BDAEBE60D476A140F423F987C2067E,16146,res/sound/skill_em_55.mp3.gz,fd301dc825890879fa2635f8329139fa
DBDC4DE1CD5C7ADF31C961905BC6B820,19249,res/sound/skill_em_56.mp3.gz,95cf48460a816a33b5ed6caf77b0d8ea
2790F59FB21E78612B02E2D992125C1C,11335,res/sound/skill_em_57.mp3.gz,23c40417f858ccbff11cc067dfb547c8
57B0AB43B59F44690266ABC02BA4FC52,41665,res/sound/skill_em_58.mp3.gz,353907354c44bc80b4c379d4db41271c
9C4C8A13E786732498B7A7497BE9DF63,6377,res/sound/skill_em_59.mp3.gz,062330d91907fb22d039fdc4ab1f3f50
1F75188003DE208CA1327BA6CB2B70FC,22554,res/sound/skill_em_60.mp3.gz,283b57f134b042bcb9941c043ecb112c
C2DA51E75093F8998B175216147F921C,11258,res/sound/skill_em_61.mp3.gz,91f0d79d50300e25b1a7d4cda4dd30ac
753F879F8E60A10F16A263788B843F49,11258,res/sound/skill_em_62.mp3.gz,91f0d79d50300e25b1a7d4cda4dd30ac
AF91BB4FDA4176A187B016919FB34740,11258,res/sound/skill_em_63.mp3.gz,91f0d79d50300e25b1a7d4cda4dd30ac
DD2D22B8CB5FF6321A7DB78CA88A462B,11258,res/sound/skill_em_64.mp3.gz,91f0d79d50300e25b1a7d4cda4dd30ac
B85352C4FDDFA15DCCEC37988205B46D,50705,res/sound/skill_em_65.mp3.gz,1488fd36f882aca3af32a8b0a7478352
F3B9CEADB9E8F1234ACCED0387402A95,7487,res/sound/skill_em_66.mp3.gz,6b2a24da77197dc8c92b76b1b7027757
2150A62E0041455C7946F90715489848,115438,res/sound/skill_em_67.mp3.gz,fe3e463785213dcb3187354c9dbce03b
67015901798F85005177B7E09599B22C,24893,res/sound/skill_em_68.mp3.gz,2442522e38a9bc1f5f0b5de8d312be1b
5F93A04F2F15FF9DA2BE90D5815DA58A,15992,res/sound/skill_em_69-1.mp3.gz,411c3d6fa73b64a77c37c41c5ca33d43
809A4380CBB7B3A16A34076F44DC3101,15992,res/sound/skill_em_69-2.mp3.gz,411c3d6fa73b64a77c37c41c5ca33d43
6E0CDDA9BC8681197556C94793ED69F9,15992,res/sound/skill_em_69.mp3.gz,411c3d6fa73b64a77c37c41c5ca33d43
E1DAECD6C909C20F0591F8318A8892F9,56890,res/sound/skill_em_70.mp3.gz,3c8442b705b7aba3cf2b5b336f8d4179
299FC879C9171116C9532E5B96A41A44,31200,res/sound/skill_em_71.mp3.gz,ec9b90b6e973bc8eb4aa1df3fcbfd12a
E1067745F4EC57435E0DB7FD631E89E1,4949,res/sound/skill_em_72.mp3.gz,e337f95fe93e207cfafd773662103a46
4F4FF44E4C755CCD0D71E5587713D0D3,26945,res/sound/skill_em_73.mp3.gz,28121fca5563f9b13483b6ffca9893d2
17E25847C6511EEB5536CB310333D621,25422,res/sound/skill_em_74.mp3.gz,535548ba8a0a70d87a0843a766ff73dd
1423B1594BDEAE4EAB2398CAA48C5B93,15268,res/sound/skill_em_75.mp3.gz,176a91f523138101aac001e1497a3584
535065759440E64766E50329D8849B71,16680,res/sound/skill_em_76.mp3.gz,4a33fd9a4c6b7c7a6e6cedbb8d90ed13
01B226EFA81FBEFDD10991C4C7B50E66,29630,res/sound/skill_em_77.mp3.gz,6a72ebda0b86251f674176a6b422b53c
4950F81261A3CA74AEECF1CF0276F9E9,23405,res/sound/skill_em_78.mp3.gz,326ce0f03d89fb2831f8381a696c3f82
64F0DEB2B3BBB5BA74FBE5C43C43A4C3,21968,res/sound/skill_em_79.mp3.gz,a53aed495c4c675ff56d3290d6621fc5
AAD8BB8732D9EA505961B3E56BFA0309,16808,res/sound/skill_em_80.mp3.gz,5e742b0d00ab34b665edfff791e91bbd
54C27FFD87E5A479F73217AABC48A4DA,5922,res/sound/skill_em_81.mp3.gz,56f5c742c490a5495e272e1df882befd
28F6D2EF4D23C1C0D42051EBB0782E3E,7182,res/sound/skill_em_82.mp3.gz,403aa68b9a3d07272a09efe4b329281c
B3C75BAE85AE7001210410B7CC77FC9A,14037,res/sound/skill_em_83.mp3.gz,59f2dc90d95de262c0032c11c12c7879
AC888DF6324031966498AC04832249AB,5786,res/sound/skill_em_84.mp3.gz,757c020d35a1bbd8769020b2c0dfd31b
622686ED1D689E349697FCABA2F409B0,19305,res/sound/skill_em_85.mp3.gz,f43fbeb6cb3e790bddfbe574cebdee5d
6B96E484E622903AFC0611CE8976FD2A,24472,res/sound/skill_em_86.mp3.gz,b306e56f8e795fc51c774c47012e39e1
111140C985BEA876176EAC9C45F86FF8,10795,res/sound/skill_em_87.mp3.gz,be6d7a274dbc8dc022cf39277671da26
1792BD095AE27B23626C1F4BEA3FEBF9,8879,res/sound/skill_em_88.mp3.gz,10a1519271546995f03b2c330fd9cbba
CBCA4507F379DD735D1F3B61F86B8C7B,21110,res/sound/skill_em_89.mp3.gz,16b8954e2cb9f60850907ef8125c279e
EB636484BDF5F339A35872C9FE22D169,10536,res/sound/skill_em_90.mp3.gz,748f668a30574703433dfb407d631252
BFBBF8CE162F11ABFB6A3D4B4EE4521D,24728,res/sound/skill_em_91.mp3.gz,db0711e943b57d06a703ff565dcebe4f
61EEA4198978755B896C8031C49F530E,21873,res/sound/skill_em_92.mp3.gz,758d17a5a7b27d2437b1a84787f7e5f6
FE89B90D86F33BB8C5AB0FED1CE6619C,15865,res/sound/skill_em_93.mp3.gz,bd750d2e556416abfd134f35385ce13b
36ADA0D60BAB27D1B08974A852AD1DE1,191923,res/sound/skill_em_94.mp3.gz,0fe5814ada29a8d480306f5c3827d9f7
5935AF3808EFEB85796025C9771489C8,13258,res/sound/skill_em_95.mp3.gz,faf7d92a5fa6d2ba6b27e0323fec457f
343D5B8FC2098FF3627FBC345F8B4778,105783,res/sound/skill_em_96.mp3.gz,7f0c6165688d22b9ad7c2eddc59bcab3
7C4385971E8817C77D7A4CD846DD503B,22806,res/sound/skill_em_97.mp3.gz,6f3772a9db1c87b09b513dde2685bfb2
EC782FF2C9BE4B824F3354A331CE51AE,19581,res/sound/skill_em_98.mp3.gz,7fcfd62e9a94564e4a88edb1a1eaee59
2AF3EC1B908540832B5BA8DF12B0D8EC,19408,res/sound/skill_em_99.mp3.gz,acc82d14a6552ebc0a2d1fb280bbe8af
A1FCEF6BF0AE9D8A3ECEA91975DFB860,11570,res/sound/skill_escape_bazha.mp3.gz,bd9984751d6b2b1e7cef2e0c50a99e13
6D4627B9483CCDD291FB27B7C761AECD,7438,res/sound/skill_escape_down.mp3.gz,b5f97597bc1b01d17023cdd88c23ab5b
764EDCF64C6BC7531F50EFBEF233B2B1,11537,res/sound/skill_explosion01.mp3.gz,8f2f6fb3fb9ec392118cc8c4be475a42
D4364CB0ED7107F6594B13E0256EF306,34484,res/sound/skill_explosion02.mp3.gz,02137a99317ef2f896100d85ac7052df
E3AE67B5CAAC495764EA8F9FFBF7C470,12288,res/sound/skill_explosion03.mp3.gz,cc00279b23ca5c4fb5ac4ecefd49c69d
1E22821B2A1EC71AF793F6ACAB7EE477,12288,res/sound/skill_explosion04.mp3.gz,cc00279b23ca5c4fb5ac4ecefd49c69d
047213004EA2AB13F782B6B54CF596F2,7654,res/sound/skill_firesword01.mp3.gz,32ed1c8d3047a53de72a32332b9d8614
4E3D5ADD3EDB17026FA5EC55B224591D,7148,res/sound/skill_firesword02.mp3.gz,07040e677a90f99c726c903874f5eb29
D54F75F001F3D5E19A119F81A31D1F93,19620,res/sound/skill_freed01.mp3.gz,063c357902ad5fbd1fc2d0f9fc7801a4
429851C943C48F9920D99576964EF04E,9858,res/sound/skill_freed02.mp3.gz,d9dcca05ab2186f89930e77071a30105
C73E69C5C9C189328020A0725DB47FB1,15115,res/sound/skill_freed03.mp3.gz,8227eeeec03c804185cc55e899b04d29
B0E35A3461BF1D1912D92369927268E6,9870,res/sound/skill_gunroll.mp3.gz,5cb5c67c527650ec9988a94a179740bd
C772F50E002F996724C7B537B5131D24,41089,res/sound/skill_heal.mp3.gz,ad59faffb3318f7670e456db753a27de
14397192A6CE8BA8C83FD63411475846,18020,res/sound/skill_helixrise01.mp3.gz,73dae04d18d454d4a8faf674eec7e539
57137A537F3A00482AAEC54BF588B508,18020,res/sound/skill_helixrise02.mp3.gz,73dae04d18d454d4a8faf674eec7e539
37EEAAA1AA94D5DE4810895B1CC35C71,58624,res/sound/skill_hurricane.mp3.gz,da12244b6e8f6260c33557fae71645f0
06068C236E089E48956FCC7C95F1C5E9,87815,res/sound/skill_hurricaneruins.mp3.gz,0ea84ed489cb1d67576d3a8504c037c2
540703185B55213AE2375B9F688C182C,80216,res/sound/skill_hurricaneruinsloop.mp3.gz,64cc08e0fd92ff94db3342d4219fe5b2
EBD38086D5E7A547CD587B98AF1770F2,28856,res/sound/skill_intosheath.mp3.gz,c1e0b6882f226acdb75fb5bff11a690e
59A2D8909B830B2818B2E669DB2F84AC,65297,res/sound/skill_invincible.mp3.gz,a5385a5e38fac759588d89e42450d223
9ECA387A9915DCBC0D1EBC02E90E88CE,6500,res/sound/skill_jump01.mp3.gz,a5a44c279b12f0d28f4c6d76333f3ca9
9AA39161ADDB86E0D06E67D8A411A046,5802,res/sound/skill_jump11.mp3.gz,b6f0cda7df3cf957de6213bd38117d09
803FFC246CF561AB72DC8177939981AC,10651,res/sound/skill_jumphack01.mp3.gz,4cdb604b142176f11e299ab1f3a20d04
63C70ED6F92AF9363C533143275EE685,3970,res/sound/skill_land01.mp3.gz,426ef08d7daecf74d5ccc6e545e009f1
BD77BE095EAA85D8254EE4B4BC3EEC88,6515,res/sound/skill_laser.mp3.gz,31a4dafd5c4a2dd377162436c3649a3c
5F9E3603C0F34AD6CFD9E8BD110B54FA,15966,res/sound/skill_lockon.mp3.gz,c8cd86ecebcdb9500110f44bb372aee6
703ECB807FBE8B067C35B706349C798A,4146,res/sound/skill_move01.mp3.gz,26eec2538cb6e539c2840210dc52a7d5
2AC9AF161589055570CA140EFD426D5E,4291,res/sound/skill_move02.mp3.gz,7de870c2bd26b268384bfbbd9a8c5f96
C0996FB97B2209316C9C33CD4262E0FB,7816,res/sound/skill_move03.mp3.gz,9190cfe08dc986704008fd7d1f8d43c1
E71BE19851DFD7F61EA9EA4C537417BF,10391,res/sound/skill_pinwheel01.mp3.gz,6b3370fef83b9356776011114b959a4a
7D5B2B421A543692D25A2EE221D5C4B0,5116,res/sound/skill_run01.mp3.gz,b45eb4d30636d2e4079efe63a1103465
06A626E6517A3950898FED488447E2C3,5290,res/sound/skill_run02.mp3.gz,fc3a4d13d149bd5c4a5d6b199b49f54f
704D150EF4902BFA3A6363E03D9D0901,19991,res/sound/skill_shot01.mp3.gz,4e2f0c868d65193a1ffe8a860a7e63bd
DA4A808A5789827D263DFB743332CD1A,22991,res/sound/skill_shot02.mp3.gz,d3c737504b6fb7d4037be31c0f32a702
74BCC0398638309CD56DEF0F6D2357AF,23725,res/sound/skill_shot03.mp3.gz,fe94deb777c0564f6dff6280c5e3c50f
EA6D9BD6BA971578A2BC18B7B9E310C9,5796,res/sound/skill_shot11-1.mp3.gz,9eaca19b68a011028ce83a49e1ba3a58
00A162E42A1C26F863D12F3749E92E60,5796,res/sound/skill_shot11-2.mp3.gz,9eaca19b68a011028ce83a49e1ba3a58
E02939BDCAD3C1D24C33BC5E3AACEE13,5796,res/sound/skill_shot11.mp3.gz,9eaca19b68a011028ce83a49e1ba3a58
E337DFA1EB67BC352D290B8FD873E7EC,16354,res/sound/skill_shot12.mp3.gz,2d94a4308f84afbc2f2c42af4c9bb033
A9C2ECEA13821CA5441035BA724682AF,12162,res/sound/skill_shot13.mp3.gz,11997380523e2a86c0ab0da398286423
CF5A02FE77C45F0E4E3D7330BD148236,10896,res/sound/skill_shot14-1.mp3.gz,f613864dbc964b6bd7875c57a69575c7
A98EDAA44ED716E53D8FC31A4DBAF8A6,10896,res/sound/skill_shot14-2.mp3.gz,f613864dbc964b6bd7875c57a69575c7
F32CE7E801F0A18D8987A3DADC84B419,10896,res/sound/skill_shot14-3.mp3.gz,f613864dbc964b6bd7875c57a69575c7
4B943D1B48E8EE28A9C25F5997EE84E8,10896,res/sound/skill_shot14.mp3.gz,f613864dbc964b6bd7875c57a69575c7
F748E4D68AFAB1A6A3607E55BEA8B2FB,16207,res/sound/skill_shot15.mp3.gz,50980c75a5102012612e1f439e99211b
7E7D8D0956CACAC580A4CD541AFA40C3,11077,res/sound/skill_shot16-1.mp3.gz,7263a73231d175a0bc1ea17031b237cc
F95556FB762B2D15AFF525D0260208A9,11077,res/sound/skill_shot16-2.mp3.gz,7263a73231d175a0bc1ea17031b237cc
A06639BCDF00EF22ECE31265553DA9FC,11077,res/sound/skill_shot16.mp3.gz,7263a73231d175a0bc1ea17031b237cc
BC8DDB848827451C95B19432A7A8834B,20916,res/sound/skill_skorchacharge.mp3.gz,a44c46cba1673eb12daef70567aa3f34
BDF8A5913D2DA07523C6C94532A60C24,32735,res/sound/skill_skorchashot.mp3.gz,95e4ed68d9964020488c3d52e3f149ed
F4DCACAF7AB76ACADB3DD324380CD61E,7580,res/sound/skill_spitfire01.mp3.gz,a414e96950b225465f57f6230f21e728
1A652EC0D64AE19156D57FB10C866379,7580,res/sound/skill_spitfire01_1.mp3.gz,a414e96950b225465f57f6230f21e728
8DC38FE1E7E7E0B3C2E402F22BD63C97,7580,res/sound/skill_spitfire01_2.mp3.gz,a414e96950b225465f57f6230f21e728
107165EC4502569EFD5CDA06E0CD8CD2,17576,res/sound/skill_spitfire01_3.mp3.gz,b4cbb254853d971f9c580b7c58b05f0f
CC3B66BFE671F1D19BD6FEDD3F683338,19311,res/sound/skill_spitfire02.mp3.gz,2f36941388d7a7ed080e6fca0331ae96
7E9D4097C81C194695CDA4215E35BC86,25687,res/sound/skill_spitfire03.mp3.gz,3290a5ce2a956c7a61cf9accdd7b668f
4CD4039EFD3A91FAB82C12B5D40DEE3E,11562,res/sound/skill_starsfall.mp3.gz,fec2d93af46621790864a61928082144
7350F45B93D41F03E44393E615DCA727,28603,res/sound/skill_steel.mp3.gz,b53601be8e25c42f9ff3c0e005b7dfe7
CF82D9375DF6C2B009A10EFC966AEC06,40192,res/sound/skill_suifengti01.mp3.gz,b1dd8795e9f590ac77e5c79494b5fbc5
C3AEC99F0A98AF7BABCFFDA95F9A6F2C,41165,res/sound/skill_suifengti02.mp3.gz,c191d9ec9190736c88333d161cf94610
C577BD6254AB5C7CAB471ECA53848B12,22125,res/sound/skill_sweepingslash.mp3.gz,066c6491b9406a523c62e03a25f5cb2f
60A5D3CCC7DE448EF95FCC5192DB98BC,5992,res/sound/skill_sword01.mp3.gz,71269a179b4fbe97b6035486714778e9
294C60B6BD352C9A59ACC4EF1377AB1D,7522,res/sound/skill_sword02.mp3.gz,07de5a0ef4308d781bc98fd74131a02b
A35B54075AD5FF27BC0B5248B7B496AF,5701,res/sound/skill_sword03.mp3.gz,b96703779dd09e0447cf930cf7bda96f
606FFED73A28355F18B98563868632F1,4566,res/sound/skill_sword04.mp3.gz,10da9d288b25f179c94261ab3050ca8d
FDACAAFBD4D8BEE82161C14C363C19BD,3611,res/sound/skill_sword05.mp3.gz,fc061cfbc06f0eb1407b03711359f61a
8B46F7F4C82BFDFD7FE94EAFF72B6035,3879,res/sound/skill_sword11.mp3.gz,8b9d95ea3115781905827a8b892802ae
2761473DFDC846B597CDA1C1AA5A760C,3328,res/sound/skill_sword12.mp3.gz,38006f35eacdabbb1b08772557d051ee
113753676B70434627FD03DEFC23B490,4039,res/sound/skill_sword13.mp3.gz,d4eda883e7e2b396b94c862b9c73cfba
E332F848B39AC7AE3833B1BB5EA6A97B,21947,res/sound/skill_sword14.mp3.gz,7b6e2d500204dd69c8a6aae41a1dd933
4ED337A75C2B4E41C1B54981BF9AB3AE,36252,res/sound/skill_windancer.mp3.gz,f3423f688a419d3cd726d94f7cf2d8fc
17118B8390585190E6DE1218BBDF1E01,18441,res/sound/skill_za.mp3.gz,111d3da3de50fc945c9aaec62fcd15be
9EFBFD2FAEC1F040477D1027BA14B545,76501,res/sound/tianhouyun.mp3.gz,ef0bebcd2dbbc01404953ef1e8ef1632
78E57A894FCBEACC62004B3560567BC2,76501,res/sound/tianhouyun1.mp3.gz,ef0bebcd2dbbc01404953ef1e8ef1632
171B4F2A16145DF214CDD613AADB1CA5,76501,res/sound/tianhouyun2.mp3.gz,ef0bebcd2dbbc01404953ef1e8ef1632
11B4D7D8FE643B8863D3A4C584908AFD,26029,res/sound/tianhouyun3.mp3.gz,01c03f4a8e3c0f46752fed0fd077145c
A705FE2E992ECB4C9E0DB7C0105EC140,36605,res/sound/tishi.mp3.gz,2c322021d1f5162970ee5c0a14ad9414
C5480AD6ED793E54E5C4601F816FEF26,24136,res/sound/touqiang.mp3.gz,05c6492e1c480f772e809bd6437fa48a
05EA8290D599F6A9E3CFE87594BFBF60,14295,res/sound/tuci-4.mp3.gz,0fa33ad78d8297bdcf7843658a359a4b
79E15C14A23CEC96520DF27143C4F778,53943,res/sound/ui_01.mp3.gz,2180a194ba230bc7ea57f9ffdfc765ed
0EF0F2BDDFE662FF394A642CD1B7CC25,52991,res/sound/ui_02.mp3.gz,709735702ccb28bfc3ad78f0cfd0d97a
0F19E7893399515F8B42CB018065D0AE,22840,res/sound/ui_03.mp3.gz,acd578be8ad5bddead1d9c83d060b395
2F08B2D0168A7F0FAB8F12F1D2F824C5,64174,res/sound/ui_04.mp3.gz,4a903cbab072ff7f8555b1873b803a3c
59A836A3D8A1C56BE530FD9006C199DC,34887,res/sound/ui_05.mp3.gz,ad4fca643f31870930feb1018c4511de
76AA3EB7194F2323DF1655F91D5F4F5C,74444,res/sound/ui_06.mp3.gz,d64054f9237b0f6bcecfc77a79c129de
76F7861C073355B1B549C7C912957C50,11820,res/sound/ui_07.mp3.gz,4feed8d7ccd4424cac6b7817631cffc1
34CDC9258203F1B8B793DF357A6CB4F8,1545,res/sound/ui_08.mp3.gz,7e10597faaa8892dc45b3941c86ca0d2
38E8749BA81F487ED88DD912EB5C4F23,24833,res/sound/ui_09.mp3.gz,582c35fd891a81b77d5738ee35380fbf
2F2B383FA84E977EFBEF0E30B980DE47,14701,res/sound/ui_10.mp3.gz,2cfc32dbf3953ce76b4cf4822ff70cf2
D23A4FA8E13FD6FDF7364721FAD0D4E7,48388,res/sound/ui_11.mp3.gz,a7ef5139678b064e4152870a704a26fa
4A51914D24E1B9BB1D37B7AA43DBD2CF,23866,res/sound/ui_12.mp3.gz,237ce663d0cad13685416a5dcee21dca
FCEEBC932887716D9F052E77B2E169F1,8749,res/sound/ui_13.mp3.gz,d6d63356589d5b30fedc85caaa190a5f
19B43F4043AF2F19DF1FA75479418DB9,1885,res/sound/ui_14.mp3.gz,acccb61a7e0f98d67e3fc478a9032d23
8460C82709F41B86DEC9DCF5C4286B3B,3686,res/sound/ui_15.mp3.gz,5e6b94835acff4a4e16a3a5df37c8619
5B8E58D6B4B8335206A45FD20F9A2E15,8641,res/sound/ui_16.mp3.gz,d197f2650955856b627b5da9ad26faab
30F3B222C5D9091ED016A90358286469,1905,res/sound/ui_17.mp3.gz,f152bfc9a87d4b7fc6701b0a7593425d
6DA6EC2AD94CFF4AB52094E31D87B876,3529,res/sound/ui_18.mp3.gz,d332bb3eb4fc942fb82c977bd474150e
9DE311DFCDAA194A2647EC30AE022971,4396,res/sound/ui_19.mp3.gz,5e26a584a3c6d3ec4adc235448462aad
BB88DB6F084B3AC0643826EBEF9E848A,3408,res/sound/ui_20.mp3.gz,c650327b3994f5d3ccdeb85f37798743
112F418C311B2CFC38D0DBB1108738A4,11043,res/sound/ui_21.mp3.gz,682fcbb65a5dafcbad1a854c0a6198d1
EAD3BF6AAB4CF9BBBFF44F6FBB38DD5E,11946,res/sound/ui_22.mp3.gz,640b695473870d4bf04adb0eddff3fb7
494E1E76EA1B8377D4780C04BB8F1123,7592,res/sound/ui_23.mp3.gz,bb5ea2aaeb8b1fe1dda1a5bed76fcc10
FD935616EBC27E5F95F305C442DCDAE6,15707,res/sound/ui_24.mp3.gz,7b4a173643a5346468771489c948f404
79CDA66F990F66263608BEAA8B6B7423,41065,res/sound/ui_25.mp3.gz,976d239b6624b4a413d74c8cddef7566
3809696520A0B9AAD373F884E73AFB8C,35833,res/sound/ui_26.mp3.gz,7cc0c9050f1d46fdbd6ba94acd9454ea
340C28573E46C2E160A4CD97EE8FEDCD,2041,res/sound/ui_27.mp3.gz,02236d6ee9ef1ea38a3c2edfb17a62c0
274A7BA11395EEAFA23B1A0139CD31C8,5659,res/sound/ui_28.mp3.gz,a8b031ee884ae6c73103e9886c3b7322
723C0A6B2680CD0665C0352426E62178,1308,res/sound/ui_29.mp3.gz,8d6f78d15156604f0da8bda741b73632
D73C5738BE666524068A4D9FDBB20FD1,725,res/sound/ui_30.mp3.gz,5e79916d490cf2042e2cbb543936f501
E47A723C702883F790CFEFF151FA59BE,2596,res/sound/ui_31.mp3.gz,8792ab0f47fa2f0008fbb5f8cb5e9b2a
5E51EBC14F9F9F747F74B3814D0A5D6A,9557,res/sound/ui_32.mp3.gz,9b20cbfcaba6c2b4b60cb781becf63f8
E475EDDE7D36E1687EDE739A21134AF2,19241,res/sound/ui_33.mp3.gz,ca3f98234e7585b19cb7fdb09c6777b1
F75DCB5BEB51A2CD598F7E9158AEAD77,13723,res/sound/ui_34.mp3.gz,4dd2da7437f680b4b982dd32b8a9b02b
D6200651480A21F2CB815429A796C4BE,13281,res/sound/ui_35.mp3.gz,ae2c80eedb6d792500cc8f09696ffbc1
193E7079780C8F2BFCC1AA8B6DF00722,18111,res/sound/ui_36.mp3.gz,99a69100acfd4f4cc58ce37a1bbd7591
0CFC054B0EA9B051C88EE1ED8A5BD3E8,13624,res/sound/ui_37.mp3.gz,49acdff32dcb07ba82954f2b9b30a0db
A2D40701CFF4B945ABF98237329ABAA2,12786,res/sound/ui_38.mp3.gz,cd625611a36a4abf4974e8c18f173665
2D4B5D71AA0BF9B8BF38798ACD6AD26F,28456,res/sound/ui_39.mp3.gz,016eee35576ac4c9f03efc612010423f
C3732BD9C7484F506F55B081CE828022,14366,res/sound/ui_40.mp3.gz,25048ba23552ef852d84dcb727f91758
17D9934A47A72E3C226AF719A99EE0AB,31098,res/sound/ui_41.mp3.gz,f122f50d22cc8b7649cde38bfd127f1f
3D57CA7308D70E5D5A9AC5312771626F,12924,res/sound/ui_42.mp3.gz,dcd466b1a212be528f037e88318c89a2
E7125DD0891798F0294F2C5721335735,31831,res/sound/ui_43.mp3.gz,3db2ecbc2fd69c4d0a980e1f90a464cc
EF7AD1F8990CBE93D79FDAB82FD4F466,9075,res/sound/ui_44.mp3.gz,2b935638ba0ed53dfab4a9cf8d790eec
9F8BD4764ACD3F21AED83393DE17195C,11551,res/sound/ui_45.mp3.gz,27c0b844604162fcbf6c28c799472179
A12415C3B2BA32517F3B80689775F353,8372,res/sound/ui_46.mp3.gz,02b8865b29100cec5c88dc4e3a0bc70d
68C19A95561223B16FA047DF6A835BBA,8408,res/sound/ui_47.mp3.gz,cb0ac78f3675338fd989ee8225f4c534
8EBD9D8CA835CDB6881F90206F3D3597,29539,res/sound/ui_48.mp3.gz,ac82557757382bad3a7be76b0778d262
688D70C165D1F989BDF0312C56433535,8773,res/sound/ui_49.mp3.gz,0742739c097f949f54823cb2d23aef11
250903904DA216396C3A95C344D7D626,11202,res/sound/ui_50.mp3.gz,b0eb97223cf3a7707cee089fa9a0c393
B9B1EB411B75AB490E13FC2F2DEFB8C7,15967,res/sound/ui_51.mp3.gz,a8ed1f431fd59a7d48f07f381325462e
8ED5E62C004B6D60BAEFC93B48D9CFFE,4451,res/sound/ui_52.mp3.gz,2994ab70277cf474b2ba993c71eca05a
EB47289847B8BF7DA62A9C09E7788A2F,3563,res/sound/ui_53.mp3.gz,b00cdaa05f6b42c94c4a6e0b4af563a6
ED0E8D4007754A4CFD9D56500EC479B1,3337,res/sound/ui_54.mp3.gz,f8c884e38862ba4458b72274bd277d2f
1606CD7B66E3299B91B33D6B2F2D9DCC,30143,res/sound/ui_55.mp3.gz,38aa923e9ba3944941a90f39fb5aa0e6
F8A21C9FCCCE2477D4060FC0332CC83A,12071,res/sound/ui_56.mp3.gz,2ddad674dcb4514ac3f9f995edb29b85
AE94CEDE324BD047FE0D9933230BD33D,13146,res/sound/ui_57.mp3.gz,4eee1d3215b141293d758dd9d91d6b4a
FBA895FE409E3DD320C55F9E764AE68F,10025,res/sound/ui_58.mp3.gz,60171303b3de82549d255bbc171b986a
8C396B8E889782EDC30835BC4E537320,11577,res/sound/ui_59.mp3.gz,4d1126ee8c7fb17be31f517725f4c266
835D5ECBE20F4AB9B466B33B75BA6843,9547,res/sound/ui_60.mp3.gz,3a4c8022d716a1017bdf962a36a57fcd
0CC5F08B12C80E7BC17DAB05558FDD12,10242,res/sound/ui_61.mp3.gz,1053d11d4bfc44dbfb70dd5d9f0c37b5
350BB6AFACD0A58B0BF5CAA491F8B412,3010,res/sound/ui_62.mp3.gz,ca71475c1ef0e8cc96f6790b64db0e75
3636CA7CD155E5A45D59227F628D7836,2772,res/sound/ui_63.mp3.gz,617aac53152529bd70847851a6a5330f
FED69A6AA29B74E16E4AB9C1BB79E9A6,1603,res/sound/ui_64.mp3.gz,e55ecc4b6a66082f7408eaafdc0db979
45E628E643B3A181080066281D7D5578,3486,res/sound/ui_65.mp3.gz,29f8ee9e2538430a14c4fba17e9040ee
700083F3D8AA8E0A425563C5AD3604F3,4186,res/sound/ui_66.mp3.gz,df71a420152d8496e1bbcd862919431b
2639A701831CAC8C2ADC703F45FF888D,3863,res/sound/ui_67.mp3.gz,86584a4d42f8d915961eedb6c90efa77
EC0020865E63B851509C98B4ECCD7193,3724,res/sound/ui_68.mp3.gz,7dd1d2a680fda66241b5b6b32d42fa69
064E6A4C004235C68191728B6E7CEC01,4883,res/sound/ui_69.mp3.gz,a44de2d286f2b2e679858a69ff7b6dc0
7B576E1375F689DD31E6716902B125A1,4270,res/sound/ui_71.mp3.gz,c8f90adff953a460e1401220dd4a1eaf
76BCBA2ABFE6127C2D1AC5DEF4E8309F,10571,res/sound/ui_72.mp3.gz,09ebde7bd0ddf0526d6a68b101d1bec7
4E31DD24301A7E783CDE62CB5CA2C84D,48802,res/sound/ui_73.mp3.gz,628de66b08ffe08013c8c5b9da4dbe6b
926515D5CEBE7432BB9B616DAEA33E12,59775,res/sound/ui_74.mp3.gz,fa07672f5cf299ff4c933d0b3030c011
606BCFB0171612A1ED12C5A0550AB4A2,4659,res/sound/ui_75.mp3.gz,6253dedcd71702e77b72649a3314df34
B4E1C5156B8C71A5656AF50804145485,4882,res/sound/ui_76.mp3.gz,a0ed939f5e06204d2e37fd1e01c6ff95
14417DA6961476650A2926E110FBD709,4637,res/sound/ui_77.mp3.gz,759469a9f2b6bd41b3a887a9aa79a7b3
40F55654A428AC9E5600E817A8BB56E6,11690,res/sound/ui_78.mp3.gz,a795b751c2eb8feff8d5adad7ae836fb
963E88A38C5798A5D5A4BFF4BE4303D4,13544,res/sound/ui_79.mp3.gz,b656ca3e67482356bc1885aff5d48f63
4E87E3E0FC4A12C21096B9BCFED9E674,20047,res/sound/ui_80.mp3.gz,e738c78866d77455dee76884309565e8
E16FB1A2E8898C3B0D1F752042F4B0CD,49061,res/sound/ui_81.mp3.gz,281c32cc3d1c45f640134042920deb6a
A6531EFEA40D8D2F54BAE9910DAE6EC4,30013,res/sound/ui_82.mp3.gz,2181f78bc5027d481471b0479ae091d2
F22DDD4E76281B4ABE169D4F2F66E9F4,112681,res/sound/ui_83.mp3.gz,8986f3ac2e7f0bcac751899539afc2f9
F76BCEEBE2CDE5C24A1860BD1858E83F,3510,res/sound/ui_84.mp3.gz,03cd94ddfaa4c176c67a54bad605d9c5
F8B206AFD407C298E0AE09EF4E038919,28359,res/sound/ui_85.mp3.gz,d0ca63680765aee7f233d7336848d14f
76614CF34BA8F725FA856CE09C1C6D8F,5235,res/sound/ui_86.mp3.gz,b863f2385b6ee07d5d4393674a3dc0c2
52BEB95BE6AD8784EF335C137494E63F,26039,res/sound/ui_87.mp3.gz,6dcd421f79718495bf1c6f4615704bdc
DA6274C599ED5D69242DACAD4A12C1E4,20292,res/sound/ui_88.mp3.gz,a14100d106d4305b178a48b4a33b06ed
866C72272C27E7B86BC94494EB53B4EB,47059,res/sound/ui_89.mp3.gz,4bdb688776a2a52b0dae63bd719cad73
7EFAE3C92B7F1CB8389FD7475D0DFA11,52156,res/sound/ui_90.mp3.gz,9878d588236f533eaa96d3e13adb32a4
A936957282644F614405D3431A6ED60A,39694,res/sound/ui_91.mp3.gz,7eeb160b105fa3519f613273e35970ef
59FB5FDE0F2FB088E4FA488C09507DB2,47689,res/sound/ui_92.mp3.gz,250aa57a2edd4c01c7953563339cad05
73BC94B32C352E91B6E4C41DD428F4EF,43981,res/sound/ui_answer_lose.mp3.gz,c5b679a3acf24ae4830616f828706b10
5B0FD90C84355650082EB1111308B205,24159,res/sound/ui_answer_win.mp3.gz,f8b71a52b5f6bf97122921236f7e4021
1A697AA26B481E27AB4F3D12B43DBAF1,71489,res/sound/ui_armsfemale_get.mp3.gz,42490d70e0e8f09f0a5e0bbbd71ef055
375B9D3C5662A27A1045A2DD8BD38520,119962,res/sound/ui_armsfemale_grade.mp3.gz,f19ca227c408aa1834a93436d6acd724
91C69D535967287540D783949283D64A,24776,res/sound/ui_armsfemale_stars.mp3.gz,0680b5af3c8b8cd514dd454631b8430c
C80E3C6C27343A14BA8CFACD3FF3316B,33106,res/sound/ui_armsfemale_study.mp3.gz,3c51f198c15e89a240b94c930ac54ac5
FB75AE3DC8A702DE710920569450062C,6213,res/sound/ui_armsfemale_switch-1.mp3.gz,2dddf44413a7e2001e5b9a26b6539b01
E79BA5072FDD4FEDD575DF4862486FD0,5596,res/sound/ui_armsfemale_switch-2.mp3.gz,7634b2da211da3eb928eb7d3fe06430d
3BC2A7985886E7804DDA9AB7C4556494,16369,res/sound/ui_armsfemale_switch.mp3.gz,c2c539ff31404fe65f9bc0db44b16d89
1EFA5C3A244D3E989319144F3C1B1450,47882,res/sound/ui_arms_across.mp3.gz,144fe27a800b238904fd7f413673e375
AE0D72D58031B0760BC6033D1527881B,58142,res/sound/ui_arms_advance.mp3.gz,c36dd331706bc4424a48aed240984983
A85BCD8E95FA4FE98552406E6008A5C9,104617,res/sound/ui_arms_get.mp3.gz,b122df2dd431cd01d604ceff9842f942
51E14F7E6E36F539BA7002D8D05DE17E,205722,res/sound/ui_arms_godacross.mp3.gz,a9a505ae1b12eb8c658a8b36b3031996
E7C64078DD64125936D8903E158F1A19,17449,res/sound/ui_arms_stars1.mp3.gz,0345575f6bb803c26b74d289ed50c348
F8A78FA49A7F149C97D53921CB02B465,67832,res/sound/ui_arms_stars2.mp3.gz,c871cc3ff763226a77e83835a0ad1fe8
326D608215C10DDF05D3563F30CE3788,13066,res/sound/ui_arms_sweep.mp3.gz,63912e1d002513d0881ad6c078dc6aca
CD60554688D275C08158495F9E1DDA80,11421,res/sound/ui_click1.mp3.gz,99ae66cab29669c6add3ae777fabce7c
71E1E63A4754470B8C121E03B1AF8F95,22379,res/sound/ui_click2.mp3.gz,1a3b3c55798edae43d9271be08f73ed6
A245F95C66DDE3C81D9C2DD4F2DF8A53,15116,res/sound/ui_clickclose.mp3.gz,1ded2b152c55648e31c075b81aecd4ae
DBC6989E81C6A74B5A03A1B2343C9715,22317,res/sound/ui_clickopen.mp3.gz,0336d73dac4628b18cdc8387e21d9548
4C01AF9D934FC90AC2DD84E0E8510C9A,59098,res/sound/ui_pet_fail.mp3.gz,6838db10a8c973ec396688b0e5eae272
AF60B6B14998283743FBE919E3155776,228101,res/sound/ui_pet_victory.mp3.gz,242f2e5b58483cf11369a19c75831b99
E4E6E06596BF6904265DB25A2673B64C,69740,res/sound/ui_pigbig.mp3.gz,bef00cbad07b601b096d33038f3e0e31
3A9EFFFA058087A2B10B05E2993D30FB,51882,res/sound/ui_pigsmall.mp3.gz,eceae71355fc6ccc77288f9f01e3f4da
737238C9950F5EB9ADCED1094EB17DB8,123443,res/sound/ui_pvp_rankup-1.mp3.gz,38cc6d2963b7a17e94e5d6f277861025
869935FDD4F7E80BE1CF527CCBD6FE43,181862,res/sound/ui_pvp_rankup-2.mp3.gz,a548692db2b58f7dd9a7cc9fa25cb7e0
22FA35622BBFC8E7123B5A21C8DE9697,949,res/sound/ui_pvp_rankup.mp3.gz,347d1e2f07a974d876cbf768cda0bc7c
C7BA6713E003179465120862FE7B0E4C,149520,res/sound/ui_st01.mp3.gz,1483682912c9d66f7b0d4cde32fd1030
AA3E56A6CC0485BCD1F7A15F56E03066,52141,res/sound/ui_strengup.mp3.gz,0fa4ab4c2e36076bf1204ee9d21947fa
50851471389CB938D9DF3D5FE85CCCB2,66381,res/sound/ui_victory.mp3.gz,088922fb24bc8654b29c0e72c3a01b71
DC5F584CD14E6F3BB1182A8DE3191A93,24792,res/sound/ui_warning.mp3.gz,a076772154501df864c98eae8d343afe
373E047E26C621768471E8CCC8B61337,14440,res/sound/voice_lilimu1.mp3.gz,5a6120c1c61d5ae7429159cf5912d2b4
8430F72BB815A8259EEEF25A18AAAD09,4661,res/sound/voice_lilimu10.mp3.gz,c2031d70e06deecf0b62fa2d4d0bc570
E968BD46FA5673D23175E4F73F389900,4728,res/sound/voice_lilimu11.mp3.gz,5b89a353538d0cee8397f2b7b0e9489b
EED6C7A81900D6513A97D26FD9BCB387,3156,res/sound/voice_lilimu12.mp3.gz,5eda9742f7828a067668d1de3f2459e2
D6E5D369A7B27027C96AE08FD06CF72B,4673,res/sound/voice_lilimu13.mp3.gz,c336bd38cac1de97ae0c67507db0c56d
B761E3195999929B09983A099D33C68D,11203,res/sound/voice_lilimu14.mp3.gz,9a7773358a757153a72ba32de29c5303
8A5A2B7EE36064F3D728ABFE02CF8D24,4913,res/sound/voice_lilimu15.mp3.gz,7ad00da451e26770ea0cf78c3a82b8e8
E274327372638278AF0311B03E33BEB8,13969,res/sound/voice_lilimu16.mp3.gz,8c270ff57db604e7912ee8fe06e9bc02
674BF3CDD440D402362AED218C949D08,5126,res/sound/voice_lilimu17.mp3.gz,390b5b5eacb3bb2708c76eb7ed84c728
4503E5A154A950530224305FDDB4639B,7242,res/sound/voice_lilimu18.mp3.gz,22f8af14280848859c3b80683ada9e20
85841C89C1360DBB24F38AFBE3E7CB91,9432,res/sound/voice_lilimu19.mp3.gz,ce6efc5307e0ecb5a5d074df3ad72fc6
482D616BAD41431F607D8A07A746C763,4635,res/sound/voice_lilimu2.mp3.gz,d6d2aa50b318533c8153ec9b28ee6ed5
AFEE909E69190CD262262EBBD58ACF1F,10052,res/sound/voice_lilimu20.mp3.gz,8cf7213a169a67b1a251e5cc8c1ee505
594BE69799E9EE5DF16A935FC87F2489,7756,res/sound/voice_lilimu21.mp3.gz,1b962d7ae23677a97588ed4cdc8e7882
4FA4B07D85895AAF61E87E071CF00763,7864,res/sound/voice_lilimu22.mp3.gz,756343a0ed1f31e852340fb6c5788f09
DCA8D97FCDE9DCBA2E845B46B8C36F0C,8610,res/sound/voice_lilimu23.mp3.gz,e69f1ce8ff8c6d413fb80ae85f32f9d0
3251D9F84383947F5F7EBA521F67C271,4080,res/sound/voice_lilimu24.mp3.gz,f93500b5e3210f3243d13336e7ddc8cc
7E00E58D7D23BD6AC9556ACF9252481B,10795,res/sound/voice_lilimu25.mp3.gz,884e092f3b9c7aa5e22cf1b0a56b07dc
0DC0164B428BE495133BA008472858AA,11530,res/sound/voice_lilimu26.mp3.gz,95c47193910e46b46ad61e9232e48d04
B4182C26E63A4A4DF565B0509A08F106,9127,res/sound/voice_lilimu3.mp3.gz,561717508a5fb1b19cdc7d815acdba11
67AB49434E564B29FB7FC7A25D723865,4609,res/sound/voice_lilimu4.mp3.gz,bbe1bb2a49cd16692f0162c5a2ee5f0f
7EE76BB085082F316DE95C6C8FB55804,6484,res/sound/voice_lilimu5.mp3.gz,e0ea375489046b654b9a16c73f756623
4EF9A5FA927566DA5DCF4E840EAF3F28,7305,res/sound/voice_lilimu6.mp3.gz,aee997aa408ddf3e4cf1c7aaddcb47fa
13FD00A28893CA008D15B11AE518D570,5297,res/sound/voice_lilimu7.mp3.gz,003a911347b5906ff739d797c2bd5836
6F8F901EC0A4E2D0403CAA7A2330FEE7,13096,res/sound/voice_lilimu8.mp3.gz,47c1b8b553499dea718edf2211ebeb67
71E3B5D3EBC2AF063A609FB7EC712BF1,20532,res/sound/voice_lilimu9.mp3.gz,b63f488b2469ae5ffa96efd866cce177
D650D2C7B551C3624C15746B734D627B,6160,res/sound/voice_ling1.mp3.gz,6b7ef376023f968f34e8416014eaf306
653EB70F90C5919EAD743E1DBCCA25A7,14870,res/sound/voice_ling10.mp3.gz,b2fe3ff7b0ec519bae3f23acb6f7d825
DC4E9250B9FD9A27B306A25AC4057387,6113,res/sound/voice_ling2.mp3.gz,c01027c0220b2017a020703c92c0a0dd
64C39D171CAA1D76A6CE075A91A43CE1,8171,res/sound/voice_ling3.mp3.gz,fb366efd5b8ec4099a0393be5689355e
ECC4DBE5372632312853327C2A18DF44,6939,res/sound/voice_ling4.mp3.gz,aba8e9a530b6e55005bf228ebe186507
1F00CB05F7198B210BBF2D32302A2BB7,5075,res/sound/voice_ling5.mp3.gz,57edc423e2a55517708a43bc9a59ae65
0C0C80551A4A0DC95E05F8338A35DCBD,5313,res/sound/voice_ling6.mp3.gz,a2a4be9b682c6541899b947e19a44a67
42066906163C60B9E9490AABE444E4C0,5522,res/sound/voice_ling7.mp3.gz,daaf8f07266f91a458c1f733648877b5
1E8AF0BC27CFEB3A17B5917CE432C42B,8261,res/sound/voice_ling8.mp3.gz,35f2bbca2c3e257bea6d7a0b12201751
48A1C88CA879DD55E3E6458D1AA1D75A,4469,res/sound/voice_ling9.mp3.gz,188df1437b5a6718125dbcecc5432102
23D3A3F19C0E936CF2552AF59D93383E,55409,res/sound/voice_mfn1.mp3.gz,b6ed53bcf9b0f1bfe931f70cff3c2a9a
3A693EFE09BA0055C999BCF32CA8711F,75063,res/sound/voice_mfn10.mp3.gz,ff83cc27a00831e3e5e2179114683ec3
C985CDC4A84434CA5A67917E2BD77CE1,42352,res/sound/voice_mfn11.mp3.gz,335b7146df53d6ec23bb285e037c1053
F8B5B6DBEB0F66C650FEFB3BF4E83370,74996,res/sound/voice_mfn12.mp3.gz,fd94e6b4f200411933e69a480d4a8ea2
6E4310CBD1EEAD80511DF58AB2C72FA2,64978,res/sound/voice_mfn13.mp3.gz,84d2f9f5f2fcedfe11f4c1d23b113d80
4F3CC6D76E3ABE1E6437316283A15030,59610,res/sound/voice_mfn2.mp3.gz,9b40def7ac04b784614bdd371aef49db
FC427C2B89BC5AB3EDDABA4E9D3F2988,91008,res/sound/voice_mfn3.mp3.gz,884adbe286170ae9bbe1ea90ed743ec8
1A12CD3C324C0C8AB2C94ED4BFA1794B,51286,res/sound/voice_mfn4.mp3.gz,848c3485ec75cb75321384405638abf7
87CE3FB240E82FB508D6B3DD1A8768CC,60930,res/sound/voice_mfn5.mp3.gz,28f06af242e6bf92b9fff3f39970d1fe
8F4483606C25757E3788CEEAD0ECBBB6,74183,res/sound/voice_mfn6.mp3.gz,347c87bd800af755151fb3fdc7647b9f
46FFA57C13781D52A30CF842954A506E,87465,res/sound/voice_mfn7.mp3.gz,b1f32b9e60aa9eeed4d0cc2aa23aec3f
ED2AE067C2A5D780C003E925AC2DA14F,80628,res/sound/voice_mfn8.mp3.gz,90db9084647db3a95805cb113bbb8d6b
DC17D58CA6BC5C126EDFD1FAE660005F,74399,res/sound/voice_mfn9.mp3.gz,a5e663786eb5d7dd4bfe2035fb301ad7
265AC6A64B926E0B6168373A1C197DA2,5681,res/sound/voice_nan1.mp3.gz,9d50d3d7970bca748014690c6a320dec
E13163FE41EACA7CA715DF5BECE12378,7012,res/sound/voice_nan10.mp3.gz,6c16cac52abdc88f76391607ff636423
017848B3A6B583068788A6C95DC4A1C9,4266,res/sound/voice_nan11.mp3.gz,3b46fb991a4ed26fb8433080277ed4c3
B6A43FCE4F5B33FB8DAF1D02F4D688B5,15876,res/sound/voice_nan12.mp3.gz,b27b9804faef9c381d4889ade79f56e1
06B6F9F9D1D8BC3F032AF041DFC4A23D,4186,res/sound/voice_nan13.mp3.gz,c64269b3dc9b60916513655e8c0930a8
CBB6809075C0745B542974D873149565,6916,res/sound/voice_nan14.mp3.gz,ff1c2f9bd0e5795affe14298408ebc6e
07AE566DDC1999ABD3FFFC2EDB1C70B8,11242,res/sound/voice_nan15.mp3.gz,7347c2fd60d704e00ca7e670ee0fa0de
870CA46412B448A3E6AAEE84FF324AC0,11087,res/sound/voice_nan16.mp3.gz,371bfd9ca67f5a448c632d3ec6caaec4
133B12F3038846CC7F4E855D3F714194,6026,res/sound/voice_nan17.mp3.gz,24611bb21b223aaec2c46f2470b8edc4
04BD911F4E662C964E74B89101DFF95B,6326,res/sound/voice_nan18.mp3.gz,f5b1bf3ef21318a0aa2f125d8e220675
57478C89D0EE75A130136236B2EA573A,15839,res/sound/voice_nan19.mp3.gz,fb8139e57bb1f78f535412d8596a228e
2C2292ACAF2086A8F2636E976F985953,4260,res/sound/voice_nan2.mp3.gz,4f62305f01b9ff43e0daccc42c3bd765
579D720D3E36373EA981A441EDEE9DF4,4215,res/sound/voice_nan20.mp3.gz,b4840eacf264e2578b1c96dc6a5e6ca3
47AD18619AA3904BC87561027A13BA85,5142,res/sound/voice_nan21.mp3.gz,83967bbf420b2cedf77a84a1441fae04
CD04DB2B3D8A5A3FD4544953F056B1C9,4123,res/sound/voice_nan22.mp3.gz,1b7df5b55947ce7e6a0f21a15bc1966e
1A4334FBA2158E46A678B9CBCB8E8396,3952,res/sound/voice_nan23.mp3.gz,8c613948e6b956cc6337517e01d9fc3a
234F0F5FAC2AF32631D1DF6418263128,4877,res/sound/voice_nan24.mp3.gz,37cc80bbf8b0e29a8115a55210129e05
7CF1AA69944854D27D70923F04D3AC6C,5091,res/sound/voice_nan25.mp3.gz,fb9bfa3addbb3a3b4087e7b3ba9fbf69
1AC18C207258537699DCDE09F07B35E9,4241,res/sound/voice_nan26.mp3.gz,5c494620eca062fd46c6cfe1c3d2f91b
64D3E1BF9865CE2BCD0E1ADA249475FF,3925,res/sound/voice_nan27.mp3.gz,321b67c6372ae69ec8522e4afb10789c
64024E36B8DD005AD41958E199DFA07E,8100,res/sound/voice_nan28.mp3.gz,92864508a0d77f44459e702a905f8463
8BCD5F1BD27632CE5AB27ABB99699B52,6703,res/sound/voice_nan29.mp3.gz,87503f6e82bb45d3490bcc1389cee5a8
30F118A2234349B45DE5B5FA95A27042,8714,res/sound/voice_nan3.mp3.gz,d9f729904f4e224927a889a1695d6278
526FA615CC753ACDDD5F32232B3717CF,5037,res/sound/voice_nan30.mp3.gz,67448dd7db111ffaaf344072bf9464b3
BD43CC134F99E9DD34613C76E9C43BE7,5599,res/sound/voice_nan31.mp3.gz,31ea44334ae45f557746d173992dc226
3BF678EB4EBB210AADBD7D53E0D8D326,3922,res/sound/voice_nan32.mp3.gz,6ea46dceddc101d96e08635fbbecc40a
4367C60EA4EEA0AD95519B3D162A8CC7,5123,res/sound/voice_nan33.mp3.gz,c5a026f843a96dcc94cba989addb35a4
C90862E8FA315BB7281CC1ABF9E93EFF,11228,res/sound/voice_nan34.mp3.gz,45c6ffede61300e86c52d85142aa246c
7CC14C502D4E87BD86883A9DDD8207C1,2959,res/sound/voice_nan35.mp3.gz,423616b5ecc46f32e215b7dc31cfb975
0243EA190AF2502BB89B96A97D7CF281,4347,res/sound/voice_nan4.mp3.gz,2f95ce8d0daddb3468e06a73538d446b
39509215D5BBC687A73DCAE7FF894630,6719,res/sound/voice_nan5.mp3.gz,86105bc793e15679c822198f83550284
43EEC29E8AB6E74F0759E26F1FACD3B8,6439,res/sound/voice_nan6.mp3.gz,fc9f6e1030a8bde2809ee5975af952a7
AA766D6D6A3994B4123086E9BB598663,13691,res/sound/voice_nan7.mp3.gz,e8c86bb6c80a5e37e34eca18b3e16ecc
A7E9EC7D657B35C1C60655CBEDCBBDF7,11191,res/sound/voice_nan8.mp3.gz,e2dc862f747a717ce1f3a1748d9a434d
454AACE2A9EA7FC327BAB1A95B204C5A,3032,res/sound/voice_nan9.mp3.gz,d7158d9680a575d00e8a2eda25ca9571
D4347A36C56DD46092940DA9C4D6B0D4,3459,res/sound/voice_nv1.mp3.gz,52d5b01f8e86d111b267e55e2556f497
BDACE82DA4729E733F123C39D6954CA9,4061,res/sound/voice_nv10.mp3.gz,e072c7ccc392a342ffe27487c07f22db
26FC836C703FD50BDD00D74F3F88D309,3632,res/sound/voice_nv11.mp3.gz,dd121f567399521deba5799d45be7ed2
96D4F6EC19B80FE08C9D191DAFBF20A4,4024,res/sound/voice_nv12.mp3.gz,6f72db05ed928772a82660f28865b828
401FA2D8A2C936C3BF9F8A7A0886FE24,3430,res/sound/voice_nv13.mp3.gz,1ca14b4884917c01e0b35f59feb2fea7
0A7EBFEF3E3AC6DF03CAFEE3CB22B17E,5926,res/sound/voice_nv14.mp3.gz,e81c4bc88f783fbd8ad57b8e724936f2
8B8615C3AD4808F2F6DB096B6C0CC8BF,6573,res/sound/voice_nv15.mp3.gz,8ea7d042f6fd02c34cfa97d8b4227b10
1B2A10A28DE179E173015A2CB3B1E065,6066,res/sound/voice_nv16.mp3.gz,c30110f9f9dad6b911e9a8c3f79ed234
312A3600E582070BDAD9D1B9DD144581,5198,res/sound/voice_nv17.mp3.gz,9b65ef7ff652b71782a18f418c6228c4
9CA01B5E183552754FDEB62C8888B7CB,5633,res/sound/voice_nv18.mp3.gz,a45b46eea2f1030c1c6a41623e0f91ee
EC96EFC37C0B51B425696E51048607AD,8607,res/sound/voice_nv19.mp3.gz,a32275f9bcbfe9e12b887499d6b8ffac
FAB9C9DFEBB37ED85F974C17A6CBD6FD,3072,res/sound/voice_nv2.mp3.gz,96f3dd9163ca5c3cc1479c295423468a
FFF7B7C468FEAFCF6A9F505B403D1404,2881,res/sound/voice_nv3.mp3.gz,cfdd6ee6f2897f0e45a75e458fd0413a
D9CA0C4E124E11BE7B0DD30CC66016B6,1967,res/sound/voice_nv4.mp3.gz,ba5cbf6b6895a5fa7773b657580628ec
0F8E2A9DEF60EEFDDAB9FFEAD3D63071,4401,res/sound/voice_nv5.mp3.gz,f0e72de2b9d5835b20505878e3e35be5
683AC39D5C109BBD85D822498ED49C79,4041,res/sound/voice_nv6.mp3.gz,537af65ea47951c592b45c7fbb9e24e0
00E2C613C9E8F6162623F28B283A5A83,2662,res/sound/voice_nv7.mp3.gz,720aff5354cd1e2fb288f933b88e9890
5040F2DD0C492A79E233BCE05732F965,2333,res/sound/voice_nv8.mp3.gz,4e60ce25fbd7e1ca0d3d9521239477cd
555430AC66562809D205BD7BF59E60B6,4883,res/sound/voice_nv9.mp3.gz,8f60aa77000ddf7876ea1c3744236b13
4C69CB58A0B0934D7833890D736579BC,45261,res/sound/voice_ry1.mp3.gz,38ea7e114b505494dfedddc527baf7d2
D55FC455DEA09436CF12DBA8A7847115,24095,res/sound/voice_ry10.mp3.gz,d254af65bca36fe271a3d166c02d7456
0744DE7511600AD3AC7B9AF8586C774E,40963,res/sound/voice_ry11.mp3.gz,5d9b1b7bc431fd2ab5d82a7d5eb3d5fb
7C3215167F1B2D57C9EB9200EB91B990,76031,res/sound/voice_ry12.mp3.gz,0463a3d430edba9c6d02b183b8b40234
02AECAF1F9D1DE4ABA4DFE1D54749EF3,39107,res/sound/voice_ry13.mp3.gz,b5d2c6d93eb55e20c01e9aae379ba036
47F0330FDAAC97087D9058AFB99EE412,78085,res/sound/voice_ry14.mp3.gz,7adfd95c6bab1843f42a36da2104a523
9789A0278F540B4C8EDBE2F4E144E9CE,37586,res/sound/voice_ry15.mp3.gz,097dcb6b2a710c65ac2e7b63ecb706d0
E9529460E62E6376F9B1DBE20D828EF4,51844,res/sound/voice_ry16.mp3.gz,e831801c98db2cbcf28522b66de2e9db
6D0A5009CFB6EF7454CB952BC3BD9F7E,42633,res/sound/voice_ry2.mp3.gz,9665d487d882d07245e47d8d09bf1766
6532687D781F5D081A74E30EE1206890,57684,res/sound/voice_ry3.mp3.gz,010f104fc4e3ce41b01d90ca6fcb09fd
48A94EF019EDCDC5A3B0D143AAD03BCF,32971,res/sound/voice_ry4.mp3.gz,de36918f6288850d0b4897774268888b
97F69D4AE0D0AF96629283401D8E0577,31900,res/sound/voice_ry5.mp3.gz,11f1a82db7ad0e0a6a4d0ed053d8a45b
32360A9E84E97B68DB0A6241FEE916DA,56279,res/sound/voice_ry6.mp3.gz,25d561938e31ffc934d903f14fcbebf8
2F9754E1FD23F88A09B61E77AF1CBE6B,34304,res/sound/voice_ry7.mp3.gz,24acd7a0affb1cdd4329bfde34fa6c3b
B08DD658E8BF8FFCB1596B4701CBCD41,60648,res/sound/voice_ry8.mp3.gz,dd86be86105bde8c172b72cd0d620119
A9E83851027416DE87B5B0195E001D46,25698,res/sound/voice_ry9.mp3.gz,56fea40d2f27523e7c097a342f8200ad
2217A116217B55EDC146ABFD76AFD304,28459,res/sound/xiaza3.mp3.gz,3d1de64e9152065a946e4b33677dc62c
D754B41C8333579553FBAC1EFA2C7CBB,25904,res/sound/xulidiuqiang.mp3.gz,5c51e2f30375192667e7d84bc2f64ad0
BC32AE8175DDEE3EB44A95A49AC7977E,33187,res/sound/yifei.mp3.gz,587b70f67d89526c9986eacbecd4fb75
825217E4DABBC672B0429993EB49CC2A,87332,res/sound/yingrao1.mp3.gz,02f30d3746f037f3a6a9d834b411a81a
82B180C83DF29161171227C28D048DF3,6340,res/sound/yingzhan.mp3.gz,ea4c541f5aef500378a691224cc5aaea
5BC621FB0BAE3E90D6BCC2DB0624AB5F,33755,res/sound/zhanji.mp3.gz,3ccfc55abbf6943c01159936c2ae9110
E7268DC458F31788474440C1FF36080E,18320,res/sound/zhenyan.mp3.gz,78dc9afa2e49e050bbfbc8224343e0ff
1F6151FC9DA0695E53718872DC2F76FF,14053,res/sound/ZhuaJi1.mp3.gz,4ceb88bd522eb30caef98ecfd7a7a22b
C15BF963FD20AD4D17E5FB71AD43F3EA,15521,res/sound/ZhuaJi2.mp3.gz,72f0bef6b257115b2f002f5fd5566305
C1B0F11A2818E9551A548B0FC183C14D,10808,res/sound/ZhuaJi3.mp3.gz,b03d4f104a55ba6982401c0952a0f97e
FCDD7E04C84D2EA62AD18E565B44363E,37393,res/sound/zhuiyun1.mp3.gz,0f6cbab528d7f4a71f2a862a0a78a4d6
85653F2B2E682E906BA74A1E7B2BC520,34128,res/sound/zhuiyun2.mp3.gz,3d7a4d16b5f0f756aaecb5a521bf3d4f
A773008EF1C779B3EEC67D3B4D051333,6948335,res/video/hack.mp4.gz,0ba5af9e04343f8931aed4df76e9a7d6
B56AB5B3F04B57F68E57646DA6B82568,735107,res/video/lingdonglogo.mp4.gz,d881f5d4a66c8876a21539c540217ac9
F90BA59028D872FDB4F7B7656E758724,33354293,res/video/login.mp4.gz,256fa933167203e09b3c4829073f3ddd
83B8E13D1D7CEBCC34BBBDFE76280624,19308,res/video/ui_jinengyulan_jingqingqidai.mp4.gz,e95f24109cfb1be61de7414664e1b234
DDF32F38B857DE32D534AFD5067042E5,4040753,res/video/video_activity/ui_heiyanliandong_1.mp4.gz,b251be93438988dcb3cb678e7f336b0e
4A6E95578C94CBEC4C3A08B46576E211,820688,res/video/video_godwepon/ui_wuzhuangyulan_bingqi.mp4.gz,f53067d6c26859e1b7c57cf71b4f7d4e
A0B934A08FB7254FA71535A695FC2B99,1628843,res/video/video_godwepon/ui_wuzhuangyulan_cheguhanbing.mp4.gz,a8f04a3c4b0af5e6c9aa3826d3c06dc6
A1F9C71A1716670239CE07657882477A,859061,res/video/video_godwepon/ui_wuzhuangyulan_chiseqiegezhe.mp4.gz,2993889971bde042d0f8ac13ff8e238b
F527C94C839CD6AD82C1208E73BBA405,975199,res/video/video_godwepon/ui_wuzhuangyulan_chisesishen.mp4.gz,3d6a5c5566a83078732e1e0262d8c15d
EAF92BF57DF1FA31C057ABAF4CC7AAB3,623829,res/video/video_godwepon/ui_wuzhuangyulan_ciyuanchuansuo.mp4.gz,ba53af08a654a3428fc6506cd12063c5
0F01C626B050AD79E826EF501306D05C,1126720,res/video/video_godwepon/ui_wuzhuangyulan_daizuiyan.mp4.gz,8fd299f9bcd3d57704dcbf33d4ab3160
8B6A20F88ECA0BEB91A1C677FECB103E,1730429,res/video/video_godwepon/ui_wuzhuangyulan_dianju.mp4.gz,a7b8257b469a659a10d9ebaf175b9c74
5EF377AF588F24E3E4118370F677ABB6,719223,res/video/video_godwepon/ui_wuzhuangyulan_dieying.mp4.gz,0a82c9d9767bec4ddccbe49aa79276d4
1409951B0CC345AC3DF71139E78E56C9,658627,res/video/video_godwepon/ui_wuzhuangyulan_fengshenbiyou.mp4.gz,8da47afc2d0216965269d0c06e011ce4
158CC725527591DA67BE8EBADC65512E,769310,res/video/video_godwepon/ui_wuzhuangyulan_fengyinpao.mp4.gz,b66e37e5fa4f4762ec846fb847e1d10c
E245E71419B0C6CC1024C7012E7B6E25,1440005,res/video/video_godwepon/ui_wuzhuangyulan_fenlierzhihun.mp4.gz,6402a581ebb93cb808e32af915f41405
38C585289404EFC4BFCF7C2429557F93,1937703,res/video/video_godwepon/ui_wuzhuangyulan_guangzijufa.mp4.gz,c1f7cbaa68a0c1bb74b1bc492f088dd8
B2F66985D6FD9799394983B0104B4DC6,1256551,res/video/video_godwepon/ui_wuzhuangyulan_guidaozhiren.mp4.gz,9d1167f022a0419c9b5d06323bfb478f
77BCBC09D8BEABE66EC8721653C7F0B7,1387400,res/video/video_godwepon/ui_wuzhuangyulan_huimieyanyu.mp4.gz,154e38cb5622e117c92a10939d23414a
CE248575B1ECFC9ACC080ECD219D5E0E,1150661,res/video/video_godwepon/ui_wuzhuangyulan_jiabailiezhiyu.mp4.gz,f80e60ac991e86b9a84c4543d9b2d0a6
14FC6695B431792780990277FBB81318,677872,res/video/video_godwepon/ui_wuzhuangyulan_jianglinleiguang.mp4.gz,390556b9feeeb787c17b11a87d9e1028
3A6F5598E8C877A39778B125F24FA3D5,983384,res/video/video_godwepon/ui_wuzhuangyulan_jidongzhiren.mp4.gz,1992f5ac74233abd71de3e75e15f6940
4D703310579DC6382F117B4380EC691E,1673534,res/video/video_godwepon/ui_wuzhuangyulan_jimiezhiyan.mp4.gz,baf319bde7e034b75cba755ad81108c4
00702F6F48F0A3E25EB1D69DBE703D9A,694028,res/video/video_godwepon/ui_wuzhuangyulan_jingjicanyang.mp4.gz,749c3dcb10dffa47f014a1add2ba2d2d
9CCFB068457B8409ADBFFBDFD33D5A71,526315,res/video/video_godwepon/ui_wuzhuangyulan_jingshizhishang.mp4.gz,91b243f8b8def03812c15c1b0b0cbcae
194B06AE031BA5C83EBB900B6BD31059,727696,res/video/video_godwepon/ui_wuzhuangyulan_jinlongren.mp4.gz,8a53c6da06979e73dbf25e5304c6269f
6F8BACA25FF49B2283B233078AD74A53,1015609,res/video/video_godwepon/ui_wuzhuangyulan_juduzhiyao.mp4.gz,4ce32f21ee3f6898efc321e5482f54d7
5F1BB9DF3B7D6B674482CA9DBEA8CC00,902546,res/video/video_godwepon/ui_wuzhuangyulan_kuangnufuchou.mp4.gz,22af48d3ac0e1c5f63e0ccf976de387e
095136D3893CF9965C328720D1BC32C7,759252,res/video/video_godwepon/ui_wuzhuangyulan_lanyanyujin.mp4.gz,d364065ea5c6654fadabc8006d1f5602
571EC126F195A9D2910099EC107F67F7,1513979,res/video/video_godwepon/ui_wuzhuangyulan_liangzimaichongren.mp4.gz,54edad0ae639b332cde5946e070bbfde
501EE9D8F74AF1CFD2BFD265DFDD4B2C,1159934,res/video/video_godwepon/ui_wuzhuangyulan_liujimiezhiyan.mp4.gz,45fa25de5e00d2055fde8f6e7b49fda3
64985DDCC833BF0368EA7C20CA7480F0,1836645,res/video/video_godwepon/ui_wuzhuangyulan_mingjieshizhe.mp4.gz,f1c3c2ffa87f00b97935477c3e22601f
D16B857B077E142F80B712606E4B0EAE,1400566,res/video/video_godwepon/ui_wuzhuangyulan_nengyuanjingshiren.mp4.gz,40e5c9f92e38990f9431c3c36ccd7463
24FA19184F8D771E2D7A0F88410031C5,1578092,res/video/video_godwepon/ui_wuzhuangyulan_nizhuancaijue.mp4.gz,10e71b4a9c0d423ce7bf5b3df2de4300
8B62E5188F5C6E083C1CCFBE1B459073,655009,res/video/video_godwepon/ui_wuzhuangyulan_penyongmingyan.mp4.gz,869fd690741357ab6729a55cf977f3db
CB0C43D4C2D8960F72B010F0DC7A1EEE,1177027,res/video/video_godwepon/ui_wuzhuangyulan_qunxingshouhu.mp4.gz,adbfb77ccd5afaadf26d993cd330a4f6
1F2A8A356A5398A9B5890F12F44DC57E,863549,res/video/video_godwepon/ui_wuzhuangyulan_rongrongqiege.mp4.gz,8a2f20472dbe01bc2c8499b09e65c27c
A76475C4D64D657147D27ACA012B7BC3,780264,res/video/video_godwepon/ui_wuzhuangyulan_rongrongqiege2.mp4.gz,dd40067c3e0e4ca089bc1e7d21302303
5A754FF099986A943986678C52269A03,743217,res/video/video_godwepon/ui_wuzhuangyulan_rongrongqiege3.mp4.gz,11765c4421384d429bc80a767229af7d
28E9066829EE3F8BCD89DCCDB417B3A9,743444,res/video/video_godwepon/ui_wuzhuangyulan_rongrongqiege4.mp4.gz,d47db42ce072291af1c127b8fadb0333
0612BF03F7AAFB0BF6A51DCD0B5ECD29,995066,res/video/video_godwepon/ui_wuzhuangyulan_shatanqiju.mp4.gz,b43f14c4e8bb88a23685608f54687cb7
893DA8FA787221239D611014F3D965FE,672664,res/video/video_godwepon/ui_wuzhuangyulan_shenjicantie.mp4.gz,eb0b082b8a0763c1ec6c4ea626fa8282
286A4997CE08563C3B165BAAEA456535,748860,res/video/video_godwepon/ui_wuzhuangyulan_shentao.mp4.gz,bf1252c4ec73d16f4d3648f0e5cea638
FDADD4FAACF84D1466BF9A68CAE736F2,2141321,res/video/video_godwepon/ui_wuzhuangyulan_tianhou.mp4.gz,3d969d51139071434e3628673e911966
3777B442805427E9EC2D1BEE57F98F6E,1086844,res/video/video_godwepon/ui_wuzhuangyulan_xuesexuanwo.mp4.gz,7f76487ed1e96419186fdb4de47a4f7a
0BEEC8A060BBBF0DB0323371BBAB960E,835986,res/video/video_godwepon/ui_wuzhuangyulan_yehai.mp4.gz,ee1533c2ad1fcf31e2f058ed31bf98e3
CB7FB489D524C92B0D827FC1FB409A3E,1732348,res/video/video_godwepon/ui_wuzhuangyulan_yingluomanting.mp4.gz,39269b61d9ce41b74a1703489684c4d3
101AB742043040E8634E021B8CA76355,1387474,res/video/video_godwepon/ui_wuzhuangyulan_yingraoleimang.mp4.gz,eee1ba6d213d96626cf96c2b1b643608
C352DD3C8EFB3BCE9F429C568B051446,651811,res/video/video_godwepon/ui_wuzhuangyulan_youlanshishenzhe.mp4.gz,ca41439fb2b6ecc28f84f69842042082
A9BFD0FDD6157A214E8038091B0F331A,696207,res/video/video_godwepon/ui_wuzhuangyulan_yunyanrongxingjian.mp4.gz,e77ba7cb096a1bdb16975450728c3894
EB1C79A7D09D23B5BA318407AEAF61CC,878888,res/video/video_godwepon/ui_wuzhuangyulan_zhenchandike.mp4.gz,ddc02ec2dad486843bba580cf34fadd2
D3F854055584C06CD75DE4D4D3A9B214,747673,res/video/video_godwepon/ui_wuzhuangyulan_zhuojinzhanren.mp4.gz,959b87971f4099048054afc82e108dcb
C01F539636447A1C5E89888609395CCF,1869807,res/video/video_godwepon/ui_wuzhuangyulan_zhuorenengyuan.mp4.gz,5a7ac16760af4e91ef70fe048c13f068
EC80F0E0BDF9B7FE07CEDCE7F388379B,984760,res/video/video_huoban_skill_ailin/ui_huoban_chuanxinchangqiang.mp4.gz,6e52b84fa22393b3ad90ae06e7dcf11d
C19DD0FA31676F21E65CFD0DE4F1E79E,283318,res/video/video_huoban_skill_ailin/ui_huoban_guojue.mp4.gz,db8559aac68661dc85922548c6cade25
F34A73E5B4AF04DA87CB200BA35DC63E,666200,res/video/video_huoban_skill_ailin/ui_huoban_hengsaoqiufeng.mp4.gz,aee2d982c228a77cb07505168c2549b6
93736E24AA6402F3A030992873536CD0,1106483,res/video/video_huoban_skill_ailin/ui_huoban_juesuiyue.mp4.gz,e7b2ed4c750e25675f1804301aac30ae
CD6256C1A84032B572EC77C3D5474247,1345899,res/video/video_huoban_skill_ailin/ui_huoban_juexingyun.mp4.gz,61539226755a64b69a9523a7567b3aa4
0B6C067C83B707E6F6CDB1CA718741A4,794109,res/video/video_huoban_skill_ailin/ui_huoban_juezhuiyun.mp4.gz,f24d64005909ffa83c3ea7fe6fd3daac
9E05FFAFBB5E4FE3FF08BBD882D6A592,1056082,res/video/video_huoban_skill_ailin/ui_huoban_luanwu.mp4.gz,6dc65d4c29dd9c7cfaf59cb7b8f9ad41
21C57ED7FECAF77C62D215B7FC55FB1A,559226,res/video/video_huoban_skill_ailin/ui_huoban_shanbi.mp4.gz,4243222a9c50dd14d6bd11715cae2015
CDF99A478B5B9EA69AC0569DEF79155B,238170,res/video/video_huoban_skill_ailin/ui_huoban_shuangrenweishi.mp4.gz,367ab95e54548cc34320def0193160f6
4A79C12056D5CAC8A8A9E132A8B09C73,1122319,res/video/video_huoban_skill_ailin/ui_huoban_suiyue.mp4.gz,b2bb80804e9bc7f0cb001c3ff8b387ef
B0EE3026992B1985B28B6B36F2E4A456,1118923,res/video/video_huoban_skill_ailin/ui_huoban_xingyun.mp4.gz,c84029a465e87f00c4dd907765ab0e85
BADDAE60C2167D32AECA7620A44BEF4E,1198503,res/video/video_huoban_skill_ailin/ui_huoban_yuqiangshu.mp4.gz,a72e79aa1fca92acea389dc017e5cfc7
57B6F88E9A924E478F73A86667141A62,534112,res/video/video_huoban_skill_ailin/ui_huoban_yuqiangshuci.mp4.gz,36e554d8588199cbc61f0828b2ee2bcf
42D9C69E293705055BD69006E09E0BB0,847658,res/video/video_huoban_skill_ailin/ui_huoban_zhuiyun.mp4.gz,6b4dac67d036e9c42e1db7a7def1607e
5E50C26C39C568295D3B0737D2D6F4EF,853770,res/video/video_huoban_skill_heiyan/ui_huoban_baoliehongji.mp4.gz,b95deed08d9444bf83fd6f5c9ec83c8d
E715C45CD06E0896CC0F831880BF35FD,1273263,res/video/video_huoban_skill_heiyan/ui_huoban_chaobaoliehongji.mp4.gz,388caa1fb5111a36f0c93509ac19db18
2C579C0DBE8447C02B3E531D695E6EB5,812837,res/video/video_huoban_skill_heiyan/ui_huoban_chaoluanshe.mp4.gz,51111a6d439e0ba7991d44686e49a0d8
6BC3F7F8861B1007C9D11EE278A38C4E,1103279,res/video/video_huoban_skill_heiyan/ui_huoban_chaoqianyinpao.mp4.gz,ab27dc28705f746d38a4142083c2b113
F6C9537F640E1D166FE60FFB463B6456,484536,res/video/video_huoban_skill_heiyan/ui_huoban_duoxiongzidan.mp4.gz,e8696e839da4ccfcb7f3d8c84e7be103
92A5DA2C6844A6662C720AA101299A03,1258571,res/video/video_huoban_skill_heiyan/ui_huoban_huimiejiguang.mp4.gz,c7f7831127fed6082f4e42598f83eb64
EA025F47CB47D37EB262FD5EE7C066D3,839234,res/video/video_huoban_skill_heiyan/ui_huoban_huojianluanhong.mp4.gz,d0adcb7d1b56ab9f4aab8fb49c31e2f5
68D69A0588AD9BE1AFF16A833EF9EA2C,918187,res/video/video_huoban_skill_heiyan/ui_huoban_leiyusuoding.mp4.gz,26efa9e58c14b5aef7a748bbf3252064
74A49A7C7CFBE4595C1AE648CDE84EDC,673738,res/video/video_huoban_skill_heiyan/ui_huoban_lianxusheji.mp4.gz,0abca16cc541b7a526ecd991523d33c2
8F51E56BA28E77FA8F2A665854E2BC68,739355,res/video/video_huoban_skill_heiyan/ui_huoban_luanshe.mp4.gz,3fec2b35ea599cb51264c10f174b95b0
ED3DDFE772A45F4B7861C7A3C2F258BF,293415,res/video/video_huoban_skill_heiyan/ui_huoban_qiangliyiji.mp4.gz,60a53788784e701b86cad87db6337c62
049B1FAD41AA3D7463E53CB31122DDA5,795350,res/video/video_huoban_skill_heiyan/ui_huoban_qianyinpao.mp4.gz,49073515a2b7848dffacdcacf1b8793b
219C21DF55A6C905BAADE94531C7D335,430890,res/video/video_huoban_skill_heiyan/ui_huoban_shanbi.mp4.gz,c0f1aa9454b00667e465a76ae80f3cfa
32852060B73FA8CEE81FC12A0673098C,562734,res/video/video_huoban_skill_xueshi/ui_huoban_bailiequan.mp4.gz,265a27441e2528dc40bc4f1c74a80d7b
6B2AA03C9EE8DCDB039CE20328FB21C9,575499,res/video/video_huoban_skill_xueshi/ui_huoban_fengjuancanyun.mp4.gz,ac274475308bb5c5bf36586083ae4ec1
E04BE377F72770A13DBB6FDD284232E6,492586,res/video/video_huoban_skill_xueshi/ui_huoban_huanyingfengbao.mp4.gz,cc1fa052dea5a7457f409e8dc5d7e5fa
3383868C62332C0A97D4F141571DD60E,607550,res/video/video_huoban_skill_xueshi/ui_huoban_jibailiequan.mp4.gz,8fd748839fc41e54bc2009154d071e1d
03A1CCDE87B239684DF2FA22574AD971,737868,res/video/video_huoban_skill_xueshi/ui_huoban_jifengjuancanyun.mp4.gz,759874608cfbce5a3bd94a8a7e0e6054
EA211313BC4DF391B2DB940D6D259494,862634,res/video/video_huoban_skill_xueshi/ui_huoban_jisuifengti.mp4.gz,636c5ed4ca314f21161a232033e5a615
CBC4DE43825F20B181347179492D9687,503695,res/video/video_huoban_skill_xueshi/ui_huoban_lieyanshenglong.mp4.gz,419032523c4d7c17270f5c18c50278da
948B44CA156482B1804ED3D0879F0936,337804,res/video/video_huoban_skill_xueshi/ui_huoban_shanbi.mp4.gz,4a0ffb9f7a0c5c805e309939b02f7645
C515C648C1D5C48096950D89B74C12C6,590603,res/video/video_huoban_skill_xueshi/ui_huoban_suifengti.mp4.gz,0fec16a4b2e9a3d63b4b04f1a3f42541
8082E7196A7C3D8C0601D943936DC6FE,589653,res/video/video_huoban_skill_xueshi/ui_huoban_tiandijihuangquan.mp4.gz,af89d1eb2bd1b8265b3b8328ac628d4c
29DEBF31A7602701EE803EB262625807,250449,res/video/video_huoban_skill_xueshi/ui_huoban_tiegu.mp4.gz,722278fa992c3bc6469a67cc06d4c37a
B81C57C5C3D64D865BD676DE3B4AC182,434068,res/video/video_huoban_skill_xueshi/ui_huoban_yanwu.mp4.gz,66351c39e2e562c80225a4f3217b0182
8C91D9734986F6D3ECFE3DFC05D3B7F1,286828,res/video/video_huoban_skill_xueshi/ui_huoban_yanwuxizhuang.mp4.gz,d5ce4c360feaa4ea5d3e5896ce8558d7
5F3D45D1CFC5649FF77319C964EBD86D,5036897,res/video/video_player/ui_zhiyejieshao_cangyanqishi.mp4.gz,6fef5b7476ab95d1733dde7a5217d5ba
76E1F3F46FC992D4175B7154A1E2C7AF,5019255,res/video/video_player/ui_zhiyejieshao_ciyuanlingzhu.mp4.gz,b73df2834045c90c856aa05a58e7e95a
69736AE66E56FFDA6F85C98BAA3090A2,4986039,res/video/video_player/ui_zhiyejieshao_leiguangshenshi.mp4.gz,f8cf363b041fc6a7a3c1b8d19ffe2cf7
BEFCC2CAC2BDD08E121C21F7DBCACC4F,4964257,res/video/video_player/ui_zhiyejieshao_lilimu.mp4.gz,9c2dad0c15cfb419c1ae564f3c234e3c
A1AC601347EB61BFB5FC3E03614A17CA,5014192,res/video/video_player/ui_zhiyejieshao_ling.mp4.gz,7ccdfac2d7cca58e53ba22591bf3ffc0
4872187F2A339F145022EA437197E081,5018108,res/video/video_player/ui_zhiyejieshao_shenbingzhiyan.mp4.gz,58080e11a47be5247eb593e393b7ce37
AE7AA8E2FD021B5DDAA570A96AE109C2,5030813,res/video/video_player/ui_zhiyejieshao_shenyue.mp4.gz,2d53fa05fbd2f032a48517ad917465db
7D14D5DD85E44EDB0BA7E3D48CEFB60D,4974039,res/video/video_player/ui_zhiyejieshao_xukongmonv.mp4.gz,d66fe1610756a2e17ab7526c88327423
FD8A096D6C7D860319AB588710A77AC1,5012587,res/video/video_player/ui_zhiyejieshao_zhuyingzhixin.mp4.gz,38f0728c996685b1abdbf4f2622e1f0a
CA7273671D23976D6494D3BCC7F3EEE1,591428,res/video/video_skill_lilimu/ui_jinengyulan_anguangpao.mp4.gz,1f797a8ee008b0075bd07fdfdf43442b
C35C3FBE973B371D54006AAB68FDBDBE,598601,res/video/video_skill_lilimu/ui_jinengyulan_annengshexian.mp4.gz,8cf1225f145c700804e2f896e9b97c45
D63698A90D68D74A2801B74C9D83BF76,741870,res/video/video_skill_lilimu/ui_jinengyulan_benleipoxiao.mp4.gz,17c79c00fb871303b727d6a422ff6663
E7B074066EE57A13A244FEF9C5CEB0B4,952336,res/video/video_skill_lilimu/ui_jinengyulan_EPlichang.mp4.gz,aeda882a0a4d6b6857036aa2227b0caa
ECE1B5FF34933C2F9203EF1ACE9217D5,591683,res/video/video_skill_lilimu/ui_jinengyulan_erchongxukongyuexian.mp4.gz,ccfa4f964858d760cb02ae26177a3c31
286CA6A9BFE8400CC748C1D9067E2251,744836,res/video/video_skill_lilimu/ui_jinengyulan_heianqiyue.mp4.gz,69b73a781a97701645e7adfdebbd3cd2
6A590E881E8301F62DF78D483E5506A5,844270,res/video/video_skill_lilimu/ui_jinengyulan_hongleichedian.mp4.gz,9b4373488c40ec7d5f6847ebf677caf9
E5110F82DDC1474D0EEF474CC629273D,2576105,res/video/video_skill_lilimu/ui_jinengyulan_huanguagnshan.mp4.gz,bd3f80498f02157dc979217d16f5b6ea
BB426888493AC2D1BBB6B974A97564A7,587094,res/video/video_skill_lilimu/ui_jinengyulan_huanmosihun.mp4.gz,d67009a25b2cef8516cd7141a9e9e714
C6FFFDF5DA7010F3896C3173A22DDBD2,654639,res/video/video_skill_lilimu/ui_jinengyulan_huanmoxiegui.mp4.gz,0898424ff030c52812e9fde253257376
B64E2C01C146572E335CABA418D336B1,716268,res/video/video_skill_lilimu/ui_jinengyulan_huanmoxieguixi.mp4.gz,c64b0cba551bb68534dce2676f568fb7
E60B49356831FAD18CE92D081F9D1559,1195573,res/video/video_skill_lilimu/ui_jinengyulan_huanmoyuanling.mp4.gz,9af38930e5e884adf6350d714617bbe7
C38C0D275EC4187835A51463602DFE31,731975,res/video/video_skill_lilimu/ui_jinengyulan_hundunfengbao.mp4.gz,e761d82ac04aef344393988c609fccba
7D601A5BD4560FA73BE50FB75FC9B515,703599,res/video/video_skill_lilimu/ui_jinengyulan_hundunlongjuan.mp4.gz,f16b2d03fc47118337c98937809d6f37
A067BAF26723EAB2D085A801E33A6334,854342,res/video/video_skill_lilimu/ui_jinengyulan_jianglinbaoshi.mp4.gz,4fd43b742db162f07abe64816d4e8b50
F63D00181FFE9C75A0F59E2F68E5AEA6,893795,res/video/video_skill_lilimu/ui_jinengyulan_jianglinmingzang.mp4.gz,658eacaa5cb096271dff50d4cc7bc23b
08FDB5E6E3CBDE0C885F430FC1231262,995245,res/video/video_skill_lilimu/ui_jinengyulan_jianglinmoyuan.mp4.gz,57c84fbcc17a5ad381519c7982c21f62
0ACE4392131428D19D309EF9B6FA9158,491652,res/video/video_skill_lilimu/ui_jinengyulan_jinlei.mp4.gz,0a07adb221ae9a9fab5b3cb394f03da4
2FAC035F6F44C549BDB8FFD7DA6B050A,815184,res/video/video_skill_lilimu/ui_jinengyulan_juleihuohua.mp4.gz,638baed61df56e6d9bb2dee34df3dc3b
163171A74517553CD4D56C798D88BA74,827003,res/video/video_skill_lilimu/ui_jinengyulan_leitingenci.mp4.gz,6c5af3b20c5fed95bba26bb24aeea162
74AC6927694108C11FE586CD8C8B5C0F,749824,res/video/video_skill_lilimu/ui_jinengyulan_leitingfengbao.mp4.gz,d9a67e5b878149aee361609014313f19
A522907885C08D00F2FED525D72F9624,784918,res/video/video_skill_lilimu/ui_jinengyulan_leitingxunjie.mp4.gz,4e24b0968509ee892768f2ae6ef5a439
0D4A0F662DB893DC3F7E05331EE9641E,729053,res/video/video_skill_lilimu/ui_jinengyulan_liangzinengliangzhen.mp4.gz,8a9ae2b3ef30feb1570a800c159e3e49
951FFA79808A255CB2C41303CB888B66,760930,res/video/video_skill_lilimu/ui_jinengyulan_liangziqiu.mp4.gz,c8323980936d656fd895dc535481dd08
DCD216615ADBDD15BA79B26802D30B9D,834882,res/video/video_skill_lilimu/ui_jinengyulan_lizihuohua.mp4.gz,807d15e7fb34a5a4d5546581c4b5c1cf
F8DBE2D39F59FFE717B305AA1A05B940,1081015,res/video/video_skill_lilimu/ui_jinengyulan_luoleilichang.mp4.gz,6bd3e4e9f231c21df2c72a1bf5202543
573BAEF9B790F8CA97298A76C47D5973,836665,res/video/video_skill_lilimu/ui_jinengyulan_pugongsilian.mp4.gz,b765fdd1ee0a010fd0cfd4f517f01295
A5B7B05A208E94BE8A33AD9531A85354,503770,res/video/video_skill_lilimu/ui_jinengyulan_sanchongxunleijian.mp4.gz,22837ef18924b20c1fa09e6b1699b2ed
1C65F3E1A6CCA29DD227559E7F9912BF,669651,res/video/video_skill_lilimu/ui_jinengyulan_shanghaijiashen.mp4.gz,cecce29564d160094b970bce36eb8da6
0F668AFFBE5327350703DC57378D608B,1284467,res/video/video_skill_lilimu/ui_jinengyulan_shunguangdun.mp4.gz,de850e5cbb553dbb655a0e52d5901554
01A103EE626292AF326DA8AD69F05B72,861789,res/video/video_skill_lilimu/ui_jinengyulan_tianjie.mp4.gz,0d2494aeba8286c716fd5d49e9e7f1b6
FD455CA95E56FDDA1A060F5F9185783D,583796,res/video/video_skill_lilimu/ui_jinengyulan_tianleihu.mp4.gz,8c6d81339114b8a99d271509996d1227
7E7DE0C6154AA11A68783B4B4F285A3D,755188,res/video/video_skill_lilimu/ui_jinengyulan_tianleishan.mp4.gz,749d3419eeab69fa3378f216156604c6
E4EB840087F44B5FB5983ADB5EA93990,1782954,res/video/video_skill_lilimu/ui_jinengyulan_xielei.mp4.gz,33b7f294d1b7debb01507aa41c81bd9b
09BFAD5DF00EB3EDC30D75D89A544990,861715,res/video/video_skill_lilimu/ui_jinengyulan_xukonghudun.mp4.gz,29efeeed43446265921423f3bfe1192e
4AB289007DAA8A490F138FB7A768C1EF,789039,res/video/video_skill_lilimu/ui_jinengyulan_xukongjinzouzhou.mp4.gz,976e28336b96eba79e858f60a57b55db
D1E4453A39615474536987C162624806,2197635,res/video/video_skill_lilimu/ui_jinengyulan_xukongmoying.mp4.gz,5b16dde538e80a3502681c46a413bf8c
3A0A6659F4EC8F0DEDBE823DDE68FB2B,1103735,res/video/video_skill_lilimu/ui_jinengyulan_xukongxuanwo.mp4.gz,88031ae3c6d9e2ae282526692feb94d4
6AB03BA6AA8DD64230F92E89F4EF4317,505607,res/video/video_skill_lilimu/ui_jinengyulan_xukongyueqian.mp4.gz,6cf392398c5da7d8de47838ac2785180
582F63859F5762CE7BE0CF8C8748BE5D,374683,res/video/video_skill_lilimu/ui_jinengyulan_xunleijian.mp4.gz,6c8ff697971fde137575bf47a145eba5
3F10E3E8B04CCFCA995A905313083E5B,793939,res/video/video_skill_lilimu/ui_jinengyulan_yanmieheidong.mp4.gz,09dc7e41f5826c9ff9ff3e0144076ff9
1EBE11A86F53B1DEEA39C6217B836FB8,1552177,res/video/video_skill_lilimu/ui_jinengyulan_yinengjuexing.mp4.gz,d745a1f3905fa073e49382e3105cd1a5
318CA2B03F8E2CAD9B05E187B7121DCD,789584,res/video/video_skill_lilimu/ui_jinengyulan_yunlei.mp4.gz,4acc6013067388757a0c9461461813f4
06AF0189DDF08D51DB7FB46C0B1DC309,717118,res/video/video_skill_lilimu/ui_jinengyulan_yunleizhui.mp4.gz,0d7c18422d2ed1b0d005951b600d2057
FF6C5BC6284CC838C77555044A7D0649,816243,res/video/video_skill_ling/ui_jinengyulan_chiyingshan.mp4.gz,e6e2a6d28f235e66731fce6d98fa430e
4D067B6FEDEF40CD27CD0B305DAB8230,670645,res/video/video_skill_ling/ui_jinengyulan_chongyingshayousun.mp4.gz,3f2ddd3334f548016568ac8e86797dce
A1D22F90BD8BEF40E5DAC4C598860B84,1262534,res/video/video_skill_ling/ui_jinengyulan_chongyingshayousun_new.mp4.gz,bef2ee2a4172e0ca58c0cbf09a9fc429
33FED006B9759AF94123EB2F7267ADBD,1263716,res/video/video_skill_ling/ui_jinengyulan_feijianzhiwu.mp4.gz,ed5d55ee0f8ef746db7d816b167c4cd4
58313C16F5933A7C97CBBFB71AE81D27,451553,res/video/video_skill_ling/ui_jinengyulan_feiren.mp4.gz,7a5012fa2e953621e9d23f7c9f213828
ADCA8E343592F4A5947668D7D30B01E7,571312,res/video/video_skill_ling/ui_jinengyulan_feiwuzhijian.mp4.gz,96e6264e91fd964fdcb30d9a22f0c2e8
FE5C613B5FB9395F64DDCF18757F2E69,462583,res/video/video_skill_ling/ui_jinengyulan_fenrengai.mp4.gz,2000ec61617963a7de46f11f37d4a70d
303A07BBA586BCDCCB090E1498F80476,761061,res/video/video_skill_ling/ui_jinengyulan_huanleiqianglin.mp4.gz,70d2126854046ea090370da8cfa18dbb
EE1E83C23B8DF6F874123B0F431011DC,805754,res/video/video_skill_ling/ui_jinengyulan_jianrenfengbao.mp4.gz,03ffb0e57ed121ca9da37c8252e10058
E41DA192C5ACDEE50728826B32E53964,630270,res/video/video_skill_ling/ui_jinengyulan_jiasujuzhen.mp4.gz,318d66633b3318ac501c38bebd2b18d8
34F71532864CD414FA022362A947DC8D,510730,res/video/video_skill_ling/ui_jinengyulan_jiasuzhuangzhi.mp4.gz,0f98121c5589ce2a3e82e72004d6b935
D45594CE4C323A5415C8D372D39A106C,727159,res/video/video_skill_ling/ui_jinengyulan_jingleici.mp4.gz,652a0a328ec0f64f6f225f4ae6e7f8c4
9352F5AFB948E41BD072DF2F8ED72DF8,471756,res/video/video_skill_ling/ui_jinengyulan_jinjihuibi.mp4.gz,364a6c75156bcc43faf1080f127bcdad
837A60590918BC2E195375681247DF15,714395,res/video/video_skill_ling/ui_jinengyulan_jiyingshafengci.mp4.gz,c5dd5dac559083ec9704621a146a3c29
BD761AF7F71B2A2FB5A91D2E1FB64398,958141,res/video/video_skill_ling/ui_jinengyulan_jueshabeiyinghuanmie.mp4.gz,2522436e9daff00f09a304470448b73a
01DA8AA9F19DA0E678754E6A54A62E51,584592,res/video/video_skill_ling/ui_jinengyulan_kuangbaobingqi.mp4.gz,99c260d2c8e889e43bfa6ca35fa8308a
6E3220B063FE681E3A33D75BC7A18077,928635,res/video/video_skill_ling/ui_jinengyulan_liuguangqingdianqiang.mp4.gz,34036b2be3ad52cdc31decbf79a17232
4390BD6285368949B22F18A10C21A90D,951937,res/video/video_skill_ling/ui_jinengyulan_liuguangshenghenji.mp4.gz,f1258f1ac9a81109320e2eb178572c41
0ED28F343E5212BC57799BDE1A59211D,516110,res/video/video_skill_ling/ui_jinengyulan_liuguangxuanwupo.mp4.gz,3ee3ba6722afe05ce1fc7b927e3955bc
C6540117B59558F9B5360496FD113CE0,634367,res/video/video_skill_ling/ui_jinengyulan_lueyingshayingwuzhan.mp4.gz,8f8c4e4863318807d2ad8f1e52915462
23AB7F9BC1ABCA1024AE1DD7A08D03AF,802494,res/video/video_skill_ling/ui_jinengyulan_pomiecangqiong.mp4.gz,e77e4d8df3c37d27eea42402715ff17b
38884487BC0FC9E530BEF449275C6867,832642,res/video/video_skill_ling/ui_jinengyulan_qianghuafengci.mp4.gz,90bee9aea5daa8d07e63d876d705bb40
0B74B4B4BE0D93CB5E7AB8811AD93837,556762,res/video/video_skill_ling/ui_jinengyulan_qianghuahuibi.mp4.gz,c067be7976b68749ec07cc2642f05ca7
0D63904EA25EFE64EE3F655CA164C0B8,526311,res/video/video_skill_ling/ui_jinengyulan_qianghuajiasuzhuangzhi.mp4.gz,1a20fd216f00309a80a37b0327d56c5d
310522F8A163879939549212E30966BE,1488082,res/video/video_skill_ling/ui_jinengyulan_qianghuamoqie.mp4.gz,dd70afcc2a3d5cd0b9a871559f6a7908
4BA406A1EA65A490D8D95A90B5482F9E,662944,res/video/video_skill_ling/ui_jinengyulan_ruodianfangda.mp4.gz,f7a656494e5f6a2a6817f5f235186f49
C019E4935A5E70A35CC079D590AFD7C1,529996,res/video/video_skill_ling/ui_jinengyulan_shanghaijiashen.mp4.gz,796903644c716cbe1680e3e876c81732
75FC732B1547FB44AA4EDB0BBB1F50D5,1193994,res/video/video_skill_ling/ui_jinengyulan_shayingshamoqie.mp4.gz,7c9bb7f5dd24a407e88cc7ecef10c593
8EF731CBA56FE51363E681E672791D13,595284,res/video/video_skill_ling/ui_jinengyulan_shenbinghuanxingfu.mp4.gz,95e08a4ac4dbf577ce7119fc767804a8
9CA3798CC90BBAC820B4C325CA74E1E9,705677,res/video/video_skill_ling/ui_jinengyulan_shenbinghuanxingjian.mp4.gz,686365224f031b26a0362676fdb645f0
C0855967DC98867C17DCFA62E8C9DACE,865687,res/video/video_skill_ling/ui_jinengyulan_shenbinghuanxingju.mp4.gz,4e52a8854a7eb348e1fe1a37af1b6005
ED72C36DACEFBA3BFEBA17DCD60ACA52,577753,res/video/video_skill_ling/ui_jinengyulan_shenbingsuixingquan.mp4.gz,73a7169cefcf8a22d5f939a94b703653
EA7EBB6D4380261A096CE31F8999349C,727299,res/video/video_skill_ling/ui_jinengyulan_shengqiang.mp4.gz,e350a9184c59919bf83af843ba5e266c
853E8349E73E9F8F20942273C3BAF5DE,811406,res/video/video_skill_ling/ui_jinengyulan_shengqiangzhenji.mp4.gz,3efd4c33dd5fb8936df80689d88bcc5c
7A43F533EB3C5507C74D8A5A8127829E,811339,res/video/video_skill_ling/ui_jinengyulan_shunkongti.mp4.gz,a5fa7298776b2c06cb86c2a022d68974
3E50DC4D1EC7E7E068A85067F0264539,689554,res/video/video_skill_ling/ui_jinengyulan_shunyingsha.mp4.gz,e70c4eb20bc63d8817a73056a128e6fc
48E875EB9C2E6506C6CCE08BA4757D13,447199,res/video/video_skill_ling/ui_jinengyulan_shunzhan.mp4.gz,80dab9795b20d55390d6875bcd191bbf
099FAEE8C0C92B5405F331ACD2921BED,983782,res/video/video_skill_ling/ui_jinengyulan_suiguti.mp4.gz,dbdd321f4c4871982b4a5149de52f23e
DB548DFE210254D05CBB18FA147C1130,616127,res/video/video_skill_ling/ui_jinengyulan_suihun.mp4.gz,ded0746efe22fcfce90cdd8e33d71055
2F7D3B2F35D4F282FC1EACA6542F8CF2,764612,res/video/video_skill_ling/ui_jinengyulan_suixingci.mp4.gz,15871475a010ee80058b9f006eb2d41e
F17B2F7DA653C3444D1BE4B9A24E9C34,544711,res/video/video_skill_ling/ui_jinengyulan_suixingcigai.mp4.gz,9e59658200984f68ec4a537450e46ae7
BDDADA3F66584F74663B5C81A8FF9ADD,694906,res/video/video_skill_ling/ui_jinengyulan_xuanfengci.mp4.gz,05784e8d563158e1399ca3d948954e58
F19EAF4A28139DC38DF5CFA165459E96,1084644,res/video/video_skill_ling/ui_jinengyulan_yinengbaozou.mp4.gz,6186f6277f7fc0538542564934759f9e
6C626DBCBEB76B805803E53486495146,861301,res/video/video_skill_ling/ui_jinengyulan_yqcgai.mp4.gz,f983c48934a1346455bd42b3ce13a404
A26E28339B628D4DAA7436E353E451E5,633416,res/video/video_skill_ling/ui_jinengyulan_yqcgedoushu.mp4.gz,f8afc1263f06ba669c459c2df1cb6718
D3C271CF8BDF8B1513EBB87EF60A7AD2,693437,res/video/video_skill_ling/ui_jinengyulan_zhuihunci.mp4.gz,9a507ee8b54ee734ce572fc2ea5f1435
044D649C8FF79B618124C9E51969F6EC,634772,res/video/video_skill_ling/ui_jinengyulan_zhuizongfengci.mp4.gz,04b9b35000b8105a1610944b830ebf3f
EE01E234259EB053368EAD34703AD4F8,807382,res/video/video_skill_ling/ui_jinengyulan_zhushenhuanghun.mp4.gz,0dce6a4b8ad09f824c00d7645ad216d3
8A1AAB7B2161A52F4AB20D39E32979C7,398818,res/video/video_skill_ling/ui_jinengyulan_zhuyingbu.mp4.gz,241ba261ea400cc470defc95fa96cb4d
AB981D84FB26F305B0633733A3AB0DEF,730567,res/video/video_skill_ling/ui_jinengyulan_zhuyingshasuihun.mp4.gz,b9a8365f32ff92c76b13f6fb635db1f3
54B524933A96498CEF231215076AFB03,786904,res/video/video_skill_shenyue/ui_jinengyulan_aoyishunyingci.mp4.gz,bd98fe286fe8fa67a4e8680a3dc3500a
11701E77B6D01AB7863EDB954E5F6289,793155,res/video/video_skill_shenyue/ui_jinengyulan_baoyan.mp4.gz,259799791e637424efc714620e15b71a
7D9C0D58124B104222438BF47599F539,773652,res/video/video_skill_shenyue/ui_jinengyulan_baoyandan.mp4.gz,850c2840d9582f3f97105a1c0f8fff06
D6A37D5497A28484C0BCA2CC464BE6E2,911681,res/video/video_skill_shenyue/ui_jinengyulan_baoyandangai.mp4.gz,d0e8991c3512555c12a5e7769269c3ff
7E411001B13D67007BCFA8BD4437B34E,1534509,res/video/video_skill_shenyue/ui_jinengyulan_baoyanjian.mp4.gz,112ec0160bb1b884e0ce8dc2cc34eb2e
077E8A68EE96FD42F9E341EB03EFCD63,638744,res/video/video_skill_shenyue/ui_jinengyulan_baoyanjianshu.mp4.gz,5350216bad8a020647b96957a6bcc458
FC2F38EF81320695E60146080210E1DE,734289,res/video/video_skill_shenyue/ui_jinengyulan_baoyanzhan.mp4.gz,7d37319423a750a601d888daa56731a8
E7148ABFED7DCD9408369E4CD9E6A7A0,846981,res/video/video_skill_shenyue/ui_jinengyulan_cangliushuangxingzhan.mp4.gz,375fa67e8263f242d6f1405274a0c6a5
519FB107BD4924E15C47FED282C7D5CE,782841,res/video/video_skill_shenyue/ui_jinengyulan_cangyanbao.mp4.gz,9533e817448a4134976640f5f339783b
2A8FF60CE7814CB4C31E7C581AB6756D,881098,res/video/video_skill_shenyue/ui_jinengyulan_cangyanbaofa.mp4.gz,b3393817467373a6ec98bead1016b5e7
B01B72DA559227B16C004392A24C69FC,1936347,res/video/video_skill_shenyue/ui_jinengyulan_cangyanjinmie.mp4.gz,75a9316dbc80a418343849709f2f347a
9508C35990E292DC720B31CEEC373DD0,836076,res/video/video_skill_shenyue/ui_jinengyulan_cangyanlie.mp4.gz,f1af2f67c397c8d0e2039ee1cfee635e
61E5CAA8872F356D5D3BD772DD6B594A,710850,res/video/video_skill_shenyue/ui_jinengyulan_cangyanpo.mp4.gz,1a36f9589aa744d48281bfd6cf5fe759
98B08F07E895CF074B682DD2274CFD23,817847,res/video/video_skill_shenyue/ui_jinengyulan_cangyanpokongzhan.mp4.gz,e8a7b50057c7f9bce76c1b2e8dc87abd
5976CE85558998AB2EB4BD6855438117,723737,res/video/video_skill_shenyue/ui_jinengyulan_cangyanposui.mp4.gz,b39b7ed5fe1d6383de1c12f6874113e3
7A4CA998A7F06C459148D04207276CDE,837719,res/video/video_skill_shenyue/ui_jinengyulan_cangyansheng.mp4.gz,12d7f0c11df40337a7e7ded4e1e5d2cc
5F401215E1522476A16BB287E1AAE2BA,819320,res/video/video_skill_shenyue/ui_jinengyulan_cangyanxuanfeng.mp4.gz,e595168560f9f942415cd8262c42a3af
6E17D3D7029E36EA80FDF6BF1B374444,999826,res/video/video_skill_shenyue/ui_jinengyulan_cangyanxuanfenggai.mp4.gz,0f41b1394be205fcabca8218fd8d49dd
B252154F3B0BF90574E5171C6A71B38C,1076246,res/video/video_skill_shenyue/ui_jinengyulan_duochongbaoyanjian.mp4.gz,bf85df2f02e67ca793d8ba7bbbb2e28b
BCC821B3B1EF70AE574C1578C5588ECE,683868,res/video/video_skill_shenyue/ui_jinengyulan_fengyantianxiang.mp4.gz,734cdbf3af5f9fb311e29308161efa3e
C1F7484E955EDEE7C5823DE3F1ABDED8,758098,res/video/video_skill_shenyue/ui_jinengyulan_huanyingjian.mp4.gz,a7f95b8c78dcc915927bd010f2e70149
44D468900E3844EA51AB47CBFC01E054,700306,res/video/video_skill_shenyue/ui_jinengyulan_huoyanganzhi.mp4.gz,65e56889c5892c0ae914beaff4119c4c
CDD59A17E3877D6E0CDC1DF59CC00AAA,745784,res/video/video_skill_shenyue/ui_jinengyulan_jijueyingshan.mp4.gz,d45f9ac98984318003a99bbb69cba657
4D7A0DB08955EDED1BDD04EC0D733AED,714716,res/video/video_skill_shenyue/ui_jinengyulan_jiliedizhan.mp4.gz,ea80a0255a254a8566f66fd603063bd7
ADC3E4F90629CBA0EE5A9D672191343D,449318,res/video/video_skill_shenyue/ui_jinengyulan_jinjihuibi.mp4.gz,a3431d797ad6032566b8fa316b3cc966
5D66C986C218885F5BCFDD33E6B8D38E,760668,res/video/video_skill_shenyue/ui_jinengyulan_jipokongzhan.mp4.gz,6e937630decdfc7d288bcda242239f7b
30F7B41BF2DFDB5F5EBB711239DDDA0B,534009,res/video/video_skill_shenyue/ui_jinengyulan_jishuangchonghuibi.mp4.gz,fe258446de571ffaa1be81950d035ec0
FB44C777A6824EEEE7C64A59B61A99C7,927106,res/video/video_skill_shenyue/ui_jinengyulan_jishunkongzhan.mp4.gz,8a79085a89b61d3929deb9620dc1ec32
CD16F65E5566373066763338DEF81948,846318,res/video/video_skill_shenyue/ui_jinengyulan_jishunyingshan.mp4.gz,97c59caa83f4567b1eb5a31728e6e9d3
77598A9FCB0BFFBE1DE02728CB6951DC,899122,res/video/video_skill_shenyue/ui_jinengyulan_kuangyanxiaokongjian.mp4.gz,d911c57804d799e890c8c674483930b2
7F93F8C5AD106C4D17C640D3981CF4BF,682769,res/video/video_skill_shenyue/ui_jinengyulan_lanyanbati.mp4.gz,7d48ae50e7d9aaaf19c938db1a392803
4A4A79D6FC5E673FBF9BA6E3A620E5E5,489445,res/video/video_skill_shenyue/ui_jinengyulan_lanyanhuti.mp4.gz,084a1ce6e3f9318c2458cb33b5233098
0410E300B08DDEC77F3DF62A5E848F8C,570126,res/video/video_skill_shenyue/ui_jinengyulan_lanyanqunhu.mp4.gz,06bb5244e7db0f2be684de8908a1dbb9
CC46E36E7D74D0812D63C517E3C0F713,1016800,res/video/video_skill_shenyue/ui_jinengyulan_miekongzhuixingjian.mp4.gz,b87efc2bdc63e7a0589eaea49957960b
E848E6DCFBC4305DF1A3F3FF40804A61,794265,res/video/video_skill_shenyue/ui_jinengyulan_poqiongcanglongpo.mp4.gz,1054dbe6b35316ccfe42f039dd240306
FF0096D3F2423AF67ED6EA75DF7E0687,1114030,res/video/video_skill_shenyue/ui_jinengyulan_qiannengchaoyue.mp4.gz,edda35faf0cf8a079ec5d19437999960
1A3FD2CAA1FBD10AD444733FB74B20C3,589782,res/video/video_skill_shenyue/ui_jinengyulan_quanshenguanzhu.mp4.gz,66686396e71ad3ffd4f32a663a3b1a7a
DA8B3B4444825D5EC5EF2C46E7EF1630,664372,res/video/video_skill_shenyue/ui_jinengyulan_shanghaijiashen.mp4.gz,a0fee4b213c101e8adc7c7eaad411dee
E8A8F776F1E211E44948D983EC1CEB65,775268,res/video/video_skill_shenyue/ui_jinengyulan_shikongzhan.mp4.gz,0cb8d03871bb21a858baca4ac35b10f1
D91A9956BCCD023FA40FBA97C15B6BFC,738266,res/video/video_skill_shenyue/ui_jinengyulan_shunkongzhan.mp4.gz,3d2b057d8a018d3d0d1b9cb9013b19f7
9E4E3DF100922448EA1EFB589EC119DB,1245078,res/video/video_skill_shenyue/ui_jinengyulan_shunyingjian.mp4.gz,681a7633e4156abb5b3b2248d166969d
D1DF160CB4CFCB62A11B3B3A7CF84A26,787515,res/video/video_skill_shenyue/ui_jinengyulan_shunyingzhan.mp4.gz,644e0c4b452f27911f0b9732d3ff1681
4D869C1B37FFD2FFB3A6489EE4C2448F,447930,res/video/video_skill_shenyue/ui_jinengyulan_tuci.mp4.gz,9f5cedcea329df551b90b496f3ca338b
57A3B47958DD6342C0847421D1100A2F,631150,res/video/video_skill_shenyue/ui_jinengyulan_xinghenji.mp4.gz,44f9db825a06830268485d63ba04221a
E072D5E96C7C03E7C2410830308705E7,858679,res/video/video_skill_shenyue/ui_jinengyulan_xinghenjianshu.mp4.gz,f53fc97b238dfd2c78585f3d0b6a7366
E3CF61AF587D1C192CF284B0DF46911B,838835,res/video/video_skill_shenyue/ui_jinengyulan_xinghenliulianpo.mp4.gz,111b0d9f62cbb2c96e56791f4fb50771
9385D502DDBEF74D68F4F77752C7CCC5,864545,res/video/video_skill_shenyue/ui_jinengyulan_xinghenliulianzhan.mp4.gz,a34d89757743c6457f5688ede078ef49
49D10777170DA175C9CDAE94CCA60FA8,761594,res/video/video_skill_shenyue/ui_jinengyulan_xingmanghuanyingzhan.mp4.gz,2bafb1a83a090b3e56f23ef4ba41e3bc
9AD4C07D71C7EE654CAAFA94B793010F,7631081,res/video/video_skill_shenyue/ui_jinengyulan_xingyaopokongzhan.mp4.gz,2dbafcf4701c84ccce34032b77e36635
6D06AF1F8142F668A51B9B2A18C1C362,829149,res/video/video_skill_shenyue/ui_jinengyulan_xuankongzhan.mp4.gz,e66f58b9bfedffa0e87fe033de4b611a
600C071B2FEC71398F986E570D6D5633,629117,res/video/video_skill_shenyue/ui_jinengyulan_yinmangxingyunzhan.mp4.gz,4fede4dde55f240e300e6be5c868e30c
4DBF49A10DD0CD89E1AC6B0FA76B4828,848915,res/video/video_skill_shenyue/ui_jinengyulan_zhenbaoyanzhan.mp4.gz,05e5a6b8062c48a899d8d85abc92cdf7
914DFDE27DBB6F71F4816E68640D52BE,819767,res/video/video_skill_shenyue/ui_jinengyulan_zhuixingjian.mp4.gz,e15aa2b9027a0124ff90fb87275d0937
62C70F3531970EF4AA800DFAAB8BAD40,1703351,res/video/video_superskill/ui_aoyi_haotingshenghangye.mp4.gz,cfe52565334ec65fcef15c261803ff98
D634A70686356A0D05625B2E245AE93E,1502120,res/video/video_superskill/ui_aoyi_heiyanchaodaopao.mp4.gz,548148e87b02663a8597b46170e499f1
A6C32F8E7CF917834B9C5DE75F1CDDF7,1417239,res/video/video_superskill/ui_aoyi_huangxingzhimo.mp4.gz,3d8752505754cfcbc4523f5c95991939
9081858E7E2CEC95F5754E955ECA4934,2315262,res/video/video_superskill/ui_aoyi_kongxiaolingyu.mp4.gz,6e28f148bc29d54986fe8ec345df202e
E4611FA05361F6D40E88EC62677DB7F2,1529116,res/video/video_superskill/ui_aoyi_lilimu.mp4.gz,f6f6452a61ff87b2b05bcc692475002d
B4005E976E4D8A30ECDFB25C3D0DE599,1602031,res/video/video_superskill/ui_aoyi_limingjianglin.mp4.gz,b313f4b0fddd537df5bf15e5de275899
02F83C9ACF23F01CC10F2894AEFB7F7C,1061729,res/video/video_superskill/ui_aoyi_ling.mp4.gz,76cd7180d5055c35a7f92febb1158637
1D3F92812B21C935FF36687C2160BF32,1796989,res/video/video_superskill/ui_aoyi_luoyingjinghuazhan.mp4.gz,691fbe1dddd44098e9a45dcbf65f09b2
9B96EA4A22FBBAD236BB20D109262C25,3221602,res/video/video_superskill/ui_aoyi_qingdianshuangtian.mp4.gz,e7b468e747a9d2b2ee20f0d2eea570cf
259FBFF91D3E9663979C01AA7BC57886,1807655,res/video/video_superskill/ui_aoyi_shixueheiman.mp4.gz,6a5330ff4dae935733e0d4f89b6c7fc9
537F865BBA7D78DBC492FA9700136B5C,1623921,res/video/video_superskill/ui_aoyi_wanxiangtianyin.mp4.gz,fe38b2200ea41ff84c178f46252c53dc
C96D35128FCFBE2565E73096672D4FEB,1234656,res/video/video_superskill/ui_aoyi_yanlongcangyanpo.mp4.gz,6c34e25e460f5ad817aff0c71f82cdc2
D99F0B41BBE576C4CAF53CB6F2588B9C,1456436,res/video/video_superskill/ui_aoyi_youminzanghun.mp4.gz,af845854ca9f92b462b043aff7e5582b
56F6BC1C82CB75E4388FDC9DA05C3D03,2090066,res/video/video_superskill/ui_aoyi_yuanzidaji.mp4.gz,2cacf5bb070d1beca7275d3382f451bf
0DED9E74FC75D3B75419E62BF208849F,1730515,res/video/video_superskill/ui_aoyi_zhutianshenyao.mp4.gz,57f36cde1a4c3c0e7f9bd76e47cbc42e
29372274AA657BBE11BCB9F8439BBC6C,2163351,res/video/video_superskill/ui_aoyi_ziyunmeiyingjue.mp4.gz,203990b5a5c8ce897dad5f4d8d3bf36c
4A26CBAE47EA0D2D831EA1CF31C152BC,267,res_zhcn/animation/buff/tx_fengyinjineng_buff.atlas.gz,770965d1f931b17e038a5c3fa96a3c6e
2DFAB6F4E276A49244413BAAC4557A4E,503,res_zhcn/animation/buff/tx_fengyinjineng_buff.json.gz,2189123fb81798447df9cf402dd808f4
038BC816C9AE57C3C791412A4A4E2A18,14467,res_zhcn/animation/buff/tx_fengyinjineng_buff.pkm.gz,cdcd3e8291d2a409b903bff077280d76
3926BC3D23A515530E9BAC37BE4A85AA,14183,res_zhcn/animation/buff/tx_fengyinjineng_buff.pkm@alpha.gz,82cf11222f15449b06ee74b2637d55d2
85D1C347853887970B73C5B9AB3C0CCF,474,res_zhcn/animation/buff/tx_fight_daodibaohu.atlas.gz,52b98f6d1ea303a8b6b75b879b1ceedd
529C5C079A0AFC95662D7EBDFD81706A,1727,res_zhcn/animation/buff/tx_fight_daodibaohu.json.gz,ab16deaf65e8c34d50ae3fb888046be7
348030C27C94A47074B0AEE444CB0E27,4795,res_zhcn/animation/buff/tx_fight_daodibaohu.pkm.gz,fc12d5af663673188bc3a5c90e9dc53d
B20A94EBCEA07862B7F5211A6629D0B7,3529,res_zhcn/animation/buff/tx_fight_daodibaohu.pkm@alpha.gz,f9fe34a05d629eb66ac20ffd1a4893dd
118B260C219446E3F4485DC3D0631766,475,res_zhcn/animation/buff/tx_fight_fukongbaohu.atlas.gz,3f657f564b7181bb948ce4196ad70e6c
C4EB2DA71DCF014B7CEBE06E0BA9FA4C,1748,res_zhcn/animation/buff/tx_fight_fukongbaohu.json.gz,7c64562d4cb7b7241421b27eb5191e98
9F880D0A43B7BB8B7F9BCD209A56C7C9,4798,res_zhcn/animation/buff/tx_fight_fukongbaohu.pkm.gz,9fb9b4e4660a33762addb4cd55567ac4
A83B64A128E2126B0F120BD5E8A0427D,3504,res_zhcn/animation/buff/tx_fight_fukongbaohu.pkm@alpha.gz,36219d1fe49b0f4db0650094a5cf1f3d
FC35B5530EDBEDB42AB3821D7E6FA3AE,468,res_zhcn/animation/buff/tx_fight_xueliangbaohu.atlas.gz,9ac1af929a7b660b64877f96d7f8c194
2716B6F7CFC5CDEA32CDD961964C0809,1738,res_zhcn/animation/buff/tx_fight_xueliangbaohu.json.gz,e3e2df4c7dbeb9e2d8ff4313ab76a33f
15CBA94DE78B5680DAEA752A0A78CF85,4786,res_zhcn/animation/buff/tx_fight_xueliangbaohu.pkm.gz,fc58032c331301d54e5467f50b078586
66B2C88C3F64C2C79B996FB456EFF7FD,3481,res_zhcn/animation/buff/tx_fight_xueliangbaohu.pkm@alpha.gz,d84111207212d786ff6e4b3c5f27ab23
3D074779A8D7E5C53E2ED377B3B7C173,484,res_zhcn/animation/dialogue/rw_duihua_ailin.atlas.gz,89fbfc2716eefa3185d6c4f28c6003bf
A06285B597E1ED47D8665A5D4E52E3A1,919,res_zhcn/animation/dialogue/rw_duihua_ailin.json.gz,56f429eabe8b26410320de925cf7e867
E337A08C688CDB4E95DA06D31C6D4A8A,311797,res_zhcn/animation/dialogue/rw_duihua_ailin.pkm.gz,632f4444074b2b82c883f142f725d4b4
E1B8081C649C275623FE4672F823B43C,64542,res_zhcn/animation/dialogue/rw_duihua_ailin.pkm@alpha.gz,9217cf4a55b3318381ffa62c11209e14
FC643D74CABACB7F47111590F8AB56C0,488,res_zhcn/animation/dialogue/rw_duihua_ailin1.atlas.gz,53fb0f56f0a128be6de01f188402b10f
67F24F65756BF8F53C1EB386E1B52402,919,res_zhcn/animation/dialogue/rw_duihua_ailin1.json.gz,56f429eabe8b26410320de925cf7e867
91A5F652FFB5F90B32D46B12A6ECF20B,311797,res_zhcn/animation/dialogue/rw_duihua_ailin1.pkm.gz,632f4444074b2b82c883f142f725d4b4
12EE9A8F3C3C53FE958C9E0736102E0C,64542,res_zhcn/animation/dialogue/rw_duihua_ailin1.pkm@alpha.gz,9217cf4a55b3318381ffa62c11209e14
627A726C9A64534DEF2C9B8EEA338E18,313,res_zhcn/animation/dialogue/rw_duihua_ailin2.atlas.gz,bc9db9be0ec21556f23092fe4df4cb08
71A775DE4E558FD6BF7CD2A11225B79D,797,res_zhcn/animation/dialogue/rw_duihua_ailin2.json.gz,f8fb3ec04e0f1f573f07003108a9ad14
CA6547E42EB7980EA5E36F0CCED27FFA,527621,res_zhcn/animation/dialogue/rw_duihua_ailin2.pkm.gz,7cd2ea7280899d73a61206e3984bd2a6
CF7F5E8125E621BBBACF2B7B8346139B,181960,res_zhcn/animation/dialogue/rw_duihua_ailin2.pkm@alpha.gz,5ab24c70ec2ed304bfcef0244064445a
9FB35A01CD50E36F73C56AE2683C874F,313,res_zhcn/animation/dialogue/rw_duihua_asilandoumao.atlas.gz,29db49310a77fba8cfac790a426d39f0
E0C2468483E01AA41AB82A2785DAB9DF,845,res_zhcn/animation/dialogue/rw_duihua_asilandoumao.json.gz,f45714a9166791be185f44e4b0490493
602DC6B2406393B50AB4B21AA739818F,149072,res_zhcn/animation/dialogue/rw_duihua_asilandoumao.pkm.gz,f830b5de0b0a409169abe98d8c872b0e
51EBBF758CABFD1F7E6B89C2C6D633EF,50822,res_zhcn/animation/dialogue/rw_duihua_asilandoumao.pkm@alpha.gz,dcce949526281d77daa6cf3e07bbb7ff
ABE022066A29AD287C60ED4C9FDCC8E5,291,res_zhcn/animation/dialogue/rw_duihua_dakaer.atlas.gz,cdd2c277d05273a77fbbf72d0a7cb3a3
AB751787BBABFE34379F2E6F9919D06F,653,res_zhcn/animation/dialogue/rw_duihua_dakaer.json.gz,33ac925e1cdc70fcbd2999912d5736ba
F49C28657536D2E6DD0A71EC77F8E862,191627,res_zhcn/animation/dialogue/rw_duihua_dakaer.pkm.gz,8f3600cd7fa420a860fdd256c3caf3a5
8B57A9DD11652FEF7E1CC8E9ADDE2620,44923,res_zhcn/animation/dialogue/rw_duihua_dakaer.pkm@alpha.gz,023daf3a739217fefb6f96ec3fee9dde
80468E59614A9CA3B3B1214FD2AB8ACA,285,res_zhcn/animation/dialogue/rw_duihua_daoke.atlas.gz,017f969507cc3c906d282d88b4286c0a
7E14ECBA33E66E61B588B77C54A4A94D,753,res_zhcn/animation/dialogue/rw_duihua_daoke.json.gz,fa0a8b5570e44a0052c7128e4b82df7b
FC6289BBB3A75B3F87B0B3E0FE525D41,235010,res_zhcn/animation/dialogue/rw_duihua_daoke.pkm.gz,00596da81256cd94f426c8d769ac0a7d
1CB68A80948B285DE419A4A20EB6CA2E,38394,res_zhcn/animation/dialogue/rw_duihua_daoke.pkm@alpha.gz,e039ca404526d32e1272cefff36a2a60
D23CF1A7D1DA2B5144D2AD693E493611,288,res_zhcn/animation/dialogue/rw_duihua_dundaolong.atlas.gz,cbe645ede9e3e06054a5c5a563b16f08
58834651B0E44D73639BC02FB8D262CA,744,res_zhcn/animation/dialogue/rw_duihua_dundaolong.json.gz,f5f8b75c2c3ed17f8ad80f55dcf45463
7F436182950877AA6CB5C03469686D6B,90408,res_zhcn/animation/dialogue/rw_duihua_dundaolong.pkm.gz,4571acbaf2460592615c774869052af2
9B1E01EE3EE8BA4C4D29320908191EC1,30695,res_zhcn/animation/dialogue/rw_duihua_dundaolong.pkm@alpha.gz,a66b6eca24f8422258c67d11ca8e8a1b
F031642F5F609AAB22F4475C5BB755AB,278,res_zhcn/animation/dialogue/rw_duihua_feilong.atlas.gz,4b7407346497105a3d4d751023b80f43
CBC860F0093A322E08E8FBE41B8A002F,750,res_zhcn/animation/dialogue/rw_duihua_feilong.json.gz,66bc174957c17f4786f9ba45411c4c7f
0B22DEEBF92E228A138F0990EF02BC9D,94985,res_zhcn/animation/dialogue/rw_duihua_feilong.pkm.gz,7dd124589e72d18690a078c65d59bbd5
4F5F4A906C5DDD22F7A8801FFA243E3B,47028,res_zhcn/animation/dialogue/rw_duihua_feilong.pkm@alpha.gz,4109942e4e1d1c54fc241e20ffcafeb9
61DA464255C185BDA7C0B951F4428F0A,290,res_zhcn/animation/dialogue/rw_duihua_gumiantiequan.atlas.gz,3b1800a9f8a7a88f87f237a1e9e166c4
CECCD5D6E75D28AB29C90ADF47057749,749,res_zhcn/animation/dialogue/rw_duihua_gumiantiequan.json.gz,fb95637c4ba5dec40fdb23bf249c3f02
02449206A8EB2D575C77DD0693A81E28,73548,res_zhcn/animation/dialogue/rw_duihua_gumiantiequan.pkm.gz,a32fbd80faf3297f186eb4c8d5bb0bc6
92096B903A56BA341E2723177C49FF13,21097,res_zhcn/animation/dialogue/rw_duihua_gumiantiequan.pkm@alpha.gz,31bb3aad3999e3b65ea586e4ee8888f5
F664D042A62F9C73B5693C883F1764ED,318,res_zhcn/animation/dialogue/rw_duihua_jiaofu.atlas.gz,52355bfe815f9ef34a0cf4da3ef19ac8
4E025CB7A2C6BEBBD639A434B04F78C3,793,res_zhcn/animation/dialogue/rw_duihua_jiaofu.json.gz,1601fc9a62e962e4d2cdfff4c527c002
3AA159F2F0F0C636EB27ECBF37A59AC3,160939,res_zhcn/animation/dialogue/rw_duihua_jiaofu.pkm.gz,51a12aa89d3e5e35eb1b09112a325805
C32370FAAA640409D504E4FB452C6844,27006,res_zhcn/animation/dialogue/rw_duihua_jiaofu.pkm@alpha.gz,7a68772b09706ee9430fde6e62e64c0f
B762A9A4E02E2819A62EA74B6732C906,319,res_zhcn/animation/dialogue/rw_duihua_jiaofu2.atlas.gz,4822d30ba11cbb75c1eb8b1522125383
E31507A87E41D49713564F481A3B878C,793,res_zhcn/animation/dialogue/rw_duihua_jiaofu2.json.gz,1601fc9a62e962e4d2cdfff4c527c002
FA0B33CDDD4923F1B429821254816615,719749,res_zhcn/animation/dialogue/rw_duihua_jiaofu2.pkm.gz,7a5e050b939e2ebb34ba6c94f726058a
78C0306AFDB279D344CDA23D8715D8CC,114263,res_zhcn/animation/dialogue/rw_duihua_jiaofu2.pkm@alpha.gz,d91fc3f9ecfa3e032611bd17669fa3eb
F1EE016608541A5B1F8B4A4118EAF099,275,res_zhcn/animation/dialogue/rw_duihua_jiduokalingzhu.atlas.gz,1fdfac2563659534a06c499fab1f0df5
79ADA45D954C99960566A809DF779FC1,747,res_zhcn/animation/dialogue/rw_duihua_jiduokalingzhu.json.gz,7ecd0188a13aa85b25679a15fc4abc3d
77DF8FFBE5DF5577C70F912640A9A11D,48104,res_zhcn/animation/dialogue/rw_duihua_jiduokalingzhu.pkm.gz,ce8be9b2a304018933e77a81b7f392b3
99E14362BB7414E971B37CA4E725E611,18418,res_zhcn/animation/dialogue/rw_duihua_jiduokalingzhu.pkm@alpha.gz,3d7c2199aa7814918ba9f321c4345c78
343584F7E5F049A9382AA24E9BF0E278,278,res_zhcn/animation/dialogue/rw_duihua_jumoduizhang.atlas.gz,1473f15a0e685b5d7659f59e8a8aa440
FC49E7B98C381DAB1F284F95380E5AE1,741,res_zhcn/animation/dialogue/rw_duihua_jumoduizhang.json.gz,b5a56564164300d6523a42b5ceb06b75
1369FBE199D3DA0FF2F3B2DE0031E8C6,84350,res_zhcn/animation/dialogue/rw_duihua_jumoduizhang.pkm.gz,9270ba6c9267fff044f38e5bb9086ad2
830F49087B0E3661F3EA120FA80650F1,22288,res_zhcn/animation/dialogue/rw_duihua_jumoduizhang.pkm@alpha.gz,e18ed0361df0dbfa94d4630ff5c34cb9
4562386EAB180FBB857EAF61AD6B3AB9,512,res_zhcn/animation/dialogue/rw_duihua_nvdaqiang.atlas.gz,b8d987655cc2bd06f0e34b194f4de809
E9C117C0423EBE4E4A15C353808AFA5C,922,res_zhcn/animation/dialogue/rw_duihua_nvdaqiang.json.gz,bddb116542af75e5752074a9c4b98d78
CC8B71B65923B4AADA6C49DE0CD07F5C,935289,res_zhcn/animation/dialogue/rw_duihua_nvdaqiang.pkm.gz,35940ae7568ba7ebce29730bf3ba17bc
D075712389BF6FFAE5C7FEBE97D30815,110376,res_zhcn/animation/dialogue/rw_duihua_nvdaqiang.pkm@alpha.gz,5ce605d878e36e8035e4eecd2ed264a0
DEB67128A1E3F95B7F88D825F299D1A2,456,res_zhcn/animation/dialogue/rw_duihua_shaye.atlas.gz,3f2a247999f65fecfca0a8fa7c07f81f
807ACA08A4841B9579B0EF6CDA2D9338,893,res_zhcn/animation/dialogue/rw_duihua_shaye.json.gz,2d94c6fe166832ad12369d07e4c42e97
BEDEB979D3A3340E7165DF3AE305128D,308150,res_zhcn/animation/dialogue/rw_duihua_shaye.pkm.gz,9847f3cd014d968ddd89c8745c9b747b
DDAD289E8F7DD847E98BF99D9B1CB670,70380,res_zhcn/animation/dialogue/rw_duihua_shaye.pkm@alpha.gz,29c0a38fcad65e701431f9c8224a41b8
C7573694A150DEADB58ABD4CE2D2E1A2,287,res_zhcn/animation/dialogue/rw_duihua_tanglang.atlas.gz,706e7ac934a16584089fcfb17e0df0bb
FAF15CD30F745ADC9A129CBFFF89D681,740,res_zhcn/animation/dialogue/rw_duihua_tanglang.json.gz,25d17bf222871e6b2a47d869cf072b76
D14EF6C65601CEE7749ABC86A73FE1BA,84250,res_zhcn/animation/dialogue/rw_duihua_tanglang.pkm.gz,304498b0f01a70306e42025177f6bccd
3EC8184E940D1EFFF11D9DFA353FD86E,26843,res_zhcn/animation/dialogue/rw_duihua_tanglang.pkm@alpha.gz,b6e30c2e09bfd9c258dd1392117f8727
511815C2A7FBBA1FCABAB7CBFF71340D,310,res_zhcn/animation/dialogue/rw_duihua_yamei.atlas.gz,84383649033d45e63010958a2de6cd96
B38AA59159B47A2FE4671F541701053D,837,res_zhcn/animation/dialogue/rw_duihua_yamei.json.gz,0f1b5edce663c8952819b1354acf5055
18A9D5431B39DE5CE94C0523E1D31E03,188632,res_zhcn/animation/dialogue/rw_duihua_yamei.pkm.gz,db2db77f4b31bfad0aa91c036ecc5921
B9646763EF47DBF605983EA7706AF3F8,49634,res_zhcn/animation/dialogue/rw_duihua_yamei.pkm@alpha.gz,e2c61388c2e346b1b45b841e5cb5e435
A45516E227718A34D386A16BE4040EC9,279,res_zhcn/animation/dialogue/rw_duihua_yinglie.atlas.gz,b336cda9ac4ee6a6bf6342f70013a735
D46A6B48693541292A8EAB0564C3CA2D,786,res_zhcn/animation/dialogue/rw_duihua_yinglie.json.gz,0180b3b10a6eea07d7f76335c057c0fc
72FE6AC71270F9BDC6C84B068C4F51B6,163148,res_zhcn/animation/dialogue/rw_duihua_yinglie.pkm.gz,41f394c78b22d259216ca64e509f2bee
363E1A4B4BACB201E4FA5435B1BBD6C5,33463,res_zhcn/animation/dialogue/rw_duihua_yinglie.pkm@alpha.gz,3e0dbbc2ac38c239c1321b7d91d7a6ea
3CE1F63A1C1273349C90082CA70BD46A,488,res_zhcn/animation/dialogue/rw_duihua_yingwang.atlas.gz,0f8cf1f4569519a0e368517d46c441ec
FB84D354C3A46EDCDCFDAF2722E8031E,951,res_zhcn/animation/dialogue/rw_duihua_yingwang.json.gz,e7d467fc7d6f0cac662915baf12d0cee
39375C98B10E74CD7E178039EC5E9666,178991,res_zhcn/animation/dialogue/rw_duihua_yingwang.pkm.gz,bb413f3427dd902e3aaaf3d4ca921c79
4A8D3A6B3ED3F03F2F69DBAE2CFDF597,41992,res_zhcn/animation/dialogue/rw_duihua_yingwang.pkm@alpha.gz,4f369be0c35d9f2c621b3ba1153c5536
0996B3ABEB161297CF42A71C382A515F,277,res_zhcn/animation/dialogue/rw_duihua_yujin.atlas.gz,a1d1b60f293b06671998a5499ad7f566
0C4CBF2ECDE539A8B0905CF1CEFE125C,746,res_zhcn/animation/dialogue/rw_duihua_yujin.json.gz,65c601724c70637f9d08177dd307e003
844D36113C5078FDD5E51D3A0CF258D7,43553,res_zhcn/animation/dialogue/rw_duihua_yujin.pkm.gz,7a7b23f0d3b1a1699c168e1125cc8510
C7498099CF3FBEA45A1C78974FE68524,21433,res_zhcn/animation/dialogue/rw_duihua_yujin.pkm@alpha.gz,d07b6c280bc540f7b73363b4e88449aa
CD2467143ADE6A868DA4CE6A422505B6,523,res_zhcn/animation/dialogue/rw_duihua_zaochuanlian.atlas.gz,f8ea7b54f3d2f107449ca8d0b66fc1e6
AA12A50A8FA0AB868B1E330AB79E25A1,1091,res_zhcn/animation/dialogue/rw_duihua_zaochuanlian.json.gz,a89cbda79fd7307e94a3ad7fe357c09d
A76F993B9684FBAB26DC0653BA9CACC6,204873,res_zhcn/animation/dialogue/rw_duihua_zaochuanlian.pkm.gz,8519d5dc3e3a1861c2b7212092c1016d
74B87151969C098716CBB918C3CA1E13,56535,res_zhcn/animation/dialogue/rw_duihua_zaochuanlian.pkm@alpha.gz,e2f425f5ad543e87330ccaf41af91d3c
CD248DE21D528023F67CB362469A747F,283,res_zhcn/animation/dialogue/rw_duihua_zhangyu.atlas.gz,5a08c953864b82b49095342aa9be8516
F26E84FB00CB6B3EA775C3B75691F5AF,736,res_zhcn/animation/dialogue/rw_duihua_zhangyu.json.gz,2c9306f8bd5e4f7d0e737c63a9922321
268D317661B37C294E3EE0345B84A48F,59580,res_zhcn/animation/dialogue/rw_duihua_zhangyu.pkm.gz,95d01f315f7238baa8561ec4c83f3d2f
439B9749138DB77038CDE43935C6BBAB,21071,res_zhcn/animation/dialogue/rw_duihua_zhangyu.pkm@alpha.gz,43aaf816c6aeb868a311b1e9483332c5
3C503A137E817583E9955CF5CA20FF8F,384,res_zhcn/animation/effect/tx_anquanquyu.atlas.gz,70c5f7eab047885405932889bf565f6f
775D96762CCC1B944162028E28FC7DF4,1239,res_zhcn/animation/effect/tx_anquanquyu.json.gz,1340090a1131e21c3dbed5d177460983
C16EBA7D4C70710A93664E02A19DACFF,49229,res_zhcn/animation/effect/tx_anquanquyu.pkm.gz,2be9316777d5a4ddb2607c2a191afba9
479C1BCBF637B3634C8A66512E4506A6,48552,res_zhcn/animation/effect/tx_anquanquyu.pkm@alpha.gz,c546662283ce58dd1f141ff911c97667
B9A09E36730F68E76E1D964258D0AB63,1627,res_zhcn/animation/effect/tx_ling_yuanquanzhan.atlas.gz,4836682b3496eb3f8731c4e75654e995
76162B9687725622E49D7D6E6AF52BF6,3419,res_zhcn/animation/effect/tx_ling_yuanquanzhan.json.gz,0ae32ceb003aae6392422a9833955859
A9F27671C5B448952013EBFBA2511129,480206,res_zhcn/animation/effect/tx_ling_yuanquanzhan.pkm.gz,109d1dfe106ae72c7d2bfa39e725a20f
88C17653348E156C04E41A2C581EDF01,512778,res_zhcn/animation/effect/tx_ling_yuanquanzhan.pkm@alpha.gz,65df2fdbad06b036c0bdd4e8e8f07acd
CE99A8F04D80D0F09ECFADECC2C8BDF9,1608,res_zhcn/animation/effect/tx_ult_daizuiyan.atlas.gz,2f057baa9c409a0f40949c20cb42f947
A81160D8E0F4D6DF787E1DC1DEF8E53C,46771,res_zhcn/animation/effect/tx_ult_daizuiyan.json.gz,99933e2e7854364d1bdd38f2471897d4
057AAF3F559D228EFC7003FB5DF282CC,248767,res_zhcn/animation/effect/tx_ult_daizuiyan.pkm.gz,5db7ba6b3844e3f0ab2271f176652718
06C7D2B71D4453309D41CFEC68928052,170526,res_zhcn/animation/effect/tx_ult_daizuiyan.pkm@alpha.gz,20155277eaa15ce0acac9213930db1fe
C71F46B26C83B3D5171D8172E4A71A79,1085,res_zhcn/animation/effect/tx_ult_dutengnv.atlas.gz,9a751869a2fb9e0023dabc7df19dcbbe
1A5911A58624C10D3B6FD31E78267BF1,34795,res_zhcn/animation/effect/tx_ult_dutengnv.json.gz,071c00a715235806b037a6a932bc0d5a
02C4B32ED651326BD7A51ED452240211,414523,res_zhcn/animation/effect/tx_ult_dutengnv.pkm.gz,909274d82f54a2eaa49c3214b2b23e10
AD60174005B495B6BE5C3186CE6827B7,123289,res_zhcn/animation/effect/tx_ult_dutengnv.pkm@alpha.gz,4f0acfec3415491c08892aad241bf664
EAB268BF112E11F5E22420BBCD4D0BA9,1884,res_zhcn/animation/effect/tx_ult_lilimu.atlas.gz,ea4501b4968af4094c32e19e48f201d7
600FFC13491E9DCFE1E2A7933B51D2FF,42543,res_zhcn/animation/effect/tx_ult_lilimu.json.gz,a0574018422558a924283552c878f2d1
75CC4E4EE2DCD8061156B2D81EE253D2,481071,res_zhcn/animation/effect/tx_ult_lilimu.pkm.gz,a033fa19bc19eb79174be452205b524e
C4EDFAC36FBD267BA4B6A7BD9A41BE04,336469,res_zhcn/animation/effect/tx_ult_lilimu.pkm@alpha.gz,1aa0826bb16034f5efcbe64e8bc2d95d
4E8BF07C1BC5B929C9B338F0E794F0C9,1624,res_zhcn/animation/effect/tx_ult_ling.atlas.gz,94e9ecac77eca5a015200ae449fa1d57
EFF4C1F7AB137042BF38E12640A7135B,23593,res_zhcn/animation/effect/tx_ult_ling.json.gz,3ef9863cee8a470d81b82002b3da3abb
642A37D4C4484BA7E5FE340ACE2111BC,745518,res_zhcn/animation/effect/tx_ult_ling.pkm.gz,f29b6d35922f6c2e93ba45ca8ac3d245
B6A468284B7D32AB10B1A0C30A6AFD81,506098,res_zhcn/animation/effect/tx_ult_ling.pkm@alpha.gz,5271634c623cf7d7203486a95932da73
74279369B60A478B29950CB92768F4E0,1567,res_zhcn/animation/effect/tx_ult_mingjieshizhe.atlas.gz,7721587b83e8b5f4be32a8d7df775e9d
E9F6A7E830BC3834C63EE20AED4E3097,32706,res_zhcn/animation/effect/tx_ult_mingjieshizhe.json.gz,6eef63dd9e1bc45ff8411cb145854ddd
33403431E135E26B6A1D54DE256495E5,305245,res_zhcn/animation/effect/tx_ult_mingjieshizhe.pkm.gz,677f0465e38fc9a2824978002d9d2982
B92D6CD6F3F42B25B1CC99F5670B9506,134380,res_zhcn/animation/effect/tx_ult_mingjieshizhe.pkm@alpha.gz,b1851f8012e1ea735697bbd8fa668b17
5BA1D0C62D3BCF6A2904337C1A0CA117,1805,res_zhcn/animation/effect/tx_ult_nizhuancaijue.atlas.gz,8f07ef76a85d65152b1a337ef03455e0
6ED0C012FFF0DA43DCB3E54ED8070EA4,54422,res_zhcn/animation/effect/tx_ult_nizhuancaijue.json.gz,52b7ec9c9f8d3e4ca9c472d536d69ed7
40E392550685F5F24E9BED43AEBCAB04,643794,res_zhcn/animation/effect/tx_ult_nizhuancaijue.pkm.gz,d1d8bc0efb8d45ffd3769a1b9466cfd2
A7003D9C0780A1C52313B2681196B477,205944,res_zhcn/animation/effect/tx_ult_nizhuancaijue.pkm@alpha.gz,9a86f1327a5b5a7942a68378bb09f9db
BEE4BC704C80F229664B169961ACFC5A,1745,res_zhcn/animation/effect/tx_ult_qunxingsr.atlas.gz,a29293a036b2960a44e4740673dc0314
1CDE08CFD65DC7CE0E138BAFBCC460C9,39158,res_zhcn/animation/effect/tx_ult_qunxingsr.json.gz,dac9bba5e2999d470f18987b7775648e
A79609E54A663E9198D1956465FD6EAB,307369,res_zhcn/animation/effect/tx_ult_qunxingsr.pkm.gz,52c4f26dcaea3200fb796b3109ac85a6
E55CA317EE9F0B16FE7A24000DDFFBD7,203839,res_zhcn/animation/effect/tx_ult_qunxingsr.pkm@alpha.gz,baa1abe32dafcd113f96b4f6fa5a6c26
F4ECC70354908A0FE6D6845D25495673,1305,res_zhcn/animation/effect/tx_ult_qunxingssr.atlas.gz,743a7e565fc1497041f7015060fca5b8
96F1903F749E4638DE0DBD338A1ACD9A,47249,res_zhcn/animation/effect/tx_ult_qunxingssr.json.gz,9f053fbcfb3aef38026d436db039420c
FD684DB24387DE197E25BFD34D3FF96F,352168,res_zhcn/animation/effect/tx_ult_qunxingssr.pkm.gz,91b8a01dea32231fa3e428cf0f80cff1
2CC10DBAD297B9546EF64CD24AF42557,181675,res_zhcn/animation/effect/tx_ult_qunxingssr.pkm@alpha.gz,e597a9968d434c0ebb62728a3c59dc26
B48E62E08864F8FCF41992340829A2DA,1552,res_zhcn/animation/effect/tx_ult_shenyue.atlas.gz,511ac5f9fc903f94fb1cc905065d64f2
9C4DCD0881C8B78054966DC7BE880FAA,21104,res_zhcn/animation/effect/tx_ult_shenyue.json.gz,ec7667d304ba6e9e484b32294d75eb84
898033A8785ED44A0EB6D0A72481582D,751614,res_zhcn/animation/effect/tx_ult_shenyue.pkm.gz,df2cee2a73971c749dc9bdd88766d411
C7FFE9C975F774D6CBBA2A6080375AB8,579170,res_zhcn/animation/effect/tx_ult_shenyue.pkm@alpha.gz,f97ec063dac1ac93623ffe568c780e15
8EDEEFCD70C82074474E19401C8EAE99,1559,res_zhcn/animation/effect/tx_ult_tianhou.atlas.gz,7f80665ca88b56456c4a30806e02b98b
567C014CB3DE78024565F3B3BE986416,51943,res_zhcn/animation/effect/tx_ult_tianhou.json.gz,b3b96dcf1123810c1bcde26e147b3747
A6F37385C240FF428DB0D6C5CB50A13E,224180,res_zhcn/animation/effect/tx_ult_tianhou.pkm.gz,42199536b81246c0868b388636e8ebce
117ED09584DC0B53E1C91405C65CDF97,133824,res_zhcn/animation/effect/tx_ult_tianhou.pkm@alpha.gz,8e7142c87eba771b69f5eb93ce5f80ed
D6CE62DCEC8A3345E547CE0BFCF97D1C,1579,res_zhcn/animation/effect/tx_ult_zhihuiguan.atlas.gz,3caaf1cdc62e86b5bc5815c8bfc3b381
5290020FACB15FD6BC5BA840D8A82C7E,58684,res_zhcn/animation/effect/tx_ult_zhihuiguan.json.gz,b276bd9cc9b9be174d83e0566767422f
204363D626A4BD46A985B5F3C2B3DF7E,1069481,res_zhcn/animation/effect/tx_ult_zhihuiguan.pkm.gz,1ee4e300d882cdd358f3750cdc2287ee
CE00008B18E18ACBCFAAFD4BA9C7D1FA,112953,res_zhcn/animation/effect/tx_ult_zhihuiguan.pkm@alpha.gz,7956610df6f60ac6b141cf9198de267d
444FF462F1036048CBBB32C78D5B4EFD,204,res_zhcn/animation/goods/diaoluo_bugeijuan.atlas.gz,c628b3a31870df5447b26ec7889bcf6e
E9A4EE460055BF1579B2D502F56267A1,296,res_zhcn/animation/goods/diaoluo_bugeijuan.json.gz,0ad4b6b62f066798542387c88d64f92a
74DA09607CCE6A3A58C7AF7FC6ABC134,532,res_zhcn/animation/goods/diaoluo_bugeijuan.pkm.gz,03748b01c58e40c46c1371dc141d91c2
B2E04233F16629DD5FB5A1874467C206,312,res_zhcn/animation/goods/diaoluo_bugeijuan.pkm@alpha.gz,2d55ae982c509a3658f76a4bf53ea4a0
3E60FBCDCEBE117D3A4C9CC7913E2327,725,res_zhcn/animation/map/ditu_caidantishi.atlas.gz,c86f8e87ba185927b396455fd1705321
575ECFDDFE66C086B101F72A4E12F819,1371,res_zhcn/animation/map/ditu_caidantishi.json.gz,12394923e616126e8d8defd46fb65ff0
DE12BE6A37CFAB8C1AF634F82D866EE9,129736,res_zhcn/animation/map/ditu_caidantishi.pkm.gz,054eba50fd266342270e6b8baa3e8d65
71B118F7494147F89F24E646B13BB57E,23393,res_zhcn/animation/map/ditu_caidantishi.pkm@alpha.gz,5a062c5273e75aa7d8c14fdfa435fad6
6EABD8851B92881F2569291BC5992996,1685,res_zhcn/animation/map/ditu_ditiezhan_ditietongdao.atlas.gz,a0fc1d011fd6f4515a13f122a50e132b
C4B3A3F583F0891977BDBD5D97F9CCCD,3137,res_zhcn/animation/map/ditu_ditiezhan_ditietongdao.json.gz,f2ecd63eda634987a5455d8eec16e10d
7E333673074D39FCB0A1927F1D60AC2D,951893,res_zhcn/animation/map/ditu_ditiezhan_ditietongdao.pkm.gz,c900b52b1ce516d6558aa014082c131b
2CF331D2D0B8C1B36B058626B2F7DA48,424257,res_zhcn/animation/map/ditu_ditiezhan_ditietongdao.pkm@alpha.gz,3944121439ab9dbc82c22dd5f05ffd88
2EF106FBDF3A1926695B3AD576AEBFC9,523,res_zhcn/animation/map/ditu_haibao.atlas.gz,a1493f55da26fbb3e34310286805bd41
0776358BEC92EAFA4355B6D643E4AF1B,668,res_zhcn/animation/map/ditu_haibao.json.gz,61011fb6e2e250b5ab2caa4983e539b9
24E0E299CC22B3F6047C81CC86D94507,203756,res_zhcn/animation/map/ditu_haibao.pkm.gz,826f4475c7d05866aefa69098489d7d1
F3AB67EF2B7077EF28C0B885535F9BA9,1615,res_zhcn/animation/map/ditu_haibao.pkm@alpha.gz,a3893b42092c5ab448bc7dcbc19082d0
3DD3E5E19F7F3B40533BC50247B4C58E,2306,res_zhcn/animation/monster/guai_shuxingqianghuazhuangzhi_hong.atlas.gz,574f7ee84ebf1fd2e8f06c1bcfaa98bc
6A1F2BB87BCDF62F5F7CD04DE77B5C04,8432,res_zhcn/animation/monster/guai_shuxingqianghuazhuangzhi_hong.json.gz,ae5e38d30b8d6e757b3095ac43b048bb
7B384F1EE1DA7F61076C3A79EBBC57ED,438493,res_zhcn/animation/monster/guai_shuxingqianghuazhuangzhi_hong.pkm.gz,99e398bda55e918363c8154e0b331122
F518B65F1175E67584D8A3E0BD25A5B7,300205,res_zhcn/animation/monster/guai_shuxingqianghuazhuangzhi_hong.pkm@alpha.gz,78c883e5746b21b7ef24211d138caeab
1C88C13A7059C28060033D7DA47AF053,2327,res_zhcn/animation/monster/guai_shuxingqianghuazhuangzhi_lan.atlas.gz,b4abf95d5618e699e68e0b988c1fe94a
7D035AA8BCE4C5479CE3A95A30DA46A9,8437,res_zhcn/animation/monster/guai_shuxingqianghuazhuangzhi_lan.json.gz,3fc7f32fa2ca3c1798084bb9845ff983
475F487810FA2D823246876A7C560E2A,452320,res_zhcn/animation/monster/guai_shuxingqianghuazhuangzhi_lan.pkm.gz,d303bbe5168415684c8e3a16ac6ae5d3
0F452C34FDB68DF37740D857B27B0CDA,303450,res_zhcn/animation/monster/guai_shuxingqianghuazhuangzhi_lan.pkm@alpha.gz,1a522301bbf4f92b2cb40f2ef2e92285
FBC98042825A4527B4FBA2255E83F16D,2286,res_zhcn/animation/monster/guai_shuxingqianghuazhuangzhi_lv.atlas.gz,24d3a618c1144b8b1d832480cb541101
7ED51483F8ED6E1E95DA97DA9445F4C7,8435,res_zhcn/animation/monster/guai_shuxingqianghuazhuangzhi_lv.json.gz,62ac7cf7db21c83a30238dceb3f0d8c1
D3163D7418B56F3F9931B3B99A190987,441204,res_zhcn/animation/monster/guai_shuxingqianghuazhuangzhi_lv.pkm.gz,4b7b1a97f4e978e16405301d6f5936bd
D3CDEDD5C60512AA7E24C88F35C9D9D8,300312,res_zhcn/animation/monster/guai_shuxingqianghuazhuangzhi_lv.pkm@alpha.gz,4c56f656dc95a394bce0f348de6f9d0e
945A08FCD4A6DB61896A916158E5A070,3015,res_zhcn/animation/story/story_ailin_00.atlas.gz,2de22fd4d3a16f6f1862039d0feb5845
12AC07F2427C94D5FC9FA4B17329B470,147576,res_zhcn/animation/story/story_ailin_00.json.gz,225e2392350c59cc8e5b0b5bb9237477
725AD5C2A090B9B4F73AC1D507896717,584528,res_zhcn/animation/story/story_ailin_00.pkm.gz,eef31d3ba4046bb953378c06d4632fe7
F2F6C9AD3BCFDE2E70C85FE24661B646,351150,res_zhcn/animation/story/story_ailin_00.pkm@alpha.gz,aeda4734e10fa38e6e02a98a1852a2ac
174D43D297BC0AF9FB462E4BC44D3472,1091,res_zhcn/animation/story/story_credits.atlas.gz,6a63078245e20ca19e383b2346ec7085
5177DD844B5AAD6FE01E9447E1941A17,1504,res_zhcn/animation/story/story_credits.json.gz,9d37c9fcc4a420ad769bdc7f8a951a51
6FED01A9C75572AD1AC2E21A3027FFBD,168550,res_zhcn/animation/story/story_credits.pkm.gz,1fc128b1cc098af5cd9821743a922901
E04977A89CF8BE9233333321FFF327DC,135900,res_zhcn/animation/story/story_credits.pkm@alpha.gz,86fff2cb14a794580a4bfa670a299496
3759818374EF47A04FA4ED309E6C8828,2949,res_zhcn/animation/ui/afy_7days/ui_tx_touqi.atlas.gz,d2909f52045065df406feccde9aea127
8AE861FAAB35CF167FF89C2A8E7A73B0,11372,res_zhcn/animation/ui/afy_7days/ui_tx_touqi.json.gz,0c3903741a52a640ab68cc7e4f5e61b2
3A4CDF9BF546C16EED5404D43B03D95B,326707,res_zhcn/animation/ui/afy_7days/ui_tx_touqi.pkm.gz,cb80c961627def16a722b2d3e4b9899c
866A6D9FC04EF99670AD7001C290EAA2,229910,res_zhcn/animation/ui/afy_7days/ui_tx_touqi.pkm@alpha.gz,0a6b67171f6479f8ece89951e4daefa8
7D594078BB7D3F9F06D84618CCE92531,681,res_zhcn/animation/ui/afy_7dayslogin/ui_tx_14riqiandao.atlas.gz,d77adfbaa9ab6919516d7de869b37897
86470FAF37F38078C143E9EF16E9EC15,417,res_zhcn/animation/ui/afy_7dayslogin/ui_tx_14riqiandao.json.gz,c3b4dc055e12ac8a16c1a4af56bd84c8
B3EE62ECBB06D67645874286A81D2203,186867,res_zhcn/animation/ui/afy_7dayslogin/ui_tx_14riqiandao.pkm.gz,3dbbadee768d37bb05f0081079184d9c
7783B64232520A990F6DA79A0B9615E3,157923,res_zhcn/animation/ui/afy_7dayslogin/ui_tx_14riqiandao.pkm@alpha.gz,5573f797c7a43eca543bb78c57c79448
CC5B3C02A02C811933D428E47B5AFDC3,698,res_zhcn/animation/ui/afy_7dayslogin/ui_tx_qiriqiandao.atlas.gz,19eeea76811f1ea99cdb0b09b41f232a
82AD0C8CEFE636AF20CAB7D1DB7B7DDF,400,res_zhcn/animation/ui/afy_7dayslogin/ui_tx_qiriqiandao.json.gz,2c5ab888f372ded411bfef2a114624b7
04BCD25135EF608FEE19CEA327CF0937,178385,res_zhcn/animation/ui/afy_7dayslogin/ui_tx_qiriqiandao.pkm.gz,7b3eb5e1132286214f11bbdb02dd616f
747CD9C8EAE2FD888116DFABF6A7EABA,152197,res_zhcn/animation/ui/afy_7dayslogin/ui_tx_qiriqiandao.pkm@alpha.gz,6830e79fe85519e23195d32cf20927f7
246BDE8C05F99F46AFEC320CCA45B24E,1227,res_zhcn/animation/ui/afy_activity/ui_tx_huangxingzhimo.atlas.gz,5398cb338943818f32ea6db37b333309
9CD87B8F87DC79D01BDD58D35A02B096,2285,res_zhcn/animation/ui/afy_activity/ui_tx_huangxingzhimo.json.gz,3d0efad2434dea461646554cd6117dff
A18BF4B84DCDA24ED7E7F384CAFBA9CC,498570,res_zhcn/animation/ui/afy_activity/ui_tx_huangxingzhimo.pkm.gz,d5ba6572da3d5e9bbb048a39623d668a
058AE5EA8D8DE6A4EC2F9C0F12518E0D,316785,res_zhcn/animation/ui/afy_activity/ui_tx_huangxingzhimo.pkm@alpha.gz,5e69c8068d81ae87d2ce912d81101195
D7937CA6598C683B5A1907F8EFD37C68,993,res_zhcn/animation/ui/afy_activity/ui_tx_tegonglibao.atlas.gz,ae9ffd51448458b3b803201dc2b14983
C5D99E589E2DF84C8D60FAB11E77B2B9,835,res_zhcn/animation/ui/afy_activity/ui_tx_tegonglibao.json.gz,679d30f01cfaa8918338db6629680dea
E139BA5DA4B3965A8E6D72E2D141D40C,58960,res_zhcn/animation/ui/afy_activity/ui_tx_tegonglibao.pkm.gz,d3fea832599a91beae8b1307643b92ee
6E1454EA0EBE34B5BD891E5D33642438,94156,res_zhcn/animation/ui/afy_activity/ui_tx_tegonglibao.pkm@alpha.gz,f7ebeed6c7d2e024fa6da5a2c5246fd6
05EFC972E17B09D3386D4A96C9E93D00,1507,res_zhcn/animation/ui/afy_activity_heiyan/ui_tx_heiyan.atlas.gz,25e3f5cc6bc17f570ca20f1ea8056a07
F1E026DE69F45BFC519CD5B47432AD70,1315,res_zhcn/animation/ui/afy_activity_heiyan/ui_tx_heiyan.json.gz,a2cbfe7e5ec3eaa9ed9e01a89183b31f
26F369B1290872CA6A7BED91B0E9EBB1,463417,res_zhcn/animation/ui/afy_activity_heiyan/ui_tx_heiyan.pkm.gz,7e9959c37b7d89bfe727ea3c3cb80a93
7DD02A87CDC9B16B9BB47A88D225B4A0,374147,res_zhcn/animation/ui/afy_activity_heiyan/ui_tx_heiyan.pkm@alpha.gz,3c2a720ba4348174ff03922cd6c96969
7F19E91ECABB13717B5B3140423EBBB7,688,res_zhcn/animation/ui/afy_activity_heiyan/ui_tx_heiyanlibao.atlas.gz,0ae7536f5d250ecb0bc4cefb4026b3bd
532B8097825D5B1BE64697BF51D379AE,1149,res_zhcn/animation/ui/afy_activity_heiyan/ui_tx_heiyanlibao.json.gz,1beaec55e94239a570c6c0814cfb38f2
D1588A9EC9AF62926673E0292214F50A,27182,res_zhcn/animation/ui/afy_activity_heiyan/ui_tx_heiyanlibao.pkm.gz,0f3fab74587f1310c5ef0db880535bf2
A184BBCDE712B89F4CF59691E33026CA,32612,res_zhcn/animation/ui/afy_activity_heiyan/ui_tx_heiyanlibao.pkm@alpha.gz,982a8a8bfa9dde7180c5483de718d919
37CFFC8B9E0F08D9E43D1CF380576BDD,1127,res_zhcn/animation/ui/afy_activity_heiyan/ui_tx_heiyanqiandao.atlas.gz,04f5c5f39fddc3d57cb68c5f56da561a
90CBF9141A66C2E7992FC5D02EBFFA2E,11515,res_zhcn/animation/ui/afy_activity_heiyan/ui_tx_heiyanqiandao.json.gz,9b204563b675e01d2d4b5df614b87196
3C6513EDE75A7E4DDE8A7AB194388E0F,383507,res_zhcn/animation/ui/afy_activity_heiyan/ui_tx_heiyanqiandao.pkm.gz,9158810db4b754d2636686387be64684
D73A2B24D825AE5B09EA2969150EA046,246809,res_zhcn/animation/ui/afy_activity_heiyan/ui_tx_heiyanqiandao.pkm@alpha.gz,04b7cf87c86d8b7ae8de4017020b0f3c
5CE48198B346EC953D7FE899FF8C2BCD,762,res_zhcn/animation/ui/afy_activity_heiyan/ui_tx_jiangliyulan.atlas.gz,9c1c95304c774fd862dc49d615298bcb
97FBE9A5B9404C78C409C3A466E4487F,850,res_zhcn/animation/ui/afy_activity_heiyan/ui_tx_jiangliyulan.json.gz,375a25b1be112ad49891230717b0179c
BBFA5DA4BF10AB12DE84AE0CF1C66535,157279,res_zhcn/animation/ui/afy_activity_heiyan/ui_tx_jiangliyulan.pkm.gz,ae17a0c3f969e00f92e1606f58a84a09
D14FC59ADD3FA9B2E8B46DEB2F8FFCB3,61030,res_zhcn/animation/ui/afy_activity_heiyan/ui_tx_jiangliyulan.pkm@alpha.gz,524c4583cc6677816b6b924917405849
0206F3D4EB0C0C164163B921AFD1382D,1731,res_zhcn/animation/ui/afy_activity_heiyan/ui_tx_xingyunniudan.atlas.gz,aa782e3e960c67326054ecf899f2255e
4718FDDB0C56364515B20A85D0CA599B,2937,res_zhcn/animation/ui/afy_activity_heiyan/ui_tx_xingyunniudan.json.gz,61f30d181a381ebf7b0a79b197ff73a5
5F873A917BB4A883002A61D2A2BDDFDC,1158741,res_zhcn/animation/ui/afy_activity_heiyan/ui_tx_xingyunniudan.pkm.gz,7cdf678f7b7a06d5566163cbeeff6738
017A230CB89E6E67D1C4A07F231F9B0A,596822,res_zhcn/animation/ui/afy_activity_heiyan/ui_tx_xingyunniudan.pkm@alpha.gz,ed6f229c4e2be8f01594b4a230b8d18a
24E3AD55062F79AEF657747A1BB573E3,743,res_zhcn/animation/ui/afy_ailinactivity/ui_tx_ailin_main.atlas.gz,52e3746a070a76d3ca8fdb11e32c2c16
5E6698C93BF8428D4D93FA3E559D96C6,1964,res_zhcn/animation/ui/afy_ailinactivity/ui_tx_ailin_main.json.gz,92b3fe983a6f5d1f93ce5e372f5d660b
661843CD953EB7C2DC77536206B77BA3,478081,res_zhcn/animation/ui/afy_ailinactivity/ui_tx_ailin_main.pkm.gz,60f94236325bced0ac6304e98d2015cf
D6701119F2A6E81C4DAC781089A957E4,139636,res_zhcn/animation/ui/afy_ailinactivity/ui_tx_ailin_main.pkm@alpha.gz,05aad01d34c01d6e754afafd5a6ac180
78A5180CF9AB8E55AC04734EFB6B512B,2560,res_zhcn/animation/ui/afy_allstar/tx_ui_quanmingxingdengchang.atlas.gz,a7d6c18cd04e113ec9b692e982714b76
784AE1FC1022ECD0D4E6C6D7F4738ED1,4029,res_zhcn/animation/ui/afy_allstar/tx_ui_quanmingxingdengchang.json.gz,38c3fa40be36d8d39d274da5a8a03dff
54EEBB6DAF14251458E3831F27E3BFD1,508835,res_zhcn/animation/ui/afy_allstar/tx_ui_quanmingxingdengchang.pkm.gz,5600b72006416d2ffaf7ddbf39977410
D764C7F794F9A4EEFD30B053A91D9B70,319803,res_zhcn/animation/ui/afy_allstar/tx_ui_quanmingxingdengchang.pkm@alpha.gz,ff649ef9fa3e8f69a0b4b19b9d43799e
1335ADD00614053F255F59C419E01B1C,719,res_zhcn/animation/ui/afy_allstar/tx_ui_quanmingxingjianglilingqu.atlas.gz,c2637e3498f6d9398d6f3c6d920c5280
4AC88A76E2F84A15CFB2A93223C85F53,738,res_zhcn/animation/ui/afy_allstar/tx_ui_quanmingxingjianglilingqu.json.gz,0b2334c7a6c113b3432ad2666a546d6d
DCCB9B5912A02890064EB566C28779A4,147159,res_zhcn/animation/ui/afy_allstar/tx_ui_quanmingxingjianglilingqu.pkm.gz,39370703cf3b21fc4d4d03a6190cef86
E6FA620E0A57726CAA21955B6030FE03,151940,res_zhcn/animation/ui/afy_allstar/tx_ui_quanmingxingjianglilingqu.pkm@alpha.gz,259ef11bc245b068a7f238b46d2657e0
C841A66C8D1EC5F1F434D78F6A59FD65,494,res_zhcn/animation/ui/afy_allstar/ui_tx_quanmingxing_nihongdeng.atlas.gz,079d81e54d62b75d8b5d604576141f25
13B9C6892E48B9330772C451A5A52899,463,res_zhcn/animation/ui/afy_allstar/ui_tx_quanmingxing_nihongdeng.json.gz,b7f8de583eaca930965ebe9b3edf4e80
A0A4FA5FB85B706A0B90E5BE8D91D51F,90955,res_zhcn/animation/ui/afy_allstar/ui_tx_quanmingxing_nihongdeng.pkm.gz,8469cf76497b17d206566f1de6e521d7
E141DA6174D1C0B13541D4BFC92CA833,60285,res_zhcn/animation/ui/afy_allstar/ui_tx_quanmingxing_nihongdeng.pkm@alpha.gz,8e342f72ea49884f37d6984ca16662cc
BC25A994A0BB8FFB8C8D8F3FC447E61F,752,res_zhcn/animation/ui/afy_answer/ui_tx_datijieguo.atlas.gz,7eba85096088200abcb6d179ba1b3ad2
D5FB9180D0DE2F2D25C61FB9E578A6F2,1829,res_zhcn/animation/ui/afy_answer/ui_tx_datijieguo.json.gz,13143b31ab47d1528fc528d16659daef
89EB821E69B0E7097FEFA0EE6E4F7394,73004,res_zhcn/animation/ui/afy_answer/ui_tx_datijieguo.pkm.gz,bcdd04e4cf7836b539b6eb1687724d0a
BE58C56209F9A1554DC6396CF80825A8,56536,res_zhcn/animation/ui/afy_answer/ui_tx_datijieguo.pkm@alpha.gz,f95d78d9498642765c1575b771571352
46DE6BD21C3910FE097E5FBDC46B5E8D,743,res_zhcn/animation/ui/afy_arena/ui_tx_jingjichangbiaoti.atlas.gz,487387b1e01d3b9dc9347398b8523dcf
DD0E648DB7C4D7D99D6EA2FA77E6431F,1024,res_zhcn/animation/ui/afy_arena/ui_tx_jingjichangbiaoti.json.gz,1faca8a06f74725e4ab5d35a1c183413
9CFC29FC8ABA415A8B7354FBC261434B,6896,res_zhcn/animation/ui/afy_arena/ui_tx_jingjichangbiaoti.pkm.gz,81aa012a05f1a53fe7eb89acfe5eba6d
6F0DF52D14BCE0C22593204793D202C4,27572,res_zhcn/animation/ui/afy_arena/ui_tx_jingjichangbiaoti.pkm@alpha.gz,3bb21a996e7eb81c1e3e9bf66fa527a3
B965B7B187958EB5A2C948E6AF6F4CAF,699,res_zhcn/animation/ui/afy_arena/ui_tx_jingjichangxinjilu.atlas.gz,619ddfc39804a929da4a40abb22f2e64
E3E28FA1FA65CB99F431FCDBF539E323,452,res_zhcn/animation/ui/afy_arena/ui_tx_jingjichangxinjilu.json.gz,9e9a7c396a5bf5f25f3450f707875cd0
8DD8640B009CD39625D6BB6A8098BB82,30456,res_zhcn/animation/ui/afy_arena/ui_tx_jingjichangxinjilu.pkm.gz,2a9142614faf00873788b124fda0c02e
3A4134A053720152C8F2DAD6AB17E4B0,20204,res_zhcn/animation/ui/afy_arena/ui_tx_jingjichangxinjilu.pkm@alpha.gz,dd0f0004b2afd100d2953b20db0d1d23
A198CA1EF24DD0116CA665A6D881FA17,921,res_zhcn/animation/ui/afy_armskill/ui_zhandou_shenqijineng_1.atlas.gz,4b8f12689df3e98fce043affb1e86bb6
7D252E2F0DD60AC10F1F00A0B9B6A100,7095,res_zhcn/animation/ui/afy_armskill/ui_zhandou_shenqijineng_1.json.gz,3ace2c152f2d2ebdd12e7c2ea580605e
F55FB0AB3725A0A464BD0E625A683C1A,72749,res_zhcn/animation/ui/afy_armskill/ui_zhandou_shenqijineng_1.pkm.gz,551451b2f910655e0971d7967a9b3fa1
B505EE53B00E924BAD211FF1E07C8915,47208,res_zhcn/animation/ui/afy_armskill/ui_zhandou_shenqijineng_1.pkm@alpha.gz,0ca75a0e65d56ff75bb448b3b320a227
6AD2358649543F159F39BF2444CD09F6,1134,res_zhcn/animation/ui/afy_armskill/ui_zhandou_shenqijineng_2.atlas.gz,8e9325b1f34f6bf9ad24b07b80051ab2
85AB793D7895741EA4478D5E6F6A7C43,16124,res_zhcn/animation/ui/afy_armskill/ui_zhandou_shenqijineng_2.json.gz,c805d1a79396f521e52740aaaa9cd171
E9AAE8D5692A9051DED03E59CE1CCD1C,172265,res_zhcn/animation/ui/afy_armskill/ui_zhandou_shenqijineng_2.pkm.gz,b8ac542ae8d977ab0e910a841369be68
2777D2C3825FEECA3D5BE07F0DAE849F,82884,res_zhcn/animation/ui/afy_armskill/ui_zhandou_shenqijineng_2.pkm@alpha.gz,14dc828c25d62c5ec4e724c298bbe9a2
19766E39C4A11FA8EC542E26D1859D51,676,res_zhcn/animation/ui/afy_armskill/ui_zhandou_shenqijineng_4.atlas.gz,d8eb98e35bbf57767b9ffc25f754592a
4E8DFCAC54A5E125EC11424481D9018D,8605,res_zhcn/animation/ui/afy_armskill/ui_zhandou_shenqijineng_4.json.gz,d67161b5af4422385c1dbe3d56fa1125
45CFEDF6ADA7164690F98606F717897F,56424,res_zhcn/animation/ui/afy_armskill/ui_zhandou_shenqijineng_4.pkm.gz,ed88d940c8af5972cb1fa80c23b3b5ae
1571CB441FFDD344A74358CFD85660F0,20631,res_zhcn/animation/ui/afy_armskill/ui_zhandou_shenqijineng_4.pkm@alpha.gz,9a1a0b8db0582011bc05b44ec36c8d8d
C6A6FC05D44F0C411FA22EEA2720989C,323,res_zhcn/animation/ui/afy_auction/ui_tx_paimai.atlas.gz,2477d31bec079abcadb83151ebc0ee98
5ABF61CB1F7E28DD4BD825F30BE92E81,1035,res_zhcn/animation/ui/afy_auction/ui_tx_paimai.json.gz,04617c60be2c2959e98bfa25f4a5d7ab
5F1EABC1C74A7451B2B057FF0C45A783,1103,res_zhcn/animation/ui/afy_auction/ui_tx_paimai.pkm.gz,1599e16aacfbfb1660fd23643a9c0454
66D0F95432054285C336AA6EA1B05DC6,983,res_zhcn/animation/ui/afy_auction/ui_tx_paimai.pkm@alpha.gz,21b2d5046ce49c68c564061864417beb
C045DB5BBD8AB371FDD26F4E56188540,270,res_zhcn/animation/ui/afy_automatic_combat/ui_tx_zidongzhandou.atlas.gz,74d9209b42f5370061d20fedcb4a0374
F53DC667E750C48D86A9F350D1737216,739,res_zhcn/animation/ui/afy_automatic_combat/ui_tx_zidongzhandou.json.gz,0e502779d112373d1d1d595a1bfc438b
046C3CA2D1D48C2642A5E99E0E5C0DC3,2913,res_zhcn/animation/ui/afy_automatic_combat/ui_tx_zidongzhandou.pkm.gz,e36387cd84c287c23383b4c418a12785
320D757585DE8944BEA3CF3A54CD0DF8,367,res_zhcn/animation/ui/afy_automatic_combat/ui_tx_zidongzhandou.pkm@alpha.gz,2bb3bd4c75755827e8e88c4e8e57454b
97A68AF300589A44309DEC23277EE5DD,541,res_zhcn/animation/ui/afy_awakeroad/ui_tx_yingyuanchenggong.atlas.gz,f9615d6b03ac29a2a7caee7fa91f67d4
4FFB353368DC3F6EA3105AEBC81FE623,830,res_zhcn/animation/ui/afy_awakeroad/ui_tx_yingyuanchenggong.json.gz,e0bbda9a33a0d1cd7da452fc6d1d0c8d
067DB06617ED1F2D6AFF3168ACA10C15,101458,res_zhcn/animation/ui/afy_awakeroad/ui_tx_yingyuanchenggong.pkm.gz,1846b93f9fe36c65ce30183c787329d5
D4E74CD6E5963ADB55C580F2A504C15A,58861,res_zhcn/animation/ui/afy_awakeroad/ui_tx_yingyuanchenggong.pkm@alpha.gz,b861b745d4738286912b2a9282fbc0a1
B1173F109A906D40C6462512645051BA,505,res_zhcn/animation/ui/afy_battlepass/ui_tx_tongxingzhenggoumai.atlas.gz,29218e81d822aabdcc21a72fdfd85ae3
62E677B24390838573E0CA62DF87C22E,242,res_zhcn/animation/ui/afy_battlepass/ui_tx_tongxingzhenggoumai.json.gz,9f96b4bf539ed3455def7df0a037c859
7BB02EAEA6DC59182CFA80A66FAF73C9,9524,res_zhcn/animation/ui/afy_battlepass/ui_tx_tongxingzhenggoumai.pkm.gz,796a628a8ff807baf6b6a6f229706d67
81213949D9CDE3D1FEE696A8504557A8,1063,res_zhcn/animation/ui/afy_battlepass/ui_tx_tongxingzhenggoumai.pkm@alpha.gz,571604c1be50483b55ff298234b0af92
AD66E2DC8FF4EF3E197A7BF6703483BA,992,res_zhcn/animation/ui/afy_card/ui_tx_yueka.atlas.gz,6dc2f4f0cd5987b21c93d977258bfb7f
A100299E5E1F39F1945FAE32D67CB423,4346,res_zhcn/animation/ui/afy_card/ui_tx_yueka.json.gz,7ca82bd424a8f907217fac0c0f1632f4
E11BBF5890D5D10C9481DB28A8F81261,226106,res_zhcn/animation/ui/afy_card/ui_tx_yueka.pkm.gz,5b628c134cc059a83359fdcb9b376e0b
702C2C434B9D9AEE85D9CEC70E42B038,82649,res_zhcn/animation/ui/afy_card/ui_tx_yueka.pkm@alpha.gz,123fb12b4128b084e9e2c8edd524da6a
A47D2AE64F7A774F2D7757A532FFAA6E,2242,res_zhcn/animation/ui/afy_carnival/ui_tx_jianianhua.atlas.gz,d09a5f9b9fc375beaf0a66d010a99919
D3BE74800F382F9609D0148605D9C950,4295,res_zhcn/animation/ui/afy_carnival/ui_tx_jianianhua.json.gz,5c6ae20da280b6701b09aae1871ead64
3B6BAE798861179EAD10554145E99FEF,541325,res_zhcn/animation/ui/afy_carnival/ui_tx_jianianhua.pkm.gz,82dd85c1393c79cab4348274f744f6fd
A2AC231F5998B15B0A391D8E1F2F0D53,317183,res_zhcn/animation/ui/afy_carnival/ui_tx_jianianhua.pkm@alpha.gz,7db55ca2760a18d3ff9f4154c21f1030
779DFB0EB69E40309C0D71CA587FF53A,1845,res_zhcn/animation/ui/afy_changeprofession/tx_ui_zhuanzhitexiao.atlas.gz,710657a2c16a8b144a212344f7011b2f
BF149C1C88501054DB10B4BBF4A58802,4270,res_zhcn/animation/ui/afy_changeprofession/tx_ui_zhuanzhitexiao.json.gz,3b6b83125d4b681813293678fc198c90
CD8589D0B583A298F4DAF8CFBA7A5479,250504,res_zhcn/animation/ui/afy_changeprofession/tx_ui_zhuanzhitexiao.pkm.gz,a187ca3f36f13fb6f2e9bfc21614a550
1E206B1B1DFD4B66B552786A670946F7,218263,res_zhcn/animation/ui/afy_changeprofession/tx_ui_zhuanzhitexiao.pkm@alpha.gz,fe989b362d5ac44e3a842b4fdd3f38d9
FE5FDC77D1C4DA05B7446986A72756B7,765,res_zhcn/animation/ui/afy_collegetask/ui_tx_xueyuanrenwu.atlas.gz,40bb5a0476077cf1ef1bb90d791e9290
B55E05EC05736F6E4E9278BFB344811F,535,res_zhcn/animation/ui/afy_collegetask/ui_tx_xueyuanrenwu.json.gz,246b52f596389f06bdd3d3d931586ba0
D57D17B9024B2966A6D2707711361398,123131,res_zhcn/animation/ui/afy_collegetask/ui_tx_xueyuanrenwu.pkm.gz,f718d9cbe8b34a9fbc84693b4cd6afda
55DA0D1A9401633A42391E95ED3EAECC,78408,res_zhcn/animation/ui/afy_collegetask/ui_tx_xueyuanrenwu.pkm@alpha.gz,f16d21319c8eee0cb0ddae2bf1597b92
2A4FDEFDF1B4D43853477D91F381D544,1275,res_zhcn/animation/ui/afy_common/lihui_bianyuhaike_shenyue.atlas.gz,aaa5a7e46a7037726515cc87407823d9
18B5D34A884ACA6752878BC2461F5768,191581,res_zhcn/animation/ui/afy_common/lihui_bianyuhaike_shenyue.json.gz,6ee58e1d9ab5b5f6ce86087237c8e15d
78C183868278CB4B6F58060C40CD1642,469295,res_zhcn/animation/ui/afy_common/lihui_bianyuhaike_shenyue.pkm.gz,5cb6573fa57d4acb97956ea7164f8dbd
B1FA25A6212D81ED420D45E4CC7A86DD,106492,res_zhcn/animation/ui/afy_common/lihui_bianyuhaike_shenyue.pkm@alpha.gz,9571c1a8d1c47f3f08ceafe6725e17e0
2F40171A41A3A4A0CA0EBA8F3A7C9F85,472,res_zhcn/animation/ui/afy_common/ui_tx_baoxiang.atlas.gz,10c92f8792a9a64dbcb61e0d28b3b206
3DECC17AC26ABCDA117900EC6E366E17,618,res_zhcn/animation/ui/afy_common/ui_tx_baoxiang.json.gz,e798453251595cd021f3293a87e0924a
DB6A3B31796BD3C0744B8F205F64889D,12632,res_zhcn/animation/ui/afy_common/ui_tx_baoxiang.pkm.gz,3b721a779f0dfa4abd5e919380b5cf5b
243B9ED3AFDFFC5045FDDA30D593C154,6904,res_zhcn/animation/ui/afy_common/ui_tx_baoxiang.pkm@alpha.gz,1e68c88ea80db2967063b6c648e80daf
C41319F78925EAD762680B3AA3E86D68,1258,res_zhcn/animation/ui/afy_common/ui_tx_tongyongbiaoti.atlas.gz,f0d2dcba064b4c373d9534e97e53d57a
84F5D9E75A9A4667413B32E841D2C6BE,3222,res_zhcn/animation/ui/afy_common/ui_tx_tongyongbiaoti.json.gz,10a5180e9cffd167266419efffeb96d2
2EAE66B3E4F3C67A884CA4240DBD1D87,129921,res_zhcn/animation/ui/afy_common/ui_tx_tongyongbiaoti.pkm.gz,0ea6acffbc56556b7fb1ba5820c2810b
99EDBC65291F209B53BAF45410AC9309,101199,res_zhcn/animation/ui/afy_common/ui_tx_tongyongbiaoti.pkm@alpha.gz,a9fbd433c95d801a1def728383f1e180
9993E661F6E074C90A33604C099A7687,816,res_zhcn/animation/ui/afy_common/ui_tx_zhuangbeitupo.atlas.gz,0605b293208a84a243ee9e3a55c9e3f4
E99F7CB3B8CF221D466813EF4830C297,1864,res_zhcn/animation/ui/afy_common/ui_tx_zhuangbeitupo.json.gz,9cb64b8cb3022862350973f65acede5e
64A444DF01D13D79312F019499916AF9,67324,res_zhcn/animation/ui/afy_common/ui_tx_zhuangbeitupo.pkm.gz,5b42642f35e2968502c3bbbb4f5036f4
E3076F69574C052A4653D2E7BF041F87,73062,res_zhcn/animation/ui/afy_common/ui_tx_zhuangbeitupo.pkm@alpha.gz,d8298d6d92ec36291871ae7b348f54f3
354C8240D5ED8240FDF5C705A0F0C100,608,res_zhcn/animation/ui/afy_equipmaker/tx_ui_zhizuoji.atlas.gz,2e8d12227375d980f29c1162b0f12f95
17505DD5C56C0E0A78C1F1016EF4ADB5,1300,res_zhcn/animation/ui/afy_equipmaker/tx_ui_zhizuoji.json.gz,4ab5cd49eef00bef4792a779f2b4e48e
7335CB2BCDCBAA842459296E3A5CF2A8,33201,res_zhcn/animation/ui/afy_equipmaker/tx_ui_zhizuoji.pkm.gz,6d475f4cffba55309fcb692266daf54d
4F1CB630D4EFF43D4193AD07EFA86614,33447,res_zhcn/animation/ui/afy_equipmaker/tx_ui_zhizuoji.pkm@alpha.gz,8fe0f3fd8ebc6ebaa251c71ee9e3d250
220E876E21D7DB85D5C9A5266812708B,466,res_zhcn/animation/ui/afy_fight/boss_appear_bg.atlas.gz,b11e8e9a0b398ee2e4e99218af6e6dd8
2C5BFBC56C7D510FB1264829BF982F9D,1997,res_zhcn/animation/ui/afy_fight/boss_appear_bg.json.gz,c6bea1e176a3be38c54f74506451129a
3F305AE3910CB0D2021944B585E874FA,104699,res_zhcn/animation/ui/afy_fight/boss_appear_bg.pkm.gz,7b2e6f2faab185c40971409e9818762e
397D35CAE554FB4384D466972DA17216,23351,res_zhcn/animation/ui/afy_fight/boss_appear_bg.pkm@alpha.gz,605ca7331d83831b202c8e6d90d852bf
0A026BD60DE44337D9838F0E66EB4CE0,1666,res_zhcn/animation/ui/afy_fight/tx_ui_dajiesuan.atlas.gz,abf6e4609a5de5ed07ae084479239ffa
0F7C9273997A593E48D4423603DC11A2,2820,res_zhcn/animation/ui/afy_fight/tx_ui_dajiesuan.json.gz,c31bfb0690afb70b54f73e8c5cee540b
5E6302B1E18EA79073AE35E1A22773F0,803773,res_zhcn/animation/ui/afy_fight/tx_ui_dajiesuan.pkm.gz,c25a50a2c8e091be732e58682506ffba
0B68AB08161465703E3F6DD790D3FE21,585758,res_zhcn/animation/ui/afy_fight/tx_ui_dajiesuan.pkm@alpha.gz,959fd39cd7187fc86579b53d8228cbd0
ECE08CA1923A24DBB25D4FA12951EAF4,1678,res_zhcn/animation/ui/afy_fight/tx_ui_dajiesuan_jingsu.atlas.gz,c7d43f95fbc297e9562df10498333614
9C094A1A768FCED5B3999B0610A0F805,2820,res_zhcn/animation/ui/afy_fight/tx_ui_dajiesuan_jingsu.json.gz,c31bfb0690afb70b54f73e8c5cee540b
69F5E94262AE8EBF4EE211AB4DDD93ED,798509,res_zhcn/animation/ui/afy_fight/tx_ui_dajiesuan_jingsu.pkm.gz,e8a7474c49f6e171181a6b0831ab1f9b
00918DBC41A0CB69C7A60EBF101A438B,579352,res_zhcn/animation/ui/afy_fight/tx_ui_dajiesuan_jingsu.pkm@alpha.gz,71374ee31027a187a444d7d40560fa85
4D9990C7BDB6229037AD67692B25E81F,422,res_zhcn/animation/ui/afy_fight/tx_ui_guaiwukuangbao.atlas.gz,b6b52cfa9192d9d0bedd3246ac8e43db
C0EC0C932B02C0702CBB35FA4364A995,651,res_zhcn/animation/ui/afy_fight/tx_ui_guaiwukuangbao.json.gz,3e3c032a491404ed4c7472332f019458
702F9CECB9D65BEAAFE61F9B51A6F141,40200,res_zhcn/animation/ui/afy_fight/tx_ui_guaiwukuangbao.pkm.gz,e0d1ea3bbfe06ea06bd59b82d531cf6d
37902D01FBD69E2B5F3423AD76D30B3E,40440,res_zhcn/animation/ui/afy_fight/tx_ui_guaiwukuangbao.pkm@alpha.gz,9fa6c52a63c2939fb08ab8316aece6b5
819B5BF49357ACC94BA34241BA3A944F,309,res_zhcn/animation/ui/afy_fight/ui_tx_bossyujing.atlas.gz,c157848a9c289ff5cee2388e78c1af40
0C08F0F0DF292D459355775BC0867ED3,541,res_zhcn/animation/ui/afy_fight/ui_tx_bossyujing.json.gz,6a9cfbd9c20c607387646d115a69e8df
6805DCDA18E4AD1EF5356253B3A79FDF,23710,res_zhcn/animation/ui/afy_fight/ui_tx_bossyujing.pkm.gz,c6851f92a54af3a5e115f23ee8bdbc29
8F53B13256A5BC0DE45E9E8E215947CD,34461,res_zhcn/animation/ui/afy_fight/ui_tx_bossyujing.pkm@alpha.gz,00528c5cd290503b3eda1e9d2785376c
0FD6F8502C9B6236C9D1E8B142EF25BC,601,res_zhcn/animation/ui/afy_fight/ui_tx_dengdaiduiyou.atlas.gz,9514da1a4142cf33b1a68054f7223a81
A630240AC2540625AB68662DED47E84B,916,res_zhcn/animation/ui/afy_fight/ui_tx_dengdaiduiyou.json.gz,d256929499469a0681e2fb766faf1bfe
777E0FEB4A0A8BB5ED379004B7EC1F68,36089,res_zhcn/animation/ui/afy_fight/ui_tx_dengdaiduiyou.pkm.gz,40fbf123593bc5b35192cf24fe2a353e
313F9D526D5DC7D01CC3EE114D75CCF5,34479,res_zhcn/animation/ui/afy_fight/ui_tx_dengdaiduiyou.pkm@alpha.gz,d1aea8f95d5ad75b29e9c27136db5d3d
E26438ADEC4C080177F06C9F91DF61E1,357,res_zhcn/animation/ui/afy_fight/ui_tx_gogogo.atlas.gz,e25fac65cc21e546a49b37825689f25e
AA8011E98ADAB1C502E2CB522197051F,518,res_zhcn/animation/ui/afy_fight/ui_tx_gogogo.json.gz,287f40b65145f637002846817949a58a
50B36DA37FE40DFFFC9DF72EDE3B2585,6235,res_zhcn/animation/ui/afy_fight/ui_tx_gogogo.pkm.gz,b3c52853fcc14e3361a1cef73033eba0
B8AE87907604B5AA60FBFF13A1F53289,5656,res_zhcn/animation/ui/afy_fight/ui_tx_gogogo.pkm@alpha.gz,a7c736fbd76b0034e868eba2f5a2d0ba
FFA9A371B29BFA6433F77C05569C4210,332,res_zhcn/animation/ui/afy_fight/ui_tx_hud_guanqiakaitou.atlas.gz,f8096323fe76771785d17d210d0b489a
2C84FD0F6E04441EB43C63B8EB68104C,423,res_zhcn/animation/ui/afy_fight/ui_tx_hud_guanqiakaitou.json.gz,d460e748161dc38061af5c9207a29055
D6D2D8F8E896A2706EADE224EFF0D102,54406,res_zhcn/animation/ui/afy_fight/ui_tx_hud_guanqiakaitou.pkm.gz,a733aef94e424e5f9b1ff6fdff8d0607
AB51EC19B3A0661A07DB687C9B105D71,50051,res_zhcn/animation/ui/afy_fight/ui_tx_hud_guanqiakaitou.pkm@alpha.gz,61c1c379254e4dcb4275ac1cc28e5234
E09C041A8063CB28BED6BC2AE31DEAB2,211,res_zhcn/animation/ui/afy_fight/ui_tx_hud_yijiuxuiaoji.atlas.gz,a33fb9610698b713b8646bf9b4790395
EEFE51CAF7DAF3500AFF4E691A8A4BE3,210,res_zhcn/animation/ui/afy_fight/ui_tx_hud_yijiuxuiaoji.json.gz,b18f45f52412b4643e8fb4b306bbb3e0
F267CFFDEF2CEE5DDC13C2E7E056CB03,1200,res_zhcn/animation/ui/afy_fight/ui_tx_hud_yijiuxuiaoji.pkm.gz,563f90d74911378486478e1aa7fe07b9
5BD2D3DB402D51CB42FC66DD7F359EDF,1415,res_zhcn/animation/ui/afy_fight/ui_tx_hud_yijiuxuiaoji.pkm@alpha.gz,23b48e655eb45117dd279c9825dddced
4DD5FFB5F6C1C4478697C4B7B833CF2C,417,res_zhcn/animation/ui/afy_fight/ui_tx_jiesuan_quantansuo.atlas.gz,e111d93403b69bf170b2385e41251e3f
28134A40C166AFECB9DCD7A822B4D3A8,354,res_zhcn/animation/ui/afy_fight/ui_tx_jiesuan_quantansuo.json.gz,5dc5cbf80e476c319648e07fab37e197
0FDE86218B0F480B45A1FCEE1EA807DD,6317,res_zhcn/animation/ui/afy_fight/ui_tx_jiesuan_quantansuo.pkm.gz,1e6318da3c2417c465db637450f1b468
4EFCBAECB829AE26247D7A61DC6079BD,3931,res_zhcn/animation/ui/afy_fight/ui_tx_jiesuan_quantansuo.pkm@alpha.gz,f1b7d4c712cd6d1fa6077378bdb1be01
75D4A8F6EA7A154C111531C7287F2D14,388,res_zhcn/animation/ui/afy_fight/ui_tx_tiaozhanshibai.atlas.gz,14c1abb31b4daf3a96fbe70c53cd2445
FE5751EA44BAD33A422EEECE1F87343B,333,res_zhcn/animation/ui/afy_fight/ui_tx_tiaozhanshibai.json.gz,dcc290f5926c5ca2e650feec1d2c6030
7FDA3CE9092F6DD03FB3A9A46523E776,20056,res_zhcn/animation/ui/afy_fight/ui_tx_tiaozhanshibai.pkm.gz,dbc75793469458b6ad1e616172439bcb
203AFE2E2BDE670A7E4F504B09ABDDDF,23048,res_zhcn/animation/ui/afy_fight/ui_tx_tiaozhanshibai.pkm@alpha.gz,5791d22a4c967a75382ec8cdb89bb470
492C54217AF20EE5E80E3C7B2E281D32,934,res_zhcn/animation/ui/afy_fight/ui_zhandou_shenqijineng_1.atlas.gz,4b3ec8c2d787d443a2ca1b5e2b506c06
58C3EE7F2B5E562BA78D6B9C3E53DFB6,7408,res_zhcn/animation/ui/afy_fight/ui_zhandou_shenqijineng_1.json.gz,321c6b85e3b3bec27bc5bcad224adcb9
57E50598D5A2B6D302022B8CD263E54F,54871,res_zhcn/animation/ui/afy_fight/ui_zhandou_shenqijineng_1.pkm.gz,cab2052d7995c86d48834445ef98bcd8
A43880234C1B3165E216BFC1AEC81DC0,27954,res_zhcn/animation/ui/afy_fight/ui_zhandou_shenqijineng_1.pkm@alpha.gz,246e77ff9d0ab569757be00f398aeaa1
28F3A66B49D1FB120E975AFFB00799EE,1091,res_zhcn/animation/ui/afy_fight/ui_zhandou_shenqijineng_2.atlas.gz,02aebc297180c796e84a273db99617d7
477AD17D74F930B9887484039247E3E0,16486,res_zhcn/animation/ui/afy_fight/ui_zhandou_shenqijineng_2.json.gz,57fbf85c469f85f39941702e0f47af38
8704EBA0BE6D15CCCB3ACF1131840936,109520,res_zhcn/animation/ui/afy_fight/ui_zhandou_shenqijineng_2.pkm.gz,275ad24f18139af13e42e52659f13904
004E72A1CA3BEBB3283C2BB533E8D6AC,57369,res_zhcn/animation/ui/afy_fight/ui_zhandou_shenqijineng_2.pkm@alpha.gz,20afd01988f9637af7974abd6feff287
512A523720F0A0BC0CECE882219B5C3E,674,res_zhcn/animation/ui/afy_fight/ui_zhandou_shenqijineng_4.atlas.gz,55d4942e77d28d53f31d57452cba9ba9
305F4942BFDE58778622420279D00A28,8794,res_zhcn/animation/ui/afy_fight/ui_zhandou_shenqijineng_4.json.gz,28ed9c76514ac8d54d42968dd790020f
88DC9BB3D2C2107E9D44A0B2E34EA55B,34263,res_zhcn/animation/ui/afy_fight/ui_zhandou_shenqijineng_4.pkm.gz,3d85aba946eb75bc68ba169ca24a7203
BA5FC35DBA3DF39031098E1F2F18A2A0,16967,res_zhcn/animation/ui/afy_fight/ui_zhandou_shenqijineng_4.pkm@alpha.gz,9e15b7265e3c1882b4f66c6bc79f273f
8E89E720AD6B302CE0B26D28B356990F,973,res_zhcn/animation/ui/afy_first_charge/ui_tx_shouchong.atlas.gz,b9a49d2c44c3d79f2485168e9c40353a
BC22DCAF4857A91C17681D2631144C7C,1251,res_zhcn/animation/ui/afy_first_charge/ui_tx_shouchong.json.gz,b35550827e0d94f8a52a6ed66a919e2f
09832E51EEE15896463C2DCE76F7C751,79482,res_zhcn/animation/ui/afy_first_charge/ui_tx_shouchong.pkm.gz,4e2cd534c8edb6b55cf33fe9cd3b5308
15B5BA5D12E5559B428FF7877BF5398C,65256,res_zhcn/animation/ui/afy_first_charge/ui_tx_shouchong.pkm@alpha.gz,e983def57ae1e1128ee1ab9dd1c64515
9913F60934C66DA0FCD2CD55276CA160,1232,res_zhcn/animation/ui/afy_gem/ui_tx_yinengshishengxing.atlas.gz,c9395ee02452119302b3334072e49259
DEBF49A8CDD9460B8CEAB0450D7FCC49,1279,res_zhcn/animation/ui/afy_gem/ui_tx_yinengshishengxing.json.gz,dd08dd8ae0cc533ffb15ec75ca76fefb
5178FCAC6BCE35636B1A32F4BA1FFCE4,273563,res_zhcn/animation/ui/afy_gem/ui_tx_yinengshishengxing.pkm.gz,1b3fa834d4abb1d6a440de85c44d9649
4A82A8047314ECB2A2DEADBDA464262F,157621,res_zhcn/animation/ui/afy_gem/ui_tx_yinengshishengxing.pkm@alpha.gz,e7a31c08f418973577d972295385e2f9
45E132F1A1C9B7D405094BB5B1C00096,458,res_zhcn/animation/ui/afy_gift/tx_ui_huodewupin.atlas.gz,76d8b1c6cd2524eb2169d061461df02b
3AD8B38D652494585E476EC13176EF46,827,res_zhcn/animation/ui/afy_gift/tx_ui_huodewupin.json.gz,feddd4368205c309cb4a9e2e1524e10e
8AC783C11C080055A69848A38A0F52B0,97135,res_zhcn/animation/ui/afy_gift/tx_ui_huodewupin.pkm.gz,f124786ea4675064cd52042af6ab22a3
F70F3A0FFCDE05A1055BD536C222D259,70167,res_zhcn/animation/ui/afy_gift/tx_ui_huodewupin.pkm@alpha.gz,4f68cc7ff68e5f3aed62d48a773ddda3
4A1C95C7BE3902007C3E7045D8972AD8,708,res_zhcn/animation/ui/afy_givevigor/ui_tx_lingqutili.atlas.gz,6944bbf8c2c27a90c2f5a6e56f990892
1E8AC7727C466B0BC4A2F85AFF2A6F1F,995,res_zhcn/animation/ui/afy_givevigor/ui_tx_lingqutili.json.gz,f2777cfb965b8e9d78795cf775dbd984
C38C08CFDE15553C83D313F9CF38E9B9,22752,res_zhcn/animation/ui/afy_givevigor/ui_tx_lingqutili.pkm.gz,7ad928d5551c01ef1cb7e2eff854aa75
093CE7FEA8769CE3CF0506F44828B357,33273,res_zhcn/animation/ui/afy_givevigor/ui_tx_lingqutili.pkm@alpha.gz,a38bb63dddc032e0c513330bc28c831e
6C3B8B51142907CBD741567DA56B4FF6,1149,res_zhcn/animation/ui/afy_godchoose/ui_tx_quanminshenxuan.atlas.gz,bc84a207f417c43310e25f2debeff859
663000C86464B7BE12AD851460AC300D,1040,res_zhcn/animation/ui/afy_godchoose/ui_tx_quanminshenxuan.json.gz,6250d3ff3ce54f528fa9617d61cdebed
7636D51C4C2E0CF388130724F838431A,100097,res_zhcn/animation/ui/afy_godchoose/ui_tx_quanminshenxuan.pkm.gz,ce5ba00f664398833a710d1b2323e628
3DD832C45F1B6EE2E52AFF0C4E0C2D1B,80105,res_zhcn/animation/ui/afy_godchoose/ui_tx_quanminshenxuan.pkm@alpha.gz,543a771792c3397d165fd5dd12d006ea
58423CF0C9458D05999142BA448478F9,522,res_zhcn/animation/ui/afy_godweapon/ui_tx_huodewuzhuangji.atlas.gz,b4c26c5a4242cd095d69806ef84c5b35
D751F197D77B498173EBF44AFBD07ADF,806,res_zhcn/animation/ui/afy_godweapon/ui_tx_huodewuzhuangji.json.gz,a0c723ac71e6ac39f0ab4fe624d3e5ad
BF3E5F750DAFB8F5306709AA41A7D35C,15118,res_zhcn/animation/ui/afy_godweapon/ui_tx_huodewuzhuangji.pkm.gz,954df956ac3e4c3db508e5b51088421f
A292115AB5C43F5557738E36EA65C038,15736,res_zhcn/animation/ui/afy_godweapon/ui_tx_huodewuzhuangji.pkm@alpha.gz,520bbc2c48ac7496808937a73604f8d5
148DE2AB0479D1788837AD254A27DEC5,653,res_zhcn/animation/ui/afy_godweapon/new/ui_tx_jinjiecailiaozhuangtai.atlas.gz,38ce2a9cf1271424c6564b801b9a60e2
EEA5B4B589ACAB8977E187CAF052C65E,611,res_zhcn/animation/ui/afy_godweapon/new/ui_tx_jinjiecailiaozhuangtai.json.gz,e130b53bc84d8a3bedc0ec4d23199adf
4DCA3DFCF3788293E93EBDA765BF8C32,2935,res_zhcn/animation/ui/afy_godweapon/new/ui_tx_jinjiecailiaozhuangtai.pkm.gz,9e6e0333e119cb40f674c9ba5adef457
9A8845ED27F5F3B2BCD07411D3AF8043,3119,res_zhcn/animation/ui/afy_godweapon/new/ui_tx_jinjiecailiaozhuangtai.pkm@alpha.gz,768b7ba52d9fdc1a5b632f4ffa25e50e
1A4B7A575168781D21F3A79ABFFA452B,1663,res_zhcn/animation/ui/afy_godweapon/new/ui_tx_wuzhuangshengjie.atlas.gz,795fd3585ecb10c4f594aaf75fe2d5e4
9ED0CD113699677C63CBAFD671216642,3621,res_zhcn/animation/ui/afy_godweapon/new/ui_tx_wuzhuangshengjie.json.gz,a72cc8eecec44daddc6f056c434e5a52
B6D1B7A50942C12C062111C4921A73D0,215081,res_zhcn/animation/ui/afy_godweapon/new/ui_tx_wuzhuangshengjie.pkm.gz,5bbebd04d861c2442de772bce6735524
9A62EC82752497BE25122EC9162FE82C,119171,res_zhcn/animation/ui/afy_godweapon/new/ui_tx_wuzhuangshengjie.pkm@alpha.gz,82785efaea266aec37ba3c4f676bbd0f
61D5B2AB0926D57262AC9353D012903F,964,res_zhcn/animation/ui/afy_godweapon/new/ui_wuzhuang_biaoti.atlas.gz,1da5ed8cff300bdfe4b5cebf78604db1
14782B263D12BF00C4ACFA5C79CAC2F6,3418,res_zhcn/animation/ui/afy_godweapon/new/ui_wuzhuang_biaoti.json.gz,b16c72e88f782753348754a23caec19f
92CBE88946722D443BC714CDDDBAD7A4,29642,res_zhcn/animation/ui/afy_godweapon/new/ui_wuzhuang_biaoti.pkm.gz,94b7325bae79177b0b2a13f0c3bcd7c3
885BBB7867B9B86BD649D09EB76FE390,30277,res_zhcn/animation/ui/afy_godweapon/new/ui_wuzhuang_biaoti.pkm@alpha.gz,7fcda887869ac573401171e5bc5a9d78
92B8677D10D6E5CE615480D6CF053F6A,640,res_zhcn/animation/ui/afy_godweapon/new/ui_wuzhuang_huode.atlas.gz,da7316848d020d183033a1b62aea66be
AA23B2F6C80797F89D60A10D0B4353A7,2440,res_zhcn/animation/ui/afy_godweapon/new/ui_wuzhuang_huode.json.gz,3e89cd950f5c46a8aca3077bab4da6f9
D8BBCF849157A35CE17A74120E173515,15264,res_zhcn/animation/ui/afy_godweapon/new/ui_wuzhuang_huode.pkm.gz,070c47e33c1c2f20ddba14632a9650e4
545A9766DABABE813D4F974A5EE58B0A,27387,res_zhcn/animation/ui/afy_godweapon/new/ui_wuzhuang_huode.pkm@alpha.gz,eb1d389131e276ec17ed931c6519217f
09F0A88A4C1873C49C958C7AAFEB389E,963,res_zhcn/animation/ui/afy_godweapon/new/ui_wuzhuang_jinengdengji.atlas.gz,7728429322726de901704c1caadd6686
2FE326D1E628B0ADE4BEB8D2BC5331B1,746,res_zhcn/animation/ui/afy_godweapon/new/ui_wuzhuang_jinengdengji.json.gz,395a5bb89a3024b27e70e50d14a12943
820BCAB241E1C1158465C1F519E7B68D,47817,res_zhcn/animation/ui/afy_godweapon/new/ui_wuzhuang_jinengdengji.pkm.gz,3cd20e61b6dab4e66d5bddfee11f4294
80F421B4ABDF20C686BEB2F89E6D04AB,26308,res_zhcn/animation/ui/afy_godweapon/new/ui_wuzhuang_jinengdengji.pkm@alpha.gz,216a02868b6e7be3adc96b156d72b2ad
8274D3DD5A268F3CF71F31F565485378,295,res_zhcn/animation/ui/afy_godweapon/new/ui_wuzhuang_ketisheng.atlas.gz,b30557e5333c9891c4101153e96a6ff5
0365AF1F2EC0460C282AAF477A9995CF,906,res_zhcn/animation/ui/afy_godweapon/new/ui_wuzhuang_ketisheng.json.gz,67e57e23d346afa450a62f5c7daf82dd
D1534D8CCCA84DD0DF1D25038D9D24DC,1964,res_zhcn/animation/ui/afy_godweapon/new/ui_wuzhuang_ketisheng.pkm.gz,1d9eed9025773b252b20667798f130ee
89F244A56CF3392FB8F27D9A3BA84A3D,1232,res_zhcn/animation/ui/afy_godweapon/new/ui_wuzhuang_ketisheng.pkm@alpha.gz,4339113ee1f3ffd164646d583b4cb34f
1535685DFBB6FB8BC09B73D40D333FF7,804,res_zhcn/animation/ui/afy_godweapon/new/ui_wuzhuang_tujian.atlas.gz,90c8f503ab804d7b9c196df841f8990b
0A97A31CC8992B45B8CCB58C52AB4EB0,785,res_zhcn/animation/ui/afy_godweapon/new/ui_wuzhuang_tujian.json.gz,9a2922f1788a763b6139ee2e016e643f
6253FA954E59AD1189457AB89ED9BD7B,237297,res_zhcn/animation/ui/afy_godweapon/new/ui_wuzhuang_tujian.pkm.gz,ac9b2608e36fbc57ae088bfdd6c905a4
95E01AE2C8CE8759B09D20FEFA88B47B,102875,res_zhcn/animation/ui/afy_godweapon/new/ui_wuzhuang_tujian.pkm@alpha.gz,fd18984c19c79a71461e0f9578616e9f
13A0F0D67611DA780DF8651FF563BD3F,1056,res_zhcn/animation/ui/afy_godweapon/new/ui_wuzhuang_xiaoxingji.atlas.gz,2bfbec0775c06f529138e5419593cf7a
7550BB918AF82FA53CDE9859CFCEFCDD,2363,res_zhcn/animation/ui/afy_godweapon/new/ui_wuzhuang_xiaoxingji.json.gz,d43a09aefd65b051c42593a2c2bde764
A897217B1D396E093CEA75F1C05EC9A1,68109,res_zhcn/animation/ui/afy_godweapon/new/ui_wuzhuang_xiaoxingji.pkm.gz,9e9402b450b7342dc73c921348bba59b
BC302F942666325338391BFB535B584F,45569,res_zhcn/animation/ui/afy_godweapon/new/ui_wuzhuang_xiaoxingji.pkm@alpha.gz,315cddd829f467d4e18676d95c700555
756A81705F7FD70901B66ECB8E5A985A,310,res_zhcn/animation/ui/afy_infinite/ui_tx_wuxianben_jiesuan.atlas.gz,672b9e4cb870b47c86be93d21d2a3880
AA1920D49F29383998A0B523CA7E36D0,227,res_zhcn/animation/ui/afy_infinite/ui_tx_wuxianben_jiesuan.json.gz,7bf47acd0b5821a3a95275093a6ca44c
0CC3B5498E0BD5278653882AAB579A2D,2080,res_zhcn/animation/ui/afy_infinite/ui_tx_wuxianben_jiesuan.pkm.gz,6df1588c0b55d3a9905cb5acc4b68dbe
9ECDDEB566068F5CCE93FC550AF46601,3550,res_zhcn/animation/ui/afy_infinite/ui_tx_wuxianben_jiesuan.pkm@alpha.gz,7422ffe3f73abbb88f902963b212b5b6
A203AEA62DF8B8965984D4BD1405B358,847,res_zhcn/animation/ui/afy_limit/ui_tx_jiexiantonggaun.atlas.gz,2dec5fd291ca6c2af889d1cfacb3ed72
E54D3025C8B85B2C806B66FC7802412F,1695,res_zhcn/animation/ui/afy_limit/ui_tx_jiexiantonggaun.json.gz,4d61f8ed257dac14e305037a0084cdfa
AD7D2D2C5E2E9944D9C7C5971AF397D0,113257,res_zhcn/animation/ui/afy_limit/ui_tx_jiexiantonggaun.pkm.gz,7b94416f4b1a4621ecb3ccb6d1653fc3
4FA56BA6EEFD8F205E6262E1274F4584,72139,res_zhcn/animation/ui/afy_limit/ui_tx_jiexiantonggaun.pkm@alpha.gz,e86f82e11625fa72c627ec08fb48d8cd
FD2C3F9A27F3C0D4AE62954ACF6B0293,1014,res_zhcn/animation/ui/afy_login/tx_ui_xuanzejuese.atlas.gz,a7307cc2bc95fe8794f9fb9198e2ecbf
41DF6C07F90DD605767DA91E269E82D2,1136,res_zhcn/animation/ui/afy_login/tx_ui_xuanzejuese.json.gz,e290c0a5f74b6ced581b34c61730fea8
A8D7A20A5CEBC60333F44553E5FB85F6,204900,res_zhcn/animation/ui/afy_login/tx_ui_xuanzejuese.pkm.gz,611c056a2b7e58a373d03feb887c8a11
50115538747B964D8DB30DE9963C24AA,164891,res_zhcn/animation/ui/afy_login/tx_ui_xuanzejuese.pkm@alpha.gz,096f50704efa6df6e207da8f4130265b
04D922516A1A7780962EC0F5367CBC81,468,res_zhcn/animation/ui/afy_login/ui_logo.atlas.gz,31681a16a2b7cf87acc30234d1521879
9112C99484AE188B57F6527272E67F84,1021,res_zhcn/animation/ui/afy_login/ui_logo.json.gz,78c1e402438f67e2e38882a904ea7a13
FA12DF7FACD12435805129E35A4A2A4B,90853,res_zhcn/animation/ui/afy_login/ui_logo.pkm.gz,d62502f3f9aef8ecc36b9451c156922a
AFFA3D90A95D8E9248864A5CDB4D7314,60800,res_zhcn/animation/ui/afy_login/ui_logo.pkm@alpha.gz,6a0db35dd8f4a08848e4188b3d30f906
8219993BE627CF0401968B3EE3E348A9,207,res_zhcn/animation/ui/afy_login/ui_tx_fengmiantexiao.atlas.gz,b49b83c13881277ff461dfe6253ce196
BE7BCF3782934CF8C1EFF621D3E07445,302,res_zhcn/animation/ui/afy_login/ui_tx_fengmiantexiao.json.gz,d6c23482d674760dc52005899b2290d3
29D6902BAFAD153EE259CFF2E6039EE7,3338,res_zhcn/animation/ui/afy_login/ui_tx_fengmiantexiao.pkm.gz,409fb3068f45c3809dc81b57815cc757
D23B07E6047C09E188A9AC5FCC4998EE,3951,res_zhcn/animation/ui/afy_login/ui_tx_fengmiantexiao.pkm@alpha.gz,e1014ecb612d20820c2e837649313605
4D9F40986036DD6C6895AC1DA31BB82C,2736,res_zhcn/animation/ui/afy_logintomorrow/tx_ui_cirijiangli.atlas.gz,fe91a193e6b6b605c084ce7a25ff0838
BB673B25E0D7F6F503C600AAE094294B,7580,res_zhcn/animation/ui/afy_logintomorrow/tx_ui_cirijiangli.json.gz,d4b8fed8d6f71b59185da8eae8b80ba1
009DCDB0BA2ABB1FDEF995AD06AF9C15,201504,res_zhcn/animation/ui/afy_logintomorrow/tx_ui_cirijiangli.pkm.gz,f8c9be4a1d93b33d265ffb9a6cb6519e
BC211C872EECA62CE1C31069CE407EFD,152100,res_zhcn/animation/ui/afy_logintomorrow/tx_ui_cirijiangli.pkm@alpha.gz,d728d60dfec3c4271e7d828df02b4cbd
3ABE0C0E6748F844DEC7136630044AE3,768,res_zhcn/animation/ui/afy_maincity/tx_ui_duihuakuang.atlas.gz,ec767f35a9684e233664a5a4e3997118
3F36A4A7C4BF4E78F2057CB75DBD7E9C,1595,res_zhcn/animation/ui/afy_maincity/tx_ui_duihuakuang.json.gz,0a37413c1a31077ba490b41922ce24e4
FD1F2A11F0C17203C3942A3A06F96F19,25618,res_zhcn/animation/ui/afy_maincity/tx_ui_duihuakuang.pkm.gz,195ce9f98372357939c91c41272256ac
EA71F9A8AD8C26D3548FA49EDDC033E6,21499,res_zhcn/animation/ui/afy_maincity/tx_ui_duihuakuang.pkm@alpha.gz,0a070b1d54ba4a5e4797c68ad3037f2a
FE23AEE96BF1325EC38E037E258AF1F4,838,res_zhcn/animation/ui/afy_maincity/tx_ui_huodongtishi.atlas.gz,d8c3ecf886ac55ea972c33ecfe3ef0b8
F8CE85A6577B3A7730D00895227C4B80,841,res_zhcn/animation/ui/afy_maincity/tx_ui_huodongtishi.json.gz,dd8b9c17d8a6316540dcab56c06dba87
141397BC14AED494F6637614C60F49B6,73637,res_zhcn/animation/ui/afy_maincity/tx_ui_huodongtishi.pkm.gz,9cef68e8b7c1db62622767b2243beb6e
EAA1409F2E468875E5B974669A6A5577,94789,res_zhcn/animation/ui/afy_maincity/tx_ui_huodongtishi.pkm@alpha.gz,8015e910438a3c07a35476743ce5de03
22542388C49E280939DFE2A1731A2092,555,res_zhcn/animation/ui/afy_maincity/tx_ui_shengji.atlas.gz,16205a4ab77d373d881f5401a382087e
0CC220C93A3FD4B58434EB6EB26B60C1,2601,res_zhcn/animation/ui/afy_maincity/tx_ui_shengji.json.gz,664685c2bd576fd91b7afcfeef05aaf8
2B7ED8F8E627C0957C29534277D3BF5D,121121,res_zhcn/animation/ui/afy_maincity/tx_ui_shengji.pkm.gz,33a7921b146c1dd35c96a3e65b0b6222
2162D0F7847E0C3CC71EB67B146C4A5A,87095,res_zhcn/animation/ui/afy_maincity/tx_ui_shengji.pkm@alpha.gz,dc3badb78f87e2cf8361f6c108218f69
10B8F2051AF3394C74951679636FA096,205,res_zhcn/animation/ui/afy_maincity/tx_ui_tishi_renwu.atlas.gz,e1d5ea7f0604deea4c29663473d5c49d
2605C09148061CFAE650349A4DD49F22,251,res_zhcn/animation/ui/afy_maincity/tx_ui_tishi_renwu.json.gz,bcf1c545602f6c8900b027de503e8964
8070AC8755398DDC35F09C975F8B09E1,664,res_zhcn/animation/ui/afy_maincity/tx_ui_tishi_renwu.pkm.gz,fe6752497f8140b99dd9689f68fd58c6
19567698D849FA4B751F7944DA079A1C,755,res_zhcn/animation/ui/afy_maincity/tx_ui_tishi_renwu.pkm@alpha.gz,d50ba5549438c2e3e740b71c9f274bde
2A28BD0270620FEC1B635326B0F2E865,466,res_zhcn/animation/ui/afy_maincity/tx_ui_xingongnengkaiqi.atlas.gz,f874f669a0c73413d65e77b6a5456aa5
53FBDA565BFD16A1C4BA1D70784E0915,968,res_zhcn/animation/ui/afy_maincity/tx_ui_xingongnengkaiqi.json.gz,31e7cd67bd0ee82f839094f3641ff3c2
9687C3FB35ABD642C8864EE2DC570ABA,15437,res_zhcn/animation/ui/afy_maincity/tx_ui_xingongnengkaiqi.pkm.gz,4a9a605a9be7f7cc59503778a385e087
63EB9BF3DF1AF240E88B9739B68B1A3D,19378,res_zhcn/animation/ui/afy_maincity/tx_ui_xingongnengkaiqi.pkm@alpha.gz,a60a04d199d67d12ab921880288c1a62
9DC5175EAB365569D2A773CA765A0685,537,res_zhcn/animation/ui/afy_maincity/tx_ui_zhuchengdongtai.atlas.gz,d42125bf4d450b3dc436f40c34921eec
F5EADF4D9DCB54C25C78844C766295C0,702,res_zhcn/animation/ui/afy_maincity/tx_ui_zhuchengdongtai.json.gz,3ee57c33df52273f0fbdf43b39d796f4
75A369BA7321DFA443A636CC7988E08C,5568,res_zhcn/animation/ui/afy_maincity/tx_ui_zhuchengdongtai.pkm.gz,b596a8f46f57edb0e129a09e94523606
D21361C09757BD4CE8FCD4BD996AA748,6630,res_zhcn/animation/ui/afy_maincity/tx_ui_zhuchengdongtai.pkm@alpha.gz,60afbfe78124dc6bd5b6d19da93fdf4e
60DAAF7D190556374CCB4D54249AB69B,1121,res_zhcn/animation/ui/afy_maincity/tx_ui_zhujiemian.atlas.gz,93477697619b6469715aaf81bec6bf08
32EC70D63C61C9A380C5F2C7D173D8C0,2088,res_zhcn/animation/ui/afy_maincity/tx_ui_zhujiemian.json.gz,7e46e2db2a9df3f88ed9f3b08b628741
0DCFE360B416188A1A993FF5887FAC4F,25244,res_zhcn/animation/ui/afy_maincity/tx_ui_zhujiemian.pkm.gz,f241d7fdd0334a0e3ebf9367dfcf1ca6
66C103C05DC2B7F1E68A04F09A08403C,30132,res_zhcn/animation/ui/afy_maincity/tx_ui_zhujiemian.pkm@alpha.gz,b550606529b4b71f598ac1fb7017c698
9220028D7B29CAD82F958DA288D06C0E,567,res_zhcn/animation/ui/afy_maincity/tx_wanoumohe.atlas.gz,2f82b32fcd273544c1dd0a377f7378cd
FBFF205FF96C8565A5FC3F891C0B5D20,1503,res_zhcn/animation/ui/afy_maincity/tx_wanoumohe.json.gz,da7981f770aac77b544e1959d7d34f7c
129FF2389DBB56787BA8911CBF882C59,17948,res_zhcn/animation/ui/afy_maincity/tx_wanoumohe.pkm.gz,6c85e653a6499d625260b941c305ab6e
651BA14E3EC31AAC552D113D8E4E16DC,4343,res_zhcn/animation/ui/afy_maincity/tx_wanoumohe.pkm@alpha.gz,ac71f6c6d6cdbd6abf7494ff04a76013
68496C0F2FA20C4FC57CDEE307C295AC,823,res_zhcn/animation/ui/afy_maincity/ui_tx_renwushuaxin.atlas.gz,c13f532577a136772f60c68c1d08f8a9
FEAB946BDD9CD689FC0FE3EB090C9492,1136,res_zhcn/animation/ui/afy_maincity/ui_tx_renwushuaxin.json.gz,6d050e862c6ad68bc78d14aa47a7f8e9
C5D79045A9E97932EB2028A5D3005312,117316,res_zhcn/animation/ui/afy_maincity/ui_tx_renwushuaxin.pkm.gz,b241c59ec923296869bbd144b851a1b7
7606DCAE676E75C0CCEABA0D5E3FD3AD,106127,res_zhcn/animation/ui/afy_maincity/ui_tx_renwushuaxin.pkm@alpha.gz,acd54b2dc36f43248f45475aedf0fcbb
D741A940728F9340677DCB1059438803,1224,res_zhcn/animation/ui/afy_maincity/ui_tx_renwuzhuangtai.atlas.gz,3a8fb66ca53cb2350a5039319c6861ca
BB20BDF8B9C2069C30D627891D831B58,1853,res_zhcn/animation/ui/afy_maincity/ui_tx_renwuzhuangtai.json.gz,a077a23e692aa179ef71b45f87c9ed7f
58F20F86210A2FDEE830B9F928049487,24190,res_zhcn/animation/ui/afy_maincity/ui_tx_renwuzhuangtai.pkm.gz,8912b8adbc5e761dc8745005b718027b
F547094E06AFBF5EF136C49F493B7D34,19252,res_zhcn/animation/ui/afy_maincity/ui_tx_renwuzhuangtai.pkm@alpha.gz,62145f3e9d5088f9e5f3716bd1cce366
22253A0DCA967615C208C18A7A3BF512,923,res_zhcn/animation/ui/afy_maincity/ui_tx_zhangjie.atlas.gz,d20c40454c95c93dab56d87713282604
A8F2FCFD4C638604A16F9D0458A13D79,3221,res_zhcn/animation/ui/afy_maincity/ui_tx_zhangjie.json.gz,98a508d7b40fe49cbfb50fc921434ea5
5BEB52B12B9BB5643919823AD30DD447,198525,res_zhcn/animation/ui/afy_maincity/ui_tx_zhangjie.pkm.gz,00c31d6a3d5bcdfeaa4271a0cb01dc4a
B70057CD010007FE3D93DFB0EF4A09E6,106341,res_zhcn/animation/ui/afy_maincity/ui_tx_zhangjie.pkm@alpha.gz,c57af073891d6e4c226f6e1aa5100ea3
52074DDF429FFF8068CDAE834DCDBB07,1774,res_zhcn/animation/ui/afy_maincity/ui_tx_zhucheng.atlas.gz,a3be9a1db11030edf8b0b648c6822223
D2D8E6FCB2E327AA22079E37DBBFAFE7,11425,res_zhcn/animation/ui/afy_maincity/ui_tx_zhucheng.json.gz,5a1a78ccd12e7f488bc65b7ba412a83b
E54F063C537C2623BD38A01738BB4DBD,352234,res_zhcn/animation/ui/afy_maincity/ui_tx_zhucheng.pkm.gz,0aa9adab81f7be13749accf1cb2b5ab8
852AB9550A243A553EA7357E14C41DB6,195132,res_zhcn/animation/ui/afy_maincity/ui_tx_zhucheng.pkm@alpha.gz,f059abec7da6ad25a9b329ab84380b69
601677D8E8EBA3D63B52061526A68418,1894,res_zhcn/animation/ui/afy_maincity/ui_tx_zhuchengdiaoxiangtop.atlas.gz,5a0c7d816b5e17f97f94b9a8a39499f8
4AF206F3FDA83B896B1832B9514DCE7B,2850,res_zhcn/animation/ui/afy_maincity/ui_tx_zhuchengdiaoxiangtop.json.gz,3b00f6a0d46a420ca757cc29e4a746ad
398D103877AEFAA6CEF58D7DCFFDAA7E,537427,res_zhcn/animation/ui/afy_maincity/ui_tx_zhuchengdiaoxiangtop.pkm.gz,8c0c979d4efa70fb28e18c2a1010a763
E099099F53BC3DBADDBC43B7472A2B53,328071,res_zhcn/animation/ui/afy_maincity/ui_tx_zhuchengdiaoxiangtop.pkm@alpha.gz,e5382b1237c30935f836f3e98d638da6
C9384DD6DA174DD019820F3303DA8757,1095,res_zhcn/animation/ui/afy_maincity/ui_tx_zhucheng_renwucaidan_nan12.atlas.gz,f660ff93fa9ab59e1610fde1eb0fcbc9
B1433305EABA6DB1013C2B00E8CD1ACA,21320,res_zhcn/animation/ui/afy_maincity/ui_tx_zhucheng_renwucaidan_nan12.json.gz,ebde24ec9e126a85be8596f419631f46
C0DA091955B3E9F8C07152EE7DC4F2DB,80920,res_zhcn/animation/ui/afy_maincity/ui_tx_zhucheng_renwucaidan_nan12.pkm.gz,3d9d14ae43f525374ab8dd9da79bd01a
A0DA1C28F118F3B02C7734D95B6F1920,53860,res_zhcn/animation/ui/afy_maincity/ui_tx_zhucheng_renwucaidan_nan12.pkm@alpha.gz,5a1f77e3735d85e6478c6015da3c67aa
13AEF2B2FB94519F11ACCAF1BC16AA63,1003,res_zhcn/animation/ui/afy_maincity/ui_tx_zhucheng_renwucaidan_nv1.atlas.gz,ce36b441edb2955fdcc70e0d83d9d686
02C7D136B2A8240A789A7CF381F39A7F,18180,res_zhcn/animation/ui/afy_maincity/ui_tx_zhucheng_renwucaidan_nv1.json.gz,b3e8d5ec626f0bbd806c870d4f2be12b
A682DD9383ED3257F23518C01C13FF62,69479,res_zhcn/animation/ui/afy_maincity/ui_tx_zhucheng_renwucaidan_nv1.pkm.gz,f61482dcbc6a1674397986b98be857c4
4C42D79F1AA6B8C310310EF525C02642,43885,res_zhcn/animation/ui/afy_maincity/ui_tx_zhucheng_renwucaidan_nv1.pkm@alpha.gz,3f8fee878746730bb8751f706786398a
DFEA83F4A9A9C85764A8CA2D5AB10066,1122,res_zhcn/animation/ui/afy_maincity/ui_tx_zhucheng_renwucaidan_nv21.atlas.gz,5c3af7836332e58b25751b951e5cb71d
542DC72876DF77090308021F28A4AD5C,28846,res_zhcn/animation/ui/afy_maincity/ui_tx_zhucheng_renwucaidan_nv21.json.gz,3a18894e3f17a9abbf58fb3824f4981d
C1F085EEA6C7D339A23A9C6999841DBE,76853,res_zhcn/animation/ui/afy_maincity/ui_tx_zhucheng_renwucaidan_nv21.pkm.gz,55c3fbcf481aa12af67f1aff2b0d8d04
57477BA7FB677353A9436793BBA2558E,46063,res_zhcn/animation/ui/afy_maincity/ui_tx_zhucheng_renwucaidan_nv21.pkm@alpha.gz,58bd37e3045bf021915d0a5683c28d4c
9D8D9F6BED846C4445897DA2528C985E,868,res_zhcn/animation/ui/afy_maincity/ui_tx_zhujiemian_xiaotishi.atlas.gz,0fc9313e2b9da4460f5578d6026655e2
8098F8A6348998380A094DE2B79F75F2,1164,res_zhcn/animation/ui/afy_maincity/ui_tx_zhujiemian_xiaotishi.json.gz,f22c863646ec3a59d37c6b07f1ffb67b
D9F0B03546A39332482966181B1CF78D,61263,res_zhcn/animation/ui/afy_maincity/ui_tx_zhujiemian_xiaotishi.pkm.gz,df6165a6f506d9a48a18e5b2bee6dc39
59D344388143C92CEE3C863DF56E0843,56251,res_zhcn/animation/ui/afy_maincity/ui_tx_zhujiemian_xiaotishi.pkm@alpha.gz,ebbf5b37fef75219d2fb64c511d72c40
F95E29C6ED923618D832141901EABF8A,1098,res_zhcn/animation/ui/afy_maincity/fashion_menu/lihui_bianyuhaike_shenyue_half.atlas.gz,48eb4933629185166e4e9e43450065ca
D52DDD3324F73429319C56FC73131B38,170639,res_zhcn/animation/ui/afy_maincity/fashion_menu/lihui_bianyuhaike_shenyue_half.json.gz,b28d182994ae6f6efacfcb267dd0a7d6
0D67EC35D2477B69B39A4EE6FA01D988,109108,res_zhcn/animation/ui/afy_maincity/fashion_menu/lihui_bianyuhaike_shenyue_half.pkm.gz,0ecae1c1f16eafb6f712e4c7e189a5e5
6CDB56EDB629970F3187FDEA2B6D254F,41145,res_zhcn/animation/ui/afy_maincity/fashion_menu/lihui_bianyuhaike_shenyue_half.pkm@alpha.gz,4fb98d59311d4890c2e6968daa32fd19
056D5E7803DAA73083DF436005B184F8,511,res_zhcn/animation/ui/afy_mirror/ui_tx_jingxiangtiaozhan.atlas.gz,93dded6e3957cd30a77d862b401bcaef
5362FD36A3EBA42A0990D4DBC8B6B6EC,246,res_zhcn/animation/ui/afy_mirror/ui_tx_jingxiangtiaozhan.json.gz,21afd233a00d5e1ff8302d69505420a4
0DF93350B0A8D13540928EC38A599C0F,22838,res_zhcn/animation/ui/afy_mirror/ui_tx_jingxiangtiaozhan.pkm.gz,27c8eb86117ab0814eec5161328af363
D294B8B3B7DC2F60F78A9F49F1285E5F,19255,res_zhcn/animation/ui/afy_mirror/ui_tx_jingxiangtiaozhan.pkm@alpha.gz,169010a34d821aefd340225f4830fd04
9C051DDD178BD43975FBFD4C8D4CC376,506,res_zhcn/animation/ui/afy_nest/ui_tx_chaoxue_nanduanniu.atlas.gz,3daab83a7f3547b3bad72f2ebc3f0b39
C9E641ACB69A9CE3453DCA29ACAD7CCA,481,res_zhcn/animation/ui/afy_nest/ui_tx_chaoxue_nanduanniu.json.gz,ff7505d8af4ed9edd06ba781f3c6a68b
9EF709D00E7E96FA38798B36FFE9FB65,21342,res_zhcn/animation/ui/afy_nest/ui_tx_chaoxue_nanduanniu.pkm.gz,bec27d95de94a42e2f3f0ad3761a9f9a
43BBFCD77C722195E8BF74C9BEFD3BF4,18918,res_zhcn/animation/ui/afy_nest/ui_tx_chaoxue_nanduanniu.pkm@alpha.gz,18fc6141813be06ea0801ec766d69a28
88F6CACD4D75F6A633474D214C4BD210,255,res_zhcn/animation/ui/afy_nest/ui_tx_pipeizhong.atlas.gz,11ff47faf69a96d0112cb68bb37c4f8f
349891F0E24BE79255956C2C6C5D3561,404,res_zhcn/animation/ui/afy_nest/ui_tx_pipeizhong.json.gz,f65961799a8823aa90a5f515b8cf349e
56DC1C68088F6238E32D2C40A33EAE80,1466,res_zhcn/animation/ui/afy_nest/ui_tx_pipeizhong.pkm.gz,32804a24ae9ea0a2fc6ece98b8fe7a76
0C1DEE53D537B0F7D1E94A2F10E337CE,1831,res_zhcn/animation/ui/afy_nest/ui_tx_pipeizhong.pkm@alpha.gz,5bddaf9a3f96d2d2799438fa729bf97b
4A089A3093ECABAE04679AFA83577D05,1111,res_zhcn/animation/ui/afy_newyear/ui_tx_nianshoubg.atlas.gz,2aa903c1ce56da0471998bce92575900
02FD5023D7B38CC3FD228AF30E1ED710,3051,res_zhcn/animation/ui/afy_newyear/ui_tx_nianshoubg.json.gz,fb54eede63ca2c57ef7d6e4b300434ae
715A3398CE903A6C53FD0090B58F05EA,148042,res_zhcn/animation/ui/afy_newyear/ui_tx_nianshoubg.pkm.gz,ad12adfc120aebec40a35bfb3b312b54
B91CAD83BB054B601800BCB78EA1B844,94124,res_zhcn/animation/ui/afy_newyear/ui_tx_nianshoubg.pkm@alpha.gz,e677f67a1dc7b9465c65984aca033355
0BB766EA1A4A4A7149828A02D030BCE7,1180,res_zhcn/animation/ui/afy_open_rank_reward/ui_tx_kaifubipin.atlas.gz,eb93572bba75fecdeb1147dde0169a36
D79FDCD639E45A9272FCD66A83B0F95D,1566,res_zhcn/animation/ui/afy_open_rank_reward/ui_tx_kaifubipin.json.gz,9989b60a5a1c61e8044504ef138076f3
C25DF2A69D5E6149A960A2786514F982,84409,res_zhcn/animation/ui/afy_open_rank_reward/ui_tx_kaifubipin.pkm.gz,ff6a26289f291f9bde821e390663c4ba
3461ED9AE5966B144F87F6651060B5B7,96229,res_zhcn/animation/ui/afy_open_rank_reward/ui_tx_kaifubipin.pkm@alpha.gz,95f407f1ed885411a96b955d95ab3743
3CC1FEB47859A1342D0A41AD6C0F7CDA,614,res_zhcn/animation/ui/afy_partner/ui_tx_huobanshengxing2.atlas.gz,3f17682bd7a23c9eb5e76dc1aea148b2
EE22039E3BDF270699D585002DBB3AC4,1293,res_zhcn/animation/ui/afy_partner/ui_tx_huobanshengxing2.json.gz,9b914b7361901592715ba9dbf1aa8dda
8C45BC209F1837622F474F1FBB8F6F87,77145,res_zhcn/animation/ui/afy_partner/ui_tx_huobanshengxing2.pkm.gz,c1fde7d2c45e04364478bcc53d06e69b
5BB1F924858A537A570D6750C6124A99,34714,res_zhcn/animation/ui/afy_partner/ui_tx_huobanshengxing2.pkm@alpha.gz,cb09220d016ea039946246d7bb3dad4f
D75042C249BD439E8C0948C2EB12277D,951,res_zhcn/animation/ui/afy_partner/ui_tx_huobanwuqi.atlas.gz,c0de2c17e81bf130affdc9aa38fd5f7a
D729B610AC717B0199C7721FC5AA014C,711,res_zhcn/animation/ui/afy_partner/ui_tx_huobanwuqi.json.gz,2ab98e67f42f55ffe84ecdd20d1ffcee
4A52CAA40ABF9832663410772FA22EE5,116350,res_zhcn/animation/ui/afy_partner/ui_tx_huobanwuqi.pkm.gz,9f1154aeb0bc25f0231b107e3abf90ea
9D824CA89E884744DA5354B541C32271,96991,res_zhcn/animation/ui/afy_partner/ui_tx_huobanwuqi.pkm@alpha.gz,d21b8a43d3e6c13c59b716d8197e3c4f
F5A830F5364E697045572A9A064629A6,267,res_zhcn/animation/ui/afy_payer_equip/tx_ui_quanbujihuo.atlas.gz,d6cdd677d7dc190c1b42a890a9130374
FBDE4EAF74642AEE82E1F7BF7A94B217,517,res_zhcn/animation/ui/afy_payer_equip/tx_ui_quanbujihuo.json.gz,948bd8df8db5e8bdace0e78e0fbd2b04
EA3596ACCA039017A3861F67F0A9CC44,2760,res_zhcn/animation/ui/afy_payer_equip/tx_ui_quanbujihuo.pkm.gz,9b5a081ec213fb0d3c334bd3751afd31
A86FD6F1BF9004B191071FF536FFDE26,2494,res_zhcn/animation/ui/afy_payer_equip/tx_ui_quanbujihuo.pkm@alpha.gz,e55281f70b61f2814aec84b1e4bbd6e9
227474F5D30139DD8891D2CE277D5FD1,1534,res_zhcn/animation/ui/afy_payer_equip/ui_tx_beibao_nan1.atlas.gz,2c5c6fd888326019f95430f52e4f4ec5
12FE789AD5FB670FDDA87AEE4D7410E4,64788,res_zhcn/animation/ui/afy_payer_equip/ui_tx_beibao_nan1.json.gz,86d52ebf1ea62dfce6fde917a8f61251
F67999587E14B8A10DB46C4A574E07FC,272284,res_zhcn/animation/ui/afy_payer_equip/ui_tx_beibao_nan1.pkm.gz,f5b0201400a58270afab3bbddb525b56
A6838140745BCE5B1B58B22105C10B17,116433,res_zhcn/animation/ui/afy_payer_equip/ui_tx_beibao_nan1.pkm@alpha.gz,6b05834a43398bc1cc1fd07db7f43676
3AF2BAA2C9BC86A4BF70890093A8D0B8,1384,res_zhcn/animation/ui/afy_payer_equip/ui_tx_beibao_nan11.atlas.gz,0a4e80ce5eb4dd3d936efdd8493e06c7
AD436DD49D8C02582EF4B471AB144999,41680,res_zhcn/animation/ui/afy_payer_equip/ui_tx_beibao_nan11.json.gz,1dcce3f313573398e80564537c929499
4810BAE105B1922A1D56D3AED061E8D2,340652,res_zhcn/animation/ui/afy_payer_equip/ui_tx_beibao_nan11.pkm.gz,674b23c43834e3d762b384ab3fd8df7e
75EAB33341D44D00AFC003C5A2C79939,155678,res_zhcn/animation/ui/afy_payer_equip/ui_tx_beibao_nan11.pkm@alpha.gz,ec331c1cbf41d5ebe891c24b6a5c46f6
545EB90116A4A65448E4481F24200C19,1342,res_zhcn/animation/ui/afy_payer_equip/ui_tx_beibao_nan12.atlas.gz,02fd006569e03908b12897c4a92978fd
B768AF54D7EA7E1EE1E9B1284D2B9044,42845,res_zhcn/animation/ui/afy_payer_equip/ui_tx_beibao_nan12.json.gz,e3fb27aac09a2e50c89c405728c009eb
EC91C5E74BB14894058E28D3BF2B9FE4,294592,res_zhcn/animation/ui/afy_payer_equip/ui_tx_beibao_nan12.pkm.gz,423107c7a8780acc803593e93e42577a
72E298392496CB24E006FDC98689CC1E,121307,res_zhcn/animation/ui/afy_payer_equip/ui_tx_beibao_nan12.pkm@alpha.gz,f9f726b4b7af678322e6e4e98cde10f8
A05ED595CAB933920D3C94946E84FBF1,1191,res_zhcn/animation/ui/afy_payer_equip/ui_tx_beibao_nv2.atlas.gz,d1e2aed7217c444fc4a4c791bdbc4506
E8D0C966083B73289EA0FB409C32FF33,29615,res_zhcn/animation/ui/afy_payer_equip/ui_tx_beibao_nv2.json.gz,5fc23a02413c5470ff806bd9d05067ce
717523CB810183D992C4462B41FEFE33,573766,res_zhcn/animation/ui/afy_payer_equip/ui_tx_beibao_nv2.pkm.gz,a72057c9ac40acdf436d0c08c7cfffac
1AE58FF8B7BF81DBAED9EBC4162C63E9,159126,res_zhcn/animation/ui/afy_payer_equip/ui_tx_beibao_nv2.pkm@alpha.gz,eb8a973e93953159104cdeab92e0fad9
8D6CAC042DA823821655A5C4F3529F39,1594,res_zhcn/animation/ui/afy_payer_equip/ui_tx_beibao_nv22.atlas.gz,36e9381f85fbdde5badfd616859cf5a3
7B45CAAB67C94B0BC433CC892811CFD6,64969,res_zhcn/animation/ui/afy_payer_equip/ui_tx_beibao_nv22.json.gz,e182c9d841bff3ef3dd91aec332d029f
97A8B2BC5CD87B763065D525AA5FFDA8,290807,res_zhcn/animation/ui/afy_payer_equip/ui_tx_beibao_nv22.pkm.gz,d40d64104641254df130d7fde8ab960c
E50C0A8B4BD10E60A2CD0F16A9DB8E46,113918,res_zhcn/animation/ui/afy_payer_equip/ui_tx_beibao_nv22.pkm@alpha.gz,8a59695eff340595cf454f55e341ba72
5E09C7D33AF65555286B4216227FBDF0,1540,res_zhcn/animation/ui/afy_payer_equip/ui_tx_beibao_nv4.atlas.gz,d9df45f5bd2d8adb649167fbb0b71f17
46D32F3C4EF5D4C0FFFC518ACFDECD82,81936,res_zhcn/animation/ui/afy_payer_equip/ui_tx_beibao_nv4.json.gz,2217e94f2c93e5c63a5052f091977754
3E226D41BE1DAB9A68AB54C0DD149608,328815,res_zhcn/animation/ui/afy_payer_equip/ui_tx_beibao_nv4.pkm.gz,a857cb7f20700925424fbfbef574386d
FEA4A84BB425F3794411725FC0D28056,137266,res_zhcn/animation/ui/afy_payer_equip/ui_tx_beibao_nv4.pkm@alpha.gz,a13c4042e780799ed5f2a84a150b31b8
2C561CA970BF32CB4A3E0A3FAE3D7249,1384,res_zhcn/animation/ui/afy_payer_equip/ui_tx_beibao_nv42.atlas.gz,77556683a66773db9a5a76a97bdc8079
8735B4EBCBAF54258E8FFEF54A6D35D8,52585,res_zhcn/animation/ui/afy_payer_equip/ui_tx_beibao_nv42.json.gz,504085026d10df8eb285c32ba73c4902
281CF5276D4E54E14720B81F24615F16,263638,res_zhcn/animation/ui/afy_payer_equip/ui_tx_beibao_nv42.pkm.gz,0b38a16868f292c4a8f527ea02addb6f
C1F45610BE86E958AE590E5AB4A7F7AB,110614,res_zhcn/animation/ui/afy_payer_equip/ui_tx_beibao_nv42.pkm@alpha.gz,78967757582f99879989a4506abb079b
F961CF80F908C6C518C029392D5ACD56,1115,res_zhcn/animation/ui/afy_payer_equip/ui_tx_fenjie.atlas.gz,a26445d7a6e202371774ff996065ee6c
179C4C0B7D370321C788B11CA704D8A6,3626,res_zhcn/animation/ui/afy_payer_equip/ui_tx_fenjie.json.gz,7f1dc803d4b1691067ade23aaeab7a63
873532548D5CD15BBC17EE32E2CD716C,253891,res_zhcn/animation/ui/afy_payer_equip/ui_tx_fenjie.pkm.gz,7b78725b3c58fa52a6bb9697d5d3de94
96D3071744E8122C8C4947A59DB8CCC9,221529,res_zhcn/animation/ui/afy_payer_equip/ui_tx_fenjie.pkm@alpha.gz,27e2bfb13ee9a967e9ff2a654dc45f72
8B5679FE9AB189A9DC525CED625186B0,1365,res_zhcn/animation/ui/afy_potential/ui_tx_qianneng.atlas.gz,40a272069e6cecda85ce37e71b25cf8f
85BC1204D0C948EA04B5731F18244198,4143,res_zhcn/animation/ui/afy_potential/ui_tx_qianneng.json.gz,54bb305fd0f36e99c24bdbba9f0a527e
1A1D77068133DC6E679B26584AFF834A,612531,res_zhcn/animation/ui/afy_potential/ui_tx_qianneng.pkm.gz,f423d0f5d12697baa2ff94e504e2113b
60A717A68789E29B3BCBEA12B5D15551,475498,res_zhcn/animation/ui/afy_potential/ui_tx_qianneng.pkm@alpha.gz,a32592ae5627734978477141d35b0de3
8D4707B70C09DA7A4964E790907B8705,739,res_zhcn/animation/ui/afy_pvp/ui_tx_anniuzitexiao.atlas.gz,7cfd6f241755f4c25a29a05ff7709e19
9B2ACF0621593591C041303516C4FAEF,932,res_zhcn/animation/ui/afy_pvp/ui_tx_anniuzitexiao.json.gz,c3d4239d6199a80a4139a440493c8bea
612649C6FBD7C12349A9EB69F265970D,67321,res_zhcn/animation/ui/afy_pvp/ui_tx_anniuzitexiao.pkm.gz,81eca5011777565869633f31983086e3
51C70944C5F24333925A7B9C6BFD6CF2,51560,res_zhcn/animation/ui/afy_pvp/ui_tx_anniuzitexiao.pkm@alpha.gz,3df0bbc5e7a923b35c93733e7552c5f9
49D38B06F4B624B9ED65D2BD2DA27EDD,705,res_zhcn/animation/ui/afy_pvp/ui_tx_pvp.atlas.gz,321d52539bcc7fa19ab1c02cd828bd49
5FEA74CE1818DF439017AF027B532C35,2706,res_zhcn/animation/ui/afy_pvp/ui_tx_pvp.json.gz,b77de322c44dd66032d5c2630f9839b7
B2988D043667C4A867CA6728E3AB8234,172928,res_zhcn/animation/ui/afy_pvp/ui_tx_pvp.pkm.gz,c897275c39956450ee6b372695d4153d
CD1A267DB556F15C002446B7FF7FE46A,138270,res_zhcn/animation/ui/afy_pvp/ui_tx_pvp.pkm@alpha.gz,057cdcb651e74effd3fb2a72a95238af
F211FC46A89A2F5ECBAAB5103CADDBFC,318,res_zhcn/animation/ui/afy_pvp/ui_tx_pvp_guankanzhong.atlas.gz,88fa38fe72e2db2f666b26ce605926e8
E2B086D791299A32DDBBB5C4232AD9C1,323,res_zhcn/animation/ui/afy_pvp/ui_tx_pvp_guankanzhong.json.gz,e3df839ce94c262d00f783fb95166839
835A0127B380A92E367F41998CB4FE64,5596,res_zhcn/animation/ui/afy_pvp/ui_tx_pvp_guankanzhong.pkm.gz,572623398322742113cfaf020b867a23
3BA8D6C54A6815E39EE627232F1D2570,7041,res_zhcn/animation/ui/afy_pvp/ui_tx_pvp_guankanzhong.pkm@alpha.gz,7d096b7fe95e50c939eb91673970f730
B3A344BCA1192FD898397D11D73E2DB4,534,res_zhcn/animation/ui/afy_skill/tx_ui_gaizao.atlas.gz,2f53fa0e772515a3d6029413e6deaf49
8D7F426929A3B47783072251478DB128,317,res_zhcn/animation/ui/afy_skill/tx_ui_gaizao.json.gz,e9328ce8693feee925efed66a9b0fe4e
B6AB9C9A1325CA7C7223D6BF9CBEEDC8,19860,res_zhcn/animation/ui/afy_skill/tx_ui_gaizao.pkm.gz,df54f5b36033708887bec73780e96f98
7F4AB7B3CDC26CE3E1F3FCC6A8697889,20669,res_zhcn/animation/ui/afy_skill/tx_ui_gaizao.pkm@alpha.gz,36b9d7c2eb3d314338f43649fa2e37af
2829D0FC88A390A5AF38712168E5B4A2,541,res_zhcn/animation/ui/afy_skill/ui_jineng_cuozhaozhiling.atlas.gz,6060a09d2ef7ba763d8fc1681fda2787
C61F1DF34B87E05455EE51264A6AFA2E,11892,res_zhcn/animation/ui/afy_skill/ui_jineng_cuozhaozhiling.json.gz,d16ae92d29ea0e390b734cf469784fea
2B6FCA851CC3B9972524757F55CC2246,5283,res_zhcn/animation/ui/afy_skill/ui_jineng_cuozhaozhiling.pkm.gz,55baa6422b0c602b0bb0bff011778263
CF85B68D2B66DBFE171F1919F2ECCA9B,5942,res_zhcn/animation/ui/afy_skill/ui_jineng_cuozhaozhiling.pkm@alpha.gz,40bba09e56e44b8931b52d36131bcfc4
3051669F7BFE565959A2D09C1C688429,626,res_zhcn/animation/ui/afy_sprite/tx_ui_chongwushuxingjiacheng.atlas.gz,11fd420925c61d07b2b749c4194acfb4
4AB7751EF50D2480EB4ABFFA3B1DB06A,670,res_zhcn/animation/ui/afy_sprite/tx_ui_chongwushuxingjiacheng.json.gz,3d1e50d450b11adafc1fda0225ceeef6
0E08E6989F0496CF5CEB29E9367A4671,16927,res_zhcn/animation/ui/afy_sprite/tx_ui_chongwushuxingjiacheng.pkm.gz,2b0706036680db52ee1b0a650bc2c447
06172E802AC888DFA318D5136176E81C,13565,res_zhcn/animation/ui/afy_sprite/tx_ui_chongwushuxingjiacheng.pkm@alpha.gz,2bf9b76856b97a78be6176c37b1ebff2
CCAB9AB5C6554553E761492F605CEA09,636,res_zhcn/animation/ui/afy_sprite/ui_tx_chongwujinjiechenggong.atlas.gz,401d11bd505e7ec8376fcce5ede05734
E7530B0A69E20C39DE88DBE75557C5E8,973,res_zhcn/animation/ui/afy_sprite/ui_tx_chongwujinjiechenggong.json.gz,c2f20ad2506ffc25f086217241c2f480
864CD987AC0F49276C5D60DB21E5B191,10555,res_zhcn/animation/ui/afy_sprite/ui_tx_chongwujinjiechenggong.pkm.gz,9ff02b9f4bd31fd7a6b593f50584d5cb
187E23533A1FBD52CB83C726CFA022DF,10191,res_zhcn/animation/ui/afy_sprite/ui_tx_chongwujinjiechenggong.pkm@alpha.gz,63372f5ea1407992bd1dde94f468dd28
846B0BBA3AFCE6759087182ED628ADAA,312,res_zhcn/animation/ui/afy_sprite/ui_tx_chongwukesaodang.atlas.gz,a0a3aaaaa3259d44cb649f2ad8e4cc9f
ECB96BB5E3302E5A3A76CCD064D20F83,326,res_zhcn/animation/ui/afy_sprite/ui_tx_chongwukesaodang.json.gz,1cf5c71cc81a026d07e18669417274dd
CA6AC052AA6919EE822EB53BD4ABF4D2,2107,res_zhcn/animation/ui/afy_sprite/ui_tx_chongwukesaodang.pkm.gz,85de47c8cc86ff1578dfd838470c6f11
8BB902276E49B240C5FFC91550B899A9,2946,res_zhcn/animation/ui/afy_sprite/ui_tx_chongwukesaodang.pkm@alpha.gz,20f9778e541989b34e1d97c234666a9e
451F81BDA9F12FCE14589832B3EB151E,1813,res_zhcn/animation/ui/afy_sprite/ui_tx_chongwushengxing.atlas.gz,d8f509273bcda309a9080600385e0110
EEFDEC7E1BFF920D230DAC31CFB75E26,11542,res_zhcn/animation/ui/afy_sprite/ui_tx_chongwushengxing.json.gz,5aac4064e52dcb1752902509b73a7dc3
16EBDFEAFE768F025C125F8B940467AE,1174777,res_zhcn/animation/ui/afy_sprite/ui_tx_chongwushengxing.pkm.gz,af489d624ca4a7e9aa9e0f272141d690
5EA9DBA0831B35ED0EDA77D64572D2DE,662086,res_zhcn/animation/ui/afy_sprite/ui_tx_chongwushengxing.pkm@alpha.gz,32cf8c3134c4451b69409eac75f7c716
3F6E953F867FA6DE493EB86B48315B1F,216,res_zhcn/animation/ui/afy_stage/ui_tx_fuben_renwumubiao.atlas.gz,9dad974e33a6fc04f37781411507aa1c
8E7C4A6CFB98BA0B854FF7B81480AEBA,219,res_zhcn/animation/ui/afy_stage/ui_tx_fuben_renwumubiao.json.gz,069181c6a830a653dbb0135959e0a9bb
3E72013CE7EA75A5E57B70451DB72597,1324,res_zhcn/animation/ui/afy_stage/ui_tx_fuben_renwumubiao.pkm.gz,87f83d8ae2aacec934bf4e0ab2422c17
2048842825AAB547D21F796D72C74F42,682,res_zhcn/animation/ui/afy_stage/ui_tx_fuben_renwumubiao.pkm@alpha.gz,f3e541a837aee9ff4dca18252756f4b1
0D9CFB811037926A700DD8763DC5D79B,489,res_zhcn/animation/ui/afy_stage/ui_tx_hud_nandutishi.atlas.gz,7f90b0432853920ab0e5631409e0f3df
9CD8E9A93C303E95F662260A2BE28422,636,res_zhcn/animation/ui/afy_stage/ui_tx_hud_nandutishi.json.gz,1d81f366c36b6f26bd67e538c1522902
E86A87946EDE4E98B159004AE7B75DEA,125265,res_zhcn/animation/ui/afy_stage/ui_tx_hud_nandutishi.pkm.gz,981975a2a9d90813667cfe23a8476303
0371C443BF004DC85C0D6BF8D5D2519A,84521,res_zhcn/animation/ui/afy_stage/ui_tx_hud_nandutishi.pkm@alpha.gz,0a30fcd3efe2b85aa09cea696bb17ccf
24642484D5B02FD776A244BD5C7530EC,565,res_zhcn/animation/ui/afy_stage/ui_tx_kaifangdubaoxiang.atlas.gz,63a022ef5bb5bb3f9eeb0d869d2cd8b1
8E411A5DE3E96E2F7EF131CCFC05CD6C,570,res_zhcn/animation/ui/afy_stage/ui_tx_kaifangdubaoxiang.json.gz,d999eed470b9a1036863e0538373d7db
F5AAE54F9C447AB81A75F509A03A809B,27065,res_zhcn/animation/ui/afy_stage/ui_tx_kaifangdubaoxiang.pkm.gz,d83e22fbccee1b14ad03eb6f85a6df37
F71FD76837E28EA26FE81AACB302A9FF,11788,res_zhcn/animation/ui/afy_stage/ui_tx_kaifangdubaoxiang.pkm@alpha.gz,dba902a2851d039bf91eb3c754368aca
72C84D66B398799A414A9B7D0EE7BA0A,784,res_zhcn/animation/ui/afy_stage/ui_tx_zhuxianfuben.atlas.gz,7b9ed7947bfdcf261ec730a641165e64
62F99EDFA130C0858F2482436E53B7B4,1518,res_zhcn/animation/ui/afy_stage/ui_tx_zhuxianfuben.json.gz,bf9d845e821d103bed207b0806ab95f4
919EFAE3443BF8F61C8DF221511AA86D,23437,res_zhcn/animation/ui/afy_stage/ui_tx_zhuxianfuben.pkm.gz,20e3eb96dcb9f283e4c3a581df524f02
C2996CA0E5AA7EABC91D5D5C91B91B64,13450,res_zhcn/animation/ui/afy_stage/ui_tx_zhuxianfuben.pkm@alpha.gz,56b23fe1fcc2b8aad0b1d0bcfd4dd205
29D7303A91ED940A98CC5BE474AEB925,570,res_zhcn/animation/ui/afy_superskill/ui_tx_jiesuoaoyi.atlas.gz,cac8c5fcf9fb0b643252f74d78fcf3c9
32C341349EEA48862F23E08D3C051863,846,res_zhcn/animation/ui/afy_superskill/ui_tx_jiesuoaoyi.json.gz,89deede430dcf74b97c028da5c66430d
8539EDD40E0584F2EE7AE1788C99CF07,15528,res_zhcn/animation/ui/afy_superskill/ui_tx_jiesuoaoyi.pkm.gz,36fb5fbc931332395c34ff3bddca2384
EE49023A161F456441C3B02559572528,16727,res_zhcn/animation/ui/afy_superskill/ui_tx_jiesuoaoyi.pkm@alpha.gz,0758f4135f754e1fa5eca794b39abc2f
5ECB71D19C33B894757A536EF9962ADA,663,res_zhcn/animation/ui/afy_title/icon_daoju_chaojidajin.atlas.gz,55dac1a29c09be269a54545ae6f3bbc8
C9D2E7F6BE29B6E289B3CF54DCAE9BA7,921,res_zhcn/animation/ui/afy_title/icon_daoju_chaojidajin.json.gz,7f4daa0ce1d58dc2fafabdb2fa6dd086
851FB888BA96C62F2F0A59356BA510B6,56103,res_zhcn/animation/ui/afy_title/icon_daoju_chaojidajin.pkm.gz,b4b5c068f8121f4096d691cfd7b85c2e
4AACC83CE26DE76B9C89697218532B7D,41813,res_zhcn/animation/ui/afy_title/icon_daoju_chaojidajin.pkm@alpha.gz,6405685c7e74008c756aad87da9d591c
F7F64791693DC4EB17CF166136D51874,645,res_zhcn/animation/ui/afy_title/icon_daoju_qilewuqiong.atlas.gz,f35b426d1eee738797e2ab55c7e9c5b1
2C8484EC283AD26C1E751ED8FCE74CEB,14520,res_zhcn/animation/ui/afy_title/icon_daoju_qilewuqiong.json.gz,88e7c53218e07f06ae573054f09bd51e
095BC0105D8558D95DED7E8691E0C8A5,53883,res_zhcn/animation/ui/afy_title/icon_daoju_qilewuqiong.pkm.gz,0dd045a338bfbcc1045e591989c6014c
B1CDC82B6F7C94001F389D8896084A41,21847,res_zhcn/animation/ui/afy_title/icon_daoju_qilewuqiong.pkm@alpha.gz,e88a33b546d32444c28dcc60e7c69e92
7C09CA6EA3CB5DEA1F6D9D44098AC3A2,982,res_zhcn/animation/ui/afy_title/icon_daoju_tianxuandajin.atlas.gz,7b7e65ab28efd39a0f4406cdf01700f3
2D5685C044B8F6D50831F4A6534A5A41,2298,res_zhcn/animation/ui/afy_title/icon_daoju_tianxuandajin.json.gz,7b63f56d335a0c8e6428f050d526cf0d
2D138E9618D9F48132F814C71EE19697,268842,res_zhcn/animation/ui/afy_title/icon_daoju_tianxuandajin.pkm.gz,bbf8f7fe540dba638c0592262d555bc2
8829611CB821505B7BD7DE9175CBE390,204326,res_zhcn/animation/ui/afy_title/icon_daoju_tianxuandajin.pkm@alpha.gz,471e6c9750e6a1e842adf3c7f3f713d0
72C5B4CDCB97CEF227F11AABD0B8B5E1,624,res_zhcn/animation/ui/afy_title/icon_daoju_yinhantiaotiao.atlas.gz,fad36ec4edb336e6d25dbca20814293f
04C145BACC61DDD8710E072FD8CF49BC,15541,res_zhcn/animation/ui/afy_title/icon_daoju_yinhantiaotiao.json.gz,70ced8f4bbbb69e56469b753298a128b
42CEF9D505C599E6A1BBA83EE9499943,78818,res_zhcn/animation/ui/afy_title/icon_daoju_yinhantiaotiao.pkm.gz,809eb428c81b24bec30db89074a6530b
211DB9D11A22EF6CAFFE668FE4EF4F94,58412,res_zhcn/animation/ui/afy_title/icon_daoju_yinhantiaotiao.pkm@alpha.gz,60bfa1ceef92ddff5d2ab271f8b1c2d8
2400A5D98B801D759C1CD5927C5B473B,764,res_zhcn/animation/ui/afy_title/icon_daoju_zhizundajin.atlas.gz,5fb3637a23fef0ebd364517e5919627f
82A91AA50DCA9FF4776A0C98A4364CA1,1774,res_zhcn/animation/ui/afy_title/icon_daoju_zhizundajin.json.gz,b16feb293a9275f7f3b469827b5dcb10
59CF4F5FDA14BC4F7F17AD3F8F9669ED,79630,res_zhcn/animation/ui/afy_title/icon_daoju_zhizundajin.pkm.gz,64b151c14b61a80600b85083915d4d9d
07A05015B77D72315E301C8BA549B2B5,50983,res_zhcn/animation/ui/afy_title/icon_daoju_zhizundajin.pkm@alpha.gz,5acd3869599f4d3f85b5b4d43719d27a
A9815E7AA40723822C986792A7C15C98,773,res_zhcn/animation/ui/afy_title/ui_chenghao_beishaoshiguang.atlas.gz,489f6d22c43092727122a26d4b61e93b
47DD54FBC450237D45A5578F6E5CCA08,3836,res_zhcn/animation/ui/afy_title/ui_chenghao_beishaoshiguang.json.gz,38872586db7e65e479e7fbe440708203
E1E043333B37C6B8B08FC0B6D927A0B7,42977,res_zhcn/animation/ui/afy_title/ui_chenghao_beishaoshiguang.pkm.gz,cfe3e9471cbd3cfeb930f725697c8c1b
C96E461BC934D61312919D6FC1BFB2B7,24665,res_zhcn/animation/ui/afy_title/ui_chenghao_beishaoshiguang.pkm@alpha.gz,c403bedfe793e214f223c752fd9d4ea8
8AC3DF193F5B30B8F5882BCCB983BC4A,1223,res_zhcn/animation/ui/afy_title/ui_chenghao_cainiangchunmang.atlas.gz,e8f94ef6d2c5eaee8f1ac0c56601322f
098F2304142A17D1CCA2D4D0DECBEFF8,23943,res_zhcn/animation/ui/afy_title/ui_chenghao_cainiangchunmang.json.gz,cce1b7540de026cd08469cd9eaf992af
417534429D2968A5C53F69F610F6245E,899897,res_zhcn/animation/ui/afy_title/ui_chenghao_cainiangchunmang.pkm.gz,81e5b96a88338896c698c8d372a827f8
6C29126209A7363D538D64FEE6EAD8D0,205652,res_zhcn/animation/ui/afy_title/ui_chenghao_cainiangchunmang.pkm@alpha.gz,946f97022fdd17e6f1fb4e74f726cb32
FECE217FAF826B6C36EB33C0629897A5,1199,res_zhcn/animation/ui/afy_title/ui_chenghao_chongzhineice.atlas.gz,95b961b0ed90073179c2cde90ee170a1
731DE547163AC8196F2F49DFA8EFCF28,3365,res_zhcn/animation/ui/afy_title/ui_chenghao_chongzhineice.json.gz,fe15e6beda4bbb7d30a0ace6f7496c25
40E7FAF02E0E53C5775635B8E01F5E8E,249340,res_zhcn/animation/ui/afy_title/ui_chenghao_chongzhineice.pkm.gz,dfd37a3cd25f9b2d8238247afb330993
FFC481399EE266F7AAA089B98F68CB18,243677,res_zhcn/animation/ui/afy_title/ui_chenghao_chongzhineice.pkm@alpha.gz,9717b0c29c8644698ef97e48caf3b6ea
466F4BC8A744B8D4BD41E48A125934CE,926,res_zhcn/animation/ui/afy_title/ui_chenghao_duanwulongzhou.atlas.gz,904def6a387274e8fba2e88b66c662cd
6B1CFC648C29AFC6BFEFBFD90BD9DC24,3007,res_zhcn/animation/ui/afy_title/ui_chenghao_duanwulongzhou.json.gz,a44e5d294d8f39787072741697dd7e7b
D7B571ECA38E0EA528249A1319C75F75,368753,res_zhcn/animation/ui/afy_title/ui_chenghao_duanwulongzhou.pkm.gz,cba54f622452c971e760237581d6cf84
45A27CD885DB5106BA884D784A82CC08,142425,res_zhcn/animation/ui/afy_title/ui_chenghao_duanwulongzhou.pkm@alpha.gz,acd21ac1c974112591bd6df82f7ae635
DE98C4FB8DC7711376D46AFA0E829337,720,res_zhcn/animation/ui/afy_title/ui_chenghao_haishayinxiang.atlas.gz,a3796299f2cfda8a8abd7f0d38c8833e
F78FA0D202910623014D77756FB800AE,6972,res_zhcn/animation/ui/afy_title/ui_chenghao_haishayinxiang.json.gz,51b369ab936da716875923c5da102a38
4DA8E5B499FAC16E3800B26433D1A789,28300,res_zhcn/animation/ui/afy_title/ui_chenghao_haishayinxiang.pkm.gz,dddd015e57fbf17a38029e3570dab98f
3EC5ACE2F310D984031AAB7FF713CE9D,12656,res_zhcn/animation/ui/afy_title/ui_chenghao_haishayinxiang.pkm@alpha.gz,bfcb6b2a85f3b703d99e8cf807caabdd
381D7483CDC52D705671A9931CA10C25,2184,res_zhcn/animation/ui/afy_title/ui_chenghao_kuwanchognlang.atlas.gz,71af03f02859b32eb0bbc87c1b8363e0
0587D8EEC8A2113709076AF8A36A8E64,28442,res_zhcn/animation/ui/afy_title/ui_chenghao_kuwanchognlang.json.gz,dc1b95d1543538a86fc88bbb9f284cf3
FE3083DC1407B097AF9F96AB2524B09C,783837,res_zhcn/animation/ui/afy_title/ui_chenghao_kuwanchognlang.pkm.gz,f5e3d97635eab20982e5779d7c8747c6
BB54DD81FE77C515B352F63DFF26B65F,479237,res_zhcn/animation/ui/afy_title/ui_chenghao_kuwanchognlang.pkm@alpha.gz,deb28a6312a4f8760da77ff93761da6e
B5DC949F88853ABB74B58E0C656747F1,901,res_zhcn/animation/ui/afy_title/ui_chenghao_mianfeineice.atlas.gz,b097c70e677ea9d28a12877c37a66742
32A21E37FC477BFF72E4715CA624F47E,1699,res_zhcn/animation/ui/afy_title/ui_chenghao_mianfeineice.json.gz,5912e8be5929ffbaae63b5eea11fc6d0
D42A120131B029ED9E81E618290D7C3C,93137,res_zhcn/animation/ui/afy_title/ui_chenghao_mianfeineice.pkm.gz,12f34c38734d777094cc94229acdab30
7E4338038E66FD1565DE89E0B3B1489C,77451,res_zhcn/animation/ui/afy_title/ui_chenghao_mianfeineice.pkm@alpha.gz,4d549f6078177fae83e7189918c800af
5DB3E43C00B82AFD09B7A01E630DC496,906,res_zhcn/animation/ui/afy_title/ui_chenghao_miaobitongxin.atlas.gz,16a93d03fd9707a0499b74b4d89f1bb0
761BB516FD456012E2350741EBDF45BB,7082,res_zhcn/animation/ui/afy_title/ui_chenghao_miaobitongxin.json.gz,7ba85efa9fe072c2f2686d21d0467c28
CAEFD234FE7BFDF6B9484E106394A2D3,93123,res_zhcn/animation/ui/afy_title/ui_chenghao_miaobitongxin.pkm.gz,2bb42cb8130b903f6802495e9a7a11f6
6844FD695DCC2C2B5C2461185D48C52A,60788,res_zhcn/animation/ui/afy_title/ui_chenghao_miaobitongxin.pkm@alpha.gz,fbb91418ac8a1ba24d832809af21b3ba
6A96C6CB99D669CE51220663547FF3D0,1596,res_zhcn/animation/ui/afy_title/ui_chenghao_potianfuxiao.atlas.gz,aa8d0faa8199918434baefcc5e503059
F111088D9D73A1106E847E39D8FA43CA,12135,res_zhcn/animation/ui/afy_title/ui_chenghao_potianfuxiao.json.gz,6567cf602903a4b4932b117adda022da
E76C2888538ECEB0BA9A7D8254DC8788,255807,res_zhcn/animation/ui/afy_title/ui_chenghao_potianfuxiao.pkm.gz,889a5b8b2b0ef9f99d461688495110dc
F89AD0541FAFB9593E444775F37B243D,162072,res_zhcn/animation/ui/afy_title/ui_chenghao_potianfuxiao.pkm@alpha.gz,07ec45e6f5b4cb68a62e0d866d80944d
E42FCBDEC7599491EBFF7B5CE258B3B8,1239,res_zhcn/animation/ui/afy_title/ui_chenghao_qingchuanyunnuan.atlas.gz,8cbf6622471eb63e4c10c33e727ebe75
785B77D159A1BD7FC6F3D67D9B6047D6,10174,res_zhcn/animation/ui/afy_title/ui_chenghao_qingchuanyunnuan.json.gz,cdf01bc9d756a165ec2c90194f015f29
2D182735C8D03614EDF24DDCA71D00CC,320821,res_zhcn/animation/ui/afy_title/ui_chenghao_qingchuanyunnuan.pkm.gz,ed153e32cc7159296652eca75d18e8cc
8FE735B5426BFE2BB2C7E24DE0D6B4AF,139827,res_zhcn/animation/ui/afy_title/ui_chenghao_qingchuanyunnuan.pkm@alpha.gz,148a5c2d324fbcb80ea5e1fe6ef05da8
7DE5ADE5B8B8841C42944D9959BA9A4C,985,res_zhcn/animation/ui/afy_title/ui_chenghao_quanmingxing_jingsu.atlas.gz,cabba1c0cd772d43a0c03a71ad55f131
AC94C6C21C91AA24E504058026A0EBF2,2035,res_zhcn/animation/ui/afy_title/ui_chenghao_quanmingxing_jingsu.json.gz,8491b1aec50a94c3572a0d504095914a
CB961D9983A62642D4F162BE3471C4C8,48145,res_zhcn/animation/ui/afy_title/ui_chenghao_quanmingxing_jingsu.pkm.gz,beb9556cefe3f78f7763e716a1a46dd7
DA3574315DFDC92F0CB35B8157107B13,78110,res_zhcn/animation/ui/afy_title/ui_chenghao_quanmingxing_jingsu.pkm@alpha.gz,e9018111d5edfa6508b6e35087c94521
1073E524C7A62C696C29334B8660F8F7,1149,res_zhcn/animation/ui/afy_title/ui_chenghao_quanmingxing_jingsudanren.atlas.gz,b3a88e397a25ac72a5c663735da542ca
91C9FFDDCC41435D0B567848B6EAC1B0,2387,res_zhcn/animation/ui/afy_title/ui_chenghao_quanmingxing_jingsudanren.json.gz,386dc17ab9caa16287e068553171ede9
EED52BEF0DD3A0EF0D2D46DFB8E56862,60254,res_zhcn/animation/ui/afy_title/ui_chenghao_quanmingxing_jingsudanren.pkm.gz,111af3f14722efe24671501b70e514a5
8F1C6777723649C95F29045C01E538F3,94235,res_zhcn/animation/ui/afy_title/ui_chenghao_quanmingxing_jingsudanren.pkm@alpha.gz,565306aaf49d5210e92a63db51378731
CA908793684E780A8CE602FBEA7EE343,910,res_zhcn/animation/ui/afy_title/ui_chenghao_quanmingxing_jingsuguanka.atlas.gz,c97d99af743556a91f027b609341c1de
462AF24DCE756ACC76C4B483B0E7A440,2153,res_zhcn/animation/ui/afy_title/ui_chenghao_quanmingxing_jingsuguanka.json.gz,5a8aceda2f722cccb33c9a8afb912ea6
5EADA845DE5147607E6A7FFFC9BEA15E,24384,res_zhcn/animation/ui/afy_title/ui_chenghao_quanmingxing_jingsuguanka.pkm.gz,e9d6eb34577d70110096104332be7ee2
2931D27F676695D8DEEBCA3D4A37E203,22362,res_zhcn/animation/ui/afy_title/ui_chenghao_quanmingxing_jingsuguanka.pkm@alpha.gz,a0092b2b79c8ae7ee43bdb7a8d66997d
DA0638996B94F83D2CAA3F4A728E0445,915,res_zhcn/animation/ui/afy_title/ui_chenghao_quanmingxing_jingsuzudui.atlas.gz,c76d6b7c884778ca0d7f24b6d61c0b1c
C657DA11D00AE67C9ED4D529A5393583,1850,res_zhcn/animation/ui/afy_title/ui_chenghao_quanmingxing_jingsuzudui.json.gz,f55bc325e0d1a030a5f7b0198b6fc9a6
E260D9FA61B97C420CFF3D8C4D3451C1,44018,res_zhcn/animation/ui/afy_title/ui_chenghao_quanmingxing_jingsuzudui.pkm.gz,44112728eaa9cd406e9b0b37ab6ce1df
07ACD0ACC62674A9E343E2F2D60890DA,60448,res_zhcn/animation/ui/afy_title/ui_chenghao_quanmingxing_jingsuzudui.pkm@alpha.gz,b107a949adaf0b4c7adff2541c424770
27DCA57A1697ECD444098A6CDC7BF619,1044,res_zhcn/animation/ui/afy_title/ui_chenghao_quanmingxing_shenmiguan.atlas.gz,87735098182dc03095b231fe069029ec
44106AF1719683CF13D462A3ECD37DE0,2240,res_zhcn/animation/ui/afy_title/ui_chenghao_quanmingxing_shenmiguan.json.gz,87c8e9217133565a093d78ed97745d5b
00501E5CE5B230EA50830904E836366A,51671,res_zhcn/animation/ui/afy_title/ui_chenghao_quanmingxing_shenmiguan.pkm.gz,4207a2f36f151aecd1e3288890a69ec7
B719E4E84FA5EE65BDEB896A095E8E37,70080,res_zhcn/animation/ui/afy_title/ui_chenghao_quanmingxing_shenmiguan.pkm@alpha.gz,756d6d3ee8b99bf4677136666f973471
CF624B1F639BF415CEFFC04E9576F362,915,res_zhcn/animation/ui/afy_title/ui_chenghao_quanmingxing_shoutong.atlas.gz,5df0e1f6f3dcb563052766b1bf763a58
DB7D241C59FF4736B948A51812D4ED43,1940,res_zhcn/animation/ui/afy_title/ui_chenghao_quanmingxing_shoutong.json.gz,cf2d672fee959810f43876cb28e13bdf
ED648A5F74213D09DF04B13B0B02DF4F,44064,res_zhcn/animation/ui/afy_title/ui_chenghao_quanmingxing_shoutong.pkm.gz,58da6bb01deb84f116c8859abbe7e608
6F7A62BFF7E107BC805AD96FF56FD2F5,59875,res_zhcn/animation/ui/afy_title/ui_chenghao_quanmingxing_shoutong.pkm@alpha.gz,1606b6bae1c4ba0abe79b43c855d2fb4
4C99749A43FF3B47977F9485B6741ED3,826,res_zhcn/animation/ui/afy_title/ui_chenghao_quanmingxing_tansuo.atlas.gz,ea07bc57e66d7dcb76d2af842bdbae3b
3CFF84907E2B0892F5EFF35802A61B62,1717,res_zhcn/animation/ui/afy_title/ui_chenghao_quanmingxing_tansuo.json.gz,1d28f60e105b17ec9e2a37e2d588a585
CCF17C3CB1505E12D7BD767E909DC96B,38071,res_zhcn/animation/ui/afy_title/ui_chenghao_quanmingxing_tansuo.pkm.gz,8fb6c60f5f26ed899b6ced16cf0d3cdf
0A69C47E804F31B4C7AEA05BB3B68941,51043,res_zhcn/animation/ui/afy_title/ui_chenghao_quanmingxing_tansuo.pkm@alpha.gz,1c6ee863c22763fb018e0c4deba7078b
BDA77C9BC54665BDDE9CDC23C10FC9C8,937,res_zhcn/animation/ui/afy_title/ui_chenghao_quanmingxing_waizhuan.atlas.gz,cddeeffb819453ec532c12ee5e8e041a
F7324218E492137117A6B19736CB62D9,1945,res_zhcn/animation/ui/afy_title/ui_chenghao_quanmingxing_waizhuan.json.gz,c15201ad57dd201f2754cdc582dfbc8b
073D1DE3574122BB25559D4CAD5351FB,52693,res_zhcn/animation/ui/afy_title/ui_chenghao_quanmingxing_waizhuan.pkm.gz,949fa146b271fd5f25eefe572b3a9ee1
66EC40642D65896035B2E3C84CA0F87A,65202,res_zhcn/animation/ui/afy_title/ui_chenghao_quanmingxing_waizhuan.pkm@alpha.gz,133fc8eaa84d958f59fe8bfed197ce82
6D2D0ED3B24B899696CA3FD229D6AF44,709,res_zhcn/animation/ui/afy_title/ui_chenghao_qunxingshanyao.atlas.gz,9c53703f7d3d53977959e4d3292e81f8
389ABF0879868AD60CABBE946ADD86CA,1824,res_zhcn/animation/ui/afy_title/ui_chenghao_qunxingshanyao.json.gz,1f26b801c4565b8fee5797dc6cb340a5
A6DA742E4F419D36144B0D3103D5D05C,335069,res_zhcn/animation/ui/afy_title/ui_chenghao_qunxingshanyao.pkm.gz,0c781f2bfceba3f44ca2688c9e3c93ba
4D94263FDA86EF6193EA7C3B6C559BD9,108634,res_zhcn/animation/ui/afy_title/ui_chenghao_qunxingshanyao.pkm@alpha.gz,afe02031fc42bb3738516c9f77ee1a15
D0D2653F57923EAC6C1DB8265E096BDC,818,res_zhcn/animation/ui/afy_title/ui_chenghao_qunxingzhimu.atlas.gz,63920dbea19c44ec8084ddc97cf9e4a5
26E28E53B97FF6938E2AF775B4380ED3,1496,res_zhcn/animation/ui/afy_title/ui_chenghao_qunxingzhimu.json.gz,aa434be427fe78657539773c882cfc28
BAB563CC05624E023DDB26E3EFECDCF5,355926,res_zhcn/animation/ui/afy_title/ui_chenghao_qunxingzhimu.pkm.gz,6e5de3d74c3824d8ba5c70fbcfe505b8
B04BA31431794579323351577C5F2DDD,197193,res_zhcn/animation/ui/afy_title/ui_chenghao_qunxingzhimu.pkm@alpha.gz,350cfe68c156c07218ac6bd91fd255fc
1B2371AA360CCB090384C7A61197F3FF,1965,res_zhcn/animation/ui/afy_title/ui_chenghao_rexiamolang.atlas.gz,ab808ffbd26f7a5e05c606093fcabf4e
85D048D6B97CFF12406B04EF287ACE73,23132,res_zhcn/animation/ui/afy_title/ui_chenghao_rexiamolang.json.gz,4c02d47d6ad5dc3e02434fa346034be3
3C65505B1CC62FE006011FC56E13F024,711091,res_zhcn/animation/ui/afy_title/ui_chenghao_rexiamolang.pkm.gz,9993521c0a33e64821ed9ba25485e98e
5CEB44659C0ED4CBA2F5BEF6C9786EBB,479413,res_zhcn/animation/ui/afy_title/ui_chenghao_rexiamolang.pkm@alpha.gz,6dc675e224f513e760d317217d89b883
C1E6B31EF1D323168C17CDEB7125FC55,876,res_zhcn/animation/ui/afy_title/ui_chenghao_shenxuanzhizi.atlas.gz,00cf455117e817ff936548a4fbae1076
3A08AB93BAC95C5DA5216ADCDCA984E5,2478,res_zhcn/animation/ui/afy_title/ui_chenghao_shenxuanzhizi.json.gz,3e64dba1076cc203de98465b8648ceae
BE93243B3F356735B5903F005B77F50D,20885,res_zhcn/animation/ui/afy_title/ui_chenghao_shenxuanzhizi.pkm.gz,3119f3507b24a57ebfd2894c8e355a69
158362CF31F3BEDC4E0528138DCBFC37,16988,res_zhcn/animation/ui/afy_title/ui_chenghao_shenxuanzhizi.pkm@alpha.gz,b81c0f6354220515f683b60a82bb1ef3
5839EBE98EFA537E792C5DBCD0B71124,1546,res_zhcn/animation/ui/afy_title/ui_chenghao_suixugengxin.atlas.gz,b9f5a707138eaa973a67517000bf8b17
7A9B48BA8BF15EA4CC171F09C651514F,12780,res_zhcn/animation/ui/afy_title/ui_chenghao_suixugengxin.json.gz,9b09f861ef6549246c927a80be371624
229BB58464BC8837A7E37A93D667B364,220013,res_zhcn/animation/ui/afy_title/ui_chenghao_suixugengxin.pkm.gz,d7828e50d862216fa69c36c955dadf7a
2B34D66DE76D228446E6D797F5D859FE,64041,res_zhcn/animation/ui/afy_title/ui_chenghao_suixugengxin.pkm@alpha.gz,98382a9d5c7fc65dac225dc60e1abeee
1DBA375C42B1B0CC61430515C51506AA,888,res_zhcn/animation/ui/afy_title/ui_chenghao_wangzhe.atlas.gz,095d12f2d3040b4504702bf3f4dabad5
FFE4C799C698C0E7B81D7FAECF0BDDAB,1394,res_zhcn/animation/ui/afy_title/ui_chenghao_wangzhe.json.gz,47a3dfa2a4f5cb65b071ddfde533992a
159F7F0AD64F154B6DAC160B79913E53,443522,res_zhcn/animation/ui/afy_title/ui_chenghao_wangzhe.pkm.gz,dc9e56e7594c7c0e9c8f782987283445
D5FC612B48EC278CB60C2DB20CA756BA,361359,res_zhcn/animation/ui/afy_title/ui_chenghao_wangzhe.pkm@alpha.gz,e3e6c3c598829da319ea7eb752c514af
59D7D4EC76F4AE392777AF6D53D7C79A,513,res_zhcn/animation/ui/afy_title/ui_chenghao_wrjun.atlas.gz,eecc329bf2dfe40316ef6b4512ad75c5
7490B62B5BD390C879A3973DF06D84AB,861,res_zhcn/animation/ui/afy_title/ui_chenghao_wrjun.json.gz,6eaef548e8cfb840720f50d3842af16d
26533D835800CA8452CA1E010C31F261,13818,res_zhcn/animation/ui/afy_title/ui_chenghao_wrjun.pkm.gz,4d5493a51c125c3e078b79236e55ef25
95D330149F06CF6ACFD5399312010E1A,7896,res_zhcn/animation/ui/afy_title/ui_chenghao_wrjun.pkm@alpha.gz,9802b18492757274c9c2901a598a55f7
3F8B80829610DF3A9D247A72BA26CDF9,599,res_zhcn/animation/ui/afy_title/ui_chenghao_xingyuechuanchuang.atlas.gz,933e5635413cbd258c808a18f03548f6
313EE1E4F55F7D09144BCF7273D372D1,313,res_zhcn/animation/ui/afy_title/ui_chenghao_xingyuechuanchuang.json.gz,a62c416ca5cce41fe1795d372b6ad58e
C983626E2A1ED0BE9B6DDF33A27BEAFB,269165,res_zhcn/animation/ui/afy_title/ui_chenghao_xingyuechuanchuang.pkm.gz,22b87e41d6d38faf8986afc1c4e04d2d
1AFB0707E06EBA05C9436526A64D9A25,186657,res_zhcn/animation/ui/afy_title/ui_chenghao_xingyuechuanchuang.pkm@alpha.gz,7dcb98fda0618e386884886544a791ac
5474E9B3E33BCD3E4DE69B1C71CB3B5D,1705,res_zhcn/animation/ui/afy_title/ui_chenghao_xingzhiwangzhe.atlas.gz,968c6941f398257417811208c0350e80
359EAC83D83010709A3E236BE473C5CD,13008,res_zhcn/animation/ui/afy_title/ui_chenghao_xingzhiwangzhe.json.gz,1951a135a91211603e59a598a0fd5a5e
C0BA5688172D22404CB54E11B904F7FB,364165,res_zhcn/animation/ui/afy_title/ui_chenghao_xingzhiwangzhe.pkm.gz,a0e8434ed0609cfe7a12472b9854834c
ACD3F82FD21F2E5D2DFA968B72D1BB90,224516,res_zhcn/animation/ui/afy_title/ui_chenghao_xingzhiwangzhe.pkm@alpha.gz,75cc35cf1bdac74513c8caa1c010aa45
02F5E33A5899A0CC1CC4E316FBC4E899,1413,res_zhcn/animation/ui/afy_title/ui_chenghao_xukongzhuzai.atlas.gz,e8b22786397bf4fc483442de6b1593d4
D104D11358DBB1D617D9514B9586C55D,4010,res_zhcn/animation/ui/afy_title/ui_chenghao_xukongzhuzai.json.gz,b99be2977574aa0a6f28b6a4f17537cc
405F02BC883FD41F41A51C1EF2544D10,1151327,res_zhcn/animation/ui/afy_title/ui_chenghao_xukongzhuzai.pkm.gz,43771f37efd9f9645524babe2008e24b
D704A385CCDFF9FC16FF894E7F6F091F,755818,res_zhcn/animation/ui/afy_title/ui_chenghao_xukongzhuzai.pkm@alpha.gz,a8192cdfd56f31e4c80166cd80338176
2D433CA5E8E6B4A4D20B8853BE3460EA,775,res_zhcn/animation/ui/afy_title/ui_chenghao_yanzhidandang.atlas.gz,6bf133424e2110f989c854b29d0e2558
1FAB2E50BA9D1E42A64DFF5F078EC9AF,1740,res_zhcn/animation/ui/afy_title/ui_chenghao_yanzhidandang.json.gz,427134494f9723b6eec41414f90d753c
5187B950C70B7E2CEEEFC2F432FF286D,52291,res_zhcn/animation/ui/afy_title/ui_chenghao_yanzhidandang.pkm.gz,2c44b090c35d5f02cc48a9e13520974f
94FB16EDF8034576574ECCCC822CB8D2,48289,res_zhcn/animation/ui/afy_title/ui_chenghao_yanzhidandang.pkm@alpha.gz,771dc176fea69bc0be3141e2c308ebdd
AC0371868135EE5465BCD582F839972D,502,res_zhcn/animation/ui/afy_title/ui_chenghao_yiduojiaohua.atlas.gz,e2a6680c17301f87fdcc178543d53810
DBD2F42212EE5CEEECE453C86F41CBA7,1138,res_zhcn/animation/ui/afy_title/ui_chenghao_yiduojiaohua.json.gz,b789414634c67771f43d40cc5cb70bd6
2DD8755F46E6BB8C03B6A70AFB9E55E1,14693,res_zhcn/animation/ui/afy_title/ui_chenghao_yiduojiaohua.pkm.gz,eddeb9e7eae079bc33c06e6f0929f60f
AFE2EF1AD99D88D44D89D0ED96602250,9699,res_zhcn/animation/ui/afy_title/ui_chenghao_yiduojiaohua.pkm@alpha.gz,01fba634d31711a4ac72ffd32b98d15a
BCE00BCB00436E825DF7A38257D1CFAF,1938,res_zhcn/animation/ui/afy_title/ui_chenghao_yinengzhuzai.atlas.gz,a3ede473b7def61866472ec0112020bf
C8453FBC0D21329062A9EF1FFF68129E,10526,res_zhcn/animation/ui/afy_title/ui_chenghao_yinengzhuzai.json.gz,0efe9bf3c08ffefaf11ff841623d7c9f
1B0D2AAA6A6E03027D7FAF8676E2CF14,219609,res_zhcn/animation/ui/afy_title/ui_chenghao_yinengzhuzai.pkm.gz,d6a3be65e6ef10cac1683bccee8783e5
AA64A4C61D7BDC5201BF28524182ED4A,140370,res_zhcn/animation/ui/afy_title/ui_chenghao_yinengzhuzai.pkm@alpha.gz,43bcaf73aafc4448212cd6945a4c569f
1113610578E03AD9587D2D96FF6A3819,1049,res_zhcn/animation/ui/afy_title/ui_chenghao_yuanlaishini.atlas.gz,a66ab717ded0350d5f7766db5e4e9412
88DAF118930404A6C68669009FE4DCB9,3431,res_zhcn/animation/ui/afy_title/ui_chenghao_yuanlaishini.json.gz,8f505f274d3d33e723e51526f4503a91
67EC8C873DFD7B806D45CC889EFA7A7D,508085,res_zhcn/animation/ui/afy_title/ui_chenghao_yuanlaishini.pkm.gz,cb60e8828607cddf0f697e9911ebd5e2
9B8A19D4AF42F9912F7DF30023A67269,380421,res_zhcn/animation/ui/afy_title/ui_chenghao_yuanlaishini.pkm@alpha.gz,8286310a677cf0dc8328c9e4875579ef
32A775F1EC317E3DCDD3FB80F82ED373,834,res_zhcn/animation/ui/afy_title/ui_chenghao_zhongxinjidi.atlas.gz,56396d5ac14ef66d78cd7cb8d7513c5d
D65FCC3D186438BB37F4B9E252F6AE2B,2520,res_zhcn/animation/ui/afy_title/ui_chenghao_zhongxinjidi.json.gz,2043a0f2765a69bc3ecacde7842ead38
8C355F290A588B756C1761D73D7B8157,38816,res_zhcn/animation/ui/afy_title/ui_chenghao_zhongxinjidi.pkm.gz,13637f08fd9b6e870616262c91c8f26a
E47F6E039985E92AC09649B01B0E2592,42039,res_zhcn/animation/ui/afy_title/ui_chenghao_zhongxinjidi.pkm@alpha.gz,5ed7b5ec8fc3284fc9a53ec9321b265a
ACE84E5E970D9DFCAEB02C31DDC4C7DE,1038,res_zhcn/animation/ui/afy_title/ui_chenghao_zunyaoshenxuan.atlas.gz,ab61b1961c210d90ad7f5a665f42af23
23C063AD1227F0C3D0EBF2956D0816FB,6462,res_zhcn/animation/ui/afy_title/ui_chenghao_zunyaoshenxuan.json.gz,8a62ea28eca3ffcb7aebb33acbdffd2c
82510AFC6BE07526522EB2B28E9EB467,98524,res_zhcn/animation/ui/afy_title/ui_chenghao_zunyaoshenxuan.pkm.gz,3664e1271b34b6cc6a21d7955ceba67c
CD158716213624D14A4E9E1FD0B26127,69572,res_zhcn/animation/ui/afy_title/ui_chenghao_zunyaoshenxuan.pkm@alpha.gz,a791b5fccb3e094ad987d46db30ca413
22C59170F5B22BD48FB328BF42E69297,1059,res_zhcn/animation/ui/afy_title/ui_tx_kfjingjichang.atlas.gz,e874e13e27c98c738cb021881c8130fd
443F35125E38FDE278591A3783B2EE53,618,res_zhcn/animation/ui/afy_title/ui_tx_kfjingjichang.json.gz,9245e902b4cbec1113296ce4d915ba8b
FE83509892354D8F1D94ECADB67CBF71,1738318,res_zhcn/animation/ui/afy_title/ui_tx_kfjingjichang.pkm.gz,baff9b2e97519d053da7e97d977cbb5e
F8030885C966C7B5AD7D7DAB6DB7ED41,799607,res_zhcn/animation/ui/afy_title/ui_tx_kfjingjichang.pkm@alpha.gz,bbbcefc4c2324ac5f135c93b835b9508
E7D915D40655F2D49C862589DBF60580,575,res_zhcn/animation/ui/afy_tutor/ui_tx_xinshou_cuozhao.atlas.gz,5f7fa40eafb2b66b08091cdb01838317
1F89D4B2124E0FF04506BC6E7F9282E7,10512,res_zhcn/animation/ui/afy_tutor/ui_tx_xinshou_cuozhao.json.gz,f3e28df3b09d77536a405784ebdd40c9
695E8A78E4E6A53AA922A2DE289CD223,5062,res_zhcn/animation/ui/afy_tutor/ui_tx_xinshou_cuozhao.pkm.gz,030fad7e5179247671a6e79276348d4f
C558D30BB2360CC6C59E9B8F6FF8D139,6806,res_zhcn/animation/ui/afy_tutor/ui_tx_xinshou_cuozhao.pkm@alpha.gz,24a37b4335e53da30f2603034c56f6e0
1E1146022BED031C76A129B5F1493F6F,763,res_zhcn/animation/ui/afy_unionchampionship/ui_judianzhengbazhan.atlas.gz,de722d187e101b4e23073733677552b6
265EA12843E68DD734744F4FD005A900,825,res_zhcn/animation/ui/afy_unionchampionship/ui_judianzhengbazhan.json.gz,0b2a911a49d6f2c9e5b16055033b121c
EFEB652AD5E4D44D59DE48FB2C076AC0,31987,res_zhcn/animation/ui/afy_unionchampionship/ui_judianzhengbazhan.pkm.gz,6625bc33dd2be672cc1bd1d83f716679
BDD2CD100009CE372D347945E23598FF,59949,res_zhcn/animation/ui/afy_unionchampionship/ui_judianzhengbazhan.pkm@alpha.gz,2789115f0ac37b60f64e742587357838
2D0AD306ADF55175B996878B3A38AC09,334,res_zhcn/animation/ui/afy_union_competition/ui_tx_jidizhengba.atlas.gz,b44914e38dfe5449024b065b61e4abca
E9069848D2CDF98997592863567DDF0C,287,res_zhcn/animation/ui/afy_union_competition/ui_tx_jidizhengba.json.gz,7af9313ff4ae98d050bc02b162e7e718
8D98CB6A4BE31690E838933E0BE8C801,11982,res_zhcn/animation/ui/afy_union_competition/ui_tx_jidizhengba.pkm.gz,d043dbac59d002843517c79f5294e283
BC47B494C6CB8A841EA7B68F5D5B318D,1793,res_zhcn/animation/ui/afy_union_competition/ui_tx_jidizhengba.pkm@alpha.gz,30be3913c58bb7a1c6ab241b9e1149fd
B429A96B213043C46952B1B5F356AFF9,2484,res_zhcn/animation/ui/afy_union_competition/ui_tx_jidizhengbachangjing.atlas.gz,3ef59a579a320755618c13b5d28cecd0
DABCDB9A16D9B4D6D1932F245F85A2F5,10333,res_zhcn/animation/ui/afy_union_competition/ui_tx_jidizhengbachangjing.json.gz,d199d9af7d2c8102641d474b5e54b1d7
49AA7784D0F430BEDC23165E1AB0A9C2,264598,res_zhcn/animation/ui/afy_union_competition/ui_tx_jidizhengbachangjing.pkm.gz,a22671bfa46f2ccdcc51bf46c460dc39
FDE0D2CB10B2E0405268BC84704D9D67,203563,res_zhcn/animation/ui/afy_union_competition/ui_tx_jidizhengbachangjing.pkm@alpha.gz,fcdf56aadf7a1367aff300dbd7d37cfa
9AD0ED53ED926D739464916DCC69CC78,382,res_zhcn/animation/wing/ling/rw_chibang_ling_youmingmoyu.atlas.gz,48811260f3ed982088e0d632c0ed5558
1841E33FD1BDD75774A87DA11E9CF1EA,2893,res_zhcn/animation/wing/ling/rw_chibang_ling_youmingmoyu.json.gz,22d89ce4b2b867c60430bf7641415f30
DC4B08B03C583662EA123E8156469A0B,15372,res_zhcn/animation/wing/ling/rw_chibang_ling_youmingmoyu.pkm.gz,c2cbe434cd7f81e144de04b4c0468b50
BEE0086FD0CE0AE7D2035A9748AFAACF,5734,res_zhcn/animation/wing/ling/rw_chibang_ling_youmingmoyu.pkm@alpha.gz,4e6287582e7b7f8e664f175309fefec6
A63B31CCCACFCF66F3DCAECF3596B557,380,res_zhcn/animation/wing/shenyue/rw_chibang_shenyue_youmingmoyu.atlas.gz,9e4949a0ba608dddf72882be95baaf0a
48F615D23082F1ECDF229545869DF5B4,2393,res_zhcn/animation/wing/shenyue/rw_chibang_shenyue_youmingmoyu.json.gz,457496da3904fc680ae72d239354328b
340BCC3E6C63D059E43D243203DBD664,15372,res_zhcn/animation/wing/shenyue/rw_chibang_shenyue_youmingmoyu.pkm.gz,c2cbe434cd7f81e144de04b4c0468b50
895BDBCB4D5E3EB4E2C9C913F6B1622E,5734,res_zhcn/animation/wing/shenyue/rw_chibang_shenyue_youmingmoyu.pkm@alpha.gz,4e6287582e7b7f8e664f175309fefec6
C3CA88B79E17411A0A84EA12B83DFCF5,1381,res_zhcn/piece/fy_fight/ui_hud_biaoji_daxing.png.gz,470d6c20b6137d70982eb9cc94565080
ED6B6CBE70B26B518B6A9325B8DDEE4B,1639,res_zhcn/piece/fy_fight/ui_hud_biaoji_gumianzu.png.gz,b2bd193cce888e07636a07e418562f53
7BE7F643B598EE2454E4FF18D145DADD,1939,res_zhcn/piece/fy_fight/ui_hud_biaoji_jianzhuwu.png.gz,1c3806f159664b0c0ec76707d492ecbb
5D5FC14065CFA6CBE2B8370E1597A0C0,1953,res_zhcn/piece/fy_fight/ui_hud_biaoji_jiduokazu.png.gz,28d4b07094e84aed7f73d3cb178e40bd
017A5DD3A97BB2E86AEFDD785B8F6A8F,1856,res_zhcn/piece/fy_fight/ui_hud_biaoji_jixiezu.png.gz,b4f1b254a2c1eaec87c0fd1978da1fee
9F3631966F3C1BF70FCD5E1158AC9952,1408,res_zhcn/piece/fy_fight/ui_hud_biaoji_jumo.png.gz,867a452ba251514aca3c617575950462
FEC4D07C37632AA1FA8205D5BCF045E8,1308,res_zhcn/piece/fy_fight/ui_hud_biaoji_juxing.png.gz,00611b162bbc852907170dfe70071699
5B49FE1E80F13BBA1A582AA390D6E9BA,1906,res_zhcn/piece/fy_fight/ui_hud_biaoji_manhaozu.png.gz,067411622435fd0cd40f952e922935d2
9E90BF14510A93C591A169948F0B5B0F,1488,res_zhcn/piece/fy_fight/ui_hud_biaoji_renzu.png.gz,0157a324f4cfe92d4bb15edecadd167a
4304026F59D917D5542D003D8D9F4824,1533,res_zhcn/piece/fy_fight/ui_hud_biaoji_shouzu.png.gz,a4350629c14e1224308c0015c2f8ec73
09B233709F77C814084CAB9A757599AF,1378,res_zhcn/piece/fy_fight/ui_hud_biaoji_xiaoxing.png.gz,f5e68608a9c29899938266e648b2331c
F4EA6631C33B6C55B8DE0132F24F22CD,2095,res_zhcn/piece/fy_fight/ui_hud_biaoji_yiyinglongzu.png.gz,f8da86144619d8bb599c9eb6d4682cec
066509F8F75B935BFA8BD6F3C4D05105,1306,res_zhcn/piece/fy_fight/ui_hud_biaoji_zhongxing.png.gz,77412eb66db44ab26d5951ac93d0d1fa
35A5A2CDB78506DE3BF54E66FE31BF55,9721,res_zhcn/piece/fy_head_icon/role_head/ui_jiaoshejiemian_touxiangkuang_dianfengliansai.png.gz,5e07d78013243f7a96b18cea997ab3ec
B5B5584E289325F72A77B1B56C2A0F42,11557,res_zhcn/piece/fy_head_icon/role_head/ui_jiaoshejiemian_touxiang_dianfeng1.png.gz,730415b3ae53c9bf4dfa5430772887a6
C09D3B5AB3FD3D44EEEA204E7820F9BE,11757,res_zhcn/piece/fy_head_icon/role_head/ui_jiaoshejiemian_touxiang_dianfeng10.png.gz,2a020c0a25f9f767dab3b63c1a760d1e
0A5BDD8F81F2A4A984FF7C15E9F2E016,13180,res_zhcn/piece/fy_head_icon/role_head/ui_jiaoshejiemian_touxiang_dianfeng2.png.gz,36055e287fe04065f947cb34152ec090
2A7F6B6E91DB41688A51E984A26D97AB,10996,res_zhcn/piece/fy_head_icon/role_head/ui_jiaoshejiemian_touxiang_dianfeng3.png.gz,1dcef846914be8cfa364dbcb982dd9d2
761B42E05C23A94DEF8662908AF7B94E,12852,res_zhcn/piece/fy_head_icon/role_head/ui_jiaoshejiemian_touxiang_dianfeng4.png.gz,5d5e8e2da06880250980907fcae82f48
D3CC509462D58465587F7FA6B5B5AF32,12646,res_zhcn/piece/fy_head_icon/role_head/ui_jiaoshejiemian_touxiang_dianfeng5.png.gz,8783b6ea34498797d7ae26b7d7346117
CEBB5733045D04D8E25BA7211B0A5329,12744,res_zhcn/piece/fy_head_icon/role_head/ui_jiaoshejiemian_touxiang_dianfeng6.png.gz,8c1c70adea0fe135253efa3a80888690
CC656767B3CEA3DF957A1A31D6000D81,13078,res_zhcn/piece/fy_head_icon/role_head/ui_jiaoshejiemian_touxiang_dianfeng7.png.gz,f45f406f8363f3d73aeb8a507f790543
6B058520E99CBADB743C6736B95DD813,14439,res_zhcn/piece/fy_head_icon/role_head/ui_jiaoshejiemian_touxiang_dianfeng8.png.gz,85db936f1b93447dd77e5d03e84b8e87
F5CD23232B3F9F4D39487780A1ACAE54,13134,res_zhcn/piece/fy_head_icon/role_head/ui_jiaoshejiemian_touxiang_dianfeng9.png.gz,4ea2cb1bf7fc605490c5dc69ac89362e
5F89CD23A409DBC2FB04771C87FAC903,5940,res_zhcn/piece/fy_login/ui_denglujiemian_denglu.png.gz,1415efbd5618702f8c1b041e94881bb8
29C8A6A341914C627A85C6A57A2A2096,9566,res_zhcn/piece/fy_login/ui_denglu_fuwuqi_xuanzefuwuqi.png.gz,8a3149ead09effee36568096561c81af
1B316A145B925981EA76D29EEE9F1CEE,8754,res_zhcn/piece/fy_login/ui_denglu_xiugaimima.png.gz,bd9b0e392e4f942f51fa0d190ba6b775
58C75630F7765D9DBB29CDAAA543F53A,5943,res_zhcn/piece/fy_login/ui_denglu_zhuce.png.gz,64901554a2fcddb12bdff8b2b657c7b6
5DA07AD5D19112420D728FB8FA3F9EC0,10946,res_zhcn/piece/fy_login/ui_juesechuangjian_zhujiemian_mingzi_1.png.gz,6928786301b7386de9a87323cb0ac232
DBF9E81689A8FCFA8FA587A7635CC784,9285,res_zhcn/piece/fy_login/ui_juesechuangjian_zhujiemian_mingzi_2.png.gz,9f26cb7bf925cedd7e649f3b60b619cd
ED0CBEA59AFFAAAE9B6FD44A62A457C7,8948,res_zhcn/piece/fy_login/ui_juesechuangjian_zhujiemian_mingzi_3.png.gz,7a5c51a864e524633f003d75805cb50f
5691FE18520867AF880F048E8AE12FB1,5917,res_zhcn/piece/fy_login/ui_zi_juesexuanze_yixuanze.png.gz,58f38b799f03a316b4df5f97146b5c44
D248E66790BEF590E159EEC92A1305C0,84896,res_zhcn/piece/fy_tower/ui_pata_lizhizuigao.png.gz,9f6a688fc20f5c73c7ddc67223e8ff89
73D2767DCEC6BACFF90D12F4913E803D,57767,res_zhcn/piece/nfy_7days/ui_qirirenwu_biaoti.png.gz,f083d605394ee09a517c2d83fbc7baaa
C5B942D05885E5595CC79C8BD0B1714E,161648,res_zhcn/piece/nfy_activity_center/ui_huodonggai_dikuang.png.gz,4a274e00853c827443133aa05e1f0cd6
F0D6880D60FCFCB139B117F7EAD15540,197098,res_zhcn/piece/nfy_aileen/ui_ailin_renwu_xin.png.gz,99d13624828576bada9322a811230078
F963FC0F13F427E193F7A1F3860B7066,1379,res_zhcn/piece/nfy_artifactNew/ui_saodang_jiaobiao_1.png.gz,2e8a58df2078bed0c1df98ca42d2d476
E35A38259855CD72E44727E8F5137DD3,1461,res_zhcn/piece/nfy_artifactNew/ui_saodang_jiaobiao_2.png.gz,61e9ca2dc609ec4896913c1fca5f5917
A074F64E039CCD015E6911DCD8D97E79,1488,res_zhcn/piece/nfy_artifactNew/ui_saodang_jiaobiao_3.png.gz,af51a675622ce136459ef26651ef56b3
0D1A62242E6A43EAEB1993F0047DD8CF,4116,res_zhcn/piece/nfy_artifactNew/ui_tongyong_xiyou3.png.gz,5eadd1bd7aa7d6cb9db4d3c1f0a13684
7B677C55144F83803FFE1EFC540FE9FD,2097,res_zhcn/piece/nfy_artifactNew/ui_wuzhuang3_biaoji_fangyu2.png.gz,2858f4e1283624ee022eb666dd1e181a
02E017C2E9BB66AEC88801E98307DC1B,2214,res_zhcn/piece/nfy_artifactNew/ui_wuzhuang3_biaoji_fuzhu2.png.gz,6e96208234e71e66f382e5b20dda550c
44A9A9EA4A19508416F0DAD4B3284DB8,2179,res_zhcn/piece/nfy_artifactNew/ui_wuzhuang3_biaoji_gongji2.png.gz,1d7bfeefbec6c59c7e77ba39b2344e93
2C9F3716F7525B5BCDCD37EF505E5D1A,1284,res_zhcn/piece/nfy_artifactNew/ui_wuzhuang3_biaoqian_baishen.png.gz,ac1102b4eca3cae75d690d25c5d8666f
D0417036B57E2CC2EE8F019050DD80D8,1404,res_zhcn/piece/nfy_artifactNew/ui_wuzhuang3_biaoqian_fengmang.png.gz,0f03d3f415a9b258094c3d7536d87c42
FFB679D5EB6F9A4959E4DD9CB4530803,1559,res_zhcn/piece/nfy_artifactNew/ui_wuzhuang3_biaoqian_keji.png.gz,f55a48b2c314eacd280ca96dc22eedbf
B6102E09057FE9F0BD1288BF76401E73,2128,res_zhcn/piece/nfy_artifactNew/ui_wuzhuang3_biaoqian_lv4.png.gz,85cf8783bf5be243b3d65d58f8f87a49
F452C21633023E749404FF1EBBD4C56A,2189,res_zhcn/piece/nfy_artifactNew/ui_wuzhuang3_biaoqian_lv5.png.gz,93d37476c4d90c3a07aa0cebcfac0634
80C4DD4CBC809CD1316907B0817A0D54,1369,res_zhcn/piece/nfy_artifactNew/ui_wuzhuang3_biaoqian_putong.png.gz,75d56faedc95a1866deb395e60300d45
F771659D2DC94E46BFEB9D3B1CA23C1F,1415,res_zhcn/piece/nfy_artifactNew/ui_wuzhuang3_biaoqian_shengwu.png.gz,05c6767ab8925aefcfaf784964b26bfa
C780A78FDC512144F6B67B98E1E6E35B,1535,res_zhcn/piece/nfy_artifactNew/ui_wuzhuang3_biaoqian_shenmi.png.gz,a57b4b6455b935b2ebdf2001c948ab1a
C8741B7CC9EA69C2FD97DC06436B7193,1356,res_zhcn/piece/nfy_artifactNew/ui_wuzhuang3_biaoqian_shenqi.png.gz,efeb442ba6cb59e9d97ac278380381e0
ED924DCC4FE6D74EB0C51E2E981D800B,1392,res_zhcn/piece/nfy_artifactNew/ui_wuzhuang3_biaoqian_xueyuan.png.gz,79bbbff80076f0d8f18dc491fcc5a9f1
6376B78849BC17F54BC003DBA31D2F7E,1383,res_zhcn/piece/nfy_artifactNew/ui_wuzhuang3_biaoqian_yanfa.png.gz,b18d956bc66e9bf16e784f8782264736
AF5DF39236B140CDE702D790313BFAC5,1430,res_zhcn/piece/nfy_artifactNew/ui_wuzhuang3_biaoqian_yineng.png.gz,6e928ef0eb8fe1346725441e9ec8c274
8743114623D5E657CE517D415BFD2CF2,1345,res_zhcn/piece/nfy_artifactNew/ui_wuzhuang3_biaoqian_yuansu.png.gz,0b91271e624f030509a76fa03fcc833f
03F669100C8576A1BB318ACF6E32A64D,1883,res_zhcn/piece/nfy_artifactNew/ui_wuzhuang3_jiaobiao_beidong.png.gz,0c537a0f8fe3af0215fde419879dda96
CFBE2CE253F41002BA96DE487B01D73E,1723,res_zhcn/piece/nfy_artifactNew/ui_wuzhuang3_jiaobiao_juexing.png.gz,e74d111bce60a326cbbff6942f16a540
3DCFB423DFFB8A0CC0C83A4DA24F3476,1515,res_zhcn/piece/nfy_artifactNew/ui_wuzhuang3_jiaobiao_zhudong.png.gz,2eaa9c5c27f326c2ed1020f117636216
EB8D42320A4C2F847CFA3CD788466001,8528,res_zhcn/piece/nfy_artifactNew/ui_wuzhuang3_jiban_fengmang.png.gz,bec07d3e3cdee7a7d6cf111ade8839db
A51E43E8D8809366CA4DFAC0278655F2,8054,res_zhcn/piece/nfy_artifactNew/ui_wuzhuang3_jiban_keji.png.gz,6b94ca4f9ff857cf456fd2bcda4e4b4b
668ACA2D40B02735DADC29682AFC9641,6645,res_zhcn/piece/nfy_artifactNew/ui_wuzhuang3_jiban_putong.png.gz,b8aeff0c9c14b9e7dd4714dc95bd94d5
3EBDC851AFEBB97E812E4B97207571DA,7302,res_zhcn/piece/nfy_artifactNew/ui_wuzhuang3_jiban_shengwu.png.gz,967c59ddadf55796175b188cb0eccc9a
0BDED16F01342A7D5004A3924FA45515,7576,res_zhcn/piece/nfy_artifactNew/ui_wuzhuang3_jiban_shenmi.png.gz,ca206c7759681fd0c8fd977521710c64
E30D77E4CCEE7E8F20492C9F66A8B561,8922,res_zhcn/piece/nfy_artifactNew/ui_wuzhuang3_jiban_shishi.png.gz,d09d53197043e385059f5a2a8ccc615f
CFBAFA56DACE14AE3C50FDACCC44A7DF,9469,res_zhcn/piece/nfy_artifactNew/ui_wuzhuang3_jiban_xiyou.png.gz,1da1b78ab0403cb883df88eaf9c428e7
6B718F033FB5AF1305FD91254A315786,8028,res_zhcn/piece/nfy_artifactNew/ui_wuzhuang3_jiban_yineng.png.gz,cf87e012324ed88f9a85ae5b7577016e
02D15D2ABD23ED1768BE977F5CCC56FF,7370,res_zhcn/piece/nfy_artifactNew/ui_wuzhuang3_jiban_yuansu.png.gz,9da6dd1986b479c6900f8244bb7a538c
51697184441B4C22CD5560FF89A74504,8706,res_zhcn/piece/nfy_artifactNew/ui_wuzhuang3_jiban_z1.png.gz,61be925d8ed9cd83467f6305977e354f
E520938663D90C310D6AF1292FF7A5D8,7459,res_zhcn/piece/nfy_artifactNew/ui_wuzhuang3_jiban_z2.png.gz,afd8ae5ff8eba9332ede8848af5004d7
542F1E61A309377F4ADFA6FB7483EF57,8666,res_zhcn/piece/nfy_artifactNew/ui_wuzhuang3_jiban_z3.png.gz,8bf9040cc2202afea76565d84b20ba47
97292272C0E8BC0D6719D45AD5174504,6926,res_zhcn/piece/nfy_artifactNew/ui_wuzhuang3_jiban_z4.png.gz,3fd42064bd50643ff034bf8d2d61da50
9A26346B469EB62F1F4498046E7152F7,206162,res_zhcn/piece/nfy_artifactNew/ui_wuzhuang3_jieshitu.jpg.gz,2e30a6db22d2843d2007926dc878e8c6
644967CB86670A73FFB04AFAB8E473D5,126220,res_zhcn/piece/nfy_artifactNew/ui_wuzhuang3_jieshitu.png.gz,7355712bc8bce9e7e999fb9dc75163a8
EC64EF0F86629C8F7E51CD37C720B15E,3571,res_zhcn/piece/nfy_artifactNew/ui_wuzhuang3_pinzhi_xianding.png.gz,de0428805b98b02c4304c4850658d76c
BEEE02B8B553EA019B531843F4295901,3595,res_zhcn/piece/nfy_artifactNew/ui_wuzhuang3_pinzhi_xiyou.png.gz,b3e99dc4ad2377472537e34add8faddf
EA182734E61662503B3E47F963A322D1,6448,res_zhcn/piece/nfy_artifactNew/ui_wuzhuangjiem_buchong_baisheng.png.gz,d924891f56a68ea53dd6635fb97adcb3
5FE648AC0EFE2681B56CC0F240869A47,6213,res_zhcn/piece/nfy_artifactNew/ui_wuzhuangjiem_buchong_kexue.png.gz,79d897aedd9d6c3cae56f64315f42f82
579F51DD327EF184AA6D4DF7BC1F3242,8337,res_zhcn/piece/nfy_artifactNew/ui_wuzhuangjiem_buchong_shenqi.png.gz,37155d7af5e65b32827cc3b8f4975432
CA29DF74AA507C85A0750D588F5F2BE8,7937,res_zhcn/piece/nfy_artifactNew/ui_wuzhuangjiem_buchong_xueyuan.png.gz,c324a320da50ab4d94ad67096577a1f2
A971CC1906EAC8A9167C76025FA19917,1508,res_zhcn/piece/nfy_artifact_skill_icon/ui_jinenggai_jinengjiaobiao_beidong.png.gz,ab65c4436381001563c454ca85a24680
25F9017EEF226865342C9B5C411F13A4,1304,res_zhcn/piece/nfy_artifact_skill_icon/ui_jinenggai_jinengjiaobiao_zhudong.png.gz,375f5f39d5d446ccedfe969cd5d784b1
6CC9C66F9B37782BF4DEFEAE2E0884C8,10435,res_zhcn/piece/nfy_artifact_skill_icon/ui_shenqijineng_binggebuzhi.png.gz,a24ec77265153ee1b508826d2d3dc7eb
EDFB803F266B7643FA9C6EAEB11EB32A,13142,res_zhcn/piece/nfy_artifact_skill_icon/ui_shenqijineng_shenxuan_binggebuzhi.png.gz,56eab58a10acc3327b75ef44881de4ad
8A834C64DD26F54C174F9A6B62F63627,629331,res_zhcn/piece/nfy_banner/ui_huodongzhongxin_huodong_1.png.gz,dd9c58934dc71dda4ed9f93bdc157adb
4BF789DED21392C56870F2289079F9C1,448857,res_zhcn/piece/nfy_banner/ui_huodongzhongxin_huodong_11.png.gz,f66279e74f0fad72100d79ca1036712e
1EE4F7F11324F6ED195000DDC9C6FA19,565349,res_zhcn/piece/nfy_banner/ui_huodongzhongxin_huodong_12.png.gz,3e78675743586ca62637a040eb56c14f
F18378994CC7AAE35212EE58753639FE,481358,res_zhcn/piece/nfy_banner/ui_huodongzhongxin_huodong_13.png.gz,62466323843e15a496d87ccae9847e08
7E46381BF9BD1590568B37B21EE19720,579342,res_zhcn/piece/nfy_banner/ui_huodongzhongxin_huodong_14.png.gz,89b276bad129407cfbd7c9c2c0bdb61b
E4B81C8F789D9D8D5BB83747ED4E21B7,324613,res_zhcn/piece/nfy_banner/ui_huodongzhongxin_huodong_15.png.gz,c717ab0f65989cff263b9411d8faf44d
426ECD1BF3787A1637C9C6D9CF29650F,468087,res_zhcn/piece/nfy_banner/ui_huodongzhongxin_huodong_16.png.gz,94d5e04daf46736f21005335d7a1afcc
D3858109E57912B3DD4855205D83F88A,541385,res_zhcn/piece/nfy_banner/ui_huodongzhongxin_huodong_17.png.gz,1c00d16e83b0b66a1f07e91a2f059493
A12E08E2CBDD639ED275A03EA72D7DF9,528467,res_zhcn/piece/nfy_banner/ui_huodongzhongxin_huodong_18.png.gz,9ac5a1d022a21ad395568e46edce4f4a
8347195D264B52ECBD827662BF3225E0,382912,res_zhcn/piece/nfy_banner/ui_huodongzhongxin_huodong_19.png.gz,fc8b3fac22aa58ba6e196f2102e771dd
DDE068D2DF3C7CC3EC5F15B9FC16E181,467071,res_zhcn/piece/nfy_banner/ui_huodongzhongxin_huodong_2.png.gz,e4f340d060d3c53a8eaa931af2827f00
26FAE100B3032ED39D09125FCCBBC12E,502401,res_zhcn/piece/nfy_banner/ui_huodongzhongxin_huodong_20.png.gz,eb39bda6f8c7023508a1995010f5e1f9
1B2B8C09B2EFD006901901A8E4E98275,516172,res_zhcn/piece/nfy_banner/ui_huodongzhongxin_huodong_21.png.gz,103ce7cb961a87b25aa5be035960f343
C05D3875E1F68DCA48F6D886BF4F1B6D,523200,res_zhcn/piece/nfy_banner/ui_huodongzhongxin_huodong_22.png.gz,7718e421059300626c563c41ebb49ca8
1DEBA0A781C6F918327BFDFB8E495D72,621521,res_zhcn/piece/nfy_banner/ui_huodongzhongxin_huodong_23.png.gz,923cfd28e93206163e11c23669d5c1da
8B3C8470C7FA7E4BF9BA7A13BBB607A8,753379,res_zhcn/piece/nfy_banner/ui_huodongzhongxin_huodong_24.png.gz,cfa62e90d1ebfb5702f4f6f048beaee9
070BB23033BA91AEADE2F72A02D8E241,539281,res_zhcn/piece/nfy_banner/ui_huodongzhongxin_huodong_26.png.gz,1d3fe4a3e2e6706a2077c59cd00a3bad
71B2F1D59AC040277C54FBE58F7930DB,515657,res_zhcn/piece/nfy_banner/ui_huodongzhongxin_huodong_27.png.gz,7fffc578aa6cf2a520438d60960b96ad
06C01D8B838B5B2B2443E19DC91BCD4E,748480,res_zhcn/piece/nfy_banner/ui_huodongzhongxin_huodong_28.png.gz,d8e02cf8c2e329cf232ed8a528fbb630
82BEFF9BE09AAE9AB0FF5D96BEB648BB,751818,res_zhcn/piece/nfy_banner/ui_huodongzhongxin_huodong_28_2.png.gz,d66d34672ce281a974bd7a9eaaffdc6f
45FA5C3019024666A193879214AC627F,685616,res_zhcn/piece/nfy_banner/ui_huodongzhongxin_huodong_29.png.gz,f5e6ffea32f17cb0c063049bcfc9a0e7
52547BA95DE10884F4BF6BA790E51EAB,672784,res_zhcn/piece/nfy_banner/ui_huodongzhongxin_huodong_29_2.png.gz,9cfcccc09c8d37573e304e8063b800fe
61DBAAD787271DA49BA0641D43C9A9BE,543193,res_zhcn/piece/nfy_banner/ui_huodongzhongxin_huodong_3.png.gz,85c44351c65cb5eaaf8fd0fafc974420
856AC4D864E0735AA99D0938FFC0CD32,443785,res_zhcn/piece/nfy_banner/ui_huodongzhongxin_huodong_30.png.gz,50eb0cbd9eede1317f8f0c13ca458b69
74823F5562ED4289ECC16D976F96F81C,622315,res_zhcn/piece/nfy_banner/ui_huodongzhongxin_huodong_31.png.gz,902f01957fb51289bd26a26ebe92d77b
6519DAF2ADB210967BA48536C473C1FA,731711,res_zhcn/piece/nfy_banner/ui_huodongzhongxin_huodong_32.png.gz,b3b406512f6df3f0317e21ec448ea1c5
D223ADE14B0A3F7F6E194448B6737FD7,602761,res_zhcn/piece/nfy_banner/ui_huodongzhongxin_huodong_33.png.gz,0b598bf6421b977f67e9f1025423ecb1
F2E48EB0BF8A15C38C5D49FDC664EB07,366459,res_zhcn/piece/nfy_banner/ui_huodongzhongxin_huodong_34.png.gz,beffb9b3e8b3b897f1f24bc06327d6a2
8F36E52BA009B218F86BB319AE84200F,696449,res_zhcn/piece/nfy_banner/ui_huodongzhongxin_huodong_35.png.gz,0ba76466d918915e06a111f31307b19c
F94F95CABDD311B0A393DAC73473AB70,573747,res_zhcn/piece/nfy_banner/ui_huodongzhongxin_huodong_4.png.gz,bf0bd7ab3b73030e426305cc3d5d8421
81938584FBAD456624AC84A56388035A,565364,res_zhcn/piece/nfy_banner/ui_huodongzhongxin_huodong_6.png.gz,53383bb1ac98255fd9d3d3349d79301c
25C7E74CCF8240665E32FA4E30281668,548980,res_zhcn/piece/nfy_banner/ui_huodongzhongxin_huodong_7.png.gz,f54506bd1edd6978611b622a22224080
049D230DF70AF4937841BB7472BAAC33,425036,res_zhcn/piece/nfy_banner/ui_huodongzhongxin_huodong_8.png.gz,fb44397c52b530b459af12cf8ad8a2a7
FC57B813729348FCE2FA8CE751E81186,291307,res_zhcn/piece/nfy_banner/ui_huodongzhongxin_huodong_9.png.gz,287c2490bdc955eaf27f60e1e145b829
745259CD4F1F704B203226A4D6101E54,9395,res_zhcn/piece/nfy_battlepass/ui_tongxingzheng_biyebiaoti.png.gz,6c3f300e6ccaac6ba6bafc592d680c27
7427ACDD690872B9A968D7E306932046,9164,res_zhcn/piece/nfy_battlepass/ui_tongxingzheng_biyebiaoti2.png.gz,58f575fc4ce98f0a19fe4d4df14d5f84
44E02E4E38DBD085E920DE83A8F5E613,432899,res_zhcn/piece/nfy_battle_star/ui_zhutiyue_qiandaodadi.png.gz,4ebc15732de6a3e80d4eca926d6676ca
648C23958171541C69F4EE46E443A4FC,914822,res_zhcn/piece/nfy_black_rect/ui_heiyan_banner_tanchuangkuang.png.gz,3063d65f947fb5ce42f5b6e8b52c7a4d
A5CCD72765F5A1DDCF352424D957C112,46294,res_zhcn/piece/nfy_btgm/ui_bgtm_unlimit_res_banner.png.gz,988838e529d602226ce9d8a36c4e7c1a
C3C80E1E4657DE80D4AF062872A1865D,72197,res_zhcn/piece/nfy_btgm/ui_bgtm_unlimit_res_jinbi.png.gz,f335dba5a83194d202417a11bb4ab804
B85E1670F8607B9213A167D79CF8C7FE,72431,res_zhcn/piece/nfy_btgm/ui_bgtm_unlimit_res_wuzhuang.png.gz,cf2f61893a9b223ebafb490c9ee5765d
FEE53D8D51083807519C2D78F3F4D1AA,72564,res_zhcn/piece/nfy_btgm/ui_bgtm_unlimit_res_zhuangbei.png.gz,7b331d0f66cdb16e1c872626109b46c3
39A663248EBEC78134351511DD714EDB,216287,res_zhcn/piece/nfy_btgm/ui_btgm_freepage_bg_broad_banner.png.gz,a7a1b7c39debe8c15ecd9eb5e1f4ad94
147CA6BDABA2D0657CA364D7641FFFC2,2095,res_zhcn/piece/nfy_btgm/ui_btgm_freepage_bg_broad_title.png.gz,69131b339f22f2584aee87c85fefe203
23EE426F3BA7CB62C33A63FC3761A55A,53718,res_zhcn/piece/nfy_btgm/ui_btgm_real_topup_page_bnner2.png.gz,f0d234dc34aa850ac52514eb6d3befe9
1C20B2599F3CCF7475D78EC0D4E2AE59,3328,res_zhcn/piece/nfy_btgm/ui_btgm_real_topup_page_btn.png.gz,86d696d5a84eef277d6d00634755eb96
1E0929A27A415E70F474F9AE69C8FCF7,1368,res_zhcn/piece/nfy_btgm/ui_btgm_real_topup_page_daojishi.png.gz,2ee2375716e632f634e98a922dab4d8a
940F8F233A46F640FB11C31EDBA99058,1896,res_zhcn/piece/nfy_btgm/ui_btgm_real_topup_page_di.png.gz,6390144d3a06d9dad2792435d45fe339
F72861100B220574B5E2E396C2AD006A,1601,res_zhcn/piece/nfy_btgm/ui_btgm_real_topup_page_tian.png.gz,9a0f946a482d73e60185e3809d6cb323
71E758D0B90F3400D7768C8F9903C4BC,2870,res_zhcn/piece/nfy_btgm/ui_btgm_topup_broad_btn2.png.gz,d1ac95bf7172afb3adcdbc179cb47e22
6E15AA9779DDF08A63D94BEDD55288D4,2195,res_zhcn/piece/nfy_btgm/ui_btgm_topup_broad_btn3.png.gz,c599a3b81b504e4cd907fcf6e2463a87
4AD86B2D5D4639D65F4DBCEFBB33FF6B,2462,res_zhcn/piece/nfy_btgm/ui_btgm_topup_broad_title.png.gz,cef153fa3e8adb695bf2141e0bc1e225
BF56D7A64F5C7CF314F0C7B67C09CCD0,497665,res_zhcn/piece/nfy_btgm/ui_bt_topup_dajin1.png.gz,33af4ca76488a683e2a6a1a620196ecc
05C823878CA0F5C1BBC32F2FA53C50E4,509548,res_zhcn/piece/nfy_btgm/ui_bt_topup_dajin2.png.gz,e9867bca77eec5253e7b121e66844a88
65ED89DA0D974270E37D77EDF930CE53,549876,res_zhcn/piece/nfy_btgm/ui_bt_topup_dajin3.png.gz,11fdaae78ccd207f0b4bb56098025a42
D4708215B06834F86905E83636872FED,577529,res_zhcn/piece/nfy_btgm/ui_bt_topup_dajin4.png.gz,3a3c3cccbce822805c919d97c695c68c
0B7788E89EAE853F184A87C92B176A70,163463,res_zhcn/piece/nfy_btgm/ui_nfy_btgm_banner.png.gz,6db765e3c3206d7da264e12395cf2968
7F866ECF4C0EB1D7B2B743065A7DBD84,2759,res_zhcn/piece/nfy_btgm/ui_nfy_btgm_cxyk.png.gz,48f154f65be5379e09e73a9c8cc7f829
9FF5AB37D2A33EC974520B31E30C24AE,3716,res_zhcn/piece/nfy_btgm/ui_nfy_btgm_djjj.png.gz,e8ba1c66b7440599098cb5b2e960fbaa
B87286B784692BCF44AA03EC7E4D0E6B,2614,res_zhcn/piece/nfy_btgm/ui_nfy_btgm_jbpj.png.gz,25b6ea4b39d86d68f3f2621ffc0a3dec
2659E3D5A3A9A69C9C29807F735D7DB3,3080,res_zhcn/piece/nfy_btgm/ui_nfy_btgm_jxzl.png.gz,d1d7d2bad5f2892ad222480a21cb0cae
FE5644C22A8DBBE60CE75398760AFC67,3197,res_zhcn/piece/nfy_btgm/ui_nfy_btgm_mfcz.png.gz,db60382c0dde980e4c34a349812f7d8a
ED16B1EE6EDEC692B178256F6BB1D427,5246,res_zhcn/piece/nfy_btgm/ui_nfy_btgm_sctezrjl.png.gz,da7672753133fed5525ca8714dedc3e4
EB111E3817FC94FAE778A6351B98DDE5,5442,res_zhcn/piece/nfy_btgm/ui_nfy_btgm_sctqcrjl.png.gz,2ef7bf80f9bf1fd48fa131214e82609f
6FED618E6324D700F012BD50E310DB8A,5098,res_zhcn/piece/nfy_btgm/ui_nfy_btgm_sctqsrjl.png.gz,a9fbd04dc7899617963cc442d57a6414
6FFA007C1A608177D2FC3FA71C396127,2622,res_zhcn/piece/nfy_btgm/ui_nfy_btgm_swzc.png.gz,5ff39a3acf0a53b8bfd9654d3d037e5f
506F87C465A9774517FB671B0594B733,2537,res_zhcn/piece/nfy_btgm/ui_nfy_btgm_wxc.png.gz,f33b22b246ec1668e411e65bb6fdbadd
C7CF5F8BD820C2BFF782C948DC392333,2868,res_zhcn/piece/nfy_btgm/ui_nfy_btgm_wzpj.png.gz,b2ef2fdc72aa2afa3015b2ec0b5a6197
7E1C2C579A3F1458C8EDB8DF9E9F273D,2827,res_zhcn/piece/nfy_btgm/ui_nfy_btgm_zbbj.png.gz,587a23d428962839125a2f8d9857dda6
F042544C5EA2F9F1E16361016BACD608,4950,res_zhcn/piece/nfy_btgm/ui_nfy_btgm_zswztq.png.gz,a698db2c8d4a670aa5f3b870d2535175
E0DF73840183B9FD0C0065B6B428F6EC,2774,res_zhcn/piece/nfy_btgm/ui_nfy_btgm_zzyk.png.gz,d4f6bb06d77e395ba68f2714ff2cabc3
2175AC6D507888C3C39958C5A335A83A,5066,res_zhcn/piece/nfy_buff/icon_buff_zhongdu.png.gz,0c8ef0b414d51366970ba3f346f16c13
027533A2E35B7255559EE74483516D58,5759,res_zhcn/piece/nfy_buff/icon_chongwujineng_jidaoliu.png.gz,58fdcde72380beb50715ef98842c51ac
B7ED34F5B8383CA864BE70FA3C0B6580,5067,res_zhcn/piece/nfy_buff/icon_chongwujineng_manyouliu.png.gz,11e72d5f5e3abb005da1af78f343ab89
D291FD69EF4E32C10AF066370D236ADA,9129,res_zhcn/piece/nfy_buff/iocn_buff_jiyi.png.gz,2b243c1c450e3bc60a248798d38f721d
9DC2097998C74B0A23D40E8132A7F9F6,8038,res_zhcn/piece/nfy_buff/ui_chongwu_jineng_kuangbaohua.png.gz,e71d92a4e8e4d10b4ca5dd16216cf4a1
37E0FC60961C8B28A3D42D5249A59BBF,12794,res_zhcn/piece/nfy_buff_star/ui_xinghenbuff_cuijian1.png.gz,cc6398e670f17a5c9383d4f38a68aaab
67ED2DA1CE56F741164FB808DAEBDFAD,12983,res_zhcn/piece/nfy_buff_star/ui_xinghenbuff_cuijian2.png.gz,12e76b6538b0f2ea7a08df09c130b17a
25E7719FCE76C4F23C0556021FC7510B,12347,res_zhcn/piece/nfy_buff_star/ui_xinghenbuff_pozhencuijian.png.gz,375bcfe73dc995566020e6c21eaa8705
F9B958E1817C794A246755C0DC6C8299,6041,res_zhcn/piece/nfy_changeProfession/ui_zhuanzhi_jineng_yishuzi_juexinghou.png.gz,f7c29c75706428091b814c71ae523c14
5B3240784BAF11D18EFFAA410824549D,16654,res_zhcn/piece/nfy_chat_expression/ui_biaoqing_guancha.png.gz,1a68a603ed5686148b39760ba8fceffb
A250AED83B62D16BFDD1A9B91020CBFF,5475,res_zhcn/piece/nfy_chip_icon/icon_jineng_xinpian_anshuxing.png.gz,b33b99996e7801d98bade05cf2ca0c68
2A5770853FF1D3661A9EAC25E987454E,5085,res_zhcn/piece/nfy_chip_icon/icon_jineng_xinpian_leishuxing.png.gz,739cee159401b218e3980f9a19a6d56e
5E5E6089493B4F8DEE9234284F198816,5586,res_zhcn/piece/nfy_chip_icon/icon_jineng_xinpian_lianjiaoyi.png.gz,185f207fbe17e66dbfc3c1f1e83a4f40
97F1A168203D0571E28C964BBAF045DD,4822,res_zhcn/piece/nfy_chip_icon/icon_jineng_xinpian_zhongdu.png.gz,b439cbaabc54fff80b27c2cac7f7db87
B07AEF7C8F600AC2540827A7BEA23661,863654,res_zhcn/piece/nfy_common/ui_ceshifanhuan_di.png.gz,e7353c765af242eb9df095638ac8716e
E1D3BE52EB3D4D6D4F366A80CEF6DF6D,459316,res_zhcn/piece/nfy_common/ui_tanchuanglibao_chaozhidikuang.png.gz,ad3f1aadedbfea3088e927b142bb536b
18324C2EB3EB6EC3E390F81B1D5A1A76,495688,res_zhcn/piece/nfy_common/ui_tanchuanglibao_chaozhidikuang2.png.gz,06d45ffea3d2e8cdb0be05dc9715af0f
77DB51596E506B35764D7B1917CE28A1,612039,res_zhcn/piece/nfy_common/ui_tanchuanglibao_chaozhidikuang3.png.gz,68656fac3adcb386e7285507435c64d6
D6CAAEE532BCCEB61E18AD11303CF5DC,560953,res_zhcn/piece/nfy_common/ui_tanchuanglibao_chaozhidikuang4.png.gz,7a48a6fb2851ab097a1bc057f4d6c65c
5957172CA900576A069EE7431755C125,502342,res_zhcn/piece/nfy_common/ui_tanchuanglibao_chaozhidikuang5.png.gz,b5e14ac8cc70d30d4c33f7606f8f9475
7CD8145A7ED00C9EF27BB16BE9004F7C,508787,res_zhcn/piece/nfy_common/ui_tanchuanglibao_chaozhidikuang6.png.gz,8110835d264a615084128684e00c0cc8
6FB6387B126D831DC49F2CB1F62DC0AC,608429,res_zhcn/piece/nfy_common/ui_tanchuanglibao_dengjidikuang.png.gz,4f9a70c61c2f48aa9d0c67d96fba2237
1351AE6899684101F79CFD41CF20AC91,534355,res_zhcn/piece/nfy_common/ui_tanchuanglibao_dengjidikuang2.png.gz,5ee5c9861d430b424fe3eeb9b599fea6
4B3D54ED2EF4BB3A8F1DA01AF50B9B95,551530,res_zhcn/piece/nfy_common/ui_tanchuanglibao_dengjidikuang3.png.gz,961c73c9449f622891e25c3858d06324
0624DF66FF5AC2CFECC4BD6415ED53C8,384418,res_zhcn/piece/nfy_common2/ui_huodongrukou_chaozhilibao.png.gz,e511c167bae14044cc8f64c94d900a16
83DF4264C170AAE51450F7E45294E5FA,420767,res_zhcn/piece/nfy_common2/ui_huodongrukou_quanminshenxuan.png.gz,09e7b85cf02f581e75ac8a6a10c5f8ea
9EB04D6D285357F72748B194C401A2FA,382301,res_zhcn/piece/nfy_common2/ui_huodongrukou_tongxingzheng.png.gz,2e4d63af71ea223a03ea2add70e2b45c
73EBDC029A6BF6A1FC13C5EFB67C89CE,3258,res_zhcn/piece/nfy_common2/ui_tongyong_xiyou6.png.gz,9b05e89b1c5601925643f973c98ec6ed
4599521B82587A74DC6925ADB153FDD4,5365,res_zhcn/piece/nfy_common2/ui_tongyong_xiyou7.png.gz,2c9e226b323f70dde791585d585a6de8
C0442E490234F2E54E8EC04B00A145A8,2997,res_zhcn/piece/nfy_common2/ui_tongyong_xiyou8.png.gz,e37ba34ea00fb17242fcad051c502e6f
EC34CA224668C915BFD8402924559787,8593,res_zhcn/piece/nfy_constellation/qiehuananniu1.png.gz,91951461fc2b3fe0ec6695d2c6037277
73E06A5189108D791461B7FBECDBECEB,10063,res_zhcn/piece/nfy_constellation/qiehuananniu2.png.gz,528bb1e26ae151d335452573f8f97cb5
BAEE38D404CEAACFE281DEEECEA807B2,9409,res_zhcn/piece/nfy_constellation/tiaozhananniu1.png.gz,2f2f3937507547c7b197c0eb9187ba8b
75870E64E3527C840C66A7B0EB2112D4,13034,res_zhcn/piece/nfy_constellation/tiaozhananniu2.png.gz,aca553e425ee769d47953dc64b5b5287
0D9647240EF9FED45F32562C30AA6630,9500,res_zhcn/piece/nfy_constellation/xiaoanniu1.png.gz,9ece3a8dabd6b22d8427f7c02cdd72ad
92962F858A13A51C9DE3716B358661E6,7878,res_zhcn/piece/nfy_constellation/xiaoanniu2.png.gz,b50159d6f513db6ae0196c358f4b8fe4
039051742A24F630D12E01AD5323F2BC,10991,res_zhcn/piece/nfy_constellation/xiaoanniu3.png.gz,4ddc732ef74af6c815e7512ce331ec53
E555DDAC8204E3E3405BF6C83DD7E8D1,6063,res_zhcn/piece/nfy_constellation/zhuangtai1.png.gz,bd3854b276b3e9b88b4940c0fb9de21b
D7410470348CC845E111E122E2636FC9,4938,res_zhcn/piece/nfy_constellation/zhuangtai2.png.gz,e7214c0ef04deb307a76a60b3f21dc43
03912B434DF3728DCBF651605CB6E7AD,12379,res_zhcn/piece/nfy_createplayer/ui_juesechuangjian_huanzhuang_jueseming_lilimu.png.gz,7821721f6cdb5a3dba69fd1843303f36
7C0DD6B38FD098887D27568D74BCCE04,23331,res_zhcn/piece/nfy_createplayer/ui_juesechuangjian_huanzhuang_jueseming_shenyue.png.gz,7bc2d788fb7ef9e377e05c3f2825aebc
44F9D0BCCB966151E62494FA19DEB28A,18557,res_zhcn/piece/nfy_createplayer/ui_juesechuangjian_huanzhuang_jueseming_xingyezou.png.gz,d07d909f2692c146d10040b87d802d35
BDC279BF8446732467D06E9C5F192BB1,4473,res_zhcn/piece/nfy_createplayer/ui_juesechuangjian_juexingfangxiang_jindutiao_shuxing.png.gz,1f69a096b1828ec1248f8274dd65fec8
F34475ABBA38A9E3CD9F527147E27113,4583,res_zhcn/piece/nfy_createplayer/ui_juesechuangjian_juexingfangxiang_jindutiao_shuxing_02.png.gz,e52fa0be1e0787b571f79d292057a041
AD05A87DF6FB600A3A4FB921A7979935,2554,res_zhcn/piece/nfy_createplayer/ui_juesechuangjian_juexingfangxiang_jindutiao_shuxing_03.png.gz,c79fb89a2a4605111b21bf246dc30112
9CB2644A7A2CC01BB91B4DCAF69D3C99,12952,res_zhcn/piece/nfy_createplayer/ui_juesechuangjian_zhujiemian_mingzi_cangyanqishi.png.gz,a5a88a395edae1b9cb93b44c0bee00b4
CED34CC9908A450DC834E77C11D13FAA,12559,res_zhcn/piece/nfy_createplayer/ui_juesechuangjian_zhujiemian_mingzi_ciyuanlingzhu.png.gz,e114bf7f802d52e9eef78cf452356f02
A5C02F8F3ABCC7C327CD4DCAE32A2E1A,12261,res_zhcn/piece/nfy_createplayer/ui_juesechuangjian_zhujiemian_mingzi_leiguangshenshi.png.gz,7e29adb92599c4a4fb78f2abc3a76482
87279CED51F6B398BB1B4B5445C85D00,11524,res_zhcn/piece/nfy_createplayer/ui_juesechuangjian_zhujiemian_mingzi_lilimu.png.gz,baaa0a15c699e5aedb027a4abd8b4f4f
290F4B446B987237E7FD2C0D5DEBCE49,5214,res_zhcn/piece/nfy_createplayer/ui_juesechuangjian_zhujiemian_mingzi_ling.png.gz,570354594e83aa13dd5a154a1b487601
8F5D552585481C26CD8908AFC43C16BF,12151,res_zhcn/piece/nfy_createplayer/ui_juesechuangjian_zhujiemian_mingzi_shenbingzhiyan.png.gz,203c2b5b6cf25ed296c80c5a770a647b
CE9F5790DB921815B2BF7D9D20C5339C,11373,res_zhcn/piece/nfy_createplayer/ui_juesechuangjian_zhujiemian_mingzi_shenyue.png.gz,f5c88c5d7da1808a8492ea94ba5b845f
4C332FDC8E7E18B32872D35FEB15F824,12201,res_zhcn/piece/nfy_createplayer/ui_juesechuangjian_zhujiemian_mingzi_xukongmonv.png.gz,ceeecfaf01a02491e55aba362b9b9e5f
D3BB39011CBB39374DF46DE4AA392212,13771,res_zhcn/piece/nfy_createplayer/ui_juesechuangjian_zhujiemian_mingzi_zhuyingzhixin.png.gz,272319298d9482872a7025052bfa7f6a
D183191D52EA4509CEE1327CA9B07CA5,7053,res_zhcn/piece/nfy_createplayer/ui_juesechuangjian_zhujiemian_video1.png.gz,3839b1fc718d76418e207e5cec19d88b
A38EF62FBB35842C55D685201E1FB6AF,7575,res_zhcn/piece/nfy_createplayer/ui_juesechuangjian_zhujiemian_video_nv2.png.gz,b0b6cee24969518059cef9e0683b384f
8A7A98E6D1DBCE747B15C482A738DC56,168396,res_zhcn/piece/nfy_dailyactivity/ui_huoyuedu_diban_jinri.png.gz,c39d88238ce2c77d7c088070f1c1015d
F7EFD500455C6A5677B889C7F65BAD43,49240,res_zhcn/piece/nfy_dailyactivity/ui_richang_icon_shenyuan.png.gz,70549a916dd6650d4419a96d5b0444f8
D250A43389E7BA8A808DCBE45E7521FB,101507,res_zhcn/piece/nfy_dailyactivity/ui_xianshi_icon_dianfengliansai.png.gz,7223b0dc0e6588dfc1597675224e0fc5
845EA14A9A98CDD9EF404891CF8A365E,142228,res_zhcn/piece/nfy_dailyactivity/ui_xianshi_icon_dianfengxiaoyuan.png.gz,6c9a9332e0d3845a37d2407a2fa84d30
C952CB509D404EBA020DDC71622C0EEE,114987,res_zhcn/piece/nfy_dailyactivity/ui_xianshi_icon_gonghuizhanyi.png.gz,c4275e947e1620ce62fe6c6e924b93cb
2AD9C8C93D431B9519D7052FBB57E7E8,45603,res_zhcn/piece/nfy_dailyactivity/ui_xianshi_icon_gonghuizhanyi2.png.gz,3a8ff287f9abc39003190f7f66574854
F19BBDCD34B030C281CD827B895CA2E4,105386,res_zhcn/piece/nfy_dailyactivity/ui_xianshi_icon_huobanjuedou.png.gz,6ff5293913b7995a85d890cbca2d43fd
E58F646E4DA5D3B2CE494311394B805F,124105,res_zhcn/piece/nfy_dailyactivity/ui_xianshi_icon_jidizhengba.png.gz,f8cc3d9ea7de38d73ba43b90ac3eaac4
8502E663BA076569CC20FB9849FDE6EA,123389,res_zhcn/piece/nfy_dailyactivity/ui_xianshi_icon_judianjuezhan.png.gz,557a4128b5357da6f297b1813b4315d1
ED271779CD8D35CEEFB70D1745424E92,122350,res_zhcn/piece/nfy_dailyactivity/ui_xianshi_icon_jujizhiye.png.gz,db2d0cb94c23b5a0a52eb08b2915422a
ED666C54E1AD9AF0E7B90A513ECE426A,122222,res_zhcn/piece/nfy_dailyactivity/ui_xianshi_icon_kuafusai.png.gz,ed19d6393b10f2591fa3baacfedc8baa
7700BFAF90A03BB78EB5811F45703ED2,111992,res_zhcn/piece/nfy_dailyactivity/ui_xianshi_icon_lingzhushilian.png.gz,c27a930d679e84fb3f06629a9321896c
6133B16EF15B4162864B024BB5224983,118775,res_zhcn/piece/nfy_dailyactivity/ui_xianshi_icon_qiangdiruqin.png.gz,53960c903b2074ec96ddd6d475d8b5fe
A73EA747300214682EC9FF9EFF0167CF,77311,res_zhcn/piece/nfy_dailyactivity/ui_xianshi_icon_shoujishuijing.png.gz,8bff37ab094057855dd8022092265949
692386D4077502A8E2AB52EF62BA3E69,92340,res_zhcn/piece/nfy_dailyactivity/ui_xianshi_icon_tiantisai.png.gz,65e0df356d3fb4467dc801a180aa3517
4865CE990E6AA9056FB77F23A060AC4B,37523,res_zhcn/piece/nfy_dailyactivity/ui_xianshi_icon_tiantisai2.png.gz,c93ff81d1f395acafd2e17e3b324b57b
F6A27321C142F047CC0550B2C47E8BFA,108219,res_zhcn/piece/nfy_dailyactivity/ui_xianshi_icon_xueyuanceshi.png.gz,97882bec73cd77cb501240dc65e55003
B5C354A7DCDFCE477339FD054A556A34,89873,res_zhcn/piece/nfy_dailyactivity/ui_xianshi_icon_zigepaiwei.png.gz,b7b91628e104bde50630bbe40af4b3e1
6166CE400AA9C6100D2BC727ECE45DFC,238206,res_zhcn/piece/nfy_dimension_door/ui_yijiezhimen_zhandou_1.png.gz,99886e4235de9246289c3ad5d53aea97
E166E47C07ABC1EF3A02A860FDDA5147,239119,res_zhcn/piece/nfy_dimension_door/ui_yijiezhimen_zhandou_2.png.gz,3cf3ea657a02502c17b0969e3905e86a
526D00EC68C70ADF9FFF1DC6C8ECDD98,213757,res_zhcn/piece/nfy_everydayonline/ui_huodong_meirizaixian_banner.png.gz,e3bbef974b1561535ce2df40ef1a37f3
37D8F278C0BB96A6B98428BE28E4AA55,264510,res_zhcn/piece/nfy_everydayonline/ui_huodong_meirizaixian_banner2.png.gz,3b35ff7e9a9634ac7dea5c06b24993ee
2BC8E909F88AB01AAC830DF30D45EC00,2560,res_zhcn/piece/nfy_everydayonline/ui_huodong_meirizaixian_yilingqu.png.gz,c59e947cb2e2215a0738139b7cc1334a
37A124FC98F185114066C8D54CE21A28,12607,res_zhcn/piece/nfy_everydayonline/ui_huodong_meirizaixian_yishuzi_mingrizailai.png.gz,9ab5ee7b7aceb3eab072f333e310171f
64BB0F371D437F0509D13B50FB1FF557,217023,res_zhcn/piece/nfy_fashion_warehouse/ui_lihuicangku_zhanshi.jpg.gz,ccb180a2247f0da955d03a29424c0b7c
1BA4747568B92ADDBAE3EA181D0FC50E,335624,res_zhcn/piece/nfy_first_charge2/ui_shouchongsanri_shouye.png.gz,b2d2bbf6fb465edcac1f6077a8ceb250
BFF6CE54D2A2ECE10C57B75F355783DB,15773,res_zhcn/piece/nfy_gameopenonline/ui_huodong_zaixianjiangli_yishuzi.png.gz,9ecc582e75f5fa9db30e5acbedd3e237
C5C817C73146FBB5C0D792422151B60F,70536,res_zhcn/piece/nfy_gameopenonline/ui_huodong_zaixianjiangli_yishuzi_biaoti.png.gz,3a957963f892e6a43fda87d9f79bbc3e
A88E027F4F52B14A6C0E6B4A85643F7D,506997,res_zhcn/piece/nfy_gameopenonline/ui_zaixian_diban.png.gz,5b50dd1958c265152925d50e4d057a45
2798D940D2538842C55803F76C463D07,67326,res_zhcn/piece/nfy_gameopenupgarde/ui_dengjiccc_biaoti.png.gz,cb7e599b24afc93654479f74ef823335
DAB7E15F9EED056E829FC39AE88A1FEF,225171,res_zhcn/piece/nfy_gameopenupgarde/ui_hongdong_kaifuchongji.png.gz,17c6417169429c3640b3f8db16ea0a88
9F7EBE075166C058F7803FD4EAEA88C5,271334,res_zhcn/piece/nfy_gameopenupgarde/ui_hongdong_kaifuchongji_chang.png.gz,0bb750ee3798a49af1e88ce5e8009920
0AE04172F47A23FAC61C9817E151597E,143710,res_zhcn/piece/nfy_gashapon/ui_niudanji_bunner_1.jpg.gz,8638137ec47284cc3d0bd5c915afeb39
4A70DF0AEB37987DAD15467CB3C3B1ED,185218,res_zhcn/piece/nfy_gashapon/ui_niudanji_bunner_2.jpg.gz,2aaf0a57b3401976f4c2e2d16abcedcb
6C547208C3C6B10A03C67ADB7C0AE854,158223,res_zhcn/piece/nfy_gashapon/ui_niudanji_bunner_3.jpg.gz,1f80b0dd68bf9784caaa86820d5aecd7
D3CF5638290223337A5B9061CA2E59FC,54047,res_zhcn/piece/nfy_get_stronger/ui_bianqiang_yishuzi_gonglue.png.gz,53ff83bb43bdc300abdab8e26149b814
E10E5E7DCBA4DE5377B5D40B66369EB7,16109,res_zhcn/piece/nfy_godroad/ui_shenqi_huoqutujing1.png.gz,a34f2cfe2c5d2241eb754401e49085fc
B113A970E234B7BA16A02DF350BACB40,16437,res_zhcn/piece/nfy_godroad/ui_shenqi_huoqutujing2.png.gz,8bba7a0eb81f5b9847306aa75dd94c9b
146ECB1FAB966BF47E714E7587020234,24659,res_zhcn/piece/nfy_godroad/ui_shenqi_huoqutujing_judianzhengba.png.gz,25fc346f12de8bcc958c27f32c871816
89C05FEC8C4F931F8AA5366557802472,40197,res_zhcn/piece/nfy_godroad/ui_shenqi_huoqutujing_kuangqu.png.gz,f21d61e6aa306f91321df66d3cd8d70f
C2C44317C4EFC59D814EADB42ADB410B,24083,res_zhcn/piece/nfy_godroad/ui_shenqi_huoqutujing_quyu10_16.png.gz,4f28a547e7a88a964e2efe1868997af7
2B9CFFD30E04CF79716897315F91DE60,23518,res_zhcn/piece/nfy_godroad/ui_shenqi_huoqutujing_quyu1_5.png.gz,213e23d4abb23aa78a6921eafed134f4
4936599C42DC98C324BC40FBECA25F6E,26230,res_zhcn/piece/nfy_godroad/ui_shenqi_huoqutujing_quyu6_9.png.gz,e570c5f01ba8961f5608af744081e116
7309DDC5654F46B14AB707FEE993E46D,21051,res_zhcn/piece/nfy_godroad/ui_shenqi_huoqutujing_tianjijingji.png.gz,28c7ac8eca1700de273516afaf0fb438
76160828E38F8702299DB05CC2BBEE40,41048,res_zhcn/piece/nfy_godroad/ui_shenqi_huoqutujing_xinghen.png.gz,a03caac69e0dfc776819d4f3ccda9e6c
2252C25042023C2C0FA5CCC3692BC80F,526761,res_zhcn/piece/nfy_godroad/ui_shenqi_shenqizhilu_dabeijing.png.gz,a3d72f79370201d95f5136de217ecfba
7445C0EA96E0D004DFFC8B57784E082F,233428,res_zhcn/piece/nfy_godroad/ui_zhizuoji_zhezhao.png.gz,5c0ad094257b5707afd0bf5da98881b2
59D95D4CD010AD5BF8D9159B221FF7A0,214704,res_zhcn/piece/nfy_growupgift/ui_chaozhilibao_banner.png.gz,2472ab3f31edbb5ac4e9fdee771d4b72
AF1CBCF8F97085E219295B98D574ED60,231483,res_zhcn/piece/nfy_growupgift/ui_chengzhangzhuli_banner.png.gz,a00fc82ddad2a76262cfe301564d7544
B42AA887A9985BF1BE824FF62123B22F,217993,res_zhcn/piece/nfy_growupgift/ui_hongdong_huanshenqiangui.png.gz,b5e4524f456f202ddab7b121592d17d0
A81E13756C7D7FD87B9DFCBE15EA37F8,224559,res_zhcn/piece/nfy_growupgift/ui_leijichongzhi_tongyongbanner.png.gz,541c0369cd50c71a22da24039a85cc2a
EE8D7A32B647BDFB416572E851D7604F,21087,res_zhcn/piece/nfy_icon/icon_chenghao_cainiangchunmang.png.gz,142a99d3e438b929e9d454cece96917b
8727F8508CD8DCBE6B5D2EBE4B03803E,21087,res_zhcn/piece/nfy_icon/icon_chenghao_cainiangchunmang1.png.gz,142a99d3e438b929e9d454cece96917b
AF13CDAC6B2506C56DA78D6BCB12B50C,17275,res_zhcn/piece/nfy_icon/icon_chenghao_duanwulongzhou.png.gz,204226577b22143fb676b258da68d2c5
AFCF4D67D850B175E6B4F88CFE06D7A0,9450,res_zhcn/piece/nfy_icon/icon_chenghao_guoqing.png.gz,789785566013cf0d3ff39a3bcaa25e48
2C263356FBCD66133DA2CC4FAD1F886F,10915,res_zhcn/piece/nfy_icon/icon_chenghao_haishayinxiang.png.gz,7e3ba8c742ccb1806ca4b04f96bbb63f
0425A36AAB28BC7A15F99E1C5459B374,15053,res_zhcn/piece/nfy_icon/icon_chenghao_huadengmancheng.png.gz,3efadeb7e1e1f91748522b88899df5f7
BDF1FC40DA33398892AD008AA92CFC86,14299,res_zhcn/piece/nfy_icon/icon_chenghao_kuafu_bubaizhanshen.png.gz,88a61039e8ddd30ad3e7395d7a38bd63
5DEC149B999EA4508C50743C673D80A0,14129,res_zhcn/piece/nfy_icon/icon_chenghao_kuafu_tianxiawushuang.png.gz,e09aec6bf6613e712f73c89a52802d1d
E78C2BA610FACF695796EABAA7BE3E0D,11964,res_zhcn/piece/nfy_icon/icon_chenghao_kuafu_zhanwubusheng.png.gz,9c5fed1a3e6ff8c50bc97dc4ce9388e4
E6F719B38BDC0457EE9304A26E225DF4,10597,res_zhcn/piece/nfy_icon/icon_chenghao_langchaotiantang.png.gz,55876bc83467bb18bc5801e594051e66
65234D3D141EAD047368F79A9CAA3B8A,17857,res_zhcn/piece/nfy_icon/icon_chenghao_pomiefuxiao.png.gz,b56d05580ff270fad5f5c8dcde5f12de
1D989416C5EE18D7614BFF2BCA55DD61,3469,res_zhcn/piece/nfy_icon/icon_chenghao_shengdan.png.gz,4739b9cc164a52ed5ac7443f6e1a4cc2
F5D037A7CD6B8FD8E3C72DCE7C2EAB1D,4630,res_zhcn/piece/nfy_icon/icon_chenghao_suixugengxin.png.gz,2b3df890e8d7993b8b917d30e8617e7b
75DE6BB54446A1F76AA43EB40DEDF192,20060,res_zhcn/piece/nfy_icon/icon_chenghao_yijianqingxin1.png.gz,285062ec433df18e81449850f0d85aeb
F70FB8F6A3A67FC1A62F7D284493A27F,20100,res_zhcn/piece/nfy_icon/icon_chenghao_youlingjiechun.png.gz,6f7edd59eba231ae4864461f90c1da08
1E41B068F8F70EE0999D2728B8E1E552,9371,res_zhcn/piece/nfy_icon/icon_chenghao_yuandan.png.gz,4ca8f50b729e134c3fe609084c3bfdac
C71078B922271C0D378D76002B51AA5E,12305,res_zhcn/piece/nfy_icon/icon_chenghao_zhounian.png.gz,63598bb6c47caacda2ea46d390d75de2
9FD07B3FE148D932FBA80BE63E28390E,11975,res_zhcn/piece/nfy_icon/icon_daoju_buji_huobi2.png.gz,a2f54144618fd37326297cd65ee0a3d7
4339B1A8E063BD8B0C0435E2E11539FC,21087,res_zhcn/piece/nfy_icon/icon_daoju_cainiangchunmang.png.gz,142a99d3e438b929e9d454cece96917b
CF68A9B4BB4E9F793C5C1064E4D287BA,9107,res_zhcn/piece/nfy_icon/icon_daoju_chaojidajin.png.gz,10c1504c62d127f399e7dac7a015b083
04790B29B5D82C37D886AE577F28FECA,19775,res_zhcn/piece/nfy_icon/icon_daoju_chenghao.png.gz,48f43ab2f23c642248d67a100cbdb88f
B5BF1C085967AAB0863291AF7CBADAE6,10419,res_zhcn/piece/nfy_icon/icon_daoju_chenghao_beizhuoshiguang.png.gz,a8eb58409cabb5e21d676689efc23a9b
C28505F4BBAC5B4F6AFCF39DF1B27C68,12243,res_zhcn/piece/nfy_icon/icon_daoju_chenghao_ciyuanjianglin.png.gz,4e7f636cc89a5fa162baa6dde86fd8ee
2E0C870A7BB20649C8644CF4E8E8E8B2,13109,res_zhcn/piece/nfy_icon/icon_daoju_chenghao_huajia_1.png.gz,a72c4c28aa0f94c276cfbb867d0076e5
66DC801C3A045B2E02A5752C02E3D828,11676,res_zhcn/piece/nfy_icon/icon_daoju_chenghao_huajia_2.png.gz,b74986750d65c915c5fcd8d873e5840b
DF60FFEFA84D62FE74D2950E05F84FA6,7599,res_zhcn/piece/nfy_icon/icon_daoju_chenghao_huangxing_1.png.gz,1788b604e8a776c40719ff72841be236
3EE494B332D863DA8A4A86EF5A6C1D96,6181,res_zhcn/piece/nfy_icon/icon_daoju_chenghao_huangxing_2.png.gz,df15dcbf286b8ed50646cf4f9c00026a
A4167E019F2E1BCEE1370D3EEFF059B4,17134,res_zhcn/piece/nfy_icon/icon_daoju_chenghao_kuwanchonglang.png.gz,e0b689609c32a73bb9759f3ea587272b
171B39AACCF60EA251E415F21D0AA3EB,9306,res_zhcn/piece/nfy_icon/icon_daoju_chenghao_maijuzi.png.gz,0cdebe23d5e0771f6f5405d8b2f78af6
6C6AF81DFB0065A31E622E4B76D5049A,8259,res_zhcn/piece/nfy_icon/icon_daoju_chenghao_qunxing.png.gz,278c8f0c7ade3d44d09cceceee502891
DCA52B9C20F2376A3D375DA7D7A89A33,15438,res_zhcn/piece/nfy_icon/icon_daoju_chenghao_rexiamolang.png.gz,9facfe6097a8b2dfd29eb94b8f7fb90e
D0747C4C7CF6CB2C5403B4430EF4DB3A,7880,res_zhcn/piece/nfy_icon/icon_daoju_chenghao_tumoyongshi.png.gz,7480b46e9181e8b3c0038d323bc72c21
66866ACD3E11B156336E9B828A064FC0,12499,res_zhcn/piece/nfy_icon/icon_daoju_chenghao_xingyuechencheng.png.gz,5348ed484f6713f74a9cd003a3315394
27F8D6D7C5029CD2EB286F993CED8DB7,11261,res_zhcn/piece/nfy_icon/icon_daoju_chenghao_xingyuxingyuan.png.gz,823482df7fc69044c020d09b7cb4b7ba
93E47428D1059441D33852556E86E1BD,16590,res_zhcn/piece/nfy_icon/icon_daoju_chenghao_xukongzhuzai.png.gz,43826218b1ec9854f9c8bd0eb122fc7a
5FB7B61F4C9CFA32EE5965DDC8F0ADFC,14315,res_zhcn/piece/nfy_icon/icon_daoju_chenghao_yinengzhuzai.png.gz,3780ec7cb2ef6d7d77b1fbb52862a2fc
FBCBCA63CC087D18A777F9C9C0FBBBED,7251,res_zhcn/piece/nfy_icon/icon_daoju_chenghao_zhaixingzhe.png.gz,82379e6a192f1e7765370b42e116d222
C6A960E89E55800870E5FC644F8DB71D,8196,res_zhcn/piece/nfy_icon/icon_daoju_chenghao_zuiqiangwangzhe.png.gz,6bfbdfc110f1fe1fd0bb00b57df08a1d
852B38BA1591BD3967C9F7CBAEFDA030,8741,res_zhcn/piece/nfy_icon/icon_daoju_chenghao_zuiqiangwangzhe2.png.gz,35910b1f5a3f5d6e08a8fa81cfac8210
361DB196DA180219748CC9FFFF8A9B87,16091,res_zhcn/piece/nfy_icon/icon_daoju_chenghao_zuiqiangwangzhe2_100.png.gz,aef3076cefdfa709db6fad920ebaad8e
014A9598C5562F85A67F08A76F52F20D,14338,res_zhcn/piece/nfy_icon/icon_daoju_chenghao_zuiqiangwangzhe2_20.png.gz,6e6db6d865f82e0f26b8b52e81375985
162A3DA52B259B0879CD3AF04C28E4A3,14268,res_zhcn/piece/nfy_icon/icon_daoju_chenghao_zuiqiangwangzhe2_50.png.gz,a9f5c9bb5c07cf6195fc115db503f407
31E4AF4A35F9C46FDA135DAE8D341B26,11286,res_zhcn/piece/nfy_icon/icon_daoju_chenghao_zuiyifenghua.png.gz,17ca3b8603734bd1c7a41f9086384238
DC0612292D4386E8EADAC9365C4D9BA6,15370,res_zhcn/piece/nfy_icon/icon_daoju_chongwulihe_a.png.gz,c14447a7f0028423104ca6f9126db859
A34660A6451E8310CC6E7F712A387036,15773,res_zhcn/piece/nfy_icon/icon_daoju_chongwulihe_b.png.gz,d46fe09fda9ab923992faf7cdf7eab59
3B9C707743DFB9C46D9BDC29C7C62D73,15533,res_zhcn/piece/nfy_icon/icon_daoju_chongwulihe_c.png.gz,f3d858d888afa68fa6fcd6c7eb78bfd7
9DE6CBF5EDE59DFF8D8D476534AE7286,13580,res_zhcn/piece/nfy_icon/icon_daoju_chongwulihe_zixuan1.png.gz,90eea735e5a72172fddcd421c129e007
6C12443A7B532EDF34C0CFEEDCD1D2CF,13295,res_zhcn/piece/nfy_icon/icon_daoju_chongwulihe_zixuan2.png.gz,d858135afa95f52d27db32979260a4d5
A4150FFC726EFF143C369E7BC6573A25,14774,res_zhcn/piece/nfy_icon/icon_daoju_chongwulihe_zixuan2_s.png.gz,1be5e128f2f17e8e3667cde186f3b585
78599F27B8D9AC9A43A337E60B272384,19781,res_zhcn/piece/nfy_icon/icon_daoju_chuanshuozige.png.gz,d39069d8f068c5d2170e0dd977088eb3
CD9F770090005F5E04A3538FF196F8F3,16059,res_zhcn/piece/nfy_icon/icon_daoju_fenzhuangduihuanjuan.png.gz,ef9a489082ac2f6c58340242f5a98957
FB9CF8335E3AB1AF28FF79D1565B74D3,14314,res_zhcn/piece/nfy_icon/icon_daoju_huoyuedu.png.gz,112fad687cd16fa3a6cf3855fb2da542
59EEE9F7868A05E13CD670AB3C78024E,14438,res_zhcn/piece/nfy_icon/icon_daoju_ji.png.gz,1738443e779fc330848e105cc181cc2e
4A7F80E1B9583E0CCD0EB5087E36C7AA,12928,res_zhcn/piece/nfy_icon/icon_daoju_jianfuka.png.gz,43a2c018d7a21ee44e2aecea3cabf6b5
92B70D0AFBD06639F0CCEE579C6A27E4,20209,res_zhcn/piece/nfy_icon/icon_daoju_juebanchenghao.png.gz,fc8037a57f0743d12335c81d12d2a107
AC9B773914F550712B2CB5C4AE515601,13304,res_zhcn/piece/nfy_icon/icon_daoju_kuizengka1.png.gz,bb8cee8d0d4896eeb386b857ed833b75
A8F3A244310D5D8A8DD772FB2D238A28,12774,res_zhcn/piece/nfy_icon/icon_daoju_kuizengka2.png.gz,ab93928d853e2adfe8acb6e9181d58db
5543C7E8E4361766A060E448D102CE17,18568,res_zhcn/piece/nfy_icon/icon_daoju_miaobitongxin.png.gz,312a52633c35a192fe092aa9a7eb2aae
CC96FF1098473CAF180BC8383F8458B6,16153,res_zhcn/piece/nfy_icon/icon_daoju_neicezige.png.gz,1321bbfe3ac8a308d827b9d809652074
672AC5A8AFB4B7A152B978C6163E94D8,20616,res_zhcn/piece/nfy_icon/icon_daoju_qilewuqiong.png.gz,f612ed43e7d06c3ea9c9ac84a73a4c96
67D1B23FFB02A6D8310A05CEB7FB945D,20616,res_zhcn/piece/nfy_icon/icon_daoju_qilewuqiong1.png.gz,f612ed43e7d06c3ea9c9ac84a73a4c96
83F13B6B728AD8FE8EBC7F7DB04EB389,23710,res_zhcn/piece/nfy_icon/icon_daoju_qingchuanyunnuan.png.gz,e727c348285052bfc15f45fa346d55f8
98109BA3241BEE0FB2862DCD23655250,20499,res_zhcn/piece/nfy_icon/icon_daoju_rongyaozige.png.gz,7e76376431604f49328760350df5c01c
B2F73A3A2F201E398AF72E2ABA4222E1,11362,res_zhcn/piece/nfy_icon/icon_daoju_shizhuangbi.png.gz,cab63a1341f5e4f24887ea3feaeaa72e
0A4EF7361812946FE261E4761E2B8716,14052,res_zhcn/piece/nfy_icon/icon_daoju_shizhuangduihuanjuan_s.png.gz,760ad5c8c1f9ce9e62ef51ece2f4cb02
E23CAEE0A9157B17B83BC82D0BCC3F39,23974,res_zhcn/piece/nfy_icon/icon_daoju_shizhuangyuanjian_ssr_ruihuyingchun.png.gz,9580e58292cdd5b64980d2ceb54653ec
E3810CB13E84A58913639EC511980809,14690,res_zhcn/piece/nfy_icon/icon_daoju_ti.png.gz,0cc78e3853da4f8ce92ceb510b6998b0
5481C20F16A334904851C2A1AF2766FD,13157,res_zhcn/piece/nfy_icon/icon_daoju_tianxuandajin.png.gz,50b1a3bfc90a97ff95aa7e2b60b4c041
5C31FDA28E2B75F6D5D61D6AE72BF71D,7405,res_zhcn/piece/nfy_icon/icon_daoju_touxiangkuang_dianfeng.png.gz,56eaddc23cd56cfca6db90d86c06336d
B333ECF47E15B36E1FE99F98F7679179,13455,res_zhcn/piece/nfy_icon/icon_daoju_touxiang_dianfeng1.png.gz,cfabdb140527a97ce8eac9079605bb24
EA70E4DC6629BB39B41887E4B1CE5489,13800,res_zhcn/piece/nfy_icon/icon_daoju_touxiang_dianfeng10.png.gz,debcf954aa1dcfb13951d69f5d6dc472
6154537B57F831B19F09EB3FAE03AE18,15368,res_zhcn/piece/nfy_icon/icon_daoju_touxiang_dianfeng2.png.gz,0dce0396066e60a0d580bccdfdf6f156
40D79B5A42CCDBECD31B16A18CEFBAD4,12688,res_zhcn/piece/nfy_icon/icon_daoju_touxiang_dianfeng3.png.gz,d36125328b2b9cdda6b95a68bb8523b6
43FECFA986CB0AEB3908C7E65495FE1D,15134,res_zhcn/piece/nfy_icon/icon_daoju_touxiang_dianfeng4.png.gz,de4aedfe78cdc4d205a8808c7661762d
A3560456E53DD81F2A52CA23E4291B5B,14899,res_zhcn/piece/nfy_icon/icon_daoju_touxiang_dianfeng5.png.gz,c89751173da895a4fcf7a664a34fce3d
7EE52196D3E4F9DA2A9D179B22831BC5,15043,res_zhcn/piece/nfy_icon/icon_daoju_touxiang_dianfeng6.png.gz,1345b53775f2e38471500f5664c2f73a
D1E6BC616636F5B9C1308E14B3A949D9,15159,res_zhcn/piece/nfy_icon/icon_daoju_touxiang_dianfeng7.png.gz,47df32619e3bdb772134ce3b6fe0fb0b
70738F2C8E110F7CA733B828B205E8E9,15120,res_zhcn/piece/nfy_icon/icon_daoju_touxiang_dianfeng8.png.gz,852d82edcbedeb90a8c84028bb66a352
A474D5CDF2BA8A4B8F529F8D68AB0F1C,15342,res_zhcn/piece/nfy_icon/icon_daoju_touxiang_dianfeng9.png.gz,f485c89710b5aed76492bef1c036d664
A2A867B6C7E4B39D2F45CE6546BA7E2D,10094,res_zhcn/piece/nfy_icon/icon_daoju_vipchenghao1.png.gz,80e97b58ae43858037856b2bd754e8ee
8CA1F712B214E3A112F6A8102D2C4E43,9244,res_zhcn/piece/nfy_icon/icon_daoju_vipchenghao2.png.gz,33578eb4631fd951772e137c1171a434
9A43BE99A6B912E2395AE90D56CCF365,9978,res_zhcn/piece/nfy_icon/icon_daoju_vipchenghao3.png.gz,8e68c0cae9c3bb83546db0da4b0007b4
EFA8E5785FF352E886E0D49819D57C3A,16958,res_zhcn/piece/nfy_icon/icon_daoju_vipchenghao4.png.gz,0e0a9b14950cb525538770a3894574fd
50A8FDE2E59CF711817ED989B5365456,16866,res_zhcn/piece/nfy_icon/icon_daoju_xiangmuqihua.png.gz,9cceae671614714e1b0ae42307b64883
1FEBFF39F9FE8B6FC3CD09831835D1EF,15360,res_zhcn/piece/nfy_icon/icon_daoju_xin.png.gz,e80cb4a53481f82965d69fbf1b9fb783
416A64364296DEC7B09B55AEE3D5FABE,24459,res_zhcn/piece/nfy_icon/icon_daoju_yinhantiaotiao.png.gz,4579bf4cbcb81540d3e93b032c8062e0
8B9EB410E0513E2FB1F25A5BE1FDD0EC,20145,res_zhcn/piece/nfy_icon/icon_daoju_yizhuonianduihuan.png.gz,0ec409c3065c55dacf77f82faac7231b
3BEA76C773C8FDC5403E9CE193FCFDE8,9971,res_zhcn/piece/nfy_icon/icon_daoju_zhizundajin.png.gz,eb7c6b9fcdcc68a67d61857ed898319e
5430F155974CD6D40346E4BE346B58DC,12851,res_zhcn/piece/nfy_icon/icon_hongbao_chaoji.png.gz,b17e98fc30b43077c18fb416157f4f1b
6BBEEA8F4D4C9791F0AD3A9BBF0FA966,13386,res_zhcn/piece/nfy_icon/icon_hongbao_shenhao.png.gz,9f46ef62d481b4227f3b0b58c1b4f17b
37115A2A0426C3387AA875739E3A5BF7,12268,res_zhcn/piece/nfy_icon/icon_hongbao_xinyi.png.gz,a18f1bcb2134c0cb3bcc00c6227d6429
BEA9979FF739DE22282EDB39839F8EE9,14989,res_zhcn/piece/nfy_icon/icon_jiaoshejiemian_touxiangkuang_zhounian1.png.gz,ae06ad37efa84899a992384499e4bd1f
876EC7E6B9816F0D8ABDFD326D505864,15729,res_zhcn/piece/nfy_icon/icon_libao_zixuanaoyi_0.png.gz,ce555c981073772d8fc19c0378c1ef42
D6CAB8210D76DE464A02B5C2F838CAC4,17152,res_zhcn/piece/nfy_icon/icon_libao_zixuanaoyi_xiyou.png.gz,6d9731ec0dd2fad1b357438231765e15
440067B23E5DFB3BE32887B7313AA5D6,15028,res_zhcn/piece/nfy_icon/icon_ziyuan_ciyuanbaoku1.png.gz,fbe98ce066a882c548711f4df639dff0
D8DB4CAF1655A8D246198D4EBB30FAD4,15103,res_zhcn/piece/nfy_icon/icon_ziyuan_exp2.png.gz,0182dde227b4490453ccd9e124578708
5531C3B139A818EEBC99A01A3B453B8E,16041,res_zhcn/piece/nfy_icon/icon_ziyuan_expshangxian.png.gz,b0253fb347381f8ebfa5c5eebecc5e3a
AAA802912B60F7A5B9CA7B0B4B873464,14396,res_zhcn/piece/nfy_icon/icon_ziyuan_shizhuangsuipianxiao.png.gz,3a59fa0eba2d3730ec7f1c99a07ea68b
6ED79750C0DF6EB4E90A97570F20BA1B,15385,res_zhcn/piece/nfy_icon/ui_cailiao_gaimingka.png.gz,04686348696c262bad07e93628d0c8dd
011362439963D1C35B7F740B57637738,14970,res_zhcn/piece/nfy_icon/ui_chenghao_suixugengxin1.png.gz,0aed209c61d3fb088489109cee7dd056
E398BA9AA8AE3EAA4307C00D195408B9,20165,res_zhcn/piece/nfy_icon/ui_daojuicon_aoyi_1.png.gz,a9fecdf374180804d086009013d04feb
0A8F72DAF291A81A9BA27C7072679EAA,19690,res_zhcn/piece/nfy_icon/ui_daojuicon_aoyi_10.png.gz,ff22f4b9b8ad7c56a9c929843593b7f1
DACD38D756F6AE01C68FC8416F6DD0F6,20203,res_zhcn/piece/nfy_icon/ui_daojuicon_aoyi_11.png.gz,6e72635587257f5eb606c37f68e3ed73
8AC192F16D7FF70EE6AE4BF7CDF0C691,18967,res_zhcn/piece/nfy_icon/ui_daojuicon_aoyi_12.png.gz,6543d209496c50467e4d95e4a54be1c3
E4D384E18623B10C5312A833E4960A34,19250,res_zhcn/piece/nfy_icon/ui_daojuicon_aoyi_13.png.gz,6cb076aff511422d261add6867f2dafa
DDB9CFE12161E50FD04CCA43E2DF70B8,19039,res_zhcn/piece/nfy_icon/ui_daojuicon_aoyi_14.png.gz,53841f07eea8394c6ac8b92db85f9ce7
5AAC0F4997698D1EDFFAD8F4D75AC8FE,20585,res_zhcn/piece/nfy_icon/ui_daojuicon_aoyi_15.png.gz,5428512c3f6680df6ed8778e8ae985b8
256F9681DC5A40996D12FB17B918A3B9,19995,res_zhcn/piece/nfy_icon/ui_daojuicon_aoyi_16.png.gz,bd48985d6ca415ee62cc1da8e136c1ef
F42EB3AEA314C868CE33A28ED01EACD9,19286,res_zhcn/piece/nfy_icon/ui_daojuicon_aoyi_17.png.gz,1cc87fff5062cb498417171c759bfbdc
1E06F2940E20B031364772416ACD3E79,19557,res_zhcn/piece/nfy_icon/ui_daojuicon_aoyi_2.png.gz,75cec0c3f627376857c57db6c47d9169
4347321F1C8149D9444B8DD08E9545DF,20668,res_zhcn/piece/nfy_icon/ui_daojuicon_aoyi_3.png.gz,0c07f4152d5492cfc862d4233018aacd
C108793BAC01E7C71E59BD9789E940EC,20157,res_zhcn/piece/nfy_icon/ui_daojuicon_aoyi_4.png.gz,28dafc27d45d0065865b12b944056968
9EEB6A5C9C64924B67200F4FE934FF39,19043,res_zhcn/piece/nfy_icon/ui_daojuicon_aoyi_5.png.gz,893636ac769228ecb1c31384298119ce
BAE4B1D524CD04A2FBFDB4B99EC99058,19367,res_zhcn/piece/nfy_icon/ui_daojuicon_aoyi_6.png.gz,1a70a7f44cad26eb748db99af47eabba
66BD908ECBEA253A3AB3DC833B77A996,20221,res_zhcn/piece/nfy_icon/ui_daojuicon_aoyi_7.png.gz,5c1f24528dbeb585088103b8acf839b4
9B9AB80867E572AF3C065D745246F7DA,18480,res_zhcn/piece/nfy_icon/ui_daojuicon_aoyi_8.png.gz,877075ad7639cec954cdc0cdd7864bea
48911559FF225BCF0A38E41D162921EB,19663,res_zhcn/piece/nfy_icon/ui_daojuicon_aoyi_9.png.gz,79a352ed5c34458cb994130d49b78c28
C505CB8EA9A15D4FF69449B7957413F9,5325,res_zhcn/piece/nfy_icon/ui_daoju_611.png.gz,662d2dd80163771d62bc08425ec67863
49BB132DC1662B50F452AD77D9CE82CC,7649,res_zhcn/piece/nfy_icon/ui_daoju_612.png.gz,54b0cf1dea90653aad723314d03ce1ad
BA754A4678BA451B88E4A5C4C699C849,7314,res_zhcn/piece/nfy_icon/ui_daoju_613.png.gz,b2a028bae1cb80c36e91d72b8ae59a9b
7269008776F4AB51A105202DC8E6B6BD,8456,res_zhcn/piece/nfy_icon/ui_daoju_614.png.gz,886bf032158762cb85145ba534abcfc9
CD79851E1F7F6B11E4512D63CFF04AD1,10879,res_zhcn/piece/nfy_icon/ui_daoju_chanzi1.png.gz,f7ecef2bc30d57745fc2df9b323474df
19E22FCB044FC6991F2F6553A9D5E561,8827,res_zhcn/piece/nfy_icon/ui_daoju_chanzi2.png.gz,9c922ee3afc171c1b70de3f7b3bb0645
28BDBBF2722CE4500E5F212EECCD1E98,9131,res_zhcn/piece/nfy_icon/ui_daoju_chanzi3.png.gz,1fa2d3e546367e5dda4aac3b5d045450
776A740F16B0783AAA78B00215EDFA25,19712,res_zhcn/piece/nfy_icon/ui_daoju_choujiangquan1.png.gz,8e16977d8870b60ede3cfe5238ba461d
F70FA8E7996CDAE91238F9892982D162,22593,res_zhcn/piece/nfy_icon/ui_daoju_choujiangquan2.png.gz,1429caab1e938645de8c9756ace80443
C265F620215BA0CA9878F4B29A14DD43,25345,res_zhcn/piece/nfy_icon/ui_daoju_choujiangquan3.png.gz,ddfb2814d87e7a973cdab705c338e64c
DD4FCB1E6E0A62F58707BC8AAB374442,11993,res_zhcn/piece/nfy_icon/ui_daoju_chunjie_duilian.png.gz,e532d46553ba6049871bdbb1f1ba57d7
FCBACBF7D6953198D27486C87675ACDD,12163,res_zhcn/piece/nfy_icon/ui_daoju_chunjie_fuzi.png.gz,dd5822747cbbcfc2e3075e3365baf1b2
49657B9C6D6352A9172DB99D2688B442,14336,res_zhcn/piece/nfy_icon/ui_daoju_heiyanxinwu.png.gz,9ae034e2b438e163aa0969fc98ed1931
1E8FF5096D47F9C3E97F43A9DA6C77B5,11649,res_zhcn/piece/nfy_icon/ui_daoju_huobanjingyan.png.gz,ba22ae6746274b9af6413211a18c1aa1
41A5734BA30D0E0F186276345BE6A59B,12804,res_zhcn/piece/nfy_icon/ui_daoju_huobanshizhuang_ailin.png.gz,043b06d6907d7d538d871dad94a94c44
C99A4C1F9CACAD2B2F96F5589E96B5D8,12993,res_zhcn/piece/nfy_icon/ui_daoju_huobanshizhuang_heiyan1.png.gz,5789a0b67a00f78cb7fd689eecf7c7ad
944611842D81C53DF61E0D9369397456,12943,res_zhcn/piece/nfy_icon/ui_daoju_huobanshizhuang_xueshi.png.gz,1a8c25f7685ae275264fe4d553532ec0
F450B9542242320FFD5910CA54654272,12885,res_zhcn/piece/nfy_icon/ui_daoju_shuitong.png.gz,6a0114131d97d658c80355f9171572a7
4953EB6F721CFC4CD69BC25DE18FEF6D,14685,res_zhcn/piece/nfy_icon/ui_daoju_suipian_ailin.png.gz,e57443c997ce2fc37de2852d8d259729
7E0F359793A1F1342B02E56BA8F36941,15425,res_zhcn/piece/nfy_icon/ui_daoju_xianshibuji_fudai.png.gz,e38ae3e684af06c25071a415aca0b27f
7BF83F97A2F1D7C2BF2195F6FB70307D,6245,res_zhcn/piece/nfy_icon/ui_daoju_xianshibuji_fudaisuipian.png.gz,78a8259127aac31914e6c7a5df2cbbde
EE1D5C9C382DECC80E10D889B7BE898E,16320,res_zhcn/piece/nfy_icon/ui_daoju_yuandan_bianpao.png.gz,1a83e5255f8402fb6ca8d5462bda41fd
EE2A873BC4519AA7C65BA21110D30E36,21658,res_zhcn/piece/nfy_icon/ui_daoju_zhenchongka.png.gz,6acaa26e2075f7563c1875c1d1082409
4AC713D2F3BCED007990E13683FE5B5C,24416,res_zhcn/piece/nfy_icon/ui_daoju_zhichongka.png.gz,5b96692cc92f6a354c663ab9c96a8a69
BACE57080048401B59D0454BD2860FD1,19360,res_zhcn/piece/nfy_icon/ui_daoju_zhongqiu_huahaoyueyuan.png.gz,61c70261f9749fba0c32f391855b98eb
1D5C6E30E5EBB28C18BEFAF280747209,8035,res_zhcn/piece/nfy_icon/ui_daoju_zhounianqing_nian.png.gz,97cb750c3da30263a9c9e69ffc3923df
D3EA4CEB937522B1F23C8924D6E4DC6C,7931,res_zhcn/piece/nfy_icon/ui_daoju_zhounianqing_yi.png.gz,b1624484326140ec1bdae74a3de83a9e
FF42C5D03505B4BE584D18961D986D96,10228,res_zhcn/piece/nfy_icon/ui_daoju_zhounianqing_zhou.png.gz,d639aeb85b530ff4099c2fffd051833d
8F844B9DD987E86C88451FF545767D3F,26989,res_zhcn/piece/nfy_icon/ui_icon_libao_01_suijiwuzhuangsuipian_ssr_xiyou.png.gz,43c9821b0576a6e36d96b01a0477dcf0
B29A252863386C8142503CFDEEEA759B,27282,res_zhcn/piece/nfy_icon/ui_icon_libao_01_suijiwuzhuang_ssr_xiyou.png.gz,a02ba924c0b883c30a13ccaf2af31325
E08D0AE296CBFE82721D857D101F8EE1,15253,res_zhcn/piece/nfy_icon/ui_icon_libao_01_zixuanwuzhuangsuipian_r.png.gz,cd16f14cc0afe6a3e25a25f956601e05
B6F7095833EBAAB095719430A119FA0E,15109,res_zhcn/piece/nfy_icon/ui_icon_libao_01_zixuanwuzhuangsuipian_sr.png.gz,dc18e321939fa41c060125f19d0aafcd
69BAA443BE117F64DEA95F0714E5F85D,15193,res_zhcn/piece/nfy_icon/ui_icon_libao_01_zixuanwuzhuangsuipian_ssr.png.gz,6d28154e7b1a515d7db7dafc7070dc10
D3E17B35D061D0B831D684DED98CC0AC,27407,res_zhcn/piece/nfy_icon/ui_icon_libao_01_zixuanwuzhuangsuipian_ssr_xiyou.png.gz,03694458d7b6e4f1033697290ff64cf4
2253E85910B313F4AB75EAE040B31384,30194,res_zhcn/piece/nfy_icon/ui_icon_libao_01_zixuanwuzhuang_r.png.gz,82d641dbd5641278827e7b1c1397ed34
A76FE7AD973FFF9D2BB41DB3871300AD,30370,res_zhcn/piece/nfy_icon/ui_icon_libao_01_zixuanwuzhuang_sr.png.gz,94c3a6920b3c848103ee02573e951460
9DF32C1D7BAB49D7F3374A28B587B55A,30917,res_zhcn/piece/nfy_icon/ui_icon_libao_01_zixuanwuzhuang_ssr.png.gz,adb50591ff49e006499172ef70b6768b
A160EF390A66A2086E42D4113D3B03C7,28083,res_zhcn/piece/nfy_icon/ui_icon_libao_01_zixuanwuzhuang_ssr_xiyou.png.gz,2278bc441d283014733245e365ef9455
377114EC0B1F6097CFD2B458F976E333,14981,res_zhcn/piece/nfy_icon/ui_icon_libao_02_zixuanwuzhuangsuipian_r.png.gz,e5c61e9cea47ab645638b57b62733d49
7286BDCECB7D1C21A3926BDC44A443FC,14898,res_zhcn/piece/nfy_icon/ui_icon_libao_02_zixuanwuzhuangsuipian_sr.png.gz,c0b5fea8cde1ef3d6f98f8a04dafa6f1
B7C3F243C9A0A188076A38899A8EFE7F,15030,res_zhcn/piece/nfy_icon/ui_icon_libao_02_zixuanwuzhuangsuipian_ssr.png.gz,ff09ba38bf0acd4da22b658c068080bd
1340EB804AA0ADDBEA88955A3A739B9D,30058,res_zhcn/piece/nfy_icon/ui_icon_libao_02_zixuanwuzhuang_r.png.gz,729fe8a165413e58d77dfe232575b40c
9DB49343BA15598DB7C43E8722C56939,30272,res_zhcn/piece/nfy_icon/ui_icon_libao_02_zixuanwuzhuang_sr.png.gz,93899b582e59964a67754ddb178c4d52
F60C4C2FF154D815846EBA3BD2EAF228,30747,res_zhcn/piece/nfy_icon/ui_icon_libao_02_zixuanwuzhuang_ssr.png.gz,e322bce4c8c07c62332ade874e322e45
D6DB04B222053D373391172CFB9D6A9A,15257,res_zhcn/piece/nfy_icon/ui_icon_libao_04_zixuanwuzhuangsuipian_r.png.gz,b3090c1efe8dd6aa42e5b03bb9129fd3
DC59C4501098B129AE85931B9ECD9E8C,15192,res_zhcn/piece/nfy_icon/ui_icon_libao_04_zixuanwuzhuangsuipian_sr.png.gz,786e1028026e71ff81ffae259d597400
4F2A9330C89D45467951143E5894145C,15145,res_zhcn/piece/nfy_icon/ui_icon_libao_04_zixuanwuzhuangsuipian_ssr.png.gz,997469b52ce71de8808521a577173c68
BDE8015E5C5B14C652A59E134A7D06AC,30180,res_zhcn/piece/nfy_icon/ui_icon_libao_04_zixuanwuzhuang_r.png.gz,60274e0dba0890cca42756e2b0a24a54
1FB29C5386F28DD7BFB4CECF128D0BEE,30277,res_zhcn/piece/nfy_icon/ui_icon_libao_04_zixuanwuzhuang_sr.png.gz,ed3364124a2b8f92447cbcff491f6d8c
72262F0970C7C2F364FD697716BCA116,30859,res_zhcn/piece/nfy_icon/ui_icon_libao_04_zixuanwuzhuang_ssr.png.gz,d99f1e05dc212f82b4ae22249f0e1d6b
5ED5B264F40159042FC2DFDFCD194DAE,16370,res_zhcn/piece/nfy_icon/ui_ziyuan_tongxingzhengexp.png.gz,61d83098c275244cb50375fdd14d6eb1
8F426175870673095618B6102CFD9624,268466,res_zhcn/piece/nfy_infinite2/ui_kuangqu_datu1.png.gz,ab37ffa12c111fa9ab02776d494e8005
74BD14B14433474873537778E849313B,292207,res_zhcn/piece/nfy_infinite2/ui_kuangqu_datu2.png.gz,d17ec37d7df2bdf62b74a37265953d74
D9ADE31FAE1EF1387F38955AD6CFAA73,15773,res_zhcn/piece/nfy_limit_time_shop/icon_daoju_chongwulihe_b.png.gz,d46fe09fda9ab923992faf7cdf7eab59
3728E16F559588584DFFB12A55D30FC3,43007,res_zhcn/piece/nfy_loading/ui_denglujiemiangai_liandonglogo.png.gz,b39e9c618d2a0af37fe68090b82ff963
549E5AD1BB5086DAE64A011912185E41,626530,res_zhcn/piece/nfy_loading/ui_load_bj_1.jpg.gz,f62546dfc7d84801138dc1aca79bc529
2EC640DB14658FAE15516E025439F16D,626530,res_zhcn/piece/nfy_loading/ui_load_bj_1_dalian.jpg.gz,f62546dfc7d84801138dc1aca79bc529
C28BA9A4243D2548D79C03B97AD930A7,608384,res_zhcn/piece/nfy_loading/ui_load_bj_2.jpg.gz,5c86c02b41bff66ce042b9bd9ef4a1a9
F7DB772AC3AEE5C1720CEB7AF69FC9D1,608384,res_zhcn/piece/nfy_loading/ui_load_bj_2_dalian.jpg.gz,5c86c02b41bff66ce042b9bd9ef4a1a9
B93D4D9A271B2BFA1370D2A0BA2371D3,591461,res_zhcn/piece/nfy_loading/ui_load_bj_3.jpg.gz,889db7b9f111820aab9d76199564374d
6565A422F4B341763B34F6E8D5B8C60B,591461,res_zhcn/piece/nfy_loading/ui_load_bj_3_dalian.jpg.gz,889db7b9f111820aab9d76199564374d
617C6D8C476808A6BBCBB1E0552B26D2,884078,res_zhcn/piece/nfy_loading/ui_load_bj_4.jpg.gz,82be4f7cb4be016525ed4d00ae790f49
CCE04BC27964C53671172F05B6440BEF,793905,res_zhcn/piece/nfy_loading/ui_load_bj_5.jpg.gz,6fd8eca8f93f200d82e7168788f3cbee
3A96DFC81C13BAAB4179CB57D99CF43B,793905,res_zhcn/piece/nfy_loading/ui_load_bj_5_dalian.jpg.gz,6fd8eca8f93f200d82e7168788f3cbee
93DC8B24428F0E94243E6D2D31D58A6E,744192,res_zhcn/piece/nfy_loading/ui_load_bj_6.jpg.gz,f604507d953c2d4e1e18ba543a913af4
228ACE323D72895B68BC0202B0B34121,884078,res_zhcn/piece/nfy_loading/ui_load_bj_6_dalian.jpg.gz,82be4f7cb4be016525ed4d00ae790f49
ED7E9F125A158C4C50D11EF06A3C5669,2479,res_zhcn/piece/nfy_loading/ui_load_zi_0.png.gz,b0ba67e0f3cd07353c5b298ab555d967
340515BA2DBF44F9445825BCDE053735,29391,res_zhcn/piece/nfy_loading/ui_load_zi_1.png.gz,b45108e3d8890318224a41203aef379b
35F6491182A9EFBF0C00CFF442F202FF,25600,res_zhcn/piece/nfy_loading/ui_load_zi_2.png.gz,63e2537faf844fa2bfffafdabae9c70a
8008DD5302FAC2CD41ECD37AA334F8B4,32477,res_zhcn/piece/nfy_loading/ui_load_zi_3.png.gz,00d61317d3e44deb97a4ddb1304a74b0
15DD8AE8CD9974640CB1D2637AAEF57E,35726,res_zhcn/piece/nfy_loading/ui_load_zi_4.png.gz,972c4935e82c2f1bfb731a9681796e5b
B84EFCAB64D1F204FDC143B12F6BE27B,31163,res_zhcn/piece/nfy_loading/ui_load_zi_5.png.gz,129acd96338f247834bd93afb40e78c6
82282CFB0D366284EC5A11486FF82ED0,27409,res_zhcn/piece/nfy_loading/ui_load_zi_6.png.gz,de6e2aac8bb1593b2b7d4c24325ded82
572CC0F00567AFCA284FC35E4316A73D,536009,res_zhcn/piece/nfy_logintomorrow/ui_ciridenglu_datu.png.gz,1a33cf37fe730a74e964374f5a20c234
8805A5BE06EFB5C6510D3B5A0669B86B,72419,res_zhcn/piece/nfy_logintomorrow/ui_huodong_cirijiangli_biaoti.png.gz,238b01e6b2e0ef2fc37943f73eedd9b3
1AECB5F6713A2B188ACCCEAC31BE2BCA,12043,res_zhcn/piece/nfy_logintomorrow/ui_huodong_cirijiangli_yishuzi_mingrikeling.png.gz,ebd66b9b47bbef2de7ae93626ab87a11
257C7214F61359FA105B7DEAFE4E80E9,20047,res_zhcn/piece/nfy_logintomorrow/ui_specialSkill.png.gz,a0a83ca3f82cb8a74b55a394cfaa1e29
1A2B0F24457B86C952C0EF4755CC16FA,3460,res_zhcn/piece/nfy_logintomorrow/ui_zhucheng_zi_cirilingqu.png.gz,c6e5b168d4ebd689cf74dbdd7a321df1
C38C38014F61183F2443A2850F8B28D4,3606,res_zhcn/piece/nfy_logintomorrow/ui_zhucheng_zi_dianjilingqu.png.gz,3b1215de182b6555ea41420fd99ae0c7
AA3CB6FC944F3BB7EE96BDF9DC2C482F,567251,res_zhcn/piece/nfy_magicbox/ui_xingkongmohe_beijing_ledling.png.gz,c2e49ed4b5fad55832bff3153e83718c
6D84D5581E3F0ACC4082D1BA77071F9C,7373,res_zhcn/piece/nfy_maincity/ui_zhuchenggai_chongwudan.png.gz,f9ca19960a1f05a8f12110d9d2795741
3554E9958CE1ADCE284C13875353BC51,10370,res_zhcn/piece/nfy_maincity/ui_zhuchenggai_chongwudan_g.png.gz,cd3cbd0dca10f6dade3421038b0fb701
AEB9F741F44A80349C43FD2CD927313C,7034,res_zhcn/piece/nfy_maincity/ui_zhuchenggai_gongchan.png.gz,ab7abe2222c7e2523ceff3bdb11a8ea7
3974F0657D830D9D7B3432990E2E8E24,10634,res_zhcn/piece/nfy_maincity/ui_zhuchenggai_gongchan_g.png.gz,cd183802b89d6e952a81709e0fb95e73
2D17C5ACDC7BFE025EBFE88BA0B3CE52,4902,res_zhcn/piece/nfy_month_card/ui_yueka_biaoti.png.gz,5064825be7c770c4efa27f87ac1ffc1f
3B649F2BEB220B2E2700122BA8541763,122938,res_zhcn/piece/nfy_month_card/ui_yueka_ka1.png.gz,5771d972553aa1d1ed009804367b17b8
927D6CC6A2A836F402E7EC61B24EC877,115285,res_zhcn/piece/nfy_month_card/ui_yueka_ka2.png.gz,0aac269bc041a29df749b66472b26f49
9AADF4F67D1F04612AE88CDC509E0AC2,48200,res_zhcn/piece/nfy_nest/ui_chaoxue_an_1_1.png.gz,8b10838adfa6617061c392e61e833c6f
108DFA2A22EDEFD61EFC3162DDF9AC72,48151,res_zhcn/piece/nfy_nest/ui_chaoxue_an_1_2.png.gz,f10709f0669074dd9cef00940132e460
505DB6589776D000535F28C6F913F57D,52244,res_zhcn/piece/nfy_nest/ui_chaoxue_an_2_1.png.gz,cdbff9118327fd7bcd4316b2d7e4f9f7
6DFA48C02BF0CECE3FEFA4E61A7588AC,52707,res_zhcn/piece/nfy_nest/ui_chaoxue_an_2_2.png.gz,27dc0d34e44bf1ab22d9fe99369e3b46
BC31A769D85888146A4865B921FC470E,49719,res_zhcn/piece/nfy_nest/ui_chaoxue_an_3_1.png.gz,2a8125258735935386c5b833337a163c
07CA7E1C42C5F0749984B3B2C0C91488,50423,res_zhcn/piece/nfy_nest/ui_chaoxue_an_3_2.png.gz,ebd286f8534a8c9f20c1b3d4309c72e8
BA6FF60127C3631931BF9B58B46BAA5A,46949,res_zhcn/piece/nfy_nest/ui_chaoxue_an_4_1.png.gz,f069944b06dfac707a373282377fcc24
C55A3E23E050CF172E604F649149466D,47447,res_zhcn/piece/nfy_nest/ui_chaoxue_an_4_2.png.gz,462218d98296436a48ec10ac1c5d51a8
379AD88042E30B546844C3F7BD6D1C9C,35856,res_zhcn/piece/nfy_nest/ui_chaoxue_zhujiemian_zi_1.png.gz,2c7a9a10ca4f62f9752d21695969e526
7BF1D63E974258D740D3B1965AFDC5EB,44863,res_zhcn/piece/nfy_nest/ui_chaoxue_zhujiemian_zi_2.png.gz,84d52036774e20a04eabc0f54f0ae765
A460EE9BF612E7D54FF0418649F72679,37264,res_zhcn/piece/nfy_nest/ui_chaoxue_zhujiemian_zi_3.png.gz,212a6a641b2fa238e075c7eda900addc
A5A6594D765269737759AEC4DB9B5C45,38757,res_zhcn/piece/nfy_nest/ui_chaoxue_zhujiemian_zi_4.png.gz,2b935299977a74d6817106247a34fbb8
D0ADB57C9EC56143ECCAC0E8F1E091FD,1590,res_zhcn/piece/nfy_nest/ui_shouliexingdong_zi_baofa.png.gz,05e526237964e8ccf6d145969dc9ceff
E48B0FAE9E5BBAA534171DE0E48B6E66,1506,res_zhcn/piece/nfy_nest/ui_shouliexingdong_zi_changjing.png.gz,160272f702e64115b1a5d283214d731a
6253FE3AE543D8197CA1873A31A162CC,1461,res_zhcn/piece/nfy_nest/ui_shouliexingdong_zi_kongzhi.png.gz,99c7a67e80bcf168e91c2728cf5ed697
81A9FF458A9DAF23C9C86E0F8F61363E,1581,res_zhcn/piece/nfy_nest/ui_shouliexingdong_zi_miaosha.png.gz,527b81031f667c19a8a02e9b51408f56
56CA1976F90EB006276423C52B3E73B7,1432,res_zhcn/piece/nfy_nest/ui_shouliexingdong_zi_shanghai.png.gz,4af74906828f2a494b7a48100209f0f7
BB1482BDBE507AA6570B9A82B52DF263,1446,res_zhcn/piece/nfy_nest/ui_shouliexingdong_zi_zengyi.png.gz,ab9fbc5305b6c6d69d5918d18668f46b
C6A4304E4C95FB12951AE6D3D7F8376C,28983,res_zhcn/piece/nfy_nest/ui_shoulie_tiaoti.png.gz,3215453e069f63c9207e9a9221e973ec
3A9E4E8B222F4AD57DDC293EB1B3B4E4,31537,res_zhcn/piece/nfy_nest/ui_shoulie_tiaoti2.png.gz,22ccbc33c5a90922bd2a3cb4792abe4d
444A5A0FEFE1AFD43EA7A41B0682DDE5,33717,res_zhcn/piece/nfy_nest/ui_shoulie_tiaoti3.png.gz,9954d22cb7730ba5753e0ff10e857e6f
40389C47C45E784CFA333F5851635384,29182,res_zhcn/piece/nfy_nest/ui_shoulie_tiaoti4.png.gz,35e7445c74e0f78a4a71e148afe8758e
715F24671530883C57EF88BDCD0EB42A,26189,res_zhcn/piece/nfy_nest/ui_yijie_zudui_biaoti1.png.gz,8b9461ab66fabf8761baaa1fb3d41247
05E6E8026AC0102553DD7B5C644D6FBC,25335,res_zhcn/piece/nfy_nest/ui_yijie_zudui_biaoti2.png.gz,620c064bc4eb98b8fc3d855ffdf3e20f
559DB17DE5E201AD7B25205C3420D606,30104,res_zhcn/piece/nfy_nest/ui_yijie_zudui_biaoti3.png.gz,da4790f68ce416c3b7d671987d34ffa8
7DC83FD7CA5E2B6C75D18CC558214CD8,24550,res_zhcn/piece/nfy_nest/ui_yijie_zudui_biaoti4.png.gz,115084b28c1965608eb3c39352efd67c
DAF0F91777FF73C58DD3DE11589A2D42,19241,res_zhcn/piece/nfy_new_city_menu/ui_zhucheng_hud_dengjiyazhi.png.gz,f5ed2fd40f8f208dc3fd542a03007995
5E7227D116FEF086DE0B0594C38F5409,2668,res_zhcn/piece/nfy_new_city_menu/ui_zhucheng_zi_caidan.png.gz,0b735d84165dffc6266dcbaea8f590f4
2A7399835CBDB3ADA63CCF1AB28C3B84,3308,res_zhcn/piece/nfy_new_city_menu/ui_zjm_tb_aoyi_1.png.gz,9c534957fb33c4893d6ac4ef69322116
60CD272D32FC7FD01CF9D30AB8F454F3,5889,res_zhcn/piece/nfy_new_city_menu/ui_zjm_tb_aoyi_2.png.gz,a7518882b97892c58198e3521df86d0d
7A848DE34161961D305CB5F17262ED9F,5880,res_zhcn/piece/nfy_new_city_menu/ui_zjm_tb_aoyi_3.png.gz,3554b213c24f248239ff51155b006f9d
9AFB7EAAF459A92D249BF4C96C6EAA17,2176,res_zhcn/piece/nfy_new_city_menu/ui_zjm_tb_beibao_1.png.gz,745629526d129561f4f0c56d9a465384
8D9635AD36486EFBACA5BBBA97B96A95,3822,res_zhcn/piece/nfy_new_city_menu/ui_zjm_tb_beibao_2.png.gz,c2695011c7d532ac6fb54762210153ae
619932EEFB2F929C9F6013C3B58E37AC,3800,res_zhcn/piece/nfy_new_city_menu/ui_zjm_tb_beibao_3.png.gz,6afae15a2a5adaa4e9897114877a882b
A3E736908A9D35DC5B785B704FEEB4CE,1871,res_zhcn/piece/nfy_new_city_menu/ui_zjm_tb_bianqiang_1.png.gz,2e64acc69fc57a51bd2f02d9976a9497
E50A5889E06C202F5E3FACF4C07A4101,3441,res_zhcn/piece/nfy_new_city_menu/ui_zjm_tb_bianqiang_2.png.gz,00d4c737a725d1d937080b8b45dfacb1
00C943A4494FAEA47E65F21A3E94129E,3485,res_zhcn/piece/nfy_new_city_menu/ui_zjm_tb_bianqiang_3.png.gz,0f0ba1cdb7661b86596e361d5a6b5264
76E30F25CB9605D0AE4DA7B97D0C8195,2482,res_zhcn/piece/nfy_new_city_menu/ui_zjm_tb_chongwu_1.png.gz,65f9b654add5c20fa1ec6861bd3c6a4f
FF4CE8B5BFF70F87696F960770193B98,4034,res_zhcn/piece/nfy_new_city_menu/ui_zjm_tb_chongwu_2.png.gz,47b96c38a1024613667e700b55672f42
EA59473890E9B5774EF27A7F2D9894DB,4028,res_zhcn/piece/nfy_new_city_menu/ui_zjm_tb_chongwu_3.png.gz,1af816b789f367d428657aa0da9f401a
DA7D3A9618D8B93D3C28BE65A1D0EB95,3223,res_zhcn/piece/nfy_new_city_menu/ui_zjm_tb_dingdan_1.png.gz,16383550ea14dc8294cc5dcd3fc59ab0
B668ED2EA919E35A24A14E486BEA6F43,6285,res_zhcn/piece/nfy_new_city_menu/ui_zjm_tb_dingdan_2.png.gz,0c38f95fbef44dd6931de55c747b9fa0
CFF888E34B2D5DED2927A8B11D39804A,6283,res_zhcn/piece/nfy_new_city_menu/ui_zjm_tb_dingdan_3.png.gz,4660f52cdccde62a91cadb3ada607f5f
CE71F2610ABCEAD96E285D253A23C07D,2623,res_zhcn/piece/nfy_new_city_menu/ui_zjm_tb_gaizai_1.png.gz,daffe7154595076ee0ca3f4c9ac5e774
C235CCA86F1EE2132D43A0D3BB2B3613,4650,res_zhcn/piece/nfy_new_city_menu/ui_zjm_tb_gaizai_2.png.gz,6f26b09f5d1cc1a45d6c165ada9d39e2
276A9FB395A316D76BE56E606E19AE16,4660,res_zhcn/piece/nfy_new_city_menu/ui_zjm_tb_gaizai_3.png.gz,4932a9e9d1f74f21265ce730217d1c62
250F1EE5146EC7D830CF5AAFEFE0536F,3031,res_zhcn/piece/nfy_new_city_menu/ui_zjm_tb_gonghui_1.png.gz,6c31efa1e3fde94144473c040ec6ee47
6069ABC35A25CE5D0BBC9F3BA32D97BE,5521,res_zhcn/piece/nfy_new_city_menu/ui_zjm_tb_gonghui_2.png.gz,0c477173a92d68b3eb201d5fab914451
053092DEECEF4045EE76F93941AEF23E,5531,res_zhcn/piece/nfy_new_city_menu/ui_zjm_tb_gonghui_3.png.gz,5884d7b1b127f70bb1da24dcc20bb771
D6ED81FFAFAA34132E0A065C30B04769,2498,res_zhcn/piece/nfy_new_city_menu/ui_zjm_tb_haoyou_1.png.gz,a0c2b8c3e1ac4ea55a62b87ded0049c2
DAB523FF8BCC084D8231915C2599227C,4183,res_zhcn/piece/nfy_new_city_menu/ui_zjm_tb_haoyou_2.png.gz,531870717c36b93633edddbbf5fa02fc
CAD9ABD4F6FFD153DFA9628D98CBCEDF,4190,res_zhcn/piece/nfy_new_city_menu/ui_zjm_tb_haoyou_3.png.gz,229091ad3105f1eb83f4fedf2ccb39a8
9F2A44356983DCB4CC79E8EFC3E54B4D,3114,res_zhcn/piece/nfy_new_city_menu/ui_zjm_tb_huoban_1.png.gz,b3b812ebf0950482238066945d4739f7
D149A6CC9CE76BBA80DA4C0DF0071651,5530,res_zhcn/piece/nfy_new_city_menu/ui_zjm_tb_huoban_2.png.gz,cd07f4f713b2f87d19d1cf9a0cf1ac25
C4D3F3BBCD19399834BA3B0D9F3E9F35,5649,res_zhcn/piece/nfy_new_city_menu/ui_zjm_tb_huoban_3.png.gz,1c39665128c93a901a7a46bafe98c82f
2B6987F5D949495088C1CE0C6B91DC99,2678,res_zhcn/piece/nfy_new_city_menu/ui_zjm_tb_jiaoyi_1.png.gz,6d419f20d4a16bc336745f252e6efdbe
704175E6ED496EDD23F3637B97B88443,4568,res_zhcn/piece/nfy_new_city_menu/ui_zjm_tb_jiaoyi_2.png.gz,8752ae0b03b5224e603ac310004f1d03
050708B612C21DA93D70D04741CDA6E5,4680,res_zhcn/piece/nfy_new_city_menu/ui_zjm_tb_jiaoyi_3.png.gz,5c93df8490a68f17b903f2861da76423
0854449683960381A5967F2D773AD78A,3323,res_zhcn/piece/nfy_new_city_menu/ui_zjm_tb_juexing_1.png.gz,e52ca81c7cb80a8d9469be2506cf45f2
AB1DDA143DD4380E53924254F49A6361,5623,res_zhcn/piece/nfy_new_city_menu/ui_zjm_tb_juexing_2.png.gz,a932e3eb84b861b6e9a3434e73759fe1
30CE3B6191836A81101DC25AC4B25F55,5749,res_zhcn/piece/nfy_new_city_menu/ui_zjm_tb_juexing_3.png.gz,1509688a0d99697f1c4549344756f9b7
F6E391637AFEB50E39A0C36D823A99FE,2920,res_zhcn/piece/nfy_new_city_menu/ui_zjm_tb_npchuizhang_1.png.gz,25e160152ce50844be72bed2d1ddca8f
2DBD0B5441E55C0FC2F94C5501E79F45,5399,res_zhcn/piece/nfy_new_city_menu/ui_zjm_tb_npchuizhang_2.png.gz,cf67ca1adc96881fd3e2249d49fa6ee4
6F950740BD20435B67D276E9356A61FF,5413,res_zhcn/piece/nfy_new_city_menu/ui_zjm_tb_npchuizhang_3.png.gz,da4b97173b9baefaeb13c2222f07bedc
994E343B884348EB9D790FB4AF90196B,1415,res_zhcn/piece/nfy_new_city_menu/ui_zjm_tb_paihang_1.png.gz,2c783c976edca9e43302df32f44b8c68
F2FDBA6DFF2EA48B09DEEFA87EF81B04,2409,res_zhcn/piece/nfy_new_city_menu/ui_zjm_tb_paihang_2.png.gz,6b053bb6ac661f8dc1ecdd37fe2f1c63
1050FC4A8F25D182A2559F69C8806488,2459,res_zhcn/piece/nfy_new_city_menu/ui_zjm_tb_paihang_3.png.gz,e5a4b397438bbfdfaaf41da224d0e4e2
7960B841FC86A83DAECC4E29DC538064,2556,res_zhcn/piece/nfy_new_city_menu/ui_zjm_tb_paimai_1.png.gz,c6919abd6b080b419c67fe78d108d5b9
CEEF4D1FB0F6233B327C52AC0F4F484D,4537,res_zhcn/piece/nfy_new_city_menu/ui_zjm_tb_paimai_2.png.gz,0685c27bad32139cddfc23dce6de97f0
87E0F637CAB99B8D5A3ECD7809A886ED,4653,res_zhcn/piece/nfy_new_city_menu/ui_zjm_tb_paimai_3.png.gz,a1b6ca5af49247dea87adf526c48cbb4
95E00C94BF637E87F269AA6C616139CD,3256,res_zhcn/piece/nfy_new_city_menu/ui_zjm_tb_qianneng_1.png.gz,c7a680e793e20f9929083ed9571204cb
10C87EC74ECDA3CA8AF06CD79B9307F5,5806,res_zhcn/piece/nfy_new_city_menu/ui_zjm_tb_qianneng_2.png.gz,5668a254901c05cdc15519e5abbed1be
6C795AC831E7D59F63309BA34912888A,5894,res_zhcn/piece/nfy_new_city_menu/ui_zjm_tb_qianneng_3.png.gz,4da64bd4a0d159f46875cffef222c8a7
F4A1C213D491001AA765AF122876F1EF,2930,res_zhcn/piece/nfy_new_city_menu/ui_zjm_tb_quanmingxing_1.png.gz,8ff4cdb7f02c76c52117d72cb8cae093
22B1ABFFA6D8183BBEAA95F55AD79E0D,5475,res_zhcn/piece/nfy_new_city_menu/ui_zjm_tb_quanmingxing_2.png.gz,fe7bd85740fec7c6bf569d3292cd014b
7DE1204DDAA815B644A5A5644DB3BE21,5462,res_zhcn/piece/nfy_new_city_menu/ui_zjm_tb_quanmingxing_3.png.gz,561559fdfc3d5ea12a466a63f5d06d06
ECB0E26B385987FE949D0F78AED20028,2853,res_zhcn/piece/nfy_new_city_menu/ui_zjm_tb_shengji_1.png.gz,0036e18a51b11a4e1f5b2b0c9eafa3ac
B0B0C7BBB7834D83A34A13C7899B06FB,4925,res_zhcn/piece/nfy_new_city_menu/ui_zjm_tb_shengji_2.png.gz,897a5849eaaf79ab05a55ad1b15b3712
3E0B9493FE5E1E960BC8CA05A6DB9F5E,4936,res_zhcn/piece/nfy_new_city_menu/ui_zjm_tb_shengji_3.png.gz,a3384c8e99877b417c9006c4b6365929
040043696A4BB6947FA856D909BEA6EA,2973,res_zhcn/piece/nfy_new_city_menu/ui_zjm_tb_shezhi_1.png.gz,c96546bb82fbe7184ecb0269d87f7f76
A70855F8E43EBACB1D012DB36EC49B42,5205,res_zhcn/piece/nfy_new_city_menu/ui_zjm_tb_shezhi_2.png.gz,ec7062da4031962636ce7feef1cd8bb2
AA305DC664345983ABB53D73A74737F9,5264,res_zhcn/piece/nfy_new_city_menu/ui_zjm_tb_shezhi_3.png.gz,b3170b40a8c6cc79a5d1cf4ef8a04ac0
FDF617A80BC377C7F02D3ACA2F96B1BB,3609,res_zhcn/piece/nfy_new_city_menu/ui_zjm_tb_tili_1.png.gz,7aa8c066f86fc9364d0048e11db8a8c6
53B74582C82F1FA47EAAA3113B54611B,6201,res_zhcn/piece/nfy_new_city_menu/ui_zjm_tb_tili_2.png.gz,fcd0a39da398fd08c685f2404b426358
C76EEFC21C43734446B3765E8D07BB88,6191,res_zhcn/piece/nfy_new_city_menu/ui_zjm_tb_tili_3.png.gz,190569d427f8f63dc9e07d05f9ca03c9
EF64EBB96A465DED906004F4DB5A586B,2973,res_zhcn/piece/nfy_new_city_menu/ui_zjm_tb_touxian_1.png.gz,2b96c66d44fa17a0fc6df990db4fda7e
E46BF18E34BF85859DED8DFC1F5B5583,5295,res_zhcn/piece/nfy_new_city_menu/ui_zjm_tb_touxian_2.png.gz,af90e915287c9185d8385e99e13ccfe5
7BBA6A2F1FAA2B5D0FEF4072B7B109E4,5324,res_zhcn/piece/nfy_new_city_menu/ui_zjm_tb_touxian_3.png.gz,81f847be69d7d956f972690d849f5865
1C76B8B8F9435DB33586EA28B60F101F,3053,res_zhcn/piece/nfy_new_city_menu/ui_zjm_tb_wenzhang_1.png.gz,41b4a77b603e6a6f56bbb22fbb471a01
0186FBB0196999F453B9832AB963B15E,5512,res_zhcn/piece/nfy_new_city_menu/ui_zjm_tb_wenzhang_2.png.gz,2697189017b0ee6090fc196964b12bb4
729C48CE6EA191750642CB7CBB6C9B11,5584,res_zhcn/piece/nfy_new_city_menu/ui_zjm_tb_wenzhang_3.png.gz,f5f71dbe623aa27d0da96957595fe086
2ECB91700BD2890DE1FC28951A1D8A06,1670,res_zhcn/piece/nfy_new_city_menu/ui_zjm_tb_xinxi_1.png.gz,bded1e4f0d39b7f89b33c60532ecba00
91A8A2FC8439A391B676F0938C393A50,3029,res_zhcn/piece/nfy_new_city_menu/ui_zjm_tb_xinxi_2.png.gz,19836922c6d4c1aa2b4103b01af06cf2
12C5A7E741BF58FBFA7BC87765F5F810,3060,res_zhcn/piece/nfy_new_city_menu/ui_zjm_tb_xinxi_3.png.gz,3407ef9af133641afc4acc0a5aa7b57d
2A56290F8511D99A5935648FBA7B90CE,2655,res_zhcn/piece/nfy_new_city_menu/ui_zjm_tb_youjian_1.png.gz,50665c9882b693e1b65efe9dc9ba0f10
0DD330DC38EB63689218B124F08BF840,4849,res_zhcn/piece/nfy_new_city_menu/ui_zjm_tb_youjian_2.png.gz,b934fd021f3e1feb1876daf45c42d9a6
DF8DA4507A9E9E07CEB6F6A1DBA193FE,4841,res_zhcn/piece/nfy_new_city_menu/ui_zjm_tb_youjian_3.png.gz,c8ba7298614c3087f89cb403cbf245ae
6CAF8E7681232D5D9CAA59481CE7F437,2852,res_zhcn/piece/nfy_new_city_menu/ui_zjm_tb_zhizuo_1.png.gz,5596bb7d9609133a8bec85f1c7008825
4E2F2377ED8BF820CAC4208588C5510E,5213,res_zhcn/piece/nfy_new_city_menu/ui_zjm_tb_zhizuo_2.png.gz,ab48d5a0da9b8dfec272b7ab3aef72e7
6B41021B3AE6D1EE6C35F059F3BB569B,5169,res_zhcn/piece/nfy_new_city_menu/ui_zjm_tb_zhizuo_3.png.gz,4d18320596ab0155c5c2aa5399e5fe37
940CB567ECBA4ED6A0BC6F001FDE85C3,2609,res_zhcn/piece/nfy_new_city_menu/ui_zjm_tb_zhuangban_1.png.gz,b15177d73a2338e9e156440f102dc59a
0D868B458B6694442F283243C506ABB4,4260,res_zhcn/piece/nfy_new_city_menu/ui_zjm_tb_zhuangban_2.png.gz,4dc2e868442be5fb3aaebbfc623794cf
40D52EF6297D8F1AEAE8BA81F92709B7,4243,res_zhcn/piece/nfy_new_city_menu/ui_zjm_tb_zhuangban_3.png.gz,afde8f3be9b40fc0d01be25f327bb876
5F879BD4C1E8ECA79A232011F1D1C224,3089,res_zhcn/piece/nfy_new_city_menu/ui_zjm_tb_zhuangbei2_1.png.gz,0c2e4ff92680c2755f0a8abcf5c37df5
847D8AB3DE3C9EE63E1450BFD1D9F86F,5600,res_zhcn/piece/nfy_new_city_menu/ui_zjm_tb_zhuangbei2_2.png.gz,92cb72a728f3598b241ea6394b4adc39
3037A79BE6E19343F5E7EAC8F2388EEA,5561,res_zhcn/piece/nfy_new_city_menu/ui_zjm_tb_zhuangbei2_3.png.gz,ef36a78a3347412d1aeaecfb2a2d3258
150B1C4C224336C18AC59A6BF5748FC8,2745,res_zhcn/piece/nfy_new_city_menu/ui_zjm_tb_zhuangbei_1.png.gz,5e1c0870e89f869f7ff8140b5db11eab
01F13F4D319876D12503D5B41A95E4D0,4974,res_zhcn/piece/nfy_new_city_menu/ui_zjm_tb_zhuangbei_2.png.gz,c8d23bdeb8faf095c692f34f2fb12d0e
C6152CA1FC391D0FB25AE28F3C08A749,5003,res_zhcn/piece/nfy_new_city_menu/ui_zjm_tb_zhuangbei_3.png.gz,52b9aa0feb9c726b3521625a42a750e5
59AEBDC072E3CF75D10294E316F02136,25559,res_zhcn/piece/nfy_nian/ui_nianshouben_an1.png.gz,5908b7164e5cc4df7c445db692f7dde6
BF7A3A2EA0FB8E0677F835D8079F4A3B,26105,res_zhcn/piece/nfy_nian/ui_nianshouben_an2.png.gz,c4ed2a8259d1e592eda0a90af1913db7
22772DD440449D030AE275DDD13F2627,4262,res_zhcn/piece/nfy_nian/ui_nianshouben_an3.png.gz,18d038ba75312209a992fd4ac7795dd5
9C4843C5AAFEF7E0FDC0EC51D4ECB944,24390,res_zhcn/piece/nfy_nian/ui_nianshouben_biaoti.png.gz,3084d4c7f8612375c34441f9b2850012
640D17088BAC5F0D7D47A6D3F8166A5C,1615,res_zhcn/piece/nfy_nian/ui_nianshouben_zi1.png.gz,2d445dc0f6c52bfeb74d9c5fa60da437
BA7770CEFE2365D7DB4CD65AA6FA0160,1169,res_zhcn/piece/nfy_nian/ui_nianshouben_zi2.png.gz,36d7082499b07a6a05e4087e27d45d0e
E76970ED0E7E98814338259AB6AEF48C,376100,res_zhcn/piece/nfy_notice/ui_gonggao_diban.png.gz,2bae12c19efb6092335a90a2c719c3a2
A6358A494832347F4CBB6AF735FDD8A9,251351,res_zhcn/piece/nfy_notice/ui_gonggao_dikuang.png.gz,46beba68362485c0d85b2ffeaacbd307
2F3AEAF8B83185F3F3ABEFF18B4A4C5E,370549,res_zhcn/piece/nfy_oddsWorld/ui_yijie_ciyuanzhimen.jpg.gz,44b166d62c75a650e79c9db24a267b27
7DA63276C32C806B8F7F7B47B1E60264,88563,res_zhcn/piece/nfy_oddsWorld/ui_yijie_ditu_quyu2.png.gz,05e2c1009bada0c4c16bc89f5cfee298
BF7EA37FB9E98C08F14438B90C0951DF,104861,res_zhcn/piece/nfy_oddsWorld/ui_yijie_ditu_quyu3.png.gz,bd7dd104209bef0249ec979044c94aa5
A72AA1845979D0A97FABE27A397DBAAB,96768,res_zhcn/piece/nfy_oddsWorld/ui_yijie_ditu_quyu4.png.gz,905fb6aec18e9a0001d7b711e0c6ef1b
35AC44730E0BAFFE60E2F32D5C6F157D,104660,res_zhcn/piece/nfy_oddsWorld/ui_yijie_ditu_quyu5.png.gz,62d6f0452f0778e9b4316f3e899577c5
9533748EA679212D85F7CA67EAA831F6,74574,res_zhcn/piece/nfy_oddsWorld/ui_yijie_ditu_quyu6.png.gz,7ce2ed5703402972a52d162a85b27ca9
C8B83BAD5F0D4F3ABF6C7E4BE04D2A5D,142235,res_zhcn/piece/nfy_oddsWorld/ui_yijie_ditu_quyu7.png.gz,451df8c2d67e8fe720edaffa252a436a
5926D3920D42D42DB7765BF9072A782B,115490,res_zhcn/piece/nfy_oddsWorld/ui_yijie_ditu_quyu8.png.gz,80b51f7d30a0467e6600c6c91f32bcaf
69F8D3D1E78E7E9477C87594876C2535,253924,res_zhcn/piece/nfy_open_rank_reward/ui_kaifubipin_banner.png.gz,ffdf175d627b9862d8d2a71fb4c41fd4
04ACE9D8AE3A2E8E95110F231E50F8EF,17349,res_zhcn/piece/nfy_partner/ui_huoban_an3_1_zhuanwu.png.gz,7fcff2c82b930bc0ca7fe150a4477e90
4A9B0032A603FA11A3B703A6FE81A583,3954,res_zhcn/piece/nfy_partner/ui_huoban_dangan_mingzi1.png.gz,2d147a238f5ad748bc43cdb6d24093e1
74EAA58745CCC0529AC85909F0DF973F,6349,res_zhcn/piece/nfy_partner/ui_huoban_renwu_mingzi1.png.gz,12d049fa9d2599ef1386a87812fbb21e
3245DDF0E2700958F417249928FD3921,5543,res_zhcn/piece/nfy_partner/ui_huoban_renwu_mingzi2.png.gz,26c63fafb47c3986785184f1fda655cb
0321826AB60D232F55A849D3ACCDCA61,7049,res_zhcn/piece/nfy_partner/ui_huoban_renwu_mingzi3.png.gz,6d97c44d614e781ddcb4d11179f5d6b0
C5A7F4A27CF38DAAFBA8B121F5D3814B,72634,res_zhcn/piece/nfy_partner/ui_huoban_shengji_banner1.png.gz,ad174b6bf55da9bec39cdfabd6221d37
C01559A45E14788439A5EA4238A34514,72732,res_zhcn/piece/nfy_partner/ui_huoban_shengji_banner2.png.gz,8a732293cfc46b82c4bece9232cc7b1d
682D74CF954174212A90A01B706A48C2,73068,res_zhcn/piece/nfy_partner/ui_huoban_shengji_banner3.png.gz,0685a616b4877fa1fd77ef0523b78c5e
79EAAA521093742B26B8622F709D46FF,1965,res_zhcn/piece/nfy_partner/ui_huoban_zhuanwu_mingcheng_1.png.gz,c85f80674d40b9c50fe28db789f89249
39701BDDC97ECE5EA6D99F0FE0B2467F,2023,res_zhcn/piece/nfy_partner/ui_huoban_zhuanwu_mingcheng_2.png.gz,dc7f523ad8f5cd7d3eb4af2ab3a869cd
AE9CC7B00945B0BAD64BDA3B33870AA2,2182,res_zhcn/piece/nfy_partner/ui_huoban_zhuanwu_mingcheng_3.png.gz,e89bb51dc31cb8937f58c96b48c8638f
C8C5E77E11D48D1A389A4B24A60CCB2A,204853,res_zhcn/piece/nfy_passcard/ui_jisutiaozhan_banner.png.gz,33dfad3173edf051ff5e2e5b4e31518f
397C60497EBE18F3A7980BE246171844,19099,res_zhcn/piece/nfy_pet/ui_chongwujinhua_tubiao_1.png.gz,87a97c0dd367ee00fa7ff8ebdbf93ff2
764B3884DF913CC580CA43570E643B9A,20254,res_zhcn/piece/nfy_pet/ui_chongwujinhua_tubiao_10.png.gz,efe1f5641d3131637cb7ad5486d79393
A37672EB5C87ADDADF239D441DA767AF,20507,res_zhcn/piece/nfy_pet/ui_chongwujinhua_tubiao_11.png.gz,9be89b94177386dee1006e6dd8b351d9
75560D2FAD02C2879EAA1159D9526813,16942,res_zhcn/piece/nfy_pet/ui_chongwujinhua_tubiao_12.png.gz,3cf4eea3d067029393d2a2f7a683b585
9C074ABD917466F7E7B738521A1F6695,19216,res_zhcn/piece/nfy_pet/ui_chongwujinhua_tubiao_13.png.gz,aa847a975cd83c9d83a449c5e8f3a955
4C93430F33035C814A0B6C930CE9CA84,19308,res_zhcn/piece/nfy_pet/ui_chongwujinhua_tubiao_14.png.gz,b0c0f24adba30b61634d04a372179676
46243760C863C6605252793222C8EBAA,18326,res_zhcn/piece/nfy_pet/ui_chongwujinhua_tubiao_15.png.gz,508e14a50727846c41d1188695b26973
1C60B74001CA73E680B22B9177DEA5EF,20571,res_zhcn/piece/nfy_pet/ui_chongwujinhua_tubiao_16.png.gz,a5230cc77cdeffc43278e5b47be3e1cf
ADDEAA8C623D53ECF6E0EBB28C4026CA,20737,res_zhcn/piece/nfy_pet/ui_chongwujinhua_tubiao_17.png.gz,63a4d85ee93fcdabeab7be6f2019f09b
5C0784D1D70F7E402DEB22D1DFF89C51,27381,res_zhcn/piece/nfy_pet/ui_chongwujinhua_tubiao_18.png.gz,75ea41469957ef566cda45bddc010d0c
F7580C7207F2C0B21D06A6B18A03A732,28645,res_zhcn/piece/nfy_pet/ui_chongwujinhua_tubiao_19.png.gz,df566a49df871f4cd7d1918e5509d2d3
1797A47C5214769424D194C55C09380D,21459,res_zhcn/piece/nfy_pet/ui_chongwujinhua_tubiao_2.png.gz,e1a3c359bfcdce7677c86a4b5a906918
3F02F1B7AB0DC7E89139818C1C3A4831,28896,res_zhcn/piece/nfy_pet/ui_chongwujinhua_tubiao_20.png.gz,8c9f25a854e0aecf5241fe8b9a4e4627
221F242ADDC5C534FC9951C0F4DA45D7,28798,res_zhcn/piece/nfy_pet/ui_chongwujinhua_tubiao_21.png.gz,bafffd5aeab1cab6b660ba5cad8278d9
91789CC5A6040D8EEF0B97F0BEE8BE84,27415,res_zhcn/piece/nfy_pet/ui_chongwujinhua_tubiao_22.png.gz,835221029c534dcc434e7b5499e822f4
29292E3CB2F46214F36D554E22BC0066,28790,res_zhcn/piece/nfy_pet/ui_chongwujinhua_tubiao_23.png.gz,eddd5064e23d99dd7cb75401d3bf59ac
2E62E0514DCF1BB40493F7E21C672D68,29136,res_zhcn/piece/nfy_pet/ui_chongwujinhua_tubiao_24.png.gz,4c2d6cf7d4bfed1dc56adf06c6566d01
847B930EC7778C0C44DFF9648A18F84B,29020,res_zhcn/piece/nfy_pet/ui_chongwujinhua_tubiao_25.png.gz,23357fc2d9e8d2992a3a0d6089d7d543
13D799F1B01215BC155D7D0E171345B3,26192,res_zhcn/piece/nfy_pet/ui_chongwujinhua_tubiao_26.png.gz,c75cf428dfcbe6d3985bfb62394ee533
7BD7AD466A89E3A118381DB76AB41E1B,27425,res_zhcn/piece/nfy_pet/ui_chongwujinhua_tubiao_27.png.gz,88d0a7c7f040bad195bd6955fe5c4317
01400BCB34AD94D21656EE4F99C8D498,27730,res_zhcn/piece/nfy_pet/ui_chongwujinhua_tubiao_28.png.gz,77b4aa421195ce537d93f0b355dbcd92
B2DF254F15C040D1C1D6A33CB2969E15,27642,res_zhcn/piece/nfy_pet/ui_chongwujinhua_tubiao_29.png.gz,16ea4e79275ba2d22030e51cf231adaa
89FFF0CC760D06E4CBEAAB3590D3C218,18238,res_zhcn/piece/nfy_pet/ui_chongwujinhua_tubiao_3.png.gz,1a8c61e177e182e7e0f03af103ffa964
A98A1D9D75AF6DB58A86624C809DFEA0,33055,res_zhcn/piece/nfy_pet/ui_chongwujinhua_tubiao_30.png.gz,5cd77bcad86f8bb0288d56f5ff60b4e5
DA2289513EEEF2D6109678469D9949B4,34225,res_zhcn/piece/nfy_pet/ui_chongwujinhua_tubiao_31.png.gz,628f23665db3a6a3c979cedd81c28fe4
F5B1B3984555AB9D835894C79AED55A8,34377,res_zhcn/piece/nfy_pet/ui_chongwujinhua_tubiao_32.png.gz,18ffc33c4cee0fd961eacdc9ca2394db
57592EE813E7A870A8A6A9141EA55212,34326,res_zhcn/piece/nfy_pet/ui_chongwujinhua_tubiao_33.png.gz,019bb3815612a6a52470370cfde1f2e3
28F4BC3CAF1D657FE3EB527BCD4A19F9,20477,res_zhcn/piece/nfy_pet/ui_chongwujinhua_tubiao_4.png.gz,f786e76fe40ec3a975418f3541907ba9
0F434B8EBB266138DDBF7B1EDF682DBF,20657,res_zhcn/piece/nfy_pet/ui_chongwujinhua_tubiao_5.png.gz,072642c9b8b5c7a5852d627f4bd6f35f
9B48AC4DF7B37E4C22B3A66C44E20E01,20155,res_zhcn/piece/nfy_pet/ui_chongwujinhua_tubiao_6.png.gz,93973a6bc0a48781dd443aa246f24629
29B4E6FDB0769E2F6F25869B001E6BEF,22537,res_zhcn/piece/nfy_pet/ui_chongwujinhua_tubiao_7.png.gz,239b74239d6a55bcee9f869a05dcb46f
E7AEFAD8DA4188C5DAE2BB81952E0127,22850,res_zhcn/piece/nfy_pet/ui_chongwujinhua_tubiao_8.png.gz,693b55debf5af809dd959fc2a6a9bfba
10E68CAC69C8235CD41F1E43E1F1621B,18028,res_zhcn/piece/nfy_pet/ui_chongwujinhua_tubiao_9.png.gz,1da6d597f89000c354fe1bdab38219c3
DDE81914B9902D3A3DEA85F39D1FEBCF,65725,res_zhcn/piece/nfy_pet/ui_chongwu_shengxing_shibaidi.png.gz,a220638d050d993710b8a50a21af2c76
78A62560910257FA8C14506A0FCAF609,48254,res_zhcn/piece/nfy_player/ui_chakanwanjia_huoban1.png.gz,a50176de0e2714e5ebe2dfc01e3164a9
6B97FA240CD64EA173A5CD894F52D802,86490,res_zhcn/piece/nfy_player/ui_chakanwanjia_huoban2.png.gz,0d6a4bfdf3d41331d94422101747a6b0
3E44F15B908F42F2F7992CD65564B4E9,52862,res_zhcn/piece/nfy_player/ui_chakanwanjia_huoban3.png.gz,20040ffac0e6f20fecbe6111eb7788f3
353EFFEDBD931EEB2FE2FFCB103502F5,47247,res_zhcn/piece/nfy_player/ui_chakanwanjia_huoban4.png.gz,953b74fa48bd17c6c32a7c2c029221c0
E5FD83B6CB458440FEC1C3D27110484F,59825,res_zhcn/piece/nfy_player/ui_chakanwanjia_huoban5.png.gz,f4a396b20de61579c5cd4e67e7453852
BD2047DC1D19496186EF89A8A3B91733,25323,res_zhcn/piece/nfy_potential/ui_qianneng_zhuangpei_kong2.png.gz,34c731678358829bc6f5fa126d5d4ee0
97269B3297812A69B3080594771F9388,8248,res_zhcn/piece/nfy_pvp/ui_pvp_duanwei_baiyin_1.png.gz,8719f286b62fdc0a3823cdff2ff4b0c1
0443AB9F7A3C4D5B30F821B683C146A8,8479,res_zhcn/piece/nfy_pvp/ui_pvp_duanwei_baiyin_2.png.gz,a63d134a9d45f7d76c3695b28f814cfe
779617A06A1338B4C2B1FB334A9177D0,8751,res_zhcn/piece/nfy_pvp/ui_pvp_duanwei_baiyin_3.png.gz,be145bb7db912efc267b7fca2b5ea21a
499BB593AD7F25A28866C6B53C5D0F63,9758,res_zhcn/piece/nfy_pvp/ui_pvp_duanwei_baiyin_4.png.gz,efd2c4748ef347db0f743615da8b9564
F066A9CBDF3F1F7F9A0416A1072CEF72,9597,res_zhcn/piece/nfy_pvp/ui_pvp_duanwei_baiyin_5.png.gz,c5d174b250e91b0eb4a7c22cb7039249
23622657E08F31ADCE69C74631F14F2A,8933,res_zhcn/piece/nfy_pvp/ui_pvp_duanwei_bojin_1.png.gz,699b7b3748b336bf593dd7b6ab188e19
41EF385BA089C9B57F803E73F4E7A08F,9103,res_zhcn/piece/nfy_pvp/ui_pvp_duanwei_bojin_2.png.gz,7b335558a6be137d281a3df4ddae2829
C44802C8C4459A1C554D7DBA0F451818,9451,res_zhcn/piece/nfy_pvp/ui_pvp_duanwei_bojin_3.png.gz,87d65166dbc4f32733561cfd5d391caf
E22449E8A436439DA948CFBE3AAF26EC,10427,res_zhcn/piece/nfy_pvp/ui_pvp_duanwei_bojin_4.png.gz,a4de5e362e8daa69a654e3f0a78e8794
B24E6A3DA7C8355C4C0F722AACDACEF7,10189,res_zhcn/piece/nfy_pvp/ui_pvp_duanwei_bojin_5.png.gz,d31fa8d5a9b7adee75b3b575bb6d82da
2583AD6C9D87ED8039D74E4A403C4D10,9258,res_zhcn/piece/nfy_pvp/ui_pvp_duanwei_huangjin_1.png.gz,650ac76c47bbf272b007667b6ad0f891
0B9848A0BD8006189AFBC1B7A374573E,9451,res_zhcn/piece/nfy_pvp/ui_pvp_duanwei_huangjin_2.png.gz,4ce49283ae0e24c365d76c1824d6ae65
3DF7FC80FDEF5C4597EE06325E63A291,9754,res_zhcn/piece/nfy_pvp/ui_pvp_duanwei_huangjin_3.png.gz,48b5b39d12fe9203bc3d50bc2f5c00ce
4240587C250A84FEDC0043F3A23FDE91,10710,res_zhcn/piece/nfy_pvp/ui_pvp_duanwei_huangjin_4.png.gz,9b3e849e08e2f2a0b2de73ea16b5e57f
743A454A7DADD20B438AB1227D30587C,10473,res_zhcn/piece/nfy_pvp/ui_pvp_duanwei_huangjin_5.png.gz,cf162c71db762a886bf8a1603dbc1d58
10069B065DE1E9196622ED6BFC76D4A4,8145,res_zhcn/piece/nfy_pvp/ui_pvp_duanwei_huangtong_1.png.gz,3efb08d97010221464ddc050992ee198
4D612BD2DDCF891CF94FAD5601735854,8290,res_zhcn/piece/nfy_pvp/ui_pvp_duanwei_huangtong_2.png.gz,120c8fb7a083beb70b9e60e9149e37e0
C216D8A24D80ABD933DF3BD48C2C5937,8576,res_zhcn/piece/nfy_pvp/ui_pvp_duanwei_huangtong_3.png.gz,a924c2f80138d88dbdcb7fa1112c8e2c
9CFC805FD1B67BA845A5109111CDD45A,9620,res_zhcn/piece/nfy_pvp/ui_pvp_duanwei_huangtong_4.png.gz,5ce751050935e84a8fb52fcba4f54231
60C8F11A2CF7F6B59AA90E6C20C42B50,9429,res_zhcn/piece/nfy_pvp/ui_pvp_duanwei_huangtong_5.png.gz,bbd50469f2943664e90cb8dbc231dcbe
53FCCF7A4B0CCA1D171254AB8412D6DD,9029,res_zhcn/piece/nfy_pvp/ui_pvp_duanwei_zuanshi_1.png.gz,58cc21318736c96edc671d1141fff36a
59E34E0BFA47B69F09EC77597FBAE53D,9319,res_zhcn/piece/nfy_pvp/ui_pvp_duanwei_zuanshi_2.png.gz,58e490318265082c9cc4ab98b6c4f34e
747D2CA6E47F0FF14DFA818301710581,9518,res_zhcn/piece/nfy_pvp/ui_pvp_duanwei_zuanshi_3.png.gz,a5bfa1c76b02d3ea84b6bb73be963a8f
E20A901A9A40B599C778A83077380759,10584,res_zhcn/piece/nfy_pvp/ui_pvp_duanwei_zuanshi_4.png.gz,bf1fe6470527c124d8f202a8d05f245f
3FD205F3498114EC47E9769C1322DF78,10338,res_zhcn/piece/nfy_pvp/ui_pvp_duanwei_zuanshi_5.png.gz,d5102211db9bed97016317870d26395c
C0C1B14F858AF832272C0BB5C0AFF199,5478,res_zhcn/piece/nfy_pvp/ui_pvp_duanwei_zuiqiangwangzhe.png.gz,190efb28f60110c91ef37a198d58bf89
FC8F201AE2B2FDF5CB490BBDC339D924,7355,res_zhcn/piece/nfy_pvp/ui_pvp_yishuzi_baiyin.png.gz,5170949199b239bb937927e419aaf9ad
B0F68244733B371F8696CC05D0F61054,8089,res_zhcn/piece/nfy_pvp/ui_pvp_yishuzi_bojin.png.gz,21e3a54130f3d89397d9dc58696d0fb1
4AD987E34BE39CC843D0EEFBC3DB6C4F,8364,res_zhcn/piece/nfy_pvp/ui_pvp_yishuzi_huangjin.png.gz,a742daabd0a1f60493e774643bec3e1f
6CF11BF3E821D4519B118CEBC0D8081B,7376,res_zhcn/piece/nfy_pvp/ui_pvp_yishuzi_huangtong.png.gz,198e0a189fba2984ef3e41268785844c
EABE6EA191DEC4E4EA331979FB679D73,7981,res_zhcn/piece/nfy_pvp/ui_pvp_yishuzi_zuanshi.png.gz,33a6d98fd1a969c57eeee11ea98b3e3f
8FAA67734A6079DA68C30D061FC32C70,5419,res_zhcn/piece/nfy_pvp/ui_pvp_yishuzi_zuiqiangwangzhe.png.gz,746591c9add073a041ec841b312ebea0
2889E83291C68279F03C7F43350F235C,63594,res_zhcn/piece/nfy_res_find/ui_ziyuanzhaohui_biaoti.png.gz,5ba847b2bbf64194a5f6b4eb6cda3975
C8EFE0B8D525BDDA348F27DCEB047F80,303752,res_zhcn/piece/nfy_school_build/ui_xueyuanjianzao_banner_1.png.gz,30b1b895914fb8d507ad08ac49b99d02
A712F7E06B583B316791D3812D8E0B17,121588,res_zhcn/piece/nfy_school_build/ui_xueyuanjianzao_banner_2.png.gz,e08bbb4cd6cacfd8cdf33fca340d0a03
BCBC3166C518B9E5F29557415124CD1C,90944,res_zhcn/piece/nfy_school_build/ui_xueyuanjianzao_banner_3.png.gz,6e650e1ad22384f366b554b8be70704e
DE83216C327E1C56576192363BD6BCA9,84705,res_zhcn/piece/nfy_school_build/ui_xueyuanjianzao_banner_4.png.gz,b0c32e658533c6d9b5317e789e7f2d21
2EDB8CA3EB5390C21CEDFDEB90DD4027,378166,res_zhcn/piece/nfy_school_build/ui_xueyuanjianzao_banner_5.png.gz,ea6eaa720967f6fa7c475d5ddb62c191
793CA11C4D711517CF06A9CBE00713AF,25940,res_zhcn/piece/nfy_shop/biaoti.png.gz,0d8d910bcfd90b5aba2aa9937061fff8
4AAE973D17BD5FDB0345FB092C56C8EF,5094,res_zhcn/piece/nfy_shop/t100refund.png.gz,4f1714011370a301c4d127131c94b52c
C7407B86D199A6F777C2D1C4C97A9986,294870,res_zhcn/piece/nfy_shop2/ui_xinshangcheng_banner_da.png.gz,fea1b26cc84def3cfb42ed98df94dbd2
C95EF8051260B80E67952B27267D406C,131935,res_zhcn/piece/nfy_shop2/ui_xinshangcheng_banner_xiao_1.png.gz,fe83b06d08bfd5e814055baaea8210ad
9F7908AA7CF3DC171F34D8AADB4CAE71,165337,res_zhcn/piece/nfy_shop2/ui_xinshangcheng_banner_xiao_2.png.gz,ece09bebedd0a0390b7662137530b238
F4DCA39154FE132C4362F206DBCBCC7A,67365,res_zhcn/piece/nfy_shop2/ui_xinshangcheng_banner_xiao_3.png.gz,be9defadad4685237c5cba1cfcb39718
C3CBC7D7C220FE6FA81A988BDFFDB62F,64061,res_zhcn/piece/nfy_shop2/ui_xinshangcheng_banner_xiao_4.png.gz,ccdd50ea9f0cddbddda04bded8c46f07
771AAF9740E33478DB445E804845D8C0,9570,res_zhcn/piece/nfy_shop2/ui_xinshangcheng_jiaobiao_1.1w.png.gz,7bbb82b6d83006e7d9a2b79b0657a3b6
4EA1A27D7CAC0122872789A05E99219D,9557,res_zhcn/piece/nfy_shop2/ui_xinshangcheng_jiaobiao_18w.png.gz,f8ddd1f2fa72230808399fff56a3a6b6
BE92EA7002995FCC3C949632750E53AC,9691,res_zhcn/piece/nfy_shop2/ui_xinshangcheng_jiaobiao_2.9w.png.gz,2bfa6fe706fc88916048b8a61f42af5b
6E76F75707C59B17F966881E7B1D83D8,9718,res_zhcn/piece/nfy_shop2/ui_xinshangcheng_jiaobiao_2700.png.gz,fd599d8ee2e57d6b59fa4b4d2157b4d4
C1D9D6F1AECE1785818546ABDD9743BB,9619,res_zhcn/piece/nfy_shop2/ui_xinshangcheng_jiaobiao_45w.png.gz,f751b630742db325e2f4192d70d46d3c
694C394917B32DF578C8F836D6CDAAEF,9640,res_zhcn/piece/nfy_shop2/ui_xinshangcheng_jiaobiao_5.8w.png.gz,32e944da772e2fd93b5e5dd5193b93d9
AFCE12E284E67D99E0941FD7124B7350,9728,res_zhcn/piece/nfy_shop2/ui_xinshangcheng_jiaobiao_8820.png.gz,0c127a241b3fbc9d0c736fc37d7d62aa
249F40C8B8B62EECF5C7DE5D51C24605,9513,res_zhcn/piece/nfy_shop2/ui_xinshangcheng_jiaobiao_900.png.gz,c5515ec6da81a6539f491524a457ef54
AB768A16D3C2DE327EC894485684E0D4,9439,res_zhcn/piece/nfy_shop2/ui_xinshangcheng_jiaobiao_9w.png.gz,db75b5eb3d4e3729237a311afcfaf52f
4FA24B36C3E31CE6E1011488F3F5F551,4469,res_zhcn/piece/nfy_shop2/ui_xinshangcheng_zi_baoshi.png.gz,e72017ff935113d5cd5c9a234c866c7f
8194CAB37B6C4FF91439D0D9EFFA39B7,4835,res_zhcn/piece/nfy_shop2/ui_xinshangcheng_zi_gonghui.png.gz,3d9ff280934f27bd5ea820ac4a110a12
CDDE1231F780A6AAD516DEC07D6399CA,5037,res_zhcn/piece/nfy_shop2/ui_xinshangcheng_zi_haoyou.png.gz,46a4357905853c60b5218a0b4cfe0eff
99A8A4ECC9D243A95B1558DE9B26A184,5055,res_zhcn/piece/nfy_shop2/ui_xinshangcheng_zi_juedou.png.gz,c93d68890834f86942471f6d2d96dc72
BE5E514319F6B5B5C962352BA7B1C4BF,4527,res_zhcn/piece/nfy_shop2/ui_xinshangcheng_zi_mingxing.png.gz,872d879073f3843cb50018d32016daa5
5CFD1239C6AD426AA8B2F5756651A143,4848,res_zhcn/piece/nfy_shop2/ui_xinshangcheng_zi_pata.png.gz,bd1a1d6f0ce6e278adfac2b0b9aac48b
859ADD6B406E9B92E6AE4ACD74E884B9,4962,res_zhcn/piece/nfy_shop2/ui_xinshangcheng_zi_tuzhi.png.gz,c2f437482141e597694dd9413b216e52
8E46EC53F769BE345D4B54F55ABD2DAC,4903,res_zhcn/piece/nfy_shop2/ui_xinshangcheng_zi_wuzhuang.png.gz,aa70e0ed3d1f0b7c0adced108ebfe807
510144C09C7A4EE5CAC2AE3AF2EAD210,5249,res_zhcn/piece/nfy_shop2/ui_xinshangcheng_zi_wuzi.png.gz,f7fc0476b2c5408250ae0659108beeb4
A95AF64D12DB6DE39D03A2D7F99D53C0,5068,res_zhcn/piece/nfy_shop2/ui_xinshangcheng_zi_yingyuan.png.gz,8ad9f087ba09ae9330c766b0cf56a191
7EB599751A3D54497E6203A6DF257F2D,920938,res_zhcn/piece/nfy_single_charge/ui_danbichongzhi_beijing.png.gz,0f4feaabb08dd8d43841b725299e273c
8C1CC91BE4FEDAA168D7E77B150A79B6,922531,res_zhcn/piece/nfy_single_charge/ui_lianxuchongzhi_beijing.png.gz,f2094f7699df942f05828eff5032f51d
76B537AA87FE757A8D688EA70600D1CE,28891,res_zhcn/piece/nfy_single_charge/ui_lianxuchongzhi_wenzi.png.gz,0662bd7696887ce56f81ff661f8765e8
77D952019D823A800EBBD9F196B1391E,13482,res_zhcn/piece/nfy_skill_fight_icon/icon_jineng_cangyanjianshi_cangyanjinmie_f.png.gz,f49633fdaf4507d711ca585af576ef9a
2BE1AD25C0E4B836E7E4EE41D7D848B8,14086,res_zhcn/piece/nfy_skill_fight_icon/icon_jineng_cangyanjianshi_cangyanpokongzhan_f.png.gz,fb30f059661c017dc9f0a072e105b520
C4A9BCD05CD703D02B273575F7B7B871,11508,res_zhcn/piece/nfy_skill_fight_icon/icon_jineng_cangyanjianshi_fengyetianxiang_f.png.gz,fd9e80727b307f57a4582b43c9b94fb4
1D981FD56338F2E1EF6A605CDD380608,15159,res_zhcn/piece/nfy_skill_fight_icon/icon_jineng_cangyanjianshi_pocangqionglongpo_f.png.gz,1f9364fa6c0373b44178f07c41a337f6
826BB5055DFABABC0C4BA3E97B439914,16167,res_zhcn/piece/nfy_skill_fight_icon/icon_jineng_cangyanjianshi_yanbaodangai_f.png.gz,f120f9d0804d6b91de0865f3646fcd0f
379F299D2332F1171D7E432A8DF9EFA0,12969,res_zhcn/piece/nfy_skill_fight_icon/icon_jineng_ciyuanlingzhu_cangliushuangxingzhan_f.png.gz,65fc9dc17b22502723f8e56504e2f180
245D78D92AD4EB0E93A28EEFF5A23154,12431,res_zhcn/piece/nfy_skill_fight_icon/icon_jineng_ciyuanlingzhu_xingchenliulianpo_f.png.gz,6cd81ec6b7d61927df0c6a875e044fd9
238BDF88A6C67A6DEA5749F5E3236D42,12671,res_zhcn/piece/nfy_skill_fight_icon/icon_jineng_ciyuanlingzhu_xingyaopokongzhan_f.png.gz,ac4145515cd2045d4c3efed07bc44d0a
B05D144E5632541D937119A6D7478A35,13532,res_zhcn/piece/nfy_skill_fight_icon/icon_jineng_ciyuanlingzhu_yinmangxingsunzhan_f.png.gz,969af08c9be7492261f1aad4787e100f
EB7925D76F3818E5230247F175482D1C,12931,res_zhcn/piece/nfy_skill_fight_icon/icon_jineng_ciyuanlingzhu_zhuixingjian_f.png.gz,2626d9345f0ad0189332225520142938
F4C999FD4814CF327CFCAFFE95FE0BD6,13184,res_zhcn/piece/nfy_skill_fight_icon/icon_jineng_ling_bishachangmao_f.png.gz,729c057daffeb5765823f6a22033f0ef
5E2AEBEE33E9D6B075C8D1CA4AAEE766,17596,res_zhcn/piece/nfy_skill_fight_icon/icon_jineng_ling_dishan_f.png.gz,1ed5d9dbeffd81eab8e611826d8e2b19
18003693EF9FA3CA6AA75BE8D6C4CAF5,16199,res_zhcn/piece/nfy_skill_fight_icon/icon_jineng_ling_jianrenfengbao_f.png.gz,f6d1a2d16e33624e0988a00d956e14dd
9E14143B6828874210AF349A838D0B86,14575,res_zhcn/piece/nfy_skill_fight_icon/icon_jineng_ling_tiaobengshanmao_f.png.gz,7da366de377dc2f21b95e684117b4791
C111F72D11292EFBCA81F4DEF5A0C825,13344,res_zhcn/piece/nfy_skill_fight_icon/icon_jineng_shenbingzhiyan_shenliehuanbingjian_f.png.gz,b78c3b35cf5c05b27bdd901f847ee1b7
A9273297A40FB3F7F8BC4F9B96A54677,15384,res_zhcn/piece/nfy_skill_fight_icon/icon_jineng_shenbingzhiyan_zhushenhuanghungai_f.png.gz,e5268e19264c3e32babf135a5892b4a6
3E7073E89B850857D7B3EC58DBAC9798,12376,res_zhcn/piece/nfy_skill_fight_icon/icon_jineng_shenyue_chongsaotiao_f.png.gz,0f387e5d05ec3dbfbeee66048ce1cd2c
E320535A421F7A73C48E1E16858F412E,10021,res_zhcn/piece/nfy_skill_fight_icon/icon_jineng_shenyue_shenglong_f.png.gz,bccfe0f9ccb64b852049ba4f9d0703f0
BEC97B3BCC127EA40FDD402464A79704,12800,res_zhcn/piece/nfy_skill_fight_icon/icon_jineng_shenyue_tiaopiguangzhu_f.png.gz,d552f2ac59a6abf78011618776293869
41C8A66A3223D52DEF33B41A45024D46,8403,res_zhcn/piece/nfy_skill_fight_icon/icon_jineng_shenyue_wuminghuo_f.png.gz,132c7a872eb27c56644c61a53f02f654
A0890C9A3EC759D605784DDBADF93575,14150,res_zhcn/piece/nfy_skill_fight_icon/icon_jineng_shenyue_xuanzhandedaoren_f.png.gz,9a25443a8766b6273b3d185b671a4cfd
C0DAF9CDF28CDF92D1AD7DF27F3E38F7,13222,res_zhcn/piece/nfy_skill_fight_icon/icon_jineng_zhuyingzhixin_jueshaboyinghuanmie_f.png.gz,9660185f3afa5deeed6b8632cc6c4ff8
7CF470D02FB9021780392ECA0076F1A9,14076,res_zhcn/piece/nfy_skill_fight_icon/icon_jineng_zhuyingzhixin_moqie_f.png.gz,cbfbaf50084b6160bdae8d1ab1413a5e
D252BA8DEB512A653E998C2968D9011C,18334,res_zhcn/piece/nfy_skill_fight_icon/ailing/ui_icon_huoban_jineng_chaopincaokong_f.png.gz,9c1f5e7ff0ac5aaace87b2d7c3207be3
6FDAD60655BD9E1B9888C4480002DBFB,14377,res_zhcn/piece/nfy_skill_fight_icon/ailing/ui_icon_huoban_jineng_cichuantiaoji_f.png.gz,a4d543f0b962cc2b7d8cb143c3d6b2ae
0D0AF06535BCA15E55E046E9D112C9A4,14721,res_zhcn/piece/nfy_skill_fight_icon/ailing/ui_icon_huoban_jineng_qiangnengtuci_f.png.gz,1a1a50567c883b006333ce475f77b8cf
87827A9D0882F049ACD164C54B44A06A,16498,res_zhcn/piece/nfy_skill_fight_icon/ailing/ui_icon_huoban_jineng_xuyihengzhan_f.png.gz,6eef1b1473f71de298f2843b0661f583
930A0A77B08B0E7C69214E7D8939E4B9,16261,res_zhcn/piece/nfy_skill_fight_icon/ailing/ui_icon_huoban_luodizhenji_f.png.gz,906e618b3387d27f33928fbd2a5a3639
47339CF8A45B62394A8EB7B31DA8EE0F,14216,res_zhcn/piece/nfy_skill_fight_icon/ailing/ui_icon_huoban_xudianjiguang_f.png.gz,29c3105d5669262c5bae11a32ad7744a
922A283098640D69B790924B325B72E9,12826,res_zhcn/piece/nfy_skill_fight_icon/lilimu/icon_jineng_lilimu_eplichang_f.png.gz,8c730b0d08ffdf98d3759d0b31452e18
421F4FE398874223C259C47308C5136A,13394,res_zhcn/piece/nfy_skill_fight_icon/lilimu/icon_jineng_lilimu_hongleichedian_f.png.gz,96526f4ce8f9ba0de55655a97a92bc2b
8BA81CE89AF95A4CEB954B09EB2FA35F,14706,res_zhcn/piece/nfy_skill_fight_icon/lilimu/icon_jineng_lilimu_huanmosihun_f.png.gz,1068364a8d52cd71ff81a3f66c790fb3
31FC4F3D96B3789A211A2D885A0E8A95,15573,res_zhcn/piece/nfy_skill_fight_icon/lilimu/icon_jineng_lilimu_huanmoxieguixi_f.png.gz,009ce6cd8d93fa77e18949d47c9ebb20
AE0888D7FE3D84740A13D20637CBC9CA,15718,res_zhcn/piece/nfy_skill_fight_icon/lilimu/icon_jineng_lilimu_hundunfengbao_f.png.gz,14e280500c22b5ffe1aaf66c67bee57c
5E32E279DABD3F4573D799A17E33A9E3,9658,res_zhcn/piece/nfy_skill_fight_icon/lilimu/icon_jineng_lilimu_hundunlongjuan_f.png.gz,83b6e37878e1b0bd4ac8a1635eac021c
83D78D5497EFF1AC60089B4231A0BA41,10768,res_zhcn/piece/nfy_skill_fight_icon/lilimu/icon_jineng_lilimu_jianglinmingzang_f.png.gz,6d212d8466460c24d3bae6ee55f7eeb2
3850D2CE3C1208B672D5C65A3E34F76B,14567,res_zhcn/piece/nfy_skill_fight_icon/lilimu/icon_jineng_lilimu_luoleilichang_f.png.gz,40957173fba62e0b85573518e0c6bc09
D9047BB3BFDFCDBC2BAE8632098695FF,15974,res_zhcn/piece/nfy_skill_fight_icon/lilimu/icon_jineng_lilimu_yunleizhui_f.png.gz,dbc44447f76f7d39f89424703ab189d8
084975ED6385E98CA0975472FA0D34BD,15782,res_zhcn/piece/nfy_skill_fight_icon/lilimu/icon_jineng_lilimu_yunlei_f.png.gz,50e0ba340e5ad0741d7c7d6f09d63364
24FAACF47E2D31CA3474982225AA7D0D,15801,res_zhcn/piece/nfy_skill_fight_icon/xueshi/ui_icon_huoban_jineng_baofengjianglin_f.png.gz,9714f2ec58ec1eafb44fa6864f889c05
2BD050BCA187593BE54B9A978BFD8480,12963,res_zhcn/piece/nfy_skill_fight_icon/xueshi/ui_icon_huoban_jineng_fengjuancanyun_f.png.gz,8af1e0bcac6787b44ee03b0b033f435d
5DD2709A3FEA05B628BF3DBF6431D8E6,17697,res_zhcn/piece/nfy_skill_fight_icon/xueshi/ui_icon_huoban_jineng_qilangquan_f.png.gz,15c37879844d642d990a0d072d16b636
4ADBB9BAB506E72F3E976549DFA8AFDF,13861,res_zhcn/piece/nfy_skill_fight_icon/xueshi/ui_icon_huoban_jineng_shenglong_f.png.gz,257a5c197eae3e5a8b3d42388387b13b
46771D0AD5B85755243CD0AF892208AF,14155,res_zhcn/piece/nfy_skill_fight_icon/xueshi/ui_icon_huoban_jineng_zhen.fengjuancanyun_f.png.gz,6e21a2a459e1e65917901db31c2199f2
106E019843BD9ADA80CFC9517DF8A319,14023,res_zhcn/piece/nfy_skill_ui_icon/icon_jineng_cangyanjianshi_baoyanjian.png.gz,81b45370b9ae4f61e62dff589617871b
F5F4D3329692FD2174F0F09CB4A4E95D,16496,res_zhcn/piece/nfy_skill_ui_icon/icon_jineng_cangyanjianshi_cangyanjinmie.png.gz,c77c3f67e4b6e5c9e76dfa406907bdaf
266745DD454F7A892C31218BD68C66A9,10138,res_zhcn/piece/nfy_skill_ui_icon/icon_jineng_cangyanjianshi_cangyanpokongzhan.png.gz,8b2f2c769f3d1a3a6bcd3c12a1404aec
914366A1F3468C1D7C9E5B412267B951,14567,res_zhcn/piece/nfy_skill_ui_icon/icon_jineng_cangyanjianshi_duochongbaoyanjian.png.gz,34e40fb3bac74c000c85e2fe67863882
FAB7AB880C04C6176DD76FDEF331DCF6,8836,res_zhcn/piece/nfy_skill_ui_icon/icon_jineng_cangyanjianshi_fengyetianxiang.png.gz,fa990f738cf88ab065b6b1a3152db0d0
AFA9E046BB620E480B73D9168CAC58A0,14014,res_zhcn/piece/nfy_skill_ui_icon/icon_jineng_cangyanjianshi_pocangqionglongpo.png.gz,23a56b708fee3bb439ebafc600efd663
39A30C204A3333570D6CBA59BA48DEF2,14893,res_zhcn/piece/nfy_skill_ui_icon/icon_jineng_cangyanjianshi_yanbaodangai.png.gz,2046ec4ea00944cf634fa2f354416fd2
579B939338BFD866811C392F93695AC5,11745,res_zhcn/piece/nfy_skill_ui_icon/icon_jineng_ciyuanlingzhu_cangliushuangxingzhan.png.gz,7f4ab17759b23a433127dd781efef1a4
737C987D65E77DD5241D427287A700EE,10467,res_zhcn/piece/nfy_skill_ui_icon/icon_jineng_ciyuanlingzhu_shunyingjian.png.gz,f7ecb2741a936cdb21737b5187696782
04750A188ECAB59AFAC3A28F6A4F84A8,8732,res_zhcn/piece/nfy_skill_ui_icon/icon_jineng_ciyuanlingzhu_xingchenliulianpo.png.gz,c31b43399de9dd35a8d4002b38640ec6
615588DFD3705E25932B46F1AA8C8812,10818,res_zhcn/piece/nfy_skill_ui_icon/icon_jineng_ciyuanlingzhu_xingyaopokongzhan.png.gz,19aa93903c66ab635c2e7b1c9fb0b940
C3843282136B120D96EF0B23726E68BC,10746,res_zhcn/piece/nfy_skill_ui_icon/icon_jineng_ciyuanlingzhu_yinmangxingsunzhan.png.gz,1289ef8d4e92a1e79979676a5199aa35
4C5138102B857BDAE9128EAEFC4950DA,14432,res_zhcn/piece/nfy_skill_ui_icon/icon_jineng_ciyuanlingzhu_zhuixingjian.png.gz,20d0615b11a815bfae3eac4318552edd
0EBD643A7200F75EB41B631CA36D6643,9134,res_zhcn/piece/nfy_skill_ui_icon/icon_jineng_ling_bishachangmao.png.gz,da0a9314ed4936c88be88888b754d6e2
C42D52082292FC9FB2CE93704C27F8D3,14404,res_zhcn/piece/nfy_skill_ui_icon/icon_jineng_ling_dishan.png.gz,cf9b510f991c14dc7d35950bcee86fd9
DFC8F868BAB0C766D97B10FF3626478B,11525,res_zhcn/piece/nfy_skill_ui_icon/icon_jineng_ling_guangchuanjifeijiao.png.gz,135373441106d5701081e8654f8eaacb
1286637042162101E0FA7F7617EB848C,13409,res_zhcn/piece/nfy_skill_ui_icon/icon_jineng_ling_shuangduanshunshan.png.gz,47a5c0a4c0168598cd38ad6069a3f6a0
3AC5FB3BD56117901A643E391997A94D,14565,res_zhcn/piece/nfy_skill_ui_icon/icon_jineng_ling_tiaobengshanmao.png.gz,d5f1156b367b7a8d24028bc57de100f4
1E2FEB4F5D96B78AC62ED85DE743C342,10800,res_zhcn/piece/nfy_skill_ui_icon/icon_jineng_ling_tiaofeijiao.png.gz,0c0938dbf39c9bea7b3a7b1d33cf6650
7F31D73C006192BA154DC417F05EC51A,11090,res_zhcn/piece/nfy_skill_ui_icon/icon_jineng_shenbingzhiyan_liuguangzhidianqiang.png.gz,b2195b996983110f119374c02865d8dc
27BD5B7A1A927E63923D4114F211FCE7,12466,res_zhcn/piece/nfy_skill_ui_icon/icon_jineng_shenbingzhiyan_shenbinghuanxingshu.png.gz,d1b8698a68cf0fa037c761268a04eb23
A4AFAF1503DD0CB3493820FFDE0D1F44,14060,res_zhcn/piece/nfy_skill_ui_icon/icon_jineng_shenbingzhiyan_shenliehuanbingjian.png.gz,1fef398916e48f02e68e10b4a5432dab
72EE93B429E8B48B0915AD04C8913223,15324,res_zhcn/piece/nfy_skill_ui_icon/icon_jineng_shenbingzhiyan_zhushenhuanghungai.png.gz,1aab19ded47d7a19b6e1299d5ac23475
AFB005858C1BBE5211695B0062867952,8978,res_zhcn/piece/nfy_skill_ui_icon/icon_jineng_shenyue_chongsaotiao.png.gz,9db0d98d22db464c0c4bf085c9e9c830
423662B48AF4A5DA525563398AA7C58B,9488,res_zhcn/piece/nfy_skill_ui_icon/icon_jineng_shenyue_sanduanzhan.png.gz,8b6bddf1dfcc5e012eecf29e598d6c5c
5FA4F79C77ED654C59DC02103117305A,9858,res_zhcn/piece/nfy_skill_ui_icon/icon_jineng_shenyue_shenglong.png.gz,8a0a5ba1c8f4acbcf8d4e624850fc79b
457EDB97B3ED03760D0C75CA118DBC20,11802,res_zhcn/piece/nfy_skill_ui_icon/icon_jineng_shenyue_shuangduanshunshan.png.gz,fdef300fc74a7ec08c0175494958113c
FD79DBB9B4C67467BF1574F216B62944,9553,res_zhcn/piece/nfy_skill_ui_icon/icon_jineng_shenyue_tiaopiguangzhu.png.gz,de55908cadf8dc26c0e8f28527416fd4
5C854EB21504F540FAE76DD25F03935A,11083,res_zhcn/piece/nfy_skill_ui_icon/icon_jineng_shenyue_wuminghuo.png.gz,1b858f8b3b9a779c972c097d1ac12a93
046356C72BA37A1C6DD0F6A65D242F5E,10446,res_zhcn/piece/nfy_skill_ui_icon/icon_jineng_shenyue_xuanzhandedaoren.png.gz,b09aa05a69870cd8258e89b6d341b26a
C2F6559DFB2CBA28FD049616E62E5841,12856,res_zhcn/piece/nfy_skill_ui_icon/icon_jineng_zhuyingzhixin_jueshaboyinghuanmie.png.gz,a8e50353fe3c308e5546c847983a7d25
B1E427B9B8505B9311A9DCC7B2EFA070,11360,res_zhcn/piece/nfy_skill_ui_icon/icon_jineng_zhuyingzhixin_lueyingshayingwuzhan.png.gz,07c7008df05f19412d20b3a789f2d39e
9CC8BB116C8F07D6F99E4E42E14675FD,13281,res_zhcn/piece/nfy_skill_ui_icon/icon_jineng_zhuyingzhixin_moqie.png.gz,9973de7cee085cb8f6df47bc20e1c8f3
593EB9FF137639D6701D2F89B1063E15,12729,res_zhcn/piece/nfy_skill_ui_icon/icon_jineng_zhuyingzhixin_zhuyingshasuihun.png.gz,5d0cc9008aebac4c89dcbc3c6a3207c4
9A5F3F95F345BEE6BAF9878BDB57ED83,16893,res_zhcn/piece/nfy_skill_ui_icon/ailing/ui_icon_huoban_jineng_chaopincaokong.png.gz,3ee7ef072978cdd6540fffb9092153ad
3E41DA6F5AEB757B4BA1D01F83CDB825,14578,res_zhcn/piece/nfy_skill_ui_icon/ailing/ui_icon_huoban_jineng_cichuantiaoji.png.gz,812289b13580dfe05a441bb162010e02
71FAF39BA8FCF55978264114B8F1DAEF,11994,res_zhcn/piece/nfy_skill_ui_icon/ailing/ui_icon_huoban_jineng_qiangnengtuci.png.gz,ac36db68d9f03ed0cd74608d7070bdad
57A2C7F593B907660A85A8BDB36B3A75,13457,res_zhcn/piece/nfy_skill_ui_icon/ailing/ui_icon_huoban_jineng_xuyihengzhan.png.gz,8383ba23e3d4d23622899133cd1b0d6c
A67B249D5C5B0E27BDECDE1C334819B3,15740,res_zhcn/piece/nfy_skill_ui_icon/ailing/ui_icon_huoban_luodizhenji.png.gz,1295bd5046ac2066ae48c0aef7ade360
10B823A020630283877E1480E4ECEF68,13495,res_zhcn/piece/nfy_skill_ui_icon/ailing/ui_icon_huoban_xudianjiguang.png.gz,45e1deee475f1800bd520c0b81a99d25
BA4FEA3F55331C26184CBE2E9A04F92E,16004,res_zhcn/piece/nfy_skill_ui_icon/heiyansheshou/ui_icon_huoban_jineng_baoliehongzha.png.gz,08da5a013980b574569a8a211dd9b9df
36F24AC1F71C13E9342E679323F19F93,17842,res_zhcn/piece/nfy_skill_ui_icon/heiyansheshou/ui_icon_huoban_jineng_chao.luanshe.png.gz,10a2bd7eec5571edfd173dce50865875
9AB80951B4871D02A99A5F0081B57FB9,15612,res_zhcn/piece/nfy_skill_ui_icon/heiyansheshou/ui_icon_huoban_jineng_chaobaoliehongji.png.gz,76b87b12e19e3bd7d8ef5b81cf5493b9
D7D6866672D67FCA7383703C9429810A,10458,res_zhcn/piece/nfy_skill_ui_icon/heiyansheshou/ui_icon_huoban_jineng_huimiejiguang.png.gz,17355e7d3580b0e4c0c785770e1547a3
065029C053FDFB66D873DA43D1626BEA,22884,res_zhcn/piece/nfy_skill_ui_icon/heiyansheshou/ui_icon_huoban_jineng_huojianluanhong.png.gz,d3a4eaad731126481ccf5bf6f87b8d51
F01BA83FC9B52122D6A602D0B61247D6,14842,res_zhcn/piece/nfy_skill_ui_icon/heiyansheshou/ui_icon_huoban_jineng_leiyusuoding.png.gz,a81fc3473cfdb0abed1c07711e3688c7
14AD3AA60BFB970A544E95CB882C60F7,10513,res_zhcn/piece/nfy_skill_ui_icon/lilimu/icon_jineng_lilimu_anguangpao.png.gz,a74156d90127549fdc1165d488b8c01c
08295A06D55D9176CEE72CECE2C74D53,10955,res_zhcn/piece/nfy_skill_ui_icon/lilimu/icon_jineng_lilimu_annengshexian.png.gz,d3a4cdfa4a5b4d195c71489283726723
F6C764F87B12F8496008F2088FDEE4ED,11250,res_zhcn/piece/nfy_skill_ui_icon/lilimu/icon_jineng_lilimu_eplichang.png.gz,73cb7e7ce1b6c585806ecb994fa1411d
3812918727E578FF50A24220AE40AD2D,13377,res_zhcn/piece/nfy_skill_ui_icon/lilimu/icon_jineng_lilimu_hongleichedian.png.gz,1ce8dd09a476a18c797d54d8caa2ac62
A1446F7E7E04F40A269E68984182ADE3,10468,res_zhcn/piece/nfy_skill_ui_icon/lilimu/icon_jineng_lilimu_huanmosihun.png.gz,431df77c18fe699e528359bd0b7f705c
2F44A15BE9B52A87126DCAC0057FB1D4,12173,res_zhcn/piece/nfy_skill_ui_icon/lilimu/icon_jineng_lilimu_huanmoxieguixi.png.gz,cdb496e715466624f0eafac5a6c0c8f1
40022D56D4FCFDFF64DB11E7CFA77D28,13309,res_zhcn/piece/nfy_skill_ui_icon/lilimu/icon_jineng_lilimu_huanmoyuanling.png.gz,cb3374d191ea3f08107eb86beb46481b
5A2CB52BB1C430AF22D2D70258EB2605,15003,res_zhcn/piece/nfy_skill_ui_icon/lilimu/icon_jineng_lilimu_hundunfengbao.png.gz,f5311732f51b5446c29020411a6747c3
9430C68C1B67648F9D5C6A7C3F2D7350,11673,res_zhcn/piece/nfy_skill_ui_icon/lilimu/icon_jineng_lilimu_hundunlongjuan.png.gz,2713ff63b6d0321a82077d76ce43bb56
9EEB9E301CF36EF43964EC8B8FE81C5B,12711,res_zhcn/piece/nfy_skill_ui_icon/lilimu/icon_jineng_lilimu_jianglinmingzang.png.gz,ac87943e1992658d1353aa8461efba19
C591048771EE742AD230EF30566FEA96,10823,res_zhcn/piece/nfy_skill_ui_icon/lilimu/icon_jineng_lilimu_leiguangren.png.gz,1903820f1111ee382dc6caa2e170324c
660B78B2C11B4A3C764E04FC90E114A8,13131,res_zhcn/piece/nfy_skill_ui_icon/lilimu/icon_jineng_lilimu_luoleilichang.png.gz,97ef38c5bbfc859f0d392ba316e287b9
77DDC872CC9AE4C047760B9A92FF2901,12646,res_zhcn/piece/nfy_skill_ui_icon/lilimu/icon_jineng_lilimu_shunguangdun.png.gz,cc15a519891e6919134b64f1670f20fe
83157285E28935AAB86C6760FDAAC01D,13559,res_zhcn/piece/nfy_skill_ui_icon/lilimu/icon_jineng_lilimu_tianjie.png.gz,e532eb678a2cfdaed6b5651aa92d6008
37184A66A2672D274CC805F957CA73AA,11580,res_zhcn/piece/nfy_skill_ui_icon/lilimu/icon_jineng_lilimu_tianleishan.png.gz,49920d717e34b8fe8a2f6a8679dae0c2
0B9BEAC3136EE5FFD6B48BD963F3C10C,10479,res_zhcn/piece/nfy_skill_ui_icon/lilimu/icon_jineng_lilimu_xukongxuanwo.png.gz,f105da2c4f98e84e48bb313022f7efaa
FFDC73795079DD69017DC85E57C84D9B,12920,res_zhcn/piece/nfy_skill_ui_icon/lilimu/icon_jineng_lilimu_yanmieheidong.png.gz,28474470e17b8ef35056f6a74d94106d
BE894222C5241BB8534DAF21D10A4A50,14335,res_zhcn/piece/nfy_skill_ui_icon/lilimu/icon_jineng_lilimu_yunlei.png.gz,0c7b2fdb045afeb160fd78e359bced59
36FE30415FBB2CD8A0A9DC81574B6E45,12316,res_zhcn/piece/nfy_skill_ui_icon/lilimu/icon_jineng_lilimu_yunleizhui.png.gz,9f865695b14520ac1f246d0394768ea2
FB2BED7B92DE7EBBA323089C6D438296,18453,res_zhcn/piece/nfy_skill_ui_icon/xueshi/ui_icon_huoban_jineng_baofengjianglin.png.gz,9365186189bb571ef6562ae8053b1928
B6C42BADD6B7CA83105519C542F39E7E,13416,res_zhcn/piece/nfy_skill_ui_icon/xueshi/ui_icon_huoban_jineng_fengjuancanyun.png.gz,16f2a3cce78ad34ec169ed3b60730974
FA20CDE5577CAC4DE81B7827EEA17C3C,15994,res_zhcn/piece/nfy_skill_ui_icon/xueshi/ui_icon_huoban_jineng_qilangquan.png.gz,86f353f8faeaf7e6829d3898b938e1b3
08C34789C05184FF08515D3796EF5A1F,17111,res_zhcn/piece/nfy_skill_ui_icon/xueshi/ui_icon_huoban_jineng_shenglong.png.gz,a7be871ee47d5142ca1d7e51b32e90d7
DA867CAF5C3926BE8EBEF0A780E411E7,16635,res_zhcn/piece/nfy_skill_ui_icon/xueshi/ui_icon_huoban_jineng_zhen.fengjuancanyun.png.gz,845eadfbd863b249ac0bfa8ddaf9acd8
DAAE8052C63174914A4034C13ED8AE2E,3153,res_zhcn/piece/nfy_small_icon/icon_daoju_kuizengka1_min.png.gz,738fb8510812b7d8537cf6186d81d7d4
210905C69252506D0A2B612C0DC0827A,3125,res_zhcn/piece/nfy_small_icon/icon_daoju_kuizengka2_min.png.gz,3c8fe230faa29bfa1c492a8a6eae6b22
B89A35C78A884562F00DCB36C876069E,1489,res_zhcn/piece/nfy_small_icon/ui_daoju_chanzi1_min.png.gz,c9b4ebd822fc5f0e2cc3b9b048c6fa95
B159DE73DED3160DDF882DAE0FF39106,1387,res_zhcn/piece/nfy_small_icon/ui_daoju_chanzi2_min.png.gz,252fcd4fe3df7dbed3a226ccd1343fe3
41D6B97A2E4234EDB1807AA4CBAA6D06,1394,res_zhcn/piece/nfy_small_icon/ui_daoju_chanzi3_min.png.gz,b3b3c0cec036923a4137621822363b0e
A1FF04A15955A796F7A064E3F775704C,1755,res_zhcn/piece/nfy_small_icon/ui_daoju_shuitong_min.png.gz,78218c0b0231e7917129f9a63a35a3fa
3C6692D1684694F2DD6A2D66B93B9A91,3533,res_zhcn/piece/nfy_small_icon/ui_daoju_zhenchongka_min.png.gz,e68719519afa04d0eee87bc241980a9e
35E8FA1AEB4E92C293B3F83BB9FC00D9,3686,res_zhcn/piece/nfy_small_icon/ui_daoju_zhichongka_min.png.gz,c31dbc700da36ceca3e2f95310b3d57d
02E09405125AF23F0AA067B15EFE2867,588389,res_zhcn/piece/nfy_sprite/ui_chongwuchoujiang_banner.png.gz,cfb0bbbeb009b7eea1487153501bc62e
1248C762C10D2130EDB55AE0F0F43FA8,123591,res_zhcn/piece/nfy_sprite/ui_chongwu_tishi_jinjiewancheng.png.gz,3670364da25564162b640877eb8e00e6
630D436D48384C3436A57E41FBBD97CF,123779,res_zhcn/piece/nfy_sprite/ui_chongwu_tishi_zhuanyiwancheng.png.gz,7e6e270acad402ca0fedc5dc3b77ca47
293C30B8D89335B1EAD56B77D7D944EA,30283,res_zhcn/piece/nfy_spritechip/ui_chongwu_suipian_4.png.gz,9f06d588ef744a798df2153fe69509bb
76556DB37B1B686C4DA16263E83B3B61,29439,res_zhcn/piece/nfy_spritechip/ui_chongwu_suipian_5.png.gz,7f5cfea04bb161655169a0dc4ab66741
5FD23085985F200F52E384A0E7A88229,30299,res_zhcn/piece/nfy_spritechip/ui_chongwu_suipian_6.png.gz,ffdda6186bc00b628e73c04f7649f7d2
069A42C8919570126A2AAB5CD9F54565,30289,res_zhcn/piece/nfy_spritechip/ui_chongwu_suipian_7.png.gz,dbe9d71a28904a52068b86faab980f21
4ABC1480F04EC26FE823EAC0AE8ED1D0,23959,res_zhcn/piece/nfy_sprite_icon/ui_chongwu_touxiang_shenyuan_1.png.gz,db5047d50c8b245643b16fcaecd0e444
29825BB9D5342B52FF1686B73372D337,23796,res_zhcn/piece/nfy_sprite_icon/ui_chongwu_touxiang_shenyuan_2.png.gz,26a9e362ff482f30f41cb017f575ddc2
DE35B907D0A7AC4836D206F4F973D012,22051,res_zhcn/piece/nfy_sprite_icon/ui_chongwu_touxiang_shenyuan_3.png.gz,c7d6249d1ec24989741a76125996f332
2F07A5CF802F3C50C3521836B7057E1E,461406,res_zhcn/piece/nfy_stage/ui_jiesuan_zhandoushengli3.png.gz,243a8dfb3408468f7ab62eaecfde862d
95791BA01BE58EB4C49388FE60A619CE,28122,res_zhcn/piece/nfy_system_menu/ui_caidan_da_anjingoumai.png.gz,dc40c5038df7eeea81bc2f3d6cfd1014
41AC12800AE66CB05C645D1A860D13AE,27495,res_zhcn/piece/nfy_system_menu/ui_caidan_da_aoyi.png.gz,1540d9af1836d731f34cd2c6ffa140f0
10754CCCEDE9C4C52FE9147FCA610B4C,28253,res_zhcn/piece/nfy_system_menu/ui_caidan_da_baoshironghe.png.gz,f2fd2733c5a8c457e0c78ddeddcad873
CADB21BBE3B7616EEA4A147A642E93E5,26319,res_zhcn/piece/nfy_system_menu/ui_caidan_da_baoshishangcheng.png.gz,20c14dfb0000b0c5d5749fc7d14d88c7
644C1774CED243ED6DDEB3140300CCD3,27584,res_zhcn/piece/nfy_system_menu/ui_caidan_da_chaojibuji.png.gz,3545e152f6fe14fe111551bc4d0ea8db
E530F902B5611CDDCAAAD5976B6A353E,28282,res_zhcn/piece/nfy_system_menu/ui_caidan_da_chengseshangcheng.png.gz,6dcb4371b201b283fad38606840bf7fc
3A9A9CF510ABE1D138C6AAF361C83DA8,23468,res_zhcn/piece/nfy_system_menu/ui_caidan_da_chongwu.png.gz,a3f6fd23df188686ad6587c07a775374
4A402EF4329FADBF7C58523D0D0702CB,27116,res_zhcn/piece/nfy_system_menu/ui_caidan_da_chongwujinjie.png.gz,94a8ec2b2ec7261d97407d4ce5ba372e
E02635783E8BBAAACC840CB9085C4A1A,23350,res_zhcn/piece/nfy_system_menu/ui_caidan_da_chongwumanghe.png.gz,63bcbbf6b05a69e6ed733fdc73097a3e
56D69A480B51C492BA295D1C3D8F0FC9,23350,res_zhcn/piece/nfy_system_menu/ui_caidan_da_chongwumanghe_1.png.gz,63bcbbf6b05a69e6ed733fdc73097a3e
6D552248C39F551A9DBB7735D7204E43,25242,res_zhcn/piece/nfy_system_menu/ui_caidan_da_chongwumanghe_g.png.gz,a5cd339e6d79ebd46ce2bc039919041c
3FC5C8291CF711CB4E6834D4AD8C7011,26346,res_zhcn/piece/nfy_system_menu/ui_caidan_da_chongwuniudan.png.gz,64df7e37810907f484bbce446b4b3f4c
818687791DC7755B18C6B971EE285F5C,24895,res_zhcn/piece/nfy_system_menu/ui_caidan_da_chongwushangcheng.png.gz,75e68c99e0a774503f577b3177bcc60c
2E2850ACF1C496BCA51309958B4B498B,23468,res_zhcn/piece/nfy_system_menu/ui_caidan_da_chongwu_1.png.gz,a3f6fd23df188686ad6587c07a775374
03F66766CFFEB00BE07B7765AF548FB9,27560,res_zhcn/piece/nfy_system_menu/ui_caidan_da_ciyuanshangcheng.png.gz,00d4c76d7148b5144e49d24a04254fbf
D0D2CF48F56870815B4E6B830FC11F9C,27738,res_zhcn/piece/nfy_system_menu/ui_caidan_da_ciyuanshangdian.png.gz,112de2bff7c015b1b1de48a7520353b1
C05908B251272EAE535EE26894889FAB,28872,res_zhcn/piece/nfy_system_menu/ui_caidan_da_dianfengliansai.png.gz,088bb29564bb6ecd4de15670a29c1811
091B45F1D0943A73AB7B21BED4E7777F,26362,res_zhcn/piece/nfy_system_menu/ui_caidan_da_dingdangongchang.png.gz,50c2428c11bd1fd101209e00b89c68fe
06E94992B44842E6FE8A76D875B74343,27588,res_zhcn/piece/nfy_system_menu/ui_caidan_da_doushentashangcheng.png.gz,2ad816430322143a8cfc89716d93450e
D2A1A39C4177E434060AED2A03654D0A,30014,res_zhcn/piece/nfy_system_menu/ui_caidan_da_doushentashangcheng_g.png.gz,8ffde05b63ab6455ee1d37b1f5b192a7
0930E0216C622D6ABC016ECD4571300A,26095,res_zhcn/piece/nfy_system_menu/ui_caidan_da_doushenta_1.png.gz,77a283f1adc12aa3feb6593d66533898
FEA705CFC3C54D8AC74710D3D06542A4,29221,res_zhcn/piece/nfy_system_menu/ui_caidan_da_duihuanjinbi.png.gz,0d084a6172312f935571fc1ea3ad2c9a
C594F3A36220E22B4DD96DBCA63E6402,23429,res_zhcn/piece/nfy_system_menu/ui_caidan_da_fuli.png.gz,a80f83c124abd38d72116cfbab6396a6
7139109349D36631AA6AF61F2F7C2E27,23429,res_zhcn/piece/nfy_system_menu/ui_caidan_da_fuli1_1.png.gz,a80f83c124abd38d72116cfbab6396a6
39D80D682A45A2D2162D50FBF3BF93EB,35076,res_zhcn/piece/nfy_system_menu/ui_caidan_da_fuli_1.png.gz,d292d4843025068798ae7740c3fcdb67
7256D2C0E5496E37E9FB79E8D1639C54,35713,res_zhcn/piece/nfy_system_menu/ui_caidan_da_fuli_2.png.gz,533fd96679b2a24199706766f3a07775
CE6D85D9E8AB169A1349CFA459658960,25209,res_zhcn/piece/nfy_system_menu/ui_caidan_da_fuli_3.png.gz,2f822df04e5eed1725c9ee6a2950e038
0333A2E2426D912A413CCC7D4E0357E3,24978,res_zhcn/piece/nfy_system_menu/ui_caidan_da_gonghuiboss.png.gz,5a345c9f50937da1fa55b69d14802699
D7F8C89210873F1BAD4840094CAFAC3F,27769,res_zhcn/piece/nfy_system_menu/ui_caidan_da_gonghuishangcheng.png.gz,f0b8188a5038137fbbaa7fd514d2dda1
712CAE30C303E9DD1DF3CFCEFD46CD69,25863,res_zhcn/piece/nfy_system_menu/ui_caidan_da_haoyoushangcheng.png.gz,f239c8e2dc954de8fa2c308952813d66
7456B5DB7136028600F9D607BB1B60C9,23977,res_zhcn/piece/nfy_system_menu/ui_caidan_da_heiyanliandong.png.gz,8ca57f99fb49f6feef2d929b8fcc8345
64B28C44ECA1B9535F8CE910F445E41C,25368,res_zhcn/piece/nfy_system_menu/ui_caidan_da_heiyuebishangcheng.png.gz,6a14577d7f03513dcf4bf4ebfe9172c3
DCB42541ABE8553770463A9EF0E1BECB,26261,res_zhcn/piece/nfy_system_menu/ui_caidan_da_heiyuebishangcheng_g.png.gz,7f52e4328e6ab506a5050692d7d55f09
5E74A8982874EA22A85C0164C092B622,24212,res_zhcn/piece/nfy_system_menu/ui_caidan_da_huobanhuodong.png.gz,b3de81a80337cf351d0dbfa9d4f63d00
A170833766A17D7B05C4FE0136776353,30104,res_zhcn/piece/nfy_system_menu/ui_caidan_da_huodong_1.png.gz,8c4dd1f8ca92d1dc1ac23c2fa9ceb7b2
5F2DC73BE42EAC795F6711FA45D5A6CE,29639,res_zhcn/piece/nfy_system_menu/ui_caidan_da_huodong_2.png.gz,c40252ecbce38cbb2eb1d73a73a4307b
B9859B029F86D163B5939294C35576AE,24372,res_zhcn/piece/nfy_system_menu/ui_caidan_da_huodong_3.png.gz,2ee0ed1781ae849fc712ef703986732f
02B7630DDE678CE8BCD6C35E7DC9EA0E,29118,res_zhcn/piece/nfy_system_menu/ui_caidan_da_huoyuejiangli.png.gz,5c62cbc02fcee9403ec80a18a59a882d
3422E97F94F2824ACEEB00A1D5CCEC1C,29118,res_zhcn/piece/nfy_system_menu/ui_caidan_da_huoyuejiangli_1.png.gz,5c62cbc02fcee9403ec80a18a59a882d
505B5D1E7A83AE6F7948BFA2A56ACA9A,25657,res_zhcn/piece/nfy_system_menu/ui_caidan_da_jiaoyi_1.png.gz,feb2d78b519dc6a7b582c557bb4d5334
F66F304657199486919C2D0BF02F2D8E,26719,res_zhcn/piece/nfy_system_menu/ui_caidan_da_jiaoyi_2.png.gz,650d1ea7f96652597eff0799bcb80994
525D1483AAA2CED6316796B2C9811BC9,22678,res_zhcn/piece/nfy_system_menu/ui_caidan_da_jiaoyi_3.png.gz,b9348df8efb6c2fe8d5f413e98f3d270
99560D04684CF25ADA7D2A3311CC635C,27560,res_zhcn/piece/nfy_system_menu/ui_caidan_da_jiexiantiaozhan.png.gz,b966dd4319c1b36e88c60a4ccc2b219c
B951CAE8782913D8C7D7A316EF201350,27472,res_zhcn/piece/nfy_system_menu/ui_caidan_da_jiexiantiaozhan_1.png.gz,a4c707272111402820269a4ae105138d
BF2E0101169BC704566CC3476B0D63F2,25170,res_zhcn/piece/nfy_system_menu/ui_caidan_da_jingxiangtiaozhan.png.gz,1a3189cf106eaa90eb45b4dc0e1054d7
C62944F1D0EA5519962304DFC42EEBC0,25170,res_zhcn/piece/nfy_system_menu/ui_caidan_da_jingxiangtiaozhan_1.png.gz,1a3189cf106eaa90eb45b4dc0e1054d7
915B8EB8F6BDA54CC3BFBFD1CF18BB0E,23772,res_zhcn/piece/nfy_system_menu/ui_caidan_da_juanxian.png.gz,48e6a8fff74c3295666c514376126934
FC88DE79E4B4E9130AFBA8ECBC00FD39,26565,res_zhcn/piece/nfy_system_menu/ui_caidan_da_judianjuezhan.png.gz,bebec948c54396b927d1dc0dc25c5808
D50E24CE48EADCE17005DC06C9E99D34,24404,res_zhcn/piece/nfy_system_menu/ui_caidan_da_juebanshizhuang.png.gz,2c82c946904d1bd8e4a5cdff30441bbe
344BA76678E171AF8878108357E89353,28396,res_zhcn/piece/nfy_system_menu/ui_caidan_da_juedoushangcheng.png.gz,f0a43fa2e3e34407766c30cab328e970
D104B93500AB34D3632BBE8199EC088D,24965,res_zhcn/piece/nfy_system_menu/ui_caidan_da_juexingzhilu.png.gz,a8c30ab4396aeffd8d0d578ebf59f02a
62BA3EE9A14AD11AA97D1A8DB68C0025,26784,res_zhcn/piece/nfy_system_menu/ui_caidan_da_juexingzhilu_g.png.gz,a19d662f5db69065352dfd7a68e88094
56516775E620A49B538B5809899B9569,25358,res_zhcn/piece/nfy_system_menu/ui_caidan_da_jumo_1.png.gz,79c76fc8b7eb3f96b7a56d107886338d
EE62B5FDDA17F0E3786F670C27578232,26197,res_zhcn/piece/nfy_system_menu/ui_caidan_da_kuangqu_1.png.gz,2b39629b7cbf1071409ba9bbfbacfc72
461E295C217173CAA4CA41FC055CBA23,25387,res_zhcn/piece/nfy_system_menu/ui_caidan_da_liangongfang_1.png.gz,2a53d5b33af7c3b419476bbdeccce1c6
A6F15A23543197C426DE44DF5DDF8A3A,24559,res_zhcn/piece/nfy_system_menu/ui_caidan_da_meirilibao.png.gz,acad8041e01648156144ba075018c797
74070DE660A00A5AEA9A98B0872BBB12,26559,res_zhcn/piece/nfy_system_menu/ui_caidan_da_meirilibao_g.png.gz,a9b74611f1b37374c0d05e89eb28f6c2
53CB3EA0A3DBDD3847ADBC2E30D6204C,22855,res_zhcn/piece/nfy_system_menu/ui_caidan_da_meiriniudan.png.gz,a9e5e0e22921424b4443f61ebe2cd832
314AB689C44388B1218BC806874EE995,24792,res_zhcn/piece/nfy_system_menu/ui_caidan_da_meiriniudan_g.png.gz,4a4a910568ea8b614f226f14d0565897
AF6EE2AB4270C9D64E984204EE42DE42,20399,res_zhcn/piece/nfy_system_menu/ui_caidan_da_meirirenwu.png.gz,deb656d5b76b52c8f5c76fa2d2c01372
7A62FF5E2610C328C14D10359CCE9780,20399,res_zhcn/piece/nfy_system_menu/ui_caidan_da_meirirenwu_1.png.gz,deb656d5b76b52c8f5c76fa2d2c01372
6D5F4C6A9ACB84C5C507386A36383698,22601,res_zhcn/piece/nfy_system_menu/ui_caidan_da_meirirenwu_g.png.gz,a4ff1b37f04e738d7bfe17c1e0d5f0c5
2A585B8B2193577D971DBC56BEDB0788,26683,res_zhcn/piece/nfy_system_menu/ui_caidan_da_menpiaohecheng.png.gz,c86ba663efe973021279ce89df6edd09
CAA0E6C0CA64732FBE9AF40ABC189687,26864,res_zhcn/piece/nfy_system_menu/ui_caidan_da_mohe_1.png.gz,b387cbfa6bceac88c89e5a21d8533ede
833AE45DA819DB229A51F610B582877D,27280,res_zhcn/piece/nfy_system_menu/ui_caidan_da_mohe_2.png.gz,443741c694a5b5a00759d162dbf50950
3D1DAFAB41B35A591189D53EDB30A708,19159,res_zhcn/piece/nfy_system_menu/ui_caidan_da_mohe_3.png.gz,e7a8faea10dfc9c7be39c3822fb581ee
A8ACFD8F6C4F99BA67E0211D299A4A28,22574,res_zhcn/piece/nfy_system_menu/ui_caidan_da_niudanji_1.png.gz,6224c3dd55d9f84ddcfa4aaaeb45884f
C3130168C1C6E948EF2EE182C3A5CE41,23708,res_zhcn/piece/nfy_system_menu/ui_caidan_da_paihang_1.png.gz,ad49b2637e859615e6454bf7ca4735a7
062711C7188FFFBBB418E5BBB65AE3F8,27023,res_zhcn/piece/nfy_system_menu/ui_caidan_da_partnertower.png.gz,f9bf5cb9da4e5479c6f89ba2cb73185c
6ED065EC97E90B1A7329CBB212BDFE67,27793,res_zhcn/piece/nfy_system_menu/ui_caidan_da_pvp_1.png.gz,40af8878c7e99e547df1cdee3ec73a1d
700F155ABE281BD7D6A5DC0A503B86D4,27911,res_zhcn/piece/nfy_system_menu/ui_caidan_da_qiangdiruqin.png.gz,31c7c6e472ad48529e9901ab01a98d79
307E22122CD573C436DA72D4D03561BB,27930,res_zhcn/piece/nfy_system_menu/ui_caidan_da_qiangdiruqin_1.png.gz,4caa1ec68b156ce7af041490f41e0da5
7887F3D17463A77A359922F98AB16358,27582,res_zhcn/piece/nfy_system_menu/ui_caidan_da_qianneng.png.gz,e12c09c8dda6cf8c54b0f920c1bd8ec3
760A7B1FCD32F1EBE05A60D402E0B089,23524,res_zhcn/piece/nfy_system_menu/ui_caidan_da_qiri_1.png.gz,7dd4c36fc6a4646fcf0e78673fa6ffab
2023018DAB96843C5C563F1A019275F6,24118,res_zhcn/piece/nfy_system_menu/ui_caidan_da_qiri_2.png.gz,5b6853fd82f235b89c9fa9e2e1898a0e
F0188A098C4961DFCF6F59A736E8992F,16643,res_zhcn/piece/nfy_system_menu/ui_caidan_da_qiri_3.png.gz,d2053ee54ade62f5e2808f83d2719f4d
D12B4879341DE37C0CDAA80A2525CBF8,27288,res_zhcn/piece/nfy_system_menu/ui_caidan_da_qiyufudai.png.gz,f25b11db2a88d7ac57a035a9cddd9505
FE9054EB94F96EEB0D311F6E709CA7FE,26776,res_zhcn/piece/nfy_system_menu/ui_caidan_da_quanmingxingshangcheng.png.gz,a65b35be5d86b6266f4e7397e05a12bf
2803D5669B468E4C42D42B638B75EF2F,28517,res_zhcn/piece/nfy_system_menu/ui_caidan_da_quanmingxingshangcheng_g.png.gz,bc7a3a75c20687b5cfe59cb66171821e
99E1355F1F27EDCA4D6283ED05F63365,27769,res_zhcn/piece/nfy_system_menu/ui_caidan_da_quanmingxing_1.png.gz,1e643ddc2b26061690d560a75aea5d5b
A7E35B83AD7EE19615D5695418DE380D,28361,res_zhcn/piece/nfy_system_menu/ui_caidan_da_quanmingxing_2.png.gz,124314358c38e27ff3c10978171fe2cc
195B4A84A79CEE9A3CD3D6E0C0C1D797,22836,res_zhcn/piece/nfy_system_menu/ui_caidan_da_quanmingxing_3.png.gz,79e7bb4a747fc1c57c847f78cc80013e
32D74D3C4D308F8063F7942B7F3373CA,27769,res_zhcn/piece/nfy_system_menu/ui_caidan_da_quanminshenxuan.png.gz,036f8c4aabfaa72126df57f0c722fd2f
7D4CF0B53A6A9F4A01DDB468A983F04C,23059,res_zhcn/piece/nfy_system_menu/ui_caidan_da_richang.png.gz,837cb61ca3c7fd4f5b8416433b438eb0
98900A678F7C1566A9D054B5A961C093,28519,res_zhcn/piece/nfy_system_menu/ui_caidan_da_rihang_1.png.gz,631aba73801b2b13be60d543449b8957
80947C981F368871D01FBC3A5EB962D9,28929,res_zhcn/piece/nfy_system_menu/ui_caidan_da_rihang_2.png.gz,6d16f0468bc690afd57d568f4ea448b8
DE48701DB9C5001E7FA18E70E03BDF7C,20503,res_zhcn/piece/nfy_system_menu/ui_caidan_da_rihang_3.png.gz,8805ca3fa6cac6c6efd7381825a9eb0f
13B9D8FB2D395025C53337BB91B79368,31325,res_zhcn/piece/nfy_system_menu/ui_caidan_da_shangcheng_1.png.gz,c33284dd9794c270f8bb0809c8061310
72D0DB845553D2CDF33EDFD550B0A344,32025,res_zhcn/piece/nfy_system_menu/ui_caidan_da_shangcheng_2.png.gz,7bde9b5183d5a12b054d5f22d3f65e2a
3E9EFFE13120C7DAFA3A3AD0D252BFD8,22710,res_zhcn/piece/nfy_system_menu/ui_caidan_da_shangcheng_3.png.gz,1f946feb5865a931aceb562c98860325
C9D58CF2396E41F23FA7D96EC6B0BD6C,27951,res_zhcn/piece/nfy_system_menu/ui_caidan_da_shangcheng_bianqiang.png.gz,24c266d10104923782feca3869f4faac
35B95DC02C2CC82C64FAD453DDB1B104,27679,res_zhcn/piece/nfy_system_menu/ui_caidan_da_shangcheng_duihuan.png.gz,ba10818f262ae64f9d7f82ace8e70f29
E2B306B9B6CBECA57B403A68FEF753E6,26916,res_zhcn/piece/nfy_system_menu/ui_caidan_da_shangcheng_junxu.png.gz,064c732e2a1e8bd7e47855d5938745ca
A519496836F88738F9F72D4F345E4A37,27253,res_zhcn/piece/nfy_system_menu/ui_caidan_da_shangcheng_remen.png.gz,cbeb38d2c25a26e8fe5da612fd205b63
B60D9048CDEE472A9B8D4D7445D5301F,27289,res_zhcn/piece/nfy_system_menu/ui_caidan_da_shangcheng_tehui.png.gz,673c981d059238c57eca30aa94a2568d
1FC1BE07BDF0735BE445BB5106D7F322,27784,res_zhcn/piece/nfy_system_menu/ui_caidan_da_shangdian_1.png.gz,5dbcab9e37c952e96dcba418a5410408
86C01321CA02D35906D80506111C3873,28438,res_zhcn/piece/nfy_system_menu/ui_caidan_da_shangdian_2.png.gz,e760a7ccfe5875d1d56595822ef644eb
532ED6F283FF30E76C268620D2E90673,19608,res_zhcn/piece/nfy_system_menu/ui_caidan_da_shangdian_3.png.gz,8e00a193526fd202e20b51df82c3e4d0
83AEA96C7640EE6C141166F2E2AC80C4,30626,res_zhcn/piece/nfy_system_menu/ui_caidan_da_shejiao_1.png.gz,d720f02c74a7036e984c60e710fc9760
B2E4F9B3C9BA2C298C09242E4C9081A5,30618,res_zhcn/piece/nfy_system_menu/ui_caidan_da_shejiao_2.png.gz,0e91de06e97d986b5f0dae8912c591d7
7FD9CEF71C7FFC102964B64C1750D87B,21932,res_zhcn/piece/nfy_system_menu/ui_caidan_da_shejiao_3.png.gz,02a76aeaf1ae83db448ae0870e09c348
8BFD0B9FE31B73C74EA1594633E1D0D1,25056,res_zhcn/piece/nfy_system_menu/ui_caidan_da_shengdan.png.gz,46df5c760797cf67a832ef0f7f05dfdc
77F0412EC4E4A38BE1906DF30976C898,26807,res_zhcn/piece/nfy_system_menu/ui_caidan_da_shenqigongchang.png.gz,08dd645f1345f66149107c19472175f8
EC7D362CDB0736CF01F6402453C40B99,26807,res_zhcn/piece/nfy_system_menu/ui_caidan_da_shenqigongchang_1.png.gz,08dd645f1345f66149107c19472175f8
79E7C489BBFAF2EE248385460FD652E8,27859,res_zhcn/piece/nfy_system_menu/ui_caidan_da_shenqigongchang_g.png.gz,4c7a0e2f890a5060f0d140f43d6f8c09
CE868DB2A472BF35413ACC8B260013D6,26307,res_zhcn/piece/nfy_system_menu/ui_caidan_da_shenqishangcheng.png.gz,3cbbfbc53d15c19522d9b7d2b9d50b46
681E22C396392A50ABA0190A8CE164F2,29033,res_zhcn/piece/nfy_system_menu/ui_caidan_da_shenqishangcheng_g.png.gz,c9de50239c171c54dae83b613e2d22f0
C0F5716851188EBA68C52719CBCB8225,25698,res_zhcn/piece/nfy_system_menu/ui_caidan_da_shenqizhilu.png.gz,1939692b4e96c2bee4ecc6b9f08c653a
79C3F2EDDFBB764350B6176528FDF7FD,27531,res_zhcn/piece/nfy_system_menu/ui_caidan_da_shenqizhilu_g.png.gz,cfc6a24aecf013fb923ebed826817c30
9E80C6C728B5A72528076EC1FDC18F81,26544,res_zhcn/piece/nfy_system_menu/ui_caidan_da_shijieboss.png.gz,09301aee046db8e6fc8aea0356b5c504
5B92AD256CB6FFCC1C34D7284B3CD4B5,25463,res_zhcn/piece/nfy_system_menu/ui_caidan_da_shilianzhidi.png.gz,5070f4f835a8c2cbebba5b52d1640941
89372B5B46684DBD2FE2F6C9AB088038,25554,res_zhcn/piece/nfy_system_menu/ui_caidan_da_shilianzhidi_1.png.gz,a1b874a556d0f4964bafe9c219e75aba
38A5410C092A40A26B9DA0D2ADB6AFE7,27456,res_zhcn/piece/nfy_system_menu/ui_caidan_da_shilian_1.png.gz,11799d719ad6407e603091b9f1a6df3d
72D2AC7AF3B3AF1EA41E4DE92C370C74,26181,res_zhcn/piece/nfy_system_menu/ui_caidan_da_shizhuangshangcheng.png.gz,7065c3f99f6bcea49e0ca256c2f55b28
0AA39C2E1DA78F3BB18DA91B3074B5A5,27504,res_zhcn/piece/nfy_system_menu/ui_caidan_da_shoujishuijing.png.gz,fbc7b1e443649ea293c55111894a4fd2
97E7E72F2807271A571316781809C799,27121,res_zhcn/piece/nfy_system_menu/ui_caidan_da_shouliexingdong.png.gz,82cc47d542e10a4c6704c199dc77656b
71E703AF68BB2EF546DEAD5FB2E60533,27358,res_zhcn/piece/nfy_system_menu/ui_caidan_da_shouliexingdong_1.png.gz,ad344a0d1521a5ac7607a1f0b44e39fb
826A2F764F041327BE7C0296D1EE494C,26667,res_zhcn/piece/nfy_system_menu/ui_caidan_da_suipianzhuanhua.png.gz,db7fa43f9506d4e325f14d66897b9c78
60B6F73C512593BEDB8219CCBC3381E4,25903,res_zhcn/piece/nfy_system_menu/ui_caidan_da_tansuofuben.png.gz,f613c01f292ba9ec27304b86a667c3a6
C75C6ABAB6B1F8A1C19D11341F856DE9,25903,res_zhcn/piece/nfy_system_menu/ui_caidan_da_tansuofuben_1.png.gz,f613c01f292ba9ec27304b86a667c3a6
1E28E9B15CF50D9552858E3D08367287,27143,res_zhcn/piece/nfy_system_menu/ui_caidan_da_tiantisai.png.gz,9168a785129fc55b189b526a391b7a88
7AC2B2C5DB0C6A9176E9D565996EC42F,25519,res_zhcn/piece/nfy_system_menu/ui_caidan_da_tongxingzheng.png.gz,961f50bae0b090cc82f020d914ca8ad6
20CBA2F86637E191357FBB526E9AF43F,23445,res_zhcn/piece/nfy_system_menu/ui_caidan_da_tongxingzhengshangcheng.png.gz,90501144ab44dca8f2d3fb8159b41987
760F3DC97478A4FFD8C227827C3ACF9A,25206,res_zhcn/piece/nfy_system_menu/ui_caidan_da_tongxingzhengshangcheng_g.png.gz,e6ea79e099a3cc9ac17b7a65088ab880
93E1435B2A375DA1F912F5AA9A714664,24466,res_zhcn/piece/nfy_system_menu/ui_caidan_da_tuzhishangcheng.png.gz,d31920224664904445c5661338f24397
803AA02B5422205065F08E19CD6DD424,26417,res_zhcn/piece/nfy_system_menu/ui_caidan_da_tuzhishangcheng_g.png.gz,3cc6bb6e609e4d8e490dd91d372d1d84
D57FE76146E87F030F5BC93B99B8EF66,30494,res_zhcn/piece/nfy_system_menu/ui_caidan_da_wanoumohe.png.gz,29b60be9a958a9abf3103ee59cc7dd44
51BB8388ED92CD79AB5EC9F0EC646B09,27357,res_zhcn/piece/nfy_system_menu/ui_caidan_da_wenzhangzhizuo.png.gz,5d1fa138052451d1b3ef2ebfc0c0f07a
A82DAC061DE73D5DB9A85492F8C0B5C1,27140,res_zhcn/piece/nfy_system_menu/ui_caidan_da_wuyikuanghuan.png.gz,e471bc34bf3f965a9ae028b0648ddfa3
0D1C616CEDAFED4B28E3B3283D388B54,22068,res_zhcn/piece/nfy_system_menu/ui_caidan_da_wuzishangcheng.png.gz,fda433b053aba5233cd974cf0f03ad94
6CB5A0C30830177D412625AB6C2FD6EA,25254,res_zhcn/piece/nfy_system_menu/ui_caidan_da_wuzishangcheng_g.png.gz,2be70b20958d3bd8667f42ee0cee212a
940EB323127C0DC05482E6A6699C622B,21722,res_zhcn/piece/nfy_system_menu/ui_caidan_da_xianshibuji.png.gz,a21398e5d164fc1e26854c7652abbb03
7FD8AFE486A6998F5B8C8A25BB07CE2E,23322,res_zhcn/piece/nfy_system_menu/ui_caidan_da_xianshiqiandao.png.gz,a8bf05e1c13cc6e19486d263117918a2
7EA646AD96952DAB21D8C68F3F7E27B3,26889,res_zhcn/piece/nfy_system_menu/ui_caidan_da_xiaolian_1.png.gz,e5c945cbd89d54006d55ede513315552
B0B1D534B6258DB58A2426D4022EDDE3,26143,res_zhcn/piece/nfy_system_menu/ui_caidan_da_xinghenchuanshuo.png.gz,929ec4ffa5c52823095cf480f6e1385b
04B434A1E8C2531AF61DA26DBF000C55,26143,res_zhcn/piece/nfy_system_menu/ui_caidan_da_xinghenchuanshuo_1.png.gz,929ec4ffa5c52823095cf480f6e1385b
465DAD4EBB899BBB89FE1BAC775346CC,27165,res_zhcn/piece/nfy_system_menu/ui_caidan_da_xinghenchuanshuo_g.png.gz,0e305f3bc832e450b76fa06216707364
4848FC6CB2441A0B20B9006FC116BA90,23038,res_zhcn/piece/nfy_system_menu/ui_caidan_da_xingyunniudan.png.gz,f933bc19464754de5a8f2e8f7a08c265
E61F82140A4EA0F8F5C79FDA28D83BF7,23994,res_zhcn/piece/nfy_system_menu/ui_caidan_da_xueyuantequan.png.gz,082f7cddf1a25163cce51472dea1bad1
C542E503C1F35EEC44638DCBFB041A68,27470,res_zhcn/piece/nfy_system_menu/ui_caidan_da_yijiezhimen.png.gz,636329d6d8b2510761cc0353f03a7054
6FBEB5883F2B1623FA16C988A59468E5,26306,res_zhcn/piece/nfy_system_menu/ui_caidan_da_yinengshi.png.gz,d364178d17c907cee274380cddd64da6
F827B132C763B17632281A3BB148BAB9,26306,res_zhcn/piece/nfy_system_menu/ui_caidan_da_yinengshi_1.png.gz,d364178d17c907cee274380cddd64da6
DA2E4B1A0C43E69AF3C46052D31A74BB,26526,res_zhcn/piece/nfy_system_menu/ui_caidan_da_yingyuanshangcheng.png.gz,1241b7ab922f2839d366205548a367dd
5FE1055A93E96302C39F431477CEF960,29091,res_zhcn/piece/nfy_system_menu/ui_caidan_da_yingyuanshangcheng_g.png.gz,9a5122a3234c7f41f945709a2cc21d6c
61199F3CE75F8D18E9184CA1D7EF8D26,25493,res_zhcn/piece/nfy_system_menu/ui_caidan_da_yongbingdazuozhan.png.gz,4e582272b337a42d4b2014e336d61f86
4E67715D376E6398B59A0519677022E6,25493,res_zhcn/piece/nfy_system_menu/ui_caidan_da_yongbingdazuozhan_1.png.gz,4e582272b337a42d4b2014e336d61f86
F4FF10FA2B0884121F77A84F24CE3B27,27385,res_zhcn/piece/nfy_system_menu/ui_caidan_da_yongbingdazuozhan_g.png.gz,921e23a3668c59d2478d60a40cc50c52
B256DDBB22DD5C371DFD5C49C4C651D2,23970,res_zhcn/piece/nfy_system_menu/ui_caidan_da_zhounianqing.png.gz,4de775c4d7b70cfed02cafc91c31ba1e
1DA8CA1EBB24B98BB59131B7B976D8C0,25410,res_zhcn/piece/nfy_system_menu/ui_caidan_da_zhuangbei.png.gz,5e662cbedadd92238d9155606e67e6d6
F6AAAFC3F1D1746200435100EA73734D,24201,res_zhcn/piece/nfy_system_menu/ui_caidan_da_zhuangbeifenjie.png.gz,18d73c65880be3ffc1c64356b0619d75
EFE1153DFCB585265BCC576B1B1B2DD4,27349,res_zhcn/piece/nfy_system_menu/ui_caidan_da_zhuangbeizhizuo.png.gz,fe1a06f8fe15fdeb9f85666666622129
E215111C7DD399E00DF8A4C677116716,27349,res_zhcn/piece/nfy_system_menu/ui_caidan_da_zhuangbeizhizuo_1.png.gz,fe1a06f8fe15fdeb9f85666666622129
5EBCDF1BF92365D1246F48DE07AE7142,25410,res_zhcn/piece/nfy_system_menu/ui_caidan_da_zhuangbei_1.png.gz,5e662cbedadd92238d9155606e67e6d6
A36C6D72635755D90C1528AA75B3815C,31340,res_zhcn/piece/nfy_system_menu/ui_caidan_da_zhuxianrenwu.png.gz,83232fc1bed220ab39fc8be8327fa9a5
8F8637BFC31DBC76F987D01C24E31FAF,23889,res_zhcn/piece/nfy_system_menu/ui_caidan_da_zhuzhucunqianguan.png.gz,b8bf942e3c3083e20da36c26751917af
1861EEC6A5159102860E83D6C7E7B1C5,25804,res_zhcn/piece/nfy_system_menu/ui_caidan_da_zhuzhucunqianguan_g.png.gz,70a3b844181c1926abf4ea20b21166cf
11D223ADE57F6EDA785365A3BDD4595A,26056,res_zhcn/piece/nfy_system_menu/ui_caidan_da_zigepaiweizhan.png.gz,56e2e68b4dd99bf8690a95392653cae8
37AE142B0ECE59615B83386AA6C90029,25737,res_zhcn/piece/nfy_system_menu/ui_caidan_da_zuanshishangcheng.png.gz,6fc0569a66e3ab419564e9ba24add67b
C8CED73E171918F77EDAF7E9918D95A4,27289,res_zhcn/piece/nfy_system_menu/ui_caidan_da_zuanshishangcheng_g.png.gz,f5164fc40fdbf3b50896d2635037e5fd
A09BD79E60329F0EAF1448D65D3EA4C9,27494,res_zhcn/piece/nfy_system_menu/ui_caidan_da_zuduizhanyi_1.png.gz,140e39d25fed6b2647b0dd43b82c9b49
27678BCB7F000B0E1307D1DEE80A853C,27425,res_zhcn/piece/nfy_system_menu/ui_caidan_da_zuji_1.png.gz,a6c4d6551827ee01cc5f744cb2b8f225
1B7DC1AE0EA500CC407B35FBEC50887A,22078,res_zhcn/piece/nfy_system_menu/ui_caidan_xiao_chengjiu_1.png.gz,f699eaee1edfb52786cb4bdad99d4c20
F36A71D694E4CB1242F810D1941ECF8B,22362,res_zhcn/piece/nfy_system_menu/ui_caidan_xiao_chengjiu_2.png.gz,e82956150b71f9b29ea20384e658a084
05BE6FC9E612852B5E1C65FA61F640B9,16757,res_zhcn/piece/nfy_system_menu/ui_caidan_xiao_chengjiu_3.png.gz,ff6dbeb99518408152fffe26fa6b55d8
E8868B40F631022C4287D1EA3EEAB2CD,21752,res_zhcn/piece/nfy_system_menu/ui_caidan_xiao_gonhui_1.png.gz,ab909e2191a9afb727eb9449c9bc735e
EE0CB4A52C360EF60D8FED9F69A53251,22252,res_zhcn/piece/nfy_system_menu/ui_caidan_xiao_gonhui_2.png.gz,ed79aa595edc8325f7f1530bcc9598f2
136BBB3673D2C8133CA8573B7293AE5C,16522,res_zhcn/piece/nfy_system_menu/ui_caidan_xiao_gonhui_3.png.gz,2ae80519e9a480d5f76d91dd9abb5f75
AE9C89AEFDC522CEB527E8432BF8C7E2,21038,res_zhcn/piece/nfy_system_menu/ui_caidan_xiao_haoyou_1.png.gz,816fd14e8e6578154cbb7b28d76ca375
32E9BC62C845BA5A7C862CA4A277862E,21396,res_zhcn/piece/nfy_system_menu/ui_caidan_xiao_haoyou_2.png.gz,95889b9c8936a89f96da1808b8eb73d2
A90BBB0A4522E0077B57A0B219C87014,16042,res_zhcn/piece/nfy_system_menu/ui_caidan_xiao_haoyou_3.png.gz,6395f62fd9dde3737125201abbc5bccd
6E570F394203486B92EF2DC32A525D2B,22175,res_zhcn/piece/nfy_system_menu/ui_caidan_xiao_jineng_1.png.gz,5744ac549e18864804af91f764fe9458
479C3E7134495F11A669C05381D6255F,19960,res_zhcn/piece/nfy_system_menu/ui_caidan_xiao_mohe_1.png.gz,0f92250cc2a276203b1bb09329047a4b
D90CB9B8C1EA1B850B0AE85AD20A0C13,20190,res_zhcn/piece/nfy_system_menu/ui_caidan_xiao_mohe_2.png.gz,b99e1cfa454f6b718cc4e10daf07944b
6A88B634B76F8A6B89BBE20AB24C6930,14397,res_zhcn/piece/nfy_system_menu/ui_caidan_xiao_mohe_3.png.gz,e31dc74e28cdf80e41b3899b4a284dca
9603AE02252DE6FDD467A294EB80BE3D,20366,res_zhcn/piece/nfy_system_menu/ui_caidan_xiao_paihang_1.png.gz,9053c4f47cdf2f16e54a970279b2c9c0
DBB87E798940A1EF8AE12E4CE972D080,20794,res_zhcn/piece/nfy_system_menu/ui_caidan_xiao_paihang_2.png.gz,849506d38210ff20a2402892b5298dfb
A3D8AA2324B9DC082C680E4C04BC0C57,15669,res_zhcn/piece/nfy_system_menu/ui_caidan_xiao_paihang_3.png.gz,f3f9e7e31dafdaccb8d018756c1710f6
8219F1A6BDE8FC073C947BE881D1A4D3,20223,res_zhcn/piece/nfy_system_menu/ui_caidan_xiao_qiandao_1.png.gz,0e31698eb22fec9dc810b04863257ac4
BA189151B9A52CE7B82776A1BA5FAEE3,19621,res_zhcn/piece/nfy_system_menu/ui_caidan_xiao_qiandao_2.png.gz,0270bab464147a00fd13efad439ea9c4
0492CF70120D694F2E7C9721CA1CAFC7,15399,res_zhcn/piece/nfy_system_menu/ui_caidan_xiao_qiandao_3.png.gz,cf77d2c116d48f7dd43749c97fd29133
37669E303EA5048824F20559B786F47C,19245,res_zhcn/piece/nfy_system_menu/ui_caidan_xiao_tili_1.png.gz,6cafcf4405d9bd6fe8fd73ee10a87f05
6E4F029A5AA4CACCDFD5449C2F1E0564,19516,res_zhcn/piece/nfy_system_menu/ui_caidan_xiao_tili_2.png.gz,f328496d80e95cb6bed5eae4bf7cdd05
D35C24C92F6403D83E150F5ED6EBFB5A,13979,res_zhcn/piece/nfy_system_menu/ui_caidan_xiao_tili_3.png.gz,aeacec66b8325800d43faf060e765158
DE2856D4D06C0DD4FDB685E37B768F53,20807,res_zhcn/piece/nfy_system_menu/ui_caidan_xiao_youjian_1.png.gz,5fed04d1cd42712cf04b35da5e4bcf90
0C5C7906182ACA1706EABF41F45DFD68,21150,res_zhcn/piece/nfy_system_menu/ui_caidan_xiao_youjian_2.png.gz,f6fd259e3faef1bdd8deb2775985b92a
53C9AA5F1A44B4449A666C6B8D045FF3,15910,res_zhcn/piece/nfy_system_menu/ui_caidan_xiao_youjian_3.png.gz,d07c267b1371ac932a78b752c12cd6d4
4E9D85293B3459086C5DC1FAB0638FED,18902,res_zhcn/piece/nfy_system_menu/ui_caidan_xiao_zhuangbeibuji_1.png.gz,6672ba7f6d23a575717b7de6d8f25884
7CE351A1F2CDE1E8719B8F8858888183,18795,res_zhcn/piece/nfy_system_menu/ui_caidan_xiao_zhuangbeibuji_2.png.gz,874a93b84b0473b65675d91b860eeaa8
E209DD6D7BC6BAE4EE5096147821EAFC,16632,res_zhcn/piece/nfy_system_menu/ui_caidan_xiao_zhuangbeibuji_3.png.gz,6025e1145b262f3a14caf5714c5d14de
64052B6CAB2BBEB6827EE7A6210B67A2,17822,res_zhcn/piece/nfy_title/ui_chenghao_bixin.png.gz,5e638a0d1bdbd797be8146e79e934e87
C261ADDDF091A6C2C326BAE678E1E8C7,46400,res_zhcn/piece/nfy_title/ui_chenghao_cainiangchunmang.png.gz,08cb15099f7606fe316dde2d9339425e
223464D7519F3AAFF8641273D4495EF7,46400,res_zhcn/piece/nfy_title/ui_chenghao_cainiangchunmang1.png.gz,08cb15099f7606fe316dde2d9339425e
0055F9B15BA8AFE96A9163620373F61B,26460,res_zhcn/piece/nfy_title/ui_chenghao_chengyuan_bugeijidi.png.gz,fcc95ecfdb5eede93d720558266a2281
E8D2AE771F9603CA0870E774EA8D97E3,37797,res_zhcn/piece/nfy_title/ui_chenghao_chengyuan_gangkouqu.png.gz,010550017e3cb884b542b6324ea241bc
80697E4FFCB9AAA164ADADDCC112D2A1,23025,res_zhcn/piece/nfy_title/ui_chenghao_chengyuan_shangyejie.png.gz,775029754066b677b71c146379674bf4
33547261A12F1193A59D24686B40B58C,21138,res_zhcn/piece/nfy_title/ui_chenghao_chengyuan_zhongtaqu.png.gz,a7df7b8cea3f66ec7614c8dbd6fb18b5
3D46D7835B0376E887F29772008E1ACA,27365,res_zhcn/piece/nfy_title/ui_chenghao_chengyuan_zhongxinjidi.png.gz,735cae5afb42006af7eba28950da984a
04611388043F2697773456B77D3349E3,109540,res_zhcn/piece/nfy_title/ui_chenghao_ciyuanjianglin.png.gz,6668b3f760deb3674f90eae0faff82d4
85A7BBDDF07492EDAA717B7BD4C3FA4D,24483,res_zhcn/piece/nfy_title/ui_chenghao_dengfengzaoji.png.gz,daefcdefb8608d76ad4875fdbfaf3f23
94BC8356FC816FE0FB9D90D85F39CBA5,48673,res_zhcn/piece/nfy_title/ui_chenghao_doushentawangzhe.png.gz,3adb754dbaa4e6d12a700647eb3c4d51
0BC49D91724F60E37E1F86DC49500A94,40804,res_zhcn/piece/nfy_title/ui_chenghao_duanwulongzhou.png.gz,4afc33b2ed850db88ba9a1251bd558da
93E5BF1722BFCFF1BE189FAB7FF7EB1D,40804,res_zhcn/piece/nfy_title/ui_chenghao_duanwulongzhou1.png.gz,4afc33b2ed850db88ba9a1251bd558da
31C6F07671ED6F509FB7565657BF2F8B,26018,res_zhcn/piece/nfy_title/ui_chenghao_fenglinhuoshan.png.gz,f07afd1819c52ea32172ad8bb6fe1904
F6B004F31A6619C69CA62C6B1BA72342,55924,res_zhcn/piece/nfy_title/ui_chenghao_fenhongnvlang.png.gz,155708c16102f1f9081725f420d61893
E1706B91D7021C72D524039C21036E9D,32864,res_zhcn/piece/nfy_title/ui_chenghao_guoqing.png.gz,5dd21df567e94b48622e9aea36b540e5
1148D7E43976C700DD73657D7EC1AA4E,51047,res_zhcn/piece/nfy_title/ui_chenghao_haishayinxiang.png.gz,422dd8c574e3efbc2978298220e38c27
C6B6E7558B1745810344F18E573CA6AF,50596,res_zhcn/piece/nfy_title/ui_chenghao_heiyuezhizun.png.gz,64f32d62730c800876c378b5c2486988
FDE24E069B92E43D4A85ACE9F2E37981,34480,res_zhcn/piece/nfy_title/ui_chenghao_huadengmancheng.png.gz,cfdcfa63a27bdbb05837d9f57e5137e9
1C1ABD1E872262C0F13AB535BE9BE3F8,124453,res_zhcn/piece/nfy_title/ui_chenghao_huajia_1.png.gz,8754cc93f199b989904da66b1fda675c
C8FA876C1A6E2D687E344117FBFF91AE,56099,res_zhcn/piece/nfy_title/ui_chenghao_huangxing_1.png.gz,fdd622f2256e2c07fc8ff2147eb69586
37E8FC36F20C2038981CB3A17B6BC194,70217,res_zhcn/piece/nfy_title/ui_chenghao_huangxing_2.png.gz,ebd93d9d6c8507cec701c0e25b6d03dc
AA67844FA2882A61394945B752C1D66F,46058,res_zhcn/piece/nfy_title/ui_chenghao_jiexianzhiwang.png.gz,51d4962312a4a5d859d0f703812589dc
E617BDE293A6982570EED0787DE191C4,36454,res_zhcn/piece/nfy_title/ui_chenghao_juexing_cangyan.png.gz,3214b597ec4968b4ee342c728907ac96
3BB8FD9C4E8B204D6D0480435B9B15C8,29690,res_zhcn/piece/nfy_title/ui_chenghao_juexing_ciyuan.png.gz,9d9005e855dd2695314dbdb788c0e4aa
45AFB24A821985E4D53DFC7FC1BD4546,26800,res_zhcn/piece/nfy_title/ui_chenghao_juexing_leiguang.png.gz,80c4e4867e1f2973c18e11e8322d8e01
2DE9A9C344D4C3A23FDAF416C955BB66,38664,res_zhcn/piece/nfy_title/ui_chenghao_juexing_shenbing.png.gz,d6d7b12d670480f6c6d80d6bbf1be7e6
1BD48770853C23C150FD0C95D12BFC18,27044,res_zhcn/piece/nfy_title/ui_chenghao_juexing_xukong.png.gz,016c34f36cb5ecf47c158de668f142da
E64328BEED8D3E2C70F7C5A8957A5882,30441,res_zhcn/piece/nfy_title/ui_chenghao_juexing_zhuying.png.gz,1b22832c14d41082e2a1a38f5b716f93
3DD7A27727FFC40C1287C4607BA4C473,54365,res_zhcn/piece/nfy_title/ui_chenghao_langchaotiantang.png.gz,d27fe206c5818476276c5b5ea1e8672a
B8C17076ED234B86120170EF1B1DD2B0,5619,res_zhcn/piece/nfy_title/ui_chenghao_liaotian_chongwu.png.gz,83f7aa680318c68f5057933dfeabb5f6
0CCD3C016EA554F0678AEAD8B72921D4,7477,res_zhcn/piece/nfy_title/ui_chenghao_liaotian_jiexian.png.gz,f689654a5a25edc822c4406f324cfba0
BF24EE22B78770F81BA2C86FEE3158DE,5898,res_zhcn/piece/nfy_title/ui_chenghao_liaotian_jingjichang.png.gz,2202a052262425a85c9edb899d8774fe
4BBA751B49594B91CEBC15CD13D3B241,5885,res_zhcn/piece/nfy_title/ui_chenghao_liaotian_meili.png.gz,54e12314659f2b0548f2024e0ee5d4ef
D4F115DB14A03675A1EB7FB7316B103C,5883,res_zhcn/piece/nfy_title/ui_chenghao_liaotian_shizhuang.png.gz,562a47a66c033dadfaa924afe6c95077
0C88510F41482D8D26137A8CFE7C8AF7,6246,res_zhcn/piece/nfy_title/ui_chenghao_liaotian_vip_1.png.gz,5e0d2de511374f5c68e773ba0d746797
793F33E9BF8750DF336A644037668BC9,6195,res_zhcn/piece/nfy_title/ui_chenghao_liaotian_vip_2.png.gz,a974333eaa0ec29dcabfae59a69a3fe9
2DCB341B9479F8F61E3CE56A5FF602CE,6304,res_zhcn/piece/nfy_title/ui_chenghao_liaotian_vip_3.png.gz,526bd2b2a6512fb8ecf85ea382f9bbd5
B8E267C189CABAEED72EDEBA08E7896E,8004,res_zhcn/piece/nfy_title/ui_chenghao_liaotian_vip_4.png.gz,cd3ab9edf27bb3d40d49f6883655807c
7EF106FC06747EF97855765E4767238B,5747,res_zhcn/piece/nfy_title/ui_chenghao_liaotian_wuzhuang.png.gz,474d3ee3848daa78f90325eb8b128181
C0571109D061237FED9C12C7A26BD80B,5573,res_zhcn/piece/nfy_title/ui_chenghao_liaotian_zhanli.png.gz,091b6505b2bc0b87840b705b53c45bd4
3B983A22E6412AA1B322EBB108B3AB43,66619,res_zhcn/piece/nfy_title/ui_chenghao_lingzhu_bugeijidi.png.gz,cb5d7aa802544a61f9be5a16b3b08f3d
E14905696B7BB5552A291894A57B8903,62480,res_zhcn/piece/nfy_title/ui_chenghao_lingzhu_gangkouqu.png.gz,cbf3a3e897a62356c389ac2abab13f9c
E5E4778A8D6DC2F5506B81D453E1C311,61562,res_zhcn/piece/nfy_title/ui_chenghao_lingzhu_shangyejie.png.gz,ffafafeb0a4d888ebaa4d1fb8d79d593
C2E577C2386283D4C595AF26FED4F6E2,63193,res_zhcn/piece/nfy_title/ui_chenghao_lingzhu_zhongtaqu.png.gz,cae09c010b97cbe21c0ad012869d9f64
86BD15DFD943DBB8EC687E0BBAFAF958,46167,res_zhcn/piece/nfy_title/ui_chenghao_maijuzi.png.gz,8ee3afde312d69a844da069d39bc599a
3A9837E81DC89A67EA4BF0C6967548F2,41237,res_zhcn/piece/nfy_title/ui_chenghao_miaobitongxin.png.gz,eedbf9a6ba1d041e554df4ac6ffd5186
CCD7845C6A9643CB66F1990F681E3AA8,41237,res_zhcn/piece/nfy_title/ui_chenghao_miaobitongxin1.png.gz,eedbf9a6ba1d041e554df4ac6ffd5186
D59BD80FA18E9D05AD9022300B736482,34576,res_zhcn/piece/nfy_title/ui_chenghao_pojingmingxin.png.gz,a23706d37cd823842ffa6bfc122c1c1b
A10D63B758247207055706F974589F6E,56240,res_zhcn/piece/nfy_title/ui_chenghao_qingchuanyunnuan1.png.gz,5e1c5aa1fc52043f2795016e7ba0909e
0CD2CF08CA34DE5C355F7A6B5B525F40,48623,res_zhcn/piece/nfy_title/ui_chenghao_qunxingcuican.png.gz,90d215860854bde093c4c7ad2b772c12
DF6CC32DED6E95BBD7D594408638595C,47235,res_zhcn/piece/nfy_title/ui_chenghao_s1gonghuibossshousha.png.gz,f8a6911b6f3fda6e2b578519cde3bfe2
C20FD1022D6F356E09E95AC0834022FF,60986,res_zhcn/piece/nfy_title/ui_chenghao_s2gonghuibossshousha.png.gz,0c88404dbffb47d51e1e183b2b2e8fa0
D48CE21ECC7F64AAB51854D3F2926029,57368,res_zhcn/piece/nfy_title/ui_chenghao_s3gonghuibossshousha.png.gz,f0d47c944b9d640ab63de596443b5f3e
1AB25478452473B6ECF382920FBE4B80,96233,res_zhcn/piece/nfy_title/ui_chenghao_s4gonghuibossshousha.png.gz,3f297ad71e7e930ee993cd425c2e6388
3A26DA1A43DD1E2E1D44058E3375B458,29362,res_zhcn/piece/nfy_title/ui_chenghao_shengdan.png.gz,ebe382596dcf31bd7e8f030a8391ae0b
9A79E8B06D1BE35B2E6065864ED4D5B3,61789,res_zhcn/piece/nfy_title/ui_chenghao_tiandiwangzhe.png.gz,8ab749ef2826f16544ed3814c58dcf45
6E67A86BE0E8BC64C31E5498F13EA92F,31026,res_zhcn/piece/nfy_title/ui_chenghao_tianxiabuwu.png.gz,6d752e150881eb4805873fc797747288
5ADAB5D3C46ECC7DA30885D3434B40F1,39312,res_zhcn/piece/nfy_title/ui_chenghao_tumoyongshi.png.gz,bec3ea5f0969fa6d60c4c46f59ad0d18
EECEE8B2321BDF13FA8BD7D2B647C836,22662,res_zhcn/piece/nfy_title/ui_chenghao_tunian.png.gz,3765cc1096f0e1ab32d34af5c70cbb7f
04913B19B6B6C6DA8BDD757C0969070F,22680,res_zhcn/piece/nfy_title/ui_chenghao_wanrenmi.png.gz,593b04f357ee097baccee520974543fc
05B18629A4D9EBA4B8A11FCD1B7D4E10,25882,res_zhcn/piece/nfy_title/ui_chenghao_woshididi.png.gz,1dae9db144c0a9a02b12492c93bc7bf6
D6A80FA63E98EC23777AFA3893A95885,27208,res_zhcn/piece/nfy_title/ui_chenghao_xianhuabaobei.png.gz,f559da1e65dbe173e521f9ab9c74fe35
08DA28FE444B19D69CEF2C4174D4D08E,28854,res_zhcn/piece/nfy_title/ui_chenghao_xianhuadaren.png.gz,cb065a6c0a89aa6d2eaa7b710a893c74
E7188F8BB852483E77CC72C1AD41166C,29502,res_zhcn/piece/nfy_title/ui_chenghao_xiaohuajiang.png.gz,28aee90e8e3f15d058a1a9b7ed7f4603
4131622ACB3866842E4D5FFD98C82B9B,30098,res_zhcn/piece/nfy_title/ui_chenghao_xiaokeai_.png.gz,b2ee37d9e9b968396b303acb649463fb
349B2CBCA47FFBF5A4014632BED29EF0,9079,res_zhcn/piece/nfy_title/ui_chenghao_xiao_bujijidi.png.gz,ec40daaaa029adadc3c14b49edcdaace
284D410DF54CE12909567976B8E3BE48,9504,res_zhcn/piece/nfy_title/ui_chenghao_xiao_chongwuyuanzhang.png.gz,55b3c0f9bf69bb9350c20bc74681b4ab
F87FEBA7F04CCA27C71CA651265D5A58,7649,res_zhcn/piece/nfy_title/ui_chenghao_xiao_doushentawangzhe.png.gz,75e58b9f93aa81c2c87f79cb817788c9
53302384FB5C364713D3D6D2A394DE43,8471,res_zhcn/piece/nfy_title/ui_chenghao_xiao_gankouqu.png.gz,7136763f2b90aaf7323312e43371b53e
622C7F0F6C077D049B3985F4120B6668,8523,res_zhcn/piece/nfy_title/ui_chenghao_xiao_shangyejie.png.gz,ee5f1c480802387ed6efa19d84ef76c3
7B4E5CEFCE0730F1FE448EFBD7DD4C2C,7947,res_zhcn/piece/nfy_title/ui_chenghao_xiao_tiantitop1.png.gz,f91e07f14cdc5c4f61e9e914d51dac52
E59ED2E6E9DA8DC23358EA4C2D6C5B6B,8131,res_zhcn/piece/nfy_title/ui_chenghao_xiao_yiduojiaohua.png.gz,c326196a015b905b42e9b452e34d73af
3D684BA139561849F7F27FF89C3697DC,17656,res_zhcn/piece/nfy_title/ui_chenghao_xiao_yinengdianhuode.png.gz,52146a96bb9dd15dd509b55a0a20243a
D41F466B3BAF3AB0C07F7405CA241864,8516,res_zhcn/piece/nfy_title/ui_chenghao_xiao_zhongtaqu.png.gz,6afa56639c9cbca83f5bb48d3dcf4569
B1243DB88D62C0A083A6AF142D08C2A7,8820,res_zhcn/piece/nfy_title/ui_chenghao_xiao_zhongxinjidi.png.gz,320a9e35b344c1734acdb3f14870ea73
73014CEC0F3519FA952698822B684A83,126441,res_zhcn/piece/nfy_title/ui_chenghao_xingyuechuancheng.png.gz,d14ab4928aed79b221ddd6353fc1d93e
B46ABC070C0B7AACC80B37C6B60D44C0,109136,res_zhcn/piece/nfy_title/ui_chenghao_xingyuxingyuan.png.gz,2c36e1064e66092caf2929a8d15deaf6
00EB1C937178E1A8845686FF3BCAD1CF,46883,res_zhcn/piece/nfy_title/ui_chenghao_yijianqingxin2.png.gz,e15deb241102831fe78082fcef9d46f6
3960A2929F89350748AF6AB069353789,48692,res_zhcn/piece/nfy_title/ui_chenghao_youlingjiechun.png.gz,c0998ecd8b961f9c556adc38cc43cc7b
56A157C2A286F3CDB90E5157932E398D,22662,res_zhcn/piece/nfy_title/ui_chenghao_yuandan.png.gz,3765cc1096f0e1ab32d34af5c70cbb7f
72E0A2AB82F6A186461BE8ACAF4EB4E0,61014,res_zhcn/piece/nfy_title/ui_chenghao_zhaixingzhe.png.gz,cd3a1c296299516c11127e8ffdaedfd8
3525271E7110776D058F9ECE1B380629,24763,res_zhcn/piece/nfy_title/ui_chenghao_zhounian.png.gz,46429ccb41e539bab83ee70e922ed562
D7BABFFFC77267094CE3DA2DB70DD87B,31659,res_zhcn/piece/nfy_title/ui_chenghao_zhuantoutangshou.png.gz,72464099ce0b6ffb6a58ba7e092e5655
8847CB208D0C5DB0ED12D372C0CBE51E,5501,res_zhcn/piece/nfy_title/ui_chenghao_zhucheng_fubenquanmingxing.png.gz,ead12e46b047fb5d785893aec2be45bb
6933D504608C512B34F68187EBC3F327,16651,res_zhcn/piece/nfy_title/ui_chenghao_zhucheng_quanfuzhongxinchengzhu.png.gz,edd95db682ae82e7b3f3755e5c452d52
E415DF113B0CAFD37CAF2E3C53361835,5332,res_zhcn/piece/nfy_title/ui_chenghao_zhucheng_tiantitop1.png.gz,d20cfe20910df1f8fc61903499fa2667
458FF90C44D7A5DAB5C3C38FBAD9C7F2,5380,res_zhcn/piece/nfy_title/ui_chenghao_zhucheng_xianhuatop1.png.gz,ae67d14956998e8ad8af8542ca22adaf
BD9BCFE1824BD2023BE7F6EBE8E0880D,5274,res_zhcn/piece/nfy_title/ui_chenghao_zhucheng_zhanlitop1.png.gz,d394ffa5cc4b726dcf7b38fe72936ead
82182817C07DC95FEE35AB85D3DBB5EA,5417,res_zhcn/piece/nfy_title/ui_chenghao_zhucheng_zhanlitop2.png.gz,eb5498d1ee33f94a786f83acf4fe720e
5058DE2A7F441DEFAA36A3AE968CC752,5377,res_zhcn/piece/nfy_title/ui_chenghao_zhucheng_zhanlitop3.png.gz,ffe4f7f2e8b9e63b9723d4cc2d89ce2d
ABB463E80DAEBB56FF0136BFF6C5A6BD,5683,res_zhcn/piece/nfy_title/ui_chenghao_zhucheng_zuduiquanmingxing.png.gz,45711cce5656dee507e2198480b246cb
E3F949C86F59082434812D117455F4EE,30160,res_zhcn/piece/nfy_title/ui_chenghao_zuiqiangwangzhe_da.png.gz,f1e3badfd779a9c1d26d07edc0fe72a3
5D1FCAB5888EF37FA29F9B47F841F8B9,57996,res_zhcn/piece/nfy_title/ui_chenghao_zuiyifenghua.png.gz,e9aa304a64ffcf4c955ee656edecc4be
47B2300A1AE280CD6CBB0D8FE52A1E47,17340,res_zhcn/piece/nfy_title/ui_daoju_chaojidajin.png.gz,528e7d8b8ce88159ab457a1de6da9e01
E351C9D66686DDE210DA5F5B02CA71EA,44530,res_zhcn/piece/nfy_title/ui_daoju_qilewuqiong.png.gz,4e51f1d9f4b8439064f201b6b3e62569
0CB729826FB67C58A1B93C237F527BF4,26359,res_zhcn/piece/nfy_title/ui_daoju_tianxuandajin.png.gz,fd0f8ded15e0ab549ecb092c59aec15e
F696FF3EFBFE54EE4A6D67F20778BD3D,36238,res_zhcn/piece/nfy_title/ui_daoju_yinhantiaotiao.png.gz,a2307e5c15b77f09a8f115ceb92e31de
7CFE213E3F5D8B1400698A75C8C03433,18417,res_zhcn/piece/nfy_title/ui_daoju_zhizundajin.png.gz,73570942ac5e8bd44ec55e72b71afe5e
996655957C16E6582D1EAD9DD0B60D5D,7918,res_zhcn/piece/nfy_title/ui_liaotian_quanmingxing.png.gz,421dce606645972abc82ad93dda7f5d5
3C07C035964030F5E980B867390849DC,9997,res_zhcn/piece/nfy_title/ui_zhuchengdiaoxiang_zhanshishuoming.png.gz,85e83f1552cdb8726e3267d0d5ff03ba
23852280D12EA9C512CCA1440CD00C80,35163,res_zhcn/piece/nfy_title/yiduojiaohua.png.gz,1769baf9ff7c0e409063ee7d88fa91bd
5DAC381459C5178462E05984C8D56899,173080,res_zhcn/piece/nfy_tutor/ui_xinshouyindao_beijing_05.jpg.gz,def5a689ad039ad347d4bf5afea463f5
DFB45D52A8A86D76A4482760E3D1C32F,162061,res_zhcn/piece/nfy_tutor/ui_xinshouyindao_beijing_06.jpg.gz,1bd9bf0b242f37cef46cf1f9e2048541
161AB27668AA582C46E4D20E2DD48072,144982,res_zhcn/piece/nfy_tutor/ui_xinshouyindao_beijing_07.jpg.gz,9e61a2970ca3b27fee13b3c3f2ce38b4
DD22623897FECE6D7BE057425B375C53,96011,res_zhcn/piece/nfy_tutor/ui_xinshouyindao_beijing_08.jpg.gz,27d9c3bd20ba22571b58f2d663fbccb7
63180BE4326218226785BD90717631F3,95797,res_zhcn/piece/nfy_tutor/ui_xinshouyindao_beijing_09.jpg.gz,52f9d88126488b2eff6a75f72a998425
25434DF124A6414B9BAC964B8067B7BF,373628,res_zhcn/piece/nfy_tutor/ui_xinshouyindao_beijing_100.png.gz,472a428dc746e95304914df43c59c64e
40484707C355E7335C3BC650D3265256,371385,res_zhcn/piece/nfy_tutor/ui_xinshouyindao_beijing_101.jpg.gz,4465cc3dc34d5a01efc11bf92fefdb85
C4618F7EB0B4062AC62ACB3FBA544DA0,262083,res_zhcn/piece/nfy_tutor/ui_xinshouyindao_beijing_102.jpg.gz,452a5f1a423bf4a23bf922626feb8530
C4FC104098E3645152D8A23CC5499598,257085,res_zhcn/piece/nfy_tutor/ui_xinshouyindao_beijing_103.jpg.gz,ba96c2cda87fc81abd490e83b597bf60
1C59731C156AD1DA4671C5B1611AF48F,287157,res_zhcn/piece/nfy_tutor/ui_xinshouyindao_beijing_104.jpg.gz,09615aab45dbefc09718666ef76ef597
9FE3296A74650E938D917D111F51FD7C,291313,res_zhcn/piece/nfy_tutor/ui_xinshouyindao_beijing_105.jpg.gz,21e2b5e01f149c4a4efce56fec3e23a5
1BFC3EBB58617B27C1A8A7E341F06379,265195,res_zhcn/piece/nfy_tutor/ui_xinshouyindao_beijing_106.jpg.gz,74c984028b7ff91c4f288e08eb7bbec2
35AEF2F8358701D93E6E60B87C06747F,299701,res_zhcn/piece/nfy_tutor/ui_xinshouyindao_beijing_107.jpg.gz,00c531dd8b67eff690b08fd206d983be
3DC0F924998C6EFCEB0B8AE956F891F0,618096,res_zhcn/piece/nfy_tutor/ui_xinshouyindao_beijing_108.png.gz,39ef6d0a3a7e5ff214c7c245a645405a
CCBABBFB66678360B33020B632C7393D,638966,res_zhcn/piece/nfy_tutor/ui_xinshouyindao_beijing_109.png.gz,8ad2c332a96bbb6fd4d435920ada0e05
89BB097CADE8C0B05CB3F215A35155CC,389433,res_zhcn/piece/nfy_tutor/ui_xinshouyindao_beijing_110.png.gz,a42c778ef7733b7648ed0cfcd51c2d8d
937BC9C53D52381D725065903E7EEFEC,683542,res_zhcn/piece/nfy_tutor/ui_xinshouyindao_beijing_113.png.gz,c46f36dd434ecd5bb3d20dc751c9bcdc
F2E94F42574AC9698A2692525CAAFA7E,270390,res_zhcn/piece/nfy_tutor/ui_xinshouyindao_beijing_114.jpg.gz,a707317227a3fcf12a0f8d4ea1dfb1c8
8C18F0CD166FD7F92E5AD33B881F7531,474442,res_zhcn/piece/nfy_tutor/ui_xinshouyindao_beijing_114.png.gz,33634bdf83d062f4c918577f09683c37
7C72FA4CCAA2BDFBB3D320228E4FAD1E,313241,res_zhcn/piece/nfy_tutor/ui_xinshouyindao_beijing_115.jpg.gz,33c76aa5f81480595b352ee5aed07328
5CA3C838E1F652F3537665C74FCE6F96,520053,res_zhcn/piece/nfy_tutor/ui_xinshouyindao_beijing_115.png.gz,a63252d992e97bd8954ee71bb23bf6bb
3E25B11286B46B73957D0DE6732BF2CD,312497,res_zhcn/piece/nfy_tutor/ui_xinshouyindao_beijing_116.jpg.gz,452c5f1e26e5efde0a3b673007df7fe8
1185576B1C49D6C02C489A2C7EC67613,530589,res_zhcn/piece/nfy_tutor/ui_xinshouyindao_beijing_116.png.gz,963b4b4c15d90a32d4c2a39299020477
0693816F2513D79ED90C57A341F4B3D5,315726,res_zhcn/piece/nfy_tutor/ui_xinshouyindao_beijing_117.jpg.gz,2adc8f275f19ab17ef018833e0de8942
646FE561E3084C22E19C3DE1534C8AA3,525051,res_zhcn/piece/nfy_tutor/ui_xinshouyindao_beijing_117.png.gz,986789269f24500569171e3316de4902
7C21129AF2CDA9A0D8C5A34362EA66DA,300149,res_zhcn/piece/nfy_tutor/ui_xinshouyindao_beijing_118.jpg.gz,b659dd8ead14037edef01757bb259afb
1A0DDB36357B43BA267E193EAE0203E2,647950,res_zhcn/piece/nfy_tutor/ui_xinshouyindao_beijing_118.png.gz,ad8c28f60d997fb87c4f7a8ee13d1300
61DB40BAF451A4B6AEEAD37EDDD0C791,184777,res_zhcn/piece/nfy_tutor/ui_xinshouyindao_beijing_119.jpg.gz,58e6b0f44f40ec4ed81ecaa22390be96
D689B900B491A76F0B58673FFD72107F,686314,res_zhcn/piece/nfy_tutor/ui_xinshouyindao_beijing_119.png.gz,adfb67cd203f64e2873c0f1506ad21be
63BE7F690A83F7D74B551979DE54DBFD,365881,res_zhcn/piece/nfy_tutor/ui_xinshouyindao_beijing_120.jpg.gz,bb6098dd81fd72745d7a1f9e31c7afad
443CB81C961F2C8BF642A6B1BB00417B,650702,res_zhcn/piece/nfy_tutor/ui_xinshouyindao_beijing_120.png.gz,62d3e6d796f30c25637410693d30978d
A6DB52FC66B680B411AA7066C47BEA2E,201702,res_zhcn/piece/nfy_tutor/ui_xinshouyindao_beijing_121.jpg.gz,a3a9b23b2c92b6701389d99b6f48ff28
1286CDC8E828FB82A100824EAA2FF9ED,569044,res_zhcn/piece/nfy_tutor/ui_xinshouyindao_beijing_121.png.gz,8dabc19574d2447636dfc92d5b65fc69
05FC7F9774DCA514086154ED0DA9A977,589614,res_zhcn/piece/nfy_tutor/ui_xinshouyindao_beijing_122.png.gz,0c977914916c190ad0dd4d8e1fc32e66
83FA058829C36A4A09ABA18A112F84BA,432114,res_zhcn/piece/nfy_tutor/ui_xinshouyindao_beijing_123.png.gz,50a16c01a70c2b905b2db73f5dafcf63
9CB674D502A2778EED50785863AD64DB,430208,res_zhcn/piece/nfy_tutor/ui_xinshouyindao_beijing_124.png.gz,8df2f8dc17d09b8e3811e6c1391a016a
59BF6DB4B1D738A23F96E5548A6A72D0,433410,res_zhcn/piece/nfy_tutor/ui_xinshouyindao_beijing_125.png.gz,6d7fdd0ec85234c3780a2852f7aaabc6
7C3691F985603E1698AB06382532CD3B,432575,res_zhcn/piece/nfy_tutor/ui_xinshouyindao_beijing_126.png.gz,1df7e5f94b2e6eeeb0d1eecc3b836562
DF8F1926E2E678463BA4E3BE370C77AE,265864,res_zhcn/piece/nfy_tutor/ui_xinshouyindao_beijing_127.jpg.gz,0bde1f4f86c478eec32b890137c41698
E8AF6BED98F68F364BFCCD6AED43732D,267397,res_zhcn/piece/nfy_tutor/ui_xinshouyindao_beijing_128.jpg.gz,d0ef0b950158fe763659e5a9b43e4ce4
3EB1C0B338AFCCADAA4A7E1ED6CD379A,246272,res_zhcn/piece/nfy_tutor/ui_xinshouyindao_beijing_129.jpg.gz,1956d99bae8419d98e47eca80e4adc29
6BEA783F7299133BB918A1643F6FFA0B,285648,res_zhcn/piece/nfy_tutor/ui_xinshouyindao_beijing_130.jpg.gz,65da030ae27624403d459879bdf356a1
07CD2C6E84091262E5D3F0E25DAD8207,174209,res_zhcn/piece/nfy_tutor/ui_xinshouyindao_beijing_131.jpg.gz,b948da02a3d560875b340c2e8c7f3d48
FFADE8BB342A828A539BFBE58A5CDD6B,171494,res_zhcn/piece/nfy_tutor/ui_xinshouyindao_beijing_132.jpg.gz,a6f7593104f5e479aed95ad04a1e5b89
3458B853A48B5BBF7087FE020B1F3E74,342239,res_zhcn/piece/nfy_tutor/ui_xinshouyindao_beijing_133.jpg.gz,2e763ed07436eeff1c5055408e8823f1
B83452F322E20BBB4F4B644D74DE3C2A,372543,res_zhcn/piece/nfy_tutor/ui_xinshouyindao_beijing_134.jpg.gz,1e71a5e2185c4c8104c404c114f61a37
5F6F1C5098168517E4CA56DA6E446E6A,264550,res_zhcn/piece/nfy_tutor/ui_xinshouyindao_beijing_135.jpg.gz,a5ad825a350637ba620addc78ebbc7bc
4BAEB978C83A622A2BA6AF5E73496462,265068,res_zhcn/piece/nfy_tutor/ui_xinshouyindao_beijing_136.jpg.gz,3e0a11268aa612f5164224eed840bce8
F537B6250AC17D05AAD080608CFEF0A9,225262,res_zhcn/piece/nfy_tutor/ui_xinshouyindao_beijing_137.jpg.gz,2ad44a93288b9e3a9972bc716cf7d96e
973F30D140815BB25B65A555F19B094A,230816,res_zhcn/piece/nfy_tutor/ui_xinshouyindao_beijing_138.jpg.gz,5420621503b528833fb3948a821db2eb
32386D5A5477689545CFEA9C31FCD918,206872,res_zhcn/piece/nfy_tutor/ui_xinshouyindao_beijing_139.jpg.gz,08727fae31ee853af6e0f7c9fd4dfb9f
902D0FE0CD596B99425072371DD20D6B,223762,res_zhcn/piece/nfy_tutor/ui_xinshouyindao_beijing_140.jpg.gz,dff8f4d3a0f68cce0bc8b3fb03f425b1
ED4AE12710E4F91DBC8D8BBC229C749E,266518,res_zhcn/piece/nfy_tutor/ui_xinshouyindao_beijing_141.jpg.gz,14ef58dcb324568ed8dde28dabc4531d
94B2843E7CBB1A32E4839124CA430374,314581,res_zhcn/piece/nfy_tutor/ui_xinshouyindao_beijing_142.jpg.gz,a8667bd3ce1ec5f40d32381817e8a7c5
DA92DD692B48486D01B49310F8895D66,281969,res_zhcn/piece/nfy_tutor/ui_xinshouyindao_beijing_143.jpg.gz,1d481d61cadaa5d809518cd5580f36e4
1FB504AA7944A9D8965515F92A028C06,388782,res_zhcn/piece/nfy_tutor/ui_xinshouyindao_beijing_16.png.gz,90112a5e2a73684abdce71c3e2b4f901
A85FAC8320F6C58C6CE10F743CEE293E,151588,res_zhcn/piece/nfy_tutor/ui_xinshouyindao_beijing_19.jpg.gz,2efc17488cd9ee3e9c3f932115cf2ad5
945523BC2EA317AF859379C51332B841,92431,res_zhcn/piece/nfy_tutor/ui_xinshouyindao_beijing_21.jpg.gz,a2b514435f2b228391dbb0419f6f9dd0
2C150EA2EFE51C4FFF26B03FA9C0CF85,142270,res_zhcn/piece/nfy_tutor/ui_xinshouyindao_beijing_22.jpg.gz,771e5cf8fd741c1e0a73f29bcd509255
A92797EE17E057C53B611A2FBB815494,127147,res_zhcn/piece/nfy_tutor/ui_xinshouyindao_beijing_23.jpg.gz,0a68e269445fd06b975344af31dc60c9
D27D7DFA99924CD04AF98C4287657EBC,177599,res_zhcn/piece/nfy_tutor/ui_xinshouyindao_beijing_24.jpg.gz,35db626484b108d1f495bd0df7de7642
8F36818AB61C5A93BB5CD3934974DB43,95481,res_zhcn/piece/nfy_tutor/ui_xinshouyindao_beijing_26.jpg.gz,1968358c683b967fa8d947c4357a7407
1AAE8DE65F769A2A8163138703759342,312913,res_zhcn/piece/nfy_tutor/ui_xinshouyindao_beijing_29.jpg.gz,9b0d10b6bcedf81c07ff88620719afc0
9EC63A23252E833797FA803ABF3A84BB,677258,res_zhcn/piece/nfy_tutor/ui_xinshouyindao_beijing_35.png.gz,82df2af6d4c4fcee9c4eeb104f2dac7f
89AB4FAE226EAF9E4B033BFAD4358904,137958,res_zhcn/piece/nfy_tutor/ui_xinshouyindao_beijing_36.jpg.gz,547a248e036899d643bff663a2c953f9
EF465808C0DB2968BBEFC2A6603FCB87,329399,res_zhcn/piece/nfy_tutor/ui_xinshouyindao_beijing_37.jpg.gz,e68e2e77e17f58be3fea1e0d7632ee5a
833CB51424E92CF7D6C467B6C3AB6886,146836,res_zhcn/piece/nfy_tutor/ui_xinshouyindao_beijing_38.jpg.gz,7b83182427258ec9f365d7dc653ad4b8
00586156238BE1DF1291213876FC7D32,270390,res_zhcn/piece/nfy_tutor/ui_xinshouyindao_beijing_39.jpg.gz,a707317227a3fcf12a0f8d4ea1dfb1c8
6BBFEB35A3244EA047885F4A1E371FB3,124405,res_zhcn/piece/nfy_tutor/ui_xinshouyindao_beijing_43.jpg.gz,43d33e85077e4027ef03304a2eae10f0
3568C630622433CFB7CE898B0237C148,151774,res_zhcn/piece/nfy_tutor/ui_xinshouyindao_beijing_49.jpg.gz,664abbf9a16b625cd087351532df7f14
36F05F5119D3D940A98CD36B2A2F2C90,137674,res_zhcn/piece/nfy_tutor/ui_xinshouyindao_beijing_54.jpg.gz,0d2aa704c3268b60e39bc5f57ab75a51
9AF5D5C7A76CA4BA9D51FA7EE7AAAA3D,123346,res_zhcn/piece/nfy_tutor/ui_xinshouyindao_beijing_56.jpg.gz,d7f13c72619a787a5ecf95afe13dffda
EB4880B9288CEDB1294989B7335BB51D,118019,res_zhcn/piece/nfy_tutor/ui_xinshouyindao_beijing_57.jpg.gz,dbcc30de87b22d23d5c0187aa3fc602f
3D5717B146F12DDE74ECBF647D5664F3,163744,res_zhcn/piece/nfy_tutor/ui_xinshouyindao_beijing_58.jpg.gz,ec85edf27b472251c3d418d2b6399bdc
CF3EDE55F4A4B58FFD50D7299631DE9B,239771,res_zhcn/piece/nfy_tutor/ui_xinshouyindao_beijing_60.jpg.gz,8bec30c3bf6ef5c95a034b0767d44207
72AE979B04E16159B0272406ADE15419,188909,res_zhcn/piece/nfy_tutor/ui_xinshouyindao_beijing_61.jpg.gz,bbdf604b7c7ab6b3889c720bc71bda10
FE3B55391706C80232C983E557C24BCC,139898,res_zhcn/piece/nfy_tutor/ui_xinshouyindao_beijing_62.jpg.gz,6fb1599afd8b75fbfb81f3e6bf1bc9e1
154A98305D5E216B9E159E6268384408,103070,res_zhcn/piece/nfy_tutor/ui_xinshouyindao_beijing_63.jpg.gz,5777a0c5276617ea69c79c0fe78ee55d
BD7CFED876A72B74A75544451EDF9CB7,121732,res_zhcn/piece/nfy_tutor/ui_xinshouyindao_beijing_64.jpg.gz,4b7f1c7c2811bb13cbe27aa10db021d5
EF9A1284DB27C460905BF1FC7B86131C,137989,res_zhcn/piece/nfy_tutor/ui_xinshouyindao_beijing_66.jpg.gz,bcf6c540c812328c27f13da9c2b6f13c
B3310BA8C14684DBDF8F3FCF1DFCC7B5,162955,res_zhcn/piece/nfy_tutor/ui_xinshouyindao_beijing_70.jpg.gz,c318ea9dacbbaa9bf11000051328fc18
E1C3CF5A7ED34631CC58487949B6370E,149601,res_zhcn/piece/nfy_tutor/ui_xinshouyindao_beijing_73.jpg.gz,de076893d7a994227a9172bcbabe0fce
B15BA8C2B8CC75A9CA3015E8C5ECEFD2,211345,res_zhcn/piece/nfy_tutor/ui_xinshouyindao_beijing_74.jpg.gz,0f0b930ac9b99633fdf73b82e4e3935f
1D3EC1502C14DACE08182BCA9376E5E6,192636,res_zhcn/piece/nfy_tutor/ui_xinshouyindao_beijing_75.jpg.gz,e432f20c604b63f629c30c283347eaba
9BBE246D7B85CC2F49FD53278D2F08DE,296657,res_zhcn/piece/nfy_tutor/ui_xinshouyindao_beijing_76.jpg.gz,9223f83a42e32ff108264e1cc5a77964
73E73B2F17C221ABF3ED4E9785041A9E,138810,res_zhcn/piece/nfy_tutor/ui_xinshouyindao_beijing_77.jpg.gz,bd163f01fc611ac2232f7504c6ba3c10
CDAB4BEE809F0B6F37B22AC5DD50B950,106359,res_zhcn/piece/nfy_tutor/ui_xinshouyindao_beijing_81.jpg.gz,28e35dc03001d692ddf613cc8a85b71c
4E312E59BB3A60A0C535C8CB3052F39B,121362,res_zhcn/piece/nfy_tutor/ui_xinshouyindao_beijing_83.jpg.gz,e63a5770e16903e33ad9bca5c75c7fcb
F42B756DE860400A90F2C54DB6963502,333972,res_zhcn/piece/nfy_tutor/ui_xinshouyindao_beijing_86.jpg.gz,96128efced8ebcb480b1c7a292ce91a8
AFA5709E9F1B1151F44308F6FE31811A,159189,res_zhcn/piece/nfy_tutor/ui_xinshouyindao_beijing_87.jpg.gz,22313ddfa858bc3ee30b3676d5e610f3
4DBB16AFF7D988D95329E87039D8300B,434171,res_zhcn/piece/nfy_tutor/ui_xinshouyindao_beijing_88.png.gz,59b2761388305a4d9f0e7e33a4f6b66a
BF0A8F7C0BDE75689360D61A7C109E85,494300,res_zhcn/piece/nfy_tutor/ui_xinshouyindao_beijing_89.png.gz,ef7826d37a25401c9a0c707307ef4427
963DE2C760405CFA9F540E7579B234E9,471821,res_zhcn/piece/nfy_tutor/ui_xinshouyindao_beijing_90.png.gz,ef47c0bdab72b458393b1546e4f6d4a1
B9A9B97CEDA33B0641ED195514B19958,321006,res_zhcn/piece/nfy_tutor/ui_xinshouyindao_beijing_91.jpg.gz,4a508fc1dcce32815174970b247d7768
F6127043A3341E1753A64E7542BBEADE,363010,res_zhcn/piece/nfy_tutor/ui_xinshouyindao_beijing_92.jpg.gz,eaff874909fe87b02f6e97f1b6f64bb9
EBB4A5D664FCDFB1833C483188F11908,434164,res_zhcn/piece/nfy_tutor/ui_xinshouyindao_beijing_93.png.gz,918e97a3dd22bda0ff7038fef8a939a7
789E36D8CF00974D56A76C0B5752BCD5,447261,res_zhcn/piece/nfy_tutor/ui_xinshouyindao_beijing_94.png.gz,a2f092c1dbd23ef7846f31192ef3ec3d
99AE7C6ADDA3858EB39B664C03EC137B,453130,res_zhcn/piece/nfy_tutor/ui_xinshouyindao_beijing_95.png.gz,5aec777ffb2ad310cf27da39cb63fe77
7591E0529958C2A72A1A73BC191E9817,368325,res_zhcn/piece/nfy_tutor/ui_xinshouyindao_beijing_96.jpg.gz,4d7ed66a1728e8e742f4f87a8ab3c0b5
E94C4BCA7F1EC35B4658CF6FCE6450F3,686780,res_zhcn/piece/nfy_tutor/ui_xinshouyindao_beijing_96.png.gz,a1afec81b807fadcad14ce51a78e12bf
5A55DD08869BB1307491CF64B7074E0F,348394,res_zhcn/piece/nfy_tutor/ui_xinshouyindao_beijing_97.jpg.gz,78740c68b3f99ae60d65cc362b56dcb5
FA6F0CC52D06D673D5AB5579BFF856A4,649370,res_zhcn/piece/nfy_tutor/ui_xinshouyindao_beijing_97.png.gz,0d2a56a4f5a9ee598d41b118ed1c36f3
F7473D8A2D17745F754289FDC4BF019C,356211,res_zhcn/piece/nfy_tutor/ui_xinshouyindao_beijing_98.jpg.gz,d2a3b1948e8bdba15a3b13c887889dd6
EABE30BECCFE40911149E1E4F0D8A259,661120,res_zhcn/piece/nfy_tutor/ui_xinshouyindao_beijing_98.png.gz,155ed81ed844e7c6eb478d568e803cb2
79182466C633FAE4CDA8598AD726B516,659603,res_zhcn/piece/nfy_tutor/ui_xinshouyindao_beijing_99.png.gz,ec952edc4dd1aca6b88f6cac59363b49
656B232BCFA7C303964D3D8CF71BCF7A,312497,res_zhcn/piece/nfy_tutor/ui_xinshouyindao_gonghuihuodong_1.jpg.gz,452c5f1e26e5efde0a3b673007df7fe8
772B1C951408463BDEA46723260BBB63,313241,res_zhcn/piece/nfy_tutor/ui_xinshouyindao_gonghui_1.jpg.gz,33c76aa5f81480595b352ee5aed07328
51C2DCB1B8A042FAB7D0C734D2E77163,246859,res_zhcn/piece/nfy_tutor/ui_xinshouyindao_huoban_1.jpg.gz,a2a2d7bec5521f15694bebfc9e691ae1
23AC47810C782C9D5E042913AEF476BD,236127,res_zhcn/piece/nfy_tutor/ui_xinshouyindao_huoban_2.jpg.gz,1d782d30095e03c32d179e8228858a1e
BFE6CDF7ACF839ABD320B25B78B48A55,225390,res_zhcn/piece/nfy_tutor/ui_xinshouyindao_huoban_3.jpg.gz,89f5878debb89a7f72b2584a5d751607
39A4EAD759B9647B864A315E5F20276E,196305,res_zhcn/piece/nfy_tutor/ui_xinshouyindao_huoban_4.jpg.gz,cf282f6748a8d3def8e6df662c2cf9be
DADC7FA7F6315A139DC4AC0425AA2B27,207460,res_zhcn/piece/nfy_tutor/ui_xinshouyindao_huoban_5.jpg.gz,838671cd8d3fa7beb24cd4a810b73249
20B9E2744E13B5F104D9DA1C4B37C2EE,233873,res_zhcn/piece/nfy_tutor/ui_xinshouyindao_huoban_6.jpg.gz,8bce2bdf68cd42f3ff1035bdb765a644
3D965E836B1DB6F1C642B5BE1F603D9A,276297,res_zhcn/piece/nfy_tutor/ui_xinshouyindao_kq_1.jpg.gz,c09853820cb6886e5bb87699359190f2
86E21F7C83BD0B6571FC556EB0BCC00B,172583,res_zhcn/piece/nfy_tutor/ui_xinshouyindao_kq_2.jpg.gz,fc94ad3e192f9aaa7bcf78830674c626
A5DA9FDC029698743DA3F8BD5A66813F,244238,res_zhcn/piece/nfy_tutor/ui_xinshouyindao_lingzhushilian_1.jpg.gz,b3758d7ac09e31df8a838853e7b49625
1265184DF68DFE0700541ED0136341AC,225831,res_zhcn/piece/nfy_tutor/ui_xinshouyindao_lingzhushilian_2.jpg.gz,82b9ae2e3d101d8b2da077f601d15ebe
DB38BA12A90172B0810040337D1BA5B6,343241,res_zhcn/piece/nfy_tutor/ui_xinshouyindao_shouliexingdong_1.jpg.gz,9e11a39971cb2f645fb1bf5950e24c87
8C2DCB4A984F4E22ADAC94EFC95A3D54,208117,res_zhcn/piece/nfy_tutor/ui_xinshouyindao_shouliexingdong_2.jpg.gz,a8e328cfeec6b5ab477026e809a427b1
CBB821746E8360950514ECC3FE8034E1,246133,res_zhcn/piece/nfy_tutor/ui_xinshouyindao_tiantisai_1.jpg.gz,b14ec8f5282ab519f45a84b118656c2c
140BCC44A3DCBDCC53BCEAAFDFCE5498,228835,res_zhcn/piece/nfy_tutor/ui_xinshouyindao_tiantisai_2.jpg.gz,a8686b35bdceee4ef5417fcfc49dd2e4
E2351A85D391503EBF57E6826112E038,208487,res_zhcn/piece/nfy_tutor/ui_xinshouyindao_tiantisai_3.jpg.gz,b236da07281c8541d6437fed6a1a08a8
8A55F404747EEAC7D94553857D478864,285938,res_zhcn/piece/nfy_tutor/ui_xinshouyindao_xinshouaoyi_1.jpg.gz,d7956962c5844b066621ad51f348e454
1EFBF64F33386055D34BC71F5F06CD22,272806,res_zhcn/piece/nfy_tutor/ui_xinshouyindao_xzcs_1.jpg.gz,acc102ec384b4fa491dd9fcbec3162c8
C0F2C97CFDB76D48BA54A6019BF512D1,245125,res_zhcn/piece/nfy_tutor/ui_xinshouyindao_xzcs_2.jpg.gz,9bdd0f98642b972e1de4c08ad0465c67
42733D1DC8350AA46FD5D8B28A063E62,238962,res_zhcn/piece/nfy_tutor/ui_xinshouyindao_xzcs_3.jpg.gz,8c1f20176bac202c66b2c60050069318
7C4882E2783FBA2E4E55398102522F4E,169218,res_zhcn/piece/nfy_union/ui_gonghui_huodong_dati.png.gz,37e5e2204394674e9f8e021a4a836ccf
202196CCA64888735732E426F5D75490,161289,res_zhcn/piece/nfy_union/ui_gonghui_huodong_gonghuiboss.png.gz,b77e893cf0e639c366d663b3acb884ad
1B251AFCA835719115064876991ADFD0,188447,res_zhcn/piece/nfy_union/ui_gonghui_huodong_jidizhengba.png.gz,71de6dca948afc591f8be388d2da3384
1CA6F98CFA92C58BE9F42312BA1AE75B,129027,res_zhcn/piece/nfy_union/ui_gonghui_huodong_judianjuezhan.png.gz,ac4edb8cf843450f63db2994ac52fc1c
576D11D1577FDC055338E197E5F71DE8,172022,res_zhcn/piece/nfy_union/ui_gonghui_huodong_juji.png.gz,38db44a065748bc8c63a0ebac0c8e3cc
E73D030FC7887B6FE96AFE1A381B1771,84815,res_zhcn/piece/nfy_union/ui_gonghui_huodong_shoujishuijing.png.gz,9fa20c291520693731a307c5fc26932c
4E96C1756548D8383887DCC9B0A2E810,152741,res_zhcn/piece/nfy_union/ui_gonghui_huodong_zigepaiwei.png.gz,152cda07115d73eb62b1b4a88f8b15cf
C782BDA4682FDD83E5B793169F7225CD,4934,res_zhcn/piece/nfy_union/ui_gonghui_xunzhang_yishuzi_chuangshizhe.png.gz,2992ed32151142a9f3251b654010e2ec
9DCF98A73ADF06AA6F503857444E7DA0,6529,res_zhcn/piece/nfy_union/ui_gonghui_xunzhang_yishuzi_dalingzhu.png.gz,36e110f74246bd3627810339dd519cea
EF45F75F6AD29C319D492CF29CD7357A,3210,res_zhcn/piece/nfy_union/ui_gonghui_xunzhang_yishuzi_dalingzhu_z.png.gz,cb5c78b634c5f86d6ea90ed4ba55f81c
6AE6E29ED97A3D0E6D6526F82AF35E22,7266,res_zhcn/piece/nfy_union/ui_gonghui_xunzhang_yishuzi_datongshuai.png.gz,e8c03abd5a749224f078581a891ffc4e
FABB89A9AB5BDE4A399DB68640F2E2B4,3158,res_zhcn/piece/nfy_union/ui_gonghui_xunzhang_yishuzi_datongshuai_z.png.gz,86446d126f22ff4b6c4bd78615ba72ee
40F660DE3503E407924180F5CCC8B991,4469,res_zhcn/piece/nfy_union/ui_gonghui_xunzhang_yishuzi_lingzhu.png.gz,b00cbcf56315d1df6e92d008c42fc3c9
092E6A1B4655EE7F4861555C391BA010,2399,res_zhcn/piece/nfy_union/ui_gonghui_xunzhang_yishuzi_lingzhu_z.png.gz,f70d2383ad08eabf9c1cac4d863eb861
9CEC2873D5D1CDE88A333F77F183DE4D,4966,res_zhcn/piece/nfy_union/ui_gonghui_xunzhang_yishuzi_qishizhe.png.gz,6624b27115f0eef47e77b1fb93af7f71
73A841D65428E2232F1BF5D4EF2A0B52,4828,res_zhcn/piece/nfy_union/ui_gonghui_xunzhang_yishuzi_shenpanguan.png.gz,27efa40b4d5cb5740f862a709b564e29
20FD1327B5AC36E583C3970393FE9F90,5331,res_zhcn/piece/nfy_union/ui_gonghui_xunzhang_yishuzi_shenyuzhe.png.gz,47834bb15d00826cc31d0d29efb65183
C3EB9573C5F3EDC6BB207B561791D7DF,5680,res_zhcn/piece/nfy_union/ui_gonghui_xunzhang_yishuzi_tianqianzhe.png.gz,fd79a7132ab4997308bc78034c1b540d
8C42A8D4B03F57670737A4F66F418A7E,5386,res_zhcn/piece/nfy_union/ui_gonghui_xunzhang_yishuzi_tonglingi.png.gz,9a33a119d99966d785ab82730da2526f
58C56889963760191FA13230C3C4AC5A,2586,res_zhcn/piece/nfy_union/ui_gonghui_xunzhang_yishuzi_tonglingi_z.png.gz,58961ad750e9656000ac29d12a647ff4
A8A87D79D5CC10EA96A024FFE749649A,4145,res_zhcn/piece/nfy_union/ui_gonghui_xunzhang_yishuzi_wangzhe.png.gz,005e59aaf7103a01b193b5361f2543e9
288E7850A7300FAB4497DEE9DB4B870F,2030,res_zhcn/piece/nfy_union/ui_gonghui_xunzhang_yishuzi_wangzhe_z.png.gz,53c0877b25fdefeaacfc4db5f3e1ebe6
A2D2A7E25EF08F2DEB07DB7A7F74F2F6,5314,res_zhcn/piece/nfy_union/ui_gonghui_xunzhang_yishuzi_xianfeng.png.gz,0d350434a08028509fcba879b109b8a1
0CA86AAAFEC6A10125D9F24162E03451,2534,res_zhcn/piece/nfy_union/ui_gonghui_xunzhang_yishuzi_xianfeng_z.png.gz,1c2ec0f2ad29a09683534c9ca2d32830
92734F0BDF0956BF45EAA95C081BDB37,5672,res_zhcn/piece/nfy_union/ui_gonghui_xunzhang_yishuzi_yingxiong.png.gz,ea25f46d4fb08e3d13296b560bbb99c3
55F1A82ACB46942DC820835B02F60F0E,2516,res_zhcn/piece/nfy_union/ui_gonghui_xunzhang_yishuzi_yingxiong_z.png.gz,8a9dda3644f9e33cf480398b12f1e6e6
E70227C80522560C4E1D294E13105E63,6022,res_zhcn/piece/nfy_union/ui_gonghui_xunzhang_yishuzi_yongzhe.png.gz,513934cb40dccea1d334cb0287576951
3C7C1D9FBAB6FAAA7D9BC4021621E3DE,2107,res_zhcn/piece/nfy_union/ui_gonghui_xunzhang_yishuzi_yongzhe_z.png.gz,daf5b6574285b35261472a93939bd310
A76CE0AB514FA691563FE1E7633B9793,5271,res_zhcn/piece/nfy_union/ui_gonghui_xunzhang_yishuzi_zhanshen.png.gz,5661ac055e60f9e80838d57be94f3fe6
E73AFF223303CCAFCF4FD15DCF220EAE,2539,res_zhcn/piece/nfy_union/ui_gonghui_xunzhang_yishuzi_zhanshen_z.png.gz,373b2162ae1f6cd62f4a4555fe6bc31c
F7C27B64754A840F18718D6B709B7627,6403,res_zhcn/piece/nfy_union/ui_gonghui_xunzhang_yishuzi_zhongcaisi.png.gz,730e023dd1848798493f2525bdfd158f
905A8F0CB2F5D3E76D593B555141F33A,8757,res_zhcn/piece/nfy_unionboss/ui_gonghuiboss_mz_hundunshikongshou.png.gz,dac4b269d5d75e2cbcd41b27b6249461
DD8862673500A2D424745ED26AF448DC,10608,res_zhcn/piece/nfy_unionboss/ui_gonghuiboss_mz_suolasi.png.gz,390e876fdbee5236afa16886e0067694
397BFC0481B3B3B26F3F5540EB800345,10689,res_zhcn/piece/nfy_unionboss/ui_gonghuiboss_mz_youdangzhexieshushi.png.gz,d3df533ebe5117c68df032a19dd4fa4a
79111EE36E9E00515D054F0A154EB71D,5926,res_zhcn/piece/nfy_unionwarbase/ui_gonghuizhan_biaoqian_fuhuizhang.png.gz,0082852fd8d5156d29920c310481b4c9
F32D887F74DE2F95B56D6B9C0F00D58E,3979,res_zhcn/piece/nfy_unionwarbase/ui_gonghuizhan_biaoqian_guanyuan.png.gz,898dafb16d4e294838889698c070cd61
0A65FA104EA2D23AAD811F9842ED04E6,4481,res_zhcn/piece/nfy_unionwarbase/ui_gonghuizhan_biaoqian_huizhang.png.gz,bac55dcc59a642aedb2e748910ce9d83
F426DEBF67DF21A7623D9FF7F1F94523,79190,res_zhcn/piece/nfy_weapon_lottery/ui_wuzhuangchoujiang2_shenqi1_lilimu.png.gz,331aa21dfa827edcc30a5ca3d6689b92
5BDD944DA7A3859EE2CD3A37A1B052EA,73789,res_zhcn/piece/nfy_weapon_lottery/ui_wuzhuangchoujiang2_shenqi1_ling.png.gz,2738f237aa9379e5cc9d7bd128c79358
70186A04344F25A44A9627C32473737F,74451,res_zhcn/piece/nfy_weapon_lottery/ui_wuzhuangchoujiang2_shenqi1_shenyue.png.gz,b9de8be9897cab834941724aa9adef10
D9614D0B975B9F3369949A8DE5AA12C1,78720,res_zhcn/piece/nfy_weapon_lottery/ui_wuzhuangchoujiang2_shenqi2_lilimu.png.gz,6054f021302cd3fd45879b2270f732c9
B7FA350968A38DB7E1EACF0DB00BC31D,75213,res_zhcn/piece/nfy_weapon_lottery/ui_wuzhuangchoujiang2_shenqi2_ling.png.gz,bc282931069c6c2947777d4bd7376c95
54DCEE30620413A685455EE690AB98C7,77835,res_zhcn/piece/nfy_weapon_lottery/ui_wuzhuangchoujiang2_shenqi2_shenyue.png.gz,6ab2fb0d35d40b673709886ccc575f70
87E125AC02D4C262E024EB73A8EE3D14,181544,res_zhcn/piece/nfy_weapon_lottery2/ui_huodongrukou_shouchong_diban.png.gz,0c1f0158d7d45863a6f5f25997d0a94a
D920232708936C6580F0ABEEAD3FBB18,190252,res_zhcn/piece/nfy_weapon_lottery2/ui_wuzhuangchoujiang2_xianshiwuzhuang_di.png.gz,823726ff16381e02f91c65804a08fded
9173ECE7BD027644147ABB8EAB6D6FD3,894608,res_zhcn/piece/ui_number/bigeziti.TTF.gz,d297c2e8cb780f97796b34a6ecf84054
91752EFADAA8F35D9A77FE3464EB2CC8,27021,res_zhcn/piece/ui_number/BigNoodleToo.ttf.gz,277e82b4316eba07b9b60fe92201b9f7
60F074BC6700AF29CDE47BC971A0ECD2,24023,res_zhcn/piece/ui_number/BigNoodleTooOblique.ttf.gz,e31fec43668fafcc33a067bcf804df7d
85BE208D224649278BC1C32FFEAC1D09,645,res_zhcn/piece/ui_number/duanzao-dengji.fnt.gz,2f7e16e5a7d93627781c246422b4d998
2E559C4AE3171882C62293A55772A477,5670,res_zhcn/piece/ui_number/duanzao-dengji_0.png.gz,045d280c0c755cefe1e12b5064e38aae
E75E52E817ACB794CD43FBF5FEBBDB9E,4898972,res_zhcn/piece/ui_number/fangzhengzhunyuan_GBK.TTF.gz,382bffdaa4e1b2d6019544faf0ceed4f
F051B32A84D7CD259F9443FF6FC1B91D,2334,res_zhcn/piece/ui_number/fy_front_act.fnt.gz,5718cfbc7607d3fb93d00142e5ffc847
64BA5EFA0AED162B480AFF794FAC52F3,153105,res_zhcn/piece/ui_number/fy_front_act.png.gz,d85642b32105ebb536424513928a170e
066454698F6195133FEC109B1B4E859D,2008,res_zhcn/piece/ui_number/fy_front_allstar_time.fnt.gz,b2e4c47f71ab6094661e246c3c2818d0
8D446D8866956F44BF6A923F32EDCA06,128795,res_zhcn/piece/ui_number/fy_front_allstar_time.png.gz,4e8002f86a38a0723051e05b7e2485cc
F8E069306012506CFC29C4187FD2F028,1323,res_zhcn/piece/ui_number/fy_front_bagnumber.fnt.gz,efe0a403f7fe74b89d4c37737f9f1515
9980F351F00C477621939C3B40177CB6,46378,res_zhcn/piece/ui_number/fy_front_bagnumber.png.gz,1d7b5f2b596dc6d45a1dce8c319ad104
5A447660AF666975B12D14A45AD3A1BD,452,res_zhcn/piece/ui_number/fy_front_bluesmalltitle.fnt.gz,b14aaf9b30adb29de0b63c6b7aa7e0f9
884ABDE5689581E4E3BA5D58E8D560A4,3348,res_zhcn/piece/ui_number/fy_front_bluesmalltitle.png.gz,cfd2ee8b10ec67e379e1b76cd1eae31a
349449B92842A94E782BD87F4D3F297D,1896,res_zhcn/piece/ui_number/fy_front_bluetitle.fnt.gz,5f022d45c8553252a380ec5e1a19eacd
EA66A0016F489C4E90D16510C1F6CB44,125490,res_zhcn/piece/ui_number/fy_front_bluetitle.png.gz,76fe36aa65bb854979e1a847729833c6
F2536A61BB551A7FE701B72FF0B5FF89,3683,res_zhcn/piece/ui_number/fy_front_CampName.fnt.gz,0ee1f5ede419f4028eba5f663eb55039
A3F1483DF951E6362D1E584DA484E3E7,368454,res_zhcn/piece/ui_number/fy_front_CampName.png.gz,8dc3ee00175849a01e20b3c024cb2ab5
89241B8F4F7437793237110344C3C808,618,res_zhcn/piece/ui_number/fy_front_cardnum.fnt.gz,fdb3872eb3e0aaaf5517ae1af7d9471c
05F26F670C617C2E424F4452078BC93C,3159,res_zhcn/piece/ui_number/fy_front_cardnum.png.gz,16d141102a64929ff1783d18eeee695f
61A5D79B52FE4CE673A978DAFB5E3C2A,761,res_zhcn/piece/ui_number/fy_front_crestlock.fnt.gz,8d5ae17dfce3bf1a4aa229d95a4041d6
3F78EFDE12017532E23163212E5B14B6,9489,res_zhcn/piece/ui_number/fy_front_crestlock.png.gz,6a1b04d2acf4fe647f9c9929c85249c1
3A5C2FC88C899E971704C84A5F61B5B8,674,res_zhcn/piece/ui_number/fy_front_expedition_time.fnt.gz,da8b5af73e91be12bd1ef603b266350d
B858E5F64E4A4812B0339FAD842619F0,12830,res_zhcn/piece/ui_number/fy_front_expedition_time.png.gz,90787432b790b07a0a6fdc8b1b34bec5
5BBEC6AE08FD5F9AE7C3553570C5F838,1375,res_zhcn/piece/ui_number/fy_front_fighttime.fnt.gz,d629c7a901bf22fb1bb85b16b94102b1
C179F02F33126626A5654DF21CE402B2,69694,res_zhcn/piece/ui_number/fy_front_fighttime.png.gz,05609a4b82ee8af7a1b65f6e2ea34cfb
08CA1449857DECFF138037221F30AEFB,8430,res_zhcn/piece/ui_number/fy_front_fightwin_copy.fnt.gz,7ca28e828a2d9ea1fba95baaf623f2e3
E63EF2F129D6DE19433ECA2AB8F67E03,791417,res_zhcn/piece/ui_number/fy_front_fightwin_copy.png.gz,8569b96e4b9cbd1eb32c0dff34732a5a
A11EA9CF80A04FDA47ED4DCCCBD16136,7808,res_zhcn/piece/ui_number/fy_front_fight_little.fnt.gz,14da5d2155c45e5f2b18e2f090b3e204
67048E58109576D418CAD830083C05CF,654674,res_zhcn/piece/ui_number/fy_front_fight_little.png.gz,9bf1d27523211337f5b393db42454e1f
C98C0A0045C2A9B03A16AE2EA5F552E1,662,res_zhcn/piece/ui_number/fy_front_intensify.fnt.gz,5d73262dabcf1bc818781079e4cbc77f
D5421B60A21953BAC59CE79E45722F5F,7334,res_zhcn/piece/ui_number/fy_front_intensify.png.gz,738479a70c56b4cecd674d5e67e2afe9
A4462745D9461E1C330F4E971404B1C8,682,res_zhcn/piece/ui_number/fy_front_intensify_body.fnt.gz,c1bd18e3841679b849de972b5bf91f53
922111A5EBDDE0BE69480EAA17705ADC,7246,res_zhcn/piece/ui_number/fy_front_intensify_body.png.gz,ff2b473f689043787f9833468c82c329
CBE5B870A13DFD3AEA080FE7F640A648,590,res_zhcn/piece/ui_number/fy_front_limit_sign.fnt.gz,bb4b867cca388dfbab8098acc503ce26
3DD9D5FF41939F1589A289A37C4C458E,17901,res_zhcn/piece/ui_number/fy_front_limit_sign.png.gz,719b004fb099f2ae02ba14666ee4698c
58BE7E217E020B18415968800970E8FF,5237,res_zhcn/piece/ui_number/fy_front_loading.fnt.gz,666c20cf02db4b0fbc9de0b5953c1732
F49DD977355C8809AC064DA9F58B619A,521308,res_zhcn/piece/ui_number/fy_front_loading.png.gz,13efa195fbe78a9c3436bf0c28beffa5
C64C97620838F0B8DA70799DA7C302E6,1242,res_zhcn/piece/ui_number/fy_front_magicbox_normalfashion.fnt.gz,cf21112ea525177ce82ddba3afd3bb78
D4904C01FC7FDFAC0AEFC4F4D9055C4F,69343,res_zhcn/piece/ui_number/fy_front_magicbox_normalfashion.png.gz,839c87a8071c8f0cf8c2450f9b4ce14e
D427F97B16B23AAF55144AF064C3630C,1241,res_zhcn/piece/ui_number/fy_front_magicbox_rarefashion.fnt.gz,50682768469b3a561bf35311336c2558
28FC8264F19DC1C0EA67FA294818CA3F,64631,res_zhcn/piece/ui_number/fy_front_magicbox_rarefashion.png.gz,8639330feeab69dc3da453b2d59a1975
7E0F201C0190B150B4759028D96C0E1B,1052,res_zhcn/piece/ui_number/fy_front_map.fnt.gz,d0aedd787703cbbb4fdeab8dda41dd53
5EB8BE73A421DE811B5C6E47F5D736C4,40100,res_zhcn/piece/ui_number/fy_front_map.png.gz,3566bd1fba39365ca8635c776626e45d
8AD82B34D5AF864795202BA5F0A9EFF9,771,res_zhcn/piece/ui_number/fy_front_mapopen.fnt.gz,833dc9055b073b864199c36b0bf6ab2b
575F5699794B9E4C7E70409BBE126EC4,17879,res_zhcn/piece/ui_number/fy_front_mapopen.png.gz,87a2b4720f272e087031cd992de1ef9e
13664D3653364A99864ADFC308B02644,722,res_zhcn/piece/ui_number/fy_front_mapopen_copy.fnt.gz,fe72bc8265be4e9aa931279adb33229d
26A1A58B4A0E8C24B00F670F83C04191,9802,res_zhcn/piece/ui_number/fy_front_mapopen_copy.png.gz,12887854f46d18d4b23358d1fddaf845
B7E224260A83F1BA3279572F98874D2F,1912,res_zhcn/piece/ui_number/fy_front_pvpcountdown.fnt.gz,a9896b87e8747846844e006e7d7ef800
79E962535DFB80DECF85AF939A008C54,168971,res_zhcn/piece/ui_number/fy_front_pvpcountdown.png.gz,19be194ee03f7ed599c4600cb74c1a54
71B0A0D2CC9BC4F0270403132FFDE3CF,1222,res_zhcn/piece/ui_number/fy_front_PVPloading.fnt.gz,af8f35cc6f6c05f73a2175b1a32e0a4a
85DF2FF03B98F6000716CADEC1E33FD8,82313,res_zhcn/piece/ui_number/fy_front_PVPloading.png.gz,a6077a638ffb841c99fd604da29e95c8
7A434925C2730610BA8719727B73495A,2211,res_zhcn/piece/ui_number/fy_front_pvploading2.fnt.gz,bc5259219bb383cb81355abe020688f6
CBF452B2DB63F81D3E99ACC5A0F3C90E,160859,res_zhcn/piece/ui_number/fy_front_pvploading2.png.gz,eccd34d8245b18642bc6827fe8b68566
1095DC136FB7F16CE0B3E9B56F5BDE52,1807,res_zhcn/piece/ui_number/fy_front_pvpmatchnum.fnt.gz,acf24827bb0911214d38f7a1a6870e1c
8E566DA490F893374ECCBFDB03BF5BC4,82708,res_zhcn/piece/ui_number/fy_front_pvpmatchnum.png.gz,6ce152ba41240bc601c1c5283f484f84
71B0D13465299444CDA96379440B92FF,680,res_zhcn/piece/ui_number/fy_front_PVPprizeover.fnt.gz,b25d2eec9d325aa47fdea6b10560cd8b
8CFD04360292AA405DDAAF87177DE90D,6285,res_zhcn/piece/ui_number/fy_front_PVPprizeover.png.gz,3b85ec3272444cf01d2f2868265fff00
D0789DC7153FC0DB3BDB7273E6A68E58,698,res_zhcn/piece/ui_number/fy_front_recharge.fnt.gz,cdffe6421c45e8024327d1824abe5c0f
713F8FB23D1021FF2E5F406D5A578DE7,11244,res_zhcn/piece/ui_number/fy_front_recharge.png.gz,ab58b299f973ddef1e159f32b60b7b48
DA39BC78F6038D44B14A56CE3A00A9FD,7952,res_zhcn/piece/ui_number/fy_front_SenceName.fnt.gz,a045386980da48d616ee62618a91a460
FA4701903B94AC02C565311984CE5CE4,1539485,res_zhcn/piece/ui_number/fy_front_SenceName.png.gz,87df6f3b16875ecb71ad0d074e226f24
99BC15C22AF3A62F27F8E3FEECB8BC83,1248,res_zhcn/piece/ui_number/fy_front_shopname.fnt.gz,322fc16337d00594cea6bc81a4871cbf
F3658420DC2D0379C88D6783CD2F1010,46926,res_zhcn/piece/ui_number/fy_front_shopname.png.gz,c62f56561b16970d98368fcaf6c2310c
40609E006621844FD1798952C3A78D7B,1403,res_zhcn/piece/ui_number/fy_front_shopskill.fnt.gz,91af290a8b8088968d08048afba31ff1
52C92A4379F5596F65F5CC0D6955F99D,80765,res_zhcn/piece/ui_number/fy_front_shopskill.png.gz,fc5b5d6a24cc8f5708fd67a11a420e0e
B9FCE387B0352C0164B6928ABF9D6F66,1172,res_zhcn/piece/ui_number/fy_front_shop_englishname.fnt.gz,d654eccd1ac9260ef1193b28f6719368
CE666140357F8770A3332B516B0F02A4,12997,res_zhcn/piece/ui_number/fy_front_shop_englishname.png.gz,14a718ef7938c9af7517cbf17bedceaa
AFA60CC439B5ED262AAE8235E22879DF,3574,res_zhcn/piece/ui_number/fy_front_skillrub.fnt.gz,5fa221876045a8cfcba00268796bc08a
47E81115611E39C2220D82FCC24AA069,83973,res_zhcn/piece/ui_number/fy_front_skillrub.png.gz,1ea3a9483304cdc84c924ee7b58edcc0
0CCEE9FAFE5AC7A25F8A1C4CCE1A4D74,7850,res_zhcn/piece/ui_number/fy_front_StageName.fnt.gz,237aab1ad612501cdac856c325e90bba
CAF0245DDCC503187B7C2491FCEDF8C6,1025337,res_zhcn/piece/ui_number/fy_front_StageName.png.gz,936d3508c9e6ded6ad3b5e2009fcf09f
80B0DC7AF4E0A6851558CF26D995773A,1778,res_zhcn/piece/ui_number/fy_front_stronger.fnt.gz,0945ca941290ceb1f075c28d4eadeef9
63FAE5212580C9F8BF32228E8561651E,108728,res_zhcn/piece/ui_number/fy_front_stronger.png.gz,c3b3cf8958c9bf2c7d78338c86b6cf77
5FFD7D895AC822F5269CE76B8A878382,559,res_zhcn/piece/ui_number/fy_front_title.fnt.gz,810a106dd8a645e3bc7f47c6b06224ec
0F814642D01603BF5426E161B69F0569,5129,res_zhcn/piece/ui_number/fy_front_title.png.gz,6bb35f5dcff5edb2e56170a048734792
AE7FC2A2EBAC396D356E396358D5796A,1771,res_zhcn/piece/ui_number/fy_front_title_small.fnt.gz,fedb4377bb2f3c17244f8a29de897416
0655F7A4C382A3FA95451C11924FC74D,20598,res_zhcn/piece/ui_number/fy_front_title_small.png.gz,14f406c8fe67fc847467bc19a97aa9c0
F500D9C4272311D274DC6179F98DFE82,1373,res_zhcn/piece/ui_number/fy_front_unionboss_bossname.fnt.gz,e81efc15483b68e845195357f5f0fd1f
7AD81132829357C178175CA5DCE889A6,122082,res_zhcn/piece/ui_number/fy_front_unionboss_bossname.png.gz,2e152430fba0820f680c9bbf360fc6b1
36F74A54D7F9EA7535C3A75427743B83,2226,res_zhcn/piece/ui_number/fy_front_unionboss_chaptername.fnt.gz,56e79425adf4764ff829976416ed7243
B922288A05C64433CE1252FF18629D60,256656,res_zhcn/piece/ui_number/fy_front_unionboss_chaptername.png.gz,3673d1149c1692baef1f01c323ad9864
A210E30CB6A852BD8A25CB9CB91A2AE0,697,res_zhcn/piece/ui_number/fy_front_ziyuan.fnt.gz,ec86a5338f37441c798b17bd176015f4
05B999C57CAD35C6E0408817E8B7573C,1509,res_zhcn/piece/ui_number/fy_front_ziyuan.png.gz,0263902f51f6a8c95a611c27f38bcd4d
B499A052EF5A62050DD38F7F85F1E165,697,res_zhcn/piece/ui_number/fy_packsack_rednumber.fnt.gz,5c1b6bf97aab32fddff1c0ba24fbb0c0
C19378583B900BDFE7BC9B8996FFA516,4926,res_zhcn/piece/ui_number/fy_packsack_rednumber.png.gz,58875f03b408acc06f9315e03375c0cd
E7F16A737A84E61E9310D15FA8C60572,675,res_zhcn/piece/ui_number/fy_packsack_whitenumber.fnt.gz,41b224795e61eab0eda2dd5eb3ba63cd
444B731629AFA56546FD42B72CAC15C1,3312,res_zhcn/piece/ui_number/fy_packsack_whitenumber.png.gz,dc2de48d13d9be923e1372ef4c63e678
B74543F50B5F650C960F63448B1C7838,999648,res_zhcn/piece/ui_number/FZZYJW.TTF.gz,c4465ec6f61e3c121c097cf1f4e03925
D9EFD69D71527F1DD95FE23066E9BA68,608,res_zhcn/piece/ui_number/huodong_shu.fnt.gz,2ea6fccd2b03f67f2b69b381eeed69e1
1700BAC255C0F4478DFC55F98BBDFA88,16517,res_zhcn/piece/ui_number/huodong_shu_0.png.gz,a07c02e4066d69bf0c68636ec1bfccbd
76E6E0CB08411970958AFFC4C09BFB18,686,res_zhcn/piece/ui_number/jineng_shu.fnt.gz,080b84b133c50140f729deb82b82a82a
EDC159CC65CFE505739A7EAEE29DB81E,25941,res_zhcn/piece/ui_number/jineng_shu_0.png.gz,037c1029efeeebef55a6f5f63f4b72c9
5F42ED92CD395A349C1EA805C7B6FFB0,622,res_zhcn/piece/ui_number/jineng_sp.fnt.gz,384d6a825059d00ef8aaaaf0399c3c84
D007310B010FB07730A4809A6584583E,6945,res_zhcn/piece/ui_number/jineng_sp_0.png.gz,26afcd1ba1664a634db1f6206115f189
1A8C92083AD3FD5FB2BF58060EB419EF,27024,res_zhcn/piece/ui_number/money.ttf.gz,669afd7eb8b839939f23344b520aca80
02352DA4CB60D561FE274EBB2AC8C18E,4086,res_zhcn/piece/ui_number/nfy_front_fightskill.fnt.gz,034c40c333efef1c423d10bad7718a31
44AD7712408E39734A00C00C73868391,133872,res_zhcn/piece/ui_number/nfy_front_fightskill.png.gz,6b3c077bcac384b7fa357a1c49cca738
BFF0E0500B6F4EF56CA1F285403D98DC,1535692,res_zhcn/piece/ui_number/pangmenzhengdao.TTF.gz,121a64e285e3d025a6e442cf4a323d13
1FCC9E988BB8F750F954EF5318D9BE82,615,res_zhcn/piece/ui_number/qiriqiandao_shu.fnt.gz,73efa6f3825f38fb9fe8b019d44705e2
4C80B6E96A5D681639C71F808743F434,10350,res_zhcn/piece/ui_number/qiriqiandao_shu_0.png.gz,dbaa08fdc88db7f4850775a82f995350
8AC963FD7C5A69C8FFF1DC9693DE8D08,808414,res_zhcn/piece/ui_number/qirizhidu.TTF.gz,1311230dfc72ccb856570e86c286fa5e
6893218D3627C11B219BD79C0FB27852,648,res_zhcn/piece/ui_number/ui_bt_first_charge.fnt.gz,8c286b1f8eb5a4af2dada8fbe51381da
663A4AEB2A0CE67A7502DE722E011B78,4724,res_zhcn/piece/ui_number/ui_bt_first_charge_0.png.gz,d9274f44188700c9758354fd129395ae
8E316A5D9D4E0ACF551A3519CFE1626F,605,res_zhcn/piece/ui_number/ui_shuzi_buff.fnt.gz,166a82a06947ecc9c8f1ff79545ae7ee
40974D0E7B411F0C42A68147AF16B685,1904,res_zhcn/piece/ui_number/ui_shuzi_buff_0.png.gz,cdf1d211d15e45883ef3139f1588f4a7
7BFAB56E156CC93A1692D540F6DD4DEF,690,res_zhcn/piece/ui_number/ui_shuzi_huang.fnt.gz,6bbb8c9451c3e87e869e3d3bcb9e69c6
E187CC9320CFD5F8264BD9FCEA215622,7773,res_zhcn/piece/ui_number/ui_shuzi_huang_0.png.gz,c083fb140d216dafe3e399c3e5237e1a
F456835B3088E4883C5049B38E9066A0,599,res_zhcn/piece/ui_number/ui_shuzi_lianji_a.fnt.gz,f24976239a696dd86f0b6d75f26da357
EE98A52F94B2D482DE49C8EA34BD749E,17989,res_zhcn/piece/ui_number/ui_shuzi_lianji_a_0.png.gz,00b5c6ecdccf39b16aee93e04001586c
B1212735400FDD124CD8ADD2959C893A,599,res_zhcn/piece/ui_number/ui_shuzi_lianji_b.fnt.gz,f7f3b138f23ea8f74ed28ae16b88aa84
825EE33B29602676722DB1CBF5D62AF1,17887,res_zhcn/piece/ui_number/ui_shuzi_lianji_b_0.png.gz,33c7a7e5b0a7f9c769661c8b85bd417d
0885E495B5034CDC21351212D5922801,603,res_zhcn/piece/ui_number/ui_shuzi_lianji_c.fnt.gz,6f15042b9fde860107e7acb1692adc9b
4B3BC77BD75B34BD66E178E5FCF9F0B7,16315,res_zhcn/piece/ui_number/ui_shuzi_lianji_c_0.png.gz,2e7fd126a35f50bc088b04ddb725283a
9A8AD48A377DE8F92C9287F26EDD023E,633,res_zhcn/piece/ui_number/ui_shuzi_lianji_d.fnt.gz,3c025c328f68307ed9b88f27e82fdb16
546A38C9271711705DD5B26452046813,16320,res_zhcn/piece/ui_number/ui_shuzi_lianji_d_0.png.gz,9f49bba9f974cb152c085bfa2f1ee9bc
CABB3D1551CD1479627B931D8354614C,604,res_zhcn/piece/ui_number/ui_shuzi_lianji_s.fnt.gz,d0cb8154322e0e60795104d85fdb5c56
6A9C488F1B60E011BFD8EA08CB3CB11A,27261,res_zhcn/piece/ui_number/ui_shuzi_lianji_s_0.png.gz,3d707034c7c015467dfa7a62160eee1e
89EFB6E09626BD4DBF8678F9C9248993,831,res_zhcn/piece/ui_number/ui_shuzi_ziyuan.fnt.gz,8eb1d1214c49ba25da60c6957e3d7d85
34B15D9140D4D69AF4B771E4DE78A5A3,2147,res_zhcn/piece/ui_number/ui_shuzi_ziyuan_0.png.gz,64a4846149ad5608f1f42d67919f8244
2B1873A4EA5F356A339F8EA0A3CFD625,654,res_zhcn/piece/ui_number/ui_zdsz_lianjishuzi.fnt.gz,78ff7d87a50a37931b94b412ca7d9995
1527D53905DEF9DB4FABB420982904B8,13658,res_zhcn/piece/ui_number/ui_zdsz_lianjishuzi_0.png.gz,95e9d48de49377ca8cad2e25cce436fe
15127AA6020DA34E2859F98CD9B0D662,665,res_zhcn/piece/ui_number/ui_zi_dashuzi1.fnt.gz,5e0e3acc48d464e10004c43df804d5bd
1484D130666A4237366B20E25A936CD0,172215,res_zhcn/piece/ui_number/ui_zi_dashuzi1_0.png.gz,d8ff66da08e6a3b1d685ea87804cc568
D091E1C153D169E2871C7F5A06E44AF8,557,res_zhcn/piece/ui_number/ui_zi_tupodengji.fnt.gz,0efce2e43792247d4b3b5d186283e2ed
2AF216F34260C3A2C1FDC3762BC64225,9573,res_zhcn/piece/ui_number/ui_zi_tupodengji_0.png.gz,5fcf6d10437ab98d3f40293f05b201f1
44D04B53E2815B2092F63C5C628F643E,7268410,res_zhcn/piece/ui_number/xinzhunyuanGBK.TTF.gz,a1215e8153017b26f178558146b1d8c8
326EFA5C1B4C46D8452DB7BA80EE326B,651,res_zhcn/piece/ui_number/zuiqiangwangzhe_shu.fnt.gz,e2df7ea339d0ee4006bee6b982441036
89F5DDAD63857B56E4D067E57AC58074,7950,res_zhcn/piece/ui_number/zuiqiangwangzhe_shu_0.png.gz,2063354a72a133c5cd25bc3ebb32738f
DA66BBF116E1CA2AE401CA9E6CDB7603,272669,res_zhcn/plist/fy_fight.pkm.gz,2f004d882ea90a640150b79e54a8a07f
F9AF0FD8E630C5CEC0B7ED4636CBEA80,240538,res_zhcn/plist/fy_fight.pkm@alpha.gz,fe0e643178d1051032c40ba61951a62c
3F7C8963DD25A4973F4436E0C99E8A33,6094,res_zhcn/plist/fy_fight.plist.gz,1350c59ddf70c4a0deabaaafecc7d3f6
8148F63EF13F22B858274611BCF10B46,97942,res_zhcn/plist/fy_login.pkm.gz,4fb8664f41c58db12b00d7b8b85de200
C1155F657C0861EB601B6A146D894876,63384,res_zhcn/plist/fy_login.pkm@alpha.gz,8bdf5a371dfff9b864296be9feeaf9f8
B7F36D690DACA800CF0C2E2C68D01F7D,1926,res_zhcn/plist/fy_login.plist.gz,d13f8aeb4b946f8034aae13f7b734ccf
355AEE8068E46C49B875DEA422D0B8B0,21399,res_zhcn/plist/fy_title.pkm.gz,e3cda8e5dd2f2db658341d3a37c3446c
4F7157FDDACE076E3F2A9B5A64B26CE7,18734,res_zhcn/plist/fy_title.pkm@alpha.gz,6d4687e063fdcb1f644f29badd0ed66f
C8449467CC4EE1CD238E53AB9E3D7985,1001,res_zhcn/plist/fy_title.plist.gz,20a67c9b01876134aa4b3d783cb65876
07D0FFBB84BEAF883702FEC1D794343B,20154,res_zhcn/plist/fy_tower.pkm.gz,d8416904501bae0686ebbb37c6e4f268
FBF73C92329EA0CE99BB65A40E7F3C36,8764,res_zhcn/plist/fy_tower.pkm@alpha.gz,11549dcf5f253abd04c536691c16e05e
C2A4435C1DC37F52E68A06AFCF7BD2A3,919,res_zhcn/plist/fy_tower.plist.gz,d6b3832e52e9a6042c039d5899a2817f
322C7056FC2D0C9229993F88D7437D37,278238,res_zhcn/plist/nfy_14days_signin.pkm.gz,353bc5275c638ae072fe8f5907fc6de2
D072031311B4A9D480E96E4AE2660CF9,51746,res_zhcn/plist/nfy_14days_signin.pkm@alpha.gz,6ff23b24901c2a947e514a612bd7e6a0
CE61CF42E8EFD1191A11F62B5DA313F0,1457,res_zhcn/plist/nfy_14days_signin.plist.gz,96fa5305c051ab0548ff10068ce8ea09
52F03C365BEFB763CA6BE8078710F261,58463,res_zhcn/plist/nfy_7days.pkm.gz,20dbf2a9ee6add4c3591547243327173
A06B5807E614F2FC2AE4B96BAF7CBE2A,15973,res_zhcn/plist/nfy_7days.pkm@alpha.gz,44ff6cba741cddc70b49f29810e69e7b
2EBF1D95D203D4E1C90609EFB2327D80,1634,res_zhcn/plist/nfy_7days.plist.gz,46f80f7eb1b1001b4500d4f12c8bc876
E1B6FF2B519F472464B781434BC224CE,27866,res_zhcn/plist/nfy_activity_center.pkm.gz,6c95b155cc3d193a438d5e7ebef43a42
F0069651028291BA752FC98E548A6371,29998,res_zhcn/plist/nfy_activity_center.pkm@alpha.gz,2af55eca760dbec6b0e2b063033d9dc3
2DF5FDD9695770D0DEBFB1A4CD22E718,1440,res_zhcn/plist/nfy_activity_center.plist.gz,594d47b1c112b9d93fd9c2dfd519e62d
DEB2FEB81FFF43948394EDBFA11E29F1,14558,res_zhcn/plist/nfy_aileen.pkm.gz,fc3be405bc3d526bc4008ecdef06ca22
2CD5A1122B7615858486B49F445F6B18,6544,res_zhcn/plist/nfy_aileen.pkm@alpha.gz,13ed46208e7a8bf131b348e1362b90db
98BF6ED446228660CFDC376642C2132F,1077,res_zhcn/plist/nfy_aileen.plist.gz,86ccd3332573a4163e6032f6bf4959d7
6178BE30DD396E2BDEB6329CA98A62F4,274342,res_zhcn/plist/nfy_allstar.pkm.gz,8eee132715ca9fb7a736bbeeba9fb2d3
BDAA9E19EB4AE2E02625179450D68717,80834,res_zhcn/plist/nfy_allstar.pkm@alpha.gz,927bbadead3eb6eb8aa16cd37f91577c
68D1425AD19EF399A70148EEFB15CB54,1811,res_zhcn/plist/nfy_allstar.plist.gz,b40c17b1267eb1ba6c87a5f0720aee89
8337790978D5F62CC6F9EFB145C1C3BE,45428,res_zhcn/plist/nfy_answermatch.pkm.gz,b7db672265b8a3689b97b691792b50ff
B71A61CB8FF27FA2262D21341B9ADE70,25900,res_zhcn/plist/nfy_answermatch.pkm@alpha.gz,d0cdbf30b996cb4e43573ceb727a3001
2CF2F1A36263D185840F08F2AF38E3CF,1447,res_zhcn/plist/nfy_answermatch.plist.gz,c43b2ebc6a0ae183aa1dc0567e19b315
C4727AFDF4DE9ACFF9A662EE25D6B1D3,74342,res_zhcn/plist/nfy_arena.pkm.gz,6fc730455f87950aa6188d3934079a43
5C5759A7162365C2B294D1D9F6E1D7D0,64160,res_zhcn/plist/nfy_arena.pkm@alpha.gz,b53801e9ba00b5fc12acba6670fdca40
972F1EC46AD78FBEE14A8E4A13351F86,1584,res_zhcn/plist/nfy_arena.plist.gz,08ba9aa6d5972f37e875b49db3914f6f
958C2243592F71069D5EF192A844039C,10623,res_zhcn/plist/nfy_arena_cross.pkm.gz,c14acbefda4932eb2723a4afc8269416
6A37A5DC583DC3DE59E6AC0B0335C55E,9778,res_zhcn/plist/nfy_arena_cross.pkm@alpha.gz,85db02714c589018a8560cd91b5d51fb
04145F514779B3389E1EB2855F542144,1332,res_zhcn/plist/nfy_arena_cross.plist.gz,e60cb8427a8f5a3c8be53996ad9a5cdd
01405334C8F3ACC96484E832C1C2D152,246893,res_zhcn/plist/nfy_artifactNew.pkm.gz,1fa2083a8103d57323ad89259e89ee82
84F4938521CE11333BC3508C2263F655,126186,res_zhcn/plist/nfy_artifactNew.pkm@alpha.gz,6de654dbb0e605229cb542f5de7770f4
D4E827712CF5772EF26337DE9769004F,4891,res_zhcn/plist/nfy_artifactNew.plist.gz,9b8b98c8b09d19478f0ce47fd9c575b2
1ACF87C4C8CFB07000D48C2F74497B73,110150,res_zhcn/plist/nfy_artifact_collect.pkm.gz,184cc52cadcb6f4c973b9735b79cfc4d
F6E53EC8DFE271EBD0098AC2C50488BA,65423,res_zhcn/plist/nfy_artifact_collect.pkm@alpha.gz,1326f731f6bb0f446b51200bbf8e3151
5609D818E7314452C280798DB49D7B87,979,res_zhcn/plist/nfy_artifact_collect.plist.gz,b6e9ade96bb8f7dd2bf4142f62174927
FCC16EFBE24966C180E42BE9B135E36A,110747,res_zhcn/plist/nfy_awake_road.pkm.gz,4285027e408c095deb775f1a82d42bed
C15524B9F94762BB0E5A350725DBF36F,77198,res_zhcn/plist/nfy_awake_road.pkm@alpha.gz,11fe18cb75ca029a8f6a1abe630c488b
1F2341A56FD3CAAECB54CEB8886AFB0F,2042,res_zhcn/plist/nfy_awake_road.plist.gz,54039e17f1e7c2e9f9bd5eb04ae30f25
336C6B42F0DFD77FC7578852A64F830D,107708,res_zhcn/plist/nfy_backflow_giftbag.pkm.gz,74fee644a3d6f294ac717405b7b60f05
ED793E7C4B97C24CEEA1CE58167E6780,21618,res_zhcn/plist/nfy_backflow_giftbag.pkm@alpha.gz,14d413cbe2d519739efc1769fa1be85d
7F924E75CF5B05B2484224F8253FFA49,838,res_zhcn/plist/nfy_backflow_giftbag.plist.gz,9b7211b3b9dbf8ed4021ce160674bc11
8A994983A060101261F528A2BF0A259C,125425,res_zhcn/plist/nfy_backflow_goodgift.pkm.gz,478afd29ee0c129aa3419de8a94aa29f
BA74967BA45838401E0CB074C70CE307,32426,res_zhcn/plist/nfy_backflow_goodgift.pkm@alpha.gz,cddd8f650de0b39707f1cd87cd59ab5f
EFC796DA5A0C4B02C7E1BF2EBAE7F2A7,860,res_zhcn/plist/nfy_backflow_goodgift.plist.gz,08aa6df192852dddced8f4cdbd9a05c7
7DC78DA978D2A6D2BE1872FA0F6D36CA,74024,res_zhcn/plist/nfy_backflow_home.pkm.gz,7bb04d799b429b069e7c2510cac31fb5
4B8DCB3D7198B578C13C0DE6472D1931,41936,res_zhcn/plist/nfy_backflow_home.pkm@alpha.gz,d0819b2ffbcc9116f7212aa4335802ed
3A6A6113254A62E4308D3B242BBB6ECD,909,res_zhcn/plist/nfy_backflow_home.plist.gz,7e91a8ab6610bfbe0482f3f3f7490ae4
53191B9B766CBE1F406438DAF63CA964,27999,res_zhcn/plist/nfy_backflow_signin.pkm.gz,e97e33afafcc8647e0587204719d1051
6FD648461AD362BBB57CBF856F97D72C,15018,res_zhcn/plist/nfy_backflow_signin.pkm@alpha.gz,b2a5e37e2e298e722bb902b8f4515c40
06CA6C374D7A3F0BF4A75B3ECCDFF03D,962,res_zhcn/plist/nfy_backflow_signin.plist.gz,7c412722760c3e9a43f680c151771f8b
2AA5447D499AF7DBEED99C8EA3B89928,54251,res_zhcn/plist/nfy_backflow_task.pkm.gz,57137c7d44152a0363236d9dd6b2568d
F3C9574F512BE4EED09B68342F70C975,8134,res_zhcn/plist/nfy_backflow_task.pkm@alpha.gz,cca860059d4fdaf129377899eab9391f
6B8BEA030B98610C8D79B15A1E1971E2,799,res_zhcn/plist/nfy_backflow_task.plist.gz,0b1991270ed30cad91643b2a6920cfe9
91134614B1B09E9AF4247853F1475E42,80338,res_zhcn/plist/nfy_battle_star.pkm.gz,c728f1d9d1fc97588fa9bd599bdb9af5
98E8513D5ECA78C46346007F2FFE0C61,31330,res_zhcn/plist/nfy_battle_star.pkm@alpha.gz,037ec8c93fa726360d5eda4a0a926e60
93CE984C32A107258B4CD9AABE460F14,1479,res_zhcn/plist/nfy_battle_star.plist.gz,fcc82daa745abfa9abdf6d727f385634
08C6D9E2C2D04391E2B8723D5DF2E6E5,370160,res_zhcn/plist/nfy_black_rect.pkm.gz,4e4279a4b3431e7f03543bb3d1b659f8
73D61C5DE6290743B2CD72574A3ED2FD,213245,res_zhcn/plist/nfy_black_rect.pkm@alpha.gz,9a6ccd6f216096d1ce9cc22a7c58860f
BBB924C1BC1F10B5740C82010031A7DF,3336,res_zhcn/plist/nfy_black_rect.plist.gz,146bc8a43ec213f7dbb29055083109bd
4EF1A2721798DC0B8FC690F09142FB08,47432,res_zhcn/plist/nfy_bossrush.pkm.gz,7152b61a3dc44da6900facbd058a9920
6C1D4C29D089E484440C87BB28F3B951,52574,res_zhcn/plist/nfy_bossrush.pkm@alpha.gz,722bb51aa7499c8b538f92420034b6c1
D2AB6F0428BF04932802BDFD787214C5,2240,res_zhcn/plist/nfy_bossrush.plist.gz,61cc7f7635d05732f0e93718fa73eb8f
65715280C2EB1DD94C9FE1995FCBCEB6,187332,res_zhcn/plist/nfy_bourse.pkm.gz,e005d5539d02bfeff4e59aa840cd4675
678FF91BB6DFB026D691AD6BEA67A240,64842,res_zhcn/plist/nfy_bourse.pkm@alpha.gz,16c28bb64dcea7f67281eb8d1db20baa
A4FC9AE6FFF904B62ECD07A404D26FEC,1919,res_zhcn/plist/nfy_bourse.plist.gz,a83b9391d780771af340b0f354fadb16
2AD48D6DD53EFF4F986938EA939EA0A6,45664,res_zhcn/plist/nfy_bt_first_charge.pkm.gz,103cb9cda2b7ef7d36aca49edefffead
9E104087C67CCE8B70A7E5CA63D68576,27186,res_zhcn/plist/nfy_bt_first_charge.pkm@alpha.gz,24a5af314ba9d21ba261b122167746f0
E658F7FC31308BF23CBB00C9CDB13F46,926,res_zhcn/plist/nfy_bt_first_charge.plist.gz,9f73afd5759ce4d061a0bbfc534818ee
A44689E451F6A52B0C195F7235720127,19558,res_zhcn/plist/nfy_changeProfession.pkm.gz,29c74e4cfef3ddc7e7c3f87e29500d16
B0CA5EE7B7B77CE8C08181FAAB70A3E8,26466,res_zhcn/plist/nfy_changeProfession.pkm@alpha.gz,31fe676cca008d5ea03a5e55649293fa
4548259775EB318899FF2C856498E607,1154,res_zhcn/plist/nfy_changeProfession.plist.gz,3045d9e6e227ca5f7d38dc339b9224ae
2F3D931B98D8C4C6FCF0A385422F83A2,93312,res_zhcn/plist/nfy_chat.pkm.gz,d8540890e20ae47d06aae0e5719ff2d3
2AD784B86D1C9F51ABD3E35BF81932E0,33904,res_zhcn/plist/nfy_chat.pkm@alpha.gz,0cedd955cf701936f8c15657d3b731d7
8472BE01FC703ED9BB95EAA04C0F9367,1895,res_zhcn/plist/nfy_chat.plist.gz,e169388d5d7ad1d1be8110543fabc865
7D57996005D4C2ED9AD1625941FF2ADA,36856,res_zhcn/plist/nfy_coin_tree.pkm.gz,69fcb11f818635a2b9d77062e5cfae68
561FBBC8A3D993164FA6E2C642646619,4905,res_zhcn/plist/nfy_coin_tree.pkm@alpha.gz,771008707518cce9599516b0f4e56dec
835ECD1CD7B57389EFEB8BC745338B06,962,res_zhcn/plist/nfy_coin_tree.plist.gz,5f4e11899aa98f1931b36e0bde19affb
3CA4D76FC6175898D792A1B14C08E442,8764,res_zhcn/plist/nfy_collegetask.pkm.gz,087741b20818f246189d51a884186453
B9545A2916617A2A02EE3203B8E94B92,8336,res_zhcn/plist/nfy_collegetask.pkm@alpha.gz,93ae722e591c0350b2a8f628ba4a33c4
88F13B3C9F7F2822A1B4795601452C9F,1077,res_zhcn/plist/nfy_collegetask.plist.gz,3a0c541914c994aa1fac027cb821fe01
A16E90D1F22EE33A4F1E72863C86FE9C,353024,res_zhcn/plist/nfy_common.pkm.gz,3117f4f59823bdbd471b9428f46ad820
1546D0413772F8F761DBE23637C1D2E8,157688,res_zhcn/plist/nfy_common.pkm@alpha.gz,c2e1ff1b7c9e4584ca5bc7e4b18e9503
48220C97711B0453F798FEBF1FCE4E86,6730,res_zhcn/plist/nfy_common.plist.gz,bbf8285ec18b23383dad11c0cdb3f6f1
BCEEC53DA8D23F0B99EDF7E6F5A6C1BC,138428,res_zhcn/plist/nfy_common2.pkm.gz,cbc37f7b94b2c68cef1ab949727bb58f
53769B17508655AD86548BDDDD8E9F63,31102,res_zhcn/plist/nfy_common2.pkm@alpha.gz,b2ded0f488c4ca4fcd643f21ab31ba6e
1BABC21724833C7C5871FAB849E9C5EE,2138,res_zhcn/plist/nfy_common2.plist.gz,f00be04b48c6593c8411094e3c9931b2
9A86FD5255FFE7C41B4A3E5D2B2747BE,93904,res_zhcn/plist/nfy_constellation.pkm.gz,06c42bdf2adf8a807fca5aa6cca0a343
2F54E507D633F4E42306F491E037C236,35462,res_zhcn/plist/nfy_constellation.pkm@alpha.gz,e8f65f15317bdc5b66e3636cbfb84b29
14A9123F1F03925467AA2A136C88983E,1952,res_zhcn/plist/nfy_constellation.plist.gz,152c999345b6121f6c2c98b41bca7685
C00B4262746198CB76BC769E02E97708,26205,res_zhcn/plist/nfy_continue_charge.pkm.gz,4b764162071dc5792a202caa8b31b5c4
912B963D9FCA8D9C27A9349CF8994F6E,20610,res_zhcn/plist/nfy_continue_charge.pkm@alpha.gz,f55d9ffd234922a1571e96464aca459b
417A72016A13D33779D507A7A8B6D4EB,1157,res_zhcn/plist/nfy_continue_charge.plist.gz,4ca4569f072f46cdd2e5e337b4de1d57
D68CF19DFCA7D48206F2D2E7163F7287,85973,res_zhcn/plist/nfy_createplayer.pkm.gz,30889bb984e2cc263fba5c46c5f2868c
E3893AB0AF912D6A7C92A14D995401AF,58935,res_zhcn/plist/nfy_createplayer.pkm@alpha.gz,5acc8ad56e7c99a6d4af8d6c03532989
942DEC60DF926EEF77952FEF972FECA5,1619,res_zhcn/plist/nfy_createplayer.plist.gz,6759a3a5128099126d750a8eb3eb32a2
274D74750DF269D17B39BD33E856752A,104659,res_zhcn/plist/nfy_cumulative_consume.pkm.gz,aa6cf08d57e447d4b2dae1d7724159c9
DCE14D2F5B27FDF7B6E2B80261A57ADF,41330,res_zhcn/plist/nfy_cumulative_consume.pkm@alpha.gz,9c19dce7190a890c1fc57771a51b56ce
BAEAC783DAFC368A3667DFBC5FBD05F6,844,res_zhcn/plist/nfy_cumulative_consume.plist.gz,78eb608c1c919115013f918cc379efb2
7902806054FD1F8C560B7719359A74FE,51030,res_zhcn/plist/nfy_dailyactivity.pkm.gz,72d1035a3d075e5779b4dc639cba5097
6C712700FC93B2603F58CEAA7294B342,42619,res_zhcn/plist/nfy_dailyactivity.pkm@alpha.gz,6666a2d674e1ec055f2de4b1b9f3e6ea
B304788C8E569C9D06B713C8F126F865,2031,res_zhcn/plist/nfy_dailyactivity.plist.gz,9a9a43c0fa5ba276026727a0ed31c6ba
BE1608B8D0E74A9923B0DE5F60C8CE4F,104134,res_zhcn/plist/nfy_daily_gift.pkm.gz,5464fd6540eceb200c6880df83eb75a0
2E935E90D6DEA3221BCD6C65DB5AE57B,13903,res_zhcn/plist/nfy_daily_gift.pkm@alpha.gz,047f6417777506bf56a329783e2a4b7c
2B6C8F899F49B268C1F0C58117E2FF61,1069,res_zhcn/plist/nfy_daily_gift.plist.gz,58dbab8cf7d6693c56c7487deef5425c
F13932E1D3506A2717C978C90B149D62,706138,res_zhcn/plist/nfy_dimension_challenge.pkm.gz,4d9aa7c89adc9fe8a4c67a23f3bf07c8
014D2A22E86419E2252A30A9A076B603,228944,res_zhcn/plist/nfy_dimension_challenge.pkm@alpha.gz,8b1496e524fbb73d75c9f269f61e25be
655EFBE346D5B314BBFEED4E7281A5C2,2302,res_zhcn/plist/nfy_dimension_challenge.plist.gz,5a3d1ed492af6a7aff55c7693fdc5168
8EA96DC82FE193852EE93AFAC763F284,69385,res_zhcn/plist/nfy_dimension_door.pkm.gz,d9b1370ed9e5443ae572d297b78e0487
D05EB0264542E0483290B23910435A45,54708,res_zhcn/plist/nfy_dimension_door.pkm@alpha.gz,e13594df0fd4ea21f5068a520695d753
8C1C7AE31EDDD9F15DA345A096342F5B,1496,res_zhcn/plist/nfy_dimension_door.plist.gz,fc0444808045e693c888b9d7455088df
6A06045786E1C8604E60823DFB18E430,10636,res_zhcn/plist/nfy_dimension_gifts.pkm.gz,df6593bfbdcc9ed621644ac948a96c96
300CB4CE373CA6E63C84DD6AA2107722,8556,res_zhcn/plist/nfy_dimension_gifts.pkm@alpha.gz,573823fa655c0cf14260f9b553a2b2f5
393E7423713995DE7EEE8E5BD29D59F9,956,res_zhcn/plist/nfy_dimension_gifts.plist.gz,b7bf344ba61568d23942f8ddd74025ba
02A888467634C7019D1341B19AA06092,24718,res_zhcn/plist/nfy_double_month_card.pkm.gz,c5bc9d83fb1463d54c09ff51fd1f680e
D581DC4ECECAE93DC7CA8568F5773AAB,21341,res_zhcn/plist/nfy_double_month_card.pkm@alpha.gz,609e407c10fcece2dc00a4dece3a1732
F816114DA0A3CFA966C636EE3E479D1D,959,res_zhcn/plist/nfy_double_month_card.plist.gz,1c3da12e27f691d9cbdaa0d2fca0e433
2493FD9AB0C9B29FF657CBE1D68C789E,24814,res_zhcn/plist/nfy_enemyattack.pkm.gz,66ddaa00014d8f56e2e7307d5ec13c6b
581B669C02E4E2DE6D1EB8481E127088,26121,res_zhcn/plist/nfy_enemyattack.pkm@alpha.gz,6e5b3a721f0dfadb7cf83202fd817f43
B002C2470659073723C87D9EAF999A32,1130,res_zhcn/plist/nfy_enemyattack.plist.gz,5fc281b5d5a16010624c84929db344f2
5666BCC68103A3C424BC110AF87AD3FB,17298,res_zhcn/plist/nfy_eqintensify.pkm.gz,4e4c055bafaa65859bb155922469fb2c
372E91853E84FA0EB9EDEEA53F64B8ED,22357,res_zhcn/plist/nfy_eqintensify.pkm@alpha.gz,007aa2b242a165fc2b63809b57405faa
805498B4261EB851D5CFABDF7484721D,1412,res_zhcn/plist/nfy_eqintensify.plist.gz,2960043d94c305614a9382503efcc710
0DEDFB044CC3EBC99834A0D743368387,42963,res_zhcn/plist/nfy_equipmaker.pkm.gz,8c6e350a76cdb236d4edee881ccff859
AF7392E80831CB333DF63316B44BD3CB,43355,res_zhcn/plist/nfy_equipmaker.pkm@alpha.gz,37cb5d0b9e1d74ced4ebe76279cdad5f
CB6CF29CF68BCBAAA6300423EFC940B8,1381,res_zhcn/plist/nfy_equipmaker.plist.gz,f5d1421c000982689a526a0cd88f86a0
4011E36201149FDE5A28158C64DDFDD5,10117,res_zhcn/plist/nfy_everydayonline.pkm.gz,1c1ca44cb0afc565f2c307b1903ffbd7
2A99409D1A77DD2A1B6751F3549F976D,12860,res_zhcn/plist/nfy_everydayonline.pkm@alpha.gz,23351ca3f9573fc7643715137111ffeb
48D37CC31BD9486A7624E2138036F044,838,res_zhcn/plist/nfy_everydayonline.plist.gz,0fc8046538d2d48911a89712a77c331c
99F61EAEC137E54F57770938F8E10ED4,405454,res_zhcn/plist/nfy_factory.pkm.gz,edfb0df2eeb428eb184d168a8e841089
F27F2730584EB990B3A660B55683E96B,55216,res_zhcn/plist/nfy_factory.pkm@alpha.gz,a47e8270c56c7c15bb367ac68550b0a9
FC37701B7EBC97A087C280BCD8A39EDA,1985,res_zhcn/plist/nfy_factory.plist.gz,839705e260002fef5bf16a4af488777c
C5BF6AC1C1AF465644DBA12FAA243E0C,338763,res_zhcn/plist/nfy_fashion.pkm.gz,db17347e5cb090d1ed3b97286acd5404
AD67780312894DCED3F597D8B51725AB,190769,res_zhcn/plist/nfy_fashion.pkm@alpha.gz,8adb83b42c69c6175a5efed3a6a32d3b
AE97AEE2C06AB78491A44781E9C73DE3,4187,res_zhcn/plist/nfy_fashion.plist.gz,b1198769759e4edd430a1b09849e46e7
144261AE38E23AE12D9D731B625E61E6,154413,res_zhcn/plist/nfy_fashion_lottery.pkm.gz,996ae0d1471d1c3e1570721027db4416
8CDB7FF11C000B2792B3112CE628D155,47076,res_zhcn/plist/nfy_fashion_lottery.pkm@alpha.gz,653df0c1aa61fa5bf42fe0ec22240bf5
16586149776E40C8C4B2F88069C37D3A,1696,res_zhcn/plist/nfy_fashion_lottery.plist.gz,f4c71072fc5adfaf9aa373861a074c24
F7B712B5D94089D7F4CB3C99A36CBD70,4109,res_zhcn/plist/nfy_fashion_warehouse.pkm.gz,dd36581d6483c2115da6833511997af8
231BCD3959F3131D2724B059146F21AE,3458,res_zhcn/plist/nfy_fashion_warehouse.pkm@alpha.gz,ef08cbbca4425af93661e6b3fcb52227
AD2151640C2637B037527C051D5D35BF,984,res_zhcn/plist/nfy_fashion_warehouse.plist.gz,65d8f75a0e42783fc4cc16ed0b0ccf1f
7EADC3C470D1BD2AD5D5657D1C468C54,33973,res_zhcn/plist/nfy_first_charge.pkm.gz,6699e163c63085838fed685af8a3ee2e
637E00F18BFE7D50F5FDFDBBE71123AE,55533,res_zhcn/plist/nfy_first_charge.pkm@alpha.gz,82948bf12d079046a96869eb23742d13
AD45DE13C36308E3F7BC7EF28E95D548,1064,res_zhcn/plist/nfy_first_charge.plist.gz,caec1c1f8612d6f3ab874db60b11a927
ECCF4B35F426E45928D72C5DF6D9B091,228704,res_zhcn/plist/nfy_first_charge2.pkm.gz,f54b08d6fdb40f2e52c887606713016f
C01457D84385F63D79D2FB0E80CA8F89,77807,res_zhcn/plist/nfy_first_charge2.pkm@alpha.gz,e5db3f4d40ca6f621b0fd51d6d620c24
4F32B5C560F7A7DF4EAF3509BECB6837,1340,res_zhcn/plist/nfy_first_charge2.plist.gz,d37d46d276b99b47323e14ceef7c075f
6E43F7E173E46CBCB6CA2711597A72BD,79060,res_zhcn/plist/nfy_freegifts.pkm.gz,5839facc771099c63fc7198fdaa96c87
78231074337E172ECAAE3DF08AC56180,55901,res_zhcn/plist/nfy_freegifts.pkm@alpha.gz,b8ef5ed52b588f6e8e19a241a40d4c07
7669B78BED0DCC83030BD1AEB8FBD754,1119,res_zhcn/plist/nfy_freegifts.plist.gz,0aa4154e3e89e4fcda125c9890a38031
8B95F4A39CC02231D8D4E85791B9FF54,130116,res_zhcn/plist/nfy_free_648.pkm.gz,124d1266605bf35ef324b3f9561f0259
327A1D72BB7F56E72CB28134FC03C35A,46354,res_zhcn/plist/nfy_free_648.pkm@alpha.gz,539d6bb2712734f5d3c046b1ecebed33
FE9CAB9AD0444A83AB9CABACEE719BEA,817,res_zhcn/plist/nfy_free_648.plist.gz,e19bc3df9f8d221b3d936c4068d70200
7609610D1BF9449A96109CD2011BEC02,47307,res_zhcn/plist/nfy_friend.pkm.gz,52658c0bd594f9cb386d8d55fb31e858
7D88AE88090AA0D78A5F9531FDD0AD91,19837,res_zhcn/plist/nfy_friend.pkm@alpha.gz,fbf874e8d9b81cc429a6a4da490e9144
0746E9F48B65BDF61D7A6128D7773858,1679,res_zhcn/plist/nfy_friend.plist.gz,5b8133d0166ec1ae6dfd1b22d28558fe
0AB724613ECA2609A086A2877D0303F3,14633,res_zhcn/plist/nfy_fund.pkm.gz,29af1372d43432027875c984016392b6
D48E56979056F0EB6295D8DC7CB66FD7,11671,res_zhcn/plist/nfy_fund.pkm@alpha.gz,e383b3033cee831a15f050f5b88f3b6f
288DECFC48996A6C73DA639D5B026BD6,864,res_zhcn/plist/nfy_fund.plist.gz,b9c930c0cdf2aa51a063fa2513d07121
739F7DF0710A8EAB23B5D5A55CFB217F,13296,res_zhcn/plist/nfy_gameopenonline.pkm.gz,e7c0b0e50dc8f6e33ffb57918538536d
8C9239105453BA8B322AF8092668204C,5081,res_zhcn/plist/nfy_gameopenonline.pkm@alpha.gz,5d1b9a273bfc8808cc7b31d474347085
248965D0B9BFE10DF26B7BA8BED2F33F,1049,res_zhcn/plist/nfy_gameopenonline.plist.gz,676c4ad5aaf51e2432263eaeb6d70c76
9BF623CE3585D54EE559EC39B413A7FB,23764,res_zhcn/plist/nfy_gamepad.pkm.gz,47e184a69e1232b23dd825b21c093b4a
4B359F5F860C0022588254C4653F3FDB,28142,res_zhcn/plist/nfy_gamepad.pkm@alpha.gz,4a5321b9ed34ece6877235989728c791
EBE90AC3F765FC3457F5245F5E88C4DC,1564,res_zhcn/plist/nfy_gamepad.plist.gz,959e9c038e029e8d80d424d394dada52
E31B2FAC4894BB3F56C1768E3A938DA5,85584,res_zhcn/plist/nfy_gashapon.pkm.gz,f50ca083da226732d2a0b585794918a3
9E0E11BD2BF634855D8366CB8214F425,43468,res_zhcn/plist/nfy_gashapon.pkm@alpha.gz,d07f64a3fbf7dbf0dfb7eae3a46bd56c
E4A598FEEF45003CFC8F8FBECBBE0BDE,1480,res_zhcn/plist/nfy_gashapon.plist.gz,447c5cecc361fd05bea66158460a503d
363C87CAD64DD241E451F6760AF35894,20435,res_zhcn/plist/nfy_gem.pkm.gz,22007a5543a52852fcf43349174b3571
643E01266FE933E74F1C8EB6DB8A4691,16561,res_zhcn/plist/nfy_gem.pkm@alpha.gz,8bfe48e663154fc7689ac8a5289fb9da
D9673F98E3A3B0DE6F339088872BA50F,1262,res_zhcn/plist/nfy_gem.plist.gz,c86492f1f635fa41628a93b4458bd593
2072AF585724BFCAF98E769DE8A5A287,17762,res_zhcn/plist/nfy_getway.pkm.gz,8f56107ec06f7dc55cc4662ebb79aa09
D25CE0ED3072580A3ECA7F5043C4BBDF,16292,res_zhcn/plist/nfy_getway.pkm@alpha.gz,a86eb7870f2cdcd33984bf94b1df0530
E58EDB18549E98B5EF53D8DE4E3E12E8,1151,res_zhcn/plist/nfy_getway.plist.gz,38a38d07fadf3f1a91e4e66f59d70134
3B314B8C47EF08D87E026D83852C3C88,57347,res_zhcn/plist/nfy_get_stronger.pkm.gz,3b5f0c313c37d732fe246aedb226fd56
7A79282553E5351FDBEC5AD005AA3BD5,39548,res_zhcn/plist/nfy_get_stronger.pkm@alpha.gz,f81bfd92b890fbed7cf9df547d614f8d
70E58ECC1CFD58D945602C1012863FAA,1914,res_zhcn/plist/nfy_get_stronger.plist.gz,428c5c9c9f8dedd480cee3a5ab27f52b
35B8A79805398AF27FD87E6F712CC9AD,58193,res_zhcn/plist/nfy_givevigor.pkm.gz,f2f3abfd16c98cbedc6bceb6b03c29f3
4ED99472B00388EB4A63387E1DD286CC,35731,res_zhcn/plist/nfy_givevigor.pkm@alpha.gz,7c33422187368ff23d1d915da975493b
E5DD1C20B7AFECDF8501457B231B2F68,1293,res_zhcn/plist/nfy_givevigor.plist.gz,64e0eb93e293b3414cef82e191c1bb90
820CFCEB433309B1AA9BDE3BD989B825,85419,res_zhcn/plist/nfy_godroad.pkm.gz,eb1163773b17c2d5df1cd2ef818ea3eb
1EF5DF49E324D69A07E5A94DB4D55E8B,71620,res_zhcn/plist/nfy_godroad.pkm@alpha.gz,69646dc266ec53faeaf22802ff3bcd79
7A0BE6D63EFF7F1A41F23B51084E7DCF,1586,res_zhcn/plist/nfy_godroad.plist.gz,f30bd2c27d469acefe432728725e7bdf
B24142AD0E91A353CD7EA439957E6EA2,105882,res_zhcn/plist/nfy_god_choose.pkm.gz,4a6275b5db40e8a7c8084fc92c2daac1
49C926979123465823FAD1C08949BEB0,73505,res_zhcn/plist/nfy_god_choose.pkm@alpha.gz,c5465dbe1c544eff9c245771a0136ac5
320FF44D613501007399F2231BEB79A1,1966,res_zhcn/plist/nfy_god_choose.plist.gz,2bdd6f8c1b47e485a0d0633add7f16df
84109DDAB49A4A5C52697AEAD7C9DDA4,134107,res_zhcn/plist/nfy_god_choose_privilege.pkm.gz,a30691ae71a678c1095b7782c42a0078
93A26D743FAED46E124777ED5FFDC859,39200,res_zhcn/plist/nfy_god_choose_privilege.pkm@alpha.gz,e224890c9c906da0abf56af4fdf0b5f5
B8AE27FEC1F578FF64B0D92EE6FDF4EE,872,res_zhcn/plist/nfy_god_choose_privilege.plist.gz,9f326dac650e3c3d995803ccb9b9691b
FBBA5D14365DAC2837B8AE5ADC6E09DF,3430,res_zhcn/plist/nfy_growupgift.pkm.gz,7414add1f57b602ffa756244f54858b6
C7EC7A084D9ABB623E19281C479724EB,3846,res_zhcn/plist/nfy_growupgift.pkm@alpha.gz,8f2f01511e94d2a79357617c51901a69
637FC3C2AC998C862C29AC4521C689F3,778,res_zhcn/plist/nfy_growupgift.plist.gz,42af67da8f602b45419d42db61755793
9A72A22E79BFF78C132B12DF0B767932,41896,res_zhcn/plist/nfy_infinite.pkm.gz,f83ad51ddf66a011e72f73ee064ee783
41AE09A31171B070DB0960D8178C14C5,27525,res_zhcn/plist/nfy_infinite.pkm@alpha.gz,e10252af194ac973b9f3898887b03f97
972CC6C12DB3243D82FCFBD7489EF822,1792,res_zhcn/plist/nfy_infinite.plist.gz,5d8a84a277459d7849597566b4bed855
C6F2371416B158E8840B467B52BC7A6C,8589,res_zhcn/plist/nfy_infinite2.pkm.gz,4127b1431868d9307d2adc2a0c8e4910
56178FEE6DCBE7CB8250F4A2F40ACB71,11836,res_zhcn/plist/nfy_infinite2.pkm@alpha.gz,974974c0250248fc4da8f6bde40395d5
6460BDD53998AA05DF8C9B80B335B207,958,res_zhcn/plist/nfy_infinite2.plist.gz,d356cf5861524939653b5d39b7aee87b
C44A1DE5747770D741B1E98FC352FF3D,70374,res_zhcn/plist/nfy_limit.pkm.gz,7113224647171d9b0d7bc5c97ae1a5ca
062ADCD231F59D4ADF0991C398409A38,40981,res_zhcn/plist/nfy_limit.pkm@alpha.gz,670df230f310571d472b88274d87a4b3
45933130733E098673322ED810EA9CC1,1793,res_zhcn/plist/nfy_limit.plist.gz,0d3c35547502375135290fb2ed7e4805
24FCA27400694242C56E3FD9F48620A0,33150,res_zhcn/plist/nfy_limit_exchange.pkm.gz,b964d4dc907fb901694959704c76bda8
A7929BDAE503FCB54BA0332490C93E8D,15932,res_zhcn/plist/nfy_limit_exchange.pkm@alpha.gz,a7c0f5efe68e4bbb7e175ac3e63bd81d
AAE1FA6BBC25AA922F81769BB4FAB97C,1060,res_zhcn/plist/nfy_limit_exchange.plist.gz,76cdeaaf1d9f655b96da5c813220016f
23DBEBED785B6CBF8348BEC9710D29DD,88259,res_zhcn/plist/nfy_limit_sign.pkm.gz,4c84611a5ff2769127fe91d14ef48341
1C8EB166B0930EEE7C06836FA1D58886,35842,res_zhcn/plist/nfy_limit_sign.pkm@alpha.gz,5f136bf8d0e85fd7be8f65c2c8a8fe3b
FD0BB9250A1EC901BE946B11116CB10C,1245,res_zhcn/plist/nfy_limit_sign.plist.gz,34de3203794fd9094b1fd379868842c8
BD92BA9B59F383A675517E2B3C00708C,15254,res_zhcn/plist/nfy_limit_time_shop.pkm.gz,521184ef30b3bbd4e96a6b291c4d01e3
66635A892D4BB9BEF27401CDECE8B5E9,17311,res_zhcn/plist/nfy_limit_time_shop.pkm@alpha.gz,177010022635258682a27da5c59b9bf3
1DB74594F53F9678FABE7C2EDFCEFF35,992,res_zhcn/plist/nfy_limit_time_shop.plist.gz,6ef7cfc51e9c275a5d7f21d960942b7c
5F187A9575DE594CD9372E057572D6E5,963,res_zhcn/plist/nfy_loading.pkm.gz,e32fe26509495fb54fd72668150e03e0
0961B2BB3B69BDA15C0935D355AADED1,1517,res_zhcn/plist/nfy_loading.pkm@alpha.gz,a4d70c060bdda87ae4c9c81cc4fbde20
117A68B924AD6C7DD02080B4A79198E1,779,res_zhcn/plist/nfy_loading.plist.gz,cc6a8b396f7bc3f73cc61eeedeb5b228
7052472DC4DFA1BA890893D2E931E9B3,5829,res_zhcn/plist/nfy_logintomorrow.pkm.gz,d3fbebf43ef036e45c2ebdb6afcd615a
FE6B7B8A318370EFBD15CDCD4E91C41B,6043,res_zhcn/plist/nfy_logintomorrow.pkm@alpha.gz,d14be90efb253e4ed57c2754920df3de
79DDA3A7245C8F49EC96413C099197C7,983,res_zhcn/plist/nfy_logintomorrow.plist.gz,2accbf176834b2bd7d6dd5d5d21f6da0
CF9DB5605917A8FB97DFB7AFC54EC408,22576,res_zhcn/plist/nfy_luckegg.pkm.gz,445deb842d9ef31bc2a284ac98cd2142
EE5F0F27C26412A1C0F3FF6C9FDBD853,26401,res_zhcn/plist/nfy_luckegg.pkm@alpha.gz,14acc3dde65d9bed0f21d2326e87f8a4
AFCDB228FF2740768CE394D473E71D67,986,res_zhcn/plist/nfy_luckegg.plist.gz,6a8d5ec87fc285465add81c1ca15e63a
8B6E011A0B24B0C7ADC865E6F5602AD9,91258,res_zhcn/plist/nfy_magicbox.pkm.gz,b1d5eb947d520257fafbbaedb9c2e637
EA2DCEB42267C0E93A51D26699171C7A,61693,res_zhcn/plist/nfy_magicbox.pkm@alpha.gz,90ecf836f986cb23933c1a5a58579140
806DF71BBA2F7D4E03C56AC118A0F1B4,1078,res_zhcn/plist/nfy_magicbox.plist.gz,d0674167148d18086b30ff5d316288d4
A5C3FCE54B99D97ABF757E41B3358A06,15533,res_zhcn/plist/nfy_mail.pkm.gz,cef126b4909cd5e794be60a8cf52d8a5
4FF362AD6D233082FF1F5999AF90C994,13952,res_zhcn/plist/nfy_mail.pkm@alpha.gz,8fbc135048ab701011807bef1a4ed77c
797FAE5568306487641D29F09DB7C96B,1112,res_zhcn/plist/nfy_mail.plist.gz,a8c028d1bf39805f155c0e74ca250bc2
219D63B07B363C3090EBAFC2929FDFAD,209213,res_zhcn/plist/nfy_maincity.pkm.gz,0b5e704f765e508ef4746ea13bb0d465
5B65EFA075B82F8F37883D360C9BC682,108077,res_zhcn/plist/nfy_maincity.pkm@alpha.gz,d95896992d97c9c662e5dfeceb636778
E9C4075DA349F5D2CB5A94E8DD7005D7,3626,res_zhcn/plist/nfy_maincity.plist.gz,3c717ccad1c6c44de69e634bbe8dbe41
A91B9F5EA6D849D607D89389EF3A9F45,19390,res_zhcn/plist/nfy_maincity_activity.pkm.gz,b05d949019b47cbc923765bab841e4a3
6B30C23070222DD1A47E6C687B2FE604,2198,res_zhcn/plist/nfy_maincity_activity.pkm@alpha.gz,8e6f3b8545adbd6fa126a0da5e7a7b78
14C2850646BFAB99E4BB43D419E6E834,1081,res_zhcn/plist/nfy_maincity_activity.plist.gz,1c5faaec6c8eee7e4da8c487200dd288
A4D1EBC290DD0EF5FA73A66CCB5E5496,36534,res_zhcn/plist/nfy_make.pkm.gz,36f72a691a263eaacbb9282c2a841fe0
2FFEFD677D61410CF947256FEA8F315A,44925,res_zhcn/plist/nfy_make.pkm@alpha.gz,af74744900c499ae6c01514192f85518
1EC4C2BBE4990E88B467CAEA7F5AE73D,1141,res_zhcn/plist/nfy_make.plist.gz,1f456434601936692496cd1a73a85e22
0A7ED26B828AD2BE8B48FBB5FD035AB3,113969,res_zhcn/plist/nfy_map.pkm.gz,48a6761f17d44d631642cdc1be7572cd
377E41A061986A9551E51DB65F121D71,63987,res_zhcn/plist/nfy_map.pkm@alpha.gz,20b28b0d7971116755ebd18ce3d7b4a3
4590D33E2517149B85260B1C6B324C22,1833,res_zhcn/plist/nfy_map.plist.gz,bea8dae533fecb707906db79312d15b7
FF7443C8AF13A213B25D2555734C98B7,40143,res_zhcn/plist/nfy_mission_tips.pkm.gz,a89117c12886d3e13dfb97cca9c60b1f
7EBAB2A4187BE100D2804967675A48BE,1283,res_zhcn/plist/nfy_mission_tips.pkm@alpha.gz,199da06d8a957e94b1f93b4212b8e748
404766406B837F5ED41394979B5088FA,965,res_zhcn/plist/nfy_mission_tips.plist.gz,3335dbbc18e9bee3f7e940d121d36dea
C8E258A68FFB9D27F499DA48EE5714A9,11009,res_zhcn/plist/nfy_month_card.pkm.gz,5190b4dc305a10a746f6f8f3de87b7b1
2D2706B493DDE46C34530E8A5D655484,4221,res_zhcn/plist/nfy_month_card.pkm@alpha.gz,80bb4c85a57b8194737d34d7ec86654b
18CF57E88EABD859BB5E44E9E6485EC0,894,res_zhcn/plist/nfy_month_card.plist.gz,f80fea02dc3961c009d23fc65c77eab7
D80293E115EEBE19EAD8B11BE315FCF1,24510,res_zhcn/plist/nfy_month_sign.pkm.gz,6590d6c89236cd56b40039813309d245
095F537638045E08175C75BBD8E448FA,18357,res_zhcn/plist/nfy_month_sign.pkm@alpha.gz,61452b11a8bccae8b7ebfa7ff42c3191
3373DE813483B4545D66624F1A08AE94,1186,res_zhcn/plist/nfy_month_sign.plist.gz,b25a18663cfb79dc9eb46c7bc12c3f4a
FCAD0E95D2E09542E6A3CEB0AFCA76AE,24432,res_zhcn/plist/nfy_nest.pkm.gz,ef521796e370499f48f44aa8e80d30ad
77C3CE79AC53CA6B4FB0DDBD51E7DE03,27185,res_zhcn/plist/nfy_nest.pkm@alpha.gz,b796fe469911222cd945540baefebd2f
BF989B21BBDFB60F9CBBC49FFE18F2A8,1832,res_zhcn/plist/nfy_nest.plist.gz,68728ddb0a9bae3481004374fbc1b104
9FD2E1A2EC9E043DE528E60AB45C1E00,63197,res_zhcn/plist/nfy_oddsWorld.pkm.gz,f51542031addc0654dfdc33faed11324
6AAA8983E9A578CAAA6B839F401A374C,21649,res_zhcn/plist/nfy_oddsWorld.pkm@alpha.gz,1da954a5db920ae7f85f5d12979f0fb7
EBFACF8F9EC9F11706E97E77980245F1,1452,res_zhcn/plist/nfy_oddsWorld.plist.gz,1b8f59e7c1053b47e63b2ca3d0b7a0f0
50250F2B9C84C131DDBD0A83E641D0BC,75676,res_zhcn/plist/nfy_open_rank_reward.pkm.gz,4f168723d64f85fc1d186c7b2a80f6a6
F5C4E598B2DE97F3A84ECC219DA53BB5,38428,res_zhcn/plist/nfy_open_rank_reward.pkm@alpha.gz,ba9e1f9bdb3627a095fca30616f3be12
061D0E29CAB87CBE6D9BF80B5327AA79,1293,res_zhcn/plist/nfy_open_rank_reward.plist.gz,6ac8d83edb460aa0496d7ce43fbbaa6f
721B79EE38229C0F3018800A2254B77D,51445,res_zhcn/plist/nfy_open_server.pkm.gz,6e168315af429149ed5236af67fbfeaa
DA9C95943931D5669FB6D26F70F52230,13534,res_zhcn/plist/nfy_open_server.pkm@alpha.gz,c6e896dafa47270cc28c212d39a0cbf8
078D4FD39F317E8787EE8B74B95F5CE3,1040,res_zhcn/plist/nfy_open_server.plist.gz,739c859b1858a5493df06232bd94e7e9
3A9CB8A4CE203ACC2BE6B56CE792AE0C,38599,res_zhcn/plist/nfy_partner.pkm.gz,4d256dee0ae1ea76aba8816b186fc804
909CC47302F22F1CB10AAF7FC72F141C,47743,res_zhcn/plist/nfy_partner.pkm@alpha.gz,80b6e25862d458b8b662ddbbb00a7180
9B3904103262213C22BA7103E41D80A7,2417,res_zhcn/plist/nfy_partner.plist.gz,d491721ebf0e047bc7aa4e9398f2b42f
93E59712ED4E970DCC97B4DDB31761C3,48237,res_zhcn/plist/nfy_partner2.pkm.gz,451448891f6d69d6532c5c84e0ce9e6e
710F851F3A97BCFE7679901B7FCA5272,19021,res_zhcn/plist/nfy_partner2.pkm@alpha.gz,e8c747b5871423910210292af4a832ef
8FB1E0A2036AC9E922FD9E6F41397B54,1468,res_zhcn/plist/nfy_partner2.plist.gz,500192f141f253c4a2a412cfec8cdaa8
34FF1756641E631451BC327238A17B28,66691,res_zhcn/plist/nfy_passcard.pkm.gz,118438a38e0e3b8e0b4dbb2a815f57a8
BC41A3BB4895FA3C223F5574B3AACBF3,18543,res_zhcn/plist/nfy_passcard.pkm@alpha.gz,343ecc982129ffe5a1cbed1e726dba72
F77B5522F292ADFF37E37823783B00EC,1356,res_zhcn/plist/nfy_passcard.plist.gz,44250fe349d34d7084296e93b48cabb2
881E2BFF571DE60898F0D826DA8AD8D9,149586,res_zhcn/plist/nfy_passcard_common.pkm.gz,246de2b9e714da5705635d5720360a1e
DA29807C36DFA03690CA6CAA82124DFA,30893,res_zhcn/plist/nfy_passcard_common.pkm@alpha.gz,ea1e15df6d0ffd77c93e45f0bc3ee742
9F760199A5BDF56C384795FFCA00043A,1719,res_zhcn/plist/nfy_passcard_common.plist.gz,423e0c946e8a75c8fed2fe4c2c981684
D8BB63B5F074FAE157F6650427F5C8DA,60834,res_zhcn/plist/nfy_pet.pkm.gz,2c8a68136258171c6a3df5184c9ac167
4C6C7109BB8113FAD47F7BD134FB6B6F,43752,res_zhcn/plist/nfy_pet.pkm@alpha.gz,56ed947b5651581ca887f6f5cd0ac77f
635D41975248B24E5267E5BABC007271,2488,res_zhcn/plist/nfy_pet.plist.gz,c34343205e5d98234a8c916f2e10b7c7
75785F6A3843C030AB73B80019358995,384497,res_zhcn/plist/nfy_player.pkm.gz,0563339ef54fdddbe4bcfc89a955a9af
8C795E1FF3D9ED7A2CF6498A5CFD525F,281269,res_zhcn/plist/nfy_player.pkm@alpha.gz,47b2e8ffbcba2703475268a164e2b315
EE93E9E3AEDA879BD162B8268F50EA72,4689,res_zhcn/plist/nfy_player.plist.gz,f337c8f344706d5f36cc15ca28436a7d
6187791652931D592BE2639FA1ACFB18,43790,res_zhcn/plist/nfy_potential.pkm.gz,63e7f12208f8bb0ab436453cb9915a35
8B24B9D24B19E216E75E6B248EBB127C,18057,res_zhcn/plist/nfy_potential.pkm@alpha.gz,c274b7b93ed5443e0e5ac202a6b0c201
24642C87D64D7B2F953697FD837E93DA,1408,res_zhcn/plist/nfy_potential.plist.gz,914ac55a81983ab132a9a78cebd29d25
887E57662CEBB2DC5BF778FA57C35ACC,83275,res_zhcn/plist/nfy_powerfindact.pkm.gz,a5804998dcedef5e4a17185df320add0
25F81598B4FBBB8BA9D6016A03B32DD4,15642,res_zhcn/plist/nfy_powerfindact.pkm@alpha.gz,53cf8197c0d0433355f0c698fdd66eb5
3FB38431C835C44BADAA61617235D7F6,1054,res_zhcn/plist/nfy_powerfindact.plist.gz,a60411181cc975f523dea5af9a669990
C45BF00F54161F3C1BD0F4312248255B,30871,res_zhcn/plist/nfy_power_stone.pkm.gz,fc394b56f5a41001ab4eca4ad697e371
DF162342438BB606B1595E7E3A78A6B9,30506,res_zhcn/plist/nfy_power_stone.pkm@alpha.gz,e1e90e7e60e43bc01516e3c1d289049a
90A2D499AD0D69AEAFB100422810380D,1627,res_zhcn/plist/nfy_power_stone.plist.gz,24fa17234729faa6fee313d156120c33
A3318C5BA09A2E7FD8960B8A66F5B084,326512,res_zhcn/plist/nfy_pvp.pkm.gz,7521682eab5d39478affc4b084652ce7
CF5570DC280FA9B25616B00228A373C5,150156,res_zhcn/plist/nfy_pvp.pkm@alpha.gz,949428247406c14ba3b90e4e03393d86
CF32B1AB653052B323046DA285B825AB,2606,res_zhcn/plist/nfy_pvp.plist.gz,78df0977048b70822671c979706e4eb2
14BFED5266827CAA03030482169AE264,107308,res_zhcn/plist/nfy_pvpsummit.pkm.gz,0eb8a0b4ce012cc1289302fcb59462ce
F8BC36078C187DFB01B4BFE8E0BBA69E,38577,res_zhcn/plist/nfy_pvpsummit.pkm@alpha.gz,9839a2c3663902dbc1f0df44d32f4e04
D59D8841900422062ED0AD957C0CE022,1709,res_zhcn/plist/nfy_pvpsummit.plist.gz,18aeeb7217ab84e045b416f274ae0b59
68F009EA730C2F37D86D349772505FE3,213033,res_zhcn/plist/nfy_rankinglist.pkm.gz,43c92dec3ec6e2de24b08ce070d30a21
84BAA5A4D30A52B60F341961454F1C86,48359,res_zhcn/plist/nfy_rankinglist.pkm@alpha.gz,cdda543b0fc819fb6885519424229fae
02A0293A78CDB0A9D893131E3D5A8D93,1657,res_zhcn/plist/nfy_rankinglist.plist.gz,534530482813d16638fcaff46ed6ddd5
FE8501232E3D1F1973311CFE5016961F,6936,res_zhcn/plist/nfy_res_find.pkm.gz,965936128e92d07ace7e65745d868560
2D5EB89F525A296BF0DC26BB10BF2485,1422,res_zhcn/plist/nfy_res_find.pkm@alpha.gz,0a61e328886ee9d8145b72f5d1fa97fd
CD96A2F6F8C8912F4F9CC797D99AD270,823,res_zhcn/plist/nfy_res_find.plist.gz,924028865890b05cebc06479dccb77b8
13C69772D55E98C5BB44A663515BAD83,21756,res_zhcn/plist/nfy_role.pkm.gz,4f8000ca802b2a697e9bed4c5707dd80
AEECA5F627188856FE8C60976042C607,17864,res_zhcn/plist/nfy_role.pkm@alpha.gz,25c4ab08b7a087a2d0b34ae6fac21094
F7BDD042B09EAF45319E97CD732B98A7,1739,res_zhcn/plist/nfy_role.plist.gz,d071408878a721ef58c163406284e5fc
9D38A157576951CD048F5DF62D3D2C15,181747,res_zhcn/plist/nfy_roomfight.pkm.gz,6e557f90604e57eb082b6f39aa6dabfc
71CB32A717E6E2567B218F72B85A9107,22709,res_zhcn/plist/nfy_roomfight.pkm@alpha.gz,9f5143eceee136a72ff4f9cb089313e5
D40134FD138B281F52FC51CCBA3A1FC5,1043,res_zhcn/plist/nfy_roomfight.plist.gz,d5513e522c17bbccb36d601043207f6d
DF686DC5E500212335D6B40E4B23F20C,22437,res_zhcn/plist/nfy_roulette.pkm.gz,a23557d1b90cc267cc20af80d0578b77
5DA57CEB40771CA4DCBFF04FE2C499A8,6460,res_zhcn/plist/nfy_roulette.pkm@alpha.gz,54bdbdad12094d3f68d9f34988c58387
A4183790822B5D53DF433CCD92926C66,964,res_zhcn/plist/nfy_roulette.plist.gz,7160c6cbe9698a961bb103471a36ff09
E2CBF905765D62992D3636030A37E802,22258,res_zhcn/plist/nfy_schoolfight.pkm.gz,0fb2d1d2f7ebb59e40788406d8046814
35D3A6D1DDD2CBA8BA9214529B5523F9,20668,res_zhcn/plist/nfy_schoolfight.pkm@alpha.gz,c18c3493d51974faa984f4d53b24c50f
F94A9A1CB2F6DDACCEFA22E2D122624A,1090,res_zhcn/plist/nfy_schoolfight.plist.gz,40f976dfabee0b96d731b75b6c931971
5258945476BD086060C4FCB03C87DC6E,45945,res_zhcn/plist/nfy_school_build.pkm.gz,4ec8c23c86af2cfbced0fd693872a10b
90B93B4291E45C706416E210268A1717,13317,res_zhcn/plist/nfy_school_build.pkm@alpha.gz,1c57df4cd18352ab5952ff49833ec7ae
8E700D678211C4A1D7E165D64A47E4C2,1451,res_zhcn/plist/nfy_school_build.plist.gz,ca2789917158c8bf8898d312c5c1bb45
E5BFCD689952A2B1757881BFB9E91DFB,66637,res_zhcn/plist/nfy_shop.pkm.gz,43fc45f6e792b19a368914280f179016
E94E57341AF766EF61120852DBBB1889,23618,res_zhcn/plist/nfy_shop.pkm@alpha.gz,2f870921f7bfd18dff35d6a5fe4cd4c1
EA7866B4E265A580614AC86033F15D57,1825,res_zhcn/plist/nfy_shop.plist.gz,86bc0e9d31a426cbaef6a6a8b75872d5
C64E0D0DA908D07E82964DCD42BE439D,159614,res_zhcn/plist/nfy_shop2.pkm.gz,22117974378afc9c453d3856cb34959c
B9CD0E5DAFBAFF777B256AE41F4668A4,44369,res_zhcn/plist/nfy_shop2.pkm@alpha.gz,3ad56050d1a074b8603cbe653493ca24
83BBC2E66CFE13327022A8B927CB1833,2037,res_zhcn/plist/nfy_shop2.plist.gz,120d9822052ac7107b13fb2ffc80b8b2
E8833405D59F1D6B346F7785D9FA0534,193280,res_zhcn/plist/nfy_shop3.pkm.gz,25d5c0c07d296479b9613eb57e589f47
373BE79E1BC46C1CA95E7F7D956ADBD8,10583,res_zhcn/plist/nfy_shop3.pkm@alpha.gz,88eee8e4179297a16af406df2c247578
F69CC5B12C8C910E798EB735E91160D7,1408,res_zhcn/plist/nfy_shop3.plist.gz,5ca3ad5fd2fafdeb2da8361138c1ba1f
5F7A853DC8491970EB8561A2353A7269,108466,res_zhcn/plist/nfy_shop4.pkm.gz,e756ef004052fca9ebe981afed6500be
0F05E66BDD154D5E93C401BA66E54C13,11944,res_zhcn/plist/nfy_shop4.pkm@alpha.gz,252fc9f27bc7879f6e0756dc1a2ef982
54D6EE4BD0EFB09C8604D53EE6BB9919,1475,res_zhcn/plist/nfy_shop4.plist.gz,987ff770919184b8ffe76033141f8220
B808D926AACF7899BF775F5B3B7E4001,111315,res_zhcn/plist/nfy_shop5.pkm.gz,d583b6ec29204f5be66426c46097e13b
8088DDC8C8512EF4D3A670EC6576760A,45130,res_zhcn/plist/nfy_shop5.pkm@alpha.gz,9405e515d2e5aea559b61eca68ca2802
D72BD9788854151EC95AEAA8858C969F,951,res_zhcn/plist/nfy_shop5.plist.gz,3b21b5b2882f8d15503be658630e3ba2
B60E1617A801AAC758A7F8CE17CA3848,50698,res_zhcn/plist/nfy_shop6.pkm.gz,ea35059f7c9f9c0ec0377e36a971f988
AD42A1908DFACC1B5855B1C88239B27C,33731,res_zhcn/plist/nfy_shop6.pkm@alpha.gz,fa30da4d07c2075a6aefab1b85cf449d
AE3D0492CE76ED99EC9B32C903694124,1240,res_zhcn/plist/nfy_shop6.plist.gz,c403a4e0a06c0b874df3880450334ce5
D2F6FA7E6E3A01630055F0CC8FF3266D,1654,res_zhcn/plist/nfy_signin.pkm.gz,5e81af00b249d054cd31bbfc8460bb3f
4195FA8FBFDB3F30BD890836351F59DF,1883,res_zhcn/plist/nfy_signin.pkm@alpha.gz,cbac956c22235a17efb5f67d57b65149
53A4855666734A7F05DED8D9AA4418F9,622,res_zhcn/plist/nfy_signin.plist.gz,27bdeebd4f1b9b77d04599f52c3f57a5
9F86B3DA9C003A035FDD969C2B6A2352,1429,res_zhcn/plist/nfy_single_charge.pkm.gz,c3ddcda0ebec6aa77d32bb092e07f804
82E12AE8403E4D2633C4CC5B18DEA0CD,590,res_zhcn/plist/nfy_single_charge.pkm@alpha.gz,c0f43c117f5f65ef73c3b6d3b9458c76
CC58B0A5C98E19A2568B4B2DA5DEF7BB,781,res_zhcn/plist/nfy_single_charge.plist.gz,a936a8309566d72f12b45b06d0d23082
D6B3688C3D676310395FB7CCBEE6E04C,5154,res_zhcn/plist/nfy_skill.plist.gz,e0d1de967a857031b6d18618bf73dced
B1A46775E8778555253B4C75B0575203,967949,res_zhcn/plist/nfy_skill.png.gz,67a56743161b16bfcdfead0eb7dd553b
076462DDEB4162661D909819B594ECDE,82517,res_zhcn/plist/nfy_special_gift.pkm.gz,4dfeaef3f6e0fb8195e36e48e6f1c585
EB592A3B3CAFD3CFC6330B556AE9260E,28330,res_zhcn/plist/nfy_special_gift.pkm@alpha.gz,d4a07b74ef68e9db09260f621b264fd0
47922441B67B3915A4EB93178DD531BA,1046,res_zhcn/plist/nfy_special_gift.plist.gz,ca66f402d29f0a06aff7622bc40efeaa
C8BCBA9A20E8E5229AE849716935C1DE,350139,res_zhcn/plist/nfy_sprite.pkm.gz,5e43522ff06325f06b3cff0d567959e8
A614476C31920707179EC0F073128B05,222994,res_zhcn/plist/nfy_sprite.pkm@alpha.gz,69708a7b8f364ca450cf19ab6d10d48e
D0D67EFCCF31D1ABA0D9B34F82EBD6E3,5659,res_zhcn/plist/nfy_sprite.plist.gz,0b798006b658076319112aac7ebd1e29
AADB50F2E7DDDFCE196A3E6CAF3FA395,61527,res_zhcn/plist/nfy_stage.pkm.gz,24530d9109dc2cabc1f9b9e1d982ffa4
9035CC4C2B56A1AED83D18873F7711D0,50509,res_zhcn/plist/nfy_stage.pkm@alpha.gz,260ea37073a8b9f74732c8682e64bf81
A08FBF40F8142E04DD94AFC4EEAF6F26,2221,res_zhcn/plist/nfy_stage.plist.gz,9ebcfa72b52fca5d3d06a5b2a1d5f7cb
B0307F1DAA2CBC9657576713840AE74E,30724,res_zhcn/plist/nfy_super_skill.pkm.gz,e1539a2b111fc7ed04328c3998668b0d
1A1480BB3FD8408E9DC04F1CAF57019D,33801,res_zhcn/plist/nfy_super_skill.pkm@alpha.gz,f1907b50b10f601ef0315f22082d8c4c
6F6E611B29B4F5FC34A30309B59384B0,1779,res_zhcn/plist/nfy_super_skill.plist.gz,d0b517af574d0d7e167eda552d399213
AA55F025FF4B025BBEA406E88219222E,61569,res_zhcn/plist/nfy_team.pkm.gz,f6d91a2868a73f60adb47fad944e4278
DF39494D99525F5BE826A1D96163474B,45370,res_zhcn/plist/nfy_team.pkm@alpha.gz,c8abb483a321d6b3e628b296724c9329
2983CB5986FEDC0C3304591542352CED,1901,res_zhcn/plist/nfy_team.plist.gz,2e02cef737f9740ea9387c7cbd2dcabd
EE177589A72AB5F4D7DCF069FE0B47DA,22323,res_zhcn/plist/nfy_third_login.pkm.gz,3843b9a117c39d7e3a24605e0cd24aaa
28889CF75CDE6BA451EA88B6E2F8DCBD,2629,res_zhcn/plist/nfy_third_login.pkm@alpha.gz,faa12ae8471fcfb6a0c9277d8bdbd5c7
35EDA79838060AE109E5887042AB4CBA,914,res_zhcn/plist/nfy_third_login.plist.gz,2d69ea8714ae0e191854327f16cf0012
B1B8904DF01F4F4FBB3CE1F1813826FF,28419,res_zhcn/plist/nfy_total_charge.pkm.gz,c4fdf7f2fdf7422796a1fe875a550dcb
58D34B8780A43CDDF77CF57CC818D0E2,21224,res_zhcn/plist/nfy_total_charge.pkm@alpha.gz,916011be751fdf9dc4c544b1f2501428
7210974431A6D6D49E72453A80E3E3F9,973,res_zhcn/plist/nfy_total_charge.plist.gz,41d437f27d075bafa6419e7187deee40
2993A4BAE90A5F8BFA88F246BF156DE1,86294,res_zhcn/plist/nfy_tower.pkm.gz,140c1c85315024dda30fe228d0223c8d
1AE94961C313E942EBDA2E3A2AABF1E1,23124,res_zhcn/plist/nfy_tower.pkm@alpha.gz,878f44b0f621c5e81d961b208049d307
56B9731F00575CF5FE47C6BE5F6928EB,1334,res_zhcn/plist/nfy_tower.plist.gz,87265d02f33e8385bd946c2ef554a0f2
33302D7D5452A95CC9C8DE919F3A6E68,29760,res_zhcn/plist/nfy_trialchallenge.pkm.gz,1ba61bbed6cb1ba10c04762cf148bdc9
0E43D404915A71236DFF8119D5571F34,40017,res_zhcn/plist/nfy_trialchallenge.pkm@alpha.gz,556e8508bc1ee42ab22e91dfba663225
188B4AB6C2D3E67C0DC2AA47B565FC35,1477,res_zhcn/plist/nfy_trialchallenge.plist.gz,7c9247cb44fb0b25c99cfdd8e10accf0
E42B2092168476A71F7919DD0340ACEF,50120,res_zhcn/plist/nfy_turncard.pkm.gz,0e67fce92b962f916144b3f1b3e51046
E46C9B46FAFFA1F1685F63F51DDAEA47,15325,res_zhcn/plist/nfy_turncard.pkm@alpha.gz,4a05384dbb8b906469c649141a055d54
28D66B578A354A52B115F6123E175B3A,1339,res_zhcn/plist/nfy_turncard.plist.gz,322ec3858b0a06072b6d7954c24948ab
2EF0D336A014193B7BB6E94F2B1FE4BC,25186,res_zhcn/plist/nfy_tutor.pkm.gz,221a83a507d385b6b778ef78e22b917b
B3693403071393F7072EDC31596B8012,20332,res_zhcn/plist/nfy_tutor.pkm@alpha.gz,7f643d7548b196ddba633ccf2baec80e
B08EA03718BA0ABD7BFB9BCBF965E4D3,1412,res_zhcn/plist/nfy_tutor.plist.gz,12a3a3b41ff3bd48596a27cdd7884511
918668CC2652C1DEE5F44680FAC8B018,284864,res_zhcn/plist/nfy_union.pkm.gz,541bca7b9ad1a6351cfde3cfbbb32fa2
DA751EAD379C474E556A701F632BF1B3,142858,res_zhcn/plist/nfy_union.pkm@alpha.gz,0686b0d4e5c865533b2220f3dd9555ff
A7EC5F2004BACE84BDC9D87CC89B7671,3452,res_zhcn/plist/nfy_union.plist.gz,d138742288e4a5cd56acc625143d051a
02F85A46640D9A7B1C70144B23B08F81,31399,res_zhcn/plist/nfy_unionboss.pkm.gz,c60444d147e40a647b1c79b6ab105490
5D6F9680ED5EB02A3910218AB4ED23C1,20447,res_zhcn/plist/nfy_unionboss.pkm@alpha.gz,a174db59f77cc6af0b58958c37c9270c
D78A0E917AF6C4DFFFC5F4EDAA275C35,1443,res_zhcn/plist/nfy_unionboss.plist.gz,b5519e1be58bff4af39c89ea05a87f5e
A5D51D48ADD21301BE4DC2AC35CC3BB2,8143,res_zhcn/plist/nfy_unionwarbase.pkm.gz,7a3ad02e3030a65b62db6bec737ac77f
D705AB3938DC6A9C1FB8C33587E2C8E4,7064,res_zhcn/plist/nfy_unionwarbase.pkm@alpha.gz,f86f284dca9586e9bcaa7f7a3e804ec3
6B4E97EC97EF97295251457376148D5D,876,res_zhcn/plist/nfy_unionwarbase.plist.gz,7acdeafb850d87ca721fe75ff07196a5
959B81A967575F71077C5C8A70AE7241,40758,res_zhcn/plist/nfy_unionwarnew.pkm.gz,a1d82ada217faa299c345dce2f598f64
F637258575554145C53DDBE2733195A7,52684,res_zhcn/plist/nfy_unionwarnew.pkm@alpha.gz,03c99d632ee49272f670b47c07e5d3b0
99166FBC67BD7728A105D824666268C7,1110,res_zhcn/plist/nfy_unionwarnew.plist.gz,f49cbb1ca7bf13453c2750611b51315c
2B0A3E0910FD6FBE4EA83A2BA20B2CAD,51953,res_zhcn/plist/nfy_union_championship.pkm.gz,8852e56859551a5ceb86aff803d9c032
63A8DEE0B1148483BAE7D3E5B52AEADC,18312,res_zhcn/plist/nfy_union_championship.pkm@alpha.gz,fb180c56126aca8aa893c79c7b9deb1c
6896D762BE41C603A3F5D2366F7AB286,1367,res_zhcn/plist/nfy_union_championship.plist.gz,4bee010776e7ea7cd29ac8cfdb7af32b
C0DFAD2965E34CE3EA2BC0C438116F21,85519,res_zhcn/plist/nfy_union_competition.pkm.gz,4f959159db8b353cb2ca5f848b29cf9a
CC5196259122D241AB14262C9F5D4FAD,46103,res_zhcn/plist/nfy_union_competition.pkm@alpha.gz,3598e8cf32783290995c347cdaba1cde
1EDD4FDF6CC40D6394772E07290498C4,1755,res_zhcn/plist/nfy_union_competition.plist.gz,9013be3becab70becaed80458b1769d8
D307B21216F1E0E5B9F71CCB75FA0F49,3125,res_zhcn/plist/nfy_unlock.pkm.gz,ab4dc5ce575d89e22b03af1239e0f397
0261BF0FAB113B1B6031C69EE848AA90,2157,res_zhcn/plist/nfy_unlock.pkm@alpha.gz,45ddbe4a29253bfdb62ccb20645d9815
18C7ECE279664810FE1A450C7CDC33D5,803,res_zhcn/plist/nfy_unlock.plist.gz,059bd9303345060763b638f7149e19c1
ECCE6362FCD37A591F3B864F481896E4,39913,res_zhcn/plist/nfy_viewinfo.pkm.gz,ecbad0d3a2c135d57bdd24a7d2a57173
395775E04DADF5802D2885ED74A5E35F,13814,res_zhcn/plist/nfy_viewinfo.pkm@alpha.gz,b1e942d9948e34887422bfc05fedd86e
A27DAFA0CF6566F24D2B5BE1ADC17263,1731,res_zhcn/plist/nfy_viewinfo.plist.gz,bb20e915cec1af89765c22688c8a3e13
1A8967476DA068D185E3F00382F7F1F3,9165,res_zhcn/plist/nfy_vip.pkm.gz,26b5773662d1411ffd60b85719e14d50
466BF5312394A797BCEC0CA0A15B8E95,8983,res_zhcn/plist/nfy_vip.pkm@alpha.gz,abc689efc9a945fd608dc83e19ecb0a5
2FCE62A8854283722BD7C0BFD489569D,1258,res_zhcn/plist/nfy_vip.plist.gz,ffd885d1e718d7967bed4776e53bfce9
AF085DB7A72D9E6B030FEB9F1D391DD4,126271,res_zhcn/plist/nfy_weapon_lottery.pkm.gz,ce9adc8e556ad83545d4f106689c2ee5
E1268DDA86B3392F0C52CFAE9A5701A7,109884,res_zhcn/plist/nfy_weapon_lottery.pkm@alpha.gz,1af9820fb465e9a2ea9719c43a514c80
8D09E05992BFC4C18B974656FE60BA1B,2177,res_zhcn/plist/nfy_weapon_lottery.plist.gz,4102956eccb3410e4a963ac3c45adc25
696234B5FB41FFB6FD59A18C8FF7B61F,359792,res_zhcn/plist/nfy_weapon_lottery2.pkm.gz,4f9bd68b2965fb30a26f0373fd9e7171
484665001D825CA4EC92B3CF28AD66AA,274375,res_zhcn/plist/nfy_weapon_lottery2.pkm@alpha.gz,25f1b1712aa35903ab8979f9a5bcafeb
6B71D2A2908B511BEE45F2025305802C,1876,res_zhcn/plist/nfy_weapon_lottery2.plist.gz,ff27df20906484e5addb1d29c3a487c7
03157BC6F8CDD0841B0117C58F6AEECA,29031,res_zhcn/plist/nfy_worldboss.pkm.gz,427ced6c62c4fcbf0028a59394ab9919
83F90E8BEFD343C6A8B168B9F1A5F4F2,17812,res_zhcn/plist/nfy_worldboss.pkm@alpha.gz,81ed0d6048ff2867073344591b9b2a31
C29CA7AA4B66EAFAA3D56D04E66C5C50,1400,res_zhcn/plist/nfy_worldboss.plist.gz,71834b59396e602a951af17f04b333ed
C780457E0ADD0C400DA5F4858F36164A,8170,res_zhcn/plist/nfy_year_celebrate.pkm.gz,5f40e599145fd6963efbfc65c4b637a1
79DED48C2FDA479CFE478327B409A59A,3166,res_zhcn/plist/nfy_year_celebrate.pkm@alpha.gz,075500e6ec9b55d4903b7bfa71985b2d
BCC77AF5FE36CE408D67380C40D3C19C,869,res_zhcn/plist/nfy_year_celebrate.plist.gz,ce69b0403b821a4f78c42b0d89baea19
C4C4DAE8AEB6ED46B0CC349F6975A3CD,25231,res_zhcn/plist/ui_zhandouwenzi.pkm.gz,bf101391f68b09e8955ec85a9e20c3db
3B726CE17BC6F9CA068015B10708C022,30648,res_zhcn/plist/ui_zhandouwenzi.pkm@alpha.gz,cff1bc8de7a1a4207bea3af9fac97f16
243284F8AFF6A00019382BF058A3330A,1174,res_zhcn/plist/ui_zhandouwenzi.plist.gz,7c89bb7b6cacbe35f16ead95fd367302
E7ABFDE336E25CA008E6B3554535EFA2,2719,res_zhcn/ui/UiAccessTypeBuy.csb.gz,1446dab1b4943a151493ebf8f0802544
B28995C93951B9A9B11C941DF61E6F1D,2186,res_zhcn/ui/UiAccessTypeItem.csb.gz,ab2edc000a019fba462d9b29e73476b2
5F9EFE102CD39CF231525373A17B7E06,1355,res_zhcn/ui/UiAccessTypeMain.csb.gz,80a4186021dafa5409c5061506c53745
333A0310824B17F022519546E7BF81DE,1861,res_zhcn/ui/UiActiveButtonItem.csb.gz,1898ff2a558595f60e9ac2a53e176f83
9FBE1B7936DDB34795C1D26810D2D9E2,1735,res_zhcn/ui/UiActiveMain.csb.gz,04671d74cf68426d31893535db1d4182
124D2E5C7D9952DBB361EE2C8509E541,2858,res_zhcn/ui/UiActivityCenterMain.csb.gz,9fb3566c78740e233cf6c11dba42bc5d
FE5F4988247D046D82799A2A3DA6B847,1625,res_zhcn/ui/UiActivityCenterMainTab.csb.gz,211c8212fcbcc5ba840779034bfc9334
9D468A3451E751E0A77C508893867418,906,res_zhcn/ui/UiActivityCenterReco.csb.gz,34d3fadfb5ca563c55595e653970232d
14420406B98EEE93B48E83D2CCB42BB0,710,res_zhcn/ui/UiActivityCenterRecoPage.csb.gz,90efff2a42438ead6f0700619ab3e43f
347BCBED077FC339F4F4A938E03E91B9,1639,res_zhcn/ui/UiActivityCenterRecoTab.csb.gz,37f0301ef38b06353361ea8512ed91f0
3A763860382843CDC1CAE73FD65FF4D4,1403,res_zhcn/ui/UiActivityCenterReport.csb.gz,dbc5a856b7f7e5f60df0a0b7c84955bc
28703046DE78920785C57947D3284C20,1115,res_zhcn/ui/UiAllstarAnnouncement.csb.gz,d623d98e263fcfeccc8bef3115d80847
8666517CBA2804891E9B75DF8B81A558,4929,res_zhcn/ui/UiAllstarHonorMoment.csb.gz,17a57944c5901c7a2767981093597a97
480818CCDD3420E701F85E5F125B6CC6,5213,res_zhcn/ui/UiAllstarHonorMomentTeam.csb.gz,76f8f2754d474d01cfcc23e9eeacd127
2D167B5632E8616C2F704488555829E2,3629,res_zhcn/ui/UiAllstarMain.csb.gz,52269fb7c84742df578a87e923dc2d02
0AEB4EAADA53FEA9894D4B00EFEB7811,8263,res_zhcn/ui/UiAllstarRank.csb.gz,3c6408b9c2347eee5dd531c7dc67b3e2
68525E2EE9EF15A3181F2CA765AD1CB9,1543,res_zhcn/ui/UiAllstarRankGift.csb.gz,0aaff4b97a536c8475e812ceb7a7bc7b
2D108D4A71BECC8833691A8307F430A1,3613,res_zhcn/ui/UiAllstarRankItem.csb.gz,2636ce775aaaafe8d26065c82f66f2c9
CD2ADBBF0D12684A283D694B5E2E0A88,3781,res_zhcn/ui/UiAllstarRankItem2.csb.gz,935c97d844152850a31631eed430d91c
3285813B3146CFB41FBB6DC884819CDC,5685,res_zhcn/ui/UiAllstarRankNest.csb.gz,14310d2bc04a53e1a0cf4f3ac3b262d4
147FAABF07DF162C4DD0C24154F6A4E7,2476,res_zhcn/ui/UiAllstarRankNestTeam.csb.gz,901b7edbf8324d4df36e630f56f9c547
2617C6E250E95B0DBDFD8D9950CF7103,2599,res_zhcn/ui/UiAllstarRankNestTeamItem.csb.gz,35bdacf6d8ca21a0d16b20d2b87dc129
247DF19EF6B4666322FFC315D0F55D41,3576,res_zhcn/ui/UiAllstarRole.csb.gz,c6c0fd6e68588246f83f2f244a7f070f
5BA627D548387827053EA299E7FC7D4F,2053,res_zhcn/ui/UiAllstarRoleItem.csb.gz,4b1c179c1cfaac3c454498d7364ca915
BF7DEEFB9C48703655270FA4BFAD3D9F,5700,res_zhcn/ui/UiAllstarRoleTeam.csb.gz,7803121b20cadf80784c6513f84ab27f
2D69DA7D967F9A3E2EA6C3E53094CEAA,1460,res_zhcn/ui/UiAllstarRoleTeamItem.csb.gz,a424a3de211f689af869ac86f386a47d
B3002B095127B20D9A6303D8CCA6F469,1706,res_zhcn/ui/UiAllstarTypeItem.csb.gz,969518cf66fb377f691af24b2c7c8c8f
C0F42AE029220C9601BB0A831CA2A9AC,1124,res_zhcn/ui/UiAllstarTypeListItem.csb.gz,839a7cab6d656aafefd54c57f7bdb760
3D59E5B1C04DCF1FC0A799DDB08CF21E,1660,res_zhcn/ui/UiAllstarTypeTeamItem.csb.gz,799935ce698fb0d2983f8ea60cfc282c
A5C7E86E950C1927D484FC42C8490C4E,1657,res_zhcn/ui/UiAllstarTypeTeamItem2.csb.gz,f1226c931a5b2ee4d26d2f9a980cce0d
9305C3909263A7631FF192C656A0F016,1461,res_zhcn/ui/UiAnnouncementHorn.csb.gz,3a7ebf8ac12512e7d66d15694adf703c
1609C72FAD1BD97C40A46B8983979AFF,1455,res_zhcn/ui/UiAnswerMatchItem.csb.gz,6e58138c95d0dacd39572d09dd0cb5ca
D4EB83F152C5B0F133C02D050C213924,8738,res_zhcn/ui/UiAnswerMatchMain.csb.gz,295aec48e250524f29a63cdc9daaaea3
E50A5960F1BDBCA4243C12DCCEAA62B5,1954,res_zhcn/ui/UiAnswerMatchRule.csb.gz,89d2792f4a0f55b5de60c2be70d7bb85
497F82CEDAAC3A09575B90A790DF7ED1,2429,res_zhcn/ui/UiAnswerMatchTips1.csb.gz,f2aff9ac1580379f304fe35f773dec13
C803FD86A7E97BB764E5C3308528D69F,1816,res_zhcn/ui/UiAnswerMatchTips2.csb.gz,26da5d2df002e95392f43b646438edb3
3A5DCF1D4C7DBE2B32229010C84CDC37,4774,res_zhcn/ui/UiArenaCrossFight.csb.gz,8f495f26f595193f74146a87979b6325
8E17D84E894FDBFA45DDD9E7DCEBE9E7,3018,res_zhcn/ui/UiArenaCrossFightFailure.csb.gz,dd9274ec6007bfcf3e044ef6f8061bfc
5A19A94366115123D4A6300CD74A42CC,3522,res_zhcn/ui/UiArenaCrossFightWin.csb.gz,5e3b7cedeb6c97ee38f24aff1790d1f6
F73B72F2F2692BE59C782F831A3BFD7C,5621,res_zhcn/ui/UiArenaCrossMain.csb.gz,7f3634c0eb4f07d03333f00ad24d1325
3A31908C64CC840AB54A0E02C6CD63AC,2503,res_zhcn/ui/UiArenaCrossMainArea.csb.gz,f3719ec8c0f448c0789e89787c01c03b
6A1BF8EE0A1997F3629A81E3ACFCEA8A,1124,res_zhcn/ui/UiArenaCrossMainAreaItem.csb.gz,b65a1c1de0228505c7609ecb888f67f4
0820637F6D7445C7EBB944A7100EC813,2663,res_zhcn/ui/UiArenaCrossMainInstall.csb.gz,3f2211476b8fb29c3ef0e588015a0ada
12AB744371E050B3AB84BE522DDF193D,1865,res_zhcn/ui/UiArenaCrossMainInstallEquip.csb.gz,8fa2b4e3982d2afdeb68fa1e77b37e9b
4F59A383D6068D4FA1B21F37A42709C0,3300,res_zhcn/ui/UiArenaCrossMainInstallEquipItem.csb.gz,e08f39db192a13be256eaa497a6bdbfb
09159A1813DD454325B091AE763F6E44,1913,res_zhcn/ui/UiArenaCrossMainInstallItem.csb.gz,348ffebf00b2a4509ae4167b8dd6a391
8F4EAF4B8BCF3AAF2747CE7A767273CD,664,res_zhcn/ui/UiArenaCrossMainInstallOther.csb.gz,40d537384403fb1df00d49ef673d3643
BD197C0931773C19F2A291268E74BE7A,1510,res_zhcn/ui/UiArenaCrossMainInstallOtherPetItem.csb.gz,67bf87d499eeef152d0af86fe74bf2cf
45165F701816D8C33B8FC16D2D72BC43,671,res_zhcn/ui/UiArenaCrossMainInstallOtherPetList.csb.gz,b7edd357768369ee0b5ccd37eedd0799
77DD24B723F772BA74CDDDDE3A8F85D4,2652,res_zhcn/ui/UiArenaCrossMainInstallOtherSkill.csb.gz,53bb5a25b097fd685512baa4aed3b14b
81BCCC5F65F47413AF3CF1975D7BFC11,996,res_zhcn/ui/UiArenaCrossMainInstallOtherTitle.csb.gz,e30d7eb08fa83879ae0ffa834e8089f3
2914FD414F28B19E4087493F6017A848,4813,res_zhcn/ui/UiArenaCrossMainInstallPet.csb.gz,14332fa0f98141851332f22cdf521e90
CF4C809BCB29A3249EAED75A15307977,3043,res_zhcn/ui/UiArenaCrossMainInstallPetItem.csb.gz,4df10c2d71a154c47d1a9a5c2b6613d0
903C8512D98E97124BC49FF7DF4C267D,3762,res_zhcn/ui/UiArenaCrossMainInstallSkill.csb.gz,12f670cda2aaef46085e4eb951ac5e35
C1E88B1D68EF0CC044C03B898490EEF4,3334,res_zhcn/ui/UiArenaCrossMainInstallSkillItem.csb.gz,c4c3aff14a53655ddc28dd67c0f719b7
5F9EB8062F72AC12FA53AEB65B4537B2,2799,res_zhcn/ui/UiArenaCrossMainRank.csb.gz,a76ddec011b2973e924ef71f4401f906
D894A05D09AB4A4A20FF24143C04539F,2501,res_zhcn/ui/UiArenaCrossMainRankItem.csb.gz,af07cefbc7dc1430b6d82906e85542bc
1DA6E7194895D2A77CE00BD6DABB6B9D,3132,res_zhcn/ui/UiArenaCrossMainReward.csb.gz,be708d4b4f8ef0a97272f8c78686f5e1
0F85D64CB25A37E8C6E3E5F5873C5D1A,2998,res_zhcn/ui/UiArenaCrossMainRewardItem.csb.gz,25f2b6e1bbafe7e6420f8f9be556279c
A68D620529D492E51D16EEB59C689BBA,3010,res_zhcn/ui/UiArenaCrossMainRoleItem.csb.gz,1a10640e22c2ab6582ba21afced4103a
EFE1428D2F46CDD821E550323AE5C470,2700,res_zhcn/ui/UiArenaCrossMatchResult.csb.gz,f4fa3b5d89a79a420691dab991d7c49b
9719084E24A9C57DD05ED7BB610E21E7,4204,res_zhcn/ui/UiArenaCrossReportItem.csb.gz,8e2deb2b7b563b9f68d8267b61ed73d4
D3851798680026A320576ACE5856813B,1443,res_zhcn/ui/UiArenaCrossRewardItem.csb.gz,9982d59a90091b0eab3c3fa23573d354
C86F51A49C5FA51853CA9A3E5A112DA9,2698,res_zhcn/ui/UiArenaCrossSweep.csb.gz,76e5d9de6ff8aebc02c8f5b0df6ffc44
F73D12E282F4B49CEDDD340991A28453,2996,res_zhcn/ui/UiArenaDayGiftMain.csb.gz,c1d4c05370a9a5175e98b8d45b16288e
EA3EF0790DA8A6472128DAF486FAA424,1907,res_zhcn/ui/UiArenaDayGiftMainItem.csb.gz,678655edef4fddd5c7da0534415ffde0
3D64F78DDE93C91EA07C8A0CB3EB9800,1728,res_zhcn/ui/UiArenaDayGiftMainItemItem.csb.gz,7b0b85859d5325965a369fb70e447ee7
BF81638A9E02545BCF7D6E4AEB85FA86,3743,res_zhcn/ui/UiArenaFight.csb.gz,b392cf6bee5d1f2ba3b6d23dd9ffcb57
AEDD81E84482BAF998583EB8C359105C,13791,res_zhcn/ui/UiArenaMain.csb.gz,138ee6a4428d0125d887738bcaf8c621
02B8D3145500F17E33304EEA753DE36D,1738,res_zhcn/ui/UiArenaMainItem.csb.gz,82269af0614e83fddc6c08b5d9f4d66a
2AF4D243AD5D15DC60F3E5572F3B4642,1800,res_zhcn/ui/UiArenaMainRankUp.csb.gz,6a651f35ad9f1bfea0e00196091cf25d
D2BEBBE4539C072E20581637670A90B0,2402,res_zhcn/ui/UiArenaNotReadReport.csb.gz,3147b8ac589258f573a11d1c07561fd4
A911347AD017579767239F3045E0D170,2595,res_zhcn/ui/UiArenaRankGiftMain.csb.gz,5c2d1b9006bd38c0af4795c2244e57e7
5A0B8FE3C2578458DB8CE01A4058CE92,2291,res_zhcn/ui/UiArenaRankGiftMainItem.csb.gz,4aeecbb478387c9750988ff99c3ce513
3BDBA5730165718041B63E21B2008C93,1645,res_zhcn/ui/UiArenaReport.csb.gz,50533c79139bad80fd2425c45f5a245b
80D71CEC08AE1894B69D2802414C0C20,4091,res_zhcn/ui/UiArenaReportItem.csb.gz,609c15be4121c5dcab86d09b571ad6be
3FE08C2D2A9976D8AA29420E89FA09EC,2454,res_zhcn/ui/UiArtifactCollectItem.csb.gz,40e9fc6dd4fe182b43aa53cec4ff004f
12991590510CF95CE3DAB56A70C0236B,1589,res_zhcn/ui/UiArtifactCollectItemSingle.csb.gz,3547368c359aa9eec94a471fe01f4bdd
E1E09B32EF19EA33023937287F52DC86,2187,res_zhcn/ui/UiArtifactCollectMain.csb.gz,361fc7381520d3c4d4f052bd0a0e11bd
7C567D8BF8F680427D2F40464B6A9DE1,4184,res_zhcn/ui/UiAssistMain.csb.gz,caf97eca9a29e7a33d35fe5638d299b0
EFB7BF348DDEC98F53BA03855321F54B,944,res_zhcn/ui/UiAssistMainItem.csb.gz,26ca84187ba2c3cc7e06e38def4486c6
BA28FFA12EE3703C331CBCE2D5B65E5A,2229,res_zhcn/ui/UiAssistPassword.csb.gz,24a28eebe652a8862e442945271c6fab
83E8AEC2D74922660441FC196F5B7F7D,2101,res_zhcn/ui/UiAwakeRoadAllProRankDialog.csb.gz,f6e0d8c1854380149cde8cc068027e4a
9C692EB7F50738A4DEAF0D9874691527,1642,res_zhcn/ui/UiAwakeRoadAllProRankItem.csb.gz,2471323573796015c4784da970453677
EC94B76559C4E9AEC75605B4E3DC91FD,2776,res_zhcn/ui/UiAwakeRoadMain.csb.gz,e8370bbf0b38928a116e4d57ed409efa
F47232F17C0B089DB11A45C5AA95A4AF,1450,res_zhcn/ui/UiAwakeRoadMainMenuItem.csb.gz,78bc0844a5ead16371d54916272a07b7
BA91D1A4A73B80728A909C81531AD33D,4667,res_zhcn/ui/UiAwakeRoadPage1.csb.gz,7a5019370e197e0cb44ae724c01947ca
FBB52B22C047156D6151475AEE1839E2,477,res_zhcn/ui/UiAwakeRoadPage2.csb.gz,15b0c2e574281ff19701d77575f83cb7
65BCCE9C6E1B3535E805E3002E09D151,479,res_zhcn/ui/UiAwakeRoadPage3.csb.gz,9a9d7b4721c55457a8ad430bef9da897
4347457EB3EDBAD1C058D1D5F9DE6459,477,res_zhcn/ui/UiAwakeRoadPage4.csb.gz,009cc85ffa9a597a82112f62e847118f
B2DD6234109FE48559081C5835B9659F,6220,res_zhcn/ui/UiAwakeRoadPage5.csb.gz,9bbecadc27d40d0366db1c029a5cb756
BF50EE92640823CE57CF14D5876E718D,4348,res_zhcn/ui/UiAwakeRoadPageBase.csb.gz,5356e350a9ebbe0c30bbf0fc0ee6436d
83428539AAE89E313D695E6C25CF38C6,5946,res_zhcn/ui/UiAwakeRoadPageTransfer.csb.gz,830cc90ff6120b366cf0458b1e6406da
D4D601A73B27C6902002DC179DC4A58B,1694,res_zhcn/ui/UiAwakeRoadPlayerItem.csb.gz,2dc5ceaff8b9e39e4765dcea1b7eed3f
C25A9D69CDD306DAF263FC2BFA8CAB7F,4835,res_zhcn/ui/UiAwakeRoadProFamerRank.csb.gz,b83e5fb50dba24d1ad7f2299c820321f
3D02B644E3C73F364D577D32C6D7A714,2078,res_zhcn/ui/UiAwakeRoadProFamerRankItem.csb.gz,5e54a980a0f9b6e28b7bb944f79df268
6A4BA9F306FC7A594A717C187FECA5C8,1908,res_zhcn/ui/UiAwakeRoadProFamerRankZhanLiItem.csb.gz,0ae3f0c6063c8e53da20c0869d756abd
8E9F99BF6D32F264D134F0ADF3B591A9,2739,res_zhcn/ui/UiAwakeRoadSupportMakeSureDialog.csb.gz,0b23d6145d39b37b706b6f61a4e94400
632C137B9450B47917BA815C46FC508A,2343,res_zhcn/ui/UiAwakeRoadSupportSuccessDialog.csb.gz,2e386d50302fdf8f7135cf8ee718e11d
1245A0221FBED9169ADC98C2A230A6A7,2527,res_zhcn/ui/UiBackFlowActiveTask.csb.gz,ca74266a09427173953c59c8272d12a9
E4919557C83B81982D3C2C6ADFFA1DA3,2473,res_zhcn/ui/UiBackFlowActiveTaskBoxItem.csb.gz,9d2eddc625c150e9bedfa0897c1b91e8
2D43868E78941091EF5631A77EBC52E2,2406,res_zhcn/ui/UiBackFlowActiveTaskItem.csb.gz,d523629a7d11030c0fc71759f6d2cae2
5EF0EE069EA872BAB6E0D4F0D3A9C117,1622,res_zhcn/ui/UiBackFlowGiftBag.csb.gz,90b5e63a97e94cac4bc104128d1a88fd
07EBBE5F3CFE6388C004A57C20A921A9,1735,res_zhcn/ui/UiBackFlowGiftBagItem.csb.gz,316af3d7a5735be2645864d81f32d014
2107653B8D135D24F51964E9D82D3D0F,1632,res_zhcn/ui/UiBackFlowGoodGift.csb.gz,324ebb5ad2d9c5937a0f0b54aca9c8ce
0E9123C01666C8E42FCD2FF537B456EE,1746,res_zhcn/ui/UiBackFlowGoodGiftItem.csb.gz,75f92a4db91cba0082df6d033942d8fc
CE1CCD33BE3A314C6D073F3871EFA73B,1877,res_zhcn/ui/UiBackFlowHomePage.csb.gz,ca7abdee157913a3b08a45f9c712be71
272D7AF2837A6646F75EE4047E0B23E0,1143,res_zhcn/ui/UiBackFlowHomeScrollItem.csb.gz,e5c9c86c009b8b79ff89d989f594063e
3465D838C515F8A7151C16BAA8287EFA,1591,res_zhcn/ui/UiBackFlowMain.csb.gz,9828e98c70c437c2e0182b13637f18b0
DE087AF07C0854F76FECFA6F3B951A39,1516,res_zhcn/ui/UiBackFlowMainListItem.csb.gz,3a5207bf029a79c816eabf0832035b70
2C75A3300E87FD69E548FC92970BC1E0,1347,res_zhcn/ui/UiBackFlowSignIn.csb.gz,0dea455c0ff6c462150d6f101cc65b5f
25BDA0D607C03D4BBDBB22308F7791EA,1544,res_zhcn/ui/UiBackFlowSignInItem.csb.gz,55fa2e072709b3e7d606cd474fe42c63
87300CA37A2DB1851224BD12A5642C3A,715,res_zhcn/ui/UiBackFlowVersion.csb.gz,b4b36c97490fb42c1c3fb5d473c476dc
7285CF5844BC73167A6368FEF1799ACF,2724,res_zhcn/ui/UiBattleStarActivity.csb.gz,10cb68cfb6fcecb525fbbe69281a911f
75F3B13CC1C842A80070D4A377C4A27E,1602,res_zhcn/ui/UiBattleStarActivtityItem.csb.gz,b05f596342b28d7bf6aadd0248a33244
8C9BEEAFA0C7BBFFA92C529E6893090A,1848,res_zhcn/ui/UIBattleStarChapterItem.csb.gz,434feef50050130c0991812f3b1a9639
171C4BAF6ED44DD668405029A6DCF26C,14255,res_zhcn/ui/UiBattleStarChapterPointMain.csb.gz,10d52b94454bf882fc05dc27df77ec92
E0F3D8DACC6BA6268E238B0F3795301E,2945,res_zhcn/ui/UiBattleStarCollectGiftItem.csb.gz,d5e12a4af24902adbfbd53334815446b
95CAD2B1D7858592C791F33FECFFB75D,1770,res_zhcn/ui/UiBattleStarCollectGiftMain.csb.gz,d56b622bf51707ccfd46f6e32819b138
61370D75D8CC318BDAA36746063BAF6F,4338,res_zhcn/ui/UiBattleStarCopyMain.csb.gz,074f4f43e86c0df03f566f5e79168067
5FD68889235F2CD7142D807B88175C1E,2849,res_zhcn/ui/UiBattleStarEggGetReaTips.csb.gz,32cab91443c6d9651eb3a09d5f35bcb9
9ED4ADFD66FDF774C777D81DA2341D61,3021,res_zhcn/ui/UiBattleStarEggNormalTips.csb.gz,6faa82d2621c0afc893e715d538e7330
F562CFE122B99609C68841581008174C,3142,res_zhcn/ui/UiBattleStarEggTips.csb.gz,ae60dc0d587883ecf7dcc963a85e6423
8A05587504DC753A94F4D38A25D10DDA,1347,res_zhcn/ui/UiBattleStarExerciseButtonItem.csb.gz,f3f4995fa4210371894b9bd9f2dfd178
A3B3B489BA4474A3A97A73DCC87990C9,2622,res_zhcn/ui/UiBattleStarExerciseItem.csb.gz,8a3ad2a96d87750f58213ddc7f164aa8
AE10D1A7AC2A3AD81385D1C55E646D2A,2296,res_zhcn/ui/UiBattleStarExerciseView.csb.gz,ddb5147a3dc84124b9e4126a67498295
C932733502C2287DE6929E93F2BE5014,1927,res_zhcn/ui/UiBattleStarignInMain.csb.gz,6973fa69dcdf0b5816aa157d52da25e6
0FAA4E36AD73E9BD5096D3D5BA570D94,13047,res_zhcn/ui/UiBattleStarLuckyEggMain.csb.gz,7c6c5632dc5d5481545b5661e2cdc512
123D958ADAB38338C055AC440ED09788,4162,res_zhcn/ui/UiBattleStarMainCopyDetails.csb.gz,a51be4d8107f35f6ebd9938204ebb722
9D15AB5D3617973BB89C7E3E097144D9,2108,res_zhcn/ui/UiBattleStarNPCTip.csb.gz,218e18223bbf35112a6fbfd3147e75a1
7E97A6D7CD2496D75EC59FC54AAE6C78,7538,res_zhcn/ui/UiBattleStarPatrolMain.csb.gz,72028541f4099c6eecda3c400651754c
E59F776EE1CCB20664292327A4B5CAC6,3529,res_zhcn/ui/UiBattleStarPatrolMapView.csb.gz,5e3d1430b32b68c752779a315e2994e4
B1F812D48DFC63A007D9242B455DE802,1361,res_zhcn/ui/UiBattleStarPreviewItem.csb.gz,3db1ec7545c3855e7022970627680c42
4108B582A2BA524B23C3221AD056B2D1,8026,res_zhcn/ui/UiBattleStarPreViewMain.csb.gz,91bff9054e97c871307d0680127a0bd3
CEF2F4F7EB3FFC66B8C73141F158A9F3,2095,res_zhcn/ui/UIBattleStarSignItem.csb.gz,5343a592e6b6c617960e7b1aa363a92a
B5120EEC12FE8A1D22FDA0672F72C521,3112,res_zhcn/ui/UiBattleStarSignTips.csb.gz,d3c2ac26eedeb09ba63fbdd2647632cd
EF395896011FA7048789931997151B16,694,res_zhcn/ui/UiBattleStarSkillDesc.csb.gz,943abdecf38eeeb09051c1d880646a79
818F3764126FE72CCEC15B93AA7FF6CF,2757,res_zhcn/ui/UiBattleStarSkillItem.csb.gz,44ffbc92b6d8286d7d26e766a7ec2eed
3CC927EA4344E3EC21D98AE4B2323C0C,1145,res_zhcn/ui/UiBattleStarStoryDetails.csb.gz,1dae9af7719cf3eec3153e91274b17c2
323AEB9DC2C90556522D6228527DCF1D,2408,res_zhcn/ui/UiBattleStarStoryItem.csb.gz,aedae1e352a7765b52c4adb8b492c9b4
369FE193F2D7EFCE323F92D2EB69BEEF,2689,res_zhcn/ui/UiBattleStarStoryMain.csb.gz,b08b0d60372fba1c5ac964fa387ed048
68F8A8F15AE93E628DB89EF9098E1A08,3223,res_zhcn/ui/UiBattleStarSuperSkillDesc.csb.gz,02a3ec8c817b01f5a95173346ac58cd5
2D91E1242EA2D15CF028DFE8FF583CCC,4443,res_zhcn/ui/UiBattleStarSupportItem.csb.gz,323d27ae4c8051bcd1a2d07692d3242b
E21E016BF2546B3BCDCA54D45B9F1D4E,2365,res_zhcn/ui/UiBattleStarSupportShop.csb.gz,685c1097c14003ce48bb57b06a6354ae
7B873354416EA2688CD07DD6DBD5551D,1679,res_zhcn/ui/UIBattleStarViewItem.csb.gz,b15f8f1d7812faeb04a6d92217ef2a0b
221B8D2F34F5CBAE1D6D7C537C050D68,437,res_zhcn/ui/UiBlack.csb.gz,0700122221277cecf96639133cd2de28
BAFB00431BD6E54EE92DA4E34367054A,1745,res_zhcn/ui/UiBossrushAward.csb.gz,d1fc0c122f99214f91c2eec076234d2c
A4BF7FFA8AB98D8AE110E769DC645E8F,1142,res_zhcn/ui/UiBossrushBuff.csb.gz,1d5d97a973b09c043b0834e498695e38
951DF72854C5AB967DFD7C8BDEAD169F,13168,res_zhcn/ui/UiBossrushMain.csb.gz,2eacdf0e41db2c945d80efee7b05fed8
2E0B13FE4713A1C4A076C6A2C960739D,2334,res_zhcn/ui/UiBossrushMainTips.csb.gz,dbd6c748b25b75e4a7366de3a8888e79
5DB412B1823CF719993E86E7A2A94874,2309,res_zhcn/ui/UiBossrushRefresh.csb.gz,198e8a2453f1f7c759a9d552cf1ba487
4D91636F9E0B6458B62A7474E1A0C833,2758,res_zhcn/ui/UiBossrushResurgence.csb.gz,446a4ddb4a6991e13ba0755ff9f2a250
9278A9462F282E41B425E1A6BEB9A690,723,res_zhcn/ui/UiBossrushStar.csb.gz,b9c8b8995ec61390c0c19e1df02eb9a6
6103710644B3E0C3A777FFD8F63339C3,2074,res_zhcn/ui/UiBossrushSucceedTips.csb.gz,0e1bff8cc8acfc588710b8bba3742c62
2C08C2C34BA5F74534B6BE817B27717E,1913,res_zhcn/ui/UiBourseAuctionBonusItem.csb.gz,c658a0cda660b20026f63b9e7fc77268
C92C7360E0729624A07AC3FEB9A1CF9E,6646,res_zhcn/ui/UiBourseBuyMain.csb.gz,40fa368b7a39ddc5f9ccd0666e4ce5aa
E4D70EAA750E350FE0B19DCB46DEBA46,5686,res_zhcn/ui/UiBourseBuyTips.csb.gz,f05047ca2904948fba26373af4efd2a3
D45E733DF8EB466F502AFFF4CC41F745,1102,res_zhcn/ui/UiBourseClassifyButton.csb.gz,af653b4c39618d078da320b1b6f1f0e8
E97B2B6CFBF321E6975C674B7B62380C,3004,res_zhcn/ui/UiBourseItemListItem.csb.gz,0f16752db0d17fcc611a00807419de8a
0C00C8A80F8BD1F61C0F54D3129CB8C5,1254,res_zhcn/ui/UiBourseMain.csb.gz,283413112137803b4b4f13e86d7f2ad6
F87A99F59CE35356B346CB0F5DADF84C,6906,res_zhcn/ui/UiBourseMainAuction.csb.gz,19b6f5f5b00a7f0634f595717da765ca
5638D36624730A0EB450D6D9327F932F,6427,res_zhcn/ui/UiBourseMainAuctionBonus.csb.gz,2453739177e4a23ddcdaa747b8e6676b
659F28B7B6BA0AB30036DF98943076B5,3791,res_zhcn/ui/UiBourseMainAuctionBuyTips.csb.gz,2e6c3a7ca719e0b631b430cb48943020
71C5F397999C6912EFB8B185D7724EB9,4564,res_zhcn/ui/UiBourseMainAuctionItem.csb.gz,65b5b57c72a40a51a4467a136cb15e76
290A3AB8178B67739624CDADD6AAC16E,2454,res_zhcn/ui/UiBourseMainAuctionRecordList.csb.gz,3084e42d3e56b043400664d6a7516c14
E4FC81FD49A19FB4C28896922B85DA12,2277,res_zhcn/ui/UiBourseMainAuctionRecordListItem.csb.gz,c81521f78bb267ade2b8d7532b089c89
1A2F9DCD986CB135E7057DB79775B4C2,2964,res_zhcn/ui/UiBourseMainAuctionTopBuyTips.csb.gz,25b0ae0dad0448519a87c7eb5985075c
105B6630634476976F8C71FA9DDF7120,1257,res_zhcn/ui/UiBourseMainAuctionTypeCassificationItem.csb.gz,f9c9d8b2c6249cdd91344dcd69a48620
B87E1FACF535B20B1623E1F04B01A352,1607,res_zhcn/ui/UiBourseMainAuctionTypeItem.csb.gz,1837ef30f4b2cd434e949e899035b710
8A6C2997268B724C844A554B6AEBC6C0,1141,res_zhcn/ui/UiBourseMainMenuItem.csb.gz,5c7de2155f368b31af6a8a927fa46571
6994514729BE201568C0DDDDFC28BC37,4161,res_zhcn/ui/UiBourseSell.csb.gz,06453aab2c56953ca50410891fe2b996
294CD8C5B8A727DAC6697F43D4B229A5,1981,res_zhcn/ui/UiBourseSellBagItem.csb.gz,9e2c7451c266e128e9e2eaf9d5a878ba
80CB22D35BDA2D4484733733C71C9D8E,2545,res_zhcn/ui/UiBourseSellShelfItem.csb.gz,c6642bd385adc233d49f5fcb9315a040
0E786A535D0608657609B41C59C7BF3D,5847,res_zhcn/ui/UiBourseSellTips.csb.gz,f02d19b66d7bcb22522a346eb1175fd1
D5A52E267ED54E82F0A0396FAEBCE705,987,res_zhcn/ui/UiBourseSetItem.csb.gz,afdb3ab5915be79b42b959c3aba10e5e
6F32D4C595878E7D6AC33F73521569C4,1573,res_zhcn/ui/UiBourseTypeItem.csb.gz,c3a4b57fe6d45141bcbc61261dd964eb
54C753EC8BA4A4C5C301B5DAF60992E5,1104,res_zhcn/ui/UiBourseTypeListItem.csb.gz,0d43a7010ac5bac63cacb2ad42422c9e
75F5A0757D719DCD7F04C5D5224960C8,1894,res_zhcn/ui/UiBTFirstCharge.csb.gz,6ef93deb493867225a80d19cebc57402
3EB135E417F0B27D333EB1D618708F57,1348,res_zhcn/ui/UiBTFirstChargeItem.csb.gz,0c2165c5287c65b7ba947478b1210ae9
121CCDC15BBD8406935AE6FCF678490C,1851,res_zhcn/ui/UiBtFree648.csb.gz,cd664ca1b5a136a8daded2277c77ed8b
1BB86FC4389F8E126D212EB02DAFDD46,2392,res_zhcn/ui/UiBTGM99off.csb.gz,5871829713cd216c6f31a111b30a4176
5D318B71B65B7CEE59DEDCBD11C50121,3232,res_zhcn/ui/UiBTGM99offItem.csb.gz,eed7c4958705730c730d97ae8c14e490
067663F7F2E561116144959BF6C2B854,1172,res_zhcn/ui/UiBTGM99offTipsHelp.csb.gz,5346995807987be7573ead3a9e58ec69
9724E2F37C84A913F7A4E2A3A8BAC65B,758,res_zhcn/ui/UiBTGM99offTipsHelpItem.csb.gz,1e19cbb609f227a6123b5feef230fadc
47559CEB12BB5505A96FEE1A806624D9,5048,res_zhcn/ui/UiBTGMBuyPoints.csb.gz,c4edf336fb4bece499de1b4b48966b2b
C78F8BAAAFAF6056895876516CA46A3C,2141,res_zhcn/ui/UiBTGMCommon.csb.gz,785e1cebded1cbfef288594257f41b04
5DBDFD98285D4FA50B65C059C7DEE678,1864,res_zhcn/ui/UiBTGMCommonItem.csb.gz,481c33b1dcde90edcb8fd61f28f3bde0
7D17957CD71807946B9BFAD118C47C0E,2402,res_zhcn/ui/UiBTGMFirstTimeRecharge.csb.gz,1bb44213f4be98e199b6c715d74ee4f2
7F9EAAE784831DC6A1055F3CC9992387,1796,res_zhcn/ui/UiBTGMFirstTimeRechargeItem.csb.gz,3e9aa97803c6f3a0d7d1ff73d487d7a8
18962130B33F54A3704885D8777100CA,3142,res_zhcn/ui/UiBTGMFreeGiftMain.csb.gz,e67d415034baa2f3249982eecafa69ad
3EEAE05D03EB82A8D6599205BC0796C2,1864,res_zhcn/ui/UiBTGMFreeItem.csb.gz,e9be80970e0766e2e5d22f8b847bd394
A051EEDB9B3A9B804F349E59BC0B4837,2426,res_zhcn/ui/UiBTGMFundItem.csb.gz,4ab867fd28972a6308a981272b045991
6D08A1CFDBD60EBE549EA310F8EE16AD,1129,res_zhcn/ui/UiBTGMGetUltra.csb.gz,b01ca25a869c0cff186eadefab73f843
EE9D1A7FEB92BC1CDD3A7FD08894EBE1,1437,res_zhcn/ui/UiBTGMHacking.csb.gz,782165deadf2d8e6a9ffa1152cbb47ca
E095E1A598F6E913D3B65F281B941AC3,1732,res_zhcn/ui/UiBTGMMain.csb.gz,270dc9563c5cc2e32dd1ecfd476c9a21
AEF49E07472AC18AF496C809D98FE2E1,1850,res_zhcn/ui/UiBTGMMainButtonItem.csb.gz,fca6c432555ccc48d5057fd06cb8f8e6
EDE8C17B0D4C80B704E054837475FF3B,2854,res_zhcn/ui/UiBTGMPrivilegeStore.csb.gz,754ed0e023a1fcb38b5ef3d015ef55e7
C46F7AD27F810F08B3493FBBC82E6427,3219,res_zhcn/ui/UiBTGMPrivilegeStoreItem.csb.gz,3a1df502490bd1e249fdb01cd7daf7f5
B5907EE46A5E8928C33B2077EC6D7CF2,1864,res_zhcn/ui/UiBTGMRealRechargeItem.csb.gz,e9be80970e0766e2e5d22f8b847bd394
5AA08A6A8718D34616CD69083454B801,3238,res_zhcn/ui/UiBTGMRealTopupPage.csb.gz,4fc061350dedb8f5644b96f36d2cef42
BAC6C69DC5605CD6B138B3A04FB51F81,1140,res_zhcn/ui/UiBTGMRealTopupPageItem.csb.gz,0c398f51e3b818f6455bea7601e05380
328C58DB2414E330CA82EAC7B97E268B,1654,res_zhcn/ui/UiBTGMRealTopupPageItemItem.csb.gz,7b724f5233e4b4a9f05c8c038e0e0c4b
A969585BFCB7D86BB2D54A3F0B1915AC,3185,res_zhcn/ui/UiBTGMSuperValuePrivilegesItem.csb.gz,d6eae852e5642e81a8536b822fc560e4
66AF8C70B688A067925A950A344CA4A1,3626,res_zhcn/ui/UiBTGMTopupBase.csb.gz,53df69d79bea1a4913ea90f4ad4edbce
D042C9BFA8145BE56A4286DA7CB61FB4,1737,res_zhcn/ui/UiBTGMTopupMain.csb.gz,0b26bbf36f6513a8f0e11cf29796d008
693D9E81FC2F33A60AC97583B98558BE,1545,res_zhcn/ui/UiBTGMTopupPage.csb.gz,f74226705a5fa126ac0efdbb65f87308
4FBFAD3664DCBE5C521CE910EEC4CBEC,1826,res_zhcn/ui/UiBTGMTopupPageItem.csb.gz,6191f24dbd8f9388355c095040737f21
B6F55B2420E112B4182CDACAEBD64DD1,699,res_zhcn/ui/UiBTGMTopupTip.csb.gz,7faa25cc53ebe5eb94544314bd3c7594
1454DC1DE259D6F839E0617279362DB6,1864,res_zhcn/ui/UiBTGMUnlimitedLotteryItem.csb.gz,e9be80970e0766e2e5d22f8b847bd394
AA12E17113506AEB31E308EB712C7A88,2401,res_zhcn/ui/UiBTGMUnlimitedResourcesItem.csb.gz,0558fcc27c15f1284b7a94c04dfbec2c
AF2D29E9DA2828E477C6EC54F24D069D,2681,res_zhcn/ui/UiBTGMUnlimitedResourcesPage.csb.gz,840709a95900a6c969b66062ba755248
EAFB24A81969115966293047E430FC31,1112,res_zhcn/ui/UiBTGMVideo.csb.gz,29cf349f5d1e0977058aa4c1ecb95200
9E77271680A9F4F96C6C48B959144B0B,2086,res_zhcn/ui/UiBTGodChoosePrivilege.csb.gz,0eeeba8d8ed008bba17e19128a8a310c
5BFDB8AF503E2678D583EFF8B417CB0B,3552,res_zhcn/ui/UiBuyInfiniteTimes.csb.gz,c0dc732ee992bd5de8994a169221db9e
FA3E79A119A2FB4F2FEB261FC63317D1,5991,res_zhcn/ui/UiChangeProfessionMainNew.csb.gz,59b25df1a67acda95f6f2c018e9a1834
8F97559F1F0D1AFC81B91D7C5EDBD5F7,6234,res_zhcn/ui/UiChangeProfessionSkill.csb.gz,d409ae3de20bd40ac8eefd0065b74e91
0FDC89BC1BBBC9A046DF61889FAD78CC,2694,res_zhcn/ui/UiChangeProfessionSkillInfo.csb.gz,bf31ceefe9110d1a7e55b5bf224efc95
C621FEFA0C69EB1907F5F390F2432E86,2220,res_zhcn/ui/UiChangeProfessionSuccess.csb.gz,bc49d0c74a49d903523a720c04153a35
6039218208DED4CD3279E8FABCB2A5CD,939,res_zhcn/ui/UiChangeProfessionSuccessSkillList.csb.gz,fb28e308945097fa9f03ff98e1d41441
3D1AB41458327BC6ACEC68966F12E418,1546,res_zhcn/ui/UiChangeProfessionSuccessSkillListItem.csb.gz,2aa7ff41af9ab33798a8687a2c3336c9
E8ED6A84442444EB7083FEF9E60A25C7,3176,res_zhcn/ui/UiChangeProfessionTips.csb.gz,100b8189076aeee9b22ceeea39a63d14
429969E211B33F05BDE7B09A75F1DD9F,1119,res_zhcn/ui/UiChapterAct.csb.gz,b2c35e3459f223fe3e82545a8bf7efa5
DBC4E3992C44446D3AEF6B6D170676B4,2101,res_zhcn/ui/UiChargeActivityButtonItem.csb.gz,fc71935cc4b87c67c2f4bc8d7a0a9d3b
FAA3BDC87CF700B326B98D1522EDC91D,1514,res_zhcn/ui/UiChargeActivityButtonItemSub.csb.gz,c6d1d1b64a36d729e8fadb9ce5b03fad
258753CB062E613CDDAD19BAF7E79937,1968,res_zhcn/ui/UiChargeActivityMain.csb.gz,6edd49cbd7eda395848d890c4707d2d4
F22FB8F95633F9946F3D3D403194A80A,1716,res_zhcn/ui/UiChargeAwardItem.csb.gz,ebbc794785b8dff8aa31a08900759680
5992EB393E9870C9147C4553A19D9E7E,7056,res_zhcn/ui/UiChargeFreeGifts.csb.gz,71283f88c059bf1bad9de6a0a4767b7f
5024E5D7487FDF2D229A3445E41C2112,2241,res_zhcn/ui/UiChargeFreeGiftsAwardItem.csb.gz,7737b673d1b0e7284c00554e7f26ed59
CF71D77A015900CC905ECA8E487F7CA0,2108,res_zhcn/ui/UiChargeFreeGiftsItem.csb.gz,0f9b393e6a503f5d3cfe829be4dee55c
10F4C1632676B03D7E487935CBA9D732,1327,res_zhcn/ui/UiChargeGrowUpButtonItem.csb.gz,c91679266504c22e149c83777f188e53
92851899A0257175FA99A6EBA5A49A12,2001,res_zhcn/ui/UiChargeGrowUpGift.csb.gz,5e2a832640da1070ca663fb55fe3a5f2
80137D7F6F03DEC07A51A9814598886F,1732,res_zhcn/ui/UiChargeGrowUpGift2.csb.gz,338082848e2f0a03c49c48161b3a5644
ADD0769800A6C366CEBBFA8B18E403FE,1913,res_zhcn/ui/UiChargeGrowUpGiftAwardItem.csb.gz,8b2666987e97d2d06f73cd4998ee07c4
3313483786F1DF13ACC1F3C1E763F029,3969,res_zhcn/ui/UiChargeGrowUpGiftItem.csb.gz,8813e9011c467b4e346b4dae8af12627
0C3FCE9A33D0699ACDC382AECBF40233,1033,res_zhcn/ui/UiChatEmojiItem.csb.gz,9a3e1de010a57403872d9cbbe3327f3d
E44A33739EA74B5C1B1FC890902A023D,658,res_zhcn/ui/UiChatEmojiList.csb.gz,7ce33bc3471204e32b4fe717d94428ec
D3FC4C48C32C031B4E081EEB761A19D8,916,res_zhcn/ui/UiChatEmojiMain.csb.gz,761ed90e0fde8f1505e31d5f8d038aa9
635DA06FDAA1E566DAA7942663DB6F50,4314,res_zhcn/ui/UiChatItem.csb.gz,8179e8bfe9e90ec6cabbf17ac923671b
6217DE82F28748FE503AE0D53659392D,2364,res_zhcn/ui/UiChatPrivateListItem.csb.gz,6a1d22f92fb75dbc5c6dc7335821459e
585994052DBC503E547B263A3776FF2F,7613,res_zhcn/ui/UiChatWorldMain.csb.gz,cca3802a3879f4c7b7158876ef13d20f
C9C7D0C0AC73B9D29AD647B8249F744A,4834,res_zhcn/ui/UiCoinTreeMain.csb.gz,05b1ea2a45e9906194db224f0a72f929
E74FAE240B6CDA8169B7B66C1B9F5603,1345,res_zhcn/ui/UiCoinTreeTip.csb.gz,87a4c742e35b07b803be55efa9f6362d
42A0AF1A525DA4BA9B4226AC783FD39B,1855,res_zhcn/ui/UiCollegeTaskAwardItem.csb.gz,e85e44d43bafbd4b084efe9cfbcde6a4
CA4DC6905540A44F2F9DF99905C58E2E,5036,res_zhcn/ui/UiCollegeTaskMain.csb.gz,dfa7884a8cc129cf8e83a5f8b75c15dc
BFA627F237345431825C0835A9A8BEF9,1164,res_zhcn/ui/UiCommonAnnouncement.csb.gz,fcf02738de0b83e29c35f5e2a70e2617
00D7F26EEE5A7BE6E852A777B80E2A07,604,res_zhcn/ui/UiCommonAutoReconnectTips.csb.gz,addc8159b1fcefccf203f1e1f1b9f70d
252D7C9A138C3A73629E7FC54988576A,438,res_zhcn/ui/UiCommonBubble.csb.gz,d7bcc30879a2398757d867a96ab8ad0b
8DAF0F54B36FC1A836BB4328C277D807,7666,res_zhcn/ui/UiCommonBuyPowerTips.csb.gz,22a05a4452d262b48291762e9ec025f8
8DAF88A95E15DCE7AA337E14D6DA4754,5741,res_zhcn/ui/UiCommonBuySystemTimes.csb.gz,ee0cb8881d1582225376587dc20ec689
3C128268250B3F57842508F637A8D755,5217,res_zhcn/ui/UiCommonBuySystemTimes1.csb.gz,093d23fffd7bfffb789505b5ee49c6c8
E69E17E790EB8B9AE9D546B5938C16C4,5893,res_zhcn/ui/UiCommonBuySystemTimes2.csb.gz,237ebd69e6616cf8f590e15c8590bed0
FF2372ECDF811C7415369679177893F8,731,res_zhcn/ui/UiCommonChoosePlayer.csb.gz,04c0e98d691b85da7c137ad71021eee9
C830FD955512324808ACD8FF83975999,1566,res_zhcn/ui/UiCommonCityGoodsLitleTipsNew.csb.gz,23f0c637c1e41743a14852e3bd816217
81A9337B71BE69BCB9545984A0878490,607,res_zhcn/ui/UiCommonCityGoodsTipsShowNew.csb.gz,35f6f689db38c0dd759ac42550c57691
90E17C889EB48A6FAEFFCECF48FE9810,1461,res_zhcn/ui/UiCommonDialog.csb.gz,f3f136539a29d2e274f943cc3ef1a483
A89EE5E9C9E543B66A6B8A5CC4035B9A,3524,res_zhcn/ui/UiCommonDialogSub1.csb.gz,5b13502c5a6273401c2dbc6f64f9d2e1
76DA7E3FBF7C182DFCF02CF39FB48506,3660,res_zhcn/ui/UiCommonDialogSub2.csb.gz,f477179f18beebdeea17123b27ca14cb
A5F734E1F305039BE84658B62031291D,1421,res_zhcn/ui/UiCommonDialogSubItem.csb.gz,ce5feb7de59b2954dda3c6ce652f68f7
5C8F9987DCA4EA9BBA27F42B34D2A89B,2147,res_zhcn/ui/UiCommonDownTips.csb.gz,c69a7a6bbc31bf6b8e7d1016ae601ef6
FA549C05AABE102A2615A0D4CE1C1E72,859,res_zhcn/ui/UiCommonEffectOverview.csb.gz,6e3f8b083f2aa752997927461746b02a
0A39A4C30D51468940EA66A632E31D79,2269,res_zhcn/ui/UiCommonExitTips.csb.gz,718bc6a190d3aeecf2783e009fc6b63f
337657421C63F5A45A47BBB249EA69A2,1255,res_zhcn/ui/UiCommonFairTips.csb.gz,d9d658bbd694387a354d760a2f3a6dea
A04E0A9F0FFEABC105D3A96A5E85214D,3295,res_zhcn/ui/UiCommonFightRecommend.csb.gz,a7dac365827e777dec363641f34db8e5
7314E46D771B54376D16C26E9C1523AF,2260,res_zhcn/ui/UiCommonFunctionNew1.csb.gz,24768fe034f250d590661ab32a486a4f
CD7C83DBDD46C4AC0874A5A37269BA03,2446,res_zhcn/ui/UiCommonGiveVigorReplace.csb.gz,36a27b38d79b934efc8deec4dc7e5f29
4ED8C1FA3E26F1814EC75F2B7599C16E,2320,res_zhcn/ui/UiCommonGiveVigorTips.csb.gz,c7a9d6e8ef121b8904ed71bb80055d88
600B8C0789629E25D2D0CADA84F2813F,1460,res_zhcn/ui/UiCommonGoodsLitleTipsNew.csb.gz,c51d6ba06129a56db256c3f555281926
F33BDE974FF7E7E1FD712DB27B29EDB9,623,res_zhcn/ui/UiCommonGoodsTipsShowNew.csb.gz,4ae8f37834aba93fd75eb6cc672babb1
9BBEAD81D5083A6AEE3972DC68AFD159,1274,res_zhcn/ui/UiCommonHead.csb.gz,772738c5cc75afa6066899e08f70d411
30EE72055CBFB2A120336573A8F67F4F,1554,res_zhcn/ui/UiCommonHelpMain.csb.gz,83cc9dc876610dbbd8ea725be8beb3fa
B9AEF1C93EE185B4971689CE936C26D4,751,res_zhcn/ui/UICommonHelpMainItem.csb.gz,997a05ad8d6deb44b05c19a0090ad843
D65F8D77D5E38785E3676F79DFD63BD1,3162,res_zhcn/ui/UiCommonMainCopyDialog.csb.gz,9c4a8f4404115fdc571317da839daa6c
55FEDBD51138001B6E240F7420A13844,569,res_zhcn/ui/UiCommonMask.csb.gz,090ed70afc5873b181c6e4514a688357
A973234C4635B9CE1028A9F92CFFBFC1,1589,res_zhcn/ui/UiCommonNavigateMenuItem.csb.gz,018a824151659034f342e0ee3872910c
C9CEFAFF62F1DD2118B46E902C27AF94,438,res_zhcn/ui/UiCommonNoPitch.csb.gz,8c1c1ed23c41e86b2f5f553e9e61e921
A198094199E33D2EA6FB2FCE8D6CC250,2946,res_zhcn/ui/UiCommonNumber.csb.gz,708cf54df714bc42d69839b49286d529
7E04322A609EF54140A5762248AAC05B,1885,res_zhcn/ui/UiCommonOutlineTips.csb.gz,15c647f601d4657dc047f2baa50315f8
3B0E058B50B979EDD74FD34CDC46DF36,633,res_zhcn/ui/UiCommonPacksackListNew1.csb.gz,054a198613a770801ece7a11f24b6a20
2AD1DCC32F1B0C4E34B29FFAEC23FA64,701,res_zhcn/ui/UiCommonPlayer.csb.gz,037204eb3431e324986243890e3a45c9
B9670809B46254B488EC230B3D076150,1622,res_zhcn/ui/UiCommonPower.csb.gz,841265569e2d65efff71bb0e8008ad5d
311FB81A2E1EB242349EFE1776E24DB5,2019,res_zhcn/ui/UiCommonPowerRule.csb.gz,ebbf80b68dd578e1148bbc38ba4b7ef3
3B69C20B13BAD0A713B5EF482202A353,2957,res_zhcn/ui/UiCommonPurchaseTimeTips.csb.gz,ac76f69efae1c2da450cc937095f2184
A57D4D3EC26F71CBAA9F3A4305EFB1F7,2953,res_zhcn/ui/UiCommonQuickItem.csb.gz,7df025071e5f3dd14c063008f6e79941
36481562E54E21DA58C12B17C7548691,599,res_zhcn/ui/UiCommonQuickMain.csb.gz,a40f4aa8241ac52b73c5135af702cc5a
5452BFB33C350D00D69B591CB1978A94,2062,res_zhcn/ui/UiCommonReconnectionTips.csb.gz,fd9bb7e7166912d96b2363072e66525c
15653A455A3F29F08E75D49520889E22,2602,res_zhcn/ui/UiCommonRedeemCodeTips.csb.gz,f18b0a0ec30c4e7617cfaff9e06fc4f4
EFFD1F7142E49597F1DE34B97254142A,1907,res_zhcn/ui/UiCommonReLoginTips.csb.gz,f2c03f01b06a6e9617d66d25f7cb9366
A420327601FF8E6F5CAE57B941F65B48,1551,res_zhcn/ui/UiCommonResBar.csb.gz,c2972fd284055f0b1ce11e94d1b8fb6a
C7FE8E7E17EC6CD3CD2137F334EAC741,1698,res_zhcn/ui/UiCommonResBarItem.csb.gz,2cf86e8c8b37a836fa80237b893bda06
A51334CBFDEC84717A630FF236B2EE80,1887,res_zhcn/ui/UiCommonRewardItem.csb.gz,0595bb0a936b0643aea665315ac7adc9
9AB10AAFAD3F118787841064FD5CA079,1300,res_zhcn/ui/UiCommonScrollviewList.csb.gz,256c029ff86d1c614a34ae0185beefc4
23C5DB0EA4491DE4F325301D0199B808,1826,res_zhcn/ui/UiCommonScrollviewListItem.csb.gz,0400525753996563d93f1557a1303328
313FE9F2C8281FF766C59B584CB86A3C,470,res_zhcn/ui/UiCommonShadow.csb.gz,63638554e77e154bd4c592d81256940d
358B9FE03D3A924A0B12F4CF85744A66,2044,res_zhcn/ui/UiCommonSubtractSwitch.csb.gz,3acfb378513b31815b073fe34f141416
53D6D2672C94B4BA1FD9466A4EC375B5,2158,res_zhcn/ui/UiCommonSystemGift.csb.gz,93dfaff465ece18e8ce574e655711ebd
D56C99F5933EA056CE68C97F10169005,2509,res_zhcn/ui/UiCommonSystemGiftBuy.csb.gz,d12f245cbf2208415d504b1a5c175b40
5C7CF0EAE5B066D291BF79B6982EEEE8,2291,res_zhcn/ui/UiCommonTips.csb.gz,7712894703fc799169e8fab70d7e83eb
5A76E82A1BAB72874363322F963DCFFC,2434,res_zhcn/ui/UiCommonTips2.csb.gz,c7aa09382078a2323c7a9d18d22b51da
7FBF9852CB4974F871653FECAC3C8E0E,2380,res_zhcn/ui/UiCommonTips3.csb.gz,d9dc005a122612420fe667586f267326
EB300697E1DD89D66AFC5343B02E4DA5,2044,res_zhcn/ui/UiCommonTips4.csb.gz,7eaa3d35a4b9e1b2f7177129b746f05e
7263E7D00A3A281E7DB6020DEED799D7,2131,res_zhcn/ui/UiCommonTips5.csb.gz,773ffecff2efa80ce9f36603f72ac1bf
F3EF129A137A524BA0D6D586D1E9E7CC,1793,res_zhcn/ui/UiCommonTipsHelp.csb.gz,379b2aeb7af00696aca821c2d6297108
65C5187F35E69233C2513E004E575670,749,res_zhcn/ui/UiCommonTipsHelpItem.csb.gz,005a24f9519eaa8fbc3a896c6ca27561
2CE791F26CB72630ECADD44BA3583D8E,811,res_zhcn/ui/UiCommonVipIcon.csb.gz,572949fdb06821ccd90e8b15ad7ba142
197813DE8F023CF95A5AE0E944A4D758,1091,res_zhcn/ui/UiCommonVipIconMainCity.csb.gz,dd8d97024eea0a532b8ab11758ed79ae
4C38F2086DDFC5C89FE32A41C35806FA,1452,res_zhcn/ui/UiCommonXViewBaseItem.csb.gz,fd860f3638205596c684c888ee7940b4
B3AE9D95D5D08F19F2763A4764BFB83E,1444,res_zhcn/ui/UiCommonXViewItem.csb.gz,dadb8ad9641cb0c1045795f3839e236d
7B521C9E9801B6826FC34634E24B2B63,4701,res_zhcn/ui/UiCompoundTips.csb.gz,ed8c0b4fa89a0ca20e59aba99b680809
94F5DCCADF3617A3A9A08829A6235698,867,res_zhcn/ui/UiConstellationBuffItem.csb.gz,25c3e5cc11fa8f93ea9cb157d78876ff
7D4C1656E16ECE24577BCCF162B5BEEF,1783,res_zhcn/ui/UiConstellationBuffTip.csb.gz,720f47853793ee782b85de3ef177a43d
3917C7CAF294A07A1C80A5FA2F04B752,1344,res_zhcn/ui/UiConstellationBuffTipItem.csb.gz,db4751a354b1324468b2d54b065e59dc
F5BFCD09BF7A5474A8AFA0FEDEF5D4A8,726,res_zhcn/ui/UiConstellationBuffTipItemText.csb.gz,7d35cabcf00b9ff993a561375e86dd64
029A4D4C0906F88E172F491B20270834,1865,res_zhcn/ui/UiConstellationGiftItem.csb.gz,f7da6619a4795164c6549ae0cbfca592
EF6F6239226A99CEEC5EEBD77D18268D,2361,res_zhcn/ui/UiConstellationGiftTip.csb.gz,3659dbf20025cea0017aaa9c857bd7b8
2B1F23E89C214D6582431ADBF777C6B3,8728,res_zhcn/ui/UiConstellationMain.csb.gz,f7eaa8a14f168141a414d9028efac26f
9D432AEC21C4B2A19D39721B4B872C17,1767,res_zhcn/ui/UiConstellationMainRewardIltem.csb.gz,a9f949f8605dcfe5d99126ae88981098
338442E0FFEFF38E07D8676B3BFFCDB6,2403,res_zhcn/ui/UiConstellationMap.csb.gz,a2f58114870d54159df484261d62988e
CFC52B619DD25F12C3DA8A86FFB20AED,1834,res_zhcn/ui/UiConstellationMapItem.csb.gz,c50bf921aa719863ff9d3306d77cb4f3
EA71297F6B20A14E8EDFB535ACCFBC76,2252,res_zhcn/ui/UiConstellationResetTip.csb.gz,1279381f42e21d57127613a02364e485
C1D8E02A7F10538463E70A232C47422A,5216,res_zhcn/ui/UiConstellationSelectBuff.csb.gz,0f0842ff055a2e1bb8bddb0e88107a81
77F365E3D1C17CF147B309AE553EDFA3,720,res_zhcn/ui/UiConstellationSelectBuffText.csb.gz,1f28c2695a500911c67914f0350a18e8
AF5653C67D5055503E2BC9B734ED2A82,1877,res_zhcn/ui/UiConstellationSweepItem.csb.gz,bc6a9bf9efff05e15a5a50a692a34c7f
5D8375AAE04C40F9852AFDDDC361FA1D,7005,res_zhcn/ui/UiConstellationSweepMain.csb.gz,5b9bf7837f2b233a2e128737ce72c76f
E6D255B226A1F599BC920D78FE49FE60,724,res_zhcn/ui/UiConstellationSweepMainText.csb.gz,28e74c9e60b7d5bcebe5e6103808bc2f
981EF8BD03529D1CDE58BD64993FCE95,4671,res_zhcn/ui/UiContactUs.csb.gz,77338513de3cc7149e64b9ff28b08566
FC7EFC3B98163AD4B41CEA21E7B659AC,10142,res_zhcn/ui/UiContinueCharge.csb.gz,d87783e8f6c849fed76808e2b0099b46
77495ED88A05FED49A4640A3D50AB197,2122,res_zhcn/ui/UiContinueChargeTips.csb.gz,b7350f9d685d428de676a51413f26667
71DC9B35456CF3706C34C098D798D338,1716,res_zhcn/ui/UiContinueChargeTipsItem.csb.gz,cc3ca68ffb4cc9c3825b9d7deec5363c
E405C777AF560D13460AC815373B35B6,1679,res_zhcn/ui/UiCopyUnlockTip.csb.gz,abfece39b1047bd5c4f3c39f23171670
054D848DA68ADEE11518CE688D64398F,2344,res_zhcn/ui/UiCopyUnlockTipItem.csb.gz,95be51b0c4d493ba3af3ea235640ab46
58FF340EF7E5586605790571FE014585,1531,res_zhcn/ui/UiCostInfoItem.csb.gz,3645f9c0262a9ae5918f6e649811495f
09321D963A4EFE2DB0C57A639A876D02,1822,res_zhcn/ui/UiCoverAgeTips.csb.gz,1c0c281c25b9b92b4035959ff6eb0c18
9732A7D5E08865C056CD7F2E26B28255,6023,res_zhcn/ui/UiCoverNew1.csb.gz,5c38951528e02024880245824bd1f174
3C026DF183CBE9708DE919FA38A2382E,4186,res_zhcn/ui/UiCreatePlayerChooseClouth.csb.gz,4b2a2453b58b6a604ac8df98e08e1354
E433F4FD94D59EA128BC6BB89F806307,463,res_zhcn/ui/UiCreatePlayerChooseClouthItem.csb.gz,6d7fe9310aca63167dca9a0ee1305ade
60AFB756DA6CB315C80C6A16467FDB50,1131,res_zhcn/ui/UiCreatePlayerFirstVideo.csb.gz,105ac3485c3b9445ce1db9effdc121f0
8E1A226C56FF26B80371371776A0EADD,763,res_zhcn/ui/UiCreatePlayerMainItem.csb.gz,7268e74b6da40d628f442ca125d78ae6
1307A8ED6817E16CDDB63561B9127124,8408,res_zhcn/ui/UiCreatePlayerMainNew.csb.gz,6de50138e343cb390397cfdaf18f1fe5
F33CEBBC1F47D901B457E8C7BA83D7DE,1363,res_zhcn/ui/UiCreatePlayerVideo.csb.gz,d4001eb9b3c030e32f1bdbcca364c64d
98A05A355997CA70FC8C5DBEA61797F1,2628,res_zhcn/ui/UiCrestAuthenticateNew1.csb.gz,3e6c83d11dd5eaebf66b94f5fa0d368c
073E0687D6DF9307894780BFB6AC1DA8,2385,res_zhcn/ui/UiCrestMainItemNew1.csb.gz,e7b5a4367c2942d9d8c3d3ce2afde52e
B7197FE1F2E14F0D7732AA263CDEE3F1,2558,res_zhcn/ui/UiCrestMainNew1.csb.gz,0850dd2c90ea7a035b632c8d37d965cb
89729D4DA8CD42C090521B6043C60900,3255,res_zhcn/ui/UiCrestPacksackItemNew1.csb.gz,9795c2bc9b9ad90c0fe1dba3bdcca915
70B30DB794C647C33A0CFDD2BB2F65DF,2353,res_zhcn/ui/UiCrestPacksackNew1.csb.gz,bc1c145820a0c61482a07a38088ef99e
7D12DA6137D9E3A1C3E5B3C160D85E2F,893,res_zhcn/ui/UiCrestShowItemNew1.csb.gz,5a089ab5a151a28a572dc42f83facada
026FFA5AEDAB456BD37F3881021BE9B3,1678,res_zhcn/ui/UiCrestShowNew1.csb.gz,d3f9f9db32fff83eb0dffce245f91e4e
8E5088129878318595C57035E8A20CAF,2385,res_zhcn/ui/UiCumulativeConsumeItem.csb.gz,100bb9ef029794410489dfa6a156f353
3E22630BF1C38300B6E020669B01D1CC,1734,res_zhcn/ui/UiCumulativeConsumeItemSingle.csb.gz,e8558a8a617fa93bc513c80327a57798
DA1FDFFC988AB99299694E562E09D4D8,1054,res_zhcn/ui/UiCumulativeConsumeMain.csb.gz,d61a77ec424f2bfd22ef47ba0108f33e
1B2391C1813298AE08FC72BCFC629E39,2330,res_zhcn/ui/UiCumulativeConsumePage.csb.gz,f1a60019a84f1e1ef4b91352ffd1dc5f
32C4F9BC091CB629EC0BA23A19CCFFA9,1590,res_zhcn/ui/UiCumulativeConsumeTab.csb.gz,4e5a879856306f8c014e6402422e26f6
30EB1DC0AE3C1C4E2C2824F4B5621006,1906,res_zhcn/ui/UiCurrencyItemEx.csb.gz,db5ec072c1f27627df56bdd21229508c
548E107A0817690723194639E5FECD4E,3091,res_zhcn/ui/UiCustomRocker.csb.gz,b306b1c0eb3f6aa2bc358aa3cbbc5e30
C821577C874AFC1C7F53C63A57C8003A,711,res_zhcn/ui/UiCycleView.csb.gz,c2a262f1c7c256824afe6946b435d1b8
4B4CDB726C9E32563428FFFE00955DF8,1772,res_zhcn/ui/UiDailyActivityAwardItem.csb.gz,438debb81c27bb514d54b15046eeefa3
F9697B4AE3FB660D1E0D0BF543F7296F,1515,res_zhcn/ui/UiDailyActivityLeftItem.csb.gz,a6dc9aa87a7d2133445ee00d9ee867a2
C14E51648066B2C10ECE00368223B354,745,res_zhcn/ui/UiDailyActivityLimitList.csb.gz,ad76404bbb1869e0c86b046d0875f3f7
BC74E8118A8F2FE4185FB22099B2BD87,2787,res_zhcn/ui/UiDailyActivityLimitListItem.csb.gz,8ebd363cb3091d8ec5d0f563317b9f56
E49D34E0D7EA811B3B6BE8D484468F6A,2109,res_zhcn/ui/UiDailyActivityMain.csb.gz,14da1b7a3db012a60d168eb3ea1fec7f
A374E98CE7917C76E4867D75A0FB16D7,3871,res_zhcn/ui/UiDailyActivityMainList.csb.gz,6527c7a9fbc65e0db52a9d7234df029b
64BB647024773049B1604160CA87A97B,4641,res_zhcn/ui/UiDailyActivityNormalItem.csb.gz,66692c2602f56b5b5716315b8ec2e974
CE761539F8221480C327212D20B17EB9,1212,res_zhcn/ui/UiDailyActivityNormalMainAwardItem.csb.gz,7ee4c3e60e3584347f2bd00e0c9671af
56D1AEECB9431C1198A1746F61B991D6,2220,res_zhcn/ui/UiDailyActivityOffLoadingList.csb.gz,480738af0f8c297ea3154e082b7e9ae3
46BEFC81A2CBCC3CB42AD8C7FE683FB0,1665,res_zhcn/ui/UiDailyActivityPVPLayer.csb.gz,69deede2faf6b2f226fd395fac50c5d3
119A6C1D4F4F19A4DE7E6871F96D1732,717,res_zhcn/ui/UiDailyActivitySpecialList.csb.gz,b42ff7e246f13210ced6ad9b6e380d23
671FD6968A1E4F4C00924C742CF59F38,3084,res_zhcn/ui/UiDailyActivitySpecialListItem.csb.gz,a471dbb4cfa3e27c0ecf1231827cc757
11E1C4DC117299D6846DD4E5FB25A66D,4248,res_zhcn/ui/UiDailyActivitySweepBossRush.csb.gz,c75420c902e0414530819a1202601f24
4CD8F28B8AF952CCADDDFFDE0648B252,4446,res_zhcn/ui/UiDailyActivitySweepCopy.csb.gz,6be9f92eeed2bc9bbb6fd7d37f7f30ac
1517E021D178EEF01DC21D417BDB84E9,1514,res_zhcn/ui/UiDailyActivitySweepCopyItem.csb.gz,932057a9bec09a8ac291726457cdb87d
F78F5247F3D1C07234949AAE94AF63F2,2518,res_zhcn/ui/UiDailyAwardDetail.csb.gz,b1a932dd37fa4c14aedc08b4f8a98d1d
CC9EF649E9D283EE5B1FC5B9EC487E32,2136,res_zhcn/ui/UiDailyCopySweepActListItem.csb.gz,6d7e318479854aa12c5ba69fc4e5e1bf
21706FA12C9EC605B72FD5ACD59F5D53,7049,res_zhcn/ui/UiDailyGiftMain.csb.gz,1371ea86eb62e00ec745c1ce88f881e4
884D980A7AB45B2B932C845849A876C1,1752,res_zhcn/ui/UiDailyGiftMainItem.csb.gz,174349d36794d9585897c87bea68c7a3
051109367E71CAB7AE419D26ECF08930,2360,res_zhcn/ui/UiDailyGiftTips.csb.gz,2b3e99112b5573db41e80234abe7a23f
4E1ECD9545E2195D80826BC3E2F40EDE,2519,res_zhcn/ui/UiDailyLivenessBoxItem.csb.gz,6f989b349c71aff302a00580c2f1c06a
AD1143CBF00063DB283A0889E21C24CE,1839,res_zhcn/ui/UiDailyLivenessBoxPrizeItem.csb.gz,e702b338d556137fddc6a3b26fcafbfc
C4B47A6E1DB2CC3DF138BBE98D0F827D,2161,res_zhcn/ui/UiDailyLivenessBoxPrizeTips.csb.gz,fd97514441b25d95b79232b0eed21177
E0181A8375552B750BCA536796DACBBA,2759,res_zhcn/ui/UiDailyLivenessDimension.csb.gz,abbaeb0a49060c6d3cc126a08acdd21f
E530350FD91231E75E63794EC3AA57C0,2482,res_zhcn/ui/UiDailyLivenessDimensionItem.csb.gz,69fbfbc8cf4648800ba607a39503b786
34B257B8AAA972EF2AFA1B42DF7882EA,1577,res_zhcn/ui/UiDailyLivenessMain.csb.gz,81819569a040b1bc2a6d15dd86eeb50c
F100F23A42835EAAB379CE60A63FCA14,1445,res_zhcn/ui/UiDailyLivenessMenuItem.csb.gz,5adffaef35aebeb9d0747dd9f0a2b16b
B1D376A07CC9C5EC57682C58F5398812,2612,res_zhcn/ui/UiDailyLivenessNormal.csb.gz,078fed5eb9862c0f5160e16b2c11779b
701A29FF12A106541623F86EE378D0F5,2929,res_zhcn/ui/UiDailyLivenessTaskItem.csb.gz,295518ee5210029fe378a1a534305d31
17A56C779E72727EE6F979433B0F4E7E,1519,res_zhcn/ui/UiDailyLivenessTaskPrizeItem.csb.gz,a8a36f1512729f133895a5fdefb88283
1693F62BAE984EF138C91D582829287E,6104,res_zhcn/ui/UiDimensionChallengeBossPassDialog.csb.gz,9c64aab7cfba01af093e1bf38b4c439a
14FED44BF401ED9902D71236E7AB3201,6482,res_zhcn/ui/UiDimensionChallengeBossStrategy.csb.gz,05486b8c3659d6be0ac32edee622a47b
A3EE613DF5E1640A970CD4AE8A93B4B0,2378,res_zhcn/ui/UiDimensionChallengeBossStrategyItem.csb.gz,c35bd421632cb16fd1ef28856959000b
A99CBCCDDBD57EC7FC51DBBAD94FD9BA,4149,res_zhcn/ui/UiDimensionChallengeMain.csb.gz,cdef593b305c85a62fcb13b497b003e9
F290011AFC9ED83C5F2D74163D978BD6,18603,res_zhcn/ui/UiDimensionChallengePageBoss.csb.gz,a0a04f0a8cbb9c600220b60e4ea08675
9EDBFB32B201020D7CF29AEB0DBD93F0,3016,res_zhcn/ui/UiDimensionChallengePageIndex.csb.gz,92f24dc97cb43b59ce79453cd54aa674
D268B95E725C218CDE3B464F9FDF8BB0,963,res_zhcn/ui/UiDimensionChallengePageStore.csb.gz,0c6064dfa28d306d0f32e537d7c49829
5AE53E12ECF84FA8163B8C33F4BC4CF4,3692,res_zhcn/ui/UiDimensionChallengePageStoreItem.csb.gz,b213fac781d30fbcd4ac18329c111284
4C1F840C3E973AE875AC23540962957F,2999,res_zhcn/ui/UiDimensionChallengePageTask.csb.gz,abfe964a883240934558b03c6324c913
AD03371D8BAFD99320F8427D3ED7716F,3720,res_zhcn/ui/UiDimensionChallengePageTaskItem.csb.gz,44676ca040203f74417aee772cc39384
142C43AE70DABAB3157077C327168295,1161,res_zhcn/ui/UiDimensionChallengePageTreasury.csb.gz,0cdd0e4e0d16106f75c15c6f53c40fcf
9AD43C6706FDEB0F56B4C3AC9A4401DA,3752,res_zhcn/ui/UiDimensionChallengePageTreasuryItem.csb.gz,b8c9ee1c0736043a42c231fbdca8f008
C74BE89F2921EDC274AE6DC649880C32,6359,res_zhcn/ui/UiDimensionDoorMain.csb.gz,38a4f13af6917ddecadf3a1c42e519e0
4F5E5C80B6B8F43933367DA1C9396A1B,2486,res_zhcn/ui/UiDimensionDoorTimes.csb.gz,b3ab59d4b8fd8c191afb63bda6d5b316
085AB7C1CB372EFDFFF5C800832D2D85,2671,res_zhcn/ui/UiDimensionDoorTimesItem.csb.gz,5bd18cca33a3d66cdf335f48f6b25d5b
DCFF4AD783C99FD23926C2FD1B487885,3968,res_zhcn/ui/UiDimensionDoorWin.csb.gz,da61a5d3768149aeb6be6c3063427335
6507807B77BFDA7C4601C53AF9C96FA8,1641,res_zhcn/ui/UiDimensionDropItem.csb.gz,9bf5b8d3fda25809ae533ac2cb831632
DA72DED74BAF218D37A0E51CB577DFD5,6892,res_zhcn/ui/UiDimensionGiftsMain.csb.gz,ca232ba93f758c1a40d3820d537be92f
C92AEC82723A6E7F0EE0020EB919AC5C,8907,res_zhcn/ui/UiDimensionGiftsRewardDialog.csb.gz,bdead9fc0dbf091c3439d6419e7a031d
792B3E463AA9B1E89B45AE76318A9663,1960,res_zhcn/ui/UiDimensionGiftsRewardItem.csb.gz,c47ee2e3c473cd936eb0c4feab854879
53EA307DBC39EA6A45BEAC902DD300D2,2578,res_zhcn/ui/UiDimensionGiftsTaskItem.csb.gz,3288222510299eec22ab763554e91085
C208521AD07D71C9A9953E71E1FE3B00,4062,res_zhcn/ui/UiDoubleMonthCardMain.csb.gz,21773d1b99f84220bae236921d9d2ca8
35BD547D2ED9DE1C6644FDF29070370B,3862,res_zhcn/ui/UiDownload.csb.gz,f00028bcc995efda078eb25d1bfedcfb
551FD840CB1C997C1B42CCB574AE1DCE,5541,res_zhcn/ui/UiEnchantingMainNew1.csb.gz,d16b100d0c195c5b6de46f0ee3fe08c4
92077EA044998FA38D27114B0A52CA05,1138,res_zhcn/ui/UiEnchantingStoneAttributeItemNew1.csb.gz,745c74ccb1ca1c2d2765924eb0aba5d1
9BCB01F31ED2D684BD97DA00FFE4D7BE,1372,res_zhcn/ui/UiEnchantingStoneAttributeNew1.csb.gz,8d77acf9d5d4a6d3e2a36d164664fe7b
9F4764FF4CB035507288CDAEE23C4DEE,2342,res_zhcn/ui/UiEnchantingStoneItemNew1.csb.gz,34a3f1384e0041c6b31792e59f25a98d
7370C2BA07A693F9E3BEDB909B7397E4,4538,res_zhcn/ui/UiEnemyAttackBoss.csb.gz,a269c399fa9859da32fe4cbda218c682
D2FCA2689B276F432177A9F31BF04329,2231,res_zhcn/ui/UiEnemyAttackEnemyHead.csb.gz,f204fa93fe07666ea9c75fe808f43ec7
0C35967B4838059FA64F5EE88B700532,6782,res_zhcn/ui/UiEnemyAttackMain.csb.gz,3df376ea25f3350ec6d12b9b4cbe1491
EABD2641F6C0E79B482668B8B9BEB103,1452,res_zhcn/ui/UiEnemyAttackRewardListitem.csb.gz,6fe037a38c73c78b7bb719e8b54260da
3A1D13FFDD1C76E11BF4B189F72DFEC2,5448,res_zhcn/ui/UiEquipAttributeReset.csb.gz,35d3ff4c5343941aa28716dafe900921
FB79CCB49060F9510A6942A3B54FEC17,1224,res_zhcn/ui/UiEquipAttributeResetAttributeItem.csb.gz,e122a155600861f077dbcd67e60551b3
03428D5E93234875E0EB4EFBAE1B3E11,2372,res_zhcn/ui/UiEquipAttributeResetEquipItem.csb.gz,0774fc8f20ccb3347eb4dd9d603ddf2e
D153C87FC5BFEB03543C0980293B19CD,2040,res_zhcn/ui/UiEquipIntensifyAttriItem.csb.gz,951ceead84de6ca2c539a9d12aadc4c5
C56F00D0B49FB677825D03FAB0920122,3070,res_zhcn/ui/UiEquipIntensifyBreachLayer.csb.gz,e016e61081f016904fca85f5d69d916c
29DA8CA98254043478523AC4A441B0E3,1429,res_zhcn/ui/UiEquipIntensifyCostItem.csb.gz,0a001047fcbf2c7fe54250c365d0ca22
DD6766AC194C8F1AB541094E01D73791,3257,res_zhcn/ui/UiEquipIntensifyItem.csb.gz,8b0653c0ebc2ad7c9c05c7d35b3ff310
EC8DA039451D97C5672C1185FE9DCA9B,3344,res_zhcn/ui/UiEquipIntensifyLayer.csb.gz,f720238317f722d820027d889dd9ea4c
6D555E6F7192C1FE76B65C328B09CEA9,8977,res_zhcn/ui/UiEquipIntensifyNew1.csb.gz,2457cfdffdb39df0661923d46fe8b719
FC49EEDD9253A0BB1259A444460F5A93,2479,res_zhcn/ui/UiEquipIntensifyNew2.csb.gz,640d3b3a51729399e0de0d0b38791422
2385AC1F7514E3949F37CD23F73D800A,2446,res_zhcn/ui/UiEquipItemNew1.csb.gz,fe4472718d980c57534f0fa08fc2f6ff
C06F027515C83739AD26069C537A0998,1357,res_zhcn/ui/UiEquipMainMenuItemNew2.csb.gz,f8c3288c177a0ed899cf144c6ebd4986
CE09D4E96B4B299DF0B6940E33EE7E10,1324,res_zhcn/ui/UiEquipMainNew2.csb.gz,1d83acc8c6df431f225aa5c4a5c924ac
9655A9A04AA50700DE6C75A00E2C6218,3153,res_zhcn/ui/UiEquipPacksackItemNew1.csb.gz,711064bebd0b1bd8d4f03d75d50f73d5
C40638E788CE0A3C069D8D7758153660,2353,res_zhcn/ui/UiEquipPacksackNew1.csb.gz,9b43b580355ce6e70aaef0616df9f5e3
0A4F1D64250D6914902E7108BB42B0E9,4849,res_zhcn/ui/UiEquipPlayerNew1.csb.gz,2adbb8ec8fdd7fe2a36058da762eb4d0
603852F470EA1A7D614887060337AAE7,796,res_zhcn/ui/UiEquipQuickChangeMain.csb.gz,ef1a4d74e0274bf843ab901a68ba8df0
120CC6F883C3776441561A5E3D534167,6447,res_zhcn/ui/UiEquipRandomAttributeReset.csb.gz,a08edfd69ad74296aada867031f9623b
BD07AD71D0EEC0E38FE7529A705E9152,2711,res_zhcn/ui/UiEquipRandomAttributeResetEquipItem.csb.gz,db77039709cec1969cabae5741213742
C9C829416998AC41AEA55EF3927E650A,1860,res_zhcn/ui/UiEquipRandomAttributeResetItem.csb.gz,de450afd86911a5f0ec9554b0df9ae64
1F8A9FCD5654E31F467B4B80F445D952,2614,res_zhcn/ui/UiEquipRandomChooseTips.csb.gz,1f9e4baaec2b93938ffb4d50ba943118
EDACDC794AD5F455A734A31ABC7D6E1E,5191,res_zhcn/ui/UiEquipRefine.csb.gz,4d898885aa32647cdabeec891f09284f
A61BBF10E43B4D3970A7A8BCCB577258,1637,res_zhcn/ui/UiEquipRefineCostItem.csb.gz,79dd15e5737289ebf83c04eba9af1209
12CA47CDEC61DF11ED55295719B4E682,1331,res_zhcn/ui/UiEquipRefineIntroduction.csb.gz,fa0db942713bdddd979b2c66bc3d2386
0D046E5517D11F2E17E0C79EA76A70C8,3128,res_zhcn/ui/UiEquipRefineItem.csb.gz,54070eeb6bbce29bebf27dbf26ebb477
B880EAA9BA811BA9BD0DEA3C1D8C8ABF,2883,res_zhcn/ui/UiEquipRefineTips.csb.gz,121ef3e01fc61c9a9154f44e3d11fe89
55AA5DD1FF4C580F4591F7BC33EE2E2F,1294,res_zhcn/ui/UiEquipShowNew1.csb.gz,23df9f5617d08f389e4eeb629e6ede93
7C69E025EF8DDCE95D1835979E5CE1EC,1151,res_zhcn/ui/UiEquipShowNumberNew1.csb.gz,9087a597cf8f8cbdbfc35da2d4487c85
2F442DAF6D8CDA0996B7CA313B9F861E,1273,res_zhcn/ui/UiEquipShowTitleNew1.csb.gz,e8ffe5d738df2e2aadf20318ca23f55c
2B8AED665BC806DCC33772E3291BD180,1139,res_zhcn/ui/UiEquipTipsAccessTypeItem.csb.gz,096717cf3814362e3438951d9b9e88e2
E2FABA67DA8D44D4997AC8B270706F65,2430,res_zhcn/ui/UiEquipTipsAttributeNew1.csb.gz,6660cb1919a1517dab54d9aca5140a93
34C558D1376C45A8E46FD6C93712CC8E,1310,res_zhcn/ui/UiEquipTipsAttributeOrange.csb.gz,32b0e5b0e16aeb5b0594ecf1fdb6accc
B29A7D92EF44DF0FF9CDFBC78008E86D,1436,res_zhcn/ui/UiEquipTipsAttributePink.csb.gz,4e52521a91f387c803c9ac63f0c076b3
FA04062376616C97A2A266D220799C6C,1857,res_zhcn/ui/UiEquipTipsAttributeRank.csb.gz,e76b052f5ab20515d31dd08658053cc4
BD06673A488308F8AFE761B00FCDABEF,2663,res_zhcn/ui/UiEquipTipsBaseNew1.csb.gz,e7bf550eb62b2a39b273655a1426fac7
1C96A1D0D85001D9D7666CFF242C0DF5,1130,res_zhcn/ui/UiEquipTipsChip.csb.gz,be3a32e782ac6fda7e8f4f62b116bda7
2A217D262F22B39C7D2B0EE62D8DFC7F,709,res_zhcn/ui/UiEquipTipsChipItem.csb.gz,b4912427f801a9435dbdc3d8bfc6a5f9
BA5860DB6051A79E37E3DC737CFEF9D4,1388,res_zhcn/ui/UiEquipTipsEquipList.csb.gz,6acbb1b6a9b133f28f243a01bce7bacb
F1F0624FC8464864D99720C2D35BC522,2993,res_zhcn/ui/UiEquipTipsEquipListItem.csb.gz,4513d8a0dd02751ac7cedc2c40d8463d
F31B7E5B4692B1B27A7A514EAD7972C7,1161,res_zhcn/ui/UiEquipTipsFashionMain.csb.gz,1d4483dba511b645c21110eac970cfcf
43DF837679AC1565D4C8F38F92330028,1508,res_zhcn/ui/UiEquipTipsFatherMain.csb.gz,c6d636b6130277ffcc7a24280d654df4
164199A590FB71226124CCAB3D47B606,1904,res_zhcn/ui/UiEquipTipsGemItemNew1.csb.gz,d2ff203d3bf828756497086cdda38fd6
6A27FF4875769181DC25F443CF7A000E,679,res_zhcn/ui/UiEquipTipsGemNew1.csb.gz,07f8a8efa3a63ef71e94e78dd4581461
7E4DB98FC2C985C052D01EE9D0166D0E,1026,res_zhcn/ui/UiEquipTipsItemButton.csb.gz,2a7dcc8c42ba916b7c36d8cc3442ba0a
E81961DCD730994C5DB51D028D8F261C,664,res_zhcn/ui/UiEquipTipsItemNumber.csb.gz,b3461c05e1f31d84371a2101521b11ca
3EBAA6887FFC627B1F618A0CC8C01223,769,res_zhcn/ui/UiEquipTipsLineNew1.csb.gz,cbbf10bb3265cb4fd2d046175f1f1089
118161330B179F202CCA4C87FC7D7690,1429,res_zhcn/ui/UiEquipTipsMainNew1.csb.gz,979794ce21ea3e2deb1c1470641fe516
4A49981E6D62C31FC4DAF09085DF2198,884,res_zhcn/ui/UiEquipTipsSuitItem.csb.gz,40a4c9c3968103f077acefe67e00329d
475A35FA2B7C6B6D93811B7EB6595516,1911,res_zhcn/ui/UiEquipTipsSuitTitle.csb.gz,0204010041f08ccec1f11c2a9532d130
8FEE924E2E2D99F7BF1A6C069983D2EC,1975,res_zhcn/ui/UiEquitableMainTips.csb.gz,b06a66942e787c5e4f02c271580ca761
2F2BE988BD78CD8D5A6B612BBD4FBB44,2559,res_zhcn/ui/UiEverydayOnlineAwardItem.csb.gz,348b4255a58eca8f266cc4d30b5635f9
B5945C8657FF6ED39CC1EEF5EFF81A71,9614,res_zhcn/ui/UiEverydayOnlineMain.csb.gz,6f28ebd3b1b0faf41eab6ed99d8b4f74
D3260124C623381D67C36EEF3D469B74,714,res_zhcn/ui/UiFactoryAlignment.csb.gz,8577a80e9cb1f3cd0daa04a8978363e1
EF908BA3E6F6B38DD913AD183F59E5E4,4926,res_zhcn/ui/UiFactoryAlignmentItem.csb.gz,8c921e5f5fea7a1e13b6e2007ea773ed
B542B00A9096274AC6932EB3C25EBA7E,2664,res_zhcn/ui/UiFactoryCamp.csb.gz,e313c271c3046417c450cd3c19f60b5e
FDB3290310BEC55E239087A782FA5F5A,1750,res_zhcn/ui/UiFactoryMain.csb.gz,749395ee6b3e563fa2d37c0376a7cf9f
F1DA04CE754D6098CF09FF29455EB5D8,5566,res_zhcn/ui/UiFactoryMake.csb.gz,5c08418b81d711639beefc5658d13f50
CCC6AE7A64A36FBA2612F14C48929415,3048,res_zhcn/ui/UiFactoryMakeItem1.csb.gz,3c9ad919dc714489b3ca5e00fdaf5590
9C09C0F5D822635EAE50349750EED0BD,1653,res_zhcn/ui/UiFactoryMakeItem2.csb.gz,180ada3cce87c715b014ba638d34293c
16A3EFFA89C16D038D31E396DD294F93,1755,res_zhcn/ui/UiFactoryMakeItem3.csb.gz,cf43b2fd37bce9e4a17c7e57394ce447
359F2006DB32C4FDD5E4AD7A2CEC420A,1354,res_zhcn/ui/UiFactoryMenuItem.csb.gz,be8ce3e5e8a3ce008c7d869ce3846aca
6AEDD0F2A42FBE4C0940120534625E71,2292,res_zhcn/ui/UiFactoryTips.csb.gz,c40e119403cf7a11b059ceeccacf3f1a
6F47781417789F14D8A3DECA90CFBE20,1066,res_zhcn/ui/UiFailureNest.csb.gz,4fe2ce4dffed49db4a3daf7f0c9f084f
0B04757772556FF6BFFEF678957DEBCE,11157,res_zhcn/ui/UiFashionApparel.csb.gz,d00431938b5c7f7f53eee7f436264187
C08B9F471725A9BFF5055AB87B8EB51B,2015,res_zhcn/ui/UiFashionApparelSuitMessageItem.csb.gz,d299f42d622edd1fa0dfef894d9a1a1d
545A4A9FEA5066A5C1C9787C0AFA116B,2333,res_zhcn/ui/UiFashionBagItemNew1.csb.gz,039ff65deb9c7ac64d852fd3baaa2a05
512C271793D5064F9B66875DFA015F2E,1368,res_zhcn/ui/UiFashionBaglistNew1.csb.gz,229adf00fa71455520735b7f012e6c5b
DEF84EE92FA4AD2A3A7D13BB8BB86104,2087,res_zhcn/ui/UiFashionBagSuitItem.csb.gz,c01fb8d647f3ffd0d14b46fd0f979bd3
D61ED6B8694F9B7E1E001F2BEFAEA193,1112,res_zhcn/ui/UiFashionBagSuitItem2.csb.gz,edf05cfc4bb0fb13337b14a7f0c0f3f6
A39E4248938BF8D22145AFDF09E1CA07,2957,res_zhcn/ui/UiFashionBreakeSuccess.csb.gz,6c196425c791545fa7feaefeb6517abc
A3818D1CA3110AB68C9291676A715BE1,5691,res_zhcn/ui/UiFashionCollect.csb.gz,0e36018e6978a850eb6409291d5d77bc
48ED9B567358B696E3EFF89E808657E0,2407,res_zhcn/ui/UiFashionCollectItem1.csb.gz,6850c912f9f87ad1ed079f533d343b02
4170E47CCC93594865ED2AA76328178D,1426,res_zhcn/ui/UiFashionCollectItem2.csb.gz,0d4a442ab55fa214ae134d7fc28ef964
E960F533229ACD3119CFC0E457C3D334,1167,res_zhcn/ui/UiFashionCollectItem2Cell.csb.gz,956b6be1315ab0019599b0a029f2519d
9018A85884F6B1EE749199E2FAA0F06A,2002,res_zhcn/ui/UiFashionItemNew1.csb.gz,48abb056d39032516257b5400a44f63c
77C9E6915F0B5D19AA849A01BEC24296,807,res_zhcn/ui/UiFashionLotteryAnnouncementItem.csb.gz,7e9971c1da0544c9ac2db89cde47572f
C6D6D8CE8D5E8132F7707F8EA04F9EA9,1477,res_zhcn/ui/UiFashionLotteryItem.csb.gz,4a6dd340eecd9bae41cf3eb4ea19676d
CA9C996C8F3FFE50BDCD0634657EAD81,5731,res_zhcn/ui/UiFashionLotteryMain.csb.gz,405e10ad1156da14a82bd84f860f7ac4
272926112C22BE75408624AC768A79E4,1764,res_zhcn/ui/UiFashionLotteryMainItem.csb.gz,f6c079feb956cdfe084ebf3b81e16821
4AF3CCE7A7A91B61ACD44D645CD5AF38,2810,res_zhcn/ui/UiFashionLotteryPrizeGet.csb.gz,01a0294c0cf7a04ff7bc52a85fc091c4
F77D3A9E93A3158448B3EECAF8969319,2171,res_zhcn/ui/UiFashionLotteryPrizeGetItem.csb.gz,c4cbe15db5e7fa8fc85f1d2303877f78
311EAFEB6EA1EC7BEC2669734E42773A,2094,res_zhcn/ui/UiFashionLotteryPrizePreview.csb.gz,e2f83fb5f40040f27560bb6a4e54f678
F677631209A2E0C5E631F0C0544F52E0,1704,res_zhcn/ui/UiFashionLotteryPrizePreviewItem.csb.gz,e607a523a5ae6e50c3bf9db2bfe24135
F3425738AF1F4F4AF49350453AA58581,1305,res_zhcn/ui/UiFashionLotteryPrizePreviewListItem.csb.gz,13b08e83893667efb89226d21bf4d7dc
5822167553524780A906CE30AE8E161C,2145,res_zhcn/ui/UiFashionLotteryProbability.csb.gz,8225c276a3ed41f4a95ab5fc1a928432
1BAC1E5E1BF82CDD8B8FCA0F8D49167D,1132,res_zhcn/ui/UiFashionLotteryProbabilityItem.csb.gz,944c741bc36bf34e0dad045bc717a0a2
FA81B91FF991C7B0CFB03A26AD9470F6,1545,res_zhcn/ui/UiFashionLotteryRoleItem.csb.gz,117a64139fe5cc9cf47c281118eb9ac0
38D226D59961D819668F02BFF6AAF46E,1970,res_zhcn/ui/UiFashionLotteryShop.csb.gz,9c620f048445c46c32ed06e2279fde08
C56085707A13F18332C34F644AB8B55E,2934,res_zhcn/ui/UiFashionLotteryShopItem.csb.gz,3d9a88f1a961ae8750d70bfa42849849
42135315D89CF63D97EB0581ECBEC41F,4447,res_zhcn/ui/UiFashionLottryGiftItem.csb.gz,274e2f98f659488dfb9a5f85ed543019
211307101AD7CC5C4674F5560A256316,1406,res_zhcn/ui/UiFashionLottryGiftMain.csb.gz,50b6b40622fd4eca6378643744776449
9D66D6EC9354B3B08C39877953D2DB21,1254,res_zhcn/ui/UiFashionMainMenu.csb.gz,47af9cdd309765f79e5a35a03420861a
D1CF22F21BF82D97D4DAAEAF34424DD2,1364,res_zhcn/ui/UiFashionMainMenuItem.csb.gz,3590bb8654e48353069da05f78af5684
2E9F5E82C637D73DF80F34D807716954,4396,res_zhcn/ui/UiFashionMainNew1.csb.gz,bc593e5abbbd46765dad9ec1285b1302
F37E4A88B805F7D9F87258E4E8A2BADC,2036,res_zhcn/ui/UiFashionPackage.csb.gz,61a009bce74b7cdbc805eb82a2fe0d46
39F55E2D3DA09552CF29CFCA56EA847A,2931,res_zhcn/ui/UiFashionPackageItem.csb.gz,11d31033ec343a19584b84666e2ff31a
5F7E393753993900B0814A44C24DF95E,1037,res_zhcn/ui/UiFashionPackageTabItem.csb.gz,9e5a709167ff50e63c26770a3ca0bff0
64FD42A3F4A20652C05084DCD6B09819,2962,res_zhcn/ui/UiFashionPacksackItemNew1.csb.gz,6c2afed7a333375e0f9135b42076fa43
83FDE6EBBD36BE081E8F808C5FBD4F14,2997,res_zhcn/ui/UiFashionPacksackNew1.csb.gz,45cc2152def686eec89dd23bb9881fb9
C1A45363085B0B7809299E14AE816427,1656,res_zhcn/ui/UiFashionPreview.csb.gz,77c278f781c8395b7f6187fc57895877
3782384095D2AB17896C4E07863BCD55,2637,res_zhcn/ui/UiFashionResolve.csb.gz,6942c4e021ed4157ce6e231f701d8eca
74C54AA861876A3DCD97C4CB2EF9CE82,1743,res_zhcn/ui/UiFashionResolveItem.csb.gz,c0ee3610e91119e46f83cb3242800507
21D6897B1CF0C96C81B982EB8246439B,2560,res_zhcn/ui/UiFashionSettingNew1.csb.gz,c2cc397ef143009f4b782f1577835990
28D752FB317B64A3BB861B845BB833C3,1148,res_zhcn/ui/UiFashionShowItemNew1.csb.gz,21674bf4c2fc9444a13582b538c7b84a
1E75888B5C8FB31D753CD12F9C4450DD,2048,res_zhcn/ui/UiFashionShowNew1.csb.gz,696d874c072c0f8d0a1c05ac5fc36a89
A5D1D21C059C06795D01BFFE2A8FBF6A,1537,res_zhcn/ui/UiFashionSuitItem.csb.gz,b22cc7872f018da60fee5319bec47627
403D2B2A67730817FB1C048293D58CE1,6738,res_zhcn/ui/UiFashionUpStar.csb.gz,54e710a6742b35816a7e417a3c11e54c
6CC8998C77CF48CC160BB1B4DD48C9AA,3092,res_zhcn/ui/UiFashionUpStarChoose.csb.gz,c3f1bc1ac818ee4b5f69c24940ef4143
F3094922044CDCCF0D46EAFD1E4FD64B,1797,res_zhcn/ui/UiFashionUpStarItem.csb.gz,db6d9028f88a6e6558f51587678ab5f3
6E1F0D0F22590FE79CD781D3C1DC9CBF,2989,res_zhcn/ui/UiFashionUpStarSuccess.csb.gz,4bf5e4207df6bf9b1106c3b8bf5e56da
7D471A1DC9C09E31DBAFCC0EF7962AB7,2508,res_zhcn/ui/UiFashionWarehouse.csb.gz,ca490334aebb59fe35c713347542342d
F33BD484ED112490C65AFBE3EC9ED952,730,res_zhcn/ui/UiFashionWarehouseHelp.csb.gz,1ce37fb1ab5655f2207bc6a711bcd95f
5CF17750A5D19A19AFE5F3C973735011,3460,res_zhcn/ui/UiFashionWarehouseItem.csb.gz,09f395d79a7962658a6bd6bdd65b0411
5BA473CDB2FFE1FC98DAED137B205FF9,1367,res_zhcn/ui/UiFashionWarehouseUnlock.csb.gz,6ed937e6a3a213dd01d52480296b3eed
F167502C4B65D06A73903AA44D391CC7,2279,res_zhcn/ui/UiFashionWearPreview.csb.gz,bac4ada48558b3428e6665801a338373
DDFBAD68A8F06FF30838B07F04A91417,1827,res_zhcn/ui/UiFastChallengeMain.csb.gz,37df311806e7a5fae60ecc6c2a973fc2
F497EAC9E1259E6595F2CC8226E8FA4B,3446,res_zhcn/ui/UiFastChallengeTaskItem.csb.gz,ff3d723d3fd72ab77bb7efec4b4a95b3
374EBF564B0A75A968D40A0BB1E1C0C9,605,res_zhcn/ui/UiFightAwakeRoad.csb.gz,cf4241518897aa2f4ca754fbd5bc2d24
2103E317DF5319163931CDE1065B009A,1352,res_zhcn/ui/UiFightBagOpenList.csb.gz,9ad5d29e6d09f4f5ede41125ef3f084a
E04340FD84D71FF64B8C3542AB8CA468,1397,res_zhcn/ui/UiFightBagOpenListItem.csb.gz,6236a554968d02d82fa5947b423c6939
17F4A5444FC57747034AB54C64411A50,584,res_zhcn/ui/UiFightBuff.csb.gz,99d75bd660bc99ff9b053bd1d2914f40
7BF00943C31B9EB374598D4762EC27B8,1197,res_zhcn/ui/UiFightBuffItem.csb.gz,af39b205215ea16b829777123b8d27c1
A87A22C56EB6EBDFFC1C4E41C229C813,681,res_zhcn/ui/UiFightBuffTip.csb.gz,6761386ebef9f32fb5809daa27976200
BEC1F20302368F7F1BC9417D5DC64E2D,1436,res_zhcn/ui/UiFightCampKey.csb.gz,debb82beefa2e230b6870b1cd4775049
9C9627FC4E4AF57E1BD1C3EA11423575,6014,res_zhcn/ui/UiFightCampMain.csb.gz,bcd65e0e53fc5127bea581c98ee7c6cc
902D997954C269970989D22C7400F6DC,2953,res_zhcn/ui/UiFightConstellationStart.csb.gz,9b2c76ae6798889b2b67b966669819d0
FD7201C4E47B6442AECA1B12AB79F937,721,res_zhcn/ui/UiFightConstellationStartText.csb.gz,7eb3d08c444bb1762986b043810985f7
9BBFD375F68A0AA1AB209E9F27862594,2196,res_zhcn/ui/UiFightCopyCard.csb.gz,9707f69f920d2b3bcf54dc97caa58b4e
2C81BA625EF78F016DE53B6D88E7A5A9,2181,res_zhcn/ui/UiFightCopyCardItem.csb.gz,d72a574b107a4752ae2a6f4b1591ecc1
19F17013988983282DEEB25B50F4126E,610,res_zhcn/ui/UiFightEnemyAttack.csb.gz,719a4c973b5f215a1a3b9b1e74f39c39
253A884D5EF3FAD70162032C47BAE342,1470,res_zhcn/ui/UiFightFailure.csb.gz,4a5198962e69e1b8988ff30d66e9b62c
3A7895907446C9B2770437FB6A6DA1F7,2876,res_zhcn/ui/UiFightFailureArena.csb.gz,c17404d0ba754298353a4e6d39f9fbf1
8BB82E7A32425BE70C5B9F9C9736B653,1074,res_zhcn/ui/UiFightFailureConstellation.csb.gz,11dded0b7ee5fc795a47282eb1ee53d6
F9833E73EA500E461E700318F9CAD1EB,1769,res_zhcn/ui/UiFightFailureCopy.csb.gz,16ef28f4d782e0c04dfb324c6e8ab20f
5C419F3DD0965984D13D8297D90C8472,1062,res_zhcn/ui/UiFightFailureNest.csb.gz,3e924f54e2b7a244835a015fec0c34c5
BCD269C547F3257BE32D9FEC51032353,1522,res_zhcn/ui/UiFightHudStatusPrompt.csb.gz,f69ac7488fb0033849deea0bf98f4c79
E2184F83FAB54A24E959E0AE7CDC8FF3,2798,res_zhcn/ui/UiFightInfinteSafeHouseTipDialog.csb.gz,9823b38b41546bcd650bb6c7c3f71295
0050F3253DB3408FB2E6C6053E6C1B3E,1269,res_zhcn/ui/UiFightingTips.csb.gz,49198a45afa1a93abdeff8c1aaafd0b8
8B5CD011E1003536A40E567A1499BA2D,3467,res_zhcn/ui/UiFightLevelTip.csb.gz,95ee8a5ddbfcbab43aa5e4c5feec3531
863D483F95C50062B11B4B9E5F8C376B,7337,res_zhcn/ui/UiFightMainBottomNew1.csb.gz,249f1caa41cee5ed38ba6fe02d48b6e1
0845EE049B7AE786EF6A5C8E961189B0,948,res_zhcn/ui/UiFightMainSpine.csb.gz,ad126c4740d87ea130d90b987fda588e
8B9955D607D1F3479C193657BCABDF10,1965,res_zhcn/ui/UiFightMainTopNew1.csb.gz,1b915807fc1b99db8a2df7220490b755
30D1C4688E1D99314EF36393C7A382D3,1065,res_zhcn/ui/UiFightMessageItem.csb.gz,49d0d8c07e0a47336cef8aadd0839017
9CEF8FF8F3FB714DFBC17BB76EA5DE03,2742,res_zhcn/ui/UiFightMonsterLifebar.csb.gz,4548c9489f0920370f1f4d6b1ee9183c
8FC70FC58C581B85DDD7116C11B09790,4928,res_zhcn/ui/UiFightMonsterLifebarBoss.csb.gz,e50cba35fa2ed4a4f28b5d7e6a57911f
4AA751775FF1F4C0180B2C8FB9665350,993,res_zhcn/ui/UiFightMonsterLifebarLittle.csb.gz,7362c1eb91222e5792040ab909f0db2c
927DE9916A6799E6B0A670B3B8821969,912,res_zhcn/ui/UiFightMonsterRageTime.csb.gz,13f638c0dfe259e6c67c0444006ea3c5
2489DEEB665E2136880FEB36E9CE3079,610,res_zhcn/ui/UiFightNianDungeon.csb.gz,719a4c973b5f215a1a3b9b1e74f39c39
F7E172F552BF60DBCA5C61AE097EC51F,2136,res_zhcn/ui/UiFightPause.csb.gz,54487f2496a99db81db84914075985eb
26F97197CC9EA3904B1EEC5A2DE2A191,2114,res_zhcn/ui/UiFightProvingGround.csb.gz,e30a1ab65f46faa5e51561329ca33679
CB5537E0BA33283B811642C6D4B84A69,1536,res_zhcn/ui/UiFightProvingGroundItem.csb.gz,5deb2e0e314d52876733cf82f06475cf
1229A767F0D7EFB588F30FDEFC4943A6,3488,res_zhcn/ui/UiFightRevive.csb.gz,0d1dab117d57c02669107b33d2222497
C46099B0008DEC94CF78BB929EE9B83C,3521,res_zhcn/ui/UiFightReviveBattleStar.csb.gz,18ecc80b15091650d778480849170469
A309A6DD904C325DD23735EB1132D07E,3717,res_zhcn/ui/UiFightReviveEnemyAttack.csb.gz,abe1e69e8f9ea87ca6614102336bbbf0
0CE1E6C75BDE9181E4C084337942833A,3918,res_zhcn/ui/UiFightReviveNest.csb.gz,570cff029a8d8ef32ae2724ade3668a4
8FA973F7FA66F24961D516B78E70CEF8,3717,res_zhcn/ui/UiFightReviveNianDungeon.csb.gz,abe1e69e8f9ea87ca6614102336bbbf0
DD4F0D80BA4A2E5C2DB752BECCB52757,3513,res_zhcn/ui/UiFightRevivePlot.csb.gz,24c3dd53791a1dbd285b5d2ae69f3758
E63DC28855988D3DBC434F2F06DBDAE2,1995,res_zhcn/ui/UiFightReviveQuitEnsure.csb.gz,d35714f6813f9940bbcb12c86fb93e5f
4F31F9F4691DCA650A8EC39B70EFC98F,2229,res_zhcn/ui/UiFightReviveQuitEnsureNest.csb.gz,0d3a4ff13f77bf004b9e62b2af62719b
2CBC58668A4C725D1D33C7B5477EE6B9,3419,res_zhcn/ui/UiFightReviveUnionActivity.csb.gz,4d0f4f98412140137fe84fb12382bd27
31A5DD72E76BC723B4140DA41F64EA38,3399,res_zhcn/ui/UiFightReviveWorldBoss.csb.gz,fdace7a6aef3d098278d5dc179c59245
41D90255693E215B5873EDFAE8539276,965,res_zhcn/ui/UiFightRock.csb.gz,f235c451cad7bb056655191ad54bdaf9
0B41BFA1C9626E0C1F5749D004495A0B,2121,res_zhcn/ui/UiFightRub.csb.gz,6d8e1d7a050205c8a05c84f58a3f03ff
D814B5060A26F01F944D9BAD3CE9EB3A,2480,res_zhcn/ui/UiFightRubItem.csb.gz,53b5859d02c5472e015c94489a1d84df
0D2902F611AE7A4FE89A5F5E4D4C5B12,2071,res_zhcn/ui/UiFightRubItem2.csb.gz,2a77063dc8f6704e62ca395e30ccef01
8B6252147D2F0BF9C5B57D574F82852A,1143,res_zhcn/ui/UiFightSenceInfo.csb.gz,898d851d893bb94b3890237ac2bdca9e
FC98373F6B1FCE215145506C05E0264A,3837,res_zhcn/ui/UiFightSettleInfinite.csb.gz,32a3826b77d22af8171ca6ef3950c3ee
1599927134BD21E7E0EB0314E7A9C325,431,res_zhcn/ui/UiFightStart.csb.gz,d10c084522b392f4664456cbd01794d8
E23B7BC18CF5E8E7379ACF8E6ECE0D0C,599,res_zhcn/ui/UiFightTypeBossrush.csb.gz,5799c261aa893d30152f0e5d2e7a5c7d
3B243F65052F2861775B3CB8807C3D7A,611,res_zhcn/ui/UiFightTypeConstellation.csb.gz,30fc3d0569c558122ff4f8994a95b747
5B655273899EC71A3F2E4C0F0E57ECF2,2093,res_zhcn/ui/UiFightTypeCopy.csb.gz,3d0b23581bd6f8fc8bf45404396e9f73
30725641E8A8C67E2105EA1078754B9F,1544,res_zhcn/ui/UiFightTypeDimension.csb.gz,4cc3b312b55cda122ec994bcd1ea6259
FE14004E8DE6F315D69D27873B8A184D,596,res_zhcn/ui/UiFightTypeElite.csb.gz,205ea50b31d776de61e972df26b0ae32
A434D553B7B7330CBE96183550DF40D0,438,res_zhcn/ui/UiFightTypeExpedition.csb.gz,c790db7c8b6194f6a319dbe6ae871fb8
4AD4B8B18829741C15B8BA9DF93C263B,2609,res_zhcn/ui/UiFightTypeInfinite.csb.gz,28e2fb53d031236ef75d4ae2d700250e
A0E47D14B1CBF1F6FA8EFC665386A915,1391,res_zhcn/ui/UiFightTypeInfiniteSafe.csb.gz,01224dc0fafb4f94ebb37effdd0af1c2
66FEADC96166FA8B49D66C625BB282DE,2989,res_zhcn/ui/UiFightTypeLimit.csb.gz,b963694af726ba61c1fd394daecc4ddc
6AC29957B09D25B605D1B3D0C509C318,1385,res_zhcn/ui/UiFightTypeNest.csb.gz,a0412bec0c21420a85112a654158c5a5
E63FC2509716FCC0BEE74EBE817DAF79,3000,res_zhcn/ui/UiFightTypeNestItem.csb.gz,6f17b893f2f256cf703cee91eeb0a848
52B2984799FA14D058E689B927B2906A,1463,res_zhcn/ui/UiFightTypeNetworkFightDebug.csb.gz,3c81d14d13bb7cb227b9439f0b0008ac
7ECFC6931E782326B95D808C8F67100F,597,res_zhcn/ui/UiFightTypeOrdinary.csb.gz,0f3ae83bdd3803aee3995b45c78376a2
DD80A9F19B6C10B5C842728D8F2AC86A,1473,res_zhcn/ui/UiFightTypePartnerTower.csb.gz,af34c0db9e4ef6e5c8e22f64e975bdfe
B15CF6C91E8C6E425E306754EE4A6CC1,4351,res_zhcn/ui/UiFightTypePlot.csb.gz,5e9b070c7249534347f90c76b48fdea8
E89FD86F1713B6518BA6B57A17EAABAA,1655,res_zhcn/ui/UiFightTypePlotStar.csb.gz,9cac8cc7c4c0b93a79f4d751ccb74e27
3D20521781AE98A9E4AB424D4432D59D,4143,res_zhcn/ui/UiFightTypePVPRoom.csb.gz,ae7704fa7033b21a85ecd03db1850a59
6B57C62F1C8C6FE30C4728A1C1D942C6,1034,res_zhcn/ui/UiFightTypeReplay.csb.gz,ff1f5c60bbc4946c40acff34fbdbfc6d
02BDF1BF12D96BC7AC2DEFF403A59598,895,res_zhcn/ui/UiFightTypeResourceStage.csb.gz,1b0ea6be59d3064e29e8693261e212f2
2A2ABEA29032B704692BB271E9B096AF,2943,res_zhcn/ui/UiFightTypeTower.csb.gz,d5c6ee83f456af1566dcab3199bdabcb
314770D93C5768D97FD7B75DF2CD0312,1720,res_zhcn/ui/UiFightTypeTraining.csb.gz,6d75ac9edbcb2831b1a5d8e38f83f650
A40EB6A3E4D9D1D9C844ADF42CE8EB3E,1682,res_zhcn/ui/UiFightTypeTrialChallenge.csb.gz,a32aef2b34f958d2ac5d9e6b05328a5c
2AA05DD6BE6B2DEF20175B63772F2DE4,598,res_zhcn/ui/UiFightTypeTutorial.csb.gz,dd0998318fed2a7d385fc479ddd06391
67B7E2AF271C0482AB47FF94FC2E089B,1514,res_zhcn/ui/UiFightTypeUnionActivityRankItem.csb.gz,e2dfa17d280327ed535cf8b01395bb45
1DC9D85022F569CCA3915B4D198F386A,4393,res_zhcn/ui/UiFightTypeUnionBoss.csb.gz,250883f10161109a4260da35c04be9b1
68DCF57805D0A520F4DC592A5080ADC7,1405,res_zhcn/ui/UiFightTypeUnionBossInspireItem.csb.gz,626a581731ea96f7d9974e0b61eb9872
1A9BB650B098A17A54F0FB0C05AA3911,4304,res_zhcn/ui/UiFightTypeUnionChampionshipFirstStage.csb.gz,329ab2ef7367882d22c3d9759e9c4158
C1769244F22CE26F83F0763FF42EA9F2,1480,res_zhcn/ui/UiFightTypeUnionChampionshipFirstStageRankItem.csb.gz,3fb74e95964bb4e3209b14a80dc3cc67
28C8C73F9A2E91BB284E751F555D7F82,4754,res_zhcn/ui/UiFightTypeUnionChampionshipSecondStage.csb.gz,28d68c321ea4f08504db0264cfa65525
2E818B1FAF83FB9F08CEE837804FB2DA,4397,res_zhcn/ui/UiFightTypeUnionChampionshipThirdStage.csb.gz,5a6cd4de9dcfe3058580b3aef74e862e
3E57A0F1F40D9F67AD312ACF69617906,2722,res_zhcn/ui/UiFightTypeWorldboss.csb.gz,3e982ba458ad972e490188732be311a2
75967204E09EA74F62E9F8B9CBA59DA3,1395,res_zhcn/ui/UiFightTypeWorldbossInspireItem.csb.gz,0ff8de5f4ba5e06dddd3401daf230eb8
2369EDCB73A160165FEDC1A0D0297190,1298,res_zhcn/ui/UiFightTypeWorldbossRankItem.csb.gz,33f3fa2e7d0d13d478f77587beca7f32
D4E1737C5A5524AC027F56E9E145D60E,3360,res_zhcn/ui/UiFightWinArena.csb.gz,7e131e97f80762a7d8432edaf8068d00
A4E307E175B43C4A9274B939CF64697F,1651,res_zhcn/ui/UiFightWinArenaItem.csb.gz,42d750b165d0b9dc4457fb55a5b1397e
2D2D40D2FE91FA966A7FD71C76100607,1058,res_zhcn/ui/UiFightWinAwakeRoad.csb.gz,7d5f65e66807683f542acd430d4dcf50
4796A4BEC966044BD9286984EDB0DF3B,5864,res_zhcn/ui/UiFightWinBattleStar.csb.gz,1a4de670c21efcb7348668a3fa801c1b
9EB28F33F13E06F2BA0EF1D46E32CF24,5909,res_zhcn/ui/UiFightWinBossrush.csb.gz,1ae79a34bcd5b977cc9acc321dd9951b
4E4FB2AC1BFCD2F5798B893A64541CEA,1947,res_zhcn/ui/UiFightWinBossrushItem.csb.gz,c1722846d6c4fd68cff1293d214a2cc3
641E5E1905B60B7E40C38AC8072965DE,4720,res_zhcn/ui/UiFightWinConstellation.csb.gz,d5316c8be8d6777f25c2b56b89cdbe24
F4AA3DE4CDDA74EFDC6B550C0D7A3324,1949,res_zhcn/ui/UiFightWinConstellationItem.csb.gz,11b46f18538ab4e841d93711bfc5ee2f
C5529D2E577815E06E3B6F9E2FE570EB,5068,res_zhcn/ui/UiFightWinCopy.csb.gz,d059bb44dec232747a61b6bc5a47377f
772447A2A82560D20E90CED4F6393B92,649,res_zhcn/ui/UiFightWinCopyItem.csb.gz,0d3b1a12f16c0f965b7ac5bf315a63dd
7D47DAA0A4E08778C8316920A3799286,3492,res_zhcn/ui/UiFightWinEnemyAttack.csb.gz,df6c056effcb900975d96f6f9173ca63
6F58DAFB718C0A373C7EF1178AFF3305,1437,res_zhcn/ui/UiFightWinEnemyAttackItem.csb.gz,43b2c89e3aa59ec825226b90dcc708d0
01BE9AA8A5D6155FE2FFD3AB3D49CA66,1781,res_zhcn/ui/UiFightWinItem.csb.gz,64310ed413ba8cc98b4ae43bb4dec285
368E793C4C0502BAD7B69187569F0A08,5279,res_zhcn/ui/UiFightWinLimit.csb.gz,bda9eaf7a2da35ed21b79187385050f5
A3936DF03A904FD7850FE7A8A7C689DE,4756,res_zhcn/ui/UiFightWinNest.csb.gz,543fc3bc13e2e3138176b6c326060189
6411D3CDA24E6819AD0496D7816DF550,5113,res_zhcn/ui/UiFightWinNestDoubleCard.csb.gz,ac9ea98a177639452f78194619b33cf8
17DCD6184B722EB4C28153D3731A928C,2062,res_zhcn/ui/UiFightWinNestDoubleCardItem.csb.gz,a96633b0ca4b394d61c6eb56431b6a38
92F8AAC03539A6C159E115A714D927DB,1785,res_zhcn/ui/UiFightWinNestItem.csb.gz,02fe66ad757d60ca27278f0da7a9a6eb
5D55C6156139164DB53DB5D9701512F2,2511,res_zhcn/ui/UiFightWinNestNew.csb.gz,017bb18c43e888ca790e0fd429b684da
A5F449420F76A203FCF415013FAADCD4,1837,res_zhcn/ui/UiFightWinNestNewPlayerItem.csb.gz,e1248bf49db99b4cc696a5997b2284e2
C5BCD69219AE05D5FA6DD87782C88E60,1682,res_zhcn/ui/UiFightWinNestNewRewardItem.csb.gz,04e8b5e5efd07e1ee502bbc62b586dd8
86941BFFD3F1EDFE6A365FF3C4733703,3492,res_zhcn/ui/UiFightWinNianDungeon.csb.gz,df6c056effcb900975d96f6f9173ca63
BD3E36D410F7B286E88BF311B642D1DF,1437,res_zhcn/ui/UiFightWinNianDungeonItem.csb.gz,43b2c89e3aa59ec825226b90dcc708d0
27147A60079CD2BA4F0B3A87A126C612,2222,res_zhcn/ui/UiFightWinPartner.csb.gz,80172fbb6dbfdc78879674aae42f58ac
7D9399F2BB397482368F072A1A7AF1B7,3348,res_zhcn/ui/UiFightWinPartnerTower.csb.gz,801811d9c1f55c3c93eba44d957674a0
4B4443629735E37ED52D3F130F65E13E,5854,res_zhcn/ui/UiFightWinPlot.csb.gz,1a5825f2c37bd32fd7d7f53a727638e1
A7C8DD1B90DDA6D979D2CC6AB656ADF2,3038,res_zhcn/ui/UiFightWinProvingGround.csb.gz,d47f06429386fecb92e8e7131e79f406
2CDCF8A27216CEDE55B33826DB6BBABE,1439,res_zhcn/ui/UiFightWinProvingGroundItem.csb.gz,8361acfdbdd178799d6ba3c618777271
22222C678FC77C77F0385DEFB3DFE5BF,5402,res_zhcn/ui/UiFightWinResourceStage.csb.gz,2dcf2c5df7e248b681e06967346687dc
72795F5717B3608F17D467367000CC87,3951,res_zhcn/ui/UiFightWinSchoolFight.csb.gz,51b48c515240b639268cd3de61eec045
AA5BA500E2219B97EF5183A5FE442D91,1686,res_zhcn/ui/UiFightWinSchoolFightItem.csb.gz,f89610da2dbc881e1a0637ecc8cfb9a7
268DC81A23905B84377066820C88444B,5567,res_zhcn/ui/UiFightWinStage.csb.gz,f07139a50b2d1344142f7a907fe55909
6F9E056F6E0E5B5EF90BE3DF37075F5E,3418,res_zhcn/ui/UiFightWinTower.csb.gz,bc8bdc2740be57addc4e955d228e7a85
C1FFBD79ACEE44352FFE61F7161EB744,3948,res_zhcn/ui/UiFightWinTrialChallenge.csb.gz,35680a81375f1bfde3b055818e83ae80
ECF9F1EDC1079EA50E9BF67AB4A57AAA,1082,res_zhcn/ui/UiFightWinUnionActivityInspireItem.csb.gz,067e6202815e46639a38bfe166b44ee2
EB1DC1D5ED9F9B32C39374217F253EC6,3492,res_zhcn/ui/UiFightWinUnionBoss.csb.gz,cd13108ec854ee9b2aa5cee9fe70ee5d
DC666DA53AC2478ED1CF4D7B2C20B9D1,3377,res_zhcn/ui/UiFightWinUnionChampionshipFirstStage.csb.gz,f3da0b9b3ca6c57cd35e2f20e2c879fa
CFB35F1B568F380A733EDC2770376D1A,3375,res_zhcn/ui/UiFightWinUnionChampionshipSecondStage.csb.gz,3fcc7d7c65ff597d8f9b3007eaa0751e
99E6A6C0BE577612373BE37D3695249A,3376,res_zhcn/ui/UiFightWinUnionChampionshipThirdStage.csb.gz,98ac0c4d920dc20ce237bcf55b7778f5
083FC90E13FFC0711E96DEAE708BE91D,3104,res_zhcn/ui/UiFightWinWorldboss.csb.gz,7d45dbaafe30e94dd674d77e3cc235dd
64DB87865CCBF949599A5231ACEAA13A,1723,res_zhcn/ui/UiFightWinWorldbossAwardItem.csb.gz,dc24b89a5eeabb1b76fb5a8bb9639c56
EF752175066809644C685BB7F5BEEEB9,1084,res_zhcn/ui/UiFightWinWorldbossItem.csb.gz,c5adffa1386b0a53f612e74719d08ccf
C6617EE8121F433BD638F214D0A5450C,2577,res_zhcn/ui/UiFindPowerTips.csb.gz,b11827f57dac82a6907863ab580fb150
F1A5F5A54E609892F23892A3D4815916,8412,res_zhcn/ui/UiFirstChargeMain.csb.gz,b40ca1e68171eff2e2a1c7e17d5a1e38
7349D75803416D61D1823A8DDF7608CB,6516,res_zhcn/ui/UiFirstChargeMainNew.csb.gz,b3b5f42569bc65103e7a8bc41f37c3e3
16972D32E7D3C43D4BE1E42EF245B89A,1396,res_zhcn/ui/UiFirstChargeMainNewItem.csb.gz,2e75f208a534db43389a4ea9f33e1308
C6A413CDDC3E53CB83A8B9EB597340A4,1108,res_zhcn/ui/UiFirstChargeShow.csb.gz,91a29b253ae7806e379d642d01fa76c9
23CA14145B6B1780004C68F31A2B6127,3239,res_zhcn/ui/UiFirstLoading.csb.gz,9c8b96e0f362cb00ede79cc26258ada1
1672507A40D4E0C120A4D35B814ACBA8,4002,res_zhcn/ui/UiFlowerMain.csb.gz,7b3f964c953d7b53f1a656258abc1f0a
4B6A387A8641F73675FC08826D097A00,1870,res_zhcn/ui/UiFlowerMainItem.csb.gz,a73829f709a152d208e2cab3ff7d6b00
5B517F809FB55BB4BE5419645817E463,3504,res_zhcn/ui/UiFlowerMine.csb.gz,e8ad177f7b37ea99117c9a80526c75ca
5C4050B965F76AF059774EC45E20AC1F,1813,res_zhcn/ui/UiFlowerMineGiveItem.csb.gz,97c30d3955a1aec39f48f78c19978007
1275D16026310E0E7BACED9A1ED1246D,1536,res_zhcn/ui/UiFlowerMineReceiveItem.csb.gz,dd771678049abeffd6703ddd4c12e5be
2EA66BC1C13D1AB32F1EAB987583BFF9,3358,res_zhcn/ui/UiForgeTipsNew1.csb.gz,89ba3aae4cc0f3dc9421d6913f37c854
13F18211D55A152F871914C1F4F4C368,2558,res_zhcn/ui/UiFourteenSignInItem.csb.gz,000eaa1431b6fd966dbdd5a8a883a5c0
DFD46018368BFC486AF970530F563A17,4307,res_zhcn/ui/UiFourteenSignInMain.csb.gz,e22000e2d4c6fce2293c0912b36c8abf
68311FB8649751B5CCBEE8EBB06ADFA9,804,res_zhcn/ui/UiFourteenSignInPeopleItem.csb.gz,e301b49deec36442af1175ea27ab694e
62EDEEC00DD0CB0942901E2A1A438DD2,1713,res_zhcn/ui/UiFriendMain.csb.gz,6c259d2ba36ea9bdfb70497f2b923890
9E75127257D276255EBD9A5545106D23,2631,res_zhcn/ui/UiFriendMainAddFriendTips.csb.gz,e406205b80cdeb9c4dde9894e71614a0
8A57A1873FE6B4D180EC7076F1184D14,2841,res_zhcn/ui/UiFriendMainAddFriendTipsDetail.csb.gz,ddd7622e174c017c4f76e1c42577295b
7AE9FA4B0406D0770398DA99A2911F15,2400,res_zhcn/ui/UiFriendMainApplyFor.csb.gz,195d401fde5e9bf9d5b6d911c5821857
DEA755018E3A5D363D5B38801F702827,3786,res_zhcn/ui/UiFriendMainApplyForItem.csb.gz,13907502f28a32a470922f9fb7e34a87
B01FD7F7F9EF55300C155A3C619B3549,2203,res_zhcn/ui/UiFriendMainBlackList.csb.gz,044c27fdd158232b0768916469e69fa2
2AE2F4A02588461B6BB284E607A1EBC6,3422,res_zhcn/ui/UiFriendMainBlackListItem.csb.gz,dd08561382ca60f857083353e834f1cf
77F575BF5F4EE31E81EA486A7C6D34A1,2108,res_zhcn/ui/UiFriendMainBlackListTips.csb.gz,be42d6b53ebac05ca7220f08b7a9fafc
28C8C8D1F53A94F23672AD18A541526B,1526,res_zhcn/ui/UiFriendMainButtonItem.csb.gz,c493442b91462a8bcd2638e423fc10cf
48F5B18069974ADE251119D2EAE328BF,3006,res_zhcn/ui/UiFriendMainFriend.csb.gz,a31d46ef7267452eee6ddeb4ff97f448
CE1454306C84E970B53A9AF7B9A52DCE,4152,res_zhcn/ui/UiFriendMainFriendItem.csb.gz,c54b15c082035ab97d6d8dd0188256e9
6BD49379515926A951CA349B92AF8FDD,1634,res_zhcn/ui/UiFriendMainRecommend.csb.gz,096931659c3176fbc34a4f23584692cf
CEAECADC7954E188FFB3B868CF1AB643,3643,res_zhcn/ui/UiFriendMainRecommendItem.csb.gz,c582a84371349fd2cc62dd502e4c1008
9B6D315EAC453B192641AF7D56157EE5,1921,res_zhcn/ui/UiFriendShipPointRecord.csb.gz,399a021c16f2b33565037a1ee0ee9b9a
0496EF9CEB3002E637649172CDF6726C,1543,res_zhcn/ui/UiFriendShipPointRecordItem.csb.gz,cb5676e9c72a839251bff0bf2efefe65
B70536221075B88BB9DC068065F1956B,2092,res_zhcn/ui/UiFundMain.csb.gz,6020898625ee31e536e31ce44cea9655
330367A6170F58B797D0D523A3CB1084,3621,res_zhcn/ui/UiFundMainItem.csb.gz,7c922dd18b5adc6cfe2dd2196c3abfa3
89998124E57AB0D8508562F40DF92726,1808,res_zhcn/ui/UiGashaponExchange.csb.gz,87a11753fdf60b91b685e0e1730d7f14
7D1E0125ABB2BAA1FA7CC570F19105FC,3867,res_zhcn/ui/UiGashaponExchangeItem.csb.gz,086228b0b0bf53cf6ae4b402419e89cf
0BBF4B5482F9A9F83E93F226154D2728,1828,res_zhcn/ui/UiGashaponExchangeItem2.csb.gz,00c846d53697e3710dabb779791eb552
2C5C8CA332FB293D8D8EB63D177DF65B,1052,res_zhcn/ui/UiGashaponGift.csb.gz,b948772ee2e743d7d5d86d8e252caceb
198A83C00A7F9460517294CA9116B934,3182,res_zhcn/ui/UiGashaponGiftItem.csb.gz,d09676d4a8f66d72c8b0a30307dcda04
976E9734FC1FA0B4CFA58CC9895BED79,4750,res_zhcn/ui/UiGashaponMachine.csb.gz,11a253d168e96a62fcad7c68799f5015
5393BA59D6FF77D6A3896930FFAB7CEE,1499,res_zhcn/ui/UiGashaponMachineItem.csb.gz,c86c71dbe03a95dbe2e2a594aca63b73
A58FC4F70CB3312D636B9D75A3359350,2357,res_zhcn/ui/UiGashaponMain.csb.gz,1aa0c29e629e73c7a4fb4da299e61f8a
930AA0A071B781F7C1AC36453386AB73,1388,res_zhcn/ui/UiGashaponShop.csb.gz,638c15e81bbcfe306cc2b549d8baefdd
FF5FE592576D15EE7B07E8A43441AB01,3309,res_zhcn/ui/UiGashaponShopItem.csb.gz,9c44cdb062dcb983fbcfd53375dfa479
CC69A6193CAE0CDE88249AAF4B58E8E7,1383,res_zhcn/ui/UiGashaponTask.csb.gz,f45d0c02ff89fc7cd3c428e4677f1842
88244BFE6080B729AF52790EA6C4ECED,4370,res_zhcn/ui/UiGashaponTaskItem.csb.gz,a9e255696b00a815c44449a5cec4d240
1C285B8E74F6FE4715E0C976D41D199B,6424,res_zhcn/ui/UiGemBlend.csb.gz,0256545d758f7ed70e6771c7c3c4cc27
122344C367E43F6334E1B6572CB48E0E,3911,res_zhcn/ui/UiGemBlendAddSet.csb.gz,78c34d36524345261cf123a4fc7337a1
16409F273E44C0AF2F0B9E17513D3C2F,3319,res_zhcn/ui/UiGemBlendAddTips.csb.gz,93e770fa80b92e6b7767319e79a4bac5
6E9139DDCEE830E47805403C99F74CEF,1415,res_zhcn/ui/UiGemBlendAddTipsItem.csb.gz,7516109cc3dafd796c3ad189cb459c68
1941644AD3661DEBB23AE8CD20DE9D11,3087,res_zhcn/ui/UiGemBlendBagItem.csb.gz,699d030ddad92a42b4c2ac94e65694c1
F9A840270531B88E66035B5FC67A61B8,894,res_zhcn/ui/UiGemBlendBagType.csb.gz,349c2cca1e873a061920ea73c058dc60
ABFA5DFBE66A7C065DB4E73C204963C6,1213,res_zhcn/ui/UiGemBlendGem.csb.gz,2f9811054994a21dd693ad8a175446d8
BB9B956E890E7BA73D145AF69AEC186D,3319,res_zhcn/ui/UiGemBlendResetTips.csb.gz,6d957382a08c983b1eb8a639f64349a9
D4DBC294592409C212C205B86B95FC04,4461,res_zhcn/ui/UiGemBlendSucceed.csb.gz,18807f7fbac83facd447593bffff025e
DC317487AFB65BC81CBF00051589990C,2861,res_zhcn/ui/UiGemMainItemnew1.csb.gz,7cd6b3cd47dff2baadd42d0a9e5bae1c
D940691EEFC6F4907F195BE8586BE92D,9764,res_zhcn/ui/UiGemMainnew1.csb.gz,e5d28bcc3d256872e3ef0215ff6d2c08
426DDE0AB2CB8BC30B8CA226D7F258C7,2749,res_zhcn/ui/UiGemStoneItemnew1.csb.gz,29ac13d825d54152eff51d3f27ac8225
D4F927D2092E18FFDB3C0B3885BD87E3,3992,res_zhcn/ui/UiGemStoneNew1.csb.gz,b7d2fdc99102b4955a2ce6b424edaf0f
8DF13A36CB8903726BBEFF7115D05435,1922,res_zhcn/ui/UiGemUpdateItemnew1.csb.gz,c6083bf9088b659512fdf2049b537e56
99A9C0F593B5B5F336EDCF1A4FA924AE,5247,res_zhcn/ui/UiGemUpdatenew1.csb.gz,8fafd9c52592dc8da303c9d3ec24f0e0
BE54724A8E5385B08B3AFB5AD79B0D90,610,res_zhcn/ui/UiGetStrongerBuyMakesure.csb.gz,5e6e3ed03a5a4c92cce8d60209c11816
CB701C077701E029ECDA7057D40BC97A,1563,res_zhcn/ui/UiGetStrongerLevelButton.csb.gz,9e07e3e635042bf74c9984cfa244d605
8CFB4B4D4CFDAC60D362B81833D77E3F,4313,res_zhcn/ui/UiGetStrongerMain.csb.gz,3e5bcb53c8bcfe95775efb9b704abf30
B54AE390A1C4E25D8973E726534D3A5D,1637,res_zhcn/ui/UiGetStrongerModelGiftItem.csb.gz,afd01df482ea3a03d5080ad6a136b428
33DDCA6403073FF35858FFECE786C617,1679,res_zhcn/ui/UiGetStrongerModuleButton.csb.gz,9726e1ab0b0699c55df309bc1a844bbe
A91493A95E299C1003D9BD63C0D9ED1C,2511,res_zhcn/ui/UiGetStrongerModuleGiftPreview.csb.gz,8c4ceba930879c7b53864fb596e6b731
391B757142DF23667D401D83A43030E9,1724,res_zhcn/ui/UiGetStrongerNavigationMain.csb.gz,2e4baf3178d759c79e175c84b2f17bf2
477D3E455797A0A656D4753B6A55F64E,1196,res_zhcn/ui/UiGetStrongerNavigationMenuItem.csb.gz,f94a826e0ef361b390e61446c1e32612
429AD08F085A32B8FCF36D4DDCA7C4B5,4001,res_zhcn/ui/UiGetStrongerTaskItem.csb.gz,78204567f51162dc057f2dea8bf6ca35
9B35C1683EF227675D9529B7452D21E2,2050,res_zhcn/ui/UiGetStrongerTips.csb.gz,d0f1becf2a68030cfe98377df92f4c9a
C6C7EAAFD56B812A5572A06289A58040,3007,res_zhcn/ui/UiGiftBagItemNew1.csb.gz,b86611b5141452b631a0a3dc629cc9d2
1891B24391F92EB37EC6B88DE68A15A5,1775,res_zhcn/ui/UiGiftBagNew1.csb.gz,29ae352be3b97e4f7f85080fac763a97
0DF8FCDF7809203DBB894B8BAA763050,1784,res_zhcn/ui/UiGiftBagNew2.csb.gz,734baae126207173050d72eee062ba41
5314474A0CB537697026829C2FF87D2B,2888,res_zhcn/ui/UiGiveVigor.csb.gz,88f4ca746a9e9dbee2abcef3a147c30f
C1A71AA1FE113085C2A3AB8C00E5A2F5,2646,res_zhcn/ui/UiGiveVigorItem.csb.gz,1a3b61cb62490c1a4141eb0fca5bf444
15F8B037682BAED693F49E7E666E1778,2979,res_zhcn/ui/UiGodChooseArmKyiExplain.csb.gz,6fdccfc8377dd3d5af96281b72f5c89f
29D9F6E8558D762E4E30AD60BE0B9D31,1209,res_zhcn/ui/UiGodChooseDialog.csb.gz,c049ddf6f78c0d10d0e44c966aa922da
00B133E4F694735D5545D294253B40B3,997,res_zhcn/ui/UiGodChooseFashionPreview.csb.gz,972e19589034995ed671c773b75bed4c
30DF47B261ABA76C0E5269AAE4CFC53B,1216,res_zhcn/ui/UiGodChooseLevelSelectItem.csb.gz,fb08cd2ce6e22ef16e862a01fa9599a8
6FDB247B45345CF609493C928E9624D7,1227,res_zhcn/ui/UiGodChooseLevelSelectItem2.csb.gz,11eb6eb1c3b8ba783b55ae9c8ec72e9d
69CC9AE37D67EC0DC977CC955CDC9D05,10847,res_zhcn/ui/UiGodChooseMain.csb.gz,079e4a102c8fe3ce8808fd998aa23930
1FF81157F2B43DBA39FEC66A28D20B6C,3472,res_zhcn/ui/UiGodChooseTaskItem.csb.gz,76b8a4c851b4fb69f97e5e83976add6d
053BDF130B737AF18307412B211E3024,621,res_zhcn/ui/UiGodWeaponAccess.csb.gz,c73f93b78c9f4373e94ca5db94a0a1a7
D997CAAB7BA46A9A13FB4DB5F78A85A5,5455,res_zhcn/ui/UiGodWeaponAccessSweep.csb.gz,2fdcb9aec7516705518ec95066f3d539
6E46C2A72A9BB048635BDD4C66C7E398,5451,res_zhcn/ui/UiGodWeaponAccessSweepNew.csb.gz,656b1654355915b9a7063c5d6795f00e
7F811CEB987FFAC624D60EBD7078EE60,1166,res_zhcn/ui/UiGodWeaponAccessSweepScroll.csb.gz,ba4784f4bcca665b6ff96a18a5ba13ce
C85EE6CE1F80C14372F86F4679A5FB0F,1564,res_zhcn/ui/UiGodWeaponAccessSweepScrollItem.csb.gz,15f7d74a7e7608f3a0b55783d57fe3a9
0F007A66AA38291D2AD874F4E50B9DCD,5384,res_zhcn/ui/UiGodWeaponAccessWay1.csb.gz,c6201f891be87be5bdbc86aa78ab0a13
D05236418B7A7234BE0676993D9230DD,5249,res_zhcn/ui/UiGodWeaponAccessWay1New.csb.gz,bbc67d389b83ceef437d7befbd3622a2
C314BA64D5BD7B7B901C746F102149FF,7082,res_zhcn/ui/UiGodWeaponAccessWay2.csb.gz,c1d6ba26ce6f64160c0aaf11db0b75d2
7B4FF581DE37398C15F3461A317225AA,7215,res_zhcn/ui/UiGodWeaponAccessWay2New.csb.gz,0dd5b552912fad76aad8c05b08cccbe1
6E84DDE634702377CF684E0BC1062BA9,3722,res_zhcn/ui/UiGodWeaponAccessWay3.csb.gz,24dd7fd83605350f04820faa7a1fa476
A726DEC0F58E267103978BC3FA65F1DA,1210,res_zhcn/ui/UiGodWeaponAccessWayAwardItem.csb.gz,f27794879771361b0a3c912ae21cadc1
E9B11AE49B378003394DE4D4A4CD8EE4,3896,res_zhcn/ui/UiGodWeaponAccessWayTypeItem.csb.gz,176575f9b1c3aba4afc3164dadaa5c5e
0BB229C7CB26729354AC41E93C0F57D4,1609,res_zhcn/ui/UiGodWeaponAttributeDetail.csb.gz,7dc6e72b29f45c32bbb93ff57430eb47
7F2F4EAAC2E9E6ECB349259EC8D545D5,867,res_zhcn/ui/UiGodWeaponAttributeDetailItem.csb.gz,9684b2e5465e52879621a742eeaf5d6a
06940253E27146EB74A53961824AFFE2,771,res_zhcn/ui/UiGodWeaponAttriDevideLine.csb.gz,f7f60a5395c051dfb70551cad9ef6c01
A314F23585710B17BB4F0EA6EC7782EE,6047,res_zhcn/ui/UiGodWeaponBattleFormation.csb.gz,f9762c5587a69f2bf9451ab7430a520d
7756E35C5CF501C4EB10984980685277,2131,res_zhcn/ui/UiGodWeaponBattleFormationItem.csb.gz,ca5142bf77fd58f359ef0fc01dc504cb
87C16AB10D3DFF2508D178324D278C89,1664,res_zhcn/ui/UiGodWeaponBattleFormationSkill.csb.gz,4742909d37667a0edb958f04ddf335cb
3376B5A34DFC97A653DC0B02129D1FDA,3588,res_zhcn/ui/UiGodWeaponChoose.csb.gz,2eb22b11caff1adaef18a4bd984b4c7a
6976E8E1B0E3964D1CF74076DDF46F41,4489,res_zhcn/ui/UiGodWeaponChooseItem.csb.gz,466d2207182f77573e4a6234b947c368
EF7CCA348294B846A36FDCAFDC9123E8,4883,res_zhcn/ui/UiGodWeaponChooseItem1.csb.gz,09da3bb64d9bfe582d68888b372487c2
63C37DDB5F2912BAD2D28D540276E7C3,1449,res_zhcn/ui/UiGodWeaponChooseMenuItem.csb.gz,5a6c605f9f5bc950ca88781cdab34cbe
DC9243C57EAE055A57F32FEB2E8F9473,2142,res_zhcn/ui/UiGodWeaponComboDetailItem.csb.gz,47d4fba91562195c77fa8e82154c261c
B5907B0741B786B20F507DA4778C23BF,1612,res_zhcn/ui/UiGodWeaponCommonSkillItem.csb.gz,e839b4f0717b3c40956cec025b381efc
7719ADD47ABD8591102AA602D2BA121E,1001,res_zhcn/ui/UiGodWeaponCultivate.csb.gz,51f118631558343dee436c171130ae0c
46488CE2A9D7238CBAA2E37F107557FB,1702,res_zhcn/ui/UiGodWeaponCultivateMenuItem.csb.gz,f0a6caefbde5ae7f9a4c40631018988f
456FB558607494826EA01B190FA79535,3858,res_zhcn/ui/UiGodWeaponDetailBase.csb.gz,298347057fe0d814794d39be0caeaa41
C87590BC1A56E51EA9635F269BF197AE,7883,res_zhcn/ui/UiGodWeaponDetailShow.csb.gz,37397ad29a933ca09f695d53a7ec74b0
0D5F39E2EA7CC3E20E458627C4FAF2C3,1349,res_zhcn/ui/UiGodWeaponDetailShowCollectAttri.csb.gz,66b588ad37026bba752df929805bd7f2
82D813F041E9FC474FE189C3963F14D5,1103,res_zhcn/ui/UiGodWeaponDetailShowCollectAttriItem.csb.gz,a37a3150c25a1367986e855bdd086507
6FA22459FC189E1E50701E014D0DBCB9,1614,res_zhcn/ui/UiGodWeaponDetailShowComboSkill.csb.gz,cd5d197c44acf51042f1906d1848606a
386A1DBB7C9441E2FED5AFA1BCD48C69,1673,res_zhcn/ui/UiGodWeaponDetailShowMenuItem.csb.gz,3ea17b2b4cadb8c8f400d8b4c38dcddf
9D32C3B38B46AFC3E44453716975891F,2994,res_zhcn/ui/UiGodWeaponDetailShowSkill.csb.gz,6223e9ffb59a322a085bd1234c09bc90
97175D12E7427DFDF6DF62988DD5198E,642,res_zhcn/ui/UiGodWeaponFatterSkillDesc.csb.gz,0fe89d7580f5f14796209d41df02a1d3
368E2CCA3AF8AEBD23EE082B49F92594,589,res_zhcn/ui/UiGodWeaponFatterSkillList.csb.gz,0ae1fdd4b89c5993bbe845545ce27679
8E4BE54C932A6319FEA14B16E54E54E5,983,res_zhcn/ui/UiGodWeaponFeatureTag.csb.gz,1f9d179159efc885581d3dc05bfd12a6
C30BB18F1364DD17F1FD3FCA49B4E35A,5425,res_zhcn/ui/UiGodWeaponGetNewArm.csb.gz,67fc4ae458eb50a8ce2a4d376236cf52
26BB234D1A3FC6DB5363585971C13978,761,res_zhcn/ui/UiGodWeaponGetNewComboPlusItem.csb.gz,beca31e20b586a4233c98a27c905b4b0
01FB3EA2E3EB485755D1C705CE21FD88,1664,res_zhcn/ui/UiGodWeaponGetNewComboSkill.csb.gz,5102a40c4dd58e307ac47da50cc49e0d
F7CBDA22EAB1B2C8F2D5741DE0649091,1520,res_zhcn/ui/UiGodWeaponGetNewComboSkillItem.csb.gz,706e4bbb883da4386d95dd8c0ac467b4
B8EEE39678B9EE68C99BFD43F3C03E95,2987,res_zhcn/ui/UiGodWeaponHandBook.csb.gz,1eaf13c125d3460001f38e262aa20067
C38DCFD7A1667DF16EFAEF6A7FCBB989,2702,res_zhcn/ui/UiGodWeaponHandBookActivate.csb.gz,c9895ae2362a219ca7afb83bc281148e
14C0EC98C4E3C63B9CA74D0A25E5D997,1284,res_zhcn/ui/UiGodWeaponHandBookActivateAttriItem.csb.gz,1c167cbb15246394e6451c41f90013a8
9ADDAA8774295DEFB40BB9CAF629DBFA,2810,res_zhcn/ui/UiGodWeaponHandBookActivateItem.csb.gz,829cfb8752682b14a7f63d390e596841
3334ACC616C86AB01EDB81BDEF63E224,1502,res_zhcn/ui/UiGodWeaponHandBookAllAttri.csb.gz,d0ca99a953997446bac65ddbff99be7d
5C00C97806290311C13972DDD1050585,869,res_zhcn/ui/UiGodWeaponHandBookAllAttriItem.csb.gz,d767c6f2746487b1215326a771f5d144
E98EE6D723DA1F1258355868FF89730A,1244,res_zhcn/ui/UiGodWeaponHandBookArmDevideLineItem.csb.gz,9aaf912f6021fd38ad864b8d2f112917
DDE98681181172C8C95DE981DCCA735C,6445,res_zhcn/ui/UiGodWeaponHandBookArmItem.csb.gz,359c969ef078e1fb0c0245378bfe230f
F086D34C6C1DED6315F8C1AF1FCFC388,706,res_zhcn/ui/UiGodWeaponHandBookArmRowItems.csb.gz,d8a644d1dca300d8f138dc6c5eb6e78a
3A5DC5E7E9E360237078FA928D4808AC,2494,res_zhcn/ui/UiGodWeaponHandBookSkinItem.csb.gz,23de1eb7efb198da0d028e9689569197
E2BC948C8379183284E00E6DD8B9C802,1359,res_zhcn/ui/UiGodWeaponHandBookUpStar.csb.gz,f8be20ee645559878180667a1630fd80
92106888FE8283894C8EC0E9F024FBCD,1138,res_zhcn/ui/UiGodWeaponHelpTipsAll.csb.gz,a0691cb29622452acc6aa5b7e41311ba
B28EF9BDF9FB2FDE9826AFD397C5E284,3700,res_zhcn/ui/UiGodWeaponHelpTipsAttri.csb.gz,44e35359834864ea8e00186839e80e1e
CA3CBD0A5B665C78E310F92FCEC43F62,2321,res_zhcn/ui/UiGodWeaponHelpTipsSkill.csb.gz,f28c865dfe189d5fa8c81eccbeec8988
E0CF18171CB501FD74EBF5F198754F8D,1726,res_zhcn/ui/UiGodWeaponIndependentStar.csb.gz,53433fb400e5c56c2131830a3afe5bd7
D7AD0EDCD52183DFF9F23586870E62A0,1888,res_zhcn/ui/UiGodWeaponItemNew.csb.gz,61fc1b5ff0ece31221e0503afc77e5f2
3727BA972B7675FEDD86467CA3382B4D,11183,res_zhcn/ui/UiGodWeaponLottery.csb.gz,67aafbdc5bac88b971302099aa2c58c9
57AB6BAB4D113638B744FED13CE10724,1332,res_zhcn/ui/UiGodWeaponLotteryBuyTicket.csb.gz,fd7ab7f855999959bbaec9ca418e9bcd
BC02F8834BB5BE6BA4D1BD1D036FB06E,2076,res_zhcn/ui/UiGodWeaponLotteryBuyTicketItem.csb.gz,eb881c0c4d4ae0bf55d40822a00e676f
4665F41B7772659421AC541E42F0B93E,2641,res_zhcn/ui/UiGodWeaponLotteryGet.csb.gz,75c5a7fbe20cfc584845459bc614b8aa
36010BAF18C1494FB2E37C7048DEC2A1,2508,res_zhcn/ui/UiGodWeaponLotteryGetItem.csb.gz,609ef844b9ca35b81038148f18094bf0
80D36CE96F4722B4447E9DD6C9EA7E0E,1736,res_zhcn/ui/UiGodWeaponLotteryHelp.csb.gz,3fa52709c30fbce6e55b7f729e28dba6
E5A23FDA264CB04661FF76F7EB40C5DE,2100,res_zhcn/ui/UiGodWeaponLotteryItem.csb.gz,3f6acc1ebf8c6cb6fb27cf596d5a1076
E4239E3EFE57EB3107594BDF19910F8A,1906,res_zhcn/ui/UiGodWeaponLotteryItemNew.csb.gz,6e720c20e39f162f4dc48f75cbf1f5f0
17E0F26BFE2E28E5B63D0E52DFE7D971,4783,res_zhcn/ui/UiGodWeaponLotteryLimit.csb.gz,876d968bfcbe9028511404d51e898b11
8F4DD77AB93F7E2F85B3EADF218ADCAF,5309,res_zhcn/ui/UiGodWeaponLotteryLimit2.csb.gz,b6480dec217d8187bc4dbb6cfc435686
451C5CD4011D6634ED0C890EAEE3E3F6,2415,res_zhcn/ui/UiGodWeaponLotteryLimitItem.csb.gz,386ff03599126955c1e8b64ff6ba510b
DBED58BA6322A2CE5B0C8D8F010D69E2,1852,res_zhcn/ui/UiGodWeaponLotteryLimitItem2.csb.gz,12b4ec186ca743f5c14a0d0692fe8ecb
A221D452E13F47D806DF8FC551214531,807,res_zhcn/ui/UiGodWeaponLotteryLimitPopularItem.csb.gz,e6f46de9c46f90fff91c927dbc0a7dde
FEB1F550EFA9AA2BB2ECCF1B78603D87,970,res_zhcn/ui/UiGodWeaponLotteryMain.csb.gz,4cab1e489a3d1a647dd1e3d67b69881e
94DCA6DEE80BE919D185B39F9A1B1D4A,1899,res_zhcn/ui/UiGodWeaponLotteryMenuItem.csb.gz,bba17221c235be9268b5d8551e1a7742
ED7F04857F95333AE981ACD8E842B149,1724,res_zhcn/ui/UiGodWeaponLotteryMessage.csb.gz,115e32a955248ccdc192e4ea81f20e77
2459EA1605FD452E4DA7547AA1D99153,1085,res_zhcn/ui/UiGodWeaponLotteryMessageItem.csb.gz,f6d6431c649ed3e49af7dce063e91cb1
4C27B1FC414B15345B598D886717836E,1014,res_zhcn/ui/UiGodWeaponLotteryMessageItem1.csb.gz,9e1ae88a6497ff7b69e78f24edd4af0b
C8D28D910904A152F74A20390CA1D881,2517,res_zhcn/ui/UiGodWeaponLotteryOpening.csb.gz,a0370f9230f60e8d47c423817c6b2d21
E4BE5E6DD7487B0397226E46641CF588,1305,res_zhcn/ui/UiGodWeaponLotteryPageViewItem.csb.gz,f2402e1e38f0085038c000937e94d394
6525936D40F789BB2B063FA7F67079D8,1963,res_zhcn/ui/UiGodWeaponLotteryPreview.csb.gz,0f78f6a41f263b7de9a2fd05036d3555
66E72EF3352FA9A3129D087DF4A1B60F,1330,res_zhcn/ui/UiGodWeaponLotteryPreviewList.csb.gz,d47f3f1dd1d02c446bd3fa5d31aa4781
6A2F4DAC7D5C84146673DEA4141E1ACC,1453,res_zhcn/ui/UiGodWeaponLotteryPreviewListItem.csb.gz,b777335aa5458b32662d3cee3ccaed7f
9F437D30EDF06C8AEFEE6ACDD991FD1C,6376,res_zhcn/ui/UiGodWeaponLotteryWish.csb.gz,2327a642032f10acf8fcf2861a21011c
B6747C0992314A874763805DFE17AEFF,3878,res_zhcn/ui/UiGodWeaponLotteryWishItem.csb.gz,4d4c0592f84f4ca769a3e8a3bca37891
0162D8812B1F507FE52D308F4E6961DC,6903,res_zhcn/ui/UiGodWeaponMainNew1.csb.gz,4bde9068f9d91f04fc1413835828971d
558B51D4F0A6AED026BB3FDB0C666A9F,965,res_zhcn/ui/UiGodWeaponMainSetItem.csb.gz,99f5c6694889669b5ae62c115ac21fb0
1E1ED484F837E060D26841A1020983FA,4630,res_zhcn/ui/UiGodWeaponMainSlotItem.csb.gz,f3c5168dfb2fbb6881f0b1a9d333284e
A06C2D7FF5648A32D0BD11B448FCF725,2233,res_zhcn/ui/UiGodWeaponMainUpStar.csb.gz,f32fb53921596f3613e7abe4193cd162
6D059C0FBE1503759E88B0A7AC234AC6,1190,res_zhcn/ui/UiGodWeaponPlayer.csb.gz,735f5b729f0602859cc745761c1cd33a
1244012E6BDB6637D15C2A3DBC8E1B95,1581,res_zhcn/ui/UiGodWeaponPlayerItem.csb.gz,979b64d6647be028b1b2fcdf9770d5f5
03E10AE8BB63AC1B397923F87A081E8A,1200,res_zhcn/ui/UiGodWeaponPlayMenu.csb.gz,fc432675e32673e3a111d15325a7597f
630EF4C6D83DC6D1399D342D7BFCF42A,1388,res_zhcn/ui/UiGodWeaponPlayMenuItem.csb.gz,b025e44549b335a52ce8d7cf507f7a62
CEC31D4F99AE2D85C166E6D981D12F0F,1714,res_zhcn/ui/UiGodWeaponPreview.csb.gz,7479262782b8dea5fa4a54367320d65a
CDBB13243F36A475CD1277F1687A2CBA,2926,res_zhcn/ui/UiGodWeaponReturnMats.csb.gz,49573e90eccbd59c95d4126e34b01a29
D2CDFB517779986301E2D013B552AD77,1399,res_zhcn/ui/UiGodWeaponReturnMatsItem.csb.gz,0fc6dd8b7746aff4365f0889927c8767
350E1C4E39B2A74792E1925CAB20776D,1275,res_zhcn/ui/UiGodWeaponRoadAcquireItem.csb.gz,15660362eda4030a234915b7802bb090
F0B0DA141B29B8E109441BA3FA7636A7,3010,res_zhcn/ui/UiGodWeaponRoadMain.csb.gz,5819d7a02a57b3351fbc5787ee923abd
880157F41D451A4FEAC32F285362486E,3181,res_zhcn/ui/UiGodweaponRoadMainItem.csb.gz,05932313f7e660c59343579427d0a510
6F29F110C3E3E64082E649961A135B67,6146,res_zhcn/ui/UiGodWeaponRoadMessage.csb.gz,367fbaf35329af8c0e592a86cc62cf2a
3C1857A107E8BBF65DFCBF3D078D5A53,2260,res_zhcn/ui/UiGodWeaponRoleSpine.csb.gz,81c8e06e970473b4cd154f15651026cc
8D752F66C6E40E4F6829CD20BDC45AB5,1291,res_zhcn/ui/UiGodWeaponRoleSpineMenuItem.csb.gz,374ccfbe0d02bd2bdb03d62400bc2bb8
7548BDFDFD8D6F9F2087D33AEB712441,3618,res_zhcn/ui/UiGodWeaponShow.csb.gz,f653a1bff7fc7e44a05685d239abcd3c
890BB756E02EF0BAFCEA6441F1086874,1366,res_zhcn/ui/UiGodWeaponSkillIconInfo.csb.gz,745272c0dddb94f23ca075ffd20dc9d1
FA18D7BCEE7AD1719453FAD3F3CE2EC7,2395,res_zhcn/ui/UiGodWeaponSkillInfoDetail.csb.gz,c28052dcdbed59b209030747a5a48b1c
209EA506E5F644EB4211FAA19E57448A,2468,res_zhcn/ui/UiGodWeaponSkillInfoDetailItem.csb.gz,3e2b8d912a4f7c99dae0e79d27d97637
67DB2AF874A47258574682FFAF0D226B,792,res_zhcn/ui/UiGodWeaponSkillInfoDetailLine.csb.gz,edbb202fc06c56b2992699c10323bb64
59C4813E4C5B5CA11C86745EC72A61AB,1441,res_zhcn/ui/UiGodWeaponSkillInfoList.csb.gz,3625988b406ed1e7cc72e1b071d3ae86
2EAA47D8BFCE943226D509BF05C37277,1488,res_zhcn/ui/UiGodWeaponSkillInfoListStar.csb.gz,b7e05f2d8d5b97b5fded32a1088190ee
0B5DB352092AD9FDBA0D4F4A90204E46,1424,res_zhcn/ui/UiGodWeaponSkillStarItemInfo.csb.gz,c7ea10a6b3dc9f90c8e9092ac5700476
EF26DD322AEAB964C90832786A2BEBE8,1315,res_zhcn/ui/UiGodWeaponSkinGet.csb.gz,38ff5a09d11d8c022191c550652410fd
63C76E188C843E49E71E9D198821684F,4926,res_zhcn/ui/UiGodWeaponSkinMain.csb.gz,be3e22ec875e1cde71eaa7aaec78b2ba
3A70C26C83CBB823156AD80970940471,2337,res_zhcn/ui/UiGodWeaponSkinMainItem.csb.gz,8c3c34470057e9b95e591e063a138cf9
F9BA0B3940CF312AFF287F3455E76A18,834,res_zhcn/ui/UiGodWeaponSkinPlayer.csb.gz,79336f962b19e308228c7ad490224a8c
3F2681E15F40397F550F8207C914AB0A,789,res_zhcn/ui/UiGodWeaponSkinPortrait.csb.gz,43985930b7b63b56cce6e38bf7bfe7ca
38404AD2FDE7E2E23256EEA81777841E,1941,res_zhcn/ui/UiGodWeaponSkinPreview.csb.gz,6ecf0b6e63c207886c78c3294bf941e6
6E06204071F7C9295A332B00138E9469,1567,res_zhcn/ui/UiGodWeaponStrategy.csb.gz,203331e3fcbd372dd2500206452217e3
C75A196E8798085D508BF6E5AEAB37B6,1542,res_zhcn/ui/UiGodWeaponStrategyItem.csb.gz,621f29d142c34dc8e756d16886012852
E7B0B613F61A486F4F5A2395E2D2232B,2013,res_zhcn/ui/UiGodWeaponStrategyItemSingle.csb.gz,c3c900e22b18091707b93fe89d32f109
0CC8596E29F763B30A9E1CB1B169D418,3029,res_zhcn/ui/UiGodWeaponTips.csb.gz,6884538c98dbee6aeca887541deb74d4
CB3B086C86A5670CED1FCFF2575735DD,6830,res_zhcn/ui/UiGodWeaponUpDetail.csb.gz,88bed430636a386c0f191af27fa14d84
8456E61F29AB0E8326118FF8BCE7AB63,1182,res_zhcn/ui/UiGodWeaponUpDetailAttriItem.csb.gz,f44d5498ff4fab54d8ac4c1b03d0d08f
65CA728BDBD34AC9C67953BCEC673B07,5263,res_zhcn/ui/UiGodWeaponUpGrade.csb.gz,7535d8dca1ca25c00444ce6fefbff86b
23D1CBCA04AF6858F6EF18143239FD5C,1161,res_zhcn/ui/UiGodWeaponUpGradeAttribute.csb.gz,c40de62ed7b733a90f4bec930754384d
55E4E1B8900C2210A6A42CE46D4E9FCE,2195,res_zhcn/ui/UiGodWeaponUpgradeDecompose.csb.gz,d9d87fa78b8fdfaf791aa9351ec974cb
E42E0F48B01AA2F0A0765C70F4242190,2018,res_zhcn/ui/UiGodWeaponUpgradeDetail.csb.gz,e4cd740aaec24c2f0b6816b074371086
82E4FED123F7A46E3B7252F79DB6BACA,2133,res_zhcn/ui/UiGodWeaponUpGradeItem.csb.gz,f68b71cea536a43c04e59558d4312c97
D44805D5C201FB3EDAF8060086A0420D,4920,res_zhcn/ui/UiGodWeaponUpgradeLv.csb.gz,e4dd08946b77562606ea407fb4b63131
B9258A764B803415709DFEE546C1922E,2954,res_zhcn/ui/UiGodWeaponUpgradeMain.csb.gz,e29c59438ab1bd9ab7796bcc5b3ee4fd
9846ADA2F79096AE5E469AE7BBBA0BC4,1835,res_zhcn/ui/UiGodWeaponUpgradeMake.csb.gz,a42e0a6f2abe4eb42d9bc8a6bc2090d5
32752932E29A3A08EBEE5FD1C385A4F9,2690,res_zhcn/ui/UiGodWeaponUpgradeMakeItem.csb.gz,e19f1605dd778d6b8a89c8bd5fc5d795
D37AB0873496D51062F418A36A06AF1B,1598,res_zhcn/ui/UiGodWeaponUpgradeMenuItem.csb.gz,6b243d7ac943097a2f855e429358f92e
2DAC5D4838527D43F7DECBFCEBEBD7D1,1472,res_zhcn/ui/UiGodWeaponUpgradeNeedItem.csb.gz,77b8a21ee77e914c8c93c9ed097d9bd8
BDE53BB60DFA7454E86DE1E382FA296C,1477,res_zhcn/ui/UiGodWeaponUpgradeNeedItemStar.csb.gz,672512725fca7ea139db59370eab3bc4
9E88E0863C4218C1F34F5975A144B000,3659,res_zhcn/ui/UiGodWeaponUpgradeSkin.csb.gz,4ff4920b280cf35705e4bf3b9087788b
F56B0598A8E20C4BFF9006A179B89FDD,2699,res_zhcn/ui/UiGodWeaponUpgradeSkinItem.csb.gz,2ce3f98d7409ad00be6ed07798c1424b
29D67A996A5F649D599837A4D5812D1D,842,res_zhcn/ui/UiGodWeaponUpgradeSkinPlayer.csb.gz,8249e610d19f7e653ab61793b2a0ab24
D9D3230B839433EC96BE438A9410CDB3,1939,res_zhcn/ui/UiGodWeaponUpgradeSkinPreview.csb.gz,064158e6487420a233b07fbb59d50d48
35E9C26AE4BE91FE9E9D15DAE916E259,4786,res_zhcn/ui/UiGodWeaponUpgradeStar.csb.gz,db86df2fe3e86736d3d2cd6a5af0a9b9
200A89F72D99B5B31652A10B22584A49,2074,res_zhcn/ui/UiGodWeaponUpgradeSvItem.csb.gz,df58fbb8c2bc277351322c6cf3b545dd
5DD2CFBFEE81FCCB014897A42024611A,7114,res_zhcn/ui/UiGodWeaponUpLv.csb.gz,8a7d4cc33c3f2a1b1a06c0005130a301
CFABF3CE753A3A04EDEBB3DF96A46DEF,1434,res_zhcn/ui/UiGodWeaponUpLvItem.csb.gz,c5bcebf800bd048a076d384cdb40faff
707BF9AB710A32F9F6345125BAF3A827,2273,res_zhcn/ui/UiGodWeaponUpPieceSelect.csb.gz,5eff2e7690f3d6d90272744092dc1595
BEBD1E23AED642790C8314B848B594C7,4772,res_zhcn/ui/UiGodWeaponUpPieceTransform.csb.gz,25583ed6d33f0e51babbb902a15ecc4f
D73614C9D8B51CA7B57C5F8C99D18826,1504,res_zhcn/ui/UiGodWeaponUpShowAttriItem.csb.gz,17d297e6dc0219874f7b8ce826ddacbc
43C5E00384CEFB2053DD40B9F25E9F37,1458,res_zhcn/ui/UiGodWeaponUpShowAttriItem2.csb.gz,493e396101dd49526c854da8e6f5943a
8349021C5644860961F68B28BA216E91,2359,res_zhcn/ui/UiGodWeaponUpShowProgress.csb.gz,057928a6a15b7070ef6c32133d38f546
2852CBCBDA6B9954EF98B11990957533,2275,res_zhcn/ui/UiGodWeaponUpShowUpGradeNormal.csb.gz,3ac54e2bf2f725cf8aa1250a283e365e
AECD8B91CBCF0B8D85514D6E3A579851,2686,res_zhcn/ui/UiGodWeaponUpShowUpGradeUr.csb.gz,e6eef6d547a6fb87f05bde57042b69d8
2BFD09C902D936224E980D4002B5478D,4120,res_zhcn/ui/UiGodWeaponUpShowUpGradeUrSkill.csb.gz,e305f44c0bd2bdd2f8ba9d01b9dd3d83
595267ED22DD42458B5E1D294CB50F48,3895,res_zhcn/ui/UiGodWeaponUpShowUpStar.csb.gz,74050013a389ae957b1903780aaa0c95
F97FEA1F076C880F2406A3B83E97D840,1146,res_zhcn/ui/UiGodWeaponUpSkillDevideLine.csb.gz,11fb53717c25b8f453c2d59765fd025c
25FB14AF4502544578B8C5ECD96817BA,16111,res_zhcn/ui/UiGodWeaponUpStar.csb.gz,4561b898bcc046c0df7fc4ec896aab49
434B283DDA034FF4E9E130118145B280,809,res_zhcn/ui/UiGodWeaponUpStarEffect.csb.gz,5d7ffb880f34426a4909af8f41ac0884
DF06600CF764E727620E0F889ED39AEB,812,res_zhcn/ui/UiGodWeaponUpStarEffectUr.csb.gz,da2e5c751fa41d9db6ad8873b0bc4e86
88F0702E3F4BF4DE80D8C67EE1B4EE93,1161,res_zhcn/ui/UiGodWeaponUpStarGradeAttriItem.csb.gz,d6af501f121bc08b132fe824703bb2e4
3EACEF904E8C86A9E95D1D1D24F106AC,1450,res_zhcn/ui/UiGodWeaponUpStarNeedItem.csb.gz,60631863b3718e3ffcecb060fdaf09c8
F6483CDA22E13E89EEA40CC97E6AA27A,1714,res_zhcn/ui/UiGodWeaponUpStarNeedItem1.csb.gz,e6d1c000ea2ec250782cd1b4f39187a7
E64BDCE208143A24403F7A25266898AD,1383,res_zhcn/ui/UiGodWeaponUpStarNeedItem2.csb.gz,d2a7f17e5b09357887e97a33217e7ffc
0AE92862AC02559FE4A822951A117A02,3625,res_zhcn/ui/UiGodWeaponUpStarSkillItem.csb.gz,a88983d62ca90e277ee4385216320ed5
49116FD051B69BD3BC97081B70E98604,2247,res_zhcn/ui/UiGodWeaponUpStarSkillItem1.csb.gz,0ef62804d5941e56b4811f3db66744e7
775FBF36436B7A42F265E0BB08F543E3,1149,res_zhcn/ui/UiGodWeaponUpStarUrAttriItem.csb.gz,a97f0fd96251efbae95c755eaadfe526
58D80F5855837FA562251A22388C1537,8654,res_zhcn/ui/UiInfiniteAotuCar.csb.gz,3e516c6d8c4efec13ab163d8a5544c2d
5F06C7F2593D7383B23691D2F1E5E235,1406,res_zhcn/ui/UiInfiniteAotuCarItem.csb.gz,2d744b251e1f631827805cadfc282924
8C695A5B1BC76FE64B6ADCC444F12EE6,3923,res_zhcn/ui/UiInfiniteAotuCarMore.csb.gz,70a108cd4888994535799c7cf027017b
8EECD70133626BDCDC595A3BFB795946,3665,res_zhcn/ui/UiInfiniteBuyMineCarKeys.csb.gz,7a32d30bf628c70e8273fed20193bd5f
28FA2EC81563CDAD1B5C26E0192A91CE,4082,res_zhcn/ui/UiInfiniteChallengeDialog.csb.gz,87dd5b1e9bf3851679457be5e299e760
0845CAE74D7514C64412F216560D08CF,1453,res_zhcn/ui/UiInfiniteChallengeDialogItem.csb.gz,6700e1198cb0143bf3bf0c11fa6c708b
6CC272648EDCFB157256F898D3462DB0,2325,res_zhcn/ui/UiInfiniteChallengeMakesure.csb.gz,1f1455412ef3c992958314dea0c66523
D16A9FEE70263A80D48152529A0F50CD,2976,res_zhcn/ui/UiInfiniteClearTimerNow.csb.gz,61c03c9fdc4039517fee83c5d249adb4
0DE3F5927C5DA88E79A3FF9498453674,2717,res_zhcn/ui/UiInfiniteFightNextTip.csb.gz,f02e5313632cf1fd551fd7ef3ee9624c
B93B5CCD6AD5D202A1F6F9A279C87656,1457,res_zhcn/ui/UiInfiniteFightNextTipItem.csb.gz,64fd5614a1842029d16b802ae16aa6d1
DA5A1A756F4962B5FD95E456C6ECF481,4070,res_zhcn/ui/UiInfiniteLevelUp.csb.gz,d672902c14fe07734ae06c386fb58a06
ABA7C85E6A6D616752D19B388AD0E93D,1424,res_zhcn/ui/UiInfiniteLevelUpItem.csb.gz,4b26c1004ef6e2c2cc267e390be8d23f
9C6660A96365DE582DACE501E75CE110,6039,res_zhcn/ui/UiInfiniteMain.csb.gz,ed9084a996f7fe7ef0830d677d3a92f3
FAF3DD24914853F6B2331FB7E079567F,4018,res_zhcn/ui/UiInfiniteMain2.csb.gz,495855fa75a7b9e4e453590c1cb82383
C0C53C6F0FC2F4DC1DB121830C7FF74E,641,res_zhcn/ui/UiInfiniteSettlementDropOn.csb.gz,7f788b4386a646aecfc9478bf09853f9
EDB5372916596488FCCAE988D27F7F87,1670,res_zhcn/ui/UiInfiniteSettlementDropRight.csb.gz,615a465c062fe593dafc40dbac510f35
437420DAE848BE0EE48394ED717C098F,2187,res_zhcn/ui/UiInfiniteSweepReward.csb.gz,40091c3d0a047fa2e316a922767a3854
BF5F783F735E1217EE630729649E64EB,1536,res_zhcn/ui/UiInfiniteSweepRewardItem.csb.gz,bfe7d9e5e0caad14977e7dea9d7bb78d
66DAC953555787A54FF9B14BF2C76CCC,2561,res_zhcn/ui/UiInfinityDailyAwardItem.csb.gz,3a59aed8afa4848a8f31164e29518356
B135E08A138BCA4DF0FB6EFA5E77D91E,1411,res_zhcn/ui/UiInfinityDailyAwardItemSingle.csb.gz,0a7389e7d03509c0c66499d29af82db7
5FADDFC2EA02EBF15B9C3EED0AB4AF00,6481,res_zhcn/ui/UiInfoBarDetail.csb.gz,4f34bcd20750545a85e45e10e769c700
50CF4D3A1F52B84B6E5DEE7DFF85ADDE,657,res_zhcn/ui/UiInfoBarDetailLogItem.csb.gz,4ec9f450be6ce964dd526fd301f41be4
F38FE23C034818CCB1E2DC66186E1DF1,1005,res_zhcn/ui/UiInfoBarDetailTextureDetailItem.csb.gz,4d9e2ed5e52a0bda202c99165e9993b4
FBE383AE8EDD397B54C5180706C87465,1227,res_zhcn/ui/UiInfoBarDetailTextureItem.csb.gz,0ed710ebc017f3756b9f03492ac2893a
4CEAE7943C47B25ABE729F7B48DB6532,1157,res_zhcn/ui/UiIntensifyBodyMainItemNew1.csb.gz,2c48ba5b900a23b5d1c06500990005e6
462C236CEAADD12C11BD4ADA06EECE01,1152,res_zhcn/ui/UiIntensifyBodyMainItemNew1_1.csb.gz,26d6f047a291778fdfab48366d375d9d
0B35FD80DE47D7B7029FF5697FF62ADD,1508,res_zhcn/ui/UiIntensifyBodyMainItemNew2.csb.gz,5e3e3accd2582080a05ef953f41021d3
7976E5E1B12504738918DC2EDD4E0442,2582,res_zhcn/ui/UiIntensifyBodyMainNew1.csb.gz,f8d5d60550f1034b9eba5f6509d227c8
E0F8367A189C14CB3F0EF049FF945367,1506,res_zhcn/ui/UiIntensifyBodyMainNew2.csb.gz,902750e5cf605df8614bae493db21022
C4E44AD19F5142CC60DB3544CA81BDE5,1809,res_zhcn/ui/UiIntensifyBreachTip.csb.gz,72929ec327a7e71ca0b0f1d5b3f2507d
621601A30C8DCF689CE1CA64851C2C74,2585,res_zhcn/ui/UiIntensifyTips.csb.gz,f9bf9a8986f935f251eddb5e8eb413f1
FACDDB91AFCB46B1A148227F710B0AE7,2791,res_zhcn/ui/UiItemResolveTips.csb.gz,9767fa8c9165d1799b6045fced550340
06386DD6A37D1409266E2A839A7D7943,4162,res_zhcn/ui/UiJokeBoxMain.csb.gz,ad704dad71e989d049f0b616d03b27e1
20D61965E5838023CC746E929B0CE658,2788,res_zhcn/ui/UiLackItemChangeTips.csb.gz,81336308c3bf3f2ea43a027c93f2b7f4
2F431173A34E93DF78E454266F3C00C8,2251,res_zhcn/ui/UiLanguage.csb.gz,9f502dadfdffe4c353ef9d883b017038
A3C8208402D3C4CB033F85A677628CA4,1298,res_zhcn/ui/UiLanguageItem.csb.gz,5be19e20f178f38049d9a471dbd5d670
51760D859B4350D38E562504124EB10F,3110,res_zhcn/ui/UiLevelUpMissionItem.csb.gz,c5172f39f0baa178c0e8ec9c54111911
3F2B4318FC212C16A5D14C493861E1B6,1960,res_zhcn/ui/UiLevelUpMissionTips.csb.gz,a7c8ee7b3ab9b778c1441a8160e38ce6
70AF2294C1716ED09E8326CAE9DDFCD2,5338,res_zhcn/ui/UiLimitAfkSpurDialog.csb.gz,d925cc3ceb7e759448e7f511dcb2a804
E305BB318E0FB662DFA4083626B56E53,8413,res_zhcn/ui/UiLimitBossInfo.csb.gz,49a0cf85e55fcf79e8e6e106b1d04842
23E26ACFC16A4D9430004E127C1E057E,1199,res_zhcn/ui/UiLimitBossInfoHead.csb.gz,3478a255eea75c04d9ab85b198904a30
D024ABA625B3E7ADBEA14D94CF0447CF,977,res_zhcn/ui/UiLimitBossInfoItem.csb.gz,02572b924d2c5124f0123d536840d151
04137873E2FEDD9D21123085993B2A69,1462,res_zhcn/ui/UiLimitBossInfoRewardItem.csb.gz,cf388bbe7086189f0cecec8a86a4730d
8C7EE542385E5657F3ECCDE8D43BB284,2258,res_zhcn/ui/UiLimitBossSweep.csb.gz,dc6ee3ca70205d6e926517f2c8c82dbe
F6A2F1A6D95FEC3EBACD7558F5519EFD,2282,res_zhcn/ui/UiLimitBossSweepItem.csb.gz,d7ba3dc4052b25cf1903568c5f189541
0A4E9FA3556A6AF924369DA0AD51D632,1474,res_zhcn/ui/UiLimitBossSweepItemItem.csb.gz,53d3c5fa525a71ffa29e29af02da987c
0A599D1423B3841B45845D07C112CBA3,2231,res_zhcn/ui/UiLimitFightingNotEnoughTipDialog.csb.gz,b4718feec692a066f86532629581dd88
4C558E4229139376AE8D865CEE47690C,8486,res_zhcn/ui/UiLimitMain.csb.gz,71777308579178340015d7e0b82d58c1
152FC8F82B38AAFC266E929F7C778AB4,2014,res_zhcn/ui/UiLimitMainAfkItem.csb.gz,e842f6571ac0a15c758e9bca2f35a3e4
FE38BF46939E8276559C785548479595,1442,res_zhcn/ui/UiLimitMainDropItem.csb.gz,11c99a4a6b4c9f23d59a9ddc7d9ed163
BA1F4127A6BEAE04AED974785F11DF0D,2166,res_zhcn/ui/UiLimitMainPassItem.csb.gz,90a2f5a602468210c3614c7f8b6ba272
48DB5E43DF7533C059BE10B6C0826DC6,3671,res_zhcn/ui/UiLimitMainPassOneKeySuccess.csb.gz,3d76c15c1eb43335cc402e4c7ea94025
9F02AA9336DE18E58CA8618B5C33172D,2065,res_zhcn/ui/UiLimitMainPassTemplate1.csb.gz,0452101bce39e06738ff6dbe2601d9c0
9D5FBF4395BC8885093E77557D15BE4E,2088,res_zhcn/ui/UiLimitMainPassTemplate2.csb.gz,853aea4bb5f550814dac828346b490c1
42892EDA175F99DFA9956D9A55E4EB98,2077,res_zhcn/ui/UiLimitMainPassTemplate3.csb.gz,35a07dbc9984318f230f94758b5f0d0e
410C375262F621EFAC7D01900B3247EF,1635,res_zhcn/ui/UiLimitMainSpecialReward.csb.gz,09d4f7be0d49ed019d35054fb9281b03
0207F2D89F9E676CEE1ACF09FFA6D959,2173,res_zhcn/ui/UiLimitMainSpecialRewardItem.csb.gz,c3a37d474e2ed94b3f67322b071980fe
F435D2F42E45A7BE466C34CFE001B312,1656,res_zhcn/ui/UiLimitMainSpecialRewardItemSingle.csb.gz,9500beab53a566c67de763f86e8fba56
9144CD396DA3D89CDBF644FAF0E6A2A1,2005,res_zhcn/ui/UiLimitOneKeyTipDialog.csb.gz,52f33282f2540899e0cc92da5e83a44b
E075BF4BEF4C9900EB459411FB05D301,2213,res_zhcn/ui/UiLimitRewardTipDialog.csb.gz,e2968418adf0e2a35947e6645e338a57
C9E76CA35BEF6B419010849D7FF94648,2342,res_zhcn/ui/UiLimitSignItem.csb.gz,86f34e03685a0192da87b2f4148d8870
A9061D0C06C50DB490304DC0C49A0E7B,2975,res_zhcn/ui/UiLimitSignMain.csb.gz,2758f795d7c1047b4cfedd59285805a1
91E71F326FC526D97270DA44E9AE3ABC,1437,res_zhcn/ui/UiLimitSignXViewItem.csb.gz,15f60835e42b62bea76a4ae081c8b9ad
9B2B7E216C56C3F69BF554ADF6E7EE53,1153,res_zhcn/ui/UiLimitSuppliesGiftItem.csb.gz,109665ccf9557577adb7abc4a2090525
2A84F34739CBFEF41425279AF507A5F9,6321,res_zhcn/ui/UiLimitSuppliesMain.csb.gz,a400e7ca7e8a32c60dedbe87a9f24656
7A802A4365179CA7BEE8943AAB55AEEF,2781,res_zhcn/ui/UiLimitSuppliesMainTips.csb.gz,ad2ae1583543b6d03357b12d402798aa
D0C31786729FDBA513584B8A4B033F36,1646,res_zhcn/ui/UiLimitSuppliesRankItem.csb.gz,602e0d8ea8de2f7e0d9f16211c1d2f2a
B4AA609D364A39239BDCCC84366DEA5F,2402,res_zhcn/ui/UiLimitSuppliesScoreItem.csb.gz,2b199269f646bf0126970f0a9e38def2
5A41F118D0E91F3C882418C393855D07,3100,res_zhcn/ui/UiLimitSuppliesShop.csb.gz,075017551fc8e88b193af2f83f62966e
E9B4668D63BD96318DCD13A0946C42CC,1952,res_zhcn/ui/UiLimitSuppliesShopItem.csb.gz,e5bbfffbeaffba3e6e6c1ca31b00f8ad
274C314731538C2CF160750703941FEF,660,res_zhcn/ui/UiLimitSuppliesShopItemContent.csb.gz,bec4fedd904ba16faf3651124999a8a0
0CD4BD0D068B6B640C62F44C04C1A6E8,2701,res_zhcn/ui/UiLimitSuppliesShopTips.csb.gz,9a1f740477cb87785bb27eabbd0ea8f3
83110972918F9DC1EDC96CB5D3A601B1,1309,res_zhcn/ui/UiLimitTimeButtonItem.csb.gz,886aba90b831ba03213b654540f17b6f
EFD69B10913AF4C42FA7AA00F6FEFE76,1294,res_zhcn/ui/UiLimitTimeExchangeIconItem.csb.gz,c9ea97e4ede1c766d4a30dabf3f03268
D7D88FB25819395C1E9F0164512B549E,4173,res_zhcn/ui/UiLimitTimeExchangeItem.csb.gz,16a59fa727265e5bd44c218491d02c42
EE3EE623D4C2FD63A6366807DF7AA9B5,3751,res_zhcn/ui/UiLimitTimeExchangeShopMain.csb.gz,014e61832bb43b99bf77b427ad527274
3BD4DA848ECD25A6C2EB3650E3F9E107,1464,res_zhcn/ui/UiLimitTimeShopIconItem.csb.gz,5ad5cbbb2e4ad3111195909a40236a9f
87F3DBD26EF5E66F6229C6AF538B587C,4387,res_zhcn/ui/UiLimitTimeShopItem.csb.gz,ab85a4a1ef2bb414fc3d70ffd205e260
6548E41C874B6F21E75EF079EDFACA4B,2497,res_zhcn/ui/UiLimitTimeShopMain.csb.gz,41a89fbc7bb46d159e5ac0991bc59a76
703DAEBD1C49B3DCC9024240AA333499,635,res_zhcn/ui/UiLoadingMap.csb.gz,1a9a69b1a5fa9fa10aa637c8528264a0
A3CCF6210051630B849A2580FDA6846E,1026,res_zhcn/ui/UiLoadingMapNest.csb.gz,b998e9fe38d9449cc738bf60a8034f8a
E6DF27E132F01F5E3F05DF9F82782B4A,3405,res_zhcn/ui/UiLoadingNew1.csb.gz,9f03d613c2751301ecd17bb9993dc9cd
296657FCB9AD5700DA748B2712F53689,1962,res_zhcn/ui/UiLoadingWorldMap.csb.gz,08a07ba81c54b26f6a8898d883879e90
491510470125B0DEAC723A0B024FD4AF,4103,res_zhcn/ui/UiLockedTreasureChest.csb.gz,4992dc23a4f0e3f0ed0b051aac240a5d
2278F2E0753FD15179C3EF9369CBE8D0,700,res_zhcn/ui/UiLockedTreasureChestDescItem.csb.gz,c6a022f416513ed6cd1c9a648846a163
E517FAE0D736657F42D3A43AE7C7E7C1,1391,res_zhcn/ui/UiLockedTreasureChestItem.csb.gz,3b2faf6f7749caaa6bdbdcd3e4947646
63E092213466AF7485BFF2784B35F6FB,1164,res_zhcn/ui/UiLockedTreasureChestKeyShop.csb.gz,2754f9ba0a740aaeb6ec75139162c1f9
E31F9202F1FB238FAC37CA94CB5F8FEF,2900,res_zhcn/ui/UiLockedTreasureChestKeyShopItem.csb.gz,9f0027186b0d47070b835d05aba11ed3
83CF5F35C28C18F11BF0B605B9B5B405,2752,res_zhcn/ui/UiLoginAccount.csb.gz,6073109290c2905c4dd9ae84d12b18da
7307026474DC8144A387F93A513714CC,3204,res_zhcn/ui/UiLoginChange.csb.gz,54532943211adf82361a6d9613b79624
F88904461BF54A507623DA700B9017B4,2826,res_zhcn/ui/UiLoginChoosePlayer.csb.gz,d340598724c98795a7eece6d4fab92dc
F07115BD81D37CF3EC9BAA333C216540,2074,res_zhcn/ui/UiLoginChoosePlayerItem.csb.gz,3740814206fe600e7ec2ce7551a0851a
8AC258D637A9661BFE70091E22FA73BD,2401,res_zhcn/ui/UiLoginEnterKey.csb.gz,dda5f5c49f0adce7c0830e03f4f0112e
EFD1DA4A267744773575CACB51595B07,3294,res_zhcn/ui/UiLoginLogo.csb.gz,205f0d5f901be6e8e69e6e4ad50b3203
FAB4DE6704D3F2D87B6D14D0AACE4A2E,1111,res_zhcn/ui/UiLoginNewMainItem.csb.gz,3d741f72467910860ddfd90e7f14c229
2B23DA31F221A52B03AB2F5FEC9F6AEE,2066,res_zhcn/ui/UiLoginNewSever.csb.gz,a95c511b91575f1ed277c7050b5760ce
E7D01AF3986E51D3B8569F1FE8344846,1500,res_zhcn/ui/UiLoginNewSeverItem.csb.gz,cec4157a445d59f45a4951bb6e063a9f
C24C8A56B96355D427AA071DF3923140,649,res_zhcn/ui/UiLoginNewSeverListItem.csb.gz,a01f3078facf0d5a86007caf92269d8b
80090CC7E396204B2C52A59DE290D864,2100,res_zhcn/ui/UiLoginNewSeverListItem2.csb.gz,0f1d5dd307bf669090491b86c47a833d
555942CC1EC8D8B8BF2FC31EC18A3F30,814,res_zhcn/ui/UiLoginNewSeverState.csb.gz,53a070516305d2f2425dfbbca6a46408
7C67C041AF6C7CD7370BD9644A6523BA,2213,res_zhcn/ui/UiLoginNewWaitingLineTips1.csb.gz,2bdfcf31a2d1e158ad28ccf260a4044c
BE8B2D6D159089B000EE07830C306A6E,2514,res_zhcn/ui/UiLoginNewWaitingLineTips2.csb.gz,7c13705f759e2fffd43464d512281254
1B10E550CFFC4954B9239C23BD7F8F7B,2071,res_zhcn/ui/UiLoginNewWaitingLineTips3.csb.gz,654ae823289d4917fca9f23c06f5828e
6094568642043887DE5E551CA82A003C,2791,res_zhcn/ui/UiLoginRegister.csb.gz,f2fea1db48aa4daea84aa013e83ee74e
36A8D2FCF371ECE8C3D6353FB1F26397,3600,res_zhcn/ui/UiLotteryRoulette.csb.gz,30addf7be0a1784d1897bddf888f95cd
72CF71524C9BE25D0E4C43AD75D8719A,1503,res_zhcn/ui/UiLotteryRouletteAwardItem.csb.gz,4740ba74156bfd160a94eb885834ef38
A0F09700B0B1E5E9E0FA1F2F24684C9A,4179,res_zhcn/ui/UiLuckEggEveryday.csb.gz,2076f3cafbb9c12ba2e34e58cd7b91d2
6B43D2A59FF7BAC115DFD7FC26838763,1806,res_zhcn/ui/UiLuckEggItem.csb.gz,f74a373e28915a116683f16f5c443412
517BD2A49533357DBB0B288BC34F4C4E,4763,res_zhcn/ui/UiLuckEggMain.csb.gz,d06e7871d23086524117a6d96578b528
D74A36BDF5452B5A4CC2504DAC213BDF,4314,res_zhcn/ui/UiLuckEggShopItem.csb.gz,544ee7b7703c7cde30f67ae501d7a187
73B14DACD1B9389F9CFFADE88E34B5E9,2417,res_zhcn/ui/UiLvLimitTips.csb.gz,e6c166cf1d5546593589dfbbdf5ac73b
D3EF6DEC5A9C80BE39F307F21B06D599,742,res_zhcn/ui/UiMailContentItem.csb.gz,f82b518cf0c78517b7c46afb4e59973c
AE1D101CD7F36FB13945CA632C9539D2,1688,res_zhcn/ui/UiMailGiftItem.csb.gz,b1d4b1691e1ce78255d11762f60602e6
4E525AB619B6583FED9FDE1149FE3FF5,2163,res_zhcn/ui/UiMailListItem.csb.gz,4e3ed779106764bc16bca3ebed9aa382
CC1EC7CE8A925C496D22BDF197D59535,5750,res_zhcn/ui/UiMailMain.csb.gz,cd9f439858e68d081309973384a2d0df
BBB37D8F58FE9B282741FA97AE5C055B,2472,res_zhcn/ui/UiMainCityActivity.csb.gz,c175ff68cdb43da97b72d7cc8839257f
2E8E2AC930A9E15A2E1E24953847FAC3,3526,res_zhcn/ui/UiMainCityActivityItem.csb.gz,0753b331f718f5052402bb0aa38269cc
C98072F92DACD93FF17CE14C3E48F53A,1936,res_zhcn/ui/UiMainCityChat.csb.gz,8368b653d975d1aee778aebf786fdb44
E9CE3D7877F8536DD70C5A42F8D6DC83,993,res_zhcn/ui/UiMainCityChatItem.csb.gz,e0b86655300c2d92cf30af6454db9f37
30161EF6BAC7D6F70F28C92EAD1269A5,1818,res_zhcn/ui/UiMainCityMessage.csb.gz,51035df127426e604acc8ad5e19e05fc
0156303462E8261260F6BAE04C3B414C,1872,res_zhcn/ui/UiMainCityMessageTime.csb.gz,be8dec801e9b127756ec98d56413590a
E3868BAAC1F45EB23ABE2C42F9966500,1589,res_zhcn/ui/UiMainCityMessageTimeItem1.csb.gz,ce0c31a52329e2af0acb0ab5fd9dfbd0
C8C714A712D87FC78F80EE1967691431,3434,res_zhcn/ui/UiMainCityMessageTimeItem2.csb.gz,45e651eeb8122733cbfb4fbc36ab15b0
8DF1D7EED0B93803F3AB005CC7C3AE1F,14209,res_zhcn/ui/UiMainCityNew4.csb.gz,31b6158444248d7c1db4ca2368ca9445
C927BD3BD529411D878E0795EDE08B11,2546,res_zhcn/ui/UiMainCityPackGiftsOpenTips.csb.gz,54d130398e8a072f5ab75427ac9a3c67
C6EB65B117210B4F34686F7E0F6F30EB,3265,res_zhcn/ui/UiMainCityPackGiftsOpenTipsItem.csb.gz,63df125b58b0ce5cef02fcd32bace005
CE7022B34AF75FB9B1048982A6D02733,2109,res_zhcn/ui/UiMainCityPackGiftsPreview.csb.gz,a5d1953802d4c4fa0bf006cdc9080244
E2C18E890549FBFF54EECBEB874CDC5E,1770,res_zhcn/ui/UiMainCityPackGiftsPreviewItem.csb.gz,20f6817af2a0e253e1695c49585ec2da
615A2B6FA4E0254F116000ACC12062C0,1883,res_zhcn/ui/UiMainCityPacksackFullTips.csb.gz,85a10645b8eddaf4be62cd177f7658fe
D2DB0D111404DB9CE0EEC2D618225E30,3053,res_zhcn/ui/UiMainCityPacksackItemNew1.csb.gz,471209328eb2c94ce215523cfad8fd56
2CEDAED48090747BF5049A5AA1C20B46,2877,res_zhcn/ui/UiMainCityPacksackNew1.csb.gz,65f87b462534b09e4d63b09bf3b5cf38
8A29DD8BC2703E6337BCE22BE4182E51,3129,res_zhcn/ui/UiMainCityPacksackSell.csb.gz,e557c063e90cbb6993737c6412fba099
6E940D7A35ECB330C388700CD350BBFA,1327,res_zhcn/ui/UiMainCityPvpNew.csb.gz,14193040864ba94f7a341cfe4e27410c
64EBE1E651A31237A690DB51212F6C60,2824,res_zhcn/ui/UiMainCitySystemEntryButtonItem.csb.gz,84f2cc2cfc3a9e96c89d421d1349542d
70D3781075250CF2E74AE177BA9A7709,646,res_zhcn/ui/UiMainCityTaskGift.csb.gz,010fed44edeee2a7df930806c5c3c536
127713ACE78F71E80216FEDDDE0727D8,1702,res_zhcn/ui/UiMainCityTaskGiftItem.csb.gz,70532d77ed9ac3ac8108051ec2354be1
4D8FED8AE0C3E92C0F9A73103BC23EE3,888,res_zhcn/ui/UiMainCityTaskInfoBG.csb.gz,e96c06998a343ff9f9ab0b52f6b87121
FB7E9BD68B0DBD3D8A2FC5DBEF8FE66A,2154,res_zhcn/ui/UiMainCopyTemplate1.csb.gz,44df2077ad957c5ed288d3594a42c16b
AF58C15BCDBFD733C12CCCD2DE3325F0,2135,res_zhcn/ui/UiMainCopyTemplate2-old.csb.gz,47366711e4c79f0f4cf5294903e77e6a
3897F8F033E161CC5AB22D703D181315,2149,res_zhcn/ui/UiMainCopyTemplate2.csb.gz,8346ef3b1a3d42bc400b7c88f260385a
789D0917D79466297CF8CBDC64310FFE,2152,res_zhcn/ui/UiMainCopyTemplate3.csb.gz,2f00a670d19d7934404170c2ae70bfbc
4125629F5414EA9E4873034C621CE716,2145,res_zhcn/ui/UiMainCopyTemplate4.csb.gz,5fb7814b3e2eeca2d0d9ef143aa86e0a
7CADD1A92726960D24FB050526D4482D,2149,res_zhcn/ui/UiMainCopyTemplate5.csb.gz,9189a058a81a02467145913c564a776e
F32EC7C9647688FEDA83A8FD24A41C27,1908,res_zhcn/ui/UiMakeEnsureTips.csb.gz,b845d462700c1bb3e5d47f0979e87a40
7AEFC55DC89700F1DDBE63BA32A53654,1884,res_zhcn/ui/UiMakeEquipMaterialItem.csb.gz,e39478ee2309cdd3f313e6494e4d8d89
AC03C696D1746682B97EF25BD465EABC,6087,res_zhcn/ui/UiMakeMainCrest.csb.gz,e9c09bf94629539c5341358db605ccf7
AC06ABEB8422798535FB64130423A7D2,2284,res_zhcn/ui/UiMakeMainCrestPaperItem.csb.gz,30e4fc6e3a16b31e99db8bee2e69896a
EF5DAB35E143C263C17EAADF7D013DE5,4788,res_zhcn/ui/UiMakeMainEquip.csb.gz,15f6bf76740cf3f8308309fcdb5b647f
AA1F2E075A274392692FE4EB6C93CC24,1637,res_zhcn/ui/UiMakeMainEquipLevelItem.csb.gz,22d6b37e891d4d5aba5532fbcc34d50a
CBCB758D57542BD1CBEEF33F21A4A257,1558,res_zhcn/ui/UiMakeMainEquipType.csb.gz,fb6c9c5204fce67131ffaeb1b0c850e0
15959E38DD63006A6BCD6186FD333A4A,2111,res_zhcn/ui/UiMakeMainEquipTypeListItem.csb.gz,a62e818bd1397d822d9215a43fd746c4
257BE7A4A7F4E69263D85F6F6BF004C6,1324,res_zhcn/ui/UiMakeMainMenuItem.csb.gz,8a88012e330353b1a6f17035e1329bc9
A85E7CC5DA44A71FC30EA4BEEFAA5FE9,1610,res_zhcn/ui/UiMakeMainNew.csb.gz,5216cdd395e2474030553cfa4a1b9af0
C30F169BD8392AD34BE08A76B81773D8,1924,res_zhcn/ui/UiMakeMaterialItem.csb.gz,3e9547875b90ff7037e7d091a1896c68
B119334F70A0EC759A3DB40CC1CD4518,1974,res_zhcn/ui/UiMakeWaiting.csb.gz,338ac6c20395cdefba24052bc2527024
3690784D8F37378294D2857C42C49078,3552,res_zhcn/ui/UiMiniMap.csb.gz,74122f49b576c3863e043678b294bafc
3AA852B0B55EA7667EE34AAA7D6D906B,2801,res_zhcn/ui/UiMinimapAct_0_0.csb.gz,b06dcb294d488343a77346016e973b12
D8B6DCCA5D804482E17DE1ED3FA193E8,2521,res_zhcn/ui/UiMinimapAct_0_1.csb.gz,281e16d15f9449781c78e9a6a4e096b7
5FE2BD4F70221680BEBABEACF0AA83C0,5613,res_zhcn/ui/UiMinimapAct_100_1.csb.gz,b31fbb439899146847e00cf32cdb7132
143CF17B1F766ED09DF41FE8B0C1512C,1154,res_zhcn/ui/UiMinimapAct_101_1.csb.gz,2a3acae6ad9238288f0d9b352f40861e
0C04ACD5DD1A834577E950EAC481521F,8606,res_zhcn/ui/UiMinimapAct_102_1.csb.gz,bb8d1c65801019943488c74aa37b302f
C03BA03348AC9AB4509D3B4E2CD54A35,3234,res_zhcn/ui/UiMinimapAct_102_2.csb.gz,2bf6234953d16fd47381c3fd8aa7cbe3
36F44F5AB77B3F9EA8EEE587AF3E6B93,2828,res_zhcn/ui/UiMinimapAct_1_1.csb.gz,00ec11b9a6854a2b5b0de89661ba86c4
B21B7C0FF30B71C95F2780CB142D6E4F,3664,res_zhcn/ui/UiMinimapAct_1_2.csb.gz,a6c0223df75847118da633c402a181e1
BCB078A1583BCC8B5E81B0D580F35DA0,5144,res_zhcn/ui/UiMinimapAct_2_1.csb.gz,456d1a8ec79893ab18e11944a77e123b
9F72BA2B95948FD51F003212C3296E8C,5618,res_zhcn/ui/UiMinimapAct_2_2.csb.gz,690da51a588daa685bb81ada0903e526
307196C621C4F40E4342B2A9B17AFB12,5425,res_zhcn/ui/UiMinimapAct_3_1.csb.gz,96ea79b82e179b8d79c27f2031609428
502446E07338A7F366FBE5310BD247F1,5955,res_zhcn/ui/UiMinimapAct_3_2.csb.gz,15fade885b6d26103523cd4e166356f8
CEB22B35A110E0253317B71C996BB106,5882,res_zhcn/ui/UiMinimapAct_3_3.csb.gz,0d6714a7f775553d5e59e5b3e79c9cf9
0676E6482C39B59236151DAE6A5C89CF,5608,res_zhcn/ui/UiMinimapAct_4_1.csb.gz,1139051d01d9f6dec94f83ad9175a903
2E7300311E5D5E7439A583085E38D9F2,7375,res_zhcn/ui/UiMinimapAct_4_2.csb.gz,e477ffa87139fe1b6d4113f7af8ca60d
414D5BDB5B712336A5C4A4F677952BD1,8400,res_zhcn/ui/UiMinimapAct_5_1.csb.gz,34e167b1a8f12e5309b8d1ed4f24f537
5E7DAEDEC9D206B47C5BE9C5840B6569,7733,res_zhcn/ui/UiMinimapAct_5_2.csb.gz,677e8f628d63da79bd4f3c7eee6425a4
B9F0B07192D41F37BA83DB76E48C8B32,5372,res_zhcn/ui/UiMinimapAct_5_3.csb.gz,dfec114b81347c7c03a47d49af175a4c
6EED9D36452B64746BB0EFB215B3F77B,7097,res_zhcn/ui/UiMinimapAct_6_1.csb.gz,525fa9f6dd1b003786d3f59ac917acfa
B39FD799917C58EC2B20FFACD24D5DC5,7607,res_zhcn/ui/UiMinimapAct_6_2.csb.gz,6cc49c2d5caee94117d31827ebd2365f
5A951A1DE6C6B6E9E431E272684CDE99,7322,res_zhcn/ui/UiMinimapAct_6_3.csb.gz,3f8f625afc71cc38f89b90166562d0ae
B68C0C610752FD6818B1033495D1A0C6,6844,res_zhcn/ui/UiMinimapAct_7_1.csb.gz,5e1da59096ab118764b8d3c213191135
447926CF97FBD8776CB18BE58B443236,6129,res_zhcn/ui/UiMinimapAct_7_2.csb.gz,a55141399363082687ce22bab4f548da
6D909C140BD105A2F661FDF970F973B7,6733,res_zhcn/ui/UiMinimapAct_8_1.csb.gz,d9c0744d70eac0e8f7d6965f843749e6
4082618C6C9C14D5523B7073B95C2670,6354,res_zhcn/ui/UiMinimapAct_8_2.csb.gz,84ebb824f6704a5419110e5182fb6b9c
42C74F69A7FBE8A9CCBED40F35AF44F9,747,res_zhcn/ui/UiMinimapAct_99_1.csb.gz,01e1632b5de57f16e8cbf9f39d7c6fad
3289343665BE980AD9261786B7645086,1231,res_zhcn/ui/UiMinimapAct_Main_1_1.csb.gz,7567f5d30ecb4a71274f1a2b09363522
1CBC4184806DD3C6D664FB0CD13694E7,1403,res_zhcn/ui/UiMinimapAct_Main_1_10.csb.gz,c74fde0d9502fd09dbd2616f050fa070
380C8DA7DC883CB700FBDF1C10CB11B0,1400,res_zhcn/ui/UiMinimapAct_Main_1_11.csb.gz,1626468ceb34ff70466a98953ab7ecfb
0CD92CF843D3D3F098B59D9F68D8F73E,1397,res_zhcn/ui/UiMinimapAct_Main_1_12.csb.gz,989b9665e0e484c7ecaac96e53784de2
E2A8FB498BEA7E397E389FAA44D9207C,1394,res_zhcn/ui/UiMinimapAct_Main_1_13.csb.gz,c333e1844b3d75046f3fd71bf92dac4e
BB66216E470FD73789AA09E903D7E57D,1550,res_zhcn/ui/UiMinimapAct_Main_1_14.csb.gz,c7bbf3fdbca3be347a52e02554f82a6e
046F4753106ACA230C28E050CE68741E,1391,res_zhcn/ui/UiMinimapAct_Main_1_15.csb.gz,b94bba9f5661dbba9757ca50b9b9dacd
030B3083A6D8DCC4E5B4BDA5CA4AB541,1394,res_zhcn/ui/UiMinimapAct_Main_1_16.csb.gz,8336189df5d741a9827561c5c16ebacc
4132D21F87216AC73E805A96924920F9,1559,res_zhcn/ui/UiMinimapAct_Main_1_17.csb.gz,19e30e0efceeb8b90bb438046dc7864a
6B5812675ADB55D45743DF9E6DD8329B,1547,res_zhcn/ui/UiMinimapAct_Main_1_18.csb.gz,c7ce3761f3dc8c98230d0cfb271bf7ff
16037C8C9E37271FBFE6E42EBAFF9C1A,1461,res_zhcn/ui/UiMinimapAct_Main_1_19.csb.gz,876c13c1537487b7227286e2dd429fec
72F7239BF03C93521CFB07EAC5642085,1552,res_zhcn/ui/UiMinimapAct_Main_1_20.csb.gz,cdb4f161a90417dc133fe9ac264d8c4b
1CE1086313A9684405CE8B24A5E5A547,1559,res_zhcn/ui/UiMinimapAct_Main_1_21.csb.gz,5b4f7ff58e3df152b6e5054fa151d49d
939207502B04632DD129147303164E3C,1416,res_zhcn/ui/UiMinimapAct_Main_1_22.csb.gz,54e4d8529b82ae6387d0699dc1f68d15
B256B5A5D4EA92F04D58CEC820FB07AF,1396,res_zhcn/ui/UiMinimapAct_Main_1_23.csb.gz,d5ff4c129e647a57dd3c6a7b4da93013
7B534F4CE9FDCBBF28E979DD04562953,1405,res_zhcn/ui/UiMinimapAct_Main_1_24.csb.gz,2ae8c5fc1341c8f90e0cf797f8f3b447
EADA5F9647CAFDD22AC3BE9617BE51E4,1460,res_zhcn/ui/UiMinimapAct_Main_1_25.csb.gz,129d51ecc894d146f09e2cb0aa8426b9
515BF8FCA068FCADC7D42457FE4CE9FF,1460,res_zhcn/ui/UiMinimapAct_Main_1_26.csb.gz,0fb350382d58a21fa233d29ead8dc417
5319705372FD8AEA89FA0A50D1392F01,1461,res_zhcn/ui/UiMinimapAct_Main_1_27.csb.gz,293aa981e6ee6ae2dd4ef0d69d2f0aab
C09EC6C318A0ECECD4BEB46E8068F0E2,1563,res_zhcn/ui/UiMinimapAct_Main_1_28.csb.gz,264b561ddffa06f78d5fcaee94bea95c
CA80DF6F8D9DEB63078559989D0EF090,1462,res_zhcn/ui/UiMinimapAct_Main_1_29.csb.gz,a72ce51c97f126e5ecf8732134f8c47c
DDF2B4911183B309E1DC2B4D15744109,1406,res_zhcn/ui/UiMinimapAct_Main_1_30.csb.gz,f49b104ac5f94083702a8862dc9e357f
C7327ABA8B788BD86DE5D4A6DBD86760,1392,res_zhcn/ui/UiMinimapAct_Main_1_31.csb.gz,b9676cef74712245d0190bdedaef62fb
A4EB0947ED24C7DC7161D5DCD7735212,1380,res_zhcn/ui/UiMinimapAct_Main_1_32.csb.gz,fa276e3e9f916682329d005d9c6dd476
F707ABBF60D639C27614E8DBFF196C2B,1389,res_zhcn/ui/UiMinimapAct_Main_1_33.csb.gz,7c5144a681806a522a6e7994e872fc44
A4E5E8D6B92D36A79004B92C39C3A522,1624,res_zhcn/ui/UiMinimapAct_Main_1_34.csb.gz,45c354e2592a2ed5e428282664de9a0f
A7F6BBE335415A76E015E16EDE0C777E,1549,res_zhcn/ui/UiMinimapAct_Main_1_35.csb.gz,7eed0a5e60d020ec7d76a612d24b3784
8DF83E22DC4E72F0D4D7136CD04588D5,1401,res_zhcn/ui/UiMinimapAct_Main_1_36.csb.gz,1dd911f227ffdd4769d2282258c93e4d
30B790A5BC8B30DB5B4FCA5DCA7752B4,1403,res_zhcn/ui/UiMinimapAct_Main_1_37.csb.gz,890ff0c44985f5abe5aa481bd5588978
3139F33E05DB7C7039E1D34D7152F3CF,1410,res_zhcn/ui/UiMinimapAct_Main_1_38.csb.gz,e7ecaddb8f426477594758b03458af1a
D5AE6762C6B161AC2B97E6E52CB1CCC3,1420,res_zhcn/ui/UiMinimapAct_Main_1_39.csb.gz,a2ae489b06a2c4ec3093794bd1fe9750
48E2C8F56AAF1A0BE630F161A1D3A1FA,1388,res_zhcn/ui/UiMinimapAct_Main_1_4.csb.gz,6e076f8155814ae2fa5b63e6a8f03d31
52A3C46E6D658B49BBB71892598730FE,1463,res_zhcn/ui/UiMinimapAct_Main_1_40.csb.gz,2684945b6da28ce11f60a499120789ac
C5D008D00B249EC4C6F204FD77B7355E,1464,res_zhcn/ui/UiMinimapAct_Main_1_41.csb.gz,ec67c47134254275be709cffef0c5723
3BDA359614C2FD5601CDB19C011A9985,1402,res_zhcn/ui/UiMinimapAct_Main_1_42.csb.gz,ef91b5be2611b5b8a7851d46c9bdae2c
AA04AAA8B6069C5B20C2419A3F51AF10,1395,res_zhcn/ui/UiMinimapAct_Main_1_43.csb.gz,0526b9c518750315c48e4851b553eca7
AC891805D1D304153F9A5AA1F97F3937,1461,res_zhcn/ui/UiMinimapAct_Main_1_44.csb.gz,9acaba7bf0915c5569e74c9f376426d4
F2748A873DD745973DC68F0261BA5C10,1399,res_zhcn/ui/UiMinimapAct_Main_1_45.csb.gz,73f3b71699dce228283ef06913989d27
8ED64BF8FF1D135E025181E1FE6BE0B1,1406,res_zhcn/ui/UiMinimapAct_Main_1_46.csb.gz,f17ff776c5824225159f03e1a1188f3f
C810B8188752C8CECB59C0BCB71082E7,1389,res_zhcn/ui/UiMinimapAct_Main_1_47.csb.gz,ad3c4fa5fdd444c1f2851deaab23b294
CD1EEED5F7DE7F2F3BFE7D00344CD38A,1618,res_zhcn/ui/UiMinimapAct_Main_1_48.csb.gz,bcc5c99310489b513f6096b8ec9a39b6
F8417750D97FAF1D652FF411F4307C6C,1397,res_zhcn/ui/UiMinimapAct_Main_1_49.csb.gz,514ce9abddbad630bdb669d205759455
EB17551EDDC85490E9A268130856A865,1373,res_zhcn/ui/UiMinimapAct_Main_1_5.csb.gz,fd1cba0fb7d1e6b2bb7e318f6b070970
C84633A02789D97F4BA2E7D1AF73001A,1396,res_zhcn/ui/UiMinimapAct_Main_1_50.csb.gz,7bd9b61605dad93614dfac64ed907567
03E53CC095F5DF3D6FBC5BE0395C67F2,1409,res_zhcn/ui/UiMinimapAct_Main_1_51.csb.gz,e8cab90a3ada7a0c1db3e35b2516d3e8
A3F3CD88673FA4A565C4E9A4C31534FA,1403,res_zhcn/ui/UiMinimapAct_Main_1_52.csb.gz,afddaa9174e0463ea8fd01d31b2db77f
BC492F050DBE76834A2E18F7466DCF39,1402,res_zhcn/ui/UiMinimapAct_Main_1_53.csb.gz,f4e4204f96f31985e88a313814ff6277
E1512A4002D3813D19BC0E56688EF404,1407,res_zhcn/ui/UiMinimapAct_Main_1_54.csb.gz,240543c083325e5911c4517665e07c95
B8F2A43BD37646675F0334CCCDA55D49,1400,res_zhcn/ui/UiMinimapAct_Main_1_55.csb.gz,1e03e36687987b5a2ac25f48d8e7eed4
72B42ED0EE8DD4B3321D1E34D58D6115,1399,res_zhcn/ui/UiMinimapAct_Main_1_56.csb.gz,2f16c19ef58a7a180fff9084b2263cea
D9769BFE46B1F9F23413BE72C5F96576,1413,res_zhcn/ui/UiMinimapAct_Main_1_57.csb.gz,6a3c7cd937496d2962088451e8414319
887B934CE5FF6CD678BA15FD152AAC20,1413,res_zhcn/ui/UiMinimapAct_Main_1_58.csb.gz,1b94d321b4db64052572a2e8df049925
DC03F254941BA232C1BEA80312FF8656,1365,res_zhcn/ui/UiMinimapAct_Main_1_59.csb.gz,1c8686003e9e9f81717367b43f719dbe
27C9E14B0BBFD729E5EF0ABBB1FC7960,1736,res_zhcn/ui/UiMinimapAct_Main_1_6.csb.gz,2d3dad2caa16784c437475da31a3416a
87D9F6846901433895996ABB8FC688B2,1418,res_zhcn/ui/UiMinimapAct_Main_1_60.csb.gz,314fe5c62b159f6263f4db791f187f55
27F773A46A9024487047FE1E14E37658,1391,res_zhcn/ui/UiMinimapAct_Main_1_7.csb.gz,80a6a4f64e1c3bd53b0a7e5fd8de1d6b
FA22391D37049E522F64CE07B198E20E,1379,res_zhcn/ui/UiMinimapAct_Main_1_8.csb.gz,2958c00329d920aa07bedc11d3d48332
50B692C475019440D6ADBB273AAF7507,1420,res_zhcn/ui/UiMinimapAct_Main_1_9.csb.gz,b469a4dee8a225fad6082a32881e0da7
EF4BFABE49D15B30A50980113D017942,1397,res_zhcn/ui/UiMinimapAct_Main_2_1.csb.gz,38bd944ce4614b0bc4a148334379b1d6
D250BA1A54E2667DBCDF159D315EF75B,1416,res_zhcn/ui/UiMinimapAct_Main_2_10.csb.gz,752e4f1fbc44c3be9fe31574b473324f
A8E320032AEE25273B2D82223337C279,2344,res_zhcn/ui/UiMinimapAct_Main_2_11.csb.gz,a5ad49350d273087f64c6ad1db7f31f2
66C27009BEFCCFDE5622B78E7062D091,1409,res_zhcn/ui/UiMinimapAct_Main_2_15.csb.gz,77837636ac2f83bc6b156d3dcf0ea002
AC9F514377191A63D26632389282C269,1631,res_zhcn/ui/UiMinimapAct_Main_2_16.csb.gz,1c2669089910ddc80c17de66da62a2a9
85AEE3D9A623DAB5EE4FBD9BA5C1CF62,1409,res_zhcn/ui/UiMinimapAct_Main_2_17.csb.gz,d38624edf7533b6db11a70e1af64d3c4
BE0E97C25E64ED4830C5AABB50874D59,1406,res_zhcn/ui/UiMinimapAct_Main_2_18.csb.gz,d4bd2f2926406919954b1f1372d5ae4b
4423F5801BD9B9D1FBF0382DD65F83C4,1409,res_zhcn/ui/UiMinimapAct_Main_2_19.csb.gz,41c90a0ff9edd53b3fdbfcab75ce36b8
B59ACC6D82EFF604C52B9DE2F1428A22,1411,res_zhcn/ui/UiMinimapAct_Main_2_2.csb.gz,5755bfd72be5f905345181e37b04d7e3
CC78ED7DAE0D46483DD27BEB34F72782,1405,res_zhcn/ui/UiMinimapAct_Main_2_20.csb.gz,190380995dce7c6d1170c81c46221426
CEC8A8B5FC8744A7BFC8A647B09381A9,1414,res_zhcn/ui/UiMinimapAct_Main_2_21.csb.gz,89b3cda6858d65ac66355e77347197ea
C25B8099E7DB4DC070D595BCEEEE7A4F,1411,res_zhcn/ui/UiMinimapAct_Main_2_22.csb.gz,03e2d0f98a5c7066e7048873081e4464
D5300B85036217F6F2E43D91F948FCB2,2124,res_zhcn/ui/UiMinimapAct_Main_2_3.csb.gz,2cfc398feb9ca82dcb042898756099a3
7294BB3AF84A476CD5AD8E8FDA9211CB,1403,res_zhcn/ui/UiMinimapAct_Main_2_4.csb.gz,61e70537ea5f722a18024f0774d42d26
A451D356DCB7C559783A0ACCAA22AEEE,1412,res_zhcn/ui/UiMinimapAct_Main_2_5.csb.gz,1cb1bdc9a2c54d0db8203f376014dbd3
E983FE5C93EEE540CA9B45106AFE8DB7,2145,res_zhcn/ui/UiMinimapAct_Main_2_6.csb.gz,9c46669e32c6e160e0f52b4509c2634b
78C3CB867F702B1E1455CD31B74EC6A4,1415,res_zhcn/ui/UiMinimapAct_Main_2_7.csb.gz,6ee505fd5bbcaeacbae78cb9bb6d531a
75DA49F2255EAA2CA0740D694702002C,1408,res_zhcn/ui/UiMinimapAct_Main_2_8.csb.gz,da1ed1268659c38b8a23f9c7489b2e0d
C98E5A71A9ED83E86E977B40C7D333D7,1406,res_zhcn/ui/UiMinimapAct_Main_2_9.csb.gz,39a890013dc41fb8858385aafc63a35f
08214A526BE4856BBFEA5FC232348AC0,1584,res_zhcn/ui/UiMinimapAct_Main_3_1.csb.gz,8541dd56a9efd7ad21d853bcaf1b8658
EA555067FF5B782604A644BC77E17BB1,1610,res_zhcn/ui/UiMinimapAct_Main_3_12.csb.gz,3c8303dc860cd31c567d3cdaab7a37df
6E01885A0A844B31261F84A50E93766F,1424,res_zhcn/ui/UiMinimapAct_Main_3_13.csb.gz,d44803d4136a154ab96b5bbf78e647a7
A29EF649F822FD4D7DE9A02023CD7D91,1611,res_zhcn/ui/UiMinimapAct_Main_3_15.csb.gz,006cfc344da366162d0548c96440f763
F9D365423376921F9879F1BA84423DCA,2981,res_zhcn/ui/UiMinimapAct_Main_3_18.csb.gz,4910b152b15a3f6dcc6ab54e357e4e44
EE88AA288075B2BEB2714D5F8E5B3107,1626,res_zhcn/ui/UiMinimapAct_Main_3_19.csb.gz,d4fa396d94a9f49e3bc7284cc4f9b27a
E7C0E6BD5E6FB876C0CE11C10C659A1F,1408,res_zhcn/ui/UiMinimapAct_Main_3_3.csb.gz,0d1860e1269d7c754b52adfd100ec056
A4E0E2059A58FE349C5670F3F3284FB4,2474,res_zhcn/ui/UiMinimapAct_Main_3_4.csb.gz,e26f9278b373f874613875c674dcafd7
48382905DD0F9182DD4000C3073B581D,1806,res_zhcn/ui/UiMinimapAct_Main_3_6.csb.gz,38721435b6ad057691c608ef376ac48a
80331ED616D012F17B1738ECF3BC171C,1628,res_zhcn/ui/UiMinimapAct_Main_3_7.csb.gz,fbc92262b4f0e2d82aa4f83895afab88
989408CB5A7B476E8DA61FC78AA1B672,2343,res_zhcn/ui/UiMinimapAct_Main_3_8.csb.gz,02535bb52314e696f81ee95e6242de54
1193276F97F835D851FC8B0ECA678F0B,1598,res_zhcn/ui/UiMinimapAct_Main_3_9.csb.gz,310f53a4104b6c1970e66a47f6bb64df
513BEC353F801DE68A6CB2FBC6D00AC0,1820,res_zhcn/ui/UiMinimapAct_Main_4_11.csb.gz,957564d66776120710df2c99fad8ab04
51C8D6F2D5629C31723F73985F071CE3,2626,res_zhcn/ui/UiMinimapAct_Main_4_15.csb.gz,bc886d6ee051bfd9bdb5522bc9400c26
BD9DADCE0D3EDBB05D446EC47B75254C,1829,res_zhcn/ui/UiMinimapAct_Main_4_17.csb.gz,ad9659d8819480acc75ee829a63dae63
E5E53824CAC192E324BFBD9E822917DB,1634,res_zhcn/ui/UiMinimapAct_Main_4_19.csb.gz,54cab3d4b0eae92d18ecb82189da04ea
175796009FA1BE8296211ED83B8D99E8,1629,res_zhcn/ui/UiMinimapAct_Main_4_3.csb.gz,83a384697976fe89fc05501fd69109fd
065EFD79D687DE6992E3F347CAE5ABD7,1802,res_zhcn/ui/UiMinimapAct_Main_4_4.csb.gz,c8b5690cf0eda36a17d690a65dcf19c3
4529C2CACAEF5C594ADA0DCC78FDDCF0,2628,res_zhcn/ui/UiMinimapAct_Main_4_7.csb.gz,352df9a06c758af1d6ad252ce729142d
9E1D2059D48ECF09604BDCC025BA56AA,1822,res_zhcn/ui/UiMinimapAct_Main_4_9.csb.gz,cfad4875e01dcb74ea717ceea0233b17
864C748556D264C64BDD9CF9359FB0BB,2653,res_zhcn/ui/UiMinimapAct_Main_5_14.csb.gz,c717247a518051b33572a830ef7ede5e
428D54B4B6A025BC5F316EAA19BF459E,3070,res_zhcn/ui/UiMinimapAct_Main_5_17.csb.gz,666e1149cf2a61101fc9c5bfcf18b8c1
F25B5EB5449DCBEEFB445A309BDB4137,2513,res_zhcn/ui/UiMinimapAct_Main_5_2.csb.gz,8272fc0a1fcf644058b5f2758f4cb2ad
46354EEDB51DAE3D93A5412FFF00EFA2,1407,res_zhcn/ui/UiMinimapAct_Main_5_5.csb.gz,4e9af97537d722198fdf956170aafba9
1C69C4C9E39AAFAA8411C4E8B8631044,2737,res_zhcn/ui/UiMinimapAct_Main_5_9.csb.gz,551d343ec4ad061b6202cbd2b4d5f43a
B166F893A4F5D2CF8005A5B3C38C9DF1,1245,res_zhcn/ui/UiMinimapAct_Main_6_6.csb.gz,533bb50abef13b737fa9200321e1de35
F8F0F77BCD15626A4059693C395590A8,1600,res_zhcn/ui/UiMiniMapWorld.csb.gz,16ff38760dab2575563f9e456ff841e3
EE1E9E8EF431F0075D4004220E258073,1559,res_zhcn/ui/UiMiniMapWorldAreaInfo.csb.gz,30d156e4168296021f350534197cb2c6
AA3DC1F6F45AF9659D81312749953156,924,res_zhcn/ui/UiMiniMapWorldAreaInfoItem.csb.gz,7616b0062aaeeabc1e4509641be4a859
ECC872B1530E6BC674DC40CFEA08DBB5,1540,res_zhcn/ui/UiMiniMapWorldAreaItem.csb.gz,45d3f643e6a9755e43e15c92613603c4
F59A1114B7AFF1B90FD6792596D9C6C3,1736,res_zhcn/ui/UiModel.csb.gz,a8c514f3d09884de1c77574397060eb4
6E239BF87E1A3B44DDF8902ED6D4E371,2668,res_zhcn/ui/UiMoneyExchangeAutoTips.csb.gz,ca36c9934f658b679cebdef389f0d602
E6823D878518EA17C5B3C2618E16E210,3877,res_zhcn/ui/UiMoneyExchangeManualTips.csb.gz,5e5cbee571dd448c836007bba4b4acf0
F2511E211FBD6015B0DBF809E2A134B6,1359,res_zhcn/ui/UiMonthCardDetail.csb.gz,1e1fd735f7d278ea49206ec55f487261
8711EB6D9E7EB16730E8DEDD51C7B8CE,751,res_zhcn/ui/UiMonthCardDetailItem.csb.gz,d51a1381a6e4b91740dd4951146e9a86
FAD49CA74C964922144EED27E66C7C14,7099,res_zhcn/ui/UiMonthCardMain.csb.gz,c07652acca2080c7c958991d6432cbc9
DD4DE7A4AEC8461F50718CE53BC315E6,2499,res_zhcn/ui/UiMonthSignItem.csb.gz,d4f2351755c8b4dee9952989a7e1154d
28B3E54043A5A298C84643BD7134F380,4645,res_zhcn/ui/UiMonthSignMain.csb.gz,0ec6a9d689dfb694ce5897acbac52ebd
BD8E0F549A5874FB582D5ACAF2186B71,3942,res_zhcn/ui/UiMonthSignReplenish.csb.gz,3941a2b5cf1c970fd5fdeffb280ec5d3
F84638E42268FE7BE4ACDC1A10A14896,2051,res_zhcn/ui/UiNestBossSkillInfo.csb.gz,43233adce5a67a663dfbdb657c9872f2
1124A81E3C6D6AD3A9DCC56330D67E2D,1430,res_zhcn/ui/UiNestBossSkillInfoDetailItem.csb.gz,4db4b3fad627a5b88c250b2156375cea
5835A2286FF6442534CFBCCF85A54CA6,3648,res_zhcn/ui/UiNestChooseType.csb.gz,4229c96e532a9a662cac684170706adc
377BDCBA65A655F00854F8282E11993D,1378,res_zhcn/ui/UiNestLoading.csb.gz,477949c29f7aadf5c5f6ea4cd5c6bf69
21308BD05A7C613E87BE691BB1FB2D3D,2453,res_zhcn/ui/UiNestLoadingItem.csb.gz,f738445e6b95c79c2d894e308957e601
6D0830D64B27843E4CCD4D01D32ABDB4,6360,res_zhcn/ui/UiNestMainNew.csb.gz,bb67fee2102704e441443c83bcffef9c
4A45E6B92BCDC08AA8C4E442B6FF3863,1114,res_zhcn/ui/UiNestMainNewBossItem.csb.gz,7db2c112f33f563091a6a30555cc54cb
2EC426008825AB10093EEBDF00F7DEAF,1076,res_zhcn/ui/UiNestMainNewBossNameItem.csb.gz,661f0df2584b873355b672d471075fd0
5A1AF40A7EBAE44C29AB3B70338B9571,3407,res_zhcn/ui/UiNestMainNewDifficultyItem.csb.gz,9e85980a1d7b56b3d9783c964636c9c4
C9E64339B7A1089B78A60873259452AA,1699,res_zhcn/ui/UiNestMainNewDifficultyItem2.csb.gz,858f84e86505defba9a9fdabaa81c2f0
E231D9BB74541DCFDD93A97CBC0820BC,1485,res_zhcn/ui/UiNestMainNewRankItem.csb.gz,d031a630c78e24b3d9b2fdcf076fd382
D7B42934EA9D2005C8CB1E41A2C39584,1806,res_zhcn/ui/UiNestMainNewRewardItem.csb.gz,88d4b3c390a47d677c38afd47d17087a
1C06AF7144D8F990C9E6325A3BDD8A3C,1173,res_zhcn/ui/UiNestMainNewSkillItem.csb.gz,8272a31bc831e163d3fe2be622484416
777EFE9EFBBBA81ADF2BC7AC5279760A,1526,res_zhcn/ui/UiNestRankHelp.csb.gz,bc1c2d5ff1d23aa070a6b5345f69ef0d
EA683D789CFD9D80C57F7056AC9BA2C7,749,res_zhcn/ui/UiNestRankHelpItem.csb.gz,005a24f9519eaa8fbc3a896c6ca27561
606F9765FEE25332D26D3D9563D57302,1271,res_zhcn/ui/UiNestRankTeamPlayer.csb.gz,1cf781b6c1ef45c5564fba22c8e38352
D8FD4366CDE2A3A28BFCA10020AA54CA,2981,res_zhcn/ui/UiNestSweep.csb.gz,31e1ca9a132129257cb10bde8f872ba6
18EF1FFBA586224C60461549FC7B1B35,3515,res_zhcn/ui/UiNetworkFeedbackTip.csb.gz,428278769565cb99b67664fa4bf49656
9631B689F1969C0F0CB75A3CEC8153D1,4007,res_zhcn/ui/UiNetworkFightAutoFight.csb.gz,b461de386bf79ac9f87ea2bd7200e600
E1AD99D4098FB64AE9EF3A04D16A6442,2569,res_zhcn/ui/UiNetworkFightDebugSetting.csb.gz,917e0db56b0a81e748a84173c755aa1b
4447B4795DF99B1C84C1244592112888,245,res_zhcn/ui/UiNetworkFightFindDiff.csb.gz,95b0d09319c99ac9f33a58c11b371913
F69E642F235B4814839E3464950D0265,5268,res_zhcn/ui/UiNetworkFightPlayback.csb.gz,3caaf274e59417bcab568f970e0f409a
DB1D20699AF1C9A0BF7242C4F3897C5A,826,res_zhcn/ui/UiNetworkFightPlaybackItemFightType.csb.gz,4726d0a0a170075b2108f5552965e8b5
F721B1749B4AC901A9F3EE6CD23A07C0,1310,res_zhcn/ui/UiNetworkFightPlaybackItemRecord.csb.gz,9188e051ef12f08091bae0d568cd41b2
201009EBC53B4C7CE50B17FBA3CD776D,3265,res_zhcn/ui/UiNewSystemMenu.csb.gz,00369a1c686660d37952288cd0351c0e
9E01C0DA64D2E60096E7E2E9B0374EAE,643,res_zhcn/ui/UiNewSystemMenuContentSrollView.csb.gz,0f406df972da8dd581461f635f926052
00FBCC5345A4988B23E203D2578B31DD,1500,res_zhcn/ui/UiNewSystemMenuContentSrollViewItem2.csb.gz,c955601941cdc53e199c42e8e4527a9b
3C4232946289492AEB1FAC04B64E8DBC,1503,res_zhcn/ui/UiNewSystemMenuContentSrollViewItem3.csb.gz,7e95b86bae9fe6149ad104c5f2688ff2
ABAC6ECB756FB75F8A22128C2E4976B1,1448,res_zhcn/ui/UiNewSystemMenuContentSrollViewItem4.csb.gz,4cc72ce253e89cd3884dc20d4dbe7e81
220DD6A056EE9A2BF1F8A58F89719FE6,1116,res_zhcn/ui/UiNewSystemMenuTitleItem.csb.gz,30c4dee6bb368da7d59d3c73a5b703df
94067817CD7382DD6CC9B29C13F6D8A7,1754,res_zhcn/ui/UiNextDayLoginAwardItem.csb.gz,ff75a99e035358efdb06446d9921061a
0A75516EEA2FA4CFBA01BB9330644AB0,2991,res_zhcn/ui/UiNextDayLoginMain.csb.gz,955dd74ff02e0bb1eec0e3cbd6e7b950
A9A14FF301FB673C9A2422D2CD6DC495,4316,res_zhcn/ui/UiNianDungeonMain.csb.gz,5855b4bd3c5dd042a04f5ce0dc4fce5d
7E9B91C70AEBA8477D9563196CB7584F,1414,res_zhcn/ui/UiNianDungeonMainRewardsItem.csb.gz,31c128e88b6b1f4dfd0672ae5d604d79
3B30CCE48FBEA3B4525C64FC3671324E,1534,res_zhcn/ui/UiNotice.csb.gz,a08b22709227aae5ee25514864b0935d
0CBA57F5D65CD12BA67EAD04C3415EF3,676,res_zhcn/ui/UiNoticeItem.csb.gz,6fc6f573a066cc171b64d4427c32639b
8E0D77B51C426C801412A796B922EA00,1330,res_zhcn/ui/UiNoticeTitleItem.csb.gz,b2e94637c717a616326841377dbde1ce
55598EA70BB79C74B24C205E5B53FA39,898,res_zhcn/ui/UiNpcChat.csb.gz,b977a78ac2053459db8080c0af2713dd
D5F5FB29F5F3597542189FD9D7B376C9,4646,res_zhcn/ui/UiOddsDimensionDoor.csb.gz,40b2ac55a40955e53158509ae9b25b4d
4BC79FE95BF6102138467F295E73E0B2,2102,res_zhcn/ui/UiOddsExploreCopy.csb.gz,ccc06eb0ae44ed5bc698aa5059a7be41
E70E84B170ECF28AC5CB72912FEA65C1,6977,res_zhcn/ui/UiOddsExploreCopyDetail.csb.gz,557144b19726adccfb9bb7cd8f7a912c
C1CCD0C08102ECA5A9A859C326F00D2B,1759,res_zhcn/ui/UiOddsExploreCopyDetailAwardShow.csb.gz,fa0f8d017b4190b99c792e8645756647
7AFC3328D1718BD44BDF0BE05668AF96,2106,res_zhcn/ui/UiOddsExploreCopyDetailAwardShowItem.csb.gz,bc06b938dbbd7123441a4a17c85835e8
1899FAB5750088488F6C4F24529EE9D8,1524,res_zhcn/ui/UiOddsExploreCopyDetailDropItem.csb.gz,57d6f4a5b2af31006357590b2301df75
DC9158C9170B25641B5D290D91BBAE60,1496,res_zhcn/ui/UiOddsExploreCopyDetailGift.csb.gz,c6fe24671fd9e0db94b004a34598fade
4FCCCC7257A393C50C43E32059457C75,3569,res_zhcn/ui/UiOddsExploreCopyItem.csb.gz,ef57922fc53678f86db40440a3702a75
0FB0B3BCCAAC4F654ED374F6B5AB5247,2401,res_zhcn/ui/UiOddsExploreCopyMiniMap.csb.gz,ee21656063912779d7d67d134a29f120
F668F39ABCA751FBB1382CAA646DCE88,876,res_zhcn/ui/UiOddsExploreCopyScroll.csb.gz,9dd1ab76d193baa9d30d0f4d362ef403
359EA3FBC498ADA93D7B332872B91402,8545,res_zhcn/ui/UiOddsExploreCopySweep.csb.gz,f1c78755619aae80df31921bb2cbc343
27F72D8B20873AC6D0403E4FC7CB05E2,1338,res_zhcn/ui/UiOddsExploreCopySweepDropItem.csb.gz,096bfc67a8a5b1ea53ef3bb0c257ad75
654BCC922A1520B6C10D9B90D479FF0C,2820,res_zhcn/ui/UiOddsExploreCopySweepItem.csb.gz,fe71f046001a672653366ca6f1533a67
324812607BE7BDBA4D2697EE8A7C7DEC,7627,res_zhcn/ui/UiOddsExploreCopyTypeSelect.csb.gz,ea778b15b6e80131f5be9af9a89b2193
02B25FDB20CE1554DAD4E40757BBBFFE,4580,res_zhcn/ui/UiOddsExploreCopyTypeSelect2.csb.gz,26bb7b2fa3edc76b8c385960171b56f2
99EC4A23EE89859323734C0937086B5C,1548,res_zhcn/ui/UiOddsNestTeam.csb.gz,647c5aaf1921179802fb2101f956a48a
18C27EC355CFCD531C359FF4A74339DC,2542,res_zhcn/ui/UiOddsNestTeamItem.csb.gz,d16af0ead25b1e073d8f2391e84b2271
51BD4B4FBD873BCC5DC009C2C0902AA8,1710,res_zhcn/ui/UiOddsWorldMain.csb.gz,8312b760a6d0e72ed66ef8263157ee32
DED8ACC165741250920B0F8BF547C651,1836,res_zhcn/ui/UiOddsWorldNavigateMenuItem.csb.gz,50133ab6403e0e42f37efeb0beb83ff1
9717A680A737455168B9A16F06E9F290,2079,res_zhcn/ui/UiOpenBagTips.csb.gz,9d6008b9fd6615531059c10197c79e7d
4E5D632B5456D7636112005AE82EB506,1093,res_zhcn/ui/UiOpeningSoon.csb.gz,a35127cd0e6b484e4c798899534f0108
84C1895175374AF2E06435C8EC26EBAF,448,res_zhcn/ui/UiOpeningSoonBlack.csb.gz,32e9c9978cace39b7aadb7da2edc5f21
ABF493903F275397D55061074FCFFBC0,5525,res_zhcn/ui/UiOpenRankRewardMain.csb.gz,8293fd3b972f3d50803fbebdc75fbfcd
7D10364EA02EA380617F2370A1AD6664,3557,res_zhcn/ui/UiOpenRankRewardMainItem.csb.gz,4e5e9e673713b294de5cb879bc012766
36DA9D5E958110A2013B9EA04DA615CD,1701,res_zhcn/ui/UiOpenRankRewardMainItemSingle.csb.gz,79a5abc6f734693fc542df6a8d20583b
2FA2B0040025C5DE5AEC86EFA248DDB9,2970,res_zhcn/ui/UiOpenServerOnlineWelfare.csb.gz,c56c55c3dc02d3b399610e283a96d3b1
AF0DC2B9C38028E2A6B69AACB68D60BC,1577,res_zhcn/ui/UiOpenServerOnlineWelfareItem.csb.gz,8ad8c6ccf09e118e6aedeb731b49cc93
A37B7D2A48ABB9C35929651F9D87E27B,3579,res_zhcn/ui/UiOpenServerRankMain.csb.gz,a403f1b9f7630e5fbe77e36e8dae60fa
95FB70B171A4377C5C55468793C15AD4,1949,res_zhcn/ui/UiOpenServerRankMenuButton.csb.gz,ccc014a705c4f9acb2d8821926cef6c4
8700BB82AC2F89E2E3A9AE0F1B04B203,1219,res_zhcn/ui/UiOpenServerRankModuleButton.csb.gz,6f767e68d547ce62c9fbbb6bfa15ba14
355276C9FE79767E9AF3AA21080471FA,1881,res_zhcn/ui/UiOpenServerRankPowerItem.csb.gz,1fbe0be2e3bd0fc30d29b1b1aa84a1da
8619BA30FC16A6E527D5C70A7364CB97,1617,res_zhcn/ui/UiOpenServerRankPropItem.csb.gz,e91a53b1a3a2b7f79abc9fb0a02fe907
345B83A259889E811BD7570493A75566,3549,res_zhcn/ui/UiOpenServerRankRecommentItem.csb.gz,baf392b7b16a3df667014f0da3aff53b
9E447CE96438B372FBBFE21EDE543D85,1843,res_zhcn/ui/UiOpenServerRankTaskItem.csb.gz,2d6b6c6b272df143b7010e15cb6bd3f7
6C175584EF04166988226B3EA5778C39,1845,res_zhcn/ui/UiOperatingActivityButtonItem.csb.gz,a844643fc6b3c81983641760bb257ba2
6CF70875F27F5829E801CC6A65B921D9,1758,res_zhcn/ui/UiOperatingActivityMain.csb.gz,b1dfe6fe9425346da5eec952094b1ab0
E2EC3A1A751621A7D8BACF01E51F8A37,1174,res_zhcn/ui/UiOperatingActivityResourceItem.csb.gz,6e7095dd05ebf8225dab5c38f8808361
E18210848BFEC3A2BD39F12CAE50782D,2880,res_zhcn/ui/UiOverLevelTips.csb.gz,98d72f79591afd380ec09a392a7b5ecf
587CBCCBE17F007A5494A2431BE23FAE,7612,res_zhcn/ui/UiPartnerArchive.csb.gz,af8b01c885c6b90c8fcceae50c898b36
FE2CDB7168C226F0A967805AAFBB8903,3287,res_zhcn/ui/UiPartnerArchiveStoryItem.csb.gz,dc2296a57129b8bb22a7d4e1bdf8e596
16A201F5643B23214A0E82479F6D213D,4995,res_zhcn/ui/UiPartnerArms.csb.gz,0e97f1a24e643edc301508b55529a2ce
7C09ED1051B18E8FE69B23D29D00E5DB,3199,res_zhcn/ui/UiPartnerArmsPartnerItem.csb.gz,21ba50bc5e156b7b62b0e5c5c7565670
46192202F1C238FEE86F7AE0F3CA3A26,1915,res_zhcn/ui/UiPartnerAtlas.csb.gz,230bb010118d410d81ac401489731fff
D3A94548B0D5C90E659E2741F019DABD,3679,res_zhcn/ui/UiPartnerAtlasItem.csb.gz,a33f5029d807241f71e0a53ec3d2efec
4144E036BBF1B18ED64DF73DFDC38AAA,3986,res_zhcn/ui/UiPartnerAttribute.csb.gz,4be78a4f1ced945325b4940b5e86db9f
7DF250710B0CCC4802E2B1BAA08A7927,10376,res_zhcn/ui/UiPartnerDetail.csb.gz,457ea8efda30218effd7c1cccc1697fd
73BFEE6CAC0A9FF333296863FC3FF4F0,3860,res_zhcn/ui/UiPartnerFashion.csb.gz,825cfd2dfbe4c4800230ad7776ead80e
E32C67E71A976328076C6BBB85E654C5,1916,res_zhcn/ui/UiPartnerFashionItem.csb.gz,a8314344fbe836ee9b9e581639de79bf
0E7FC2B7858094BF1BBAAD05637DBAE8,5327,res_zhcn/ui/UiPartnerInfoDetail.csb.gz,7676b33df8fdba7760a268a77505888c
837890CFCF4A3FE16CBF6EFE52C0CACA,5229,res_zhcn/ui/UiPartnerLevel.csb.gz,b47df7b9bfa5aca220e45cea764a61a4
AC028B3646A45F029EAA5DEA77762B87,2003,res_zhcn/ui/UiPartnerLevelRewardItem.csb.gz,5c8db0e1146b4bb28141b17b1761f1c4
B2D0F39977D330D4540E50081316076F,1808,res_zhcn/ui/UiPartnerList.csb.gz,4a91a6ae069ddd69fe8a498268739b50
EFFCD0BA2E60B30C6D75E7F4CE3C3117,3866,res_zhcn/ui/UiPartnerListItem.csb.gz,1267bf9f9435a798812f58059700306c
E0A6461CBD43BB10CC08F55484DF9C95,756,res_zhcn/ui/UiPartnerMain.csb.gz,5454b0ad73dc95bc67dc67a87b4e3fe3
76F76BCEF5A16689EAFCAAE2C99F6A2E,2965,res_zhcn/ui/UiPartnerResetStar.csb.gz,db20615b4483d7cd61733662007dacb7
A168A2A3D09E6680842024F4548B87AF,1390,res_zhcn/ui/UiPartnerResetStarItem.csb.gz,82cb178b7a4dc3ca9d36a79d974729a2
25952AD2998C0480BBA658966DD7548B,7701,res_zhcn/ui/UiPartnerSetup.csb.gz,2900e08ad4f123e86821ce9b524ee1a3
592F9995248BB0D833C80158F1E16897,11183,res_zhcn/ui/UiPartnerSkill.csb.gz,1a889a7a0f84027ab62ee99902fb30b9
6F983CD0F7BA5A8886072160CF85FCC5,5982,res_zhcn/ui/UiPartnerStarUpOk.csb.gz,ca45c0530fd2c24f95757d5d66ad15cd
883A8F48CEB7888DD19F5E665003239D,5348,res_zhcn/ui/UiPartnerTower.csb.gz,4fc7aece996407215dde3e1f25904d7d
FD3480FBF527D11E9D3796B00AC4050A,2911,res_zhcn/ui/UiPartnerTowerItem.csb.gz,ede0ad695388d93a9f8349942c67ee58
9DB9B5F2220D88BBD456736BCB6B1539,1340,res_zhcn/ui/UiPartnerUnlock.csb.gz,8d8950de77e68185d33b10867c1a585a
DFF94AF417929A34C810B4C7B8DA1B04,9936,res_zhcn/ui/UiPartnerUpStar.csb.gz,0bce56fe22f1e3b30cc8697486d35b14
8C71C5BAE35BF08D48AE3CDE137FE8B9,5999,res_zhcn/ui/UiPartnerUpstarSuccess.csb.gz,bc4ae450ef159230152fa4588b2b8920
7F8898033D717B3C8238840E78B54B88,2070,res_zhcn/ui/UiPassCardAwardItem.csb.gz,135a9ef801db30a5a48b1a4a404b3305
0B81FE1334663C6A7564002A44F02443,3482,res_zhcn/ui/UiPassCardBuyLevel.csb.gz,3c98d3b16b32822cd773db9951c473ba
8E943278AB1892DDFD90B32E461215AF,3723,res_zhcn/ui/UiPassCardCommonLevelAwardItem.csb.gz,be5b65049423a7c9bca1790c16410b4e
FC138EA9625C9C3AB457F3F495A8AF83,1145,res_zhcn/ui/UiPassCardDialog.csb.gz,4936e401fa456f4d7bab033d4d08146a
B0A226654824E736C94EBDBFB469AC2A,2510,res_zhcn/ui/UiPassCardGetAward.csb.gz,39ff8c14be45389d65454b5a349126ff
15769407FC133FF6FF5E07E15E3D8731,4007,res_zhcn/ui/UiPassCardInfiniteMain.csb.gz,8975170020bea6f815cec6c9c226d520
F9F4E83783CEF9EE11F91389EB6DEFD8,1075,res_zhcn/ui/UiPassCardLevelAwardItem.csb.gz,7ab133ab827549a723732459643341ae
3F531A56C295B4370A1A68D8EAF42F00,924,res_zhcn/ui/UiPassCardLimitButton.csb.gz,bbc9ae673e4b7d4da3449de83085a12d
161FDCE8D72AA1B6994B720EA182B636,4021,res_zhcn/ui/UiPassCardLimitMain.csb.gz,a67cf93ba4cb7ce27be959155420040d
49BD50A252B1DDE9BE2D4302414E9C12,8064,res_zhcn/ui/UiPassCardMain.csb.gz,8a1db4e58868efbeb7a8f46b5413c587
14015B65BE2F8B4D18E7DB2AA33FB1DD,3274,res_zhcn/ui/UiPassCardSetup.csb.gz,36ebae23d6abd6110445e2292e2a5429
2461AD228ED6E877DD4C9B707F606548,3777,res_zhcn/ui/UiPassCardTowerMain.csb.gz,8d5c789a54ca00f0b9bbf740cabac71c
A72738DC23D00DB011EEBFB734B58256,5390,res_zhcn/ui/UiPetAccessSweep.csb.gz,697a051e70f2136471a76a4968e1cd9f
7CCE38A9F96A6146585F100FDEED9761,889,res_zhcn/ui/UiPetAccessSweepScroll.csb.gz,ac5c6e759e6df0ef739ed071a49b57c1
2AC4B4B3619A060DC96AFD51B1B22D4D,1650,res_zhcn/ui/UiPetAccessSweepScrollItem.csb.gz,bd3949a39ca11c8f4e3b2e8a473849a7
CF315B125000A071316E0361D0732DD0,3142,res_zhcn/ui/UiPetBagItem.csb.gz,f23bcfe82a8386b3cf0cad31453778b4
5DFD78933733E27E0F693E6F0AB7518D,1363,res_zhcn/ui/UiPetBagItem2.csb.gz,8da0b789b629f365a69a40938bc5b84e
3856A1880A2F5D9E3CC66B0FBECAA3C1,1091,res_zhcn/ui/UiPetBagItemSub.csb.gz,b9befe4d894aa4f3cba8196880c72124
3977061B85544A567C39B81378D28F89,2797,res_zhcn/ui/UiPetBagMain.csb.gz,8d7c2f8537722b64e8c6ceb93804936b
4908BA015F6FF2871551CE695DF9060D,1350,res_zhcn/ui/UiPetBreakAttribute.csb.gz,052b7e687d4af218a18d503469817bc5
EC8077AF4A9B97121AB51070DF9A539F,2974,res_zhcn/ui/UiPetBreakAttribute2.csb.gz,4964031ecc8ff30656663dd17017c023
69B87960677C47DCC89E4BBB54300A98,1650,res_zhcn/ui/UiPetBreakAttributeItem.csb.gz,b9af8c80a76c066f2360f502b98c7fa6
7C635107E6279A3E34A97396CC8ED5BD,4217,res_zhcn/ui/UiPetBreakMain.csb.gz,0c91a0739856cf31b8c926b3f7d04fdc
1300984F82B3D27E7B0E0F900D8353B7,2150,res_zhcn/ui/UiPetBreakMainItem.csb.gz,c3f2fbca90cad1fb53167b6def5157c0
1AEC16802014BA63518432F1D99CA13A,1432,res_zhcn/ui/UiPetBreakMainItemNew1.csb.gz,bd62adb672ce2027efb607ba14c17b8d
1E9F6A3B2742CAD849F46AD5AC8F6B0B,5858,res_zhcn/ui/UiPetBreakMainNew1.csb.gz,5238b22770176153b6c6acea253d0e45
9788FB3BC8DF10E7AEF1D20796B7854D,3412,res_zhcn/ui/UiPetBreakSuccessShow.csb.gz,6876bb70f4414cf00fc9d8ecad8c24d2
33F24130895D53AE85647E1B8C292DC6,3502,res_zhcn/ui/UiPetBreakUpTips.csb.gz,1589bef8d8d8d65e24b51500d4ed4795
E0239CE5D2C14F642973BD1D033F8587,2144,res_zhcn/ui/UiPetCultivateFodderItem.csb.gz,d33997ed53318fe5080448454752e38a
A3A77D397B32FE8653BBC97CE710CAB3,5816,res_zhcn/ui/UiPetCultivateMain.csb.gz,dcdd6f76869b3692d1aed58e9fa8dc0d
34C0FEABAA2B9BDDFD315AE01395E15B,3381,res_zhcn/ui/UiPetDebrisShow.csb.gz,dedf9f9727a3a9d5e5791957645ac99f
C5FD47381C541F962F48250A1923F667,1083,res_zhcn/ui/UiPetEvolveEffectItem.csb.gz,d9357c14738eb9b5c94e541d23ca77e3
62333A7348B5C339D2B6D55601946BE2,6522,res_zhcn/ui/UiPetEvolveMain.csb.gz,97c4b4489837738ed361625211b22963
A580F0BD924E6ABED1AAD6449235ED48,1123,res_zhcn/ui/UiPetFashionSelItem.csb.gz,01c57f1157889bb638d89f86bd7ba576
C8E0ED6BD82A41BD89E9C1C537F2DAFA,1294,res_zhcn/ui/UiPetFashionUnlock.csb.gz,5d790f6574d858b212416d95a9c91e1a
B20654CA93F4D2B82AF8DC8E3C9EABEE,1524,res_zhcn/ui/UiPetFetterItem.csb.gz,c467f219d77e3787644cb0fb21f20231
16BB2B76E1C62D22E651B7A9C524D317,1146,res_zhcn/ui/UiPetFetterPreview.csb.gz,fcd6c97062cc40023b7f5e00dba4aedf
7B3ACA21779B35F2435773814F83BA4F,2327,res_zhcn/ui/UiPetFetterPreviewItem.csb.gz,c698b2276e486bac34090d31d8442581
C812CDBB1F86CEB90E5047C996D4052A,9976,res_zhcn/ui/UiPetInfoShow.csb.gz,a89a5b12809cba15678a5fe78772e924
274CD27BDF4CEA61EA32BC007CD2139B,3957,res_zhcn/ui/UiPetIntensifyMain.csb.gz,056961319966d8537c6de7968fd48c9a
0F29935E5E22C200C2CB783C61BAD6DC,8050,res_zhcn/ui/UiPetLevleUp.csb.gz,e32119520fdfe7a086c8a83614490de9
154CE2946A3D0CECEDEF3337B1BA7898,6789,res_zhcn/ui/UiPetLevleUpNew1.csb.gz,4310a067c93f541d95b9733001ac1613
2AB4A102D354D687C93318E6239D4969,5103,res_zhcn/ui/UiPetLotteryBuyTips.csb.gz,fe65c39ebd582a7438a6776389fbeeb1
7572C3B60BBF3138DCCFE51A028926C7,3201,res_zhcn/ui/UiPetLotteryBuyTipsDemo.csb.gz,fb5454f399ef1ac7cc43d5ce0733f58f
77AA573EC8EBF6B6BC3EA947E672C689,2555,res_zhcn/ui/UiPetLotteryGet.csb.gz,65a827973b2db563e985ad0020caec84
DC281F5B82DFB38D759287FD7BAB2D31,2819,res_zhcn/ui/UiPetLotteryGetItem.csb.gz,bfc61d061a50066fd02cc946c6949ee8
30BE52D993DAEFFCC145AFC623181D4C,4248,res_zhcn/ui/UiPetLotteryGetPreView.csb.gz,9d3548c0fa8ac5d72928c0809cb9975a
AC3AD39461F28F0A2DE8296D30BA86FE,6358,res_zhcn/ui/UiPetLotteryMainNew2.csb.gz,a0984552c166cce7cdb4dc071d7684f8
64632EDC78F43656588CF03C7ECDD398,2627,res_zhcn/ui/UiPetLotteryMyselfSnipe.csb.gz,d214277483c702669b04ec009360182d
6EDF1DBA4A6134D1D439575DC040955B,2682,res_zhcn/ui/UiPetLotteryMyselfSnipeItem.csb.gz,fda89e9a4f2cd8a7a7c43b2fe7cb3e16
09525D9DF63076D2F33AFE9159103826,2394,res_zhcn/ui/UiPetLotteryPetShow.csb.gz,46d856f0e9831907d09c06363a8df465
977143E0001D4812701E32680BE67911,626,res_zhcn/ui/UiPetLotteryPetShowScrollItem.csb.gz,b6172a8641abc9c7f2047125acf86d68
849C3AB7F8E4F08E6D5BE859B9DD28F5,2427,res_zhcn/ui/UiPetLotteryPrizeView.csb.gz,14740191f3cd11589c7b6d670c4d2050
76E756A1945EAED4E22355EB7FDAD4A6,1683,res_zhcn/ui/UiPetLotteryPrizeViewItem.csb.gz,7d24e85a51edf5d84fb03c4f84fb759d
A218B7D915F461FF346CCCB60BB5B48B,3218,res_zhcn/ui/UiPetLotteryPrizeViewItemInfo.csb.gz,573e054905a3c888182844398164724c
32F4EBD2F26BB0076F9228AA5175DE76,2115,res_zhcn/ui/UiPetLotteryPrizeViewNew.csb.gz,294339438ce830693b17a6d0f3cbfbcc
A6A9880F267826BBBF7A0DBE868D71DF,1137,res_zhcn/ui/UiPetLotteryPrizeViewSort.csb.gz,e8feb5c44dc02702045f980e942824bc
DE39E913BC72A8AE7795F9F037778277,1124,res_zhcn/ui/UiPetLotteryProbabilityItem.csb.gz,d020ae1c955a5220bb1a7c4195bc4258
B85824716B67848CAB89B9B1A168E645,2170,res_zhcn/ui/UiPetLotteryProbabilityMain.csb.gz,a3ad98daf752656ae9efc8b29641d18d
D431B0931B95B2EA8F84FBEE2B1C52D1,4543,res_zhcn/ui/UiPetLotterySnipe.csb.gz,f8e4349d880c27d647053820c2d36e8b
DFE7068B18EAE4048F28427E14C95395,1933,res_zhcn/ui/UiPetLotterySnipePet.csb.gz,13abb4a0a1fc99724bb4deac136ff302
E1AC2D7C351A9C26CDF3264FAE4419F8,3253,res_zhcn/ui/UiPetLvUpTips.csb.gz,df306508bbfddf0e3b03d662931a1489
EDE37D52ABBBCACB4AE65F2586764DCA,1246,res_zhcn/ui/UiPetMainMenuItemNew1.csb.gz,0c0e3720a6ed3e9405bed4403ac7e76b
64C9684777F02EA722DC32BAF3AA6144,1760,res_zhcn/ui/UiPetMainNew1.csb.gz,7d74dd7d74be23f5af278930b64e1ec9
5D292446405EB501830D2F288FFE073A,2917,res_zhcn/ui/UiPetMaterialBagItem.csb.gz,0c61f520683435941fa558f2f3b1fdf3
45A887E44F8A65D1191D0538A9B40994,1672,res_zhcn/ui/UiPetMaterialBagMain.csb.gz,65b9661726de92304cc940fca416af96
D7E204ED94C00CFD0C478F450B8F9903,2635,res_zhcn/ui/UiPetNodeInfo.csb.gz,bcc5c289276e59288750fca69b116a47
41E8C71ED449BD5F9DFCB7069D6B445C,5014,res_zhcn/ui/UiPetNodeInfoNew.csb.gz,7414462e001d20948061b79b6f42ec23
C0102CB1D51902BEEAE54B1A512427E2,3258,res_zhcn/ui/UiPetReset.csb.gz,48ea5fd2b18b04c8a3d8288d4ea2a719
0CAF3336992EE09960B6635471403A10,1841,res_zhcn/ui/UiPetResetItem.csb.gz,0c780f7076f56b1b884b8301f5534539
A59904740C479DE9E09CC0FABA239F9B,3269,res_zhcn/ui/UiPetResetUpgrade.csb.gz,5babce2eaad50acb2feb2c91f92f8b76
896CD42B1D99122A83F399BF5F704E36,1789,res_zhcn/ui/UiPetSelectBag.csb.gz,efd7a34f808ca4612377caee96d43e0c
D0489B679DC01AC5A333DD04424A5F0C,2960,res_zhcn/ui/UiPetSelectBagItem.csb.gz,5865049b0e7489395949858bc33f66b0
558D72644D34F21F5AC86EAD0900F96C,3754,res_zhcn/ui/UiPetSelectView.csb.gz,79e8e866552a8dee65a811aec9356642
605DEDB6F5B6161605935ABD2E626209,683,res_zhcn/ui/UiPetSkillDesc.csb.gz,18c0ca8c3497779934fc325005645da6
0C577CA5BC57C38D9A7F82EA5D23B414,678,res_zhcn/ui/UiPetSkillDesc2.csb.gz,e227ad960809468f1eb7e4a5d6b85a06
AD1CF6943A5D420039149728EF568F6E,1246,res_zhcn/ui/UiPetSkillInfoItemNew1.csb.gz,8b84192deee3414423926354fe2b3dcc
C22AE4D89AB23CD141CFC5C6E56C72DF,1400,res_zhcn/ui/UiPetSkillInfoNew1.csb.gz,e166b133fc68105a230205dbca558b53
96A575BD4567BB4D1E6E8DC0CA8DC5D4,1944,res_zhcn/ui/UiPetSkillItemNew1.csb.gz,2b29ad2552fe26497713c139dfdc9487
5216043E5FC8F524B98AE22C20364975,2332,res_zhcn/ui/UiPetTeamMain.csb.gz,5876a17fce791ffbd313d9f57c3a04ed
2C1DEE727FB730F4AFA650A3BF7A5B42,6394,res_zhcn/ui/UiPetTeamMemberItemNew1.csb.gz,5fde1125b7105f2a34461aa54038c154
0361AF6CF3A617044156C9517C3B88F5,5766,res_zhcn/ui/UiPetTeamMemberSettingNew1.csb.gz,f886434fd64c6919b73dfe808b1226bd
49A2996958EE7FEE2CC44F381C448908,1349,res_zhcn/ui/UiPetTeamMemberSkillItemNew1.csb.gz,2ac0628a2e1204ff509c5c4b2ecf8499
F7D4AF29B7F2AB208C651C768D11199B,1957,res_zhcn/ui/UiPetTotalAttribute.csb.gz,927fcd02ba54fa05a0d303c404861e29
553120677E12EBC8F67BD48FF2A96DC0,1640,res_zhcn/ui/UiPetTotalAttributeItem.csb.gz,498ddf03ebe3c24578b2f649f892a15a
9C99622D53B1565FCD3D74C67DC0C15E,2013,res_zhcn/ui/UiPetTotalAttributeItem1.csb.gz,244e614a5e153be862437818e289f76f
A8CD4C04D1C40D10C1614694DC951EBB,1387,res_zhcn/ui/UiPetTotalEffectItem.csb.gz,5e299ce398b271111de37d5d79e7d60e
5E13078F42E7CF3E92598726FFF77852,7857,res_zhcn/ui/UiPetUpgradeStar.csb.gz,cbc028b0c9e1cc68799ed790a4bfbd96
79A95FED9D8911297C3B043184EE5B28,2669,res_zhcn/ui/UiPetUpgradeStarRebirthNew1.csb.gz,dec2ce4e2d9c9f430fad1497d986e359
FF36DDAF71ECBB0746951EBD23506463,4992,res_zhcn/ui/UiPetUpgradeStarReset.csb.gz,6a44fd9f9d3861b638e8f8b136bc2471
E6E3F404F0B488DDDE47BCDD3DBC2712,3104,res_zhcn/ui/UiPetUpgradeStarTipsNew1.csb.gz,f99f5c4b26635cf63368b39df9106d56
FF715D6ABFA9F4285F6A8F7031DE3F48,897,res_zhcn/ui/UiPetUpStarAccess.csb.gz,4015e7d3c2af11db4b8a6c0fb7d00384
5F66305FC482E26C8DD1079023F52238,1029,res_zhcn/ui/UiPetUpStarFetterDesc.csb.gz,c7095c5ed02decf2a68a999baea5a752
7EF69EF499AAC64407094E0596D0A6D7,1875,res_zhcn/ui/UiPetUpStarItem.csb.gz,a4f1acc7678ee7978f444064e6d722e9
3DAB8F44D8540BA1EABB58BCB744C27F,7443,res_zhcn/ui/UiPetUpStarMain.csb.gz,b116e14042e637dad4f7ba59e4d65aef
3388020547CF13539BF67BA192B93C9E,1651,res_zhcn/ui/UiPetUpStarPreview.csb.gz,1dcc376bf166488d837079c36c1e68b8
DD9A208566F9F5CD17724A8C27EAAFE5,1226,res_zhcn/ui/UiPetUpStarPreviewItem.csb.gz,38fba860f34382c720d14a546fdde1b7
275F1FF557BCE108C2CD44276D62469A,1770,res_zhcn/ui/UiPetUpStarPreviewMenuButton.csb.gz,21c803196d330e913906ed211499165a
4A21FAC4DB41C567EF98FCCC143E98C3,2994,res_zhcn/ui/UiPetUpStarResult.csb.gz,92f27fca7030fa41ef25dce2eb063419
643C25B9F19024389B9D37341BB07E97,4162,res_zhcn/ui/UiPetUpStarTips.csb.gz,884d20a9adf86e4398b8dfbae60707be
B9CBBD3BF3ABB1DC2D6F514DCC2811D9,2153,res_zhcn/ui/UiPetUpStarTips2.csb.gz,0b3c34947e23669a93c02877fc3caea2
332366CF9AF224EB513F5014AA54823B,2450,res_zhcn/ui/UiPetUpStarTips3.csb.gz,cccf22bfc2db1e86528ae4f3db467cf6
D457D9ADF7C9911BE25E4FFF4F8FCB95,2952,res_zhcn/ui/UiPetUpStarTips4.csb.gz,20e39dc60b3a479c35ab1542999c91bc
520E547438E69B67676CE8EE8D34970D,2892,res_zhcn/ui/UiPotentialEquipListItem.csb.gz,39953e5cf97c380c5e9f21ce4af0c20c
947EE65FD80675F709FEB8BC752781E6,4205,res_zhcn/ui/UiPotentialEquipPage.csb.gz,041382fa9a2dc15d4b7404b7769ed54f
0B2BDF0157A61C262418FBD4D2F33FD5,2401,res_zhcn/ui/UiPotentialEquipSkillItem.csb.gz,8dcdc1c827d7a0f5b9d7f4767eb446f9
CCA55424868F32F5A7540613C2B4E99D,1955,res_zhcn/ui/UiPotentialMain.csb.gz,b4b8277fc6db505c8054497d1ce317cf
0B9D9D0C138C308E32F06E19AEC94F5F,2091,res_zhcn/ui/UiPotentialResearchPage.csb.gz,461ffb4f2bbb5fdb510f588622ac053b
2CF0AC459371FC66282356ED3613F09B,1767,res_zhcn/ui/UiPotentialResearchTask.csb.gz,7b8e385699879442f86b1a1ecd790245
88EA46431289B3F9B90B90B9878C0382,1647,res_zhcn/ui/UiPotentialResearchTaskGoodsItem.csb.gz,4ce606b3cea9efc3b867e907aa16160f
692761B7B4D2F1110DD0330927C1363A,2267,res_zhcn/ui/UiPotentialResearchTaskItem.csb.gz,105b7d4bfee8745174cf75c8dc781279
30FF9180E7B0F8E5CB86074484FCDBFB,2769,res_zhcn/ui/UiPotentialSkillInfo.csb.gz,8bb2a6e8cf3159bb58410ff9de228314
5F0A29889803F89C8073DCAE4831802E,5978,res_zhcn/ui/UiPowerFindActivity.csb.gz,09949bc2252db7a8b75151cb40e15284
5C682FA4A5387DFD7954521223C4309D,1777,res_zhcn/ui/UiPowerStoneAttributeInfo.csb.gz,ce4ec5ebf793142d29342c59559a21f4
4096E4EDC7F93B98B7E729A81D2D7D08,901,res_zhcn/ui/UiPowerStoneAttributeInfoItem.csb.gz,d79ae3fefeaeb9bb1e1a43398439acef
CDCCF329139AE5B85948FA0BD3C3DA40,1807,res_zhcn/ui/UiPowerStoneAttributeLevelInfo.csb.gz,c1ac30a7c0f1e1c12b3f4d251a579f5d
D412D05A86A0CAFA29B0E46DCDA59C7A,1411,res_zhcn/ui/UiPowerStoneAttributeLevelInfoItem.csb.gz,f68d6c15f0a23a5f62ed00209c77fae2
9B4BFE4EA6E4673CB5BC5E388D9282B5,3635,res_zhcn/ui/UiPowerStoneBackpack.csb.gz,b8fe1f0df9919604e11443ee444a45a5
2D8F048059D6FDE20D5C0E618CAA7577,3312,res_zhcn/ui/UiPowerStoneBackpackCompound.csb.gz,a122949db0487de6ab3da8cbe3da403f
B50F3EB0DB80704926F8652618798803,1619,res_zhcn/ui/UiPowerStoneBackpackCompoundItem1.csb.gz,b06ab656e41e807bef543ab292c467ee
2CB908242C14659D7A64B3DCC84365E0,1620,res_zhcn/ui/UiPowerStoneBackpackItem1.csb.gz,35576a1e152aa53fdad93e6ec10ae801
C4D699C2E5E9419ADD5416A07F6E0EFB,2399,res_zhcn/ui/UiPowerStoneCoreUpShow.csb.gz,90eacec1a4fcd97ff54c67ebd31522b7
29AAA17E36F8C320905C974F51D1E62C,5482,res_zhcn/ui/UiPowerStoneDetail.csb.gz,e53a6b645657dac0260e69d0032f30eb
BA30B15C8980B8FE7C65C08E85502EFB,4947,res_zhcn/ui/UiPowerStoneDetailChange.csb.gz,4740780ce581a000c2cda2afc1007e16
FC9E89DD280A4BB2E59F516B61DC5A1D,1761,res_zhcn/ui/UiPowerStoneDetailChangeItem.csb.gz,6f5f644343cd67f1f6552072b0b31c88
2638FB9CE51B509BC8C5AB8B22AD1B26,3161,res_zhcn/ui/UiPowerStoneDetailReset.csb.gz,b82b5a523e6aecedb3d0c374cac2a1a0
2FAEF15F1D6D114FD2FD8FE113F42892,1624,res_zhcn/ui/UiPowerStoneDetailResetItem.csb.gz,7f1d7bce0b4da83a9883e8e1d3dda28b
02BBE5BE1429EF83257E26637E7FAC8C,3945,res_zhcn/ui/UiPowerStoneGemDetail.csb.gz,4667e0e9107984393d604dfc77e821da
0935CD97AB18E9A2F7E920960C3A9801,4301,res_zhcn/ui/UiPowerStoneMain.csb.gz,a5d3c4d0c2c940e28728a2d9bb7a845b
2FB60E1BC6123B9FDAD9623B0040A1F3,2288,res_zhcn/ui/UiPowerStoneMainItem.csb.gz,224f3c411e7e47369b5b68e9fef901a1
B07FEE4D6B8BEDFB0F20068447B68190,1696,res_zhcn/ui/UiPowerStoneRightMenuItem.csb.gz,58daf3fc6674b4aa4184695803f6a22c
252B5AACDF8A0E905777624B5E4ACA21,6741,res_zhcn/ui/UiPowerStoneUpLevel.csb.gz,6fffc28fa74787e25fdac8e250b4ef39
2520C8269DA0D253EE830F0E32C8E0A4,9191,res_zhcn/ui/UiPowerStoneUpStar.csb.gz,6231ca71b32624b03e2c9cb0c1407bc7
B64549BEAA60D48DE23A80C4F4C3D919,2361,res_zhcn/ui/UiPowerStoneUpStarShow.csb.gz,fe8bbd220921d177aeba5d440d3bd4f3
73E20A438F3A7D2FFFF3DB5EA62CB8EA,1673,res_zhcn/ui/UiProvingGroundAchievementReward.csb.gz,dde3d5e249a50bab752e51911759d3f6
5179E762568B5472D044CE6E411A6F66,7177,res_zhcn/ui/UiProvingGroundMain.csb.gz,918c8309f69830641622415a210ea8c5
A41B4D78799933027E981BAEE837C601,2185,res_zhcn/ui/UiProvingGroundMainItem.csb.gz,cc463ce410f732b09c93a32a8c9268f9
A6C24FEC0781A4BF5B1AB6E9D779454C,2962,res_zhcn/ui/UiProvingGroundRankReward.csb.gz,33c726014e24119c051e58f81c525afb
7D49CC4132C04C32553C75EAF6DD6447,1858,res_zhcn/ui/UiProvingGroundRewardItem.csb.gz,d38f15925adfa2a900b632fb746b355a
F24BDEC1E73F3AB94DDCE0132B115CFD,1592,res_zhcn/ui/UiProvingGroundRewardItemSingle.csb.gz,1108f8092e6fd55b96c218408f9fdfc2
FDE90E3249FB97362A37341B0852AEC8,1611,res_zhcn/ui/UiProvingGroundRewardItemSingle2.csb.gz,bcc0615c8e5ca4c1c1c8ab0bf7bc2122
8EC1321ABBA1104F74F066AEC34E3F3B,1146,res_zhcn/ui/UiPVPArchiveCollect.csb.gz,e9126272fb8636ff5ea23929dd75fb76
216FD36E25268C9CF86E36BDB285931B,1258,res_zhcn/ui/UiPVPArchiveMain.csb.gz,1f6e8129c2b36ef0567395e6cc237b3f
04439DC1C5D4DD7474F6003C37350E8F,1308,res_zhcn/ui/UiPVPArchiveMainItem.csb.gz,7af6e5272893fa3fd6fb784882cda556
2174E65265F744375863A33C1721DD2A,5998,res_zhcn/ui/UiPVPArchiveMine.csb.gz,68bd5d52b2d476567456e866e3e571c9
94DE5C73335BE861970BD36FC15619A6,1146,res_zhcn/ui/UiPVPArchiveRecord.csb.gz,373ab1c45d185a14a69ae515fd6992da
AEB46D210B4BD76AD1D4C3289032014E,3316,res_zhcn/ui/UiPVPArchiveRecordItem.csb.gz,5a10ff42fa345ed9ede3c10ce5db49ae
D6D94923FFB3BD394B418C85B4F1788F,3734,res_zhcn/ui/UiPvpFightNew1.csb.gz,286a3aac6676caf97d778ab95b08392e
FB399C84A5587FE8C00090EC0E644F94,4709,res_zhcn/ui/UiPVPFightResult.csb.gz,d96eae064318afc58b05119652ccc2bc
5776AF977E51C1D3E8373011149724C8,2289,res_zhcn/ui/UiPvpLoadingLeftItemNew1.csb.gz,86f82320814e79965cdfb1f07bb1d86b
EA57D9CBF7DFD7119A005B7BB8090885,3739,res_zhcn/ui/UiPvpLoadingNew1.csb.gz,269eb7754972507f48e2f53bed8d5267
ECA3FC6846BF69A59129E9DB0FD245EB,2285,res_zhcn/ui/UiPvpLoadingRightItemNew1.csb.gz,0fea369478010381c99f4de718a2b6ba
1D90DFABC24EC28B8C75CC91EDCA1081,6731,res_zhcn/ui/UiPVPMain.csb.gz,f3c02483b788a03fb81c3daef81afd71
9AFD117CDEB23352B0B25DD6AA603066,5691,res_zhcn/ui/UiPVPMain2.csb.gz,e724b8364bd9bcfd9e59bac3ac23e07b
B8A0EFFEAE14F1ECEF23858DC7CF641C,8032,res_zhcn/ui/UiPvpMain3.csb.gz,ee83c32d9034e01ada2d349536e9a1c8
50B4379EAF19FBB2F8203EE00B17AC90,1730,res_zhcn/ui/UiPvpMainItemNew3.csb.gz,0e88720775e8ecc21194731f1c0f36bb
E0DCE88AAC428FC4B239FE0ECFD6AE89,1869,res_zhcn/ui/UiPvpMainItemSingle.csb.gz,5461ea59cfd252c2e8288b099a05727b
D8C48F3ABC10CFFF5500F1C582B35652,1559,res_zhcn/ui/UiPvpMainList.csb.gz,e79d9b3071455baec1cb25cb952d491e
DCA34F0DB193081C5A0E9334AF5EE46F,3064,res_zhcn/ui/UiPvpMainListItem.csb.gz,65afe73c23c508782aeb7806283d63e9
365775F7436B09EDA3CA7FFFB6F9D11F,1478,res_zhcn/ui/UiPvpMainListItemAward.csb.gz,f98772d6d5af405a1a81bfc35efe1259
CB3AAD43DB95EF3D09600C8B682FDA0E,2696,res_zhcn/ui/UiPVPMainRank.csb.gz,df46157a483cc2fb263c1e1e172adab4
6BF4E2E3AF4A97AFCD705B19A0D75195,1870,res_zhcn/ui/UiPVPMainRankItem.csb.gz,30c8fb13ef3de91f0a64fbe3956e32d9
E4298F52DE9EE2D488ECCE95B506C1E8,5731,res_zhcn/ui/UiPVPMatch.csb.gz,e1eb747e27b8fe852d23d84ef15c1a2d
898CDF616DA700B1C464600F72EAE371,1218,res_zhcn/ui/UiPVPPlaybackResult.csb.gz,18530dad3384e2f315c776ad8c8af1c5
CE099CDD1B5C004D5BB03CBFB7A340A5,1793,res_zhcn/ui/UiPvpRankUpNew3.csb.gz,4e2d179e3e513c09a3a043cbd6df13cb
4B80D29740C3734EC432B53C0ED32F24,2540,res_zhcn/ui/UiPVPRoomCreateRoomDialog.csb.gz,018772981fb2ba4db61e07f03321d37e
BEDA1D23ACC8F098D447CF7D41E1E971,2549,res_zhcn/ui/UiPVPRoomEnterRoomDialog.csb.gz,bd73fed804d882665d47b47bdaac0221
51052F9F21080AC5E6886AD3A0540E23,1947,res_zhcn/ui/UiPVPRoomInLayer.csb.gz,033251cc09ff9969f135d0084af636c1
79C592E40985AE16262428DBE5964045,3810,res_zhcn/ui/UiPVPRoomMain.csb.gz,296e3c13ab32f3c6a33a2655b6eed14a
401B4339C91997FDCB694E9B55983EF3,2503,res_zhcn/ui/UiPVPRoomOnlookerItem.csb.gz,1301882902893146b2523e1ae2a6514a
269118AA2D022F41819122AF771F0DEA,2180,res_zhcn/ui/UiPVPRoomPlayerItem.csb.gz,32839e56f5569afb8dd1019c2c91be66
39D5D3FCCA5664B1035B4707B467BA8E,1633,res_zhcn/ui/UiPVPRoomReport.csb.gz,1e25018c2cb41544f3743c7aa8bb77f5
FB87EF127465E44F22EBDC17488B9A27,2097,res_zhcn/ui/UiPVPRoomReportItem.csb.gz,cc2ef1660246e14210d91dc0205cfd52
13F08983825BE5808C032DCD1D178027,2411,res_zhcn/ui/UiPVPRoomResultFail.csb.gz,3b19835c6238ed837ee1313596df52be
E5C8AB13BAE4768F0B12920D37981487,2457,res_zhcn/ui/UiPVPRoomResultWin.csb.gz,864265d9c2d734f7e082a179c7796d1a
3337B693EFA21AE1936806C656B1135F,2815,res_zhcn/ui/UiPVPRoomRoomInfoDialog.csb.gz,3874ac4c7c1fbb2180100d110e2d8fd3
77A592767D3FC804AA1A6D7E01C07E7F,1390,res_zhcn/ui/UiPVPRoomRuleDialog.csb.gz,877d4f08df3a00022d5b6a440a91cf42
04A9F691C25ACB3EA0997CA83D4FAAB2,2468,res_zhcn/ui/UiPVPSeasonReward.csb.gz,325c8bd3f0353b5eabb5781897b7f6f5
3D96093A7F487C77ED74132F9F16AB50,2442,res_zhcn/ui/UiPVPSeasonRewardLadderItem.csb.gz,79b0f6fc6cb4c8f769665eb27642e196
7669890B520A1C1F83CD96A901619CD4,1532,res_zhcn/ui/UiPVPSeasonRewardRewardItem.csb.gz,970e9cd9011a42a2c167926fff9944c1
7851538A258C3728902CC55998D3D341,2464,res_zhcn/ui/UiPVPSummitArchiveMain.csb.gz,db643d5f7e500f87858129712d7b2da7
3DA23928769F464587E0711C9F018316,3816,res_zhcn/ui/UiPVPSummitArchiveMine.csb.gz,0ecfe0dbf310b3f5ab7980f0c808ca45
9356409ECC37169ADF13C74C6A51EC5F,1072,res_zhcn/ui/UiPVPSummitArchiveRecord.csb.gz,cb480253dc9d2d6f717d33cd23c148d4
1A3919F5BE6C719F96D3DA21B5566A59,3251,res_zhcn/ui/UiPVPSummitArchiveRecordItem.csb.gz,bdd6f7395e4adde6e65638b42de1b026
7164C633A544F4390704283FD51F31A3,2875,res_zhcn/ui/UiPVPSummitGetRewardDialog.csb.gz,5e23f3e840a8c46fdd3e330017204584
E985EEAEB85BA815DF3A58F3DB9D1581,2752,res_zhcn/ui/UiPVPSummitLoading.csb.gz,e11661e789773ba2847ad5839edba963
6BDD7F5C0BFA3D01E48431BDA7B0F5C8,613,res_zhcn/ui/UiPVPSummitMain.csb.gz,9ddb8da342108a5a6fc960a2d0ef8402
419E4E5200A848F1FA88102197FB269A,4303,res_zhcn/ui/UiPVPSummitMainHome.csb.gz,2e63a21ad66463e78aaa57870df84c4e
442E80572D3BC9355AAAE066C9211BB4,5138,res_zhcn/ui/UiPVPSummitMainSwitch.csb.gz,c211c765a6f6348a5c69c96336fa61c4
3215C4B2BF8BBC8FF7A1503821BA5ED9,5384,res_zhcn/ui/UiPVPSummitMatch.csb.gz,85188a03662fc2097514848c32400728
8D83D3D34B617A30F735AAF5EEADB162,4390,res_zhcn/ui/UiPVPSummitRank.csb.gz,0247b7173b30b497dbe9f2cffa8393ed
65E6449E900E3A87B4A98A8BF2E208CA,2054,res_zhcn/ui/UiPVPSummitRankItem.csb.gz,4a298b76f241337158e702725f5291e4
5932EEF9A26CC92F62EF5E2F3E46DCE8,2964,res_zhcn/ui/UiPVPSummitResult.csb.gz,43eb87bcf3d65dc3113c04d7cc92c4e0
E0CBF06E89A0993A2DAB119B2DA8172D,4344,res_zhcn/ui/UiPVPSummitReward.csb.gz,47a7a91ef4a2fe31a65ba27011225505
938B071075BFD097094D026DF8F83D99,1244,res_zhcn/ui/UiPVPSummitRewardItem.csb.gz,f55db31ebc24b034363a1d066bea2446
EF28F970D60C90E106BC89F45579CF80,2374,res_zhcn/ui/UiPVPSummitTask.csb.gz,39ca7938701325803a7628d15b558661
5BA8AF1DC6EA43B2280FE5320C7BC4A1,2429,res_zhcn/ui/UiPvpTips.csb.gz,cb9dd2cf7b35053d8f069c6e0e270636
5BCE1AC7F128D5508F435DBBBC144676,2453,res_zhcn/ui/UiQuitUnionTips.csb.gz,12ee475f19768971b6c24841d2bf2426
4EEA9F096A336D8D3022EA9E25A4A486,4335,res_zhcn/ui/UiRankingCompetition.csb.gz,9fc1beb96ce6fc2da02a002ca079217e
EDB7EAC9784FC190F25E62AB20CC9C97,3684,res_zhcn/ui/UiRankingListCharmItemNew1.csb.gz,b45611e750e168fccc9300dfd07e6fac
95EDCAF4FADC0A6D779D68B35A7F0AF9,5147,res_zhcn/ui/UiRankingListCharmNew1.csb.gz,d73a389f4c66ecf9574e10a3f86caed7
3C9E731DDED90401894B035A91928AFC,5368,res_zhcn/ui/UiRankingListCommon.csb.gz,846ef8126d301a308f823522dac7e6b7
8BEDFB9E3910D6AEE13143E4CFD909B2,4311,res_zhcn/ui/UiRankingListCommonItem.csb.gz,c2516d66304a9a8774f3375efb9bfc6c
C8FDF2434C54B759C259530B1419ED6B,2919,res_zhcn/ui/UiRankingListConsortiaItemNew1.csb.gz,14d89ad3d2d06a125e785f096cc6f2f1
9EB9662E37990D117C9FF67C337A00E7,4159,res_zhcn/ui/UiRankingListConsortiaNew1.csb.gz,4a8f4085d450f9afb8e3ea255d881fef
A049A2DD4A370843E0E5A7426389D420,1200,res_zhcn/ui/UiRankingListMainItemNew1.csb.gz,d2c1c48c57ca124e2f6392112f14e616
48E2300E9E8E9262A09739BBF1E04F7F,1639,res_zhcn/ui/UiRankingListMainNew1.csb.gz,62a2a9051346b2d297beb46aa2fb9c37
5644B554430F829AAF85972B76BF193F,2983,res_zhcn/ui/UiRankingListUnionBossItemNew1.csb.gz,b7b700386b7d3c6ffbf922a098f4d580
D945F5DEBC52180B62E89D8897805E9D,4844,res_zhcn/ui/UiRankingListUnionBossNew1.csb.gz,c5b929be6158afb8ebf2c253c735043c
CEB288C8C900FEB0B4C0BBF31752F3BC,9787,res_zhcn/ui/UiRankTitleMain.csb.gz,761a8138a9cf038e3b7895a1224d59f6
B14D121509A3CE32F622F2C15A09B04D,3319,res_zhcn/ui/UiRarityRankingListCommon.csb.gz,d6bec713e86061f4320d23c5727f6aeb
4C990F8F2E985D84505EE8130ADE0BD9,2395,res_zhcn/ui/UiRarityRankingListCommonItem.csb.gz,c5cb3335a0ee0f422f13b2ddb3f2afac
D10A65847C8157B4960B70FC89BCB292,1662,res_zhcn/ui/UiRarityRankingListMain.csb.gz,ce52d0d0eb9688c898da09132dabda09
4DFD1D672E6A3C7F04120F77CDC45784,1200,res_zhcn/ui/UiRarityRankingListMainItem.csb.gz,3e9fdf9cabedf55f84a6d33978cb4e45
D37F97E16A625FF6F1FD9CA73BE792DA,4155,res_zhcn/ui/UiRechargeTip.csb.gz,4f88074d9d66ca12b3c916640c3ec5bc
1C8F86DDFA025A94A0B013289191088E,8526,res_zhcn/ui/UiRefinedMainNew1.csb.gz,e474806a0372d9562fcfc671f81abef7
C143EAD3B405C46F4439A02B8B9430F6,2478,res_zhcn/ui/UiResFindItem.csb.gz,7ed6050131c9c6e67a148fd5df87ab59
633AE58B8FF818C4AA6A6550ECE8B265,2093,res_zhcn/ui/UiResFindItemAwardItem.csb.gz,3e65192c1e69697c1c94f735a3ec5b29
376A63FB3ADB66906F584C27420CBF9D,2708,res_zhcn/ui/UiResFindMain.csb.gz,2703d0049c88f736baa28a694dfdb8d2
CB6C0E9967E26B12621B2200BE03D7CB,2851,res_zhcn/ui/UiResolveChooseNew1.csb.gz,d6cf48982daf532cf077d3dfaf017971
7942B0AECA21B448DB3CD7ABBE955118,3838,res_zhcn/ui/UiResolveMainItemNew1.csb.gz,da10b3f07019d2f924154928b9d0040d
E34330BE1BD8D6FEBF5884AE3AFEB701,3294,res_zhcn/ui/UiResolveMainNew1.csb.gz,aa174f8ce9d758dad27c3712f90b5e4f
8F101A60632A955592BA1B3D1D7BBC28,4694,res_zhcn/ui/UiResourseStageMain.csb.gz,93c6b90c133420e00d677e6670722c64
3A87E3A640D6FB7AF0074A19B63BC4F3,1806,res_zhcn/ui/UiResourseStagePrizeItem1.csb.gz,b4fcd33db90bc79424c8e696768590cf
78CB32BA105FCD4A83B32FDA47DD8535,2931,res_zhcn/ui/UiResourseStagePurchaseTimeTips.csb.gz,6bf06eb7c81a52b78fd4b5f0587e71b4
162DA7BD0CCB130A3FEC6DBA45A32887,1887,res_zhcn/ui/UiRoleAttributeChange.csb.gz,f5fd6197250692e69737546651fe48c0
CA84DC2F67246B808A6D7B7A6F910DBA,3574,res_zhcn/ui/UiRoleAttributeChangeItem.csb.gz,76199a0aab26ccee38e4cc75bf0ffa2f
F5E029E6C3E863B35904144EC78C4A55,2875,res_zhcn/ui/UiRoleInfoAllDetail.csb.gz,90c8d8621d98ed04575872f24c837469
0A7CD0B06BDB52225E15D64614DFA3E9,3723,res_zhcn/ui/UiRoleInfoChangeHead.csb.gz,1e51ce69e065b93e290d83f935272149
30AB8A2082837CE4C16A6D0ADAD3D8E7,3730,res_zhcn/ui/UiRoleInfoChangeHeadFrame.csb.gz,e4a0939f905377ca54aa798688c037c6
FC36243305DD2E6BD9F7DAB28EDF0811,1769,res_zhcn/ui/UiRoleInfoChangeHeadFrameItem.csb.gz,b7fddc0df204a078f4632e01c813d34d
69CBB4E21DC08B9A6ACBCC6D7FBC322A,1754,res_zhcn/ui/UiRoleInfoChangeHeadItem.csb.gz,179f2615191b09106bffee6ee04594fc
36C179D4DF1790853297A094C31DB135,3406,res_zhcn/ui/UiRoleInfoChangeName.csb.gz,61f3f923146e696e800e063b930e47ed
68BCC2A3C5F1ED665C853686B3656D76,3972,res_zhcn/ui/UiRoleInfoChangeNameFrame.csb.gz,e3f7047fd4d602833650295f217f1507
70CE02EBE6414A421BA0D0461963E42F,1778,res_zhcn/ui/UiRoleInfoChangeNameFrameItem.csb.gz,872860269945b94e85b8391233bec7ea
6B267047B505451C0F9F0CB66CF93EDA,4330,res_zhcn/ui/UiRoleInfoChangeRankTitle.csb.gz,ac23c27c230d60a91cd395d974742bb0
32DFDD482DE1BDE6464F24E52558F69B,2012,res_zhcn/ui/UiRoleInfoChangeRankTitleItem.csb.gz,6df28d5461d624fc9b2d327ca061f16c
A8A9C98C4BF9F3D6FF976D8E5BB7547C,2061,res_zhcn/ui/UiRoleInfoDetail.csb.gz,f3fa4b90d133f55f80aa59ed4844337a
3A92C884D2FF9678F0521EDA2FD920A4,1090,res_zhcn/ui/UiRoleInfoDetailItem.csb.gz,6ddac3497ca4cb976a21b549f64c41cb
589111551FCBDC312C15044D63128787,1719,res_zhcn/ui/UiRoleInfoFashionDetail.csb.gz,7e91588cf83f98faec2f494596cd92c5
9A441F81F8581F6B0701AD3021F3B332,1976,res_zhcn/ui/UiRoleInfoGetDetail.csb.gz,9cc1cbdcc1885d192b9ae2d664d35c80
8C68EFD82FC3D89BE7A3C68DA6E67F5E,5063,res_zhcn/ui/UiRoleInfoMain.csb.gz,8958b18c278e86356aea47430e2acf21
3E689512420D7E242A35C7550DEC27AA,1604,res_zhcn/ui/UiRoleInfoMainItem.csb.gz,7b56d96f30132fd0d066d6dff9b92958
B7C54B81EA8D881F14607E29A1AD7042,3015,res_zhcn/ui/UiRoleInfoWeaponDetail.csb.gz,c8ac206d08423ac82afe237db14d3bff
F5A288A6DCF9CBEF7AD8375261FE674A,1349,res_zhcn/ui/UiRoleMain.csb.gz,99b062ba666bf8667c18cef28e4ba90e
E03A3A7ED338F5600AA1D3FE4623B8A8,1422,res_zhcn/ui/UiRoleMainMenuItem.csb.gz,77179e544bca51e44d0370cd2ce2cef6
D69E5C47A1CA4650A669052D379CD5AF,1379,res_zhcn/ui/UiSchoolBuildMain.csb.gz,d41759eaf73cbf2d852aaf5d03ee66b2
A31BA402AFD8D933487300F59D1BBB15,6464,res_zhcn/ui/UiSchoolBuildMainBuild.csb.gz,77a2b884568b61aa0dac0cf1c8782ce1
807A7730FE4A426414AA9D4225AB9504,1866,res_zhcn/ui/UiSchoolBuildMainBuildGift.csb.gz,e5f725e04176347a627b447a0ca1d99f
BE3FADB23ABA1D3D6A93D039492C9718,2574,res_zhcn/ui/UiSchoolBuildMainBuildGiftItem.csb.gz,6c862464e30bdf0c961045db20cc977f
1AC98E0BA91E29E3958540BEA86B23E3,2980,res_zhcn/ui/UiSchoolBuildMainBuildTips.csb.gz,7351368dae3317e1b11a1625ba6bb326
80A3D1805C2F62F8ABEF83348407095A,1652,res_zhcn/ui/UiSchoolBuildMainExchange.csb.gz,f7f91dc57c242117dec2544f5ba68081
F9478E8EEB805C402A90369C28F345D6,1980,res_zhcn/ui/UiSchoolBuildMainExchangeItem.csb.gz,b769707eb1646e6b768fb1adaf8266cd
FAD7A3AC71C116606D1BF8646951C94F,2702,res_zhcn/ui/UiSchoolBuildMainExchangeTips.csb.gz,1d004fa22828a88be1e5fce8e8a80119
EF7252F6B9CA4A62953DD8593457808C,1641,res_zhcn/ui/UiSchoolBuildMainPage.csb.gz,5aa3dd91750b2f7070a3c58eb23eb092
C937E8045D4C387CF452BC24A92AE78F,2972,res_zhcn/ui/UiSchoolBuildMainPageItem.csb.gz,c88593540abceed57daf0fbdf5464106
53FEC891E46328B012EA4961565FBA80,1362,res_zhcn/ui/UiSchoolBuildMainShop.csb.gz,5da1697c87532d28846146d72676f6ab
8708025D60AED5E44A1E6A08A65103B6,2737,res_zhcn/ui/UiSchoolBuildMainShopItem.csb.gz,d1c825032fe8802c7b62be45b11085c7
C692911D26B62AB8291BF4898A49EFFA,2472,res_zhcn/ui/UiSchoolBuildMainShow.csb.gz,a78b1135e9239be53962008e12a9dd23
7532209E34FB20276E17BCBF2101B60E,3231,res_zhcn/ui/UiSchoolBuildMainTask.csb.gz,8e20dfd6e487d67bb360e834fc09b8db
9273E14149F9C0E9B0B5068DF38DAEDA,3209,res_zhcn/ui/UiSchoolBuildMainTaskItem.csb.gz,dd0f01d9a932ce9b2aaf27ba782412b4
2C7929558C1267B5C295BC819E057477,1539,res_zhcn/ui/UiSchoolBuildMenuItem.csb.gz,5cbe0094e172eeabe46f7ba2d32f77af
8DDD545298808339636A5CE42A6DC991,1418,res_zhcn/ui/UiSchoolBuildRankItem.csb.gz,89e00fcb7e7f5acc8dfd1074ad9e67c7
75F01BC04D91B456E78647D2769C2AB6,6513,res_zhcn/ui/UiSchoolFightMain.csb.gz,a1b43fd4ce73862480e5bb30a5174e79
8CCF1583158E2BDCBDE602A816B75B6F,3350,res_zhcn/ui/UiSchoolFightMainItem.csb.gz,2e4596f627455de8910b751473c1006f
F77FCC95606C73CB1AA9C05853CFE7F4,3119,res_zhcn/ui/UiSchoolFightMatch.csb.gz,098cd8c149ad32a1ff09c4a2003f6e8c
E5243FF41BC5BDA93A659018A027B912,2903,res_zhcn/ui/UiSendHornMsg.csb.gz,9c4924b8ded7c759cc1c60d648a80e9c
8F35715BB71EE63F39FB363E4254D339,2132,res_zhcn/ui/UiServerCloseTip.csb.gz,6454ff26626acf37c8a315d40453ff15
6CA2ADCA2A2046CEDA893936DD1268AB,2512,res_zhcn/ui/UiSetEffect.csb.gz,b964ec382f7b84674a07087ce80eae92
65FE53A94CF11239E4B0069EDC1D44A1,1642,res_zhcn/ui/UiSetEffectItem.csb.gz,32aeae9134a2c727e9e05a829c482bf2
92795E95BD788BADF88B77BBCE95F1D1,5450,res_zhcn/ui/UiSetUp.csb.gz,c1281a133b848f7c380f26388d178778
4938DC0A79F44B3F1020F91A5C7531C2,3948,res_zhcn/ui/UiSetUpMessage.csb.gz,f2101e5936dbe6bcc9e1e361e728d3ea
9E276B55D71EB3FF1DD11A53B0458F1E,4970,res_zhcn/ui/UiSetUpOperate.csb.gz,e84aa27f5cafbb8e20a5fcd21e363a82
198FCF477A0E9EA4CB411A59F75E36A3,1767,res_zhcn/ui/UiSevenDaysAwardItem.csb.gz,258264f84b503be7d53b444d65f90a33
F6F5F0D48261EF8CE8241292375E3367,3879,res_zhcn/ui/UiSevenDaysAwardList.csb.gz,4a7c71ee46606f35993f98bf0f940d19
EBC994D219792482CFE418B873EB651F,3015,res_zhcn/ui/UiSevenDaysAwardMain.csb.gz,88f6267effbe7e927407e463d38f5f1a
7D4BD88184CAC45B07FBDEFBEB09CF82,1973,res_zhcn/ui/UiSevenDaysButtonItem.csb.gz,5619d21f19ce7df55073a60703c2c951
BE306B4CE4AEAD95DD905FFA944CB784,3104,res_zhcn/ui/UiSevenDaysScoreBoxItem.csb.gz,37120e09e4b2a084229ce7c6291bb20a
3682E42E4ABF6023DDB2E115E4F26B84,2343,res_zhcn/ui/UiSevenDaysScoreBoxPreview.csb.gz,81c77e3935de733bb74bafed23dcb06c
1987230615FB0A61644BC27F66FD2496,1812,res_zhcn/ui/UiSevenDaysScoreBoxPreviewItem.csb.gz,1ad0fbbcb85f6dcb8e93c5d624b56827
016EBE83C8D95347DB8B3EFBF83B4A41,3511,res_zhcn/ui/UiShopGoodsItem.csb.gz,c8b2b45c10c5566aad2ca142b822ccf2
FC4AC99F9F8579826F1CB347C9CEDB98,3840,res_zhcn/ui/UiShopKeyboard.csb.gz,b807d01c522e5588750671871c11a474
A18276DC6D7BE882A97E3602E2684EF3,1516,res_zhcn/ui/UiShopLeftListMainItem.csb.gz,0cdd8e1bf8dfceaad0ffdcd2b154899b
0828C10FF0FE810AB9686C6FE6ACEC8F,2713,res_zhcn/ui/UiShopMain.csb.gz,8076db5bf87a10ee4d4c61df19a83376
569A8179FB95A0665CD82A183C4C0870,4241,res_zhcn/ui/UiShopMainBuyItemDetail.csb.gz,c650be90a20c9968c80ecaef05a71741
A6477C7A0B4B72A25B7E589E4A425690,873,res_zhcn/ui/UiShopMainDrawCard.csb.gz,2c1e208f53a52d6d01bd45f1acef0faf
DD7C34BB6C7D07035222BC3BCF8740DD,1222,res_zhcn/ui/UiShopMainDrawCardDetailList.csb.gz,48e78c8da3bfa834c4d6a40de015f36d
960A0EE7DA8E83959D62A88D220E23BF,1420,res_zhcn/ui/UiShopMainDrawCardDetailListItem.csb.gz,d429abdf66a5a7596e588347b2386927
8A233CA17554036879C47AE97AC8A3DD,2540,res_zhcn/ui/UiShopMainDrawCardGet.csb.gz,c220c909bb920b558b47ebedcd4a05a8
DA543C86207F5771ABA97922C42C0ACF,1994,res_zhcn/ui/UiShopMainDrawCardGetItem.csb.gz,b3a29751bf1a532e9a7033eba786294b
FEEF39D212719E5665C4A68633BFFFCD,5277,res_zhcn/ui/UiShopMainDrawCardSuper.csb.gz,5a40c8c0dad7a82c8c099a07cf6e7128
768B9DE04ECCCC0E5D5EBB5ACD32CA84,1648,res_zhcn/ui/UiShopMainDrawCardTab.csb.gz,abe9d430616a04576a385169b776c641
33C5F4E65B86E3C7C59CBE98144C8341,2948,res_zhcn/ui/UiShopMainExchange.csb.gz,1fbd5398acd98e324dc04ef0acfe2c19
0C4699A1A125087F38BB9006C375B854,3159,res_zhcn/ui/UiShopMainExchangeBuyMakeSure.csb.gz,1a5e04f9b9ed07fecf4f71568c88a72a
B7CB9F761B0285D7C16408D6F6450566,2127,res_zhcn/ui/UiShopMainExchangeItem.csb.gz,6fe5c753b51f383d7f5a54d6c54eb38e
8E17912FA6743D17EFFD6CDEF718105E,4036,res_zhcn/ui/UiShopMainExchangePage.csb.gz,4e2d86e54e8cbc9aeaaea9d7c4a96418
3AA25AB8684B04D3DACB1304EAD20966,1636,res_zhcn/ui/UiShopMainExchangeTab.csb.gz,9fb1779d4daf9a3b2b0384533f22c903
4EC934B7F2DD4FC55F1AF849560DDEAD,1101,res_zhcn/ui/UiShopMainFashionBuy.csb.gz,23f8fa8381290e2f644ffc4299f83217
437A506641227EE228AA515275044515,3983,res_zhcn/ui/UiShopMainFashionBuyItem.csb.gz,7881a21e1347bcef344ea577d6615af5
05F91420A761DCB86F3AA3F49184B141,4602,res_zhcn/ui/UiShopMainFashionBuyItemDetail.csb.gz,d953b8cbaa06d1607a404bc0293b0e38
E3C67BF3CC06AB6FE4866CB87EBBF0D7,640,res_zhcn/ui/UiShopMainFashionBuyMakesure.csb.gz,8d467821af577d5fc927b230329c651a
295F90805D8E773246883CA130A91E71,686,res_zhcn/ui/UiShopMainFashionBuyPage.csb.gz,46ea952d88dfee6fac196f08ca090553
294BFB7A5120A61A851CB96562BAE604,1642,res_zhcn/ui/UiShopMainFashionBuyTab.csb.gz,60d052915ec9dce50efd85ecfd3f61a4
798449D5143C34303CE119AA2FC6DD10,3124,res_zhcn/ui/UiShopMainLifelongCard.csb.gz,2edefc14f2ae2719fac78916197fc516
F4BBD683DC4B20D28D63D17153ED69CD,1829,res_zhcn/ui/UiShopMainOtherMall.csb.gz,fefeb03ffca5dd035210bd71a49e4af5
FEF7A98EC2E45A6A7546D9AE186480B3,3643,res_zhcn/ui/UiShopMainOtherMallItem.csb.gz,f8e41e4e043c1293a3302e0b6c3965cc
923E53A07333A98E782A464C03228AA2,1330,res_zhcn/ui/UiShopMainOtherMallListItem.csb.gz,9194f3bb18fbb4cd545fd3698aa0dc9b
282048A46BE0F9B94A8ACE5D5173AD06,881,res_zhcn/ui/UiShopMainPreviewItem.csb.gz,af2ec60b4c1dded228d6470941486505
C18CBDB7A7982D8C303D5FDDEB09DFEB,1325,res_zhcn/ui/UiShopMainPreviewItemSingle.csb.gz,1a9b639f3edd670db3af132e55ddf478
C89029D5880F4045938B36B6DF71C6A8,2361,res_zhcn/ui/UiShopMainRecommend.csb.gz,4acb5b1c760cbe8ab2c7fd46da2face8
7489695400C925C4F68AFDC6052F1DF5,1763,res_zhcn/ui/UiShopMainSpecialGiftBag.csb.gz,0ed4408b41829ff9eacfe8ddfe9c7815
12FB178AFCBA4CCCF5A61623D7630358,3217,res_zhcn/ui/UiShopMainSpecialGiftBagItem.csb.gz,13874d8b3c3812ba8e1196803aa1991a
79866414C02E6C7C261839C8955A89C5,1413,res_zhcn/ui/UiShopMainSpecialGiftBagItemListItem.csb.gz,8f47be04845d76da0eea048892c5c0bc
2A6EDA52E93490FA5BE9D1D01E3ED50E,639,res_zhcn/ui/UiShopMainSpecialGiftBagMakesure.csb.gz,3102b61604c9adb9246f5358ece4938f
A21B631379E3A9B94C3EE9B59BCD1104,1422,res_zhcn/ui/UiShopMainSpecialGiftBagPage.csb.gz,a9c598c29d24652757aba8c8366db697
21907C7BEC64CF1D125D4C1CFB7DF262,1804,res_zhcn/ui/UiShopMainSpecialGiftBagTab.csb.gz,d779c8a0713642a927079bda8746a145
A042114EBD550890263DA48FAFD436CC,1065,res_zhcn/ui/UiShopMainSpecialOffer.csb.gz,3f456be54a77601802567eb29b7b4fcf
2B037DC9FD506A8393F6B8BF582D7FD5,3635,res_zhcn/ui/UiShopMainSpecialOfferItem.csb.gz,113326808a61e18387f8bec6d9a3d058
04F190A0573321C393E3DA7C1EB771DE,640,res_zhcn/ui/UiShopMainSpecialOfferMakesure.csb.gz,8d467821af577d5fc927b230329c651a
66AC17B06B0D34FE3E290E125F191FD0,685,res_zhcn/ui/UiShopMainSpecialOfferPage.csb.gz,44f95452664ba69896d37cd7909104fe
C4EECA5035D332849AD4DBCAD3D500F0,1642,res_zhcn/ui/UiShopMainSpecialOfferTab.csb.gz,959a2577b79fe32a0831f171b29b4991
FD3AC941190FD46C03DD32BD679A1BD7,814,res_zhcn/ui/UiShopMainStronger.csb.gz,d1a71949e5d82016ec4cd8fc1ed16361
5D43B91727C44D9447D6CF1F13567074,1281,res_zhcn/ui/UiShopMainStrongerPage.csb.gz,df5a84372022735b27355e96df4559a0
1610B22DCCF0791AFEB0CB20D94F466E,1909,res_zhcn/ui/UiShopMainStrongerPageItem.csb.gz,749221bddeef2117173f607a5442453d
A3B7CD0C33DB492A475D8D21DF3717EF,1497,res_zhcn/ui/UiShopMainStrongerTab.csb.gz,a17a97c4766bd910eafbec8f85f19c3f
31AC116B9810A175F85985E56DA8C1FB,5355,res_zhcn/ui/UiShopSpecialBuy.csb.gz,50143725dea8b81a2373205658d51be1
55F847F549F410EEC3B45009709514F7,3604,res_zhcn/ui/UiShopSpecialMain.csb.gz,d003569ec6090e92de0b34aca6c12b2f
0F2AF4CA2C30105F761DC5713EBF5CF6,1181,res_zhcn/ui/UiShopSpecialResource.csb.gz,edb435d40a7df78f7a25dfd418ff518a
114AD55E6B735AA56943B3826B9EA4F2,961,res_zhcn/ui/UiShopSpecialTabPhysic.csb.gz,c6fa9e4abd2499a69968c66c11a7f59e
1A0A64114EED508167A1EF62624C3400,1295,res_zhcn/ui/UiShopSpecialTabPhysicItem.csb.gz,69d7368ad2fecd115fa56816fb2d3483
B9D7C281443F9A722872D1CBA3AB0546,962,res_zhcn/ui/UiShopSpecialUnionLevel.csb.gz,a8a186f7040573123b629523a423cbeb
8DD78902CAD723B05167D2EC37783759,1303,res_zhcn/ui/UiShopSpecialUnionLevelItem.csb.gz,39212c2a79fe8018f7490d8a21b124a2
04BA1A5C11BB6CE756B1EFF7FAF17A7F,2292,res_zhcn/ui/UiShopVoucherItem.csb.gz,96854e94c69f68671604693852771e72
3D37C5888B5BABC6D4622BC8A4045146,2452,res_zhcn/ui/UiSingleChargeItem.csb.gz,064910e5023f32a9a919c447181e01b4
8A3F52EAF802291DEFA8FCB4B146EEA4,9069,res_zhcn/ui/UiSingleChargeMain.csb.gz,3e21f11d9121992c0485ca1a94fe0fd6
133C88652FB681979B400FE0EB4151A5,2088,res_zhcn/ui/UiSingleChargeMainItem.csb.gz,a8aa867403b27d673304cee96cfabdf5
BAFF5A1C9C4C592173BA2356DFD0AB27,2463,res_zhcn/ui/UiSkillChipChipItemNew3.csb.gz,59a7b999d1eccd73fb0f55ee032e91ce
F2656F3555E6D7F03BC03872A8AA90E3,2364,res_zhcn/ui/UiSkillChipInfoTips.csb.gz,1853aa652abb972618caa30ae5ea1f86
90335A5F1AF838036AAD0CF1E52CDF76,2006,res_zhcn/ui/UiSkillChipSkillChipShowNew.csb.gz,8a33873e59293f24f0928c0d624b8125
2D414BFC35007F8B65284587A281C397,1440,res_zhcn/ui/UiSkillCommonVideo.csb.gz,4c5a534b377d8efcd944254641fc9e12
2693DF7E500F8050D9413D52E3297B0F,1404,res_zhcn/ui/UiSkillCommonVideoNew.csb.gz,6b98c87decfdabd490026bbafef13b50
CD36FE85CBCAFDF2693EBA713D997CEC,1402,res_zhcn/ui/UiSkillCommonVideoNew2.csb.gz,d7cab6b23c00c6f7acb0559ef9710535
8D8E6367DADBA34BEA8F385249AC2F16,1206,res_zhcn/ui/UiSkillConfigItemNew3.csb.gz,c75b2f5870de472149b5d506e0aacc20
2E7E21F04725A0D84EDC5003007EE804,5231,res_zhcn/ui/UiSkillConfigNew3.csb.gz,4829600bd44306ab0f232a09712c8fa4
52A7BB29310EC46A601B0AA2C7117D5A,2183,res_zhcn/ui/UiSkillConfigSaveTip.csb.gz,004cd37a52800b23b8cbf2b6c41a36f1
4E21625C1A6654B38B21E0A51227F0BE,4617,res_zhcn/ui/UiSkillConfigSkillInfoNew3.csb.gz,94a6a8084575263d5c43c2476d83246e
CA56502F2361D8EFC428FDA7578351E4,1668,res_zhcn/ui/UiSkillConfigSkillOrderItemNew.csb.gz,0d921e8c52e457ee31066aec5c283942
242FC116816BB8ED2122D8AE69313D1F,2974,res_zhcn/ui/UiSkillConfigTips.csb.gz,41ab35ed67d768dcc3e7c00f156796c7
C5CA93683809184C799F14075D882666,2522,res_zhcn/ui/UiSkillConfigUnlockTip.csb.gz,8b711d03c1443737213d11da0f24071e
8001132E5D71A8AE64F639870C6719BE,3323,res_zhcn/ui/UiSkillRecommend.csb.gz,623654d58c703af62e83d1fa8b523d6e
4AB804561383E1712DBD2BC0FE02BB1A,1217,res_zhcn/ui/UiSkillRecommendButtonItem.csb.gz,3bd719c75d7d87593ff84fc9f3965f3a
E03A4BD416089BF7B7141DB883C59834,2205,res_zhcn/ui/UiSkillRecommendChangeName.csb.gz,3ad7757068e20085e7355f2015797e92
A2394D5563E5C1BBD2FABFE43F6ACB0D,1556,res_zhcn/ui/UiSkillRecommendChipItem.csb.gz,6e338606c925d9720b0a559eed979913
1C5EADAB5C40C1868C81F98DE2C0A5EC,674,res_zhcn/ui/UiSkillRecommendChipList.csb.gz,a36e4bfaeb1c1a0babf79d8ba1dd15ea
81D33E1CE403EF9CA33242AED8E754A7,2323,res_zhcn/ui/UiSkillRecommendInfo.csb.gz,5f81b89cf5b143c7d4f38b39e39c3634
8E2892B7087914F2395CCB7ACDD8E1EA,3892,res_zhcn/ui/UiSkillRecommendItem1.csb.gz,3bbe9b18d27d9205ac9dae5c960a1405
D846917587C9ED31A703830E4BCC2301,2695,res_zhcn/ui/UiSkillRecommendItem2.csb.gz,a54930b10c95a9d87285f342f48ca78d
6F7E6E21993FA51CE97DDD4F9290D4F7,1369,res_zhcn/ui/UiSkillRecommendItem3.csb.gz,6d884464b36911d9260f185fd45b8d3b
3AD3A50FBA47D075F7751C1BDC818FF4,3919,res_zhcn/ui/UiSkillRecommendItem4.csb.gz,bf9e48277c4ee1b8639e8a1600823428
28E5CD2DF68868FA2B9D51305DA034E8,1980,res_zhcn/ui/UiSkillRecommendListItem.csb.gz,97e0b58e8dc4d7fec2c18c68dbf04a85
890AFA47A82A7E74B6E9E8641AA9AE17,2960,res_zhcn/ui/UiSkillRecommendTips.csb.gz,c228623c01c762fca24c6ad30cf590b4
12022A65FBA75CF7DC29F12B78488561,2784,res_zhcn/ui/UiSkillRemouldChipInfoNew2.csb.gz,de5102ac5b7d1748cd0e947aedd28a3a
ABBDE1A095B924B70A82835BEEB45FD3,1174,res_zhcn/ui/UiSkillRemouldListItem1New.csb.gz,9da03aeab29e237a90a2d9c7b346da5a
B03FAE0C958C4019C78D2A3C9E310031,9172,res_zhcn/ui/UiSkillRemouldNew3.csb.gz,038f34a33fd43688a57c7346eb79146e
DF709D9E4528DB5042F3F1B626D22CAB,3203,res_zhcn/ui/UiSkillRemouldResetTipsNew2.csb.gz,a3437a6efe34e7e756591e29f5bdfafb
FB434B3EFE7BE0F498D0B97BC2332374,2805,res_zhcn/ui/UiSkillTest.csb.gz,277d8584828f04b64e22f61327f5c7b1
B30242E571F7AA208A1145541E604C01,2349,res_zhcn/ui/UiSkillTips1.csb.gz,9dd2d2e487eec3d7d02e1397692ffe1f
B0BB9B9EFF97595B6C7D0BBBC3BD84A2,4078,res_zhcn/ui/UiSkillTree100Max.csb.gz,09a128e50233cefb7760e25675da94a6
C5849AE4EDE0BC912402E208992647AD,3058,res_zhcn/ui/UiSkillTree100Mini.csb.gz,feb9c29f684c459eac3425283103dad8
40DC07ED149E2EDB37CCA6345DE693F7,3396,res_zhcn/ui/UiSkillTree110Max.csb.gz,849f4d19f36f41ffde986f40fe5611e4
2B697580C3553028B90F6FAD48340FCF,2655,res_zhcn/ui/UiSkillTree110Mini.csb.gz,393f596cacbaaaff31863532ea4463e1
BFB721BABA9970E2BABF29D87C3D4D71,3396,res_zhcn/ui/UiSkillTree120Max.csb.gz,91a958266242259f6c8a1ca011ad3079
669D701273ED46F494DDB6C351A581CF,2593,res_zhcn/ui/UiSkillTree120Mini.csb.gz,58cadc36e3e5b4e8218f4db3fdd180f7
C5FDD52290C7AC56D37A7CCC02AF9276,4073,res_zhcn/ui/UiSkillTree200Max.csb.gz,90d647efa226a63d36c24713745eec4f
5B34402F5FEE39555C0E26418DC7196F,3053,res_zhcn/ui/UiSkillTree200Mini.csb.gz,737ec8a173069cfdbaa95e51d1632987
0139DA6D84FCDD136E31808BDBEC79C9,3396,res_zhcn/ui/UiSkillTree210Max.csb.gz,9a8372026bfe6ef8d6e0e029afd8e9c1
C98016351A436685F79D05223366D9C9,2655,res_zhcn/ui/UiSkillTree210Mini.csb.gz,ecfbd90ed664deebb1ab66dd95bcfa7e
2BB01FC5DB6AB3C5D45504323D2D4664,3434,res_zhcn/ui/UiSkillTree220Max.csb.gz,e93ad6d59e72170e7062b5dd244a975c
951967EB99B6420F4625532DC8BB15F9,2593,res_zhcn/ui/UiSkillTree220Mini.csb.gz,59aeea537c3bd4a80026eeb1fa93eab6
18C9AEDF7764EADB4381E9B6D4236F46,4048,res_zhcn/ui/UiSkillTree400Max.csb.gz,ea82a59102faf54e06c0acb8fe8f71f6
F5E4A4558516C57A3B287E400C477D65,3022,res_zhcn/ui/UiSkillTree400Mini.csb.gz,09f459ff6f3ef0cc27d4e7df9a0c49fb
03BA6667515062E30E9BD75787BD9FB3,3396,res_zhcn/ui/UiSkillTree410Max.csb.gz,ba6da439b05c64eca232324309b254e3
313797670D63928566B50DCCE492C987,2655,res_zhcn/ui/UiSkillTree410Mini.csb.gz,7851c2bc5d4c608686945b812e9b51e2
09FF0631DF71050E4907DDC805B3DA95,3435,res_zhcn/ui/UiSkillTree420Max.csb.gz,8e3ffc0b6ecbfe8b886822cbf24cc9cd
C2EF04675D96256B0B0D5F7112935DC7,2593,res_zhcn/ui/UiSkillTree420Mini.csb.gz,745448cca3eaecf44246e2ec2d857c05
52704478FB6E784FEA1EA8F43E35F07D,3508,res_zhcn/ui/UiSkillTreeMaxItem.csb.gz,7d5dadee4e0e0252ffc24b68a566933d
A42763CE9D7BF17076537F169BFB9308,1775,res_zhcn/ui/UiSkillTreeTips.csb.gz,8875b5ba50b6dddf4859d80e3b29c8da
CA2047A029F8F7253149D99F772DE4FD,6444,res_zhcn/ui/UiSkillUpgrade.csb.gz,572959ab32dcc4c60c8977618cf1df8a
B2E5C52E66A337F90B250AF2299803B1,815,res_zhcn/ui/UiSkillUpgradeSkillInfoItemNew2.csb.gz,1f39144d22c5ccdab87286f4cc896f7d
4B620F01A16AD297D3D3F546AFD3952C,4482,res_zhcn/ui/UiSkillUpgradeSkillInfoNew2.csb.gz,1c6070b0952ddc82fe26fe8bc6d2fadc
20241E0259951B809BCBD8E5E642B4FA,731,res_zhcn/ui/UiSkillUpgradeSkillInfoTypeItemNew2.csb.gz,89d004354c1b3595cff27743c7b19616
80523D3658912345302E216800910B72,1696,res_zhcn/ui/UiSpecialGiftMain.csb.gz,a2576006059869276041ed126a12dfb8
CB7C2BEFB4B30E269DE1473380D1EBA5,2148,res_zhcn/ui/UiSpecialGiftMainGrid.csb.gz,382a2c00e4e4bea08c1768fc5fa00991
3B406BA825460AFE12CE65095E958A8B,2979,res_zhcn/ui/UiSpecialGiftMainItem.csb.gz,f90664fd281fc26af439be2f7ea8bf8d
738BF1011385B42CF9047BB296EEC8AD,3842,res_zhcn/ui/UiSpecialGiftSelect.csb.gz,ccd4e17f99271e27a9316b1baf95d1dc
9E6EFB6DA6AB54B235E75D9FF3948248,1616,res_zhcn/ui/UiSpecialGiftSelectItem.csb.gz,cb9901c752a4d2a90e6f576bf4c51fad
B2DA96E27C5C87677630C192AF3D2A52,1679,res_zhcn/ui/UiStageMainChest.csb.gz,51962e367661e4360626fa4bd74a8d61
5972960CCE636F79D8F650FE6C412E0C,3561,res_zhcn/ui/UiStageMainCopyBuyTimes.csb.gz,66555f18bb6a2624b6fe5001250b27fa
FDE302F6A24A9B44E16F27C6B518C505,6028,res_zhcn/ui/UiStageMainCopyDetails.csb.gz,18c3a897e9c7f322e92f3c35597f60f7
E62A2E2F6572DA571E6D3D4F6519D893,1863,res_zhcn/ui/UiStageMainCopyDetailsDropItem.csb.gz,93b03f1c5a41ec0b21f536b99b33812d
C0BBB636BA9BDEEC166EFA19E3D38F4E,1723,res_zhcn/ui/UiStageMainCopyDetailsHelpTips.csb.gz,b0af569330c04cef7e21dca84fd3ecad
F8443DE3F3A2C8470C4281E40517FC97,3665,res_zhcn/ui/UiStageMainCopySweep.csb.gz,65baf0a61d0362f258faf1ce7f50af19
0FC7D660470CD6410E778C6191A3741E,874,res_zhcn/ui/UiStageMainCopySweepScroll.csb.gz,1f4b9631360b1a4127ee42524ee069f0
C009C44770316C1D05B16A86BF116F10,1681,res_zhcn/ui/UiStageMainCopySweepScrollItem.csb.gz,b5ac6b63b70afed17f6256f4be788273
3982E9088760D7596A81C73708BB752A,6043,res_zhcn/ui/UiStageMainNew.csb.gz,f2c448273d7ed15507d1c72e068a0b21
816EE804867C7BAA46946FCD77C70A2D,1667,res_zhcn/ui/UiStageMainNewActItem.csb.gz,a53d5c91e00475a9cd25e40f2a13f660
0C84AC59998945EBE408B71DD6469D2C,3214,res_zhcn/ui/UiStageMainNewMainCopyItem.csb.gz,4ae416f9c46b9d3a0f73eab4ca162109
ED003B23C8CE2DC8C12633C16BD9AA8C,1773,res_zhcn/ui/UiStageMainNewSearchRewardTips.csb.gz,f113695734e6dae69823c707cb244028
4F6DE5A4A64D315EC698BCB564AB8DDE,2096,res_zhcn/ui/UiStageMainNewSearchRewardTipsList.csb.gz,33a47403d70762b0a0253b84ff392ffb
81181A800666A901215914256A05DBD9,1685,res_zhcn/ui/UiStageMainNewSearchRewardTipsListItem.csb.gz,b060f17f8ef762f827cfbd1948d34ab5
DFD66111FBC37DB14E1325AED2F4D553,1793,res_zhcn/ui/UiStageMainOneKeyTip.csb.gz,5585b9d0ba59c6ed38f394fe20ba5513
1DF68759963A80549CDED9DBEA4542C1,1720,res_zhcn/ui/UiStageMainOneKeyTipItem.csb.gz,709224daa7723250aaa7eb0054abcaa7
E1964D9F05E193FB6788647F29A0BA8F,4529,res_zhcn/ui/UiStageMainSearchCopyAllStar.csb.gz,1b010f654f3683c70bd40f8460ba8590
876C47CEDC91E35BAD7C0415F7447124,637,res_zhcn/ui/UiStageMainSearchCopyAllStarScroll.csb.gz,5d46c71fec9375ccb4fed3d83b480ee6
AF54E39918DBF90CC9B10CE03150D357,1433,res_zhcn/ui/UiStageMainSearchCopyAllStarScrollItem.csb.gz,9f4d7010f1680d9caf078ccb63165a17
AE9138DE57E8CD46B30D2AF088E44DD3,2648,res_zhcn/ui/UiStoneFactoryCamp.csb.gz,e1f2926966a6f268d3759e8eeac8efbd
A1A2C91B2A4C221DC4C8D80F9F3790DD,3278,res_zhcn/ui/UiStoryChat.csb.gz,5a647eafae08bd799342ccc0a1c999e2
5F7D6574A75EA020EDD5C82669E0938A,3450,res_zhcn/ui/UiStoryMain.csb.gz,bffd8a913866e9075f98d753aba57b00
E36D1510726F8B45E2A6366496894DF6,1725,res_zhcn/ui/UiStoryMainItem.csb.gz,286f8e7e8c20fc363eb1c973b4c867cf
65F4BA7C54CBE444EF27DCF2E4DF880C,908,res_zhcn/ui/UiStoryMainSystemItem.csb.gz,684f7f26b44d2f79fc9da2474bc3a695
E487AAFA563B0D5434BE7DF9857211BC,1386,res_zhcn/ui/UiStrategyButton.csb.gz,454f9ddd9230b23315fe6f26d1f5f421
F1316039D796F92D44F08352CA068E95,2213,res_zhcn/ui/UiStrategyMain.csb.gz,606daa8bf8e9a91d920ea29a0de6debe
BD577C79D7336737353EED490D4BB13B,2595,res_zhcn/ui/UiStrategyTaskItem.csb.gz,435c1fbcdce39a4ea214262c1cc37ad9
C00C596840A5838B43F5E537DC1561DD,1497,res_zhcn/ui/UiSuperSkillConfig.csb.gz,2a78684e0919b237e32d16244a9a59aa
4ED1E9BA76E77081E34AE50E5C732DDA,3765,res_zhcn/ui/UiSuperSkillConfigItem.csb.gz,7eafe2d7e00e807b3301191795a0624d
AFFD1EFC2FDEB11ED8EE9BE870E9E856,6945,res_zhcn/ui/UiSuperSkillDetail.csb.gz,045626f25dbfa5e73debde6d0d851ff5
7BCA3E710BEB3E131F2ABDD7BBA5DE2D,5726,res_zhcn/ui/UiSuperSkillDetailBase.csb.gz,d40a211955b9c7deb43de714ef7d5dba
18E7DEB28AFD86CD6DE8BA2C57BC1F28,5206,res_zhcn/ui/UiSuperSkillDetailBase2.csb.gz,6350ddd1bf2b71ef2c5f4841539bf5cc
024CEBF01131175F44CE878803B4E3A7,1673,res_zhcn/ui/UiSuperSkillDetailDialog.csb.gz,115b51bd125233c281383d3c82a49bcc
AF346158D6594395CAE87A3966D7EE35,3442,res_zhcn/ui/UiSuperSkillInfoDetail.csb.gz,3be860af3d1bea7a7c874b9ef3f8f7bf
3356634EAA544389A3EB5B40F1335EDA,2481,res_zhcn/ui/UiSuperSkillInfoDetailItem.csb.gz,dc605b316c598d793a105e5e46e6471e
37B993D778C519CC503F165200362FF6,1585,res_zhcn/ui/UiSuperSkillItem.csb.gz,f21f0bd58cb4d4c6d69cb5a72ea9069e
E4897C9C871D6B7CB9B7D15218C19800,1615,res_zhcn/ui/UiSuperSkillItem2.csb.gz,7aef9b5fd84e15cd4454212a32fcb9dc
8543326783706E8C79790383A4DCACA0,7110,res_zhcn/ui/UiSuperSkillLevelUp.csb.gz,1c301cee845a7fd585edfe7e617c8f4a
DEDFFA0ED8EB8007E09C07E9A6B0AE07,2116,res_zhcn/ui/UiSuperSkillLevelUpDetail.csb.gz,7e499fb51a3307ac382c5dae8419de1e
28F8D69B7A4F7C0BE2D2FE9FCAE4AE83,1314,res_zhcn/ui/UiSuperSkillLevelUpDetailItem.csb.gz,f935bd5dfbf1d7c845964337450b5250
7FE32B9106762D644D96BF949CF75E98,2190,res_zhcn/ui/UiSuperSkillLevelUpItem.csb.gz,0ac1b5d34c159ff720c2b0373e71f8e8
06C07C473776671D77963B055F8E2F49,1563,res_zhcn/ui/UiSuperSkillLevelUpItemSingle.csb.gz,f8297d1172da00d2a8b862c4b482dd72
1ABB3602FA6CBA19DE0CFA159C52E9C3,1490,res_zhcn/ui/UiSuperSkillLevelUpItemSingle2.csb.gz,0dc46ae534f7e6df991c5b60ccdb8fc9
FCF9485C1D595074273F644547676B29,2595,res_zhcn/ui/UiSuperSkillLevelUpMakeSure.csb.gz,8e24850a2bc738fa38cf9c3df3028df4
1EEA74816954F1AB803F46701B190094,2772,res_zhcn/ui/UiSuperSkillLevelUpReset.csb.gz,876a39fc398b42ec8b7a226c38c9dba8
B18F97163DAEEC4E963C8CF3B1DE5B55,2751,res_zhcn/ui/UiSuperSkillLevelUpSuccess.csb.gz,3d980f47e597749110dfa7d79d6817e5
DBFE858EE0D3C5F67D574934AD2716D7,2746,res_zhcn/ui/UiSuperSkillMain.csb.gz,340e6496f099c1e627b7f0b34c1924cf
B767A255A547AD3710E346A284688D77,3150,res_zhcn/ui/UiSuperSkillMainItem.csb.gz,695fe6a9790940aef4e41f98eaf73668
5E7B4F868A9B1A7220CCFF9ADB55FE04,1096,res_zhcn/ui/UiSuperSkillMainRightItem.csb.gz,17912d783a2921d455518cc394755272
61D8A39E2054EE13F50DC940104DCCCD,1304,res_zhcn/ui/UiSuperSkillRole.csb.gz,3222206bb6226467b7836a6546a3d76e
2F0ACBF9C99F8DB9AB302DC7EA564C17,2781,res_zhcn/ui/UiSuperSkillStarUpReset.csb.gz,f1c063e6c17f67201f2fece55a8f76df
3388FF40286A874A1997D95D2639052C,1533,res_zhcn/ui/UiSuperSkillUnlockDialog.csb.gz,4c2f5a17320025bd3026e655bb865cf2
A67EFF1AF8B7AC231F06EF2C75C909D2,12272,res_zhcn/ui/UiSuperSkillUpgradeStar.csb.gz,d7db1d7e6226c7ec3a935050df439c7a
A5C98C06459996F42987750C68B25988,1485,res_zhcn/ui/UiSuperSkillUpShowAttriItem.csb.gz,a281585b353a8fce4d10553e5e894cab
9EF9589BF54EF2EEA189B0F1A858EB0B,2634,res_zhcn/ui/UiSuperSkillUpShowUpGradeUr.csb.gz,9250cc63d825737df6fc972d358efc8c
488F5632FF6B0CDC267FE56C29E2936A,2148,res_zhcn/ui/UiSuperSkillUpShowUpQuality.csb.gz,a9bedc715177b3eea6cac5d92ee7ab5b
8BE6DDD5846D842D9A0B185FB1A3C93F,2218,res_zhcn/ui/UiSuperSkillUpShowUpStar.csb.gz,075e295260e6a9489dab200a064b158f
F676A64E45004F5E1571BDF4B2993614,460,res_zhcn/ui/UiSwallowTouch.csb.gz,dd5ecc6cebe72f754371746b7b9d6b8f
59D3050E7D91DB8EBE268BCF5CC66A14,2162,res_zhcn/ui/UiTaskListCommit.csb.gz,003b03048db686e993de35a463f541d7
794B2D7DBDC403042BCE68F489D662D3,1831,res_zhcn/ui/UiTaskListCommitItem.csb.gz,33eac3cbe80349967e2eb4873393744d
3CA7B248BF69DC40D3C50797CAEE3F6F,1613,res_zhcn/ui/UiTaskListGiftItem.csb.gz,e932f44ca0852fa0a9fb1cd71084a835
0002A5E30F47071744D016B6A6C92549,612,res_zhcn/ui/UiTaskListItem.csb.gz,68e310df00aeb3cc5dad07f98d071728
C2F85FE9134AF33A585A22BDFBD09D3C,1140,res_zhcn/ui/UiTaskListProgressItem.csb.gz,c80695737bd6101de20acf5da0ee2a3f
928E2692778A303C19F66DF52AA82FA1,1219,res_zhcn/ui/UiTaskListTitleItem.csb.gz,3ca4932127935f79293258ab6e490919
663B60EDA8DF8267BC6A3130FB6821A1,598,res_zhcn/ui/UiTaskRefresh.csb.gz,b8da7b2a9aca836b491c4b8666d955a0
A37927382FA4AC9686B59DEDE7DDA626,1554,res_zhcn/ui/UiTeachOperate.csb.gz,e09658d5baa00a8abc7f132b01b38cec
A34EE253F6E2E6521F5C9AF61883CD38,2459,res_zhcn/ui/UiTeamEnterPassword.csb.gz,74152f7f8c409d07abd748a61dd1fe49
F72E5FD5717C5C211A5A9A9115B81132,2431,res_zhcn/ui/UiTeamFind.csb.gz,ae1b5b8e7a671f223d6f955db8637673
4103E104B13A76873E8C40BD2C6231AC,2831,res_zhcn/ui/UiTeamInvitation.csb.gz,008be65bb039e5f6a0b77f052ac6d74c
8E86B6878E2942249A2ED53796F9BD6C,3033,res_zhcn/ui/UiTeamInvitationEnter.csb.gz,afbce094c76da0ca315168b14a21c5fa
DF26F6A7A6CE565386C9A01A637D21ED,1980,res_zhcn/ui/UiTeamInvitationEnterItem.csb.gz,959342c5afbad551b271253e27535784
06F10F5D6D5F57774F531D1A2A17D80F,2356,res_zhcn/ui/UiTeamInvitationItem.csb.gz,05ec2ba8d823d6fe85b44a1772dc1123
F61BF295F1C517F62A841B47DBDFA00B,1857,res_zhcn/ui/UiTeamListItem.csb.gz,984f8ede28336eda591659ca785b2a55
9E85288D3F34116857A89D376E1FB8EB,1768,res_zhcn/ui/UiTeamListItemHead.csb.gz,78265568cb46c323a369b309358b49b6
A73C233CB9BCA64080F616D83D2EA7C4,4102,res_zhcn/ui/UiTeamListMain.csb.gz,f24ec248250b12d9e7ebc5ae3004c27d
6C168E1D3E6BCE6F50925C356ACB93A2,836,res_zhcn/ui/UiTeamMatching.csb.gz,c7e1cbb9931c9e6bbeb63d88798e94b2
7EFED64A2311782F0794A9B6CE401668,3035,res_zhcn/ui/UiTeamOmen.csb.gz,1eabc4a65c5d8ea370af90bbd0a401a2
26475FF0C488EF7A12B6E992CB4B408E,4063,res_zhcn/ui/UiTeamRoomList.csb.gz,76b4c95f165818765abd5d1b5565f46e
32B28D2F74E755D72B5403CCADD1ED49,5346,res_zhcn/ui/UiTeamRoomMain.csb.gz,160667fa7ef04e6914133b930860448a
853C6B805FA7F05E911BB95E23F43952,962,res_zhcn/ui/UiTeamRoomMainItem.csb.gz,75b7cae2f67796e3f8a78105853c61b0
40AC84DA30FE3A61B0342CA8BBC0226B,3726,res_zhcn/ui/UiTeamSet.csb.gz,421f050cd8123945d9a2d48c4e455a2a
77B15EECA9849EA029ED3746A975E24C,2398,res_zhcn/ui/UiTeamTipDialog.csb.gz,2a53e4d6bd6febde8fb39b337fb7c93b
A6879F617600084D232FDE5BB14D6CF6,2633,res_zhcn/ui/UiTestRebate.csb.gz,27f67f7b9fef15870fa61f6e880c36ae
3DB733EDE0BC11AA9B40662E352D49C7,1912,res_zhcn/ui/UiTestRebateAgreement.csb.gz,d9fc09bae8c90ad7ebfaa2b0ab3012e8
D6A02DEE16816131E201A7A71041458D,1370,res_zhcn/ui/UiTestRebateItem.csb.gz,d9db345e0ee672aae928498129646624
42EB02279205F6CCBF0F534DA175EB0D,3675,res_zhcn/ui/UiThirdAgreement.csb.gz,5510cd1b57a385805968b5ee9a260620
054C0396EB3F63A22F9D17345695E70A,1180,res_zhcn/ui/UiTipsStageTextBig.csb.gz,9d7816e6beb26b9a25c584a7c5a29bfa
3D8958CEEFE1DBF85BF168965BFC6064,983,res_zhcn/ui/UiTipsStageTextBigCity.csb.gz,002950bff6d588050dd55dd73429b1d1
93A3C338B411FF5F3F3C78F20D0EE3D2,912,res_zhcn/ui/UiTipsStageTextLittle.csb.gz,73254048f1e0858187b999b5606421ec
64EE6C3007EC97F45D1765E7E0CCB417,916,res_zhcn/ui/UiTipsTextLittle.csb.gz,1bffa6d9dc246d46e6b326aee0b2950b
5FFAEDE76B09EE13DD18BF56C367502B,1115,res_zhcn/ui/UiTitleAttribute.csb.gz,0a6a8a14521b25c1f4d19cb74742ef41
668B11082DA8E51F8D99D7712CB37048,1494,res_zhcn/ui/UiTitleClassify.csb.gz,2180038a650f69baac4373da935ecc09
7BA51EDC40FCBA20A9FDF54E2E038042,2812,res_zhcn/ui/UiTitleList.csb.gz,67bf3fb3830fe60870bb0d00ca80f1b3
FC2BEC902C41515A2D3837D6730738DB,4980,res_zhcn/ui/UiTitleMain.csb.gz,9e8c899323b217c2a88a86e7ddf4b1b1
1D02908DF237EE8561AD0FC225BA1988,2208,res_zhcn/ui/UiTitlePreview.csb.gz,cfd848a4628911aef891aa1ac255caf2
2DDF550AF2DE3AC93BE4BAC6D67D3941,2702,res_zhcn/ui/UiTodayExpFullTips.csb.gz,8a02895034ce50eae92985c138b6b7e0
C51066DEC816C072F4AE1F431EA9E1F0,1976,res_zhcn/ui/UiTotalChargeCommon.csb.gz,4d173f1325ae124d1433da6454a22194
97A198139C9031845E4B4874BFAA412A,2548,res_zhcn/ui/UiTotalChargeCommonItem.csb.gz,e266f31e57ede6d518d83c8c42c97cb2
4FC1B19C1C90DC6B8317CF42655E9018,3587,res_zhcn/ui/UiTotalChargeItem.csb.gz,e7b71cad5fa4db799bfc07077365eb9e
C291DC8C8497B317380BD3B59A886A2A,2456,res_zhcn/ui/UiTotalChargeItemNew.csb.gz,09f73bac72b15fda31c96af7a7cd4ad0
E39DC0D7A32D992FF560D93D3EF3A7DD,4118,res_zhcn/ui/UiTotalChargeMain.csb.gz,9e49be5f21a7807d0cdac514acdbcab1
F574413966CEFB9DBF98543057F20B4B,3695,res_zhcn/ui/UiTowerAward.csb.gz,03416391bb9be2e54f882242b28b2c3a
BFA94E01350795BC74C8B84C54C29012,1412,res_zhcn/ui/UiTowerAwardItem.csb.gz,16988261965cae52d898c784555952b1
EFB3120C0649AED5154919892B256BB1,2440,res_zhcn/ui/UiTowerFightLevelNotRecommend.csb.gz,4709ca155f2ef84b41f45b701852aec1
302DB81B8B8EC427AC2C31585C3F4BFD,2930,res_zhcn/ui/UiTowerFirstAward.csb.gz,cbcc11c4013697356fcfd61fee162e31
7CF96EA6DB81FAAAA0712D4D26915D7D,4940,res_zhcn/ui/UiTowerItem.csb.gz,339325c271047db8be2f5e450b3ef1f1
CAEF0FEAA54145810E160B02697EC1E8,5005,res_zhcn/ui/UiTowerMain.csb.gz,afe328096ca399833c2faba22d75a0aa
4BE3F29114B5FFF4DFFD494E299BD3C2,5051,res_zhcn/ui/UiTowerModelSelect.csb.gz,0fd22f73d34e370ba3983b7cc265cfb5
F56DDA4FB64A9F0F64E3FACE590F6E25,1853,res_zhcn/ui/UiTowerPreviewAwardItem.csb.gz,501bb287d995dc01f9f8c83ff717bc3c
F5D6969A5946F0896E1F76738BF7B5EB,2276,res_zhcn/ui/UiTowerResetTips.csb.gz,17f80ecbcf15d98da7ed2b7d5e673389
2F0A25ABE4DE7D477C0F15053CBF7B08,3285,res_zhcn/ui/UiTowerSweep.csb.gz,1d70987d0595cef48af927a485f6337a
25626A76C9D571A5CC796AD68A753C18,2410,res_zhcn/ui/UiTrialChallengeLevelItem.csb.gz,dcf04837db832774c988d8e7f6c77b0e
CF1B47C177B33DE89E3DD289CDB8FB71,6355,res_zhcn/ui/UiTrialChallengeMain.csb.gz,cee1f928dd08c36cfa30376a75dacb44
FDEE7CA45E310B3C2B80F54BDFAD7746,1911,res_zhcn/ui/UiTrialChallengeRewardItem.csb.gz,a88707febce4a9a85f64bb8f05ec0f82
833FBABBB5DA4A6B95F177409E04952C,5115,res_zhcn/ui/UiTrialChallengeStarReward.csb.gz,9492c545ca68cd85c89c832b41bdc70a
405EBA8824BBC7A3B929ECBDC1B2F9D5,3932,res_zhcn/ui/UiTrialChallengeStarRewardItem.csb.gz,3d13941d42ad59ce4ab34edcf1392ced
B937C0B1949A6FB7442CAD648BC87200,1756,res_zhcn/ui/UiTrialChallengeWeaponItem.csb.gz,f4aecb106e2545d4fde051d9d953d9cd
6103CAE71C65D5A55978C8D2E1834F47,803,res_zhcn/ui/UiTurnCardsAnnounceItem.csb.gz,2f9e18d0360e5c9871cef53147f989f3
AB137220ED8984DFC0E07B39B476F312,2050,res_zhcn/ui/UiTurnCardsAwardItem.csb.gz,c5bb53ea0fec95ef5ddc026de5a6933c
D0D74E850F2B7D95382873B554876D44,1834,res_zhcn/ui/UiTurnCardsCommonViewItems.csb.gz,d167b406717db5e28fff55a15bd9add0
D5AA784F212DAAB812216801DC086A6D,2645,res_zhcn/ui/UiTurnCardsDetails.csb.gz,88cda5e57a7ebe7ea4330cda7a2080bf
25A0088F979B800DA640E144983A6CFE,6281,res_zhcn/ui/UiTurnCardsMain.csb.gz,3b4723f411a27261ef78da8a7aced259
D9C8DC96EEE789C1DE5F98FEAD05032D,2478,res_zhcn/ui/UiTurnCardsRankItem.csb.gz,ea7597c7c88298552e705981f45d6cdc
7A893BF3BDB185A8DC80D48F43E4BEFE,2136,res_zhcn/ui/UiTurnCardsScoreItem.csb.gz,11a002bb525ae38fa50a46cb9269df29
60546EF69CCC20AC825578E15286A507,2302,res_zhcn/ui/UiTurnCardsScoreMain.csb.gz,370b5a3fa33cac4e8bed8e891411f094
48AB799E432B7117E3094DF0A86438D9,4089,res_zhcn/ui/UiTurnCardsShopItem.csb.gz,37b1efe7078df14ee170c932222b8be4
C11C30AD335F813C209A56BA6A4CDE0D,1153,res_zhcn/ui/UiTurnCardsShopMain.csb.gz,ddd71741f6c3b42cf91b0d6a6f2065be
A8E4D551EBA7737D7FE49FBDADC6023C,2663,res_zhcn/ui/UiTurnCardsTips1.csb.gz,da45b9d5cb201a209a074679918b067b
E01C9124ACDC9F683298DA16D6B7E17A,3527,res_zhcn/ui/UiTurnCardsTips2.csb.gz,ae289e295f27e84abd17af6920a1a42d
2777DA6F3F25AFC8AC2AABBB99D3694F,3419,res_zhcn/ui/UiTurnCardsTips3.csb.gz,a7f060083251b41c97afaf731f2564c1
6A8A02FFB2CC360D6F1B377A16025068,1738,res_zhcn/ui/UiTurnCardsViewItems.csb.gz,77194a340b872962ae67cbf0e54149be
59A81EE6E4A751367ACB862F375D3510,2085,res_zhcn/ui/UiTutorialPicture.csb.gz,ae70b16bf312573ba8643fccbd530e2c
E8DE31CB5C19EF0AF4804EDB869F991C,988,res_zhcn/ui/UiTutorialTalkTips.csb.gz,6e8e4b1b8ec0e0fdbf76082c3169c24b
0CC2F529BF7E3A56CFDAC5A3E651EAE4,1206,res_zhcn/ui/UiTutorialTips.csb.gz,4e913e5d6d7be35096d25fa9d578f30f
080E22D446527AC542D8BB83B969C4E4,2751,res_zhcn/ui/UiUnionActivityInspireTips.csb.gz,dd3d9ad698915a83c276284e77341f06
1DCC09E45C5D999BF3421DC0F808DB54,992,res_zhcn/ui/UiUnionBossChatItem.csb.gz,930f1d9f92e401b14ed85720aad7d692
9D664291DB451FC22B9A27066AC2AE66,2469,res_zhcn/ui/UiUnionBossItem.csb.gz,eff64baabd7cdcd7f851e9489ac8b584
EA028C53E866354DDA8DAE017F2AD7D9,3935,res_zhcn/ui/UiUnionBossMain.csb.gz,0ffaa1746c0caad2f60c20c51b5dc7a7
C4812F877AB500B45BE3AB01C6CD092E,11033,res_zhcn/ui/UiUnionBossMainNew.csb.gz,2f58b44bec143b4e520eb782bb480c0c
8230022868460685126D7ED2B8567CA8,1558,res_zhcn/ui/UiUnionBossMainNewItem.csb.gz,24e3e4a067b1e56700d5b6b2282a41b9
D7FA83AF911777D31D2E0A861FA8BC41,1688,res_zhcn/ui/UiUnionBossMainPrizeItem.csb.gz,b95bc550d2014d20eb9a515af9c8b1af
DF504D2D197ACCFE201069F91DC9064F,2257,res_zhcn/ui/UiUnionChampionshipApplyTips.csb.gz,3b290a858f8e194031500d13775410ed
3D9012DE50B0738465817453499EE509,2704,res_zhcn/ui/UiUnionChampionshipAssistTips.csb.gz,6759cb91ba0144957bdeac221a927f1b
D22DE345D0E21148827A04BD7F7F6797,6516,res_zhcn/ui/UiUnionChampionshipFirstStage.csb.gz,1df5f62b0ab8b60710b334a50cdda70c
BA97D14F936C1D57B1F61C033891DF27,2280,res_zhcn/ui/UiUnionChampionshipFirstStageGiftTips.csb.gz,0af7c4b987234e3af70ae2067b2691ff
42BDE50A7B97ED10967CD16D9842D523,1346,res_zhcn/ui/UiUnionChampionshipFirstStageGiftTipsItem.csb.gz,fb3883b8393612beee4be3bb58036014
6EA79E15B9995F93E65DC91BDAF4591A,2604,res_zhcn/ui/UiUnionChampionshipFirstStageUnionListItem.csb.gz,1cfe9326e29435761e7097022b10c6e8
0EE90189AE6371C2D103F5B4B2F417BE,4207,res_zhcn/ui/UiUnionChampionshipMain.csb.gz,76f4cb464a029df91ced2300971b6e25
350F376503F08C4D970B67DD18D284D7,1536,res_zhcn/ui/UiUnionChampionshipRankItem.csb.gz,485862723e193d2d7e241bc4c6061968
1D90536E628030F20079A4B6D87BAB6C,5239,res_zhcn/ui/UiUnionChampionshipSecondStage.csb.gz,19773dcc07e61b5b9cdc1a67497aca47
9763A0A2622664E87B53997BF91BA893,2949,res_zhcn/ui/UiUnionChampionshipSecondStagePurchaseTimeTips.csb.gz,8310e4d6336e4c9889574f08164500be
202A7CE5516F779D838CBF78262BD1D2,6176,res_zhcn/ui/UiUnionChampionshipThirdStage.csb.gz,c12078780ccecbd2f7aecf1af6eaf262
977761FDD740D824FE92A1C9DC9A427F,1199,res_zhcn/ui/UiUnionChampionshipThirdStageAnnouncement.csb.gz,ce0582ad844c577515beb0ce5aed0384
469321A95E549A19D1B382E332FDFB18,4253,res_zhcn/ui/UiUnionChampionshipThirdStageBigMap.csb.gz,a5766c9efb8a28958b51d9adea393459
27DA7DE81B357D0E8D0F50E7FF3DD97B,2511,res_zhcn/ui/UiUnionChampionshipThirdStageBigMapCentreItem.csb.gz,464845c06ee9de7fcf8598df7b3c4ae1
408D7D631A555195743479D4BF65CEE6,2534,res_zhcn/ui/UiUnionChampionshipThirdStageBigMapItem.csb.gz,f0d06f87569cccf3951b6f9b82ca298f
422461BB8716BCE4DC359D6FE64D64D9,1334,res_zhcn/ui/UiUnionChampionshipThirdStageMiniMapItem.csb.gz,ee1dc0d6fd9da6c84ee5cb3fc1e3a6e2
CB4F6C90FDE4E3041AADCBEAD0131320,3532,res_zhcn/ui/UiUnionChampionshipThirdStagePrizeTips.csb.gz,133dc019630ef417598b2107d4336d6a
45F7E2D3DEC043BCB17C67C0B83F847D,1367,res_zhcn/ui/UiUnionChampionshipThirdStagePrizeTipsButtonItem.csb.gz,547cb711869ad7faceb88c41f4d9d523
B16891D0111A5D50E0BE43B45886E2FB,1174,res_zhcn/ui/UiUnionChampionshipThirdStagePrizeTipsCityItem.csb.gz,0244f3e5cc31c13c8dae1d88aa9fa901
EF042FE63C8B7C2044129E56C79EC150,1288,res_zhcn/ui/UiUnionChampionshipThirdStagePrizeTipsCityItem2.csb.gz,28d74b9775afe2e8f4a76bc19006b106
6FE4AA7CE67AEC49C871B17C76827A84,1825,res_zhcn/ui/UiUnionChampionshipThirdStagePrizeTipsPrizeItem.csb.gz,7ffb068ae71e4d31e65a2ada1454a27d
D191E5E376467834E18891EC7345B9FA,4300,res_zhcn/ui/UiUnionChampionshipThirdStageReportTips.csb.gz,89ccaf39173ec1203cff993866d57840
580351F9A8188CF049343FD9AB2B6D50,1379,res_zhcn/ui/UiUnionChampionshipThirdStageReportTipsCityItem.csb.gz,d184cafa43f520265b18a41495805842
C1A9936A7974ED2405588F39A93BB866,1562,res_zhcn/ui/UiUnionChampionshipThirdStageReportTipsRankItem.csb.gz,e6614cc88ca9fca1e383055b3406aaf0
2106D71F3664AA14B8C51758C9F939B7,1205,res_zhcn/ui/UiUnionCompetitionCoreOwnerTip.csb.gz,41ce4d5588f3071a34a363c8257b61a6
1F67092981CDBF2C638CE8747D53DAEE,2035,res_zhcn/ui/UiUnionCompetitionExclusiveRewardItem.csb.gz,eb884d8af7a67bf9f18ce03b4b184ae9
792FE72FD71C5C998E6216E60F6738A0,1305,res_zhcn/ui/UiUnionCompetitionFeatsAwardItem.csb.gz,17bf96975827ecb47c48ed3d36256ff3
5568ADF71E0F7CA57D1E6BA7BCB96EE8,1637,res_zhcn/ui/UiUnionCompetitionFeatsRankItem.csb.gz,ebc8839a2ddde445c917777019b04ce6
CF461040A96C5E28EECCD06251FFD917,20212,res_zhcn/ui/UiUnionCompetitionGameMain.csb.gz,393dc5baf91c0c5abbb00a129fb3bffa
7971AD9032EAECCC0D062AD5B4DF64D5,10449,res_zhcn/ui/UiUnionCompetitionMain.csb.gz,613f909f55b1b4ab2285dd67884db7a2
D7BF11ECC2C79F36963D17C665B80915,1504,res_zhcn/ui/UiUnionCompetitionModel.csb.gz,b1d4169f00407507872a48c7aa90a6f7
D09AFAC384AA1B8D7ADCA1A7C4719CC7,1701,res_zhcn/ui/UiUnionCompetitionNormalFailResult.csb.gz,8bff061a9dd49d59a1946e6cd609175d
1C0F0D326D6D87F0879BA1753AE07583,2921,res_zhcn/ui/UiUnionCompetitionNormalResult.csb.gz,4f3f525f244e09d45ea129ce05f2e96c
2B7F95F3A7473EE18B643CFACC8DBEDF,3045,res_zhcn/ui/UiUnionCompetitionNormalWinResult.csb.gz,147360eebc850be5a04ec798e7fded7b
632F5E9BC632F51C92E94E05CC25DC67,2084,res_zhcn/ui/UiUnionCompetitionPointInfoItem.csb.gz,4dd13d4501e5d44a5fe1905f4444d2d4
1C704D1E472A058284C4533A0F2E23B6,1383,res_zhcn/ui/UiUnionCompetitionRankItem.csb.gz,f03de0983b88d859d362a7eab10f8a8b
E051E0C72F546C56B5F32E084C4B8677,1356,res_zhcn/ui/UiUnionCompetitionResurgencerTip.csb.gz,f389cb3a285d0526c9891c6cbea78a03
7ACA40BEB8A75CD6C16C09FF5245F3C6,3939,res_zhcn/ui/UiUnionCompetitionReward.csb.gz,0506db9999fe177d2f632e7f8b93601b
9548E82661D47AD40886778A0FF26F56,2011,res_zhcn/ui/UiUnionCompetitionSignTips.csb.gz,de15e6815eefdc77d2612657c0741e81
B6669FE9062B28E6534722FC2CD0602E,5060,res_zhcn/ui/UiUnionCompetitionUnionInfo.csb.gz,41a462c00ad01cc8e42bec532e7b7f84
4BC4F43113ADD3D852425110393E0D88,2593,res_zhcn/ui/UiUnionCompetitionWinningStreakTip.csb.gz,f268b1f9998cbc330e174809bd3265e6
4FD473D852D8FC1DD51EE7E95E31373B,2235,res_zhcn/ui/UiUnionCompettionCommonTips.csb.gz,18242ec40f7d87ef2614bee79465de01
591FF81C25976E01922A9FF1FFB4D1A4,3097,res_zhcn/ui/UiUnionCompettionLoadingView.csb.gz,c1b05a97759765dfa84530d62ec7049c
A3AF0BD4E09CAADEF3C1E4F2C3437AE5,1637,res_zhcn/ui/UiUnionCompettionResultTips.csb.gz,522d701f0dc7ca1e0e501fe071640804
7994E3404E1A225874938484BC2D9DE0,4293,res_zhcn/ui/UiUnionCreateTips.csb.gz,798ced3dbf3345d565db351c89019614
5F740E73AC4AFBA4AE10EE6F86B3CC60,4952,res_zhcn/ui/UiUnionDetailedInformation.csb.gz,0c5b71bdb19cd67dca6fedf58fa21c4e
8E904326F98D2782217C19D90677FD30,1816,res_zhcn/ui/UiUnionDetailedInformationMemberItem.csb.gz,989c631483c5978d709f79a49cfe9abd
15F2F10B8919657873FB573682B79F70,2248,res_zhcn/ui/UiUnionFinalBossItem.csb.gz,b79e6f6adbd93d69ed86c788e58d3393
589D7689C6D19FD6C6B19B0170A127B5,5631,res_zhcn/ui/UiUnionInitialList.csb.gz,a6d2517e03674d4759790f6856b8b8ee
C51AD17D94FC52E297C523C3FE5A2685,2566,res_zhcn/ui/UiUnionInitialListItem.csb.gz,2ec30226a1b8eb7d3187d3fad45c7dc0
E99B9F1A1F154DC70A562D25515562BA,1313,res_zhcn/ui/UiUnionMain.csb.gz,b23089f62b645af60386f62a91d012fd
B252B74EE002728EF721A3103863BD38,1202,res_zhcn/ui/UiUnionMainAcitivities.csb.gz,9cecae176bfc77bcc792e54840f2445f
94E1EA3088A3F607B2F8E5752BECAD04,2432,res_zhcn/ui/UiUnionMainAcitivitiesItem.csb.gz,dbe8d0f8bbbd9c0803a5beb24748ceef
DFC31370D1EEDA162859B6DBA5167538,6684,res_zhcn/ui/UiUnionMainHall.csb.gz,5268d4cd4d78fa0fe2a487873680d0a5
DBBC289035CEFD5306A6ADE851AAF414,2390,res_zhcn/ui/UiUnionMainHallBaseThumbItem.csb.gz,ebd153a829adf31eee5a32917422e659
CB3153A4539E273BCF2FCE0D2B08FD12,2425,res_zhcn/ui/UiUnionMainHallBaseThumbItemBig.csb.gz,8605a1bda2a0a2c62ec3f37f287d6380
EE2D81834B7C6B5D1B1C2BD1422522CE,4370,res_zhcn/ui/UiUnionMainHallDetails.csb.gz,4d09db90af0012f01e30841d229702a6
6D3F96AE95CF276FF8EEA2CAA3649A4B,2657,res_zhcn/ui/UiUnionMainHallFightItem.csb.gz,b6696fe30fb3f7976b72b758b7bfdfb4
B71CCFC4E091F40A5A10B9B07D638D92,2542,res_zhcn/ui/UiUnionMainHallNoticeTips.csb.gz,9cd1a246e831f2cff50383ec93cf1953
C8CF4F39DA7013B4DAB0D9DC270116A0,3444,res_zhcn/ui/UiUnionMainHallTaskItem.csb.gz,e224341ddf300155eb8f06ee133fc24d
21EC68157FC745478E0F9261AEF250CC,1352,res_zhcn/ui/UiUnionMainMember.csb.gz,e470424f2d5b63a1fb8db15dc358593b
AEBF9E37FA2D47ABBCC81D5817F73118,2977,res_zhcn/ui/UiUnionMainMemberApplyList.csb.gz,2597c448aa0aeaafcd4797179ee9044f
E594144E6A6D061DB4CFD8ECAF1A8AB5,2807,res_zhcn/ui/UiUnionMainMemberApplyListItem.csb.gz,381a4043c989688cdc2b15d91a90f103
ED83714E0E030DD24B6B363D4680771F,3240,res_zhcn/ui/UiUnionMainMemberApplyTips.csb.gz,6c5fe285bd70371f90c9bc7fbd32e662
3324B2033D16A372D1E95D446BEC705C,1441,res_zhcn/ui/UiUnionMainMemberAppointList.csb.gz,03804dfe28f6b1fb256b3ee3d376de08
E7966D234EA64FE19969C3D7E7D7EDE6,1231,res_zhcn/ui/UiUnionMainMemberAppointListItem.csb.gz,3facbc0d47a681d1eb8aaff81f137597
6639FC8EA20D6F06E7DFA3EA246AC110,2407,res_zhcn/ui/UiUnionMainMemberList.csb.gz,1176b526f87201fba859c2127fb7f326
8C1C572B81E1589D18168E3BD3CD2B45,2532,res_zhcn/ui/UiUnionMainMemberListItem.csb.gz,88b78215dc197954c0aba871e81b770f
4A0D18F44FF957FA10FA9EE760991E3F,1223,res_zhcn/ui/UiUnionMainMenuItem.csb.gz,8ba8ca1a6c78fd709dc942f7981f3a1f
280749134C5179C111AEB6D1C3B9FB56,4491,res_zhcn/ui/UiUnionMainRedPocket.csb.gz,34b3c47e6efb0aa8895039a7ce71a08e
93E68BA700E90B8BD7093D0923A21020,2663,res_zhcn/ui/UiUnionMainRedPocketAchievement.csb.gz,0544ab2acd96628bf90bb60596228fdb
F55CF54E60756A54E40F880451880A0E,1499,res_zhcn/ui/UiUnionMainRedPocketAchievementItem.csb.gz,8bfa138ab588a27a850b3325d8e87648
07140C84D33D5867A75B3D9B113CF106,1433,res_zhcn/ui/UiUnionMainRedPocketAchievementTypeItem.csb.gz,5f5f075552bb6271e40b19ff25c81186
B9BF8D9C7F43E6FA31BA010836DB624D,1445,res_zhcn/ui/UiUnionMainRedPocketAcknowledge.csb.gz,294d2a1a63df8165a9d4c8b06948991d
C4A01B56A33614DDFA4A1EDC3133A3C2,1243,res_zhcn/ui/UiUnionMainRedPocketAcknowledgeItem.csb.gz,9903812a12c77e9d715c1124339be9fe
7C9A5B24FDF1A6F02AED999D936AE026,1571,res_zhcn/ui/UiUnionMainRedPocketItem.csb.gz,f928a541aa669fc4fd8a09e553fd623b
9BA9920C304EDE3383CE6464DEE87AD2,2604,res_zhcn/ui/UiUnionMainRedPocketOpen.csb.gz,012cbf124c8063531a448cf1f0648747
C3D4B9C840273B9FC0B034006C2B933D,1312,res_zhcn/ui/UiUnionMainRedPocketOpenItem.csb.gz,b57e69912f656498b7d9b1243a87e9f0
A4C4E6DF834EFEBD5E8F91AF5956D5EC,2566,res_zhcn/ui/UiUnionMainRedPocketPond.csb.gz,68621882a9e31c57076afdefddc4ad65
99B887A63A6705B5D42AAD774A9694AD,2388,res_zhcn/ui/UiUnionMainRedPocketPondItem.csb.gz,2b642508af694e574e8b96f84c448c44
9CC36D624C6FB33F0F72D9429D7A1565,6620,res_zhcn/ui/UiUnionMainSalary.csb.gz,a9266482a2bf748636bc09c8cc85b799
B3E85D5E985EDC5FEA3D6FD067779F14,1254,res_zhcn/ui/UiUnionMainSalaryActivityRankItem.csb.gz,59f049919d7cc49b3fca505930088ee0
FE90B406BA1FC0B7DAAA80D22FDEE5ED,1806,res_zhcn/ui/UiUnionMainSalaryPrizeItem.csb.gz,f1b01a608012158c179dbd8f011eaa94
8493B8A717114008D3D89057700C740D,2647,res_zhcn/ui/UiUnionMainSalaryPrizeTips.csb.gz,f051f89e6779749a3730ed7c979d692a
25B32A8E5669E41C76E9C5425DFE1755,3398,res_zhcn/ui/UiUnionMainSalaryUpgradeTips.csb.gz,73765aa0a59c91eea88991d2dad6d518
9ABC1D6CF1353991A553C6A0B6F67DF8,1229,res_zhcn/ui/UiUnionMainSalaryUpgradeTipsButtonItem.csb.gz,d69365db95346309cce1385d486851fc
C279A1CE1CFAB5E849A8C5A15F8AFD65,1046,res_zhcn/ui/UiUnionMainSalaryUpgradeTipsTextItem.csb.gz,c3047679ccd64dbac97e978c7347d014
E8EA79153BB8832C993649CAEF9BB548,7899,res_zhcn/ui/UiUnionMainSkill.csb.gz,018e98a0cc0bd52e1b5ebbc77611644f
2EF9EE4B1318E850164020261B4EB8CA,1001,res_zhcn/ui/UiUnionMainSkillList.csb.gz,a5b2dd6439c8153e4f0efa89193ed106
711CB856489514DC710F272F9E3AC541,2643,res_zhcn/ui/UiUnionMainSkillListItem.csb.gz,69c3372ac5826dc7e8da6962096f2bd7
CD456494BEB80C6E8D5EDE9F2B993FD9,7115,res_zhcn/ui/UiUnionMainSkillStudyTips.csb.gz,43bca7f6dc8cd612e902b4c30fba69c3
600A95EAD1211FA1D7290C16AE39108C,5920,res_zhcn/ui/UiUnionSignInMain.csb.gz,763f37ed9d2401466ae135e1f99c1b6a
3AA6DA031C75702ABD069CF9139E8B0F,1751,res_zhcn/ui/UiUnionSignInMainBoxItem.csb.gz,dc3a843b9609c76c2d2cb08d2ec68d7a
DDC50BB4FE4AF58872A494A5C60EFEA9,5753,res_zhcn/ui/UiUnionWarBase.csb.gz,e318e9cbe4ae4e37cf78d8151c99e499
14151B947BBB2951EFBFDBB6EAFFCC61,1162,res_zhcn/ui/UiUnionWarBaseAwardListItem.csb.gz,df03a804e44654361a2ae8504d7cecd0
19167EFF8164725B31F0960F710E3C27,1521,res_zhcn/ui/UiUnionWarBasePlayer.csb.gz,ab6dca5407bbd8ea0f464f0d9e78f0ef
A873361E06A99195B8621AEA3D7137E5,8284,res_zhcn/ui/UiUnionWarNew.csb.gz,226825be84b18b18f5545389da65a363
BF79AA1580DA5AAD60C445258E48D8B7,1738,res_zhcn/ui/UiUnionWarNewDropItem.csb.gz,056ab18bcf07484cc2455ec068df5c2d
B1B4705FC22EE2B226ACF3618C00DF30,3299,res_zhcn/ui/UiUnionWarNewRankList.csb.gz,957134b2d824bc10ecafa8949e842326
F19FBC64753F986231ADE1844C92180D,2537,res_zhcn/ui/UiUnionWarNewRankListItem.csb.gz,cd89fa3e6631c0d51a6b6f76e0c8c983
754F0CA3B17DA4CC04CF669E50A917A2,1741,res_zhcn/ui/UiUnlockSystem.csb.gz,d4b01d606960abe3c943ec6486ed5eda
0A6E66DAE2B4229C49117BACF7A3F013,2982,res_zhcn/ui/UiUnlockSystemItem.csb.gz,0e9fd95b8a58bf81b77a356804fc1c0d
36A0F12D23BBD88BC7FB9296EFA41413,3417,res_zhcn/ui/UiUpgrade.csb.gz,beb360505b18ec78819955269cda11c8
F76B3B5BD163B039F67EBF41E3981050,1423,res_zhcn/ui/UiUpgradeWelfareTaskAwardItem.csb.gz,c99112f50a0255fdb66fa39a7666e36c
2636A749782EC195880C870094D3658D,2564,res_zhcn/ui/UiUpgradeWelfareTaskItem.csb.gz,a3813e30aad250ea216eaac251fc875e
60EA76F4F9D332396B09064CF5D9F79C,1886,res_zhcn/ui/UiUpgradeWelfareTaskMain.csb.gz,7238975f6622961a12d08f62364a5af5
C3AB74421322212527CC37DD95FC8E40,3714,res_zhcn/ui/UiUserAgreement.csb.gz,40380c32ef436a771122b285c1511bba
ABE0AE10A785BEAD9A91FFC94CA33762,4707,res_zhcn/ui/UiViewInfoCommonNew1.csb.gz,0134e820a779970a0cbff53639610534
7083481DBB2CB4624809BF69C8CA111C,2437,res_zhcn/ui/UiViewInfoEquipItem.csb.gz,0edbff4677de3fdb0f0d92fe9549e3d5
AA1B388E6C891CF9ECCDA8B212496473,2546,res_zhcn/ui/UiViewInfoGodWeaponTips.csb.gz,6537fdf38b54edb5900f4f608ade4d0c
D55656F46831ABBD3F1EA7CC6A78A2E7,5036,res_zhcn/ui/UiViewInfoGodWeaponTipsItem.csb.gz,a0c3c2f1067c9f5e5cb9011416069b1b
C6FA9BD7B1F842B0F19013F690231D48,1970,res_zhcn/ui/UiViewInfoGodWeaponTipsItem2.csb.gz,57de1deefa9786721a5ce80921e35ce8
BFB5A252A8A0FA28F98C5C7D29E1D835,4761,res_zhcn/ui/UiViewInfoMainAllPreview.csb.gz,4b2507f46bf9466c16b67c793104fdc9
4ED5815DD302D4EBB4E00D58291FE482,1553,res_zhcn/ui/UiViewInfoMainButtonItemNew1.csb.gz,24bdd6eac0ee70f24a839d4b3d5f2db9
9330D8F8674CA2B68C1C685B9884B57E,1655,res_zhcn/ui/UiViewInfoMainCrestItemNew1.csb.gz,8382506b7951fded800eea5ad5035497
96F1761DD9C842254860028411A3564A,3574,res_zhcn/ui/UiViewInfoMainCrestNew1.csb.gz,b6b2cb4d7519604bdaad8052014d210d
611807F03791BDEEE4F018548CA7C345,897,res_zhcn/ui/UiViewInfoMainCrestTextItemNew1.csb.gz,ccfd64a51b5caeccd3be10bd69794056
9FA616FDDC80ABEEEA5257613677945C,2124,res_zhcn/ui/UiViewInfoMainEquipItemNew1.csb.gz,b8e4f5342b225e6ddb3134afa164e9c6
5BC1E9F25FB2E55E3D624187D8E07A38,3272,res_zhcn/ui/UiViewInfoMainEquipNew1.csb.gz,aa8584ba25f5bef311b3f2daabbfbcf4
250088C6F456090D4E49E17792C61B7E,1966,res_zhcn/ui/UiViewInfoMainFashionItemNew1.csb.gz,868f1a77887eafb75abede2807d627e3
EEB0A3D9FA09FFA447813206150B2FCD,3328,res_zhcn/ui/UiViewInfoMainFashionNew1.csb.gz,b33f97b8987d5354477bc29d2ccddc41
8ABF049D15C624CAFB84D7C644A74B94,5581,res_zhcn/ui/UiViewInfoMainGodWeapon.csb.gz,76f0c2a015f43c019148b6c84db075d3
83FE139F8FD37424BAD9959FBB13AA04,3475,res_zhcn/ui/UiViewInfoMainHeadTitle.csb.gz,7ea677c17c57c615dde3e4a9d6e178d3
F440B68F058EE52488A537DFCD9B8E6E,3369,res_zhcn/ui/UiViewInfoMainNew1.csb.gz,e261caddfcea65245797529560e91f0f
66B2DE027490D535BE40BABC74CC12FE,1980,res_zhcn/ui/UiViewInfoMainPartner.csb.gz,4aabcdb017f5a33392b244c2ac18b320
F84721B20A5BF7E90868543B2BDF4BC1,2611,res_zhcn/ui/UiViewInfoMainPartnerItem.csb.gz,18a2ca9083957489d2dd51363ebad503
E80635A9251A597834E34FD748C0C987,3647,res_zhcn/ui/UiViewInfoMainPetItemNew1.csb.gz,d435d9a70d0849a39533b35b7c736e98
562E24CDF93ABB2C0183CC52DEEA47A3,2070,res_zhcn/ui/UiViewInfoMainPetNew1.csb.gz,376c5963182c045e9d26379ac1668c25
4E0141A713E7F9E398043C9D903E2055,1277,res_zhcn/ui/UiViewInfoMainPetSkillItemNew1.csb.gz,da8eb4c0b4af7ca5050202e5ce31d81a
E8D6F4F1154380C7DA22E4DE434E4866,1964,res_zhcn/ui/UiViewInfoMainSuperSkill.csb.gz,88e8a0491416243c2d58931ca86743d7
F599C87089ED2EA1CED92C0DDBF8B4E1,3438,res_zhcn/ui/UiViewInfoMainSuperSkillItem.csb.gz,a0327adacb378b7e5bf8cb45608b2ada
FC65941B168E8282DC16561AE64A98AE,2302,res_zhcn/ui/UiViewInfoPowerStoneMainItem.csb.gz,12da3890acd9c454c6abf9e3ad445d9b
0769E0CEEBE88DBD169DD9601C67FCF1,3504,res_zhcn/ui/UiViewInfoPowerStoneTips.csb.gz,e39d1b90526f7acbd5c76a40c5f66f58
1446F8B3DD0ADF5D966E2132FA1E1645,2276,res_zhcn/ui/UiVipDetailDialog.csb.gz,0dac81f827a1a2470b2c890fabc5f433
8EA0263602961822114C309BE3A829F1,1144,res_zhcn/ui/UiVipDetailItem.csb.gz,adc297ad75505b4c2a83d644fdbe95dc
F14FB20BC35B9EDB47226B79B5DF8E86,1945,res_zhcn/ui/UiVipLeftListMainItem.csb.gz,7a055ff4b7320783359d49f02fdc2a0f
66F343C770592FB64A302A24205ED6BF,6203,res_zhcn/ui/UiVipMain.csb.gz,3607961a38682263ad41e89681a7d0b8
1467B5703EC7E51B1118F8C31600F590,1458,res_zhcn/ui/UiVipRewardItem.csb.gz,6e824f4c67128038c4dc79aaa69f4b96
2B057512D718EDC24C3B05BF21460D3A,2153,res_zhcn/ui/UiWeaponMainTips.csb.gz,7e3c888415840129d338eff80359d757
933319C4A4491A6988E8A3A73C05E9C3,1902,res_zhcn/ui/UiWorldBossGiftItem.csb.gz,193a6b946c3221518ea6e75276015a73
E7335D52DB7121D99009746B543CC471,2438,res_zhcn/ui/UiWorldBossGiftShow.csb.gz,9695ad45a1f73de8e9dad956287c2470
9D0893B2E2DA101830E107343FF9F195,1328,res_zhcn/ui/UiWorldBossGiftShowItem.csb.gz,3dbb75eb195b359f7d1623f5dc8649e3
2E17E0249BB428E543D883626D7DA829,1953,res_zhcn/ui/UiWorldBossGiftShowTips.csb.gz,9058a0ee43016a7e264ef6f9f770c001
62BB4C47424675F8779CB1237F32CEC2,2540,res_zhcn/ui/UiWorldBossInspire.csb.gz,e0c8983b2bdb7f4fa34492a6a613fb12
E81BF02B90D93481CC5F16B236514D99,9424,res_zhcn/ui/UiWorldBossMain.csb.gz,f9c2fe4db4a38c1130f73e73e54ac574
7C7727319C316BDF5EA1029567D5A271,2646,res_zhcn/ui/UiWorldBossMessage.csb.gz,c17c7478bf3792eb7c12fab5f887d7fd
431F45B114F9D34A635D387C89C26CBE,2434,res_zhcn/ui/UiWorldBossMessageItem.csb.gz,47f2e529c3f96a573bd8e37a370793ec
297FF4AAB1FE61A4677606A3BA2DB2DD,4557,res_zhcn/ui/UiWorldBossPersonalRecord.csb.gz,0a5606aa2bb2a2dbaf624c310da8b3a4
3B7DAD1E7BFC986AFFE9FC50812E1590,2109,res_zhcn/ui/UiWorldBossPersonalRecordItem.csb.gz,10d1e6851aac3e3c6dc7d00aa8720c88
5D04F0B9C7F27C25B620C912493984A5,4243,res_zhcn/ui/UiWorldBossRankGift.csb.gz,ff465c3fe6e9d78b50f8aaa6be6e9384
37FC8648D93489CD8B45C5A4427905BE,1329,res_zhcn/ui/UiWorldBossRankGiftItem.csb.gz,f4945aa15f5bd442899c39edca4c8805
71EA3177DA40CB9F49060C1983D441DD,1531,res_zhcn/ui/UiWorldBossRankGiftItem2.csb.gz,2f9ccb5e371c45f1fc96bd382fe7da38
454F5B7A6FFF54E47990877917586BD4,2410,res_zhcn/ui/UiWorldBossRankItem.csb.gz,5bd86a09cc78b2801f0c3861acedc493
352AD5345C665F14F8B5B74DD1D4276B,2537,res_zhcn/ui/UiWorldBossRankTips.csb.gz,84ed5b58996cd6f4556552ee524ef575
4A4FDD46700CA6EEA4D90E6E359A6F13,1243,res_zhcn/ui/UiWorldBossRankTipsItem.csb.gz,aab1470d28916451c7c02b270da1a3ce
ADA354A67F51B6F34FDAF6315A084635,1342,res_zhcn/ui/UiWorldBossRankTipsReward.csb.gz,97f73546bc807b19082426d1023d92d9
710DA323B413A291BB0C186EBF0476C8,3122,res_zhcn/ui/UiWorldBossTips.csb.gz,7abc2a9eb048e8f8757c1e652e3669a4
A9DB448CCBAAD7CAE93FD670E55C7300,703,res_zhcn/ui/UiWorldBossTips2.csb.gz,889873e8d5f8fd058994af85788cb377
674B3A90294D57F01A48F01659D55367,2352,res_zhcn/ui/UiWorldbossUnion.csb.gz,52b7bbbe4cec312d7037bcc34951e10d
E6F486A66E19B93D457A9FBD864EFDCF,1692,res_zhcn/ui/UiWorldbossUnionItem.csb.gz,8836ec4fd63c95e490a74e67cd711702
B84A11957545F392864129E416E106B0,2469,res_zhcn/ui/UiYearCelebrateMain.csb.gz,23e9a4337791772126efd4e817d5d263
C35DE26A57F6FD4B7E3D1D97BBD34727,2255,src/alert.lua.gz,d3dde9dabaa4ea476967d286b8303b1c
402D4F9F61689B98D9E53F2547D9007C,691,src/config.lua.gz,487dbc1cfc6d922d66a74ba21815f717
3B2C70DCD11812AF07C66DC79CDD5CE5,8191,src/main.lua.gz,9a0adabcd57a09b1085bf41b59ddb9a5
3F008A17C79A9978F3DB0AA4FA71D6BB,755,src/aonesdk/Channel.lua.gz,e3a3e6b0340153c117f0e46af9469c3b
47BFA931812A23BD8DD19571601DCF45,1283,src/aonesdk/channel_adapter.lua.gz,2423885eca176aa3d95d67fe0705cd5c
C4E7FE83FB2B322778EDDB2A3329F45E,4083,src/aonesdk/channel_callback.lua.gz,cae326f4bc0371c2a799fa0eacb3ef87
90D61A090621725B395D49BDDF607372,5583,src/aonesdk/LuaSdkSelecter.lua.gz,3ae2ba161aeb0373320c27b2b93e545e
034D5D0A1339590CAE0B6AA29A23151A,163,src/aonesdk/_init.lua.gz,419ac5e6840914eeb4c72bbfb4b97cde
496B232B490F61BE95BF26EEDB41B5B5,3671,src/aonesdk/pipes/ChannelPipe.lua.gz,6523e6b07cf488d759f91fcfb54c7732
98AA3276FA7BE423913E49A3F3FF564C,207,src/aonesdk/pipes/ChannelPipe_android_test_yougubt_ts.lua.gz,221e93998691927366d6463e4a776a27
069860BE90C8790A569314EF9222F7D5,115,src/aonesdk/pipes/ChannelPipe_android_yougu_andbt.lua.gz,68f8cb0c237c7e547b39db33ff2864cd
607759C17D75867E1C18F0AA24675250,115,src/aonesdk/pipes/ChannelPipe_android_yougu_andbt_xy.lua.gz,68f8cb0c237c7e547b39db33ff2864cd
EE1D10163D0570E93724AF4DEB5E2CE6,115,src/aonesdk/pipes/ChannelPipe_android_yougu_bthf_and.lua.gz,68f8cb0c237c7e547b39db33ff2864cd
5B91C876B5297AFF3FD64D1B3C80E04E,115,src/aonesdk/pipes/ChannelPipe_android_yougu_bthf_and1.lua.gz,68f8cb0c237c7e547b39db33ff2864cd
2BCD85FBD69B309215C7FE8978BF5B71,115,src/aonesdk/pipes/ChannelPipe_android_yougu_bthf_and2.lua.gz,68f8cb0c237c7e547b39db33ff2864cd
56544126A8FFCD4709FE4E87849EA17C,115,src/aonesdk/pipes/ChannelPipe_android_yougu_bthf_and3.lua.gz,68f8cb0c237c7e547b39db33ff2864cd
483D9E2ADBBBAA853D3DAB76850DEA3C,115,src/aonesdk/pipes/ChannelPipe_android_yougu_bthf_and4.lua.gz,68f8cb0c237c7e547b39db33ff2864cd
088FE52AB2418BAB81D9B1BB1247FD6B,115,src/aonesdk/pipes/ChannelPipe_android_yougu_bthf_and5.lua.gz,68f8cb0c237c7e547b39db33ff2864cd
4FF6DB6CDD53F64D2DC5293DE7BC4719,207,src/aonesdk/pipes/ChannelPipe_aone_android_test_bt.lua.gz,221e93998691927366d6463e4a776a27
02A4B0DAA047D98E6388C14CFF298537,1895,src/aonesdk/pipes/ChannelPipe_ios.lua.gz,dde9d09121ca5606599267f94ac0db94
EC83FC744FE192F4A6AEA0C6AC364ABE,1303,src/aonesdk/pipes/ChannelPipe_ios_tiansheng_IOSyy.lua.gz,4729b8ca144b5fee23152437f94e8fdc
327FDEA95E0165DB5573589D3C366085,163,src/aonesdk/pipes/ChannelPipe_ios_yougu_bthf_ios.lua.gz,851b36f767d0bacc3c2ce94d41282b1a
F653D835BA6A75F6015FB09F137E594B,163,src/aonesdk/pipes/ChannelPipe_ios_yougu_bthf_ios1.lua.gz,851b36f767d0bacc3c2ce94d41282b1a
DBBBDCE1D66E5003526DCCDB0C01B2A7,163,src/aonesdk/pipes/ChannelPipe_ios_yougu_bthf_ios2.lua.gz,851b36f767d0bacc3c2ce94d41282b1a
8CD1D00D669CC1BCE99CB64B5D3CA95B,163,src/aonesdk/pipes/ChannelPipe_ios_yougu_bthf_ios3.lua.gz,851b36f767d0bacc3c2ce94d41282b1a
DCD33093D6FA25A8DEC8A78DEF878B2C,163,src/aonesdk/pipes/ChannelPipe_ios_yougu_bthf_ios4.lua.gz,851b36f767d0bacc3c2ce94d41282b1a
A1ECBEB0449C2C8EB04D05FCE352990E,163,src/aonesdk/pipes/ChannelPipe_ios_yougu_bthf_ios5.lua.gz,851b36f767d0bacc3c2ce94d41282b1a
A4AB4D310442DE62205CA7DC04D95511,163,src/aonesdk/pipes/ChannelPipe_ios_yougu_iosbt.lua.gz,851b36f767d0bacc3c2ce94d41282b1a
92908A3478B0958419C13B6CDFBEF4F9,163,src/aonesdk/pipes/ChannelPipe_ios_yougu_iosbt_xy.lua.gz,851b36f767d0bacc3c2ce94d41282b1a
273B6C64303D91A01FABA4987E3C4C6C,107,src/aonesdk/pipes/ChannelPipe_test.lua.gz,4962ace4101fef13649af945683aad14
11D796AB7B8DF95C5380B7BB7EDE0558,115,src/aonesdk/pipes/ChannelPipe_yougu_test.lua.gz,68f8cb0c237c7e547b39db33ff2864cd
95F4F0877A1FF98A55DA0DF97687F6F4,1427,src/aonesdk/pipes/yougubt/ChannelPipe_yougubt.lua.gz,26d72a5dae091f6ed69f06f8fc39db76
0A147585B079BF9D5073E5569B3A0D73,10951,src/aonesdk/sdks/LuaSdk.lua.gz,0182c6a1e6f0585406137c716ba45de4
3492EA49CECA7B41BBE7D6067018BA6B,79,src/aonesdk/sdks/LuaSdk_android_yougu_andbt.lua.gz,eaa9afff271a55b26d90578912dcc1c0
B520007FFE8370D4F3D81E461308D95D,79,src/aonesdk/sdks/LuaSdk_android_yougu_andbt_xy.lua.gz,eaa9afff271a55b26d90578912dcc1c0
EBBF62124BFE56F8437BF3431EDA5118,79,src/aonesdk/sdks/LuaSdk_android_yougu_bthf_and.lua.gz,eaa9afff271a55b26d90578912dcc1c0
E95B34A0DD30C65B587E98AF4960A12E,79,src/aonesdk/sdks/LuaSdk_android_yougu_bthf_and1.lua.gz,eaa9afff271a55b26d90578912dcc1c0
B7B18B565E418B56F8D71B7398334FD9,79,src/aonesdk/sdks/LuaSdk_android_yougu_bthf_and2.lua.gz,eaa9afff271a55b26d90578912dcc1c0
9F8BE6D214CE7C4A1617701E20FDD407,79,src/aonesdk/sdks/LuaSdk_android_yougu_bthf_and3.lua.gz,eaa9afff271a55b26d90578912dcc1c0
089E0994F3EBB59B3FD224F8D01DFD49,79,src/aonesdk/sdks/LuaSdk_android_yougu_bthf_and4.lua.gz,eaa9afff271a55b26d90578912dcc1c0
C2DEF00FD40EE5EADEA6A87D7C3AC46B,79,src/aonesdk/sdks/LuaSdk_android_yougu_bthf_and5.lua.gz,eaa9afff271a55b26d90578912dcc1c0
381D456D9F5A4D8722269C0ADA3D5B0F,135,src/aonesdk/sdks/LuaSdk_bilibili.lua.gz,9d80665e364d98c329b6174c9acebb48
86667C3B238971F4094597FDEA8B43B8,15795,src/aonesdk/sdks/LuaSdk_ios.lua.gz,d7b9f572b8e4e0bdc4b11acab45ab787
77FA99430F3C627C5C7C11E28C2973EF,167,src/aonesdk/sdks/LuaSdk_ios_yougu_bthf_ios.lua.gz,fd486617a00122549493451c26fbfcbc
BACED5E7E469CCF84A6D881DFD079099,111,src/aonesdk/sdks/LuaSdk_ios_yougu_bthf_ios1.lua.gz,4294488a10120c2437009309c41d8d79
020CAE85D23ED0DA46794D2BBA42952A,111,src/aonesdk/sdks/LuaSdk_ios_yougu_bthf_ios2.lua.gz,4294488a10120c2437009309c41d8d79
71021AEDDD8418044A888D218CF69850,111,src/aonesdk/sdks/LuaSdk_ios_yougu_bthf_ios3.lua.gz,4294488a10120c2437009309c41d8d79
85BEBE3C12F079511C0034C44B31A4E9,111,src/aonesdk/sdks/LuaSdk_ios_yougu_bthf_ios4.lua.gz,4294488a10120c2437009309c41d8d79
E37CBF4A4268990461D90E1660292C8D,111,src/aonesdk/sdks/LuaSdk_ios_yougu_bthf_ios5.lua.gz,4294488a10120c2437009309c41d8d79
001E1E1DB514D3777C53946944A21964,111,src/aonesdk/sdks/LuaSdk_ios_yougu_iosbt.lua.gz,4294488a10120c2437009309c41d8d79
4D454A40D7F02E6B153076E9711D2231,111,src/aonesdk/sdks/LuaSdk_ios_yougu_iosbt_xy.lua.gz,4294488a10120c2437009309c41d8d79
E1493C90AEF5C8D236ED545C4C4E4BA7,603,src/aonesdk/sdks/LuaSdk_zijiein.lua.gz,b93c3e3035736936b4ad39a69d61afbf
D367BC73A294C40CA1490DD12F376BD2,343,src/aonesdk/sdks/LuaSdk_zijieqm.lua.gz,056d27a675ef05b7ff3e7949724856c7
4CB6673D59277B20E2B0992049344A16,135,src/aonesdk/sdks/yougubt/LuaSdk_yougubt.lua.gz,a22254d0da0a224ce38ecf12423752fc
D382CA6805CD0992B20D9984D963B03D,16163,src/cache/CacheAccessType.lua.gz,8140cd420e482269b7f34333b39874bf
81073DC6B04196FCFAAEB5EA95C9EBE2,7243,src/cache/CacheActive.lua.gz,f1b64eff7a7a67d162ac6d1590d32ff1
197DBDB11608E43169194461A1079922,8131,src/cache/CacheActivityCenter.lua.gz,9f12cd03cb24b081573bd3d65e34821a
9F9D331B7E5138CDAAC888C10FDC5A45,4679,src/cache/CacheAileen.lua.gz,395cf14f044f91e269917aaf3a8ea906
5924C8A0413AC26FA2E561A040D5B159,11839,src/cache/CacheAllStarMoment.lua.gz,1dc24e2d628347f013f5db76061adec2
BBE429BD74829F5F11C78D148B6D4AD2,8923,src/cache/CacheAnswerMatch.lua.gz,e4672243a599f5fd739ab19d99b6c90a
451D100D3DD9702CC74F89C5BB5E2B5D,11995,src/cache/CacheArena.lua.gz,e19d8c494693375f943a8e1747f57f3d
E7F3163DF3A648C494ACAE61FB865134,105253,src/cache/CacheArtifact.lua.gz,95c273ae11b8ef35daea9b1a2d86ec07
2A4B04DCF53565FD83BA021C88ABFA4E,3515,src/cache/CacheArtifactCollect.lua.gz,770e42c8230c8a2a40724381e94256fb
FAB1999A1AB63CA0F0B00EE3F4EAD9DF,15067,src/cache/CacheArtifactLottery.lua.gz,906368d7c0e29e407f42fb8f88e1dcc5
DA4AF8853353B5A5C573B950CDDE3070,37109,src/cache/CacheAuction.lua.gz,321f985929d12b77ea43b5ec84686e57
49FA4495020EF9CBECC0854033488D6F,7419,src/cache/CacheAwakeRoad.lua.gz,66152880d0258fbd0e43c80562db04df
CB2DF4E9345D287F9DA4457EC1A97C69,18924,src/cache/CacheBackFlow.lua.gz,9d99080fef1b2490ddd589a69d128de8
D536FBFE13D3160DF3462794634C6866,52470,src/cache/CacheBag.lua.gz,b20a04f7c44063b07ff36cbeb09e626e
B8381D374A686CEE7912E451E2D007A8,6459,src/cache/CacheBossRush.lua.gz,6ac31659933628ba6964698cb050a3e5
881548DCD2602534F0211C903636ED22,28208,src/cache/CacheBourse.lua.gz,5cf8ef726f3b0361909121b5b49554c6
DB40246CB904FB73A92BFAA15A37BE84,12143,src/cache/CacheBTGM.lua.gz,63fa43833b4759d7ba0231d1dbbb6300
1D7E3E585554DD2EB07F36F1B16C4A93,15263,src/cache/CacheChargeActivity.lua.gz,10020eff1a6f197095d78b7dd9307ca9
32280B4AC2631DC86EF1C65C0CCED3E7,33001,src/cache/CacheChat.lua.gz,2df2ef140a29720a2ea2f8be485953d9
4D471C248C1CD2D25F44C0682DBB9767,12431,src/cache/CacheCityActivity.lua.gz,605aaf49e2a6cbf8adf15405fdb5839d
F6B820FFC5AE1F83E87D5BD5019942E9,8455,src/cache/CacheCityRole.lua.gz,b92be801921ab10d83da21e69dfb6384
701129863FE7DAA2E0D781F7D76A3030,2651,src/cache/CacheCoinTree.lua.gz,853c0acc7ee9492f291c1b3a029bf26d
069F3FF9E72D18F68349E9BA58D7EBF2,4251,src/cache/CacheCollegeTask.lua.gz,ce05acaddef568d760a8a1a095498546
63364345B7011EDE5C95D61F05A2D7F8,9659,src/cache/CacheConstellation.lua.gz,6b87fe1a60b7a3e913379d0432757fde
0B165F2FEBC4290F4167686C966BC0C2,4183,src/cache/CacheContinueCharge.lua.gz,4adc6e90a6c6e504cd48c2507a952816
14B0BCB0F6B9AD534E2E0BE0CBFCD401,3635,src/cache/CacheCreatePlayer.lua.gz,86202e4cc093856c2e25ab3bdf5a6589
A163B343F643DCA338C5F65C13F49F7C,9435,src/cache/CacheCrest.lua.gz,465db6a40d934fd46e70fdac82bab95f
2B68A34B9EC68088017457B9966F591C,47365,src/cache/CacheCrossArena.lua.gz,8c68784508d141abc471f03529e67867
079A13ABF0460F4A0EEB5259DC28079C,4555,src/cache/CacheCumulativeConsume.lua.gz,e783a5cbb1dcae691dd82fb10ee0ba12
16155B2ED6F4D7F0113B2C0362E12803,5075,src/cache/CacheCurrencyExchange.lua.gz,4aad8ad727598330ce64035be34451a4
8A9DAD75D86BC6354701A916B6BA3866,50258,src/cache/CacheDailyActivity.lua.gz,6ebf6794797906e9953edde4310eff86
0983F3A7D0B655ADA4D79000C9B25C56,4279,src/cache/CacheDailyGift.lua.gz,4fa65098f785d809d7ba2b07a2c3daec
4F907ECB1B0244E7A3BC7FF691946BD9,17948,src/cache/CacheDailyLiveness.lua.gz,c193e56e2fa166036ae1b7d42d4561b3
D8A33516766C6B71C4BEC54B67945E86,10955,src/cache/CacheDebris.lua.gz,9b7db9bbbb0da9f2197c3e01851e2f0b
F14672D4965D7D525AD41D395084C50D,18256,src/cache/CacheDialog.lua.gz,4637b2a531bf72f447f462347070a6da
818D7CAACA95EC956D58D9E0B72CD759,15155,src/cache/CacheDimensionChallenge.lua.gz,609725a5bd6eb60f89193ed8b0f08328
4DB9F6DA5534F5E382BBDB4FCDEF001B,13283,src/cache/CacheDimensionDoor.lua.gz,1fd2657ab6ddf144eefcb347575612c2
41468CE3490642A25337D90CAEAEBE83,8407,src/cache/CacheDimensionGifts.lua.gz,c7c98737f3f8a82f1fd37dca52cddbf0
6ECB1ED4F83F162CE1ABC7E30D4A8DDA,51526,src/cache/CacheDungeon.lua.gz,d66f62ba595d44c67f204ce1ea769cb4
F416992FBE14748A3543179C2345DA9D,4087,src/cache/CacheEnemyAttack.lua.gz,d073febe3d8329ee3d619445306077cc
2C8295EEBA9CC98929B5193739C3B41F,37477,src/cache/CacheEquip.lua.gz,f2d8677203c3fcedc9280bb564af1ab3
BCEFE222DA0C9650E7DE23A5A29CF45E,7043,src/cache/CacheEveryDayOnline.lua.gz,27a99e07e0e6232d5ede54f76e79194d
D1B3E8EAAB06580671C0E5E38B999969,6271,src/cache/CacheFactory.lua.gz,dfb8ef32bc79ab48dbfc85967f4d23ba
DA2994A17CB0199D975A11CBBC07B5AF,51430,src/cache/CacheFashion.lua.gz,ab2d337f9984d01b52d70a01f96e3cbf
DC94F932756F9EA79B65AF2544CD66C4,17936,src/cache/CacheFashionLottery.lua.gz,9c13740eaaf87cd4d90bb189b79835d6
9E5A7DEC03B409AC99AA31A65416B231,379,src/cache/CacheFashionSuitActivity.lua.gz,3683ca3920f257558191825750ad6d1b
A29A5EA906AED5CFEA9ABEF09CD9425F,8807,src/cache/CacheFastChallenge.lua.gz,9faba88fe82164b2cb8e2727e02d1c8e
D20FFC216B6FB94BA3D3C9E102E42D6C,6703,src/cache/CacheFightBag.lua.gz,e597f82fb20d626e14e72a4ce949277c
549D498ECD1C655672BF3B435C4C9AD0,19108,src/cache/CacheFightVideo.lua.gz,fcf26384638e57389e4545e94db824d1
31DBE5130981CEBAB2DFBA321BCB1B74,41389,src/cache/CacheFightVideo2.lua.gz,82dff9451fb25b5f3c686b9fb5cdeb97
2AF21410A8B082A19C6AA40510F3994F,4199,src/cache/CacheFirstCharge.lua.gz,ead07f27b65ce78efeffd1680d5ec8fb
468627400874AAE012C9EE80AC1A9005,3983,src/cache/CacheFlower.lua.gz,67c0f8d2c9a4fcacf98477f8eb22a671
BCDA14B445817E4EF1B9A3943E136FC7,7659,src/cache/CacheFreeGift.lua.gz,ba0df341402b49a4e82c7154145a574b
3A58348CF4FF98D96B09F8CE513FB498,5683,src/cache/CacheFreeStrenth.lua.gz,fbdf4df3dd1a0055f6930ce3d2c1c8ae
786316C19BC562147CFC82E7C8A2AA75,20024,src/cache/CacheFriend.lua.gz,023b4995d6f3c85627732dc406f66601
C4C64F7F13BFFE9CF966589BC82777B1,2287,src/cache/CacheFund.lua.gz,fa877384b5241483685cdabee9419029
B4DA56C059A948A189D174DAF81CD4C7,10183,src/cache/CacheGem.lua.gz,12075d1dbde069599a5e02f6f71409bd
E269301B5A53EF18B4C28993D619D6C4,20240,src/cache/CacheGetStronger.lua.gz,70432a66a2da3586b0db5eb45b6d7101
4CCD19704B17577B571B4FBCEF513611,11407,src/cache/CacheGodChoose.lua.gz,e8841a76e09552112db90a3137e21773
572A0EDD3089BD5364366AC862F3CBA6,7271,src/cache/CacheGrowUpGift.lua.gz,16f757b5eaa514f07b8e72f3bb15d509
D01C11BD1F9E4820F802A8BC7D349CA6,12779,src/cache/CacheJokeBox.lua.gz,279e481f7d4247dfa11a0c63df83b7ae
5B5D442D35B8C69C6D4135C2DD2448E7,7903,src/cache/CacheLackMoney.lua.gz,e570f615dd36738f4ec0d648cf9d6dda
C0C1BCFA80015ECE58830E926736E4F6,2983,src/cache/CacheLifelongCard.lua.gz,18c0b0f43f744c794e7effdc1fa8bef0
59E2A18BF3AC9D2B3D186878AE74EFF9,15707,src/cache/CacheLimitFight.lua.gz,df22a508443c16968de74759bbbc525f
391087EFBC2617039965AE73BAFE4F69,32272,src/cache/CacheLimitless.lua.gz,6f994c3fc6daeb6ece664c72da739849
E1D736970D15F4A44D013D9D7245EEF7,4747,src/cache/CacheLimitSign.lua.gz,bafd177cbc9c2c7daa5ac7a63eeeed0b
70B817761638B1C2F12AB35FD675FBC1,8379,src/cache/CacheLimitTimeExchangeShop.lua.gz,04b62e10bf1d0cfa93110654b0c8affd
1A8C32B34A93983FCC934DFF92C180DD,7007,src/cache/CacheLimitTimeShop.lua.gz,5f1b7c5ad5ed0ce2a6088d2e7d996d46
A7466C602E3FE707CAC87195BECEEF9D,4811,src/cache/CacheLuckEggActivity.lua.gz,0e1ad3ba5915f862942bc541bbd67515
785599666ADF8F56A834A37562103281,10543,src/cache/CacheMail.lua.gz,f3cbd97ce41af4a8f022e00d33ddc750
7C6AA48B80B7D7640C6B161C0408FFD2,14051,src/cache/CacheMake.lua.gz,cddf6a3ea8baa71546493755b720d248
7F3D8C7EA55E79AD6A397C1E1D9757FD,12099,src/cache/CacheMakeSuit.lua.gz,a369bb1543c60813e3d99adc003cfddd
F696AC67E45A0438C59C0AA1B4C0E1E1,4563,src/cache/CacheMonthCard.lua.gz,fc56e40e2a7a03b6aed5669bfc8cde58
D76FE58F747244E559B94330E0984BC8,3431,src/cache/CacheMonthSign.lua.gz,62aa909c35531ee928abf47c0f268832
7E49CEE6895985B6B1F82B53885674C9,19544,src/cache/CacheNestFight.lua.gz,10d0be783c7739ec66077c6f1768d116
2EA62438A2E034622FECBF0E68BA11B7,12563,src/cache/CacheNestSystem.lua.gz,c66b518fe51a6abc209a6eb9c6060e82
E78C684281D67ABC147B469C14276ABA,39113,src/cache/CacheNetworkedFight.lua.gz,99ada81617b187a22a846582b1072d6a
9C0F709873715E4FBEC8DBDA58A7BD5D,9479,src/cache/CacheNewMessageReminder.lua.gz,b165edb03ec30eb386434c50c8c9fcce
527B162CA0EA9899F8F7E6F05BBAFE6E,3283,src/cache/CacheNewSystemMenu.lua.gz,f55f02d065297176c4d77f01453fbd61
4F56CB39C90B1049FE9E6793AF09D5A7,6731,src/cache/CacheNextDayLogin.lua.gz,6bf509f282535103f4f006fdaa43b3ce
AD743E67741014C47976DE4809B03C93,3599,src/cache/CacheNianDungeon.lua.gz,2bf611f128f5c4371c149cc72ce85fee
20CD82CE1A622C4B512D8AEBFDDB48AC,19940,src/cache/CacheOddsExploreCopy.lua.gz,33ce3ef6abf48af6e959d21591ad72f4
85017517973CBEA8D1AEE854785571EA,4847,src/cache/CacheOddsWorld.lua.gz,5384c6c233915e61ee67146563d306f4
9831F875D47AD9BEBA7F7C8228F4E8DA,4479,src/cache/CacheOpeningSoon.lua.gz,cfa973586ae25284c036f44a92b5527f
31F2247BBEB433D768A6D30F9E66BB46,6031,src/cache/CacheOpenRankReward.lua.gz,a8d3b8ec9ee59ff7c1899887d1246d84
7FFC464A9D142165409E80661FE37716,8327,src/cache/CacheOpenServerOnlineWelfare.lua.gz,8c6d3405acdddf9e510fafc80c80dda8
3C7A56AB69748C6EC231578800B1C227,17968,src/cache/CacheOpenServerRank.lua.gz,af5aeb6eb6a05f5830f04ed0a05e66ad
39E8C19DC0AD31708ACBB3162791F84C,7971,src/cache/CacheOperatingActivity.lua.gz,d6321e51a97b8f2bdaf1fb374648f1c9
440A203EAB3EB01DECCB1C2FE837F14A,31196,src/cache/CacheOtherRole.lua.gz,030e1de39eb46a995838fd325ad4194c
120B13F0A8FE0822FC58B3ABE216AAC2,7735,src/cache/CacheOtherSmallFunctions.lua.gz,29353d2c8df1e01a933dd68ceedacf3d
84F2F125B73B9CD4566B174F8AF25042,20340,src/cache/CachePartner.lua.gz,adfe8645db10cf297413e5b515df392e
2A3F1D4E622F694B4BFB03E189F1E45A,6427,src/cache/CachePassCard.lua.gz,fe4fea6faf362ca382168c313956d6ba
3FC32CB894F304C1E180667DEEE71AC8,8155,src/cache/CachePassCardCommon.lua.gz,99c2859ad835a915348afaf6438d182f
B7B7D89EDB01908DA6D159295921F40D,88984,src/cache/CachePet.lua.gz,09d4d9409052df5459df9decc2c09c84
980EBD198410B86058959BF4A41AB794,20420,src/cache/CachePetLottery.lua.gz,33bb208931e8f3dcfaeba39d5cffc183
5266CA6045F7D275F773102D5647C32B,17380,src/cache/CachePlotFight.lua.gz,bb651b86b051012f1fd053a868165a70
48D4439A684B0FBAB36F5E2D7061D2C3,10623,src/cache/CachePotential.lua.gz,273a476ea7927a7145ffefbd1ef9a7da
5C3797687044A8693D50B5C8DCC37746,3499,src/cache/CachePowerFindActivity.lua.gz,c62528242425273e6ae4590541565417
D4426C46AB9B9FB2FFF725F887648E18,29060,src/cache/CachePowerStone.lua.gz,ee2dde332f108c56b2dadfa45992e82a
81E28FDBA8FBED4BAB8830DF0772D682,4235,src/cache/CacheProvingGround.lua.gz,aa4edb917ef30ed7ac31cc7002d92865
7BF653EBFF9E854B729E186D28F06FE1,2579,src/cache/CachePushNotice.lua.gz,3bb8f92452f3b5d53cef8bf458aa8823
2964469F0A2AB942495FAAB33AF7880E,13847,src/cache/CachePVPRoom.lua.gz,2420ad8ee4441477f09a511c765f4819
EEEDBC2E9EB22FC9FFF1EF74E9166655,16612,src/cache/CachePVPSingle.lua.gz,eea09808815577d0e94111f0ffd559fd
89F01E3407837F3951DAE2952B7D08FE,15659,src/cache/CachePVPSummit.lua.gz,2f66f280e616436619ab45ef55c59117
E896AA13EFD3F7EA29A7C5630BB78901,29844,src/cache/CachePVPSystem.lua.gz,e24ec38d3eba69f36af3a48c093c45d3
0EF3628FA23BE4B617F4FCB9B6901742,9511,src/cache/CachePVPVideo.lua.gz,9cbd4991e3e6b70ee03153300c7d728c
24543F999A7AB33FB5AEE1B813119ED3,14143,src/cache/CacheQuick.lua.gz,fbd8dc2af9a725d53844fb3fc8e284ec
F150D770E81EEDE826BD94D0339CAD00,3139,src/cache/CacheRank.lua.gz,a7ddb9bd50af611867d80ca539ba6892
983E55C221B897D7E4767DDEBEB5577E,8791,src/cache/CacheRankList.lua.gz,fb93eecfbbe8869422ba8100fb5f4e33
081BCBFDACC9FFE208A4C6FA48103498,6627,src/cache/CacheRarityRankingList.lua.gz,3ca2ef1aebe4bf6635ac28e14384457d
43DD0DE3FD89CC62FF328DCC09EDD998,7159,src/cache/CacheRecharge.lua.gz,4d8fef997d34e0b8adeb22a3e1513d78
910E028F03CF7A212814A2DD4B7EC205,13335,src/cache/CacheRed.lua.gz,c8c9f551cefc7a5966647161d46ba3aa
E05D6B091AF69CA2C4EB2609A8F12714,5079,src/cache/CacheResFind.lua.gz,5a148f6c388c617664bd5e6c8a9dc6c4
A1C4984AECA5AAAFA0A04312A729BFA6,8507,src/cache/CacheResolve.lua.gz,aa61c1a0da89424307a6a9919f29c1e4
5D34BE0EA0EEF2112120D8354784530F,8631,src/cache/CacheResourceStage.lua.gz,1919cf2e740f38417950af0146d06fd1
CAB08669F97FEB47C760352F46383BD8,49061,src/cache/CacheRole.lua.gz,c7530ac5c27d67a200f7a87609e58c57
B64C9139889B23D804B6B746A782985C,19844,src/cache/CacheSchoolBuild.lua.gz,14ea1ccbc84edca4a645b21ec3cf6f2b
B6EF5F184C3724F2BE350C0954C69A1C,3199,src/cache/CacheSchoolFight.lua.gz,c5ec58921199ebc307ef2ce85fe235bf
08D23BE6114EEEA44D000A414D1B8653,1147,src/cache/CacheSetting.lua.gz,2551c9d9399b216dbef3a18a15bf90a2
88E22C2B152FFD204E9B5BA5F1B95472,23456,src/cache/CacheSevenDayActivity.lua.gz,d91d911db64bcc88771f5c687c470506
E9A08E37984CE05B4D6EAEF2EB595EDC,31352,src/cache/CacheShop.lua.gz,c04a3350456e2c938dad5fd5012e546b
04758ABDE110292941739C00E0ACB109,6687,src/cache/CacheSign.lua.gz,5e035e2efb1a8d116f959a948eb62839
C3F5C810E532D57038851E7E179F2818,2655,src/cache/CacheSingleCharge.lua.gz,3ce2d42a95231e3ccf18c7231227ee96
E590F0E3AB3520A9045C028FFF3FCA82,115470,src/cache/CacheSkill.lua.gz,a140bf92890dfdae13ebf323087102de
73F6857BCB58CA44771FAA80D7D2AC67,3095,src/cache/CacheSpecialGift.lua.gz,8f5584c7cc92060f4342a8eaca0038c0
172EF339E14E89170EED7C75F5BC57DC,62450,src/cache/CacheStageActivityCopy.lua.gz,9ca239d3a92e90857341fc4e435a3384
9AD956688CB32FD59D743733BEAB39C1,63574,src/cache/CacheStageMainNew.lua.gz,91afbf4cf3d5fb07789e1c12449b55bc
E96C338C0D106B9D41FE1F924B54E045,1495,src/cache/CacheStory.lua.gz,27495cc3e511a56925f49bf233f228e4
5B1FB6407427AF5F87BB754EAAE53C06,3631,src/cache/CacheStorySpecial.lua.gz,01b98ede4d87634a590b37f336e50487
E4FDDF8C782678BC19DFD189FA6E651D,34133,src/cache/CacheSuperSkill.lua.gz,17c91037a248bff81b407a2bd8156f23
071726D1024C4C93B8D0C31D2BD30351,7691,src/cache/CacheSystemGift.lua.gz,8c82c67af9aed0d2d89186f66cd7e754
DE460DD009F66B2734AEAA7074B7E983,12471,src/cache/CacheSystemMenuMain.lua.gz,e4847d1616a9624fc6898410d2142e1d
7777B9EEB448C26E350094AEECB89C38,1851,src/cache/CacheSystemOpen.lua.gz,b9405ee3209f79b27b11e75b333290d9
387F7A8C38778CCC9F6F9BEE484BA165,6659,src/cache/CacheSystemTimes.lua.gz,f97848f0b7906c18a26eea47bb2fa485
1F6F262194434539B4627DF876CBADDD,27440,src/cache/CacheTask.lua.gz,4bf8cd4c0164ca5a0b0115199807fb7c
C87D155AF3FF7A73C32BE34FAE9A7651,1207,src/cache/CacheTD.lua.gz,685d48a82d778d54ea4973b6a02673cd
EED35712AA3136F48C5E6D76D5387212,34281,src/cache/CacheTeam.lua.gz,25ba92e7eebeec45a3181c5f9726dcb6
098AE2E72C9F7DF19C2AA17D2CAACD02,1435,src/cache/CacheTestRebate.lua.gz,b6e46f344e21da34c4847da69d8ec452
37CBC99EA0D9771F9B990EBF1A759FE4,13811,src/cache/CacheTitle.lua.gz,60e7373776ea9e4e78c76f6096bea2a7
C87B314DDD275890EA855BCA422F6108,3335,src/cache/CacheToolsBagIsFull.lua.gz,fea6b9e3a16296002e19ed17df36a2c6
17BF1499353747C7FA8587971C881158,12779,src/cache/CacheToolsPathFinding.lua.gz,0e6523956c29f221e33673ae0521a325
CF0CBC08C88EEEE54929EAFE7B514785,2575,src/cache/CacheTotalCharge.lua.gz,9c471ffd51d82cee3a47cc89f4859129
2FE285BDC07E686644DF41DE5A560282,3119,src/cache/CacheTotalChargeCommon.lua.gz,bd5e212a15ce8195a2de970c8a3a971b
6A0F90893CB026BB2DD3070A7EEABDD2,38053,src/cache/CacheTower.lua.gz,05dc3547eece2747a892e581d769dd8d
02D235B7428D1032C323C99A3F2BB990,2371,src/cache/CacheTransferData.lua.gz,e8c03fed6b96da4145b7f40f163580eb
E0FC385DCF4E62CFABD43CD0CA4B9FA2,11443,src/cache/CacheTrialChallenge.lua.gz,1fff0aae04e4a8a4916e53db6dfa8756
6176D949A8907EB2BE21ACD4FA269AFB,15379,src/cache/CacheTurnCards.lua.gz,23f922ac4d4451dc5b46a90bd1d00c9a
5F4348B2E3307E19EE5903E122CC12D4,80827,src/cache/CacheUnion.lua.gz,2ad0966e60dbb3a97979ab25b7062663
E709FBBD258E44C536A930310E4B2020,22916,src/cache/CacheUnionActivity.lua.gz,23e822e2e7841e1d0a2beeb6a85b6ce2
CABD85F36E914595213B90FF9BE67070,6979,src/cache/CacheUnionActivityFight.lua.gz,7f13d79a2202cb17b5126a723aa639a1
F48CC159BA087F1DA05C0ECD7E18BCAB,6651,src/cache/CacheUnionBoss.lua.gz,6fbe3845504fa36acc010d05014fcc53
275C4A4F1FD0C5A5C003898ADE15377F,12615,src/cache/CacheUnionCityWar.lua.gz,67819d86d4a165556b52754e6473f67a
494EE34B3A3773C4F6815D64C2EB368F,24676,src/cache/CacheUnionCompettion.lua.gz,a585f8ddcfb67c9e58ea77650a05d32a
CB06B8A707A38BBEDBECCCFF4330756B,10471,src/cache/CacheUnionCrystal.lua.gz,8f2afdfae4ceb35b7443c5f0ead1afa7
CEEBB80FDB6654AFC8CBB29ADE009DEC,5319,src/cache/CacheUnionGuard.lua.gz,235c66ceee2a734b4bf38e84e042f143
F83FEC9E440CFCEED217D028C63EA77E,3527,src/cache/CacheUnlock.lua.gz,d83b79cb8e19c018138a881120cf653f
3255835303D32A133017BFDF4DE91F23,9951,src/cache/CacheUpgradeWelfare.lua.gz,e5323257f772a20bb9f4dde1457b9646
5D3C8145CDD4A7F4DF62C139B8330D81,1791,src/cache/CacheVolatileBlackBoard.lua.gz,73d80e667ac7199d079083fdbe7d867b
BE42757C11B393B982BDCC7854D37D3A,1139,src/cache/CacheWait.lua.gz,a1bd0fb6803fe96292fbd498b3d2363d
763C51E395FB30D4B2838420AF48CEE1,22792,src/cache/CacheWorldBoss.lua.gz,4bf9a91dc277978a59b66f8577118c29
2230B5070B456DA0EBD3911C68B28A4B,15471,src/cache/CacheWorldInfo.lua.gz,690322959171247bbc4877a1222adafb
1EA66771C35AF5CD96F7C45B1E2F3E9E,5783,src/cache/_init.lua.gz,45969afbf70f68b6fcf97699ed6ea4a4
799A38FF0AA89D88CA0834F01F6A585F,3499,src/cocos/init.lua.gz,a2adfdc2749bb0f3380bec475c8d7e17
050EFB1DD7D991D5DEE2F8B9FB860022,231,src/cocos/3d/3dConstants.lua.gz,5f0df969819ba7b56bec3333e7f3d893
CBB08BF75C9C58AC5AB291D7B10984D8,2287,src/cocos/cocos2d/bitExtend.lua.gz,372ad4b179360d7be120f0848b2d2df8
D3F09A3B280012E15B48D46A27B40401,13415,src/cocos/cocos2d/Cocos2d.lua.gz,a3b0b94cfbdf862609b6d273a80fb4f1
9453A482EE680354A5B6F17E3FCCF04D,16548,src/cocos/cocos2d/Cocos2dConstants.lua.gz,4552fd35d963bf9af25f997c08cb00cf
F15B64B221A2FA921084733BA09FEE2C,523,src/cocos/cocos2d/deprecated.lua.gz,3a2bf86e3e257ef5475142532445e5c7
B7A948A9084DC995D14C48DE9CFA0162,60786,src/cocos/cocos2d/DeprecatedCocos2dClass.lua.gz,de132127bacf6e4b2de0b20cf2e0814e
4D2D875FAFEF0AF73C05C9CC2B9652A7,16908,src/cocos/cocos2d/DeprecatedCocos2dEnum.lua.gz,a66e35666127365855ebe1d6d67b0a77
353348078D17147E1E81D42CD18EC65C,39513,src/cocos/cocos2d/DeprecatedCocos2dFunc.lua.gz,1287417dd4642ca06b99005e318123a4
8AB2798B2BDCA2655DD1B00BE575C10F,11967,src/cocos/cocos2d/DeprecatedOpenglEnum.lua.gz,aa5cbbb31e34e3b7dbf5491b32178dfe
C2334B116517F51F30E9282016622B58,12055,src/cocos/cocos2d/DrawPrimitives.lua.gz,88008dd57e5e6e65d7d81796fa7f72bd
FB8248A51FE371BE717DFD3188A80CA4,20744,src/cocos/cocos2d/functions.lua.gz,346fc94c221e524412c02753c1be8a53
FA68FEC4370D99D370EE69CC254542E7,15387,src/cocos/cocos2d/json.lua.gz,d55df2c8b56161b1b15ba9e6945ebbc2
B4161D9040E9FE2CF8F46346A0538CC9,1099,src/cocos/cocos2d/luaj.lua.gz,0ebd669f785a20f5bfb294bdd0c4bb87
837CE864CC665BD74B296837B0EED764,1035,src/cocos/cocos2d/luaoc.lua.gz,64e08816dd1a429e16d501620b8800a0
AAAB5E738EC3E007138FB0A583714921,6887,src/cocos/cocos2d/Opengl.lua.gz,d2614fa4d3d4b84cab3bd9dd61dce776
E9574A098ED22F4A4AA67F6F49E35C5C,27164,src/cocos/cocos2d/OpenglConstants.lua.gz,918e6db77e38cc0bf9411a70b2e059e0
757F771039C541F2A7E1F2AC5E7B44EB,5615,src/cocos/cocosbuilder/CCBReaderLoad.lua.gz,77062984395d29a0e8f732b5841cfdbe
179FFA49C237ADD304E19714C0C795DC,1207,src/cocos/cocosbuilder/DeprecatedCocosBuilderClass.lua.gz,04bf768e41992e1bd03ce5f2cc8f7bab
178E345B54CBFE6FC9B06F52F25B76A4,2699,src/cocos/cocosdenshion/AudioEngine.lua.gz,98024d5b2ccd2a4ed9f13bbef2fa63e1
C5D9A73E82EFB82D273D51B0248CDC2B,695,src/cocos/cocosdenshion/DeprecatedCocosDenshionClass.lua.gz,6d4145a4d2c1cb2a47d0e706adaad062
EA32DDF0038AD811DCA951DDF447CED9,943,src/cocos/cocosdenshion/DeprecatedCocosDenshionFunc.lua.gz,8c5f1cd4f412a3b2ceece981f3818be0
3A0B564CE76DAFA449DADDD1F6CB21CA,9467,src/cocos/cocostudio/CocoStudio.lua.gz,f67c978cfe9ab7982fff4162f0164b20
233DB9B599807EA77069BCF6B9045A63,10779,src/cocos/cocostudio/DeprecatedCocoStudioClass.lua.gz,273bfa2b281db67cb686dd579303d3b8
D7628796D17FC6CCE5407F263A0A639E,3487,src/cocos/cocostudio/DeprecatedCocoStudioFunc.lua.gz,b235c8340cb78490f6a35bae70f89b6e
3973B21737F11EF5B29F5CD331E52673,239,src/cocos/cocostudio/StudioConstants.lua.gz,686c6eb6fa44de2586b18c367646cfa9
B50C16918DAC370050828B5EABEB81CB,759,src/cocos/controller/ControllerConstants.lua.gz,469d3d9be6de47f7951dbad4115f3fbb
06779CEF9C53F131E77CDD24435145DF,4871,src/cocos/extension/DeprecatedExtensionClass.lua.gz,2b66373aaefde13336b736c180b9f761
087E3AB95B8F0A07A3980004308D988B,1443,src/cocos/extension/DeprecatedExtensionEnum.lua.gz,2387dcbae0df987ac804b4f2dd889cda
670CDC145069D6E1A7A13338FFDCE18B,1383,src/cocos/extension/DeprecatedExtensionFunc.lua.gz,73457bdec787fbe44549b79ab21bb43d
A6F0FB08178C6C5260377F7C45CF6245,2031,src/cocos/extension/ExtensionConstants.lua.gz,4672f751758b0235edbf586d1361db76
848BC279CF77B1DE19052903F6DA7FCD,5679,src/cocos/framework/audio.lua.gz,60d2ae44ab76f4eb52013b1fd55425e5
A66E98ABCD7E9BEBFE30B900B6CF5F55,3975,src/cocos/framework/device.lua.gz,ea35a62dcad9d4d80d18cdcb2621b213
044D7460EA79288EBCF746A4DADAA9AF,24624,src/cocos/framework/display.lua.gz,3619c045a550101dadb6955498652e36
935E3F5D0ADE1CF0712F08B82B338130,2955,src/cocos/framework/init.lua.gz,a25683ee91f12a5d08cc3761292d89c7
EC4415FF9D882997B7EFEC76EC71AC92,4039,src/cocos/framework/package_support.lua.gz,7e261489ae58b17c8b42457f8b3b316d
503745EDBA02A2C78A3176C5E3C53F9F,7543,src/cocos/framework/transition.lua.gz,9bccaf02d8e4be690730484cf301dbd7
8DD23D2159E3A43165BB3D56850B3EC8,4783,src/cocos/framework/components/event.lua.gz,dff7a10f9f23a4ec7f6e54637e020bf8
6D12115803DF72589D9047E3C8FD9E51,3391,src/cocos/framework/extends/LayerEx.lua.gz,7e03290e5729ce7dd7c448848520a8d7
5D3DDC5B09EFF3F9AC1ECB5497E55F65,1259,src/cocos/framework/extends/MenuEx.lua.gz,9e34846c71131aea5375180eb9c54065
32C209A5290377F299533D2BA4DF85ED,5447,src/cocos/framework/extends/NodeEx.lua.gz,7179a64dd81fd8cded3881fb7d7c181f
9C686CCB424BBB49EAF5D36F983A585F,3223,src/cocos/framework/extends/SpriteEx.lua.gz,d28563fb95a2be3e16b09f2042be1ecd
2605B7AE6F04F958509C09E616384CEB,2259,src/cocos/framework/extends/UIButton.lua.gz,7366917dd35bf4965c4b7999bf83d2a3
FEF4F58EC4B9AA7CFAF11BBB11D87603,1467,src/cocos/framework/extends/UICheckBox.lua.gz,b94fed1c97aa664ca3b522e6a89f26c7
327E3662BD71EFB6CAB1C36787C843F8,1475,src/cocos/framework/extends/UIEditBox.lua.gz,a596ba38d6c50de6e3aa329eb3cfeffc
A11FBB6A315A68C5C03A0C73AD9C0699,1499,src/cocos/framework/extends/UIImageView.lua.gz,f81f8d3208898ffbe84e9ac92e9edc7d
F6B4C37E5F7DFB48351273B582936ABA,9695,src/cocos/framework/extends/UIListView.lua.gz,0374ebf49d320c7285e229b34931fe44
3470D8D8B7D44ECFE908FD9A5F2CCA3C,331,src/cocos/framework/extends/UILoadingBar.lua.gz,f37ee38fb1dc008fd3034ad9304786ea
8811F60ACA5DFFF8A5894CE0EE948274,2783,src/cocos/framework/extends/UIPageView.lua.gz,0c6df3e77f74cd9883f10caedaf57ca2
F9F32EE6A9D82484146B1E303065C7E9,32080,src/cocos/framework/extends/UIScrollView.lua.gz,6a02e0e18144647e800041418434a53d
FA3CC1D08CF90ADBC7A26871C274CAD4,1423,src/cocos/framework/extends/UISlider.lua.gz,bcbd15e288671b1c88b74bb3d53e8233
095C18FCA455D37FE8F7B7031E831398,1659,src/cocos/framework/extends/UITextField.lua.gz,ea4986bf57eae3f985d7ffc9aca96462
9231815C1773BA0CFDA69460357695B3,1935,src/cocos/framework/extends/UIWidget.lua.gz,d06e7c794f1ef2d26a0b07ee662e2d3a
7ABC54AAC04DBF97DC496BA220410A71,595,src/cocos/network/DeprecatedNetworkClass.lua.gz,a6890b552b3d74d4445c10de9437529f
0B85BE7824B25DA9EFE23A98F78D8293,555,src/cocos/network/DeprecatedNetworkEnum.lua.gz,00efebbc2aedab5ef57993b608bce62d
AC29F16B27A3AA6308475DD0E4280049,1155,src/cocos/network/DeprecatedNetworkFunc.lua.gz,b4198441414e8444a90be8cb5ad6b086
654A4CB441E91133FA4BFF8946E2E9A7,543,src/cocos/network/NetworkConstants.lua.gz,ee2c9151901a3ef6857d1f998c7d7d32
4BFAF0835B4828D9A1B46FD725EDAD6E,295,src/cocos/physics3d/physics3d-constants.lua.gz,5aeec1114ecc0327308942ead566d3ce
74DE1512EC54CD57397324A43EF4F9E6,191,src/cocos/spine/SpineConstants.lua.gz,f2356210167d26175188c0e62ab86711
FB97889B850D465E02722811F8DC27EC,5159,src/cocos/ui/DeprecatedUIEnum.lua.gz,6cd79ba58e0f9f85b3529db02c9e7a8d
2003C6FA9006D383BB5E1991726BC9AF,9863,src/cocos/ui/DeprecatedUIFunc.lua.gz,dba11f42f72e90ab8fd89ce64edf0717
B7A2DCA6AF8008454B67AF7622701263,163,src/cocos/ui/experimentalUIConstants.lua.gz,baf22404afc9684cac267a779adce425
7BE97FC83C7BC3FD2071FC3D2D02C4E0,3435,src/cocos/ui/GuiConstants.lua.gz,69f871a877513d5ed5da1a0b4a41305d
94CFFFC0619F02DF7C591BF54CE5B23F,7903,src/datacollection/DataCollectManager.lua.gz,ade79823c40e01ebc91584eb370be2a8
9658114AF058C358AE025CDD17B87658,16716,src/datacollection/NetworkFightCollectManager.lua.gz,69aeeba901b1576a357f43a504c8a112
F8F319F1CA2C00C0AE1C2E7B9FA0590D,135,src/datacollection/_init.lua.gz,871d789fec4849a17ff6d0859d138eec
F8B3A590776144868EF0131F732CDF6A,1399,src/db/DBAction.lua.gz,8fe354781aca02551d9b6e32a4c78b4b
FD664F904FE9004A7F21C0F804781169,1239,src/db/DBAttributeChange.lua.gz,b9cc67530dffa0c00b942b181b97a09a
7BF4B355A5B6497B164C990B2E8A70E9,1679,src/db/DBAwakeLoad.lua.gz,18b5ae7a20376b64dc1a8e7f55a91a72
EB43A3C27E1785D3CCDFE56563DB119A,739,src/db/DBBattleStar.lua.gz,472ad48a5bd66f326f41386f9b847a4b
52D17AC0ED81AE7CDEFF2CE085948435,1299,src/db/DBBTGM.lua.gz,3f62234227d43b5842830b981488da6c
82DD523EE67BB43273569E11A8CB0C14,751,src/db/DBBuff.lua.gz,328d851c2c06d30833fdc7b5452770d8
94A7A311A190E1393675D51B632E7DF6,1383,src/db/DBCharge.lua.gz,ea3660f1a9d06615c85f9ec86439fd0c
968CEE494027BE4579E4C75E0082CC16,4191,src/db/DBColor.lua.gz,86682fb14e52b28c6902728e1128dea2
CAB380BA433D7BBBB67D191078A8F45C,6171,src/db/DBEntity.lua.gz,bfdbd57bac7ca4ed836b6dbe43ecf0ed
474BAD8EF5DA72CCACF235B03BC36FCC,22944,src/db/DBItem.lua.gz,ed3900db11250befea4bf0581782ba74
AEED51D463C49435E8F1758CD8D3100C,2979,src/db/DBLottery.lua.gz,4da05a1fdfdc4d1c46c59292831b2069
B68DD378FC0CD785E326144348A4472A,4735,src/db/DBMap.lua.gz,a20d51bffe4d3fc26b31c24e7bf8fb05
DDE48D9D4D63B79130AAEB205BC193BD,1691,src/db/DBOpenServer.lua.gz,64de9f92477f2954c9d58528124ba49c
F2A81E1E0379A352DEA10E6A116359B5,27420,src/db/DBOther.lua.gz,a891189b0abf9ab982462914ea3160c9
04FE6A8522813B672874DF4CF1DECC40,4639,src/db/DBPartner.lua.gz,38312fce6f0413e0c7ed42f4034440f8
B4C1B36D2464FBADA3786A34A4C8C603,9055,src/db/DBPet.lua.gz,60dd4839ee8024b0fa21b22dc4a276e0
55114C7B3EB0FCA3D59E63330FBCA08E,2403,src/db/DBPVP.lua.gz,2c9e9fabab59d88b44e80f5cee704646
3477AF0AA4116342A4D821FBFE5D4ADA,6223,src/db/DBResource.lua.gz,8e1c2fdead23aacb35a427f2424c2650
A27E10821E93CDE16F7A1A3F8E340B8E,2823,src/db/DBSkill.lua.gz,7e47ce77e2c064ba0a22cae223f10e01
08311B329A55C7AA64BC6935EF6654DD,1223,src/db/DBSound.lua.gz,949e237ae395baa395aa9ea602c31de6
DA7D1DA74E11F9512D0872745921053E,251,src/db/DBSoundTalk.lua.gz,cbbe84d7fad76eda75cea6d72651b933
0E16F878CA7AFED335B248F07B24782B,507,src/db/DBSpecialAbility.lua.gz,f4d0682df9d2c998d4863b04d3ba24af
4C92F85055166238F28E53602C93DE91,431,src/db/DBStory.lua.gz,5919b3cde86dfa6d7578e9765d22df6b
3364B28CF10C1564A46AC77B3987A0F1,1747,src/db/DBTask.lua.gz,f96f0470a042ac9092dbe0ac6157766d
F82E518BA3FC0CE4E53988FC5134BB8B,10203,src/db/DBText.lua.gz,55d215d0f537040afdea635b82ded31a
62EE40CEC7957ED18D1CA78D5DA0DCCB,807,src/db/DBTutor.lua.gz,94fc6c989a260f1bff51b7774f663652
9C98040ED40207975881BC60BDF13E1A,3007,src/db/DBUnion.lua.gz,6688daeb736c9bbbb97abc94f293c347
37E4042B1D0AEFF90088DCD88D92CE4D,1667,src/db/DBUnionCompetition.lua.gz,274a42534cb79ad46aed5a2473249524
8770849882DB3FCD3569210166EE7E77,363,src/db/DBWorldBoss.lua.gz,c75100cca7d6d05be9c83ef02256e1c6
DADEB9B26215A082F324A1D05CDD6B94,9323,src/db/DBWorldConfig.lua.gz,7c6ce01ad762229c9e3ddaff08f2ba16
2CB59680404D945B17C2A9DAFD39E178,751,src/db/_init.lua.gz,74157cac660a0cd0480fedcba80fe438
B6F297B72812CEF64930CDFD561D2C0B,1487,src/entity/DrawCardStore.lua.gz,3fd0a3b982fe2000f68732ac70dec5a7
C5DAFB6B92E946919C15FCE579DCE3DF,1371,src/entity/OtherStore.lua.gz,df7b910bf7422811873d7d3c5ff9ae81
88DA4F9A9B3F9AE57BD30AA350661627,13963,src/entity/Partner.lua.gz,6622f95fc88f410ccbee7fe40d3d0d3b
243F4B8484936EF638782609B7B8A0E8,1879,src/entity/RecommendStore.lua.gz,b7a548b2867fdfb4f9875f5630c46e8f
58410CFC531AECB58D10EBCAF7459DA9,1247,src/entity/SpecialGiftStore.lua.gz,8ef1d17c868c0b398a5d9b28364b3ae9
21E37AFFE445469DFBA798B362F2ADA9,17192,src/entity/StoreItem.lua.gz,18c085c80e253c5db2c1e251e554e95b
07DE806782D6070D288BB2B5755A331D,31224,src/entity/UiRole.lua.gz,b502561b845833e2f618c5e344afbe78
B6AE7EBCA4994C23EF4B67B967D2A837,239,src/entity/_init.lua.gz,2566e0469a4a9e5d30184e5c1bf6c7c1
2A485908AABFA41657DC3B9AC63E3FE6,19400,src/global/GlobalBusinessEnum.lua.gz,36aca79921dd5b4b2460bafa5a1d36bb
2294CAC627EDDBC98C418393091E2205,21284,src/global/GlobalExcelEnum.lua.gz,931aeec0b247d3ac5934de5a3ae8dc90
598512AEE091EB2EFB355FCA970E3AFB,271,src/global/_init.lua.gz,3439a49bfe9b480e529437522a0b501a
B5EA9237D39491B4302CA3CC90821A42,3615,src/hacker/AttackDBCollect.lua.gz,82c30574a811fdbad6bea50b9904dd82
12B090AC7D7BC0A9E4DFA228ED5764E5,2963,src/hacker/BuildInGod.lua.gz,fefb85202eb3661d738c33724df09968
6B9856DD463A95821FB1B1C8F06D9454,5835,src/hacker/CheatManager.lua.gz,d61a0ad4e6370acdf239d8d827092108
B58748AD4AA293038953A1E8C470D883,10231,src/hacker/HData.lua.gz,af7a54dbad11930f820af6e94ee9489b
113E519D5CD211D251444CC15159FD4D,5559,src/hacker/ServerVerificationManager.lua.gz,79bc8c0e5526d74e0e4df04abee71ea3
1444167D249FD2D0B8E3420DCCFC0EB6,195,src/hacker/_init.lua.gz,22d2561969a5042e2ecfa9fd408b6131
435791449AEBE5DE9A711F76ADF26B0E,211023,src/handler/client_msg_protocol.lua.gz,55101773d6ec1fd2848ad46cdea845cd
4AE0434B277A7A3974E23C466BE78425,2763,src/handler/req_msg_cf_fight.lua.gz,c17046f859ae9c4c4e0f425b731edc2a
A73DAFDC0A14A7498F4EDB48AB57BDCB,3259,src/handler/req_msg_cg_across_server_arena.lua.gz,69c276da571a57fd8b8569850dab1b27
A35685E6EC31F44996AC52CF3D5B9F73,6691,src/handler/req_msg_cg_activity.lua.gz,8416d6d300a5ef8e0e94aaefc3ac8169
C8A4B58808DD13F7BB303947B70CAAD6,1539,src/handler/req_msg_cg_arena.lua.gz,83e2f3662d2b5f3469bdf8e444e4a06a
660F148BF3F20BDFEE04223326B19C88,4643,src/handler/req_msg_cg_artifact.lua.gz,0bd715ac3b3beb04766491a222172fb5
9448D4C949844BF91B2733C03054DDA3,2031,src/handler/req_msg_cg_auction.lua.gz,99afb5488478552b57323e1135fe14e3
E47BB0977B0DF632F569C5EB275E8FA1,1095,src/handler/req_msg_cg_awake_road.lua.gz,a36647f72205701d504b663889e8bae7
2F1B1452AC43224B88C72D0387F6C624,2947,src/handler/req_msg_cg_base_tournament_activity.lua.gz,9b7c269c567d9756a20f5262df293101
FE4DB32C2020ECA21DD42B02A591CA79,1067,src/handler/req_msg_cg_bossrush.lua.gz,131073d4527c6dbe64bd4eb8046d0467
C6581721E569D15AC2F562A4C307D3CD,1775,src/handler/req_msg_cg_boundary_challenge.lua.gz,4ecd0f48f0f0a71b438f660654f66731
07D10F4856DA1657B359DAB97930EAAB,2303,src/handler/req_msg_cg_bourse.lua.gz,69754587d8234398627659c7ea8aa2bf
F091158646C6E3C453A9F6BC15B00D7C,995,src/handler/req_msg_cg_campuse_hegemony.lua.gz,48a91ffdd813b7a0e8d5e37b6a4414d1
9E3CEEE013384F96D31FBDAF1DCDDED3,1047,src/handler/req_msg_cg_chat.lua.gz,eaeed0fd910461f8f75d689b6091385d
EF52CA6B1B62D6BDF7765CC2EDC2C984,407,src/handler/req_msg_cg_cheat.lua.gz,1700ea57857372aa3a6e9f64d172b32a
FF36111035AE89673266D6904D376EC9,1035,src/handler/req_msg_cg_daily_activity.lua.gz,17b6c88e424b2a3e564d2996c22c8c3f
3D7589B5671E4825602B3F0C3BFB4865,1203,src/handler/req_msg_cg_dimension_gift.lua.gz,21dcdc9c92b25add0fdb8f8ed64f7376
6E2F57FFE54AC32F1DF1427634EB8BB9,2643,src/handler/req_msg_cg_dimension_trial_activity.lua.gz,a53f6dfb35ef4aed113cda2398203999
716C739B76B1719E4202EE298D60E762,1079,src/handler/req_msg_cg_enemy_attack.lua.gz,df6d9091d6a8772b93586fd12a0ff684
CF02D8A3D4D95D5A428A3B5669008DC1,2495,src/handler/req_msg_cg_fashion.lua.gz,8b8e5a9d7d2878d864d0a4ff1536efa6
47125DB5416DF16F54AE00318ACE5CAB,539,src/handler/req_msg_cg_fight.lua.gz,1c2eaaf2ba2fd35a127d4b5fff4b9d5e
9D520C49A060A63B7CE4DAC97C609397,475,src/handler/req_msg_cg_flower.lua.gz,2487e4e99d074715863ee9562f781c06
F79EC1ACBF1CB74B570AE9EC616C28AC,2383,src/handler/req_msg_cg_friend.lua.gz,11f13bc8764fe8d2118c72bef0ede763
820D2217FD41F6F5CDDAA881EC9A05C5,1719,src/handler/req_msg_cg_honor.lua.gz,8bb704c2354175af2f67c0b73b652113
9B3F962AC8640816B1365396403357A8,14771,src/handler/req_msg_cg_instance.lua.gz,f022008973768a8bd11048cbe774551e
E2D86289DD8BC3E5557A6C60509831FB,10459,src/handler/req_msg_cg_item.lua.gz,34528505e49669f3a818ee4355c3932d
9B2335CC00ADAFDCB451AD42926979BA,2515,src/handler/req_msg_cg_limitless_instance.lua.gz,322e2a3abd1e6bbb5d6c7363b4255387
336952CC8533AB0D34A88ADC11055408,1035,src/handler/req_msg_cg_mail.lua.gz,2b2f1ec8014edd2de19bcb51ad00fa3e
992005B76E00A2B8202BE011E5271C66,703,src/handler/req_msg_cg_nest.lua.gz,ee2783f8d1ee51350c865a4dae01df27
D1F2445A5F8C8907B270FAA20AEB3402,3019,src/handler/req_msg_cg_package.lua.gz,acda0d295943ff95561ce1cf65526523
7D5B9DD93422AD85DCD6FE9D5038F93F,4859,src/handler/req_msg_cg_pvp.lua.gz,acc1e8b9c388c6ef99980fd61ceb4e14
84174E647136F7CEBD2F731C4E162ED1,7107,src/handler/req_msg_cg_raffle.lua.gz,33254b751885fb62a53968a1b3fff39c
00AC63BDCE94BD5065C7C97F1869FFB2,343,src/handler/req_msg_cg_rank.lua.gz,bb2690b57e34c270b8eaef29b1e8ce73
1AC0ACF5848427EB1B1981BF8B1F172D,1063,src/handler/req_msg_cg_ranklist.lua.gz,83d73d51c4f017396b3d051a6412b68d
FB04EEBB866131E9E54BF15D928F2611,567,src/handler/req_msg_cg_rapidlychallenge_activity.lua.gz,45f0551b4d344eb84a3e08314383796c
301F736CDF70A92FE61E852D7515066B,7491,src/handler/req_msg_cg_recharge.lua.gz,dfc6ef0ff9b210f741dd8861176060a2
E1184FC0A8595487AC7E22098144FBBB,7995,src/handler/req_msg_cg_role.lua.gz,0fa53851d0fa355c059d01557f316126
3B975152902EA0CCEFE449943D9041C6,1283,src/handler/req_msg_cg_seven_day_trial_activity.lua.gz,139ba68b5c545ad93f18440e83f2be91
206E5CA820D0ABFE8978D142D5C92351,1999,src/handler/req_msg_cg_seven_task_activity.lua.gz,cb066a011b992e821d307635760d53b5
9DFD212AB9EE15D2E3317A88F04304D9,2103,src/handler/req_msg_cg_shop.lua.gz,a0e7b0d6f31029a03764e30e35901aa8
611AB56FCE9B4DCEE638EB3A16344FC4,907,src/handler/req_msg_cg_sign.lua.gz,6b3ac546ace83be87bb5df46b71de303
62F46AE3D09B4FB5B778EAE9924B4D88,2871,src/handler/req_msg_cg_skill.lua.gz,d22289fd23a26fb038ecc4de37e10cf2
46E39FC668FEF5B80936EF532440307B,6411,src/handler/req_msg_cg_spirit.lua.gz,1a0a131c94a60ad33f6dce1c43e5b333
70CD0A996ADBDEF09CEF3924B917AAFE,2031,src/handler/req_msg_cg_superskill.lua.gz,a11f1ff7ac6e3f27a15a2775a2db08d5
148C74A4FE83B70581B3475E44F1FAF8,891,src/handler/req_msg_cg_task.lua.gz,bf5e1ed94ff296358e64df9bab20e1b9
4B73ED80F85E60C4EBD84CFA01E1455C,4675,src/handler/req_msg_cg_team.lua.gz,d0ee56ff60ccc38dc4c0617f123f1c8d
06C14CEA270A03C5E283C2DBC44968D5,4475,src/handler/req_msg_cg_test.lua.gz,68e78575db07a8ec9d0dc348ada1f458
E7A49ABB503EEA4D0CA048C0351FC103,767,src/handler/req_msg_cg_title.lua.gz,f2bfbeefa54fc6a91e65c1ddb9c0f6ef
A4DE533A23FD650946BAF6B32F91BF17,843,src/handler/req_msg_cg_tower.lua.gz,27182624f79a4b8137d1feb47725a72d
B1A65308512ECA11D837FEFEEAC0EB23,955,src/handler/req_msg_cg_trial.lua.gz,fa030adb29b005cdf4854beaef723b7a
70F9D9803641F3540BFF7CCC25B490C6,5547,src/handler/req_msg_cg_union.lua.gz,cd2b246b2bfb18b8b80bd3ed664d33bc
375106B470CF76A50C042999B0918FB6,1931,src/handler/req_msg_cg_union_boss.lua.gz,45219196c36abd985afc6e1ffb122fb0
612522176E3A2DA5D97A20A19E9F6456,2131,src/handler/req_msg_cg_union_city_war.lua.gz,3e1181a6f055ea9cb8795284c38566a4
52AC67B8C7F80D20BEB79BA0A8B41274,1375,src/handler/req_msg_cg_union_crystal.lua.gz,b305366603f12c6586c6a14dd3e95f77
054C664A2F0EC14F7904EDEE66C72A6B,1211,src/handler/req_msg_cg_union_guard.lua.gz,51ca037eae68d5234c196f35cd01f4f0
031C978347CC36E21C506BEE2552AF12,3919,src/handler/req_msg_cg_util.lua.gz,0d0c1a96b965360b09e012c70969dbcc
00E9E9EC53899935C25D87CC9BC54133,1475,src/handler/req_msg_cg_world_boss.lua.gz,d2c3f53f09235a44ced830d1038ad976
925C2917E5DBBFDA6FA650B5C7C7FA4E,327,src/handler/req_msg_fp_fight.lua.gz,344ba930c04de83ce9a2b23f92a9a558
D821D4BD20680EABA1C5DCA973A95474,2551,src/handler/req_msg_role_login.lua.gz,fb5b0ff8ad53324721f3b663716a4a88
FA15318B939B349E86193ADD4D0C319B,14739,src/handler/req_msg_xx_apiserver.lua.gz,257c78c57d8c40ab29808844c5da39fb
EC50B7A1342541E464124AE80A9FBF54,2759,src/handler/req_msg_xx_entryserver.lua.gz,42306401cf69d18517dd4963a85e1a28
C5DA1DD1EF8B0BD21A9544ECCC394CC2,1595,src/handler/resp_msg_cf_fight.lua.gz,77ac83f85f76f45f949a9f5e2eadd5f2
43A7DDF400CD8E110EC446471C6443FB,1871,src/handler/resp_msg_cg_across_server_arena.lua.gz,b1679c53d89639ca89d7f02ae9beb60c
62409404351DF3D4B7D6465DF68BE443,4843,src/handler/resp_msg_cg_activity.lua.gz,c60cc62a48cbcf7272d41d32d8b6cbd1
628198E3A3890CA3E50F241A8ADB4B0A,1047,src/handler/resp_msg_cg_arena.lua.gz,346de262dd7e8d886005954d1b470972
FAB0FC26576854C4D8BAB6D8F77E54D6,3011,src/handler/resp_msg_cg_artifact.lua.gz,97cef2d899d8ec67adc9affcbac5a575
86BF2D3FFD952B7376D33200FAF5DBB3,1403,src/handler/resp_msg_cg_auction.lua.gz,bba70108f9167a90f4f641ce1aaa5cf4
F463A81414C72862C140389CB8168F90,795,src/handler/resp_msg_cg_awake_road.lua.gz,2d2732d3c5948544d34cb869237da2b7
D979F7224B2A4255AA018B604C76D878,2379,src/handler/resp_msg_cg_base_tournament_activity.lua.gz,082139194e86e847fe96f05a6e1a5590
624FD852DB2C60E6C869189EF010C5FF,839,src/handler/resp_msg_cg_bossrush.lua.gz,b66ced0c6d2954a73c082fd86d483e21
2461DC4DDECD05280E97C8AC1F052FF7,1371,src/handler/resp_msg_cg_boundary_challenge.lua.gz,34d51f9eb2ff5c0e9f12551bf4306926
28F0455C4459313D69374E32B579852A,1267,src/handler/resp_msg_cg_bourse.lua.gz,b95924f0a58e722ed46aacece018acca
F42EFD9622F17E70EE756146F0A64444,1015,src/handler/resp_msg_cg_campuse_hegemony.lua.gz,5c7c08c14e290a5139d4b80b7f5edcc9
E869EF8BA163507F5BE2C0AC0ADFCB00,671,src/handler/resp_msg_cg_chat.lua.gz,6c691de10c8f82130fc1886649e4b738
1C2CEFF86FE2FBFF1C7F5461E098739F,195,src/handler/resp_msg_cg_cheat.lua.gz,b79f7d9bef49f107fd4acf95f4532641
B0A0786648FE741D9D3A9B8ED6D42AA3,831,src/handler/resp_msg_cg_daily_activity.lua.gz,43361533e59739e0bfca96ff5d3f9125
F149C64BE2F6A200F84817E241EFBE79,939,src/handler/resp_msg_cg_dimension_gift.lua.gz,d5572da060a8d1c3358cc8bb3f730cdd
0D948C6E106F49EE9CD04E9D2704598E,1479,src/handler/resp_msg_cg_dimension_trial_activity.lua.gz,b515736be54fd7b7bb5540c31269c550
6AA4EEFC11357CC78869A6B0FAB52261,819,src/handler/resp_msg_cg_enemy_attack.lua.gz,8163af0288df84de0c622f40c6263cd1
B568645CEA6AC36978931A915A775D23,1719,src/handler/resp_msg_cg_fashion.lua.gz,110e60d972e6705aab871701e16ebda3
42F1647772B9C7795D0223A955BADE97,191,src/handler/resp_msg_cg_fight.lua.gz,0fb77f18cdedc9a6cd2b1a3097689720
883E7434B67D126937CE11DDCC2EA56D,311,src/handler/resp_msg_cg_flower.lua.gz,4e363c9c4179c9b58c79dc9f4a35a5b8
F66CDD6865BF21383AD35FA5F58E2BDC,1907,src/handler/resp_msg_cg_friend.lua.gz,ee6c54fab3c6ac9bc729ce4ff04b40b1
807426E0CF5D4127CD8256D98D8472CB,1175,src/handler/resp_msg_cg_honor.lua.gz,5eb897d38fee75f080b00f1da21cae6e
E2A894CB19650A5BEBB161DD8CE24B9A,10311,src/handler/resp_msg_cg_instance.lua.gz,4404f786dc8186686728afb63e96d072
828F3D9B50564CD6B2B6AF8243577D5F,6131,src/handler/resp_msg_cg_item.lua.gz,82ca05566b01616422df90063d05b247
CA92B525CCBB8B6C5162779BE42B4B29,1991,src/handler/resp_msg_cg_limitless_instance.lua.gz,d6d46739ce9919c8f6835d3a76fb9afa
F2A6EC93C2F4499DE0B5E82013EA1EF1,671,src/handler/resp_msg_cg_mail.lua.gz,79c763319c1e6fedde6e02fbdda35df7
BEB5056B8CBBD5C71A91E9AAD4F1F231,523,src/handler/resp_msg_cg_nest.lua.gz,88fc02fe29edae54c8a2bb92a51b32a7
D781EE5BFE6F31550D4039F3B5359133,3559,src/handler/resp_msg_cg_package.lua.gz,49711f736e53518f8bed3184cc6c61d8
0F67128E6148A0C33A812344007811F3,2835,src/handler/resp_msg_cg_pvp.lua.gz,e9a79d827f287fe8a3ece055896e4fec
DCC9FF15C745BE1C7C003A2D2889A5FF,5047,src/handler/resp_msg_cg_raffle.lua.gz,6e7a522391bafd6c699f6849e854b4e7
C51330E5B9294840C17D50D50EB8758C,287,src/handler/resp_msg_cg_rank.lua.gz,2d9892c50cb1eceb552e7a04fd0e4e24
2E60BB8EEE11FDA85671C77BB07F14AD,915,src/handler/resp_msg_cg_ranklist.lua.gz,bb716fcbe29ecadc32cfe91ad73fa866
E8E91BE1A1E6DE36E005A14D94BFF555,375,src/handler/resp_msg_cg_rapidlychallenge_activity.lua.gz,0c5f1d0ac0d3134cd4ecd7e5936562d5
E22688EB193168B219F2E65A9F435713,5439,src/handler/resp_msg_cg_recharge.lua.gz,6508e194e6427dcdb79feed3987295ab
633C5A9E7DA98346D173716562CE8682,5247,src/handler/resp_msg_cg_role.lua.gz,eb2367cf3953916dc2c407abd9c8c2ae
190D0903B801BED17B19A7F06B59C803,879,src/handler/resp_msg_cg_seven_day_trial_activity.lua.gz,fc2d1c7b263aeb48b999359e22e96579
D353772C369E8C81E9D403566EDE8F47,1595,src/handler/resp_msg_cg_seven_task_activity.lua.gz,f47853a3697674208ce599605b7d56e9
C91864364C1E835288CE8E6D3F0CFA14,1199,src/handler/resp_msg_cg_shop.lua.gz,6c7c013a1b366fd4d87ae38e2c215b83
02B260175D4E164178B2A6134FFDCEB9,715,src/handler/resp_msg_cg_sign.lua.gz,153a2847a841adffe8850dcdf473c78d
C6CB76CD912AF90D60E164BD9B55AE62,1827,src/handler/resp_msg_cg_skill.lua.gz,74400c94ad4158f6ba5c89a3d4d073e2
B4FF92D3DACA8ED89F1E46C0145A49F1,1955,src/handler/resp_msg_cg_spirit.lua.gz,d3ce97ad888870585b3ba647c9e9f2e3
807113ADE822BA345A3A89C0C21B3309,1387,src/handler/resp_msg_cg_superskill.lua.gz,5b8d3a6a4bb589e0a26f549bf5743091
6B792D9827DCBEC44C1DCAD15FF999EC,655,src/handler/resp_msg_cg_task.lua.gz,25fa8bbc02382cdba02942608c54c3b5
87025F0170A3937624ABB186DFC8DE3B,2495,src/handler/resp_msg_cg_team.lua.gz,121e1847b21a033c5d3b57c145721097
8EBE40C854830F2F85F44778BF52DD84,2995,src/handler/resp_msg_cg_test.lua.gz,48c59923d74f619907a7517077bab0e3
B7FECA91E571DD9EE46BDFA5A2F45C91,555,src/handler/resp_msg_cg_title.lua.gz,21fe9d574f5243bef16a1cda6e08bbf7
85173320E35912294659E87A791F57BA,1075,src/handler/resp_msg_cg_tower.lua.gz,c5284f5f6d7580ed1ff411786f4f5ae9
F6B352E99A1FB17C55E9FD81EC53B7F0,695,src/handler/resp_msg_cg_trial.lua.gz,32efb94753e50a26282d88d7e626b1c5
BA965A5CE278EFC2DB453FF5AAD70F86,3771,src/handler/resp_msg_cg_union.lua.gz,07d3fed25f5bca642890858b18bd1521
C2BC0CECF2F0C9992F2D8FCC17DA283D,1603,src/handler/resp_msg_cg_union_boss.lua.gz,7b07aa37e62176cc45dcb43191e4855e
4758F8B245936B89CC0A3E5D0FD986CE,1651,src/handler/resp_msg_cg_union_city_war.lua.gz,13b8fa30a451ef81856a6fa3cd59c74f
79E70DF7A0B5DE38CB0B1405AE509566,1115,src/handler/resp_msg_cg_union_crystal.lua.gz,500dd35065ea03a1b630d3f617dc494d
C8E2503106361CD362E44317E71FB506,1071,src/handler/resp_msg_cg_union_guard.lua.gz,7c504bc6fc492754aa1819cb599ef146
7338E823D4D40B3543FE5D19D38FEE72,3019,src/handler/resp_msg_cg_util.lua.gz,e02126a919a22b041c566e7bcabad80f
4F3FE69D96877D0ED2F37BFAD8BDFD07,1255,src/handler/resp_msg_cg_world_boss.lua.gz,f9798c64080a8befcf03a016be758d76
2BA26D9679CC65C06DE76A70F2DCE48A,867,src/handler/resp_msg_fc_fight.lua.gz,0d5a55dd9b1c49790cd7024a1b99fd4f
0013BDB74195EC321CE64ECF7B34A698,307,src/handler/resp_msg_fp_fight.lua.gz,ae4b8110e32c72ab0e65ca96d3de29b7
F6986526D86F74386BF496A475BA132F,31964,src/handler/resp_msg_gc_notice.lua.gz,43ebf663e38c3650947557429c99601c
E0E8EEE5706B88C3F113DB48F26C7134,303,src/handler/resp_msg_pt_fight.lua.gz,3e832a9517c6972ded7c8a9505fae5e1
5DF88FE1931E6162559E8E9EF838D489,1275,src/handler/resp_msg_role_login.lua.gz,f697dc58ad7fb8eb398195336200f6aa
C230445FC59B58B22E589D2ED12B277B,871,src/handler/resp_msg_xx_entryserver.lua.gz,e84beeaa560c40a66d54c003ada7dd6c
76F11D711DF454B7AA8EAECD2CEF3F94,4899,src/handler/_init.lua.gz,925eb31a7321b34065edf162b5747e95
4BD08CDB77488EEF4449D0196B4E1C3B,21792,src/helper/EntityHelper.lua.gz,4dbb1bc70574715c0a865d8cb65c1d1d
BA2A6C57415F0CBB42533C03925AC6B6,4171,src/helper/FightHelper.lua.gz,079786d1fdee445d9e581acfa97bd0ae
DEE8FA2DD1E87BE4AF8D8C1FF3BB4BB7,14147,src/helper/GameHelper.lua.gz,6eeb8d8f85a2081701bd7bc04ae8fa53
E34648B2C18DD68C6EC20886CE8EA655,71,src/helper/LogicHelper.lua.gz,891adc36bf6d29e1494d95ebbadf7473
13181FF2F21ABC4C18A965938784A9E7,8019,src/helper/StageHelper.lua.gz,0d212d61389541f6d8dbb154f63aba83
92DFD1ECDCE83DBB1047DE687B41CBD7,3419,src/helper/StorageHelper.lua.gz,77267b40a06048067278a834b0dad310
DC5E86EC4A95E0D56A46D867E53053DB,12075,src/helper/ViewHelper.lua.gz,c1cdd609503584e58277a364b0ed0dd0
44D500E3370E45A49A00C7816E14D2C5,243,src/helper/_init.lua.gz,59e10a2809a3094452ad7de80996b15b
CEF3AFB98B478D9B4E520C8C0C2F6C69,29260,src/imports/Const.lua.gz,914a7971b90c0907c16dbd2900c2b948
D7D2A15DC0537A94879283EE613D4F97,20196,src/imports/ConstBehaviorTree.lua.gz,543b73c70977271ef37fb407d298c4d2
107348C1DF3A9389E286D0B2A75F7AEE,229653,src/imports/ConstBusiness.lua.gz,0a04cdf821c6af3fab7b3f294de3bb87
E12B9AE90E419253B967BC717031C90F,10115,src/imports/ConstModel.lua.gz,44f6c28d642e82d3e10d44ff881a5512
91E50A6B55240ACE45901BDFAB17361E,11131,src/imports/ConstTest.lua.gz,3ca2448cc00c239518b0ac514fde0799
D04FF5DC8E66AA60498D10B253E04C8D,378254,src/imports/ConstUI.lua.gz,82a470b60267f6137cffe51e939f9c68
7C9A7D57C62E24B54BA78A3F9439E587,191050,src/imports/ConstUserAgreement.lua.gz,333150df2209f96bfd4ac7291ddf8d1c
47DB0FCFDC69580DD51D1A5E1773D41A,735,src/imports/ConstValue.lua.gz,83cd3d997d36934463cf1da1e9b76fb0
38AF2594B4C8E3A531F723E3B12F2C1C,163,src/imports/files.lua.gz,5c5bfd7d9c7d228bdc27bddd8b1fc369
FDCED35F3A6B113E96E815964F4B87F4,45,src/imports/GameResVersion.lua.gz,c15a850f2cc2f6f70ba605e350ef6872
D1678C7FAC7534C796BFF8557E4E23FD,71,src/imports/prefabs.lua.gz,c8805bad8a645c88e36232fd330edbf5
CDF29EC738F05BAB51A527B33AA081CD,9707,src/imports/spines.lua.gz,ed66cbc85c0f0871d0557b852bbed4ec
C2EC9F990974DB51391B8FBDF901DB91,5827,src/imports/StorageKey.lua.gz,41f8b8d370e4b938a3c5a91ab76284f7
B3C27A246A7C12E2DAA1FB6938F8A178,591,src/imports/_init.lua.gz,8612b60720daa281ab7c401b7d42e3ee
469A4B6D56EF0A8DF85106058F87D8CB,738,src/imports/behaviac_exported/Entity.xml.gz,c120545bc829f5285a096539c20d1500
8D840769A4A12D7B99F1ADD3AC411E6E,261,src/imports/behaviac_exported/meta/Closers.meta.xml.gz,3f673bf445e72dd6734cb7f04f88b018
A050B9BCD0BCAE39DA55045B220D69B9,43589,src/imports/map/act_01_01_01.lua.gz,53b838016f276727732bb1c632d295c1
BA649FA0EB92199248C0DEEAD9809FE8,42545,src/imports/map/act_01_01_02.lua.gz,ebd90b63b54d33cfb84016970b6ceb01
14DBE52A903C479F28FA4C9507C63393,55654,src/imports/map/act_01_02_01.lua.gz,4d4c370571e4585d6fd11b1b50633559
A3388B36AAD5C6DF249993A2683E5343,61022,src/imports/map/act_01_03_01.lua.gz,f1ee5a12033a938885237f90bea47f76
71DC91D26CDEEA979CC1BD87054E2489,50342,src/imports/map/act_01_03_02.lua.gz,d8b75d02620ebeb4767ad6f872ad0d04
7C72B67B393141C2ECB4B0A455A8BB44,40461,src/imports/map/act_01_04_01.lua.gz,5e9f54ef542f1c003c374b3d9cc04bcb
D6CEEED12AE8B7BC222E7C2C4916C47D,49065,src/imports/map/act_01_04_02.lua.gz,f26c54748f1302dce04c73f6723283b4
FECC79E0EB8D604E14F39BF12E134C5C,38285,src/imports/map/act_01_04_03.lua.gz,8dd014303fde285262d79033c3cee80a
B9D63D62DB09CD0748C074EFE88BC6B8,45997,src/imports/map/act_01_04_04.lua.gz,795faec270791c3fa994ff8ae8cdae12
1DCD05C32420290D6B1E7E0C8098DC1F,77175,src/imports/map/act_01_05_01.lua.gz,5bd20e9cecad1b1d7a36e091cabc130b
D284087E484C516658425AA0F135F45B,71807,src/imports/map/act_01_05_02.lua.gz,8180573046931d085ce9dd30adef9021
97D82A57721D3233D20830811FF3F901,80691,src/imports/map/act_01_05_03.lua.gz,4d91613e572ca47a08cb763bfd80394a
28B4FF0A761942685BAE4C7C910452DF,42461,src/imports/map/act_01_06_01.lua.gz,2d1c20d775101802e1ade1a8187810a5
B11EBD57F21E89B69435B13BB860C485,45985,src/imports/map/act_01_06_02.lua.gz,e5084590693256c9200cc7a57d6583dd
830E320E05997145798B98EFDEE67A7B,56638,src/imports/map/act_01_06_03.lua.gz,852e6a3c2aa0f819b3ffe1daf1487a32
C488C57D03F28D0BDB5FEADD0BD0EE9E,46021,src/imports/map/act_01_06_04.lua.gz,577151d4d81e49ad561d93c06fab3b73
D193C7EB4366C2D44A05B52E8B2D0BDB,54514,src/imports/map/act_01_07_01.lua.gz,5b1b3c9ac3582413e4ad35f7fc0ad009
19B6FEB63C6296051E2CEA8583E754C8,50106,src/imports/map/act_02_01_01.lua.gz,a4002b98d72ca87566fee82ec8a60fbc
EE032C0A7E9A4D28F59520FA5177EED5,51190,src/imports/map/act_02_01_02.lua.gz,80a08450760e6b793cff0bda691a683a
2F3A544A24ABCE18A864A210062560EC,45741,src/imports/map/act_02_01_03.lua.gz,2820a9c9310f93451f64ef96c8351cb5
B64CAD383D8AF962637CD89DA2969630,67287,src/imports/map/act_02_02_01.lua.gz,1c195e5a7bb0826aac69f8741babea69
EDB5DB07DE6A5CE09B5BC2E65EB43F03,53218,src/imports/map/act_02_03_01.lua.gz,2c284f8aacdd6d794f471e80da84c384
D47B67A8BE86A82FB54DF2CB7394B165,49978,src/imports/map/act_02_03_02.lua.gz,df09d26bb017cd19ca16b1d732e875f0
74A4F710AA94A15F2FCD545F2A784EEF,53194,src/imports/map/act_02_03_06.lua.gz,034d87d0c6bf720c2f924e6991e330be
02D30D7832A0F5F42E322B43359AFB99,58630,src/imports/map/act_02_04_01.lua.gz,e17cb52c0e762d353773b2290297f025
A3AFA589061BEE8B427A9E4A18D60F6A,79199,src/imports/map/act_02_05_01.lua.gz,4763884bdc266c2041697ec5961ab8bf
37F7F1A6DB8CE50FCDA0B2272D65FC30,70563,src/imports/map/act_02_05_02.lua.gz,50accd285a49e90de6d753d15164a747
39E9E5D35C641E71F7E65ADC3700BE5C,68375,src/imports/map/act_02_05_03.lua.gz,6cd5878fd4c05ff904db6a428b39b1eb
6FCDDE8E59036CC2C67A983778DAAF45,64018,src/imports/map/act_02_06_01.lua.gz,9e2d3342cf58fa0a3429ee45fb1f9336
86242C88BDB140DD0C2B31FB2E23B183,44981,src/imports/map/act_02_06_02.lua.gz,bde8c45d9eb2962be6df0e941588641c
C6F28278790DF206593435E08E85E55C,61798,src/imports/map/act_02_06_03.lua.gz,3340235bdb3e077422bd5491facd1f2c
989B71634AECAF06839EC07399FA4B2A,61794,src/imports/map/act_02_06_04.lua.gz,417ff4d02b73b67275f39cfbd60f2d4f
7BEF1C310BD5B1BC4760D10438B97718,61870,src/imports/map/act_02_06_05.lua.gz,a52b9481224b938eccc5448646be02fa
77C58BA58508F3F6CD5F432C4AA9B37B,49990,src/imports/map/act_02_06_06.lua.gz,b588c440bba2744c20096c196499d001
99A47799FED83E73F05F70CDE15E6436,67207,src/imports/map/act_02_06_07.lua.gz,f53a0ffacb660e0ac265135a6c948f7a
A9CB9818534B107460F830F2714D7709,65110,src/imports/map/act_02_07_01.lua.gz,e1643d0ef105dd655ef78f7ec1653f24
D0EE6902B916620C4CF967A9346E8D7E,35053,src/imports/map/act_02_07_02.lua.gz,676b6a7f420d75b34bc7c5be2fcdb373
C84399DD29A1EAD0AA3E1096A3251813,33953,src/imports/map/act_02_07_03.lua.gz,e84d315938322bface7975e1fe595e7b
6A1957F8002B2F3C9235388AD98DE18D,72611,src/imports/map/act_02_08_01.lua.gz,fec056bbb2a53281be7c1ca23ca26108
50C8CE5D2DDC9BF652AB8204E98EAEFF,57482,src/imports/map/act_02_09_01.lua.gz,652e8c232a9a8266559f0f4f27545dc5
7EA45807ED84B8E73185A5A5C02A36BA,53202,src/imports/map/act_02_09_02.lua.gz,bc375d6c03d4f30a2aae2a3fa530e942
E5F4CDC558412ACE9745390D4965FA2E,53142,src/imports/map/act_02_09_03.lua.gz,4cae5995f5257e85c8370c9915f91f06
C758482955844460B1EF2FC2DD25EEC5,31544,src/imports/map/act_02_10_01.lua.gz,ae4b4b5d32fbdf5e26aeff79d175562f
794F1A8011E1D7EE72CE19779DD3AE71,31588,src/imports/map/act_02_11_01.lua.gz,b6f70aed130110441de9bf0fe3d00d72
2A5A1C7BC702E496AD9AED84BF394379,31560,src/imports/map/act_02_11_06.lua.gz,9f758cb63f698818390ad6318394a441
961648FD05E6FF8A8A533D06CD0F08F1,42885,src/imports/map/act_02_11_07.lua.gz,7f931ae4c10e2e1ce273e524e222a281
DA562905515CE1EC1F1E93E2E626C0A3,42885,src/imports/map/act_02_12_01.lua.gz,fa76bc619c45de94ae8f8110e420b094
0E4D3B1DCBD4FA61F92DBA7FAA605634,13419,src/imports/map/act_02_13_01.lua.gz,64312dca4ca0724c92a2b4292719ae49
6E65EA03B699DBBF8497900DBE973893,34965,src/imports/map/act_02_14_01.lua.gz,a6ce916d18d1c4d65dea6b6e2143ec00
FE6350CA1A4614FD8067A9BAE34D708B,36061,src/imports/map/act_02_14_02.lua.gz,6d05f556c4c7488b10c68aecefd8f443
859C5325B959630C3D27FD6502AE1389,33877,src/imports/map/act_02_14_03.lua.gz,e97f01809351e35f70e8bbe807ef9bfc
B92F472FC83677CBCAA40456FB906AC2,39269,src/imports/map/act_02_15_01.lua.gz,624319c572ecc14b611c47b3f1641dce
B51DE0C18D13D85B88F3F897C908C447,39277,src/imports/map/act_02_15_02.lua.gz,042a5cae23f771d5b99884ba80cdd0b9
12544592694E176E7E2F820F4A95BEB3,38177,src/imports/map/act_02_15_03.lua.gz,c410a2d0c09e38e0bda385c1517b32d3
D4FC7D3B735DDD0CD38000D644A528EE,25220,src/imports/map/act_02_16_01.lua.gz,4e518e08d0469ad5c72b6a9509b22755
C80C8E99B73184E106CFD4F5CFCBA6A4,89836,src/imports/map/act_03_01_01.lua.gz,813b4ddd7c8112f101bda063504e5e77
CDC89ABFF0F98D9972833F1F2EC7BBD5,89832,src/imports/map/act_03_01_02.lua.gz,38a3130df9a06ef33355b589c9321df8
B7F6F3EAB7CDEBCB3350290B45CF32A5,89832,src/imports/map/act_03_01_03.lua.gz,ed28258a9348cb7a36f8f8cdba21c638
8D673992D56A0657EDBF3F143492DC4A,52146,src/imports/map/act_03_01_04.lua.gz,100e3c0033d521f83bf1e29aae5f87e9
987493E5443283BD89CD07B2934B9024,53370,src/imports/map/act_03_02_01.lua.gz,46d37d745f9d74b766d6c72fe0d01a48
B90E3A2BB4722505063150E8B726E1C3,15627,src/imports/map/act_03_03_01.lua.gz,c61f6ce8c47e95064f2b657a68244dd8
FBFEBC9D68BEA0C994B904AA2193B328,45737,src/imports/map/act_03_04_01.lua.gz,14fe559e19ef0591d79e445506036f26
3B7986E639A57B3F6BC58454A0A2D7C1,28600,src/imports/map/act_03_04_02.lua.gz,30b0560f730a98a686093bcfa5775e8d
C190C01CB7BCE6365644A12C47E59347,30716,src/imports/map/act_03_04_04.lua.gz,3e93036a3e6f644cb94ebfb09e0a0e1b
4C5AE2F6C74A28ADE7A7C84661023FE2,40433,src/imports/map/act_03_04_08.lua.gz,c3878eda1b9abae1bc964520ba866873
9BB890148A6031F8006A5DA9A2601AB1,33961,src/imports/map/act_03_05_01.lua.gz,6fb83aea64d6298d1f8f749b65d02cf0
076D43EF4CBD331645A4E3394724DBB2,27344,src/imports/map/act_03_06_01.lua.gz,62bacb70e003b1c3b82e3ce77e8a4fa3
D372EDDFFD9864516E73F8841688EF43,26268,src/imports/map/act_03_06_02.lua.gz,7cc154efb2061ca8493ed191b37430fa
CCB9500B93269B38704FD474392C903A,26260,src/imports/map/act_03_06_03.lua.gz,c453e60bf06cf9a99b6fe22447515547
114E1628C616F8C6B3B6B633DD9B4FC5,26260,src/imports/map/act_03_06_04.lua.gz,9b5d69837d8c4828619f10247e922648
D95DFE2E085C46D49DADB9F601ACF1C1,27328,src/imports/map/act_03_06_05.lua.gz,3038c241e89d167513c5ecdeec697ffb
DE2270B08BA70AF743F1AC68B7E47EEE,34509,src/imports/map/act_03_07_01.lua.gz,cf24485dee515111674639dad2820ba4
75D8A5AE3F9CC2A5770FF5A8F8A427A0,34497,src/imports/map/act_03_07_02.lua.gz,8926d00dcef057a09d9c634e9c1730ce
D1D31950FAEA3941775CDE0B56598EE4,32348,src/imports/map/act_03_07_03.lua.gz,693711453ddb7c74a6fa4bb088995bf3
2A48F29789EE54A555106FA345C8756D,31256,src/imports/map/act_03_07_04.lua.gz,1cf2d9f97c799bdf3a8626a83ec48607
93E5D1A252EA37DA5BF548E71D032B66,35545,src/imports/map/act_03_08_01.lua.gz,b0a41da789bdef06b94bf314e4701a63
4F9AEB318688CA106F943AE95DF72D57,34461,src/imports/map/act_03_08_02.lua.gz,fb0c820d297d2970618553156e247103
1BA9799BB324AA57BAEDD64606C609F1,31652,src/imports/map/act_03_08_03.lua.gz,92ca6927510ae7958645dedcb5d1e4c0
8682E3F892F25DD72F64812218665EC0,30588,src/imports/map/act_03_08_04.lua.gz,fcfa3659e2aff765477886adfcafe2b0
D32B4FB66CF6F8CFFA2B26C144A4749C,42569,src/imports/map/act_03_08_05.lua.gz,4261cb6f06769a5151bf4b497fc5632d
911A50556F7EF5A26CECECF6A1685FCA,35545,src/imports/map/act_03_08_06.lua.gz,3bf38d48fb44463a32e2589fc6938772
7E34EA6056B03EC77268A175BC743012,41953,src/imports/map/act_03_08_07.lua.gz,4716e32dd8f25d4c2fca8eea72ebe1b1
F06740E4A90797B91510E9B31A506134,25152,src/imports/map/act_03_09_01.lua.gz,b8f53f539cd14593a75764aafc08d6e9
47EFE453CA0D2442BCEE193D6027CEC7,31752,src/imports/map/act_03_09_02.lua.gz,578c89c0275c87333f198deb10700441
873C82E104FC160EC5BA6FE335172BD2,25156,src/imports/map/act_03_09_03.lua.gz,4779e47bab4c70fcd5cecae5c00d5a9a
7F05B29200B6C97872F7EC47786F148E,24072,src/imports/map/act_03_09_04.lua.gz,545c3400aa8791f4ef9a8cacb632f785
5CB74B6E76A2A998F44C9400737AE132,34837,src/imports/map/act_03_10_01.lua.gz,85043c6d5cf073f4484c86af351300a8
8495A74F56016E896E4BBA31D81300AD,37097,src/imports/map/act_03_11_01.lua.gz,fa6138e926f357182c1da879888aa131
871DC09D8DE93DC83EB858E37B7566A5,39245,src/imports/map/act_03_11_02.lua.gz,859cd565286b6c5ceed8a18421cd2d00
AB386DAA9531B309979FCBAF7B3A420F,24088,src/imports/map/act_03_11_03.lua.gz,9d1da391ccdc27d2241ca8baab82515f
C501165221E9C2868150DC183B43ED64,24036,src/imports/map/act_03_11_04.lua.gz,d5b5e9c2997a42d5a0ed3cab3954569d
AEAF76F19E0CC96FB2BAD216AB7F6A1C,37073,src/imports/map/act_03_12_01.lua.gz,c3d2dfff673f7bfa857b4df50123b7c2
19654F5582959CE9F338F7ACB6B0A0A6,33873,src/imports/map/act_03_12_02.lua.gz,dc160d3e2513803f9f4146847156b2cc
554936F1B94CE6ED63629BCCE7B265C4,24160,src/imports/map/act_03_12_03.lua.gz,84196bb89992a27ee3d2848ec8b84c9d
282EBA79578EA1EA18344126D0BE1FDF,24108,src/imports/map/act_03_12_04.lua.gz,d18b707bfe45be11c044dd22661efa17
90AD3351CAAB77E5989D2E7325CA9323,23072,src/imports/map/act_03_13_01.lua.gz,f800d19630a004c0284fa3aaa26590d8
69F754DD9668C049E22C68438B8B8DA7,30576,src/imports/map/act_03_14_01.lua.gz,5efbfd4d01993c85b9be1f4caadbf9ef
C68A79AD1027B2E385E06C22A95652D7,30600,src/imports/map/act_03_15_01.lua.gz,4f3a1892dbdea36d490ee532eca5e4a0
EF962D3DBFA841FCEA8535DE24D87C34,42013,src/imports/map/act_03_15_02.lua.gz,8813172c4d401acebd374694f7b0db23
6D7D63439065CBA88BECD49367495CE6,38765,src/imports/map/act_03_15_03.lua.gz,b2c3d3e05374efe28f51431399710cc9
F2B3A9D6F546F2CD333263DB9F57F1D6,45129,src/imports/map/act_03_15_09.lua.gz,a7da6031bb855c926c0033dfbbf529f6
6FCF00407625C166739AD5591BD5CCE1,31696,src/imports/map/act_03_16_01.lua.gz,2d19384892c48bf4515fce39c5e8af57
5F29F94DC652D4043334A80F2330753A,12251,src/imports/map/act_03_17_01.lua.gz,9ad01b513147f7b6ede7b0d42825732d
08D5DD1786A13D14B0DB892997D6325F,32965,src/imports/map/act_03_17_02.lua.gz,5a40758c352c4e2842deaf74bc79effd
C9D8765A42C2717397456FF15226524B,20876,src/imports/map/act_03_17_03.lua.gz,9a00040280b26d439fda17c4468f41c1
0631AF21160B6845565AF6CA5925D145,20828,src/imports/map/act_03_17_04.lua.gz,57700286f2851ee415975b0c73628f8b
7586631E126F086E691955B88E3AE843,20868,src/imports/map/act_03_18_01.lua.gz,070c8d8922aeb80084e762091c12077f
AA5551B26962FC882621E34DCF1EF841,25336,src/imports/map/act_03_18_02.lua.gz,6dcaa7c2d879500dd31cf38bce7faddf
FF920B69BAC5D835CB6A55F1150331CF,33909,src/imports/map/act_03_18_03.lua.gz,f656bb91193b6b649e0af09df04205be
9DD23D130292160E46F35D9FE943BAD3,28544,src/imports/map/act_03_18_04.lua.gz,379edaccb69360c220e31d0da6f2ff4a
B194C565E663488C67029C19AA94EF0F,29688,src/imports/map/act_03_18_05.lua.gz,af6aaed163fb11d913d46f5d39cc383e
0D475114D8521B6DD75C33EB8DBD3449,26224,src/imports/map/act_03_18_06.lua.gz,c80fb82682c385bb0da89fb5c3ca5123
B918C25AB1CE62F77DD67593E349F2AB,29680,src/imports/map/act_03_18_07.lua.gz,69743be3f7f6fa8170cc99aa93d83ad8
322B8B930624BEBD03D32EF3571038F1,29688,src/imports/map/act_03_18_08.lua.gz,37af11488c296d25078426df84b8caed
D5BC0FF7295F7D9E17DF992BD6B9EF08,32909,src/imports/map/act_03_18_09.lua.gz,32875596cd2eac6603b3f1194ba390d9
7C148E8F322F5C0225E6152347226D27,30776,src/imports/map/act_03_19_01.lua.gz,935c8b47490a58dd6d275b2aef0429a8
C66F18A5A3E1F6D0C7A146791968F726,25420,src/imports/map/act_03_19_02.lua.gz,9fee46c485d0e2b6efc20317a768f7ff
C41C1EDA99DB3E113911B20BB3E1C75A,25372,src/imports/map/act_03_19_03.lua.gz,7ec11741749d6c75b99c38be084456cd
2A05F91B18B4E2A123A740A9DFA1C591,25372,src/imports/map/act_03_19_04.lua.gz,4de72d29274c406dad6bcf616447ef74
E7F2DBB669AB51960579FC22E50207FD,37285,src/imports/map/act_03_20_01.lua.gz,121d86a4660a3cb2ed359b4e8e292670
79EA77F8E1F822C18C264D55EACA4ACA,24180,src/imports/map/act_04_01_01.lua.gz,660adf01b0c0fd4963b9d74e281da034
79F3EC05839CBC3E6B8967853C0063E0,36117,src/imports/map/act_04_02_01.lua.gz,1a4c100775b2c1be6db3940ce4deb0ac
17AB0AEBD7DEB1ACD4BB2D3D6785C57D,39237,src/imports/map/act_04_03_01.lua.gz,b5a8787a5ac7898af76cdeae68cae612
BFF8CE853FE6D40D1965D9030DA2BDA5,17716,src/imports/map/act_04_03_02.lua.gz,758baf3db956671cb7598d2f340acfda
6FC6549CB4FD491AA7F1841C4A01C11F,17716,src/imports/map/act_04_03_03.lua.gz,660cab8e0f50a187a0b1d90e1be56f55
2BCAD5C6F578E743E6E7023ECAB6CB48,16568,src/imports/map/act_04_03_08.lua.gz,875f7837a0fae9c78cfcb29037d51262
FD3D6AEB5FA19E2B26E57D04F6793AE3,40345,src/imports/map/act_04_04_01.lua.gz,4322158aef84037f275d3a13ce6e878a
49FE2FDB8F555498D912BFBED4EEF978,40345,src/imports/map/act_04_04_02.lua.gz,4dd703d15424660bc6f3eab1572555e1
1C2C7952C028950512257B5E65D19426,40345,src/imports/map/act_04_04_03.lua.gz,ad05d454faf627fc4c43f7e282a8d8aa
2D0DDAE82AF149B83C6242057CE7805F,40345,src/imports/map/act_04_04_04.lua.gz,ab74b6308d0cfa465cf93999461f0563
C7CC0E29D784A7BA79DF40CD1155E20D,39257,src/imports/map/act_04_04_05.lua.gz,f19a5f5437cc4f5b7d13ec2529f13d32
523B39709A29E44106D03C860087E568,42681,src/imports/map/act_04_05_01.lua.gz,44ba12d6ea240ecad4c867c10a1439cf
F91A1405D18EFE66E5C51664E2389C52,32901,src/imports/map/act_04_06_01.lua.gz,71e77061bd88e546f58b3d44bdcc0bb8
557B7157350A633081778A49DA3DCCD7,40457,src/imports/map/act_04_06_02.lua.gz,f06c458020421f41eb4e69fbd0e8a1dd
D9CCEBA4AD16F5BCCB061E331AC3864D,41557,src/imports/map/act_04_06_03.lua.gz,3ac05d5f42034fef3638ecc99a3d4cac
054308CE75D74A858AD475FA38759A67,25332,src/imports/map/act_04_07_01.lua.gz,0de8ca38ccd4c7b3e6f92244842c132e
7C186EBE4D6C9FADACF1944A99428C42,29628,src/imports/map/act_04_07_02.lua.gz,dd41c6dbb660e9aa44d4667abe37d808
7284E354A31DDB5267072AD0BEA32DEB,48597,src/imports/map/act_04_07_03.lua.gz,7442d6007886647052bc70fc02d7fdc8
3873C8447A57CA5D75F7CAC33872B7A2,37249,src/imports/map/act_04_07_04.lua.gz,81898721c4c66dcf4ffd0bedee3537bd
8FBB7E8F8D843567E96B6FADA569036C,33913,src/imports/map/act_04_07_05.lua.gz,5883a3c3de5613ade4b809e470e07bf6
F189D0D2602EAB89C0DF8831B34946D6,30188,src/imports/map/act_04_07_06.lua.gz,1b60aacd1d669c1739d85105614efff2
057FFA5F91A96BBFE6FF23A4EB8B467A,20944,src/imports/map/act_04_07_07.lua.gz,6cc7f68a57056c196da4240f5afa788d
D6290AA4C761BE24FF39C749D781A523,30220,src/imports/map/act_04_07_08.lua.gz,7928c6ea946d7bb9a0bcd1df2990884e
0281D0AB273E4E64873D8B4DEA09A845,45377,src/imports/map/act_04_07_09.lua.gz,8cd4a175140568dd9e000145975a5fa0
AF2DE5DBCD61DA9589960CB2DEF9525E,38293,src/imports/map/act_04_08_01.lua.gz,87f9a5ac9138da436d329e8f26343d9c
336AE74413CADBA4FA50607F5EA8FA15,45805,src/imports/map/act_04_09_01.lua.gz,dfde2f8da747a0cb59aa5152e7418009
96462B8768B0A2B8E236D8C14BE42142,45805,src/imports/map/act_04_09_02.lua.gz,b3cd4f8a8846caa5e590b365316263be
4F02DBE1D9EE781E50014BBD11E22FAE,47949,src/imports/map/act_04_09_03.lua.gz,0117f45ab36431be90f12ac087b803c0
260D9173959D0F6AAD9EAD9830F992C7,24224,src/imports/map/act_04_09_04.lua.gz,d1e7dc0bca45b19c53559ed1b4c58944
437D0D5F7819C96EB16ED068C2782F7B,23096,src/imports/map/act_04_09_05.lua.gz,92ae6fde518cc62caa36a5ab68bf9557
CDBC1DC146A8016CD70CB7F9762F50E9,29708,src/imports/map/act_04_10_01.lua.gz,3f501362b65def8f4c350cdb02db6f17
9521F5E36A08FCB52E015C276FFFB556,44565,src/imports/map/act_04_11_01.lua.gz,e95e8147b98b24532ad004f5c77d5a29
9D418564F6C5F8323F6BBE06C32B6317,39617,src/imports/map/act_04_11_02.lua.gz,3dd91d5bca51e73193e6783321e36d12
85EE9EE9BF765789DB126AB160B09E00,32200,src/imports/map/act_04_11_03.lua.gz,860bead9fd00db385993efa53c93502e
D20A7C88EF170578ADA969A46F4FB474,34393,src/imports/map/act_04_11_04.lua.gz,f976066581c7eb8692b908c52701fa46
D17A6A56C31CAB20871B7F879DD8E16E,26424,src/imports/map/act_04_11_05.lua.gz,96b27bfaab17964633ec8917e7336318
56106A5B34ADA0822407F17F879A6131,34929,src/imports/map/act_04_12_01.lua.gz,c49cdb46d65b93dfbc7a4ad5390a9baf
D8E83DD2F385C063DA6F90CD7AFC2A58,24860,src/imports/map/act_04_13_01.lua.gz,1a58ca5cbf995493237c6b7440493aed
13EE84E211DD415DDC1C72812A842896,23788,src/imports/map/act_04_13_02.lua.gz,7535af78c6e29636220178971674da44
0693654264560D1C0D598FD5ACCE2C5A,23728,src/imports/map/act_04_13_03.lua.gz,38187acfef484cc0b9c288a82734c644
C51DDC82E9858057F7337BEAB12793BC,38777,src/imports/map/act_04_14_01.lua.gz,8931a06295023f77d29148e5b6bd2833
7846709DF36653A39F52CB8A09B732D3,33437,src/imports/map/act_04_14_02.lua.gz,028baf78736971a853eba8208b9625c7
60F1DFA10F08D3C9C01D963112B7FFB1,25288,src/imports/map/act_04_14_03.lua.gz,00cf56671f3f4d9022335bd7ece88b83
DC4F3E946D968D5F0AA3C644B9CC651A,24256,src/imports/map/act_04_15_01.lua.gz,770920b749f0465f382bb0f7998e0db6
D084845B3247808A26BE889D73550164,67931,src/imports/map/act_04_15_02.lua.gz,2cb5e112b3e6a6fb64ba814f522e5831
CD66E190FA84616C4C6CC516AEBB3BBC,60346,src/imports/map/act_04_15_03.lua.gz,4c210b42af21bb31e2838c4644db8a5d
D5806BBBE3401C53E7E96F36B9AA99A4,70659,src/imports/map/act_04_15_04.lua.gz,4f7493b86c8b7d682a204626811cd916
4EDFD84104DEF177E07BFEC75006BB74,26372,src/imports/map/act_04_15_05.lua.gz,e6b3151ff25bd54e399831fb0c8b1002
C56C55057D793D51C30B5FD70773AB98,28688,src/imports/map/act_04_15_06.lua.gz,2af15e647504be60f5f2f5d41d5e6d36
E556AA84A806D5C7A7C23165C9656C47,28684,src/imports/map/act_04_15_07.lua.gz,9282065ca08dbdeb50758d4a6bd0599e
9E2D98F42AAC1D0837FBF2AC91744247,23176,src/imports/map/act_04_15_08.lua.gz,52c923d5feacf8cd7fed7caa802ad7a5
E207B2ACCBE6F6EB31C30E748CD14CA8,30496,src/imports/map/act_04_15_09.lua.gz,12aecd2d9186141a866269cfe41dc69a
695694D500EEDE5BEF56C14287B569AF,25312,src/imports/map/act_04_16_01.lua.gz,ea4889a3e2b63f92b3e572616fe957f9
069AAE7D5BA6B747255EB94C744391C8,41997,src/imports/map/act_04_17_01.lua.gz,6e74ec5d4f48761dd95caaf81acf7fd7
F25303140D5B46CCA096A7AB01B2FD27,59282,src/imports/map/act_04_17_02.lua.gz,164b07e0dae2dee8a864ba686faa1b9c
5BB7E271EF167ADE5734C64B7144F109,69587,src/imports/map/act_04_17_03.lua.gz,7ecd8e51fa0285eb02ce32e1e3df193a
7F51ADE9EF2E91C6D04F97A88339A198,61406,src/imports/map/act_04_17_04.lua.gz,35c271dcdd57ad083f302171cbc5a1c1
970738BDCC9CB8A1B26D52893A64397A,35525,src/imports/map/act_04_17_05.lua.gz,1a6ee78394a123cc01837b4df6b09ccb
2FB00B39CE95F7EE329777DA45CF3FC0,25388,src/imports/map/act_04_18_01.lua.gz,45885d40416bc18841c3adf77fde1f11
01A5D88E7852105E64F45D50D77953CD,33741,src/imports/map/act_04_19_01.lua.gz,b13b7946447bade2afe756544b80b6df
CBE61CFBEAA1310D7EA4F8283CF23C67,33741,src/imports/map/act_04_19_02.lua.gz,93bd500c9119f4a87066ade68404e7e0
27921CB1F0ADA6A766B701050D7AE431,31592,src/imports/map/act_04_19_03.lua.gz,3662d709853b2fa6862f42ee17eec55a
748A71351AC396C3489E68C95829BBEB,42369,src/imports/map/act_04_19_09.lua.gz,ead675753605082b0c6deb051ba3cba6
7957C3E6910762B4306D5EFA807C3455,41305,src/imports/map/act_04_20_01.lua.gz,d45b237fa3a3791baedc5fc0edb4ad70
55D2799DD06DB15AB81FBC7D26CA8950,36021,src/imports/map/act_05_01_01.lua.gz,e7d5a5b18e2d81cdcd6809f7784fd134
09C95D47A76902EF2E338815DAE67F97,35989,src/imports/map/act_05_01_02.lua.gz,24b9c5295f7f5eb045f9e93e2534a7d9
9A3BCAD53B82A9696F0A16DEFAF77F9D,41401,src/imports/map/act_05_01_03.lua.gz,8c1ebb000b2171d9df0a6eeea99b9a62
176D4D7914AD9D86BA1D3F0C4AE996FF,42349,src/imports/map/act_05_01_04.lua.gz,31f899ba9dafc3ac178f99b2e4098a38
747AFCAFE93E26250AC76997C5F8BCBE,31652,src/imports/map/act_05_01_05.lua.gz,362f4f13c303991ee83b244f85577208
84B8CB509AB7E87EDC8669B5BE71C023,35725,src/imports/map/act_05_02_01.lua.gz,a12e32782afd43997c92d2a1716f5356
70C1C7108695507A727B421AA7B8282C,33633,src/imports/map/act_05_02_02.lua.gz,68a77f40f0e69d72c5da5362c35dbfa4
4B9BC5178BC9B1CEA1C344BC1D331527,46773,src/imports/map/act_05_02_03.lua.gz,ec6c4435d5c313c64cb14e9f8a18b376
316D84347F27070CF69B8175766487FD,43221,src/imports/map/act_05_02_04.lua.gz,3324c289f0af094512f1c4fd11dc5b91
43B7F92842C84BBBC8D8F4D5B26B733D,37865,src/imports/map/act_05_02_05.lua.gz,7329f5d466509a82f41f6cec40606541
771B03B5EFD5C7D61D6E779C9A6DE451,20916,src/imports/map/act_05_02_06.lua.gz,55223330b598da1767f20384ab053b96
4AE2475B942B1FF4B5308051A905BC95,38925,src/imports/map/act_05_02_07.lua.gz,bcfb33592bcb169683fce3cfac13dbdf
0990D98C89DFF45CE9B36553DFFA8731,35881,src/imports/map/act_05_02_08.lua.gz,1673e1cef508b8832ac2cdf9287f0bb6
4CAE99466079E6892600E95A8866A3DE,14439,src/imports/map/act_05_03_01.lua.gz,b25c727228c1924ab927065ce942ea55
FA8A4F0F4350C698276E0B7DC1CEA4B5,35833,src/imports/map/act_05_04_01.lua.gz,9b3754bdc3ec30acbce20520183f38eb
84713BFD98953AE7D464702573F91324,51006,src/imports/map/act_05_05_01.lua.gz,85b4ac09fdffd066a2cb1fa4f1a2bc3d
0E6BB13CBF82A7FD7E6F8D183EF06BFE,25260,src/imports/map/act_05_06_01.lua.gz,c1c8616306cc9930a0aacea5e689723c
E875C5DC620FA52B74D47F3E1B583DF9,41325,src/imports/map/act_05_07_01.lua.gz,2628e453fcab46bd99b7e676f96459e5
9EAC6113F631463FF98A07A057E9AADA,41317,src/imports/map/act_05_07_02.lua.gz,4d13697c60ad436168daae698143d9cd
DC65C97D297687E2482994A6580874C4,41317,src/imports/map/act_05_07_03.lua.gz,c6e1f22d98d240a74ddedfdb5a060ab0
181C59DB683623A79D0E6D8A7BE667C7,32700,src/imports/map/act_05_08_01.lua.gz,37ff923949d60813b4fef2d95e017cee
6B5CA15BA0D5BE286CA203F9A30A99CA,30652,src/imports/map/act_05_09_01.lua.gz,f8aac864c2b45eee71eb1d4a4933fbb4
172482E56C827494FF72CA5666A707B9,43425,src/imports/map/act_05_09_02.lua.gz,3c078f237f6614eb10822b353b1f159d
822123A8C1D499D86FE0180D110B5966,42365,src/imports/map/act_05_09_03.lua.gz,d123b0dd3b8fb995517ad230d4adffb4
EFC85391C6C04278EF8115B5F3681453,31748,src/imports/map/act_05_09_04.lua.gz,31e6b1d31678e178f9987136ae5c3677
113357AF868C43E58872A4B386C78046,45593,src/imports/map/act_05_09_05.lua.gz,279ed4e33e53dcf18c3c16377a017398
AC3F7943406F6CC5FA48ACAEBDEEE405,45781,src/imports/map/act_05_09_06.lua.gz,647f147f37c9441109279c06d8497113
76882480CEE30E7DEF9EE1BE3E389C91,35949,src/imports/map/act_05_09_07.lua.gz,c69008fc23750c25351f50d6abc2e61e
920AC591A5AD09AE175941A069F97A52,39349,src/imports/map/act_05_09_08.lua.gz,3a83e07762ebb0f863953bff119611ae
5219851A9A145482D19E777AD91FE51A,38065,src/imports/map/act_05_09_09.lua.gz,fe26fad2bf3986956eda0f8d9c1ea8c2
28B65A4510EEA9685FD646D8E832CB8F,40221,src/imports/map/act_05_10_01.lua.gz,119ac3e034052f2c3e80b6e7a7a90ac6
B18FC7739C286F77865308B69DCB72A4,27372,src/imports/map/act_05_11_01.lua.gz,905ca45f5151d884bd0c520b94c20c7c
AEBD38E9FB2038DFED5A01AB0629AD3A,29536,src/imports/map/act_05_11_02.lua.gz,70232f0ee5afbb3759f9e8576691cc0f
0CCF9DFE58D5BD080472F3BD47F4E332,30616,src/imports/map/act_05_11_03.lua.gz,a8dfcc5842bc8b2d92e5f4069436b1e2
4A58C7BD15B880F356132859A2A2FAA7,30616,src/imports/map/act_05_11_04.lua.gz,6d4edb5209b915d3d38ebacb2a590104
3AAEE2F6EA5A333EFAF2288AF3F13D88,29524,src/imports/map/act_05_11_05.lua.gz,9872e33e14f3fb665e3e712a98c820fb
26EFDD6D6AD1EC69C78518B481A67E82,33781,src/imports/map/act_05_12_01.lua.gz,ed8390694d8c5cc89c240ef2336cbd18
EFC63707E9563A0EAA3E0DE3059E19BB,15571,src/imports/map/act_05_13_01.lua.gz,060701051d416e10d58126f69cd51e85
2C3B23F7AA5C9A89B427F33C70D050F3,31644,src/imports/map/act_05_14_01.lua.gz,1a45011376b8e5e94734c93064f3ad8d
9D72A7C7B6FD5E2237A180CAA996C26D,33777,src/imports/map/act_05_14_02.lua.gz,8522200667c0f0de1598db0e947bae2e
C4FC46FBCB4D93E9DB4063C22CEB5BD8,26284,src/imports/map/act_05_14_03.lua.gz,d4cf0a15aa42381a758d4a347bf97ff7
68D1324195D5945EE67CAE0213B29AA1,25204,src/imports/map/act_05_14_04.lua.gz,a002ab6240e8154d26eeeab8a61a7700
6BDADCCED13A8711E095043744DCEAB2,33797,src/imports/map/act_05_14_05.lua.gz,5d5aa41d25583f8cefb28314046e7493
D322B1654ADDCE04A0E2A46820287505,32720,src/imports/map/act_05_14_06.lua.gz,2e44fb3c5ba5da376eb0683c387bf8d6
ABBBFFC18B98BE3D252250DF363ED847,30552,src/imports/map/act_05_14_07.lua.gz,8e038460d44d42aec65bd476e94e5729
69D5200214731E432BBEBA618BF5C43B,27352,src/imports/map/act_05_14_08.lua.gz,5e9dd40b95717716d894be4acedfaa4b
10EBA25FB40FD96DC65F9FEED17E3F42,28416,src/imports/map/act_05_14_09.lua.gz,3bcfcad9ebde877751973152be234d2c
3BF77B6E24C50C0D3DD217A368EE9313,26276,src/imports/map/act_05_15_01.lua.gz,1d1338e3998935ea6d61a19e4a3c7344
51625D271CFA5A4374059FABC358357E,30572,src/imports/map/act_05_16_01.lua.gz,4d2c2f2ae604212e5c00725ebdc08c80
BEEFA28D887FC9B9AB43D75A7E8E87FA,48393,src/imports/map/act_05_17_01.lua.gz,a937d4db2bf0fda31c644ef680a371de
A9406B6B3774CC4AB03AE249415EF0E6,22000,src/imports/map/act_05_17_02.lua.gz,0a127647afea82407769bf4e2b9f8a7d
F6AE9E31FEE78F3635370FB2CB602125,22008,src/imports/map/act_05_17_03.lua.gz,4e89d59118f721e88a2a76c2fdc4207a
CD35F956D618DF28E15176A18B1685DC,22004,src/imports/map/act_05_17_04.lua.gz,ed804e05532a24513352d94ebee78747
49B600D9CB57F47B49E55C9E5359C4FF,24152,src/imports/map/act_05_17_05.lua.gz,c9b19911a902193352bbd33ed96220df
6994FECBC4BFEE128D82ECC823E8BE20,25208,src/imports/map/act_05_17_06.lua.gz,78e395d14f9b72c2051278f27b3da50e
52ED9D92920A440F5511591E68556C81,24160,src/imports/map/act_05_17_07.lua.gz,e15e433f965f727ed514c7546fdd08ee
4A10CBC2D35837302D58BEC06B36EB2E,36181,src/imports/map/act_05_17_08.lua.gz,1072a70b93ee1bcdf40d2ca42258268d
6027E81EB3C5210756EBC81AF414B7B5,21992,src/imports/map/act_05_17_09.lua.gz,b72b99cbf43c9bf4464095e05bcc9536
E8AFA8E988F7059A785869C4EC504A4F,30632,src/imports/map/act_05_18_01.lua.gz,837c43e584ddee0cb966e260cc0f9538
A5A947C20DA9AD1A760CDC07ED5DDCC2,24168,src/imports/map/act_05_19_01.lua.gz,514f4c718f862ca9a9c659552ab7588a
74A915B41C3A7AE053830CFD8BB7D044,27368,src/imports/map/act_05_19_02.lua.gz,8d0cb68226ffeaf4b684a6876563e8ac
781C85E7795309609167559B129E561A,30596,src/imports/map/act_05_19_03.lua.gz,52e5cbe39419d5e1fd262f52d81b0533
E7D5A29811CDD3D2E9E743477148B2DC,23096,src/imports/map/act_05_20_01.lua.gz,36eb8c0a861f6d5c0d47f878b0d37fc0
FFA786D74B43D9C40CF3048863BE748E,26300,src/imports/map/act_06_01_01.lua.gz,ce89aaffdeadb74268f0c32217eb87e6
35BB6C792B05ECA8EC7BC27A329441DE,27380,src/imports/map/act_06_01_02.lua.gz,0581104a9b0ef82159695cda08b38880
0C847CD9B4E6A25666E727722E5CF9A6,29508,src/imports/map/act_06_01_03.lua.gz,b84ae064fd053a273c2cb84c3f5adb4a
585CAAE03A9A3C63C74E0E41B26E2B99,38113,src/imports/map/act_06_01_04.lua.gz,34789d848f9fb4fe18331eee4483fc0d
97678CAEAD8A1387A3D566BE3E9EAF03,40173,src/imports/map/act_06_01_05.lua.gz,bb84c76925d46b8c95fd6589f2102cf0
E133AA923A226D1D322CB1B711F67A76,41257,src/imports/map/act_06_02_01.lua.gz,e6759f53d648e34491413647c84708fb
1913EADEE925431587A804F46674B182,36901,src/imports/map/act_06_03_01.lua.gz,a703d3f540a05fd333b694e5e3cd7cb9
36A93F8A40BB10316BDA24D3E7EB3AD2,42365,src/imports/map/act_06_04_01.lua.gz,f4353c66eb3e015314524dfca1c50ef1
B39B4D74D3134B9A1E9C39B461071D35,34569,src/imports/map/act_06_04_02.lua.gz,1f4fbba39c7f1b5c362821da2b74ef30
2D7CBE8D3B9F911581C18B489DE70BF8,34585,src/imports/map/act_06_04_03.lua.gz,d8bbc864a0178a6e4918dd1b2166d286
AD240DE9962B316C2F0B1CF27FDD038E,41997,src/imports/map/act_06_04_04.lua.gz,1baea6ce0fa8271c3687212f5cdbdcd3
A9C9AFDA3C0FCA03075C34F28B5DB471,47341,src/imports/map/act_06_04_05.lua.gz,633f59ec514f8d021dc0249031fc43ee
6B686A44FB43D43933E9E6E27C9438AF,39913,src/imports/map/act_06_04_06.lua.gz,ff014aa27f10c6b2f755f73a841c3931
56130AC799996CA541CCDC658DE658F4,44233,src/imports/map/act_06_04_07.lua.gz,c2c8a7dc92cf4c3db39aa2f82acbaa9d
38A61AA124E67E857564AD20E8EA5AB3,35573,src/imports/map/act_06_04_08.lua.gz,6e6f61c6027ed1c1a524d8839308eeac
362FC9D09C7393CF98CDD40F88B93505,40929,src/imports/map/act_06_04_09.lua.gz,c629a7e8d34e15a4b1bec8278862ca91
317DA4C71C05F12561C8B91DB9EE8E6A,38769,src/imports/map/act_06_04_10.lua.gz,613c13b6005a401b57b9bb3abc52a900
80F33F4C5401C82CACC74ED43A8297A8,45225,src/imports/map/act_06_04_11.lua.gz,0743b1cedf7f559621d9e363a5c2bb68
A6DA935CE112D0AEE6668B28183A4872,38721,src/imports/map/act_06_05_01.lua.gz,7390204db3861bf51409517ed658a657
6140D1E78D82FDE5A3E86881F960A380,28452,src/imports/map/act_06_06_01.lua.gz,20afb1af5414c94400fa4652523fd155
B4E38F38D0C5590D728499DBE68767D9,22132,src/imports/map/act_06_06_02.lua.gz,e179b95ab39d4f4fb3fabba8e8e11185
86109FE864DC82076DDACA6B4D6C55BD,44669,src/imports/map/act_06_06_03.lua.gz,4c1a3b6b3d2be0238ac2da13280bef69
A4FB251DDA343EBE3E2A8A479325F32D,39041,src/imports/map/act_06_06_04.lua.gz,393aaf20e5bce06ce00007611da81485
B7BA76F8080D01D9B2BCF30D82A0ACE9,40201,src/imports/map/act_06_06_05.lua.gz,70c27ea6f086c2e790796fa474b420c1
A7A3B2A31255EA4D9551762A3CA720DA,41377,src/imports/map/act_06_07_01.lua.gz,3e3716ae0dca465ddbba9986da1087f7
305A9DD55F73FE0AA3866B7C7E52DE6C,31660,src/imports/map/act_06_08_01.lua.gz,823d37c2ce20a1de30e5ed71a40820fa
4B21FD734A07BFC89CD90B85821166AE,32808,src/imports/map/act_06_09_01.lua.gz,66618358ac5224f3bfe24b58dda60aff
0CE0DA0F7478E7B7133D07B49F655C2A,33849,src/imports/map/act_06_09_02.lua.gz,ef7df9898ba5ec6539f49866a188f90b
1619F6355F6B7A54A80522722AA2CDF0,33889,src/imports/map/act_06_09_03.lua.gz,01f6dfa1ecd07c6aebbe91d858a01690
924015CC6B2A4FB560EF520FDAF15F2B,34965,src/imports/map/act_06_09_04.lua.gz,6994f720142898a65192f59bc1c2f59c
6CAB868C74FFE6B6BDB607495FB4B0DD,36013,src/imports/map/act_06_09_05.lua.gz,60bdce048029719b08a7020a85c04a43
96757D652A15BED408302283C73D0D56,35997,src/imports/map/act_06_09_06.lua.gz,a8aaa4a35d09f6391cb5c323becf2008
46D39D1ABB7F01C2AAA909813A07BC41,37101,src/imports/map/act_06_09_07.lua.gz,152a40798fb8c744df4736fc01f17e78
218440822EFCDDDC489966DEA7D4F690,37081,src/imports/map/act_06_09_08.lua.gz,f7ddc0abd80798e8f1c698ecd2b3def4
332BC02456FC1A3501B1D704CA248A86,34913,src/imports/map/act_06_09_09.lua.gz,bef029ede112c0739fd49590656e5998
4CD0DCC0B02D999064A24C33416E6CA7,41389,src/imports/map/act_06_09_10.lua.gz,98404863047034e982f2f28a58ee74e1
11DA1B03E6007B1AB3BFC69572FD7FAF,40269,src/imports/map/act_06_09_11.lua.gz,5daa1daa2c5c5cd0a12e1e5c855968e9
979B895E619B6AAAE0654184F524663E,30552,src/imports/map/act_06_10_01.lua.gz,17206fb01e13fa8f1169acb854231215
80970998F381F5BA04F3BFE62B8F7B7E,34857,src/imports/map/act_06_11_01.lua.gz,ff2b5804cef7dec0051bca77fbdf42ca
01A3F575AF511163AB4EE6A38A905598,34857,src/imports/map/act_06_11_02.lua.gz,ebb45da3024be870073928f687139d08
2B06ADC2615A1868EFE45EDF227293FB,34857,src/imports/map/act_06_11_03.lua.gz,2e5210ba5b4eca8778399830309e2755
5E3BEA7EA7E4C539F6ADD30F1459045D,35937,src/imports/map/act_06_11_04.lua.gz,4de750a7e80d8919d8c27eafc90450ed
B825BD3B9FA2C096EA999F8853BD4233,35897,src/imports/map/act_06_11_05.lua.gz,02bd248aaaf0d1f209cbf4f20d0a40ca
82A19BBA45CEDB6D1E1B492530456F88,26388,src/imports/map/act_06_12_01.lua.gz,5d6453c939d5c83a337399cb5f63f546
41468145F262DFC4F193F59D45F8C417,25172,src/imports/map/act_06_13_01.lua.gz,9b24cf46ab30812db84fa4481ca0e82f
FE9B0CFE850B5F0E0AAC3ADFE66B1914,27344,src/imports/map/act_06_13_02.lua.gz,8e47c59de549a343d0e484c517abc91e
FE86BA05EE2DC405FD0C706D097D4EC2,29496,src/imports/map/act_06_13_03.lua.gz,f5bb354c29ded501a24d55871edceba5
3D151243BCE69ECCA564CC54073B79BB,29628,src/imports/map/act_06_13_04.lua.gz,2459199f488a0b9fbfa5b593028ceef1
484AD68C2DF83135237518E86752D2E7,24148,src/imports/map/act_06_13_05.lua.gz,8cb9ffe0f9bafbcfaf53d77e1e9dbb8c
AF2BBF20DBE08EE5A430B8DE19CA0FE1,23076,src/imports/map/act_06_13_06.lua.gz,d6061c0cf8d87a0ab402505cba86b3cf
90CE7A4DF4FF89827917B044F3FD8547,24156,src/imports/map/act_06_13_07.lua.gz,4fd0d537ee24dd6627c788a8e121ec95
C80F6A305EBED55C87192DB3FF9D3BC2,24152,src/imports/map/act_06_13_08.lua.gz,465d70e653203b09001d70a1b0f18c3f
15FC2D9A77DC2AA075BFCD044264BF5B,26288,src/imports/map/act_06_13_09.lua.gz,6e28a1ae14a87a50bf3db360ad303959
C9D915FF418968B8319C3FFF915F18F5,30716,src/imports/map/act_06_13_10.lua.gz,bcfb0801c8a746f698d300394482744b
8570E0A48D8E50FC33D072C23ADF4029,16704,src/imports/map/act_06_13_11.lua.gz,253d0bde683254a9b5a5e3dc81ef26d4
9810368E1ACABBFE646B4070E0EDE62C,33773,src/imports/map/act_06_14_01.lua.gz,66e2c5c7bc373e5fa8b696c9c7b18140
DBC7B5BBE0485001FB7795B30BC40EAA,24228,src/imports/map/act_06_15_01.lua.gz,93870f733cb1565d3bc3e01deddafe31
3411FB962603333BDB298879FEF075CE,26272,src/imports/map/act_06_16_01.lua.gz,db9f884eb93acf5221c26d48139b323d
204BB7FCA68C0FB3BBAACF330029DF15,23096,src/imports/map/act_06_17_01.lua.gz,caefd17356dac8ccc4ebb95660ebf8df
6A4AD555F5D451F1A4D19287AB8ADE6C,25256,src/imports/map/act_06_17_02.lua.gz,156b46461025ac9549e94f0f2e474143
39288F00EFF4BFF9CCA620108C42C094,17856,src/imports/map/act_06_17_03.lua.gz,bdc158ffc91ec8865ca11452cbc7429c
D029BEA8A3DCA18F9B11E2AD28CA2AF3,25200,src/imports/map/act_06_17_04.lua.gz,e3cef5b2afa988dda14543a70f940504
429CAA5ED77422167C0FC4518EC3E89A,17856,src/imports/map/act_06_17_05.lua.gz,b74d624dac480b08c38cb560a3b396a4
BCE29132646AC3F97E176DC19324B795,25236,src/imports/map/act_06_18_01.lua.gz,b08abc337d114d54cba600ff444026c9
E7CC3F786A1A84F853B11B8274B099A1,27372,src/imports/map/act_06_18_02.lua.gz,b4da1d0cb49468f32d7cdf437d9f8cc2
A1E969CE8EDB3D48D66B279449BA7F6A,28444,src/imports/map/act_06_18_03.lua.gz,d84eeeaa9d33e3d9404c28c2b0b166a6
059F51B3B7E7C6B9F0F1213CD2BE4698,26452,src/imports/map/act_06_18_04.lua.gz,52b8f991b096c5153b01c63c733b7ffe
FC713726E0CCA344C2DB87FE9551615D,31816,src/imports/map/act_06_18_05.lua.gz,76506aefe7182917e2ef77c88f18f091
355B2EF6385CBC886752DB8E81B1C61E,33957,src/imports/map/act_06_18_06.lua.gz,452638312c4ecfe9a1b4bdd847cf9a6b
C87A6F4791C96EC13987381BA1B2C3E2,24108,src/imports/map/act_06_18_07.lua.gz,decc971a4e1c5a58e3619379834d7e2e
B74AB8CA1CE48EF4084D2484723B30FD,29636,src/imports/map/act_06_18_08.lua.gz,3cd8a5fd0f7e9b6062864432fbc6b6fc
2B3369D098FAF5AB2668D36924706F27,28552,src/imports/map/act_06_18_09.lua.gz,f8cfeb4fe9f2094da61cd36fa9940f31
052174D2C963150AFCD90AC363D19B95,28544,src/imports/map/act_06_18_10.lua.gz,243b26484e8779d763f801361c90439b
D2058D68805F5C56365BC8CC494FA0C1,31740,src/imports/map/act_06_19_01.lua.gz,a8a36881b21b312397aeefb92c5f2d66
A0D4C83576AEEBECEF2E2916DA785690,30672,src/imports/map/act_06_20_01.lua.gz,fa76bef5779af38c0f6a0d5d3e88e4e7
0C7271D5A927598135885F35CC8EFD34,30840,src/imports/map/act_07_01_01.lua.gz,741528b9cdfcae54ad5039ff1dceefb2
9E5FA22C7F362EFDDCB887B5AAFD1434,28456,src/imports/map/act_07_02_01.lua.gz,f1b331af8bdaae3dddcc3fa34a086779
78746F93212CD72DCB297DC673E8B71F,28456,src/imports/map/act_07_02_02.lua.gz,780dc340e773e6c976c43ce02d869a5a
7A4D1846983520F33268BCFDD2479A72,28456,src/imports/map/act_07_02_03.lua.gz,d72eb9fb18bc6ead1f1d86b3e0bb402b
6B840CB3A1D9A7107E34A84AF5EA99DE,28456,src/imports/map/act_07_02_04.lua.gz,42b8de7fafcf4118633af983c99ac3f8
DD1EA1FA7D2CF21CA7CD1EEEDB79920B,28456,src/imports/map/act_07_02_05.lua.gz,05c331c072e40563bc7f2310c0fbed8c
36B974196976B460540B125A41491472,20940,src/imports/map/act_07_03_01.lua.gz,c2bd120ae4968c536ef83e27234ae96a
955E8D5C73C4B5B1E2312A096D82E306,22032,src/imports/map/act_07_04_01.lua.gz,d74466797e3ba8bf9968014943cfd88f
C69FA74F7D5A618E355E13085C5B1E85,25248,src/imports/map/act_07_04_02.lua.gz,6e225f14df1a57ec3cb0e773cff72f41
184E0CD4FA65063E2C338C4705DFB3F5,26300,src/imports/map/act_07_04_03.lua.gz,9c8489175f955f915bf207db000aeee7
88E9BF7E831C8CBFE3F685F54EA3F284,22028,src/imports/map/act_07_04_04.lua.gz,f011313ab21cb7290ce5fc608f70f379
FABD5CFEB209067919C81B0B421786D1,25272,src/imports/map/act_07_04_05.lua.gz,e01bf0c17cbca54d83c9b157a2c498d0
A67FD7D0D9EAE75F1CA7BFB8C009817D,26368,src/imports/map/act_07_04_06.lua.gz,bf6392563635802852f91f8bd9c42af4
B8BFCEFBE7D279DA6E16894A33DCDF8B,28488,src/imports/map/act_07_04_07.lua.gz,35cd10be3da0c92f76eb2416e2794e9f
B3A273581BC9688DAE125920BD3CDF6D,26252,src/imports/map/act_07_04_08.lua.gz,bf7f133ff9e36638a298a3e989d57e92
EA97D9F84F7FBF3727F126711D0AEF31,28500,src/imports/map/act_07_04_09.lua.gz,428ddf848e506915f34bcd18c608651f
EE107B2973C2ADBE9F7A971FE9DF4F4A,23084,src/imports/map/act_07_04_10.lua.gz,646bf52aea2e834063f379bf1f43c250
5D0E212FC57FBF752A52DD5B27A7AC65,26288,src/imports/map/act_07_04_11.lua.gz,494e3ee78031916b3d6f716cc05011bd
BD9AEE227D3BC6B1C808DF345C3883A7,27356,src/imports/map/act_07_05_01.lua.gz,a48310c828eae8b9879e517324668097
AD4074792AE0210A7420AE547458FCF1,26340,src/imports/map/act_07_06_01.lua.gz,b507c9d692d21cc7a20e974cc152c605
817DF1B9DF8855EB41E22FCB58692D21,28440,src/imports/map/act_07_07_01.lua.gz,553357d63a11505d916c6170754a01fb
C513502B81B46AAD62D01F652221E55F,25204,src/imports/map/act_07_07_02.lua.gz,22b224a5c6eaa5b54ba95e1a96acbf73
5D481F058BF52C33113FE3ED0B0D8911,24212,src/imports/map/act_07_07_03.lua.gz,7abf518fc8a17a939c7ad84ef3cc7624
E499ECF361275F23A1573025C8D0330D,27444,src/imports/map/act_07_07_04.lua.gz,acbfd0b5bf91721cba551817f8d059f2
B8BA1889039567C18653B1206A3FFD9B,25196,src/imports/map/act_07_07_05.lua.gz,132f4f8351f00cb2b4c5bdeba4f02b73
1C6B9204ED6917DFD099C5DE8D9CC129,30600,src/imports/map/act_07_08_01.lua.gz,1aef149abc4f1a154a6a2f17ff19e97e
102F6769781F853E7B6A05EEBC21FF5E,31664,src/imports/map/act_07_09_01.lua.gz,e99515d896a1a17dcd4d546b3dfe657d
7AF91B0624097395CD6275EC4DF8AE19,20844,src/imports/map/act_07_10_01.lua.gz,6c4bbdaf0e39e12e932512c508cd2d6c
5EC6607F0068A7AA7A3B65BE96F35B6E,42073,src/imports/map/act_07_11_01.lua.gz,bf29596e9d6f5ad5604bc491d5ab4351
3B91A9AB7EA253FADB189ED97C5C733A,37777,src/imports/map/act_07_11_02.lua.gz,014cbab10b3c4f3b7ca96ac6b92c4e80
A3FD6662F8841177B8CD6AC9410DE5E1,35549,src/imports/map/act_07_11_03.lua.gz,72aef41e02d7b6a67ba50d121b278a96
D106B57CD1C6CAD9B987FB5B57FF73F3,28040,src/imports/map/act_07_11_04.lua.gz,65e531e12391687bec8dea58b00578cd
636201A19045A8AF4450DF1657D8A7F2,43157,src/imports/map/act_07_11_05.lua.gz,24457f1e89555b42dd4193af1de2b683
B0EE00DDB146FC52EA4C1867583B571B,40421,src/imports/map/act_07_11_06.lua.gz,4033a95ddcaca635fe6b7d03e49a14a1
AC934C647C09AA46FC6B4BDF365ECC6D,33405,src/imports/map/act_07_11_07.lua.gz,5b94b86111eaf7d9daf5c4b43ddb63c8
B4C52891CAD2906C798F6AF6FFF141D7,44241,src/imports/map/act_07_11_08.lua.gz,cfe6dc83f22b0c2402fa114b1c4a06a7
686F6197DBE46E8215F13347E9F9E24A,30164,src/imports/map/act_07_11_09.lua.gz,4dd4071254a0dc246045119cd9876ca2
41209AFBFB6301A8523A669B1C3EEEBA,46993,src/imports/map/act_07_11_10.lua.gz,ac3a3c06f07bf4cd482567f83b72de17
07D8802297A66CE767484A337B524B6F,33337,src/imports/map/act_07_12_01.lua.gz,d2332ed040eb6a7d86f501c0068234b4
A07BA16D9ED12C0C7F09DF225EB2DDD1,42097,src/imports/map/act_07_13_01.lua.gz,0c7784685be4ba0394aa20775e0405eb
B42131C904E36BC0F786682DA731B844,38277,src/imports/map/act_07_13_02.lua.gz,b1ffd01cefe964d9785e263cc9881783
32664E74892653991A1563EF23377FE7,44217,src/imports/map/act_07_13_03.lua.gz,b41e3ab7c47003a272e89da81cbadd86
5EE82E89A3D1C3452A3E9DDECE4F8D30,49646,src/imports/map/act_07_13_04.lua.gz,17f8bcd299d49b41f65014faa5e53488
ECD2E3BF0D515F615DC085229E8B257C,35497,src/imports/map/act_07_13_05.lua.gz,6187fc19bc1ac56dee37df2b7be600f6
788D8F23310C73EC3218912A6E37D948,41413,src/imports/map/act_07_14_01.lua.gz,34d76b8512d4be28cbfed6e1d8f0222b
55FE7D8718B787D49973236F9787DB70,31248,src/imports/map/act_07_15_01.lua.gz,432a44dc6ffb77561b7f51f2d1af3b98
75D35DEBC3F8AEDA057CF2156CC8A158,23084,src/imports/map/act_07_16_01.lua.gz,77ed8dd16edf2c57da912a82816d7f36
1075AF65859B071E235CB8D5344F417E,25228,src/imports/map/act_07_16_02.lua.gz,a5ae6811b9dad95b5e6bac1794d79802
67AC03D90AD6F2054D9593A1BDF0F188,29644,src/imports/map/act_07_16_03.lua.gz,324c766504397215743f59701e944e18
11EA6EED37B64E72988A7A61C15C5429,16704,src/imports/map/act_07_16_04.lua.gz,c935e46fbc521f0bc5e758365116717c
D2C5D2CB390C7FF1A3B7598440B78237,26272,src/imports/map/act_07_16_05.lua.gz,b2fd521a50cdbddb3fa1e6e1fa333931
48FA9C4188BC017A30CAA31B1654F647,32772,src/imports/map/act_07_17_01.lua.gz,ad6b9b529108f17b0438e9b578f177a3
9278C30A91F7EBD0A5415D8497846DF5,41317,src/imports/map/act_07_17_02.lua.gz,4f312da2bb4cba356ce11aa8ae109eb4
A2706F7631384D1C9E693CF86B853AD3,23088,src/imports/map/act_07_17_03.lua.gz,fe523f9bf5e72c12d91079b4bcf3492d
7E17E1201C7EDBCD31482B983FAAF7A7,40237,src/imports/map/act_07_17_04.lua.gz,9eabc2e3865dc3b61d9e59033a1b8c72
1C3DB9B6CCFF2F2AECFBA0D4876C26FA,33841,src/imports/map/act_07_17_05.lua.gz,ba573889a4ad03656b699a40edead2b9
6DEE9E90AEC402DAB7ED596DCAEA9580,40237,src/imports/map/act_07_17_06.lua.gz,654752ee51ea102445f90001d9c5d002
688945FE400CD7ED4EF4C9A2212FB363,23088,src/imports/map/act_07_17_07.lua.gz,9d0686ef6d2f5c3902933058d2aad82a
CC982C310D6F62A4EB4CA3AE057F2B38,41317,src/imports/map/act_07_17_08.lua.gz,69aea70c0df728cbdc55b09dabb92de2
9FE5D61A008D6A4F6D2DC965F17BDE55,32768,src/imports/map/act_07_17_09.lua.gz,9fe69f8dc84824f07f595dbab1930921
068B6240247F81DB60BBBC66D889BF8A,23096,src/imports/map/act_07_17_10.lua.gz,2b349e851f0e1637a1f7de6af9d6e280
C4941332AFF1F4EFB43C5E568EBDA782,26388,src/imports/map/act_07_17_11.lua.gz,9c488530ef6ad8eabfe8820d7318a8f0
66F646165D076AA64FFB52E72184FD43,31248,src/imports/map/act_07_18_01.lua.gz,ad8157da41062566312efdb9faf5a259
8F535E9E4CB96D91EC73D97C3DCAD8ED,16616,src/imports/map/act_07_19_01.lua.gz,b31cf8dc77f8f031e003dd6e92854b64
DBA6B1A5298723736E807C9616AD3B9C,24096,src/imports/map/act_07_20_01.lua.gz,d3577856caf61c8cf1124f7d8b4637c1
A852B3FC1DA929A93ACBB27CC023217A,34905,src/imports/map/act_08_01_01.lua.gz,f215917e8516c4504ae3e79307b01e65
FFC110DACB7C683D01F5745CC888D83D,34905,src/imports/map/act_08_01_02.lua.gz,dddb2aad7b65055cb52501bd098c3799
377F98FBD5B20B4E4DF2B2CFDC494A16,33853,src/imports/map/act_08_01_03.lua.gz,0cf531a18acf1aa6c8c98a5abd933b55
CC4B8D8480408E00676BEB416E87AF1C,32752,src/imports/map/act_08_01_04.lua.gz,9dccc43e7d51cc19c54eb9e97ec93dda
A28214756AED92CA15B7AB3967944BA0,32696,src/imports/map/act_08_01_05.lua.gz,1c5b16c52bc8438de8fd81cb2d3ef62e
F5C1BF1CA46CC000C1232098874F6F74,44825,src/imports/map/act_08_02_01.lua.gz,a40ef8b15ba3d0bd71a676aa718e916c
FD30F48C531AB161717C149775B5FDC6,46621,src/imports/map/act_08_03_01.lua.gz,943137aca30a3d143e96e31f54b951f2
135144110C62850A6DAE9F5A1F24AE6E,53074,src/imports/map/act_08_03_02.lua.gz,e4749141908e5a56005e08f5c0383582
3717764790C35163C6E9E2E79FBB64E0,42121,src/imports/map/act_08_03_03.lua.gz,558dd45ee549c406d22df9209e773525
6CB12AF44D71E6D0B1F9B6650BF49CFD,31692,src/imports/map/act_08_03_04.lua.gz,684a944d56909f78653d241d471d88ad
A2D1DFB572D1162A111018E326934B2E,39141,src/imports/map/act_08_03_05.lua.gz,f31ea58227bb23e146b78e02f44e8a19
546D649F621BEDA42710DDACE9722B7C,26404,src/imports/map/act_08_03_06.lua.gz,7f3cd4a14b351ab59776b0e5a82331cd
7D15608D1A71A2D58115750DD8479E6C,42129,src/imports/map/act_08_03_07.lua.gz,521a23267c40b65912a60e936273faf8
0E2E94B3EE5817BC4E8F00BDFABF9C06,32804,src/imports/map/act_08_03_08.lua.gz,f69c0195ee325bc9cfd7e7f496ace8ea
9B45458C67B3601D065B8DC4C46B317E,24112,src/imports/map/act_08_03_09.lua.gz,84027b03ae68f662481df024febd07ce
A344DFEFB959AA6CC2F28DF954277496,24164,src/imports/map/act_08_03_10.lua.gz,2a185f12cdc24cc7fe70d4a56d5d0f62
E2060A8EE08E2AA236D7E4485949FBB9,30604,src/imports/map/act_08_04_01.lua.gz,6c4fdb36b6618b9603b49dce6234daaa
62CB229C5FDD134BBBE8FDAE2448B8F7,27408,src/imports/map/act_08_05_01.lua.gz,bd4312f97f5f103aa97f4594310e3313
4E8B32D3D2B3E705B0FF26862FF18E69,44825,src/imports/map/act_08_06_01.lua.gz,f9a649e5b47ead20c95b14d46ee7d4b6
E91BCE423BB5E77EA86D5027103E366B,48777,src/imports/map/act_08_07_01.lua.gz,a04d51dbf78ab2949f412b680ea82700
45B1A3EF8E9E833F25FC9383E9B4335E,48781,src/imports/map/act_08_07_02.lua.gz,d1fa1be9075d56bab79eab1d48c6136b
8E19E517610C8DAF61BEBF854451C008,48773,src/imports/map/act_08_07_03.lua.gz,97dd4b83c00b140abd3630d3b5233cd3
732C9D831598BC7D937C69003196EE19,48777,src/imports/map/act_08_07_04.lua.gz,d886ea77c3597de3dc8e64d6712281b9
5612BC45BC70C6AB27CC17CB550A1A8D,36733,src/imports/map/act_08_07_05.lua.gz,4ddc835157e30eda114adca71f115fa6
520AA88448BF4A5C4ED5A702CD2B783F,28460,src/imports/map/act_08_08_01.lua.gz,15a3279129ccfd9243c043c6311717be
291FF8B2F0669B60DD7D1CE20ECADC34,30660,src/imports/map/act_08_09_01.lua.gz,4faade4351e6b79b77a65d5010e2991e
F5F6FC0EB4E05E9F7AD43B46AADBA5C8,32792,src/imports/map/act_08_09_02.lua.gz,402d23e81fcbd10944c39e359047aa2b
D53CEDF9E2AD5134B82FDFA7440C938C,39141,src/imports/map/act_08_09_03.lua.gz,51ef05a69a6392d6b320fc76578b46f8
DD7634CB832F48ED34E881758ADDBCA0,39141,src/imports/map/act_08_09_04.lua.gz,48ac62ab64a275087b6224ea78fa04b4
154080DE7FCD15E776397ECCD07B27DE,37129,src/imports/map/act_08_09_05.lua.gz,36d47702ba5e874c41cceb161118f7d8
EA89D0BCB838127E705D783D9A52B1C4,31632,src/imports/map/act_08_09_06.lua.gz,e4cde7fffd403807a553e5d65d33c0ee
D974793E6986B2E111F8147056B10BF6,31644,src/imports/map/act_08_09_07.lua.gz,ea20b61838b60f6d32ac495428ebbd42
69DE1626A3EA0FAA31B9CCC456377398,37121,src/imports/map/act_08_09_08.lua.gz,f22776932454dc7643c1e5c95f2ec9bc
7F972D456D835077CAB2F1D48EBBA63B,31636,src/imports/map/act_08_09_09.lua.gz,eada657342447691d13738b577d6cd7f
A47A933F99DDD2ED8F15B27940C9ABF0,31644,src/imports/map/act_08_09_10.lua.gz,aaf831720e5f35bca89a880cca0084e2
1ED16D5AF86FAA8C66EA6276E0FDF259,34973,src/imports/map/act_08_09_11.lua.gz,806b6d3543af5785373d8d9e387d8611
7D2C228DDBE64FDDC3DC6C317D6F5225,21932,src/imports/map/act_08_10_01.lua.gz,c57af1ffe9adc3787a6027cbddf1304f
24F0DFFF365A5B6C359C93F9D5916230,40309,src/imports/map/act_08_11_01.lua.gz,f4ee0c2c0e7bfd38e2cdb78591492b9e
88BCCED38F816D940CACE933B86B8D8F,52938,src/imports/map/act_08_12_01.lua.gz,0d7c02f470672eef847af28d481c295b
E2EDD3F463ACCC3E715C4F7B2DE6110D,59394,src/imports/map/act_08_12_02.lua.gz,64382e7130d2f3458cac891216cdb859
E681BA1F039E53BC3C8F37FE9F1DA51B,54010,src/imports/map/act_08_12_03.lua.gz,79b4670857bdd64f8095bf4249aa2a52
40C07AE6A48DA374761C62AC79B0AA59,59398,src/imports/map/act_08_12_04.lua.gz,02cb85ce15668a87e1c5416d9bb405b6
1A508E80333FA285B44A24ABBAC73EE2,54014,src/imports/map/act_08_12_05.lua.gz,2af29d2694078ada8bd5083adf4f5a7e
BE9D13B2903469808382EADA2B9110C1,59398,src/imports/map/act_08_12_06.lua.gz,1b2896dfae1760db2a2527ae0611c0ce
9AD2120476DA28A4FF0A859B75C98B41,57226,src/imports/map/act_08_12_07.lua.gz,509b049ba2fc8f27301291ae3b057bc4
58AFE772C2884384A467ABA92DF033A8,60470,src/imports/map/act_08_12_08.lua.gz,1c668cdeebc3b1bdbea60e69221fe0f0
19E6FA391263D49D8B21139D7DBF9558,58302,src/imports/map/act_08_12_09.lua.gz,7c26946456d857fda30128717346ffae
8919737FD206B17294E5A79C7468A19C,59890,src/imports/map/act_08_12_10.lua.gz,ff49a5f1d317808852b277b32c5810de
8736CFA3F5D3C3697FD6719E3B5A763C,43545,src/imports/map/act_08_12_11.lua.gz,64db15cca8cdbbd437f982ec8b854274
F83620259EDD6E4FE1B6C2D71AA75FB6,34897,src/imports/map/act_08_13_01.lua.gz,4f66c48a0177da112389be838135d2c8
2DD009CAE90644E9494DDE4BE5539917,53570,src/imports/map/act_08_14_01.lua.gz,24e14ae0dae06fd8346d0cb3ee2dff55
198318EE66B0CBCE4AFA1768C2AEED0A,53570,src/imports/map/act_08_14_02.lua.gz,aeb5e44aa3fee2d8edbaf2915a78c78e
9E0D018A6155972A4630250FA1640F2D,53570,src/imports/map/act_08_14_03.lua.gz,7a417606e78e02cf2f05c10c514c015b
D994BCB15E7AA2EFD6EDDFA413CFFAF5,52514,src/imports/map/act_08_14_04.lua.gz,93c52a320cd2a6410db9712fdf31bbc1
E5D613298F80B98E147441AE9359A0AC,44569,src/imports/map/act_08_14_05.lua.gz,6fd4352d83f4a1ca946f1e0ed978954b
611DA29A86CD9DA3C11A33F4952C287F,35913,src/imports/map/act_08_15_01.lua.gz,ecccfddf7b12d7210a152d721db218c6
C3FA81419FE5305C01924643672ACE57,51106,src/imports/map/act_08_16_01.lua.gz,be663f5aab7300530ddd8bf67d0176c4
971F47E207D473CEB92E6C10173D2DAC,48581,src/imports/map/act_08_17_01.lua.gz,e8c445735108bd2f1b6f851503ec131b
9BDC72289C5138B6121D30D671231ECE,38117,src/imports/map/act_08_18_01.lua.gz,747a417b20e8bc6a7e1aec93411a5972
F4862FC8F957A4629E3A346625E19BAD,29520,src/imports/map/act_08_19_01.lua.gz,00595cd13412b827fbc6ffaf6ce3e6c0
383EB810BE221EB24E0AED1827F124E5,31660,src/imports/map/act_08_19_02.lua.gz,21686754f5cc0aeb91428974022890b1
00BDED79FBC95DD174E9030ED1269327,24152,src/imports/map/act_08_19_03.lua.gz,a1807a41cf9c8cb492f20fb9f55a0187
31E9E6E18799522AA15BC9942E880F83,24144,src/imports/map/act_08_19_04.lua.gz,2f95661ab5e0d6c91717d9e95d48f075
64137F0E6C071CBDD3D6B2A413600CA2,25168,src/imports/map/act_08_19_05.lua.gz,e07383c911991053b791075c0ff6e84c
E864C6C8AB2CE8DDFA9FA93B355601B0,27280,src/imports/map/act_08_20_01.lua.gz,f8470b1c0845ab838d589969ac582d62
25BD5072E9BD5420AEC2C536960936D0,47645,src/imports/map/battle_mine_camp1.lua.gz,d8ce12c8c6dd5203ca61b68dfd4655ef
2E1F1E2A7864B2F3E79D554B2C9BD335,45549,src/imports/map/battle_mine_camp2.lua.gz,12174b9f6fb0c98b5e0813c4fc38776d
5FE69647AF1A8D729BB5A594A9A5BE80,47645,src/imports/map/battle_mine_camp3.lua.gz,5f12640aeac1a368e94d3dcbaca9e451
3148E83A5F080E295601038688489B59,45549,src/imports/map/battle_mine_camp4.lua.gz,de69e1c828e310885dbab691cb2ec8a6
B50354CCDBE190DE5FCE95724ABA4893,49790,src/imports/map/battle_mine_camp5.lua.gz,fb9caaa42d9920e1c5c2fc47f2667bb4
BC26FDD29CB490BA361CFC27D1C40C5B,49450,src/imports/map/battle_mine_left1.lua.gz,6001aa04a15d384721784d0513460849
87969AF32D6252A824FB93E99812552B,53746,src/imports/map/battle_mine_left2.lua.gz,7583c30468555f41221e5959dbf2da1c
9C39306C14BDDDF5F7C650B45987CA0E,45609,src/imports/map/battle_mine_left3.lua.gz,80690c5170c9c9f9cc1535e24acf3ede
C271E910029890968924AAACA1C5AB4A,49934,src/imports/map/battle_mine_left4.lua.gz,f3514c76c07679e65538a656cad4c805
9471D2322F240FE3F99919D44AECD3E0,41329,src/imports/map/battle_mine_left5.lua.gz,a9e7849d42b24a1d56096d1e0850079d
58C41A8E1B8A5B8E62078D8F770907B4,49450,src/imports/map/battle_mine_right1.lua.gz,5d0d012cca1bb58c120fc211ecfe4df5
E628D7C39B0B2ECEDE48E4A5473CEE48,54830,src/imports/map/battle_mine_right2.lua.gz,7b668a11887ce2e07a5e6a6a7de9f33a
A5CC7B81B966748856F851EEBAAE57AB,45617,src/imports/map/battle_mine_right3.lua.gz,be0d4b5c258737aaf427a6d5d786a9ee
34260F852CC64B132651FE4926206BB5,51014,src/imports/map/battle_mine_right4.lua.gz,619478694187f7a35e113565a96b7f34
7D1CE45BA69F10662A317CD3B1417D2C,40257,src/imports/map/battle_mine_right5.lua.gz,967d011dbd52e200aed299c40a188404
F8DAFD94248DB6BE2465429BB29B69C0,55606,src/imports/map/battle_pk_1.lua.gz,4757f562d278ec88c5229e6ed30b41f5
EEA78B58EC6F13D2D20FE1083F3F3F31,28444,src/imports/map/battle_pk_10.lua.gz,e60956a637adbc89e6fb36378d53f8bc
94DF0DB9806092CDBDA786AA55BC63E8,42077,src/imports/map/battle_pk_11.lua.gz,92ac08c91377b5ddff88658b779877c1
4E042056C56603A3C160FDB5E26120AC,56430,src/imports/map/battle_pk_12.lua.gz,eb8eba3e24ab9ba83b89ff3c8ac11776
150C3D5BCC6155A123B6E3BEE0602427,68399,src/imports/map/battle_pk_2.lua.gz,87256002057736a5dae3d6844f0a3fee
A8E0DD4CB46C699D1811CB1F298088F8,19812,src/imports/map/battle_pk_3.lua.gz,8d69d81fb10656fe71fbbf8f14a0a619
11F1CABA3936B2276D63CB14E0D7D151,29956,src/imports/map/battle_pk_4.lua.gz,7d31bc33849b22325b41264b902c1e0f
B44786400A43F1A72DB98C3C049E3571,38217,src/imports/map/battle_pk_5.lua.gz,a4c40d0d0f7c92b070d9d72655169e05
10A271589E630A952C8FBF2657382D3E,52018,src/imports/map/battle_pk_6.lua.gz,940e7923a6298e5cd58f5208a8ff7fe6
72E522295B6485F389BF39557CC22841,25164,src/imports/map/battle_pk_7.lua.gz,cfe711d5747d7193e7c10409cd0a2fbe
F4683131F83D6E70CD14ECD78789FF02,17984,src/imports/map/battle_pk_8.lua.gz,6539a78f542e151563085a91d4c1a22c
BD42951A3A8A853320E23684EC368667,27448,src/imports/map/battle_pk_9.lua.gz,456f77905fa5f17b8dc5eba4c2d678a0
D929C47DAAAC8F1799AA5CDECBB6A37C,39341,src/imports/map/battle_tower_1f.lua.gz,9766d37b18780f040c4603bd4963328a
27B4964503002BB6159CF32DC55E4BD9,36105,src/imports/map/battle_tower_2f.lua.gz,c360360941d934f238711811dafbfaec
70719B186634F535D201CF5B233DBDDF,38229,src/imports/map/battle_tower_3f.lua.gz,e9fd522748e67916688014f9594bec12
8CB38C5D7CCBCAB34860F5081A534FB3,38225,src/imports/map/battle_tower_4f.lua.gz,35fe683a58f21aee846b332fd6ecd06f
A83ABCCBDA79D1C344D665E1554D06C5,29688,src/imports/map/battle_tower_5f.lua.gz,3c3a6393e055f1b8d06773d5e406e7cd
67A2DD22E3CF5E645DBB7D7E940C28D3,53182,src/imports/map/battle_treasures_1.lua.gz,5c45f1f6d3de31beba8084301d0a3db0
21170602DF321606E41487A992747A91,34937,src/imports/map/battle_treasures_2.lua.gz,b581609b8bb25b8a319c3ba3f0168b25
085C756F6A703FEAEF0083D94750D2A5,29596,src/imports/map/battle_treasures_3.lua.gz,9040c26df0a1f5e5a9c7d85626fb007a
4A230DD4467DF68B980F2FB974A5F178,68247,src/imports/map/battle_worldboss_youlun.lua.gz,53a7c3eec548a999daa138b9556f5246
808FB2D595F6A3B09FBEFE573D01C03F,33809,src/imports/map/city_buyecheng_club.lua.gz,c7db9561dbf0164b184c2a78b6213720
F5CBBE0CB0713A4D8ED78AD14D06E7B3,53050,src/imports/map/city_buyecheng_street.lua.gz,72842723f581eb31cf8136a2648e7e03
69E3430A3DF2181FD273E6A35980E07E,15467,src/imports/map/city_liangongfang.lua.gz,2f7bf32f1f1c14b69691efe16bddcfca
DA1FAC333846BD033F7E71FEC8AD4291,83040,src/imports/map/city_newcity_guangchang.lua.gz,b6e128576cb1a443791e59b2023376fb
10E7B514CD96A1CA299F96D81935A9C7,38137,src/imports/map/city_newcity_jichang.lua.gz,338771ce1bf025989468bcd661b117df
1D2B5576684D861A8E5B661673082597,30568,src/imports/map/city_newcity_shenxuan.lua.gz,6658e76322f57b6a9d45afd000818e12
342509538B4E3D0E8B44009263B69F5C,53206,src/imports/map/city_newcity_xueyuan.lua.gz,71d8351f05acd1cb5e707a4fac7cfced
6A8871FAC82BE88958C34C196642EDFC,47885,src/imports/map/city_officebuilding_3.lua.gz,fec5fc4910af52e4f0f81438bd73b8a1
4E1FA9E2DB68B2D6630CA2BC2E9841BB,54634,src/imports/map/city_officebuilding_5.lua.gz,936bbf84d6d71684ad4a172b7ab87199
1D8DA158DF502ACE069A4BD73980DE55,22924,src/imports/map/gvg_crystal1.lua.gz,6482f342c5e1b8e1da3d8280958391d9
E9E02FDBE841308E944E40EE3C285F13,22924,src/imports/map/gvg_crystal2.lua.gz,a02059c956980bb340c2830e04982d7b
C1F8914E22EF04BA7AC2499E5D449656,37113,src/imports/map/gvg_guard_city_1.lua.gz,52a7e4a733f238fb4bd60df779638e19
D456A02972EBE74EDA7565C14B7A5C99,38297,src/imports/map/gvg_guard_city_2.lua.gz,72410b6cc490bf7ca80a00d3ac24be0e
75DCEAF77183165BE338CA8702227D59,36557,src/imports/map/gvg_guard_city_3.lua.gz,1324422dfe65a4e23454cce42aacc22b
6C978A77179D9696FC600674EF011D07,28588,src/imports/map/gvg_guard_city_4.lua.gz,920d694fa0f7097e4ee7e5408f9f8a64
CB7515CD51DE757E253CFA6549EE889B,28480,src/imports/map/gvg_guard_city_center.lua.gz,3cfa8f046e7e86e8588a80935ec30e97
612B622B913189F01CB3606DC781CE09,14375,src/imports/map/liangongfang.lua.gz,95e19135fb562fdd1bc10b71972accc7
81524352B07BCEC7453D67EAF4A027BD,11187,src/imports/map/liangongfang_system.lua.gz,29ae01c487c354f83cfacdbf515d31c4
4AD914390AF58FC8AEA5EA8324C3CB63,36193,src/imports/map/mutip1_room0.lua.gz,41dfc6f7b1961d31d521393b8833a25d
DF8AB3C136B33238D9E42C12FEE028B4,35997,src/imports/map/mutip1_room1.lua.gz,77a59f5510f940cc016ded3b26bfd44f
D81AFB54D67AF27101A49CFB7B542868,34813,src/imports/map/mutip1_room2.lua.gz,90a1c53d66e412a55af5eb62882ea293
8DE48656A8E077728709F5F2E1AD4D80,17524,src/imports/map/mutip1_room3.lua.gz,e9300dbc3a899c3d9a9b9997c939d251
CB4AA868211EE6675F8600834163EA80,29796,src/imports/map/mutip2_room0.lua.gz,e51e1e9564bfae00c18eb381065db4e2
600DA6DE5A9D9B6CDCB054116FEA9C7E,25572,src/imports/map/mutip2_room1.lua.gz,93f35970ba15c05f70db950448605631
DF3A5194E203E014539AF9CA6B4A0A46,43561,src/imports/map/mutip2_room2.lua.gz,3ef558402a7a2b1b25017298c7cd78cb
B94BFBF3F3453986C9CADDEB26049363,36149,src/imports/map/mutip2_room3.lua.gz,0028e3a1e532ef373372dc14d8a74719
1AD9870588B848FEE6E507E7583C1886,26480,src/imports/map/mutip2_room4.lua.gz,0f24b4ade04808a06bbd37e198f688d5
437A7746897F41248B674D3CADDF3A88,34033,src/imports/map/mutip3_room0.lua.gz,2af26433f98b0a52316006a3df58bcc9
ED2A63E5A1ABFDF1E6B12B3498AD2F2C,36085,src/imports/map/mutip3_room1.lua.gz,ff137c11aaa28e900001e2d9b1cdf467
241CE82C4EC826A666018A4DDB83D956,36209,src/imports/map/mutip3_room2.lua.gz,9bbd50a7c34921ac2cef2cabf3597935
5FAF07CEE1E3C945580463CDC4406C2D,35033,src/imports/map/mutip3_room3.lua.gz,4697f4f132a677042583ab6573351559
BDDA4C589632975589C67886752BD5F7,31796,src/imports/map/mutip3_room4.lua.gz,cf02cc6ed8c982aca6884097bd532740
2A8BFC104A6DFB55A1A167598B83DC4F,10051,src/imports/map/sp_skillact.lua.gz,b6d6cb0d00e244e534c448d8f1f371f9
40E4D086C75A2B4732526DB6010B8377,23112,src/imports/map/stage0_boss.lua.gz,dc2c91c4689db84c66133fd4861b155b
FDAF54CA22D6FF5A07D44CEF5A6EBEBD,28780,src/imports/map/stage0_boss0.lua.gz,bde7760a1c3c83df4c66be2c8a696193
2C29116C9277079A1FDBAA97366669E2,33801,src/imports/map/stage0_camp1.lua.gz,630495df031f8409b9a93be1515642e8
0D0D71B2F4BEE9EA6404048024EE00C9,50186,src/imports/map/stage0_room1_1.lua.gz,2459f0de92dd89e9aa4d2aac775bd342
311EA8DC2335961449424E9255F94018,39445,src/imports/map/stage0_room1_2.lua.gz,66d19f55f5e62c1533c4854398a370ca
FA51FA3F7CA49D0B23B760E01C52A92D,33017,src/imports/map/stage0_room1_3.lua.gz,cf9ae6e993b852819a8af9b64fe857b1
1293E43456EB6A3F6281AA6C40666E11,11179,src/imports/map/stage0_room2_1.lua.gz,7875ba1dd8b9ba9a3b6197604d58ddc1
9713A86B2DECEE70F6CA952259998263,29756,src/imports/map/stage0_room2_2.lua.gz,354f2bba6bd321b265f5c352868b99ba
7289C4F2DE4198C196F4B406B12902C0,51010,src/imports/map/stage10_boss1.lua.gz,0b001d32934e6d072c77c759c217926f
B08810E03A49E64CED40142BF896B91A,42425,src/imports/map/stage10_boss2.lua.gz,0d444df98552189f3f81630a40c6fc9f
636278F7B11D612DBDC2C660EAD1B3D8,47681,src/imports/map/stage10_camp1.lua.gz,32a0395a3993075358e7b2a12ed575e2
BC0B666AE4673AD786EA7423699BE12E,38049,src/imports/map/stage10_camp2.lua.gz,70130dfd8797f424915fece0ec33f258
5E4A1E18D0A01D20E362C11DDADCA3D4,41237,src/imports/map/stage10_camp3.lua.gz,1fcc9f8459294c012bf18ad21466cdc5
323EE5827E67C55801A0847CE3FAF57D,38157,src/imports/map/stage10_camp4.lua.gz,dc33cbdd3db36801097cdd5342c72a4a
5C84030D177B2F1D587ECBD3B86E4F9C,30792,src/imports/map/stage10_camp5.lua.gz,79e7bc9a86dbaa1ef058a20db713587c
37BFB082E77448F7E049C10E49FA1EB1,22172,src/imports/map/stage10_camp6.lua.gz,e71d7deb9fe9ffa9b9a23cac1b95845a
8764C418311D1401E252127D6FA63DE2,34941,src/imports/map/stage10_room1_1.lua.gz,3ec228b4963add8f5f957487c1ba3b35
EDC12589B8E069B3E857B0CD0BEC12D3,41293,src/imports/map/stage10_room1_2.lua.gz,121488637153da740b58c56db96288e8
DE9CC1918D012D98D8CA2E8BDB077F9B,44041,src/imports/map/stage10_room1_3.lua.gz,66cc703e49798ee6787c0efa1c642505
558484133B2972A263E4CFEA59FD1D4E,34745,src/imports/map/stage10_room1_4.lua.gz,1d516c38b8d875a0d486dbdee4d3c7db
C4DBEB296AF914BDCD5D7B35A3C1B2E8,44421,src/imports/map/stage10_room1_5.lua.gz,3c1481a2de09a52114c3e25469927190
8E95B82AB59C4724BB8350FB52C0E51A,36905,src/imports/map/stage10_room1_6.lua.gz,6580c226cc6329b7d291b9b5caf7cc97
68A9800C9F2E2720EC86229859E70E0B,14503,src/imports/map/stage10_room1_7.lua.gz,95e3337ed047c88b26b683fbcade5f94
BF33D0EA64E0444BA056C1FBCA95AE62,14503,src/imports/map/stage10_room1_8.lua.gz,f72f47d3d6da904a1e74dfd6fbf78aa7
5AC769B3344F59438890B7306A25B07C,45449,src/imports/map/stage10_room2_1.lua.gz,b71f4306fa699b6c06c2cd8395da90d9
C98CBBA163C959AADE10B13976511391,36025,src/imports/map/stage10_room2_10.lua.gz,8838b3be5e2a71af9f15dd1fd76e2fb7
A78795E2E369826112A23BDFF3E15B7A,46509,src/imports/map/stage10_room2_2.lua.gz,267fce3de8387c134935f5de18974610
984E38F422569BCA61FFA3D7A846A8DF,39053,src/imports/map/stage10_room2_3.lua.gz,6d5aa43d734f55059771f853fd57bd05
832C60C93AC9E4CB2AEBBB1A0F7DE8BB,21944,src/imports/map/stage10_room2_4.lua.gz,d447e7447560191969ec342581474ee8
C2C45A53D7912C368B75F937C584949D,21012,src/imports/map/stage10_room2_5.lua.gz,56816ab597cc30d0d06231731d304e5f
2D50ABF0C3A1E1B2D1E07C7C4C5A386D,30564,src/imports/map/stage10_room2_6.lua.gz,83f44f26f27af1cdb2193e1ed86f1b65
D81C998B6BD23EAA5FDBDF4776DBF04F,39125,src/imports/map/stage10_room2_7.lua.gz,71d747f73bf1749f79493e9f8fdb1024
2F2F649E1023D832C5C1217E9F5B618F,30524,src/imports/map/stage10_room2_8.lua.gz,158a7fb55ae346380ac055621f393750
BAC81CCFF13C7A8F0270E6C1BC6FA95C,14503,src/imports/map/stage10_room2_9.lua.gz,cf2cba635c8c63581224433b730e017f
7CB2F42E797A623196FFD5BFDBDAD0D5,35897,src/imports/map/stage10_room3_1.lua.gz,084fa4ae5019ac5fc788d3a774e0c7a2
C2DCE0E351856E5C50F94B89C2F7FFF2,41309,src/imports/map/stage10_room3_2.lua.gz,39d9821d1c8688cdc44bd26718a012f4
D2697082ECDCD9BADC70B7C4253CBDE6,35953,src/imports/map/stage10_room3_3.lua.gz,8a87ba3ca9b4b1d6c30ec5f610ed52a2
7D8519899A12F087539789E364F62C15,45657,src/imports/map/stage10_room4_1.lua.gz,7ab15c92434e097b9f96a8f4230fa432
7697EA6691D7DA2633F4968D6B038856,39197,src/imports/map/stage10_room4_2.lua.gz,270775718cf27af558af403d5b448478
B32E8B86D1356B0A504F96BB1218989D,37021,src/imports/map/stage10_room4_3.lua.gz,2c8d4d3838252994d7bfaaae4d10d21c
B68FF775862EE68B71CC3AA6CE267D4C,29504,src/imports/map/stage11_boss1.lua.gz,34bbe5f5dad7511fd301ac5849b7e7aa
1BC15249A4C6F6A87E8DC8D4FE8EA2B4,23140,src/imports/map/stage11_boss2.lua.gz,964fd7b603cfdcfa0fc348287cdfe52b
C61F147ECB103D2985B9903CC2511C8B,31676,src/imports/map/stage11_camp0.lua.gz,a801058c54381ccda23fe44be55ed6e8
53EDEDB5CF50F50D33A23FE62DB0FDAE,37077,src/imports/map/stage11_camp1.lua.gz,94923fcdc9f3a80dd3c39e3d918ab9e5
04FEEC1CB1B4B62C62DC397BCAE63568,31676,src/imports/map/stage11_camp2.lua.gz,02d2fe887acd1c5b344d1ab0b5a6d2af
DD3A4071622D756382E0BC09EEFDE955,28504,src/imports/map/stage11_room1_1.lua.gz,e732282473ee30884b301ba669a84296
A0B241EABB7A64D0A312CAB72D5B350C,17760,src/imports/map/stage11_room2_1.lua.gz,f3b8d763526ee1e7bf4db1d2fcaba9e2
81E0786CE8105A2C9D2831DF02BCE598,16628,src/imports/map/stage11_room2_10.lua.gz,0f856b7583956e8aadc79136489f526c
853B3CA0E825531B0CF0C3176A7BACA4,25224,src/imports/map/stage11_room2_11.lua.gz,8072bd53c607233e2a21353e17620952
CF318BAD5FC237244984827B23622500,28436,src/imports/map/stage11_room2_12.lua.gz,35599a722a91e6329a3847e35eb75ccf
E251DB90DDDFF2871DC289ABAEEAC0FE,27360,src/imports/map/stage11_room2_13.lua.gz,9ef26304a411789c3a5ee18e38351149
5A553295B1D35B3B0A7330B2E4D1FF38,16628,src/imports/map/stage11_room2_14.lua.gz,eb4a24ee9e93e9f46b556c70114de186
F74F6584CD2C1D398600E4C50E430C75,28444,src/imports/map/stage11_room2_15.lua.gz,eefb3ad61e36c7630333182fc7807c8a
B29D8772368A5E747F68BC6B2D6FFAF5,27364,src/imports/map/stage11_room2_16.lua.gz,82854c247dfa4157eb81b02ae3416750
4072D5488E4F4EC156EAB1FE21412E63,26292,src/imports/map/stage11_room2_17.lua.gz,1c8a1d1ec7708fc992acc9d06b2c760a
CA85F9409AB1859B3C1521A4BB55A425,16628,src/imports/map/stage11_room2_18.lua.gz,c5b44491f17b9f9d3db98a22a62b6597
D941E7791A3B6F8E45FC036AB6862E07,29588,src/imports/map/stage11_room2_19.lua.gz,4338848ce7fa31c1bf6ab5ef8a605227
FB57FB2C74808E0C5D38B4488501114A,26292,src/imports/map/stage11_room2_2.lua.gz,2dffcb33978a551985c08c90bb083876
BCB3F79A8B90E81E8E8B0725B08D72B5,24144,src/imports/map/stage11_room2_3.lua.gz,eab8478d727beb84458fa2b72c33eff3
028333A804B24BD238CCFBFE5E05E791,26288,src/imports/map/stage11_room2_4.lua.gz,0fddb62253e15c5050c3d96d0fbd748f
DD3D5FB3AF5705C28BDD272E1EC82F3F,16628,src/imports/map/stage11_room2_5.lua.gz,5260d0334a48ea9a872edfd119d1e548
6064FD7EEAA308FE59936DB2392EADD8,28440,src/imports/map/stage11_room2_6.lua.gz,61f390414cb3ff63e46bfa30450c6355
E3D0E1E2AF3A6F5403D72C1DE6500F8D,27360,src/imports/map/stage11_room2_7.lua.gz,debe5b922c8ddd1b11d772744ec48598
7309BE52C38CABD1C921CAB94472513B,28432,src/imports/map/stage11_room2_8.lua.gz,ff94052e91100fec1b96bf1c88b13477
801BEF248C4DDEE5033BFF0EB62CE37D,27356,src/imports/map/stage11_room2_9.lua.gz,157d136eb7b33c85e9b20038b2a65b53
8B3C4BAD7E4B1F7C73FC3ED101B0ACD7,25268,src/imports/map/stage11_room3_1.lua.gz,87cdd791af235247d52844a0320745b3
ACB46EA614D634369F89954FA5426F1E,25204,src/imports/map/stage11_room3_2.lua.gz,32c127a9c302fe8406daa61f695479e9
57632BCBF937C8AFF5DD57DE9D089D70,31720,src/imports/map/stage11_room4_1.lua.gz,29b146b0e46cac2aeac0a92bff06248d
D28EF63DE7DE6A75B1B37086E3D83379,27392,src/imports/map/stage11_room4_2.lua.gz,8ac3ade9b0116c502722158bc3e80a92
B6B31F160115EF97FB06229C5E54F3B6,37637,src/imports/map/stage12_boss1.lua.gz,f0359de7c96c9999d8c03033dd19036d
DB5B1A94734FEE93DA161F9C41204010,30552,src/imports/map/stage12_boss2.lua.gz,8e21dca9b33d400b639cc916d0dffe47
8E6BF4489D55E56146FB69D94CE7E848,39249,src/imports/map/stage12_camp1.lua.gz,67c34227d851c6cc396e2cf9c3d3c901
D8048E9E8A3F54E8C323880876C67240,41329,src/imports/map/stage12_camp2.lua.gz,9e9e57af087bd22c4745b34de20bbd4e
293C1E8A7CB89E1FFD3A0EAE8923A496,50466,src/imports/map/stage12_camp3.lua.gz,56250b9210ac96244aacef778226955f
57B9A330C723ADB68ECF66A366BAF8A0,35973,src/imports/map/stage12_camp4.lua.gz,971cbc9c481b2db43cc1f3c23339b818
56850CB6379B047DF3A189476A2C9AFF,26308,src/imports/map/stage12_room1_1.lua.gz,1422b070853e7002a09853895dc0ff75
9111E88CB4ED5F45900F928A9DF9C7AF,30592,src/imports/map/stage12_room1_2.lua.gz,4157e44e1267c4d28618898fa3fdbb7a
9F077CF21A9E31688889E981A54F9248,32768,src/imports/map/stage12_room1_3.lua.gz,724ddee850446c2cf03fe5cfec5d3dbb
ADE3D02C16B12A6D20B7F3949990E25F,36009,src/imports/map/stage12_room1_4.lua.gz,17555afefe162f88a634a3ee7b1c21e3
7F53E61CDC3DE591456E37E121704AD8,32837,src/imports/map/stage12_room2_1.lua.gz,ec7d64db53e1580ee175dc64ea19ea17
A0353DB3306000BD6727F6B7F408E39F,41377,src/imports/map/stage12_room2_2.lua.gz,9838754c211a1ab3ad35989a56236fcf
42BCBA47671421AD621738A354F4318F,36005,src/imports/map/stage12_room2_3.lua.gz,4682f8e365619be791fa0f5162644fd0
9891FD0012FBDF9218110B1F0BA003AE,32784,src/imports/map/stage12_room2_4.lua.gz,c96b3bf285742f971b64a5af065b0275
134FA2B2C793370A76642C0D5B17398B,33893,src/imports/map/stage12_room2_5.lua.gz,ebbd34bd0a598fb0763557c9bde68319
06F839D2220B6B1C89853A4471939C19,35985,src/imports/map/stage12_room3_1.lua.gz,def2416903dea265d92a3c224f4fe8a3
0B1F68DF63637B66CFFCB24A677C6382,35625,src/imports/map/stage12_room3_2.lua.gz,9830ba826c28a922842fe34049bb58e4
E1C654FDB1EFCA129C36865F2C453EC8,35581,src/imports/map/stage12_room3_3.lua.gz,470011bd293a6ee5dc0497fe7db7b8c9
A5E6943A5BD1ECDC2C1E12A58DA84BDD,39889,src/imports/map/stage12_room3_4.lua.gz,017b990866cfe2cc1c1da8e75c3f8e27
AEA0876302DF1F287D5FEDAF9FE7C142,39213,src/imports/map/stage12_room3_5.lua.gz,cb839e32fa3a0b1e10c043d351486063
E8A38B6410ABD3BC80313EC346E0B87F,39145,src/imports/map/stage12_room3_6.lua.gz,663368c0f3a4155098422b3a250114a4
2C80267D59008C722DC0580928325F50,41261,src/imports/map/stage12_room3_7.lua.gz,afbf7de192427baee285850127e41dd2
381A97C9B48DCBE75FB297DC0108340D,41437,src/imports/map/stage12_room3_8.lua.gz,63dbf1d08ecd4ebd7e0d19cd32759006
EFE041A38821C0EB77195C4EA918D565,38841,src/imports/map/stage12_room4_1.lua.gz,c9da1d6b6dd3a6aa375cbd32dcaccc41
169520F1DA9C0B9564E256AB5D7E9939,39893,src/imports/map/stage12_room4_2.lua.gz,6255c2702a1723649b18baca885dde77
B43FB58BCE58AFEF8D042C8E612804EC,39873,src/imports/map/stage12_room5_1.lua.gz,d8f74ab286adfcd5db9b873013ecd759
53FA876EAD69241B79885C39EAFC7EAE,46261,src/imports/map/stage12_room5_2.lua.gz,250ba06874b2a335784f64890a25301b
70932E24F2FFC588AB700FCB2E2E7F91,25404,src/imports/map/stage13_boss1.lua.gz,e3a69c2a0a9ff4fadc4c2038054ca588
CF7646ADE7C081630F04368D435D6A18,26332,src/imports/map/stage13_boss2.lua.gz,79ce946db1f20200be2434008b976cd5
4F1B137F4CAA76D026CF9978F0E1BCE1,38873,src/imports/map/stage13_camp1.lua.gz,13f67f2c3782776d6911a7104853a3ad
E7C9F21F9F1E5B3EC5F23E59B8F7FD44,29716,src/imports/map/stage13_camp2.lua.gz,8fafd53887218a633536d2c505777728
8A4363D8A823CAC178DC480C2263CE49,23264,src/imports/map/stage13_camp3.lua.gz,3c8f65b7704ad93de744793079ea456c
171459EA4FCEE9CE804783F836E4B2EE,33061,src/imports/map/stage13_camp4.lua.gz,163ba48f6bfc79d09515e5d3a5939043
521CB95062C67B33A7C86763EE21064E,33989,src/imports/map/stage13_camp5.lua.gz,db582bcf4d540ebd2325a54ab9882b79
8F499FACF7E39D377B958DD10306ABC6,39457,src/imports/map/stage13_room1_1.lua.gz,6366df7fddaddfda08ff4ee66f613571
206B14EC5176BC2EAD491C48B000A258,35993,src/imports/map/stage13_room1_2.lua.gz,3fac24681b6f44923cda1d6e660fbb6a
476CA4F4B4B4AE9DE9CF2DA3DDACB382,41397,src/imports/map/stage13_room1_3.lua.gz,b2beb58756476a6ba82a9f10797217b0
1C878226B1BF700458C72B43E1A9FD8D,35725,src/imports/map/stage13_room2_1.lua.gz,0611cb6cd33fc4521c5557d54d394742
A043203A38DBEAC7939BC50D9B005749,29744,src/imports/map/stage13_room2_2.lua.gz,e5d5d208978db21e7c47a0f689640040
C26ABEA715C863782D598AF3799C233C,44113,src/imports/map/stage13_room2_3.lua.gz,a4dbdd03b05a3df1b347f3a6c2af8342
7086F02B29C98623783EC63AA8B14D02,26512,src/imports/map/stage13_room2_4.lua.gz,0d09546ad6e06060820c4a73c77931ad
01ACF5CC49819F8888FE23AFC894518B,45237,src/imports/map/stage13_room2_5.lua.gz,1e2087430856e63fb3a69a1b79293e7f
3A71CC5FDE9468B45A851C777B15B129,29852,src/imports/map/stage13_room3_1.lua.gz,9b70b3094a7a1390e5130348389fa07c
616BD0DA58ADA47436DE802D4996B17A,33085,src/imports/map/stage13_room3_2.lua.gz,dab069089285e869209030e2e207961a
9D9454976A10971A2BCD1239D6002D15,41685,src/imports/map/stage13_room3_3.lua.gz,2c4a2c1d50cb1a68c98f618e4156ec5c
56342A3B65CB01B172D163C5CFEAAAFB,41541,src/imports/map/stage13_room3_4.lua.gz,bc24658c7a644d2c9868888c3560a980
9D36D7432D35231871E664CF74478DAD,21248,src/imports/map/stage13_room3_5.lua.gz,72958ed5d8f614b04f323ecabe8bc611
E7CCEDEABF8F2ACF3C15001AD9386A82,28780,src/imports/map/stage13_room3_6.lua.gz,a16899d901318bd608f1a4d2a7431df6
F42A4B58638DD89DC24079AF6C5ADF1A,32909,src/imports/map/stage13_room3_7.lua.gz,9fd28cb06807abb75cf497f607abfe5a
D2325A7A22440B7033252497F7AA645E,40429,src/imports/map/stage13_room3_8.lua.gz,80f8c0a5a89442d14f52f9cc0ffcb2ca
AA5CA958FC4E47B7F3CB4A971720CDF5,29684,src/imports/map/stage13_room3_9.lua.gz,85ba4460dc964157331d2a145356a0dd
16268B1FBF7A09A6A2DCED10ED41A506,24392,src/imports/map/stage13_room4_1.lua.gz,3cdc41caeae720f4663291df37b11815
DF227BB7E43C7AFC4A36A99674110117,30836,src/imports/map/stage13_room4_2.lua.gz,82f7d5ac8986c14e8c0d9cdd10e65d51
E2888C6FCE3A59B58605CF54B3B2AAF2,28460,src/imports/map/stage14_boss1.lua.gz,68cdf8e7b245df5cb8e334009c26f519
65889ED696F7F88D7FF8D98D253EB9D0,21000,src/imports/map/stage14_boss2.lua.gz,9b3aea9f9cac523c10485cf4c37453df
A23D3679F8AF9C4A5A0D1FAA81481B8C,37141,src/imports/map/stage14_camp1.lua.gz,f5356190f91ae46f97348cc1aa0fa0bf
6540697F8726B77F5896F82C84F59F59,30624,src/imports/map/stage14_camp2.lua.gz,24bac749c9044e983cc6026ebe71e1e7
CD5F881CDA9620F175CC56DB2B864506,35973,src/imports/map/stage14_camp3.lua.gz,17607c044be4bd423c6b12145a8f1093
18C0B804F1E7BFDE5418343CC563B4AA,30612,src/imports/map/stage14_camp4.lua.gz,5326e41c8461d6440b6d9d9534eeda27
1B5D1AE5313FAFB35349A8B2ABCE6CB0,34905,src/imports/map/stage14_room1_1.lua.gz,72414770a52481515ae4dbd1289daa75
57E6C9C3CE7691675D035A02434D3233,35945,src/imports/map/stage14_room1_2.lua.gz,aa88566c68a5cf6f1862c11398282a04
FD63A79436A7D2F43CCF826A8D867C06,37041,src/imports/map/stage14_room1_3.lua.gz,af0c91f5bff3e31fdce78c34c9084e64
491F27B62426939AB7CA0B21A00E1024,27376,src/imports/map/stage14_room2_1.lua.gz,c08454cbd82f722aae9f8c1995c4a2c3
83CEBA5FEF86D79343C22ACD337E18B2,30724,src/imports/map/stage14_room2_2.lua.gz,f94a26c52d3044d26614195fe1e290d6
B9E564E0FE3B998DE6A1801A7D202DE6,26276,src/imports/map/stage14_room2_3.lua.gz,fbb597e16be19e2d4bddaa3acc3397e9
BD82FBF11F502F381B8167C2C94C67C5,26244,src/imports/map/stage14_room2_4.lua.gz,b97c505b6314057543595a7a958d75c9
7EEEE5178010D10374EFF230DE112EF0,29636,src/imports/map/stage14_room2_5.lua.gz,f342cf408e5d108de5a6308609d0b13a
80A61255E29540E95F769F8B0BDCFEDA,16752,src/imports/map/stage14_room2_6.lua.gz,782fb812ca74c7fbe95d9f007cf26a95
AD2603CDFAAE001F17503D5A16831E16,27416,src/imports/map/stage14_room3_1.lua.gz,75f34c6e1496ba529d093fe65bf6198a
CD61709DE2F92932FF8C64ADE3B7FE16,32776,src/imports/map/stage14_room3_2.lua.gz,304bc17f9cb31767afa1abc8018b810a
AD4AD95CB644339A32F631FC092B3654,40245,src/imports/map/stage14_room3_3.lua.gz,13b86cc547c8a0df4321e8ae92cb3dcd
A5F44D89DC1AD81A9F8AD6736B6B22C7,23144,src/imports/map/stage14_room3_4.lua.gz,0dc2b684e72415acf75137ac47f6d088
3DB3101803BB47228F3B8B79724AE792,16752,src/imports/map/stage14_room4_1.lua.gz,25da9382d8754ece63947b3cd6e4d7b5
FE02F4166AD6D16FE21D591A8A4B839C,23076,src/imports/map/stage14_room4_2.lua.gz,8a7c25e5deca23472b84147f4f75b91c
3A3B8CBA1A55BAF0D6E43C93390DA715,24136,src/imports/map/stage14_room4_3.lua.gz,9ad3e7a26d8a422fc6f904e57ed888a4
7A361039053FBC67FC37BD864F01DD44,24116,src/imports/map/stage14_room4_4.lua.gz,c452039c5cab1e59b797cb62d59cd6be
63E2F7C40C41F1788ABE5E62519BD0D1,26296,src/imports/map/stage14_room4_5.lua.gz,b1f156a363b0cfdc4122e00991fcc316
9505073B93BEC4E111F2A11780B5CCCC,29560,src/imports/map/stage14_room4_6.lua.gz,c751230cbd8373abcbe7adbc12100ebd
7C1A7607EBDD2A28F0D715DC128FC6B9,25284,src/imports/map/stage14_room5_1.lua.gz,f9c62c736075990610c6179c3ddaacb7
ABCDF8753C4CD0888520A4AC3308B032,27380,src/imports/map/stage14_room5_2.lua.gz,bc8a496157f204a3273a0c07888e984a
5D40C40BB13C648C26297F4BA3A29D83,26312,src/imports/map/stage14_room5_3.lua.gz,0c64e74ea9f3e80e2110d6e9deea8676
7A85CE03D3B12E38F1EA006FBD4D7382,25304,src/imports/map/stage14_room5_4.lua.gz,c6d58d0b2f574c9037b7100a211d39e3
95869E4D7E2415A9E317983D9EFB8C6B,27360,src/imports/map/stage15_boss1.lua.gz,a5782b7ba1ca16b90493722a8ee32ef0
0006AFE3CC31F6B62536CBE68C969FED,20844,src/imports/map/stage15_boss2.lua.gz,2dc8d867d74bbbe297ee6cc1c5be3f13
C96096E0AACA026C6BA2A1A886FA2097,29516,src/imports/map/stage15_camp0.lua.gz,f3f7a1704d400834dc8b50bc625a4bdc
4A44D6C63D1DC77BF62DABF906B5A930,29528,src/imports/map/stage15_camp1.lua.gz,95494662018d03a83a7be9439e92fbaa
316CCF2953BD709CD1361F79DEDD0A48,28524,src/imports/map/stage15_camp2.lua.gz,b684f88d60fa3cb8e6871cd22ebe5009
68044312E45C0F254AB769853A78D901,28488,src/imports/map/stage15_camp3.lua.gz,e0169c504763f73ef214ce05199488ea
9849E3CE5118475B0E9AC8DB2ED4E4F1,32831,src/imports/map/stage15_camp4.lua.gz,cb3fabf90a8699fd4b1f76073959e663
AB35A57214DCDE96FB392736C4469CBE,30588,src/imports/map/stage15_room1_1.lua.gz,1254e2211f002188d3d794846491f72a
C429A0746858CC1F810E0F73B76807DB,27480,src/imports/map/stage15_room1_2.lua.gz,806b621ad71c60c0bc67edaae599e656
646702EB1196F1A912BD466638CB87A2,28488,src/imports/map/stage15_room1_3.lua.gz,f7a666ce5533edd8cef433f9957d94ca
CEF0DC990A8ECCF34CD9D0962D6B00A1,30604,src/imports/map/stage15_room2_1.lua.gz,46f7439b88f0d228512a94819bc8958c
B37AB38DE290634AF9DD082773AFC524,25256,src/imports/map/stage15_room2_2.lua.gz,457c3423db40e19972615a84832800d9
A4F15C1003EB495890D5665371A1F1AB,20964,src/imports/map/stage15_room2_3.lua.gz,0445991dad96bd956f3d56f1540baf56
DEE34EF0EDDB702DD993CB06E83BF24D,25256,src/imports/map/stage15_room2_4.lua.gz,b9eccda51c69bcfbd84b78faaa93fb86
6020E0FA0A706887C409368CEF1ADFAB,20964,src/imports/map/stage15_room2_5.lua.gz,8caa0a1b47286c3aad32ed244c2ef6d4
3E1EE09B4AC60357B92A380D46DDC842,29540,src/imports/map/stage15_room2_6.lua.gz,0cc72a742573c4a695cff8d08eecce03
812876F43B1327CEB998E10909568AD5,28496,src/imports/map/stage15_room3_1.lua.gz,1a03d0b1b61571c497910795269c801b
0688737E0284614F6327FA50C741C078,29576,src/imports/map/stage15_room3_2.lua.gz,c88ee4b457a5c49babf510bbb662874c
A335D1E1AC50B7EE99FBF92409D12597,28504,src/imports/map/stage15_room3_3.lua.gz,be6bdbc51a29a27e39cd387233538b75
AB6846637FDF5B73B9423FB7C984727A,26264,src/imports/map/stage15_room3_4.lua.gz,b84e66454bcf9a60069166d57b351454
250038AAA8F155324C77C2B0813B678C,24120,src/imports/map/stage15_room3_5.lua.gz,f643ffe70538d509a0541a53b323c17a
467D0974E806426A19212C28717EABF5,27360,src/imports/map/stage15_room3_6.lua.gz,8034417d68dfb7f8c6a506292cfc13de
974A9B1CA5AE6D93C498FB84D2B0A396,27436,src/imports/map/stage15_room3_7.lua.gz,7b6915654fb2c85f14d3394e95a2afdc
496B1B5495D17A7E80530C5F47CAB31F,29600,src/imports/map/stage15_room3_8.lua.gz,e9786f35dc42ead86394e98af5f74ac1
65C31011BCB00210A17EF64116CE6E27,24100,src/imports/map/stage16_boss1.lua.gz,6f77c9d095f031e8a29565ff1a2f7ec7
9EDD4CE25CE1BE3241766E8CB589BA2D,40409,src/imports/map/stage16_camp1.lua.gz,14990d84087ea3c71b4cc06b813f4acd
98246EAFB8BA378953CB5D9E85F27224,31276,src/imports/map/stage16_camp2.lua.gz,738bfa10767eaae72ef80b826830aacc
9EA0FECE5E6A011DF84D713FADBC6B4E,22028,src/imports/map/stage16_camp3.lua.gz,a99671393a3e53c288fc53e541bbed57
3D0CB2A1ABF7AAE417FE7B118B454065,37201,src/imports/map/stage16_room1_1.lua.gz,df63256bd21284b889598bcfb8e26e06
363285C5D370E2DBAB954779934E4E04,24148,src/imports/map/stage16_room1_2.lua.gz,5e07991b3f627954d66940a5a32dc175
7E5EA4530ECBDE73E8F697777B123E8C,42081,src/imports/map/stage16_room1_3.lua.gz,03053c922328b7d0c0f68644aaa1aa94
4FC1F948EAD85C6DF6AA2083022015FB,56098,src/imports/map/stage16_room2_1.lua.gz,82165eaab375d9b6eaa2eb596e575b74
1B2B58C21528668E6A8A9C62EC88F750,34485,src/imports/map/stage16_room2_2.lua.gz,ff12739033f3b2217a15b42b26d25504
2239BC1B7D8E9D87B61F86D686C36E83,34489,src/imports/map/stage16_room2_3.lua.gz,c13ca58ddcf182155006ec4c52d85af6
334D3FA8EE5643CA5CC7D74B9BEDE57B,40429,src/imports/map/stage16_room2_4.lua.gz,43780239a86064f8ab8df1215570f7c2
7E2A23C52C87FD21D9295FD092160953,33413,src/imports/map/stage16_room2_5.lua.gz,de47bac59ef5b10190ab81010dad73f4
AFA6DAF4B0EBA59C1EB1AAB22BF3E587,42109,src/imports/map/stage16_room2_6.lua.gz,1409599a388b68c2a73b73000a3cc410
1C245E6A39B5CDDE4554104239B9CBEA,53934,src/imports/map/stage16_room3_1.lua.gz,b1ff2e358afc614b2b396d3a9bfb57d8
FF05C51D0AEB2B543BFD13BC7E458739,33409,src/imports/map/stage16_room3_2.lua.gz,a5405da336db406f7a7c5fc685936352
0B924E69140A28077FFFFE1A6E147862,33405,src/imports/map/stage16_room3_3.lua.gz,18606a5b8b3f33922614b91aab4302b7
B47C359E2E7A30B69D38222AB6591820,40425,src/imports/map/stage16_room3_4.lua.gz,2817022f1b5a9a5c3493b72c455293a5
D1C57FBADE80A257373524D15E3B8725,39861,src/imports/map/stage16_room3_5.lua.gz,d9380057d3541ead896509965e00c42c
E246B58178975F52C8ED31EC473E2A8B,42561,src/imports/map/stage16_room3_6.lua.gz,6dab8efb2d12eda21f17dd7bbced245f
0525F359E3E462CF1F9B0FD211EFDFD2,61446,src/imports/map/stage16_room4_1.lua.gz,1084173cce635257bbe43b0734ab3d75
33610221507A3FBA1BF97E2D0F4D888C,38793,src/imports/map/stage16_room4_2.lua.gz,4ba781dc915e0a9129c931274579390f
A437407B26ED59E7769E52E8DF8F50CD,37709,src/imports/map/stage16_room4_3.lua.gz,52d5c013ffac1ff1fef8e5d71098635b
36574869A62F900A86154D98A8675A81,27412,src/imports/map/stage17_boss1.lua.gz,17aed08a02e1490738c805f8cb7c637c
60A20E29FD170C3FA8B7A78C7B749441,21936,src/imports/map/stage17_boss2.lua.gz,0e48311d2c2177ea906071d611cc3f05
B9FF473C2BDEC9DF04C71A073DC8CA6A,28516,src/imports/map/stage17_camp1.lua.gz,37dc9e591b6b292c24147b1d24c4dbe7
7424C1D024C5A9C6D74CFE16CFE867E8,23120,src/imports/map/stage17_camp2.lua.gz,ddd3b4cd646cbfbec166ee8f2b8ac9d9
7B1C7BACC11A4D776591D45ECB4BD685,29592,src/imports/map/stage17_camp3.lua.gz,540c38f2d929d7dd824e242772cd9473
B7610D376C8920C5171142AD92618918,27432,src/imports/map/stage17_camp4.lua.gz,19e44b92181596d976f3fc1f1946dfb3
19D6ED10ADACBAADEB8C53F7F3B3706A,34913,src/imports/map/stage17_room1_1.lua.gz,27d03525d99234f958ac9f561557f6fc
6240770DFE49E464863F394134236F2B,33857,src/imports/map/stage17_room1_2.lua.gz,f931088b2cf97bb7d421f14f8b4a49af
5DB5BA1B9B955044910D361E600F32D5,33841,src/imports/map/stage17_room1_3.lua.gz,e8e0836c1747f98f3ca70179ba75ff1f
E3B548E36C4DE6DFC59E8128EA03B262,55246,src/imports/map/stage17_room2_1.lua.gz,3adb81559e71360ffddb54069fb2bb93
4BA80DD7C87C37CC448424EEB9AE33F2,55246,src/imports/map/stage17_room2_2.lua.gz,c82d4f75934316b6fca584a97d513459
5AFF319ACCB2FA075893C06324186824,55246,src/imports/map/stage17_room2_3.lua.gz,7646d85f9aaf0a4f5d940fed3502ce9f
7EC13AC63DE98A7B2C2A0CE54DF0B174,42109,src/imports/map/stage17_room2_4.lua.gz,ed9da671b95117dd4a4dbae13dd3c0ae
92CC7F98564E310A4CBAF402E3C45B4A,42121,src/imports/map/stage17_room2_4_3.lua.gz,d57dfc4b746aa07251dbc4c1571921e3
A2D05D399756BD0EADBAE3D53DE75630,34961,src/imports/map/stage17_room3_1.lua.gz,eb41f898491b849e35c01f6ebe605f32
236FDA47BD7A9D864F04681E230A6158,34957,src/imports/map/stage17_room3_2.lua.gz,249a155be7eb70cbaea7db9cc484ba95
67FCF535FAD3BD8B4E03F1E174591062,37021,src/imports/map/stage17_room3_3.lua.gz,f734f7cda1ddafb8bac04dfaf6c3fc0c
7E8439587BFFC6F58AA58E8733D97359,24288,src/imports/map/stage17_room3_4.lua.gz,946f785c0db7a2928993a78076a4089c
C48334BB724D53A08513ABC762E0EA22,33889,src/imports/map/stage17_room3_5.lua.gz,237a6ff88dfc5de08222b8b7b98a0be4
2678940AC3D68B3906674C2B9D1E0DE6,31744,src/imports/map/stage17_room4_1.lua.gz,a672dcd0c14fb6fe86ec32daea21ebc3
87FCBBA28C4018E5FE0CF04BBC395DB3,36053,src/imports/map/stage17_room5_1.lua.gz,a219d072ac4cd94055cd587f71d235dd
945A7BCBEC763D89287B90DD2C04E62D,38085,src/imports/map/stage17_room5_2.lua.gz,9fc3fe6bc5403ead4c23484cee533921
1E548412EA9A6C655950EE5ADDDD87B1,35913,src/imports/map/stage18_boss1.lua.gz,55b8bb7cb403d59b15bda41f3fd18d8b
BCC731F7D45D67D373D510E33807D34F,27280,src/imports/map/stage18_boss2.lua.gz,f836ba2dc331de7b1f8a0634297015cd
8D334FB0CE45FAAFF5B16F3409A15B75,46809,src/imports/map/stage18_camp0.lua.gz,6b78d2f5ce0e4664df30479486651525
3B058E6595733C053A2914A9EDF9621C,48989,src/imports/map/stage18_camp1.lua.gz,3f3109951106c8e7b9a3cab0ab00d793
40B0F89FB64BABBF59EA0BA97C3DC087,40341,src/imports/map/stage18_camp2.lua.gz,59c84977b9151b21b217c8b74e5d4841
27B47DBDBFF9A735FABE7A4CE8170EA0,54290,src/imports/map/stage18_camp3.lua.gz,50023ab6b35a7e4f2b483758b03d8a0a
6BDFECC1CE72C8937BA0E37CC3D887AA,32760,src/imports/map/stage18_camp4.lua.gz,c89bd68fb5f5ef472492e57e4d69df9a
B4E43F8D1917B59D4B88728625BB7ADA,53266,src/imports/map/stage18_room1_1.lua.gz,85ffd4f135a11723a8591ccbd5673f53
3753599BBAD452FE9CBEF7F4D6B86C1B,63718,src/imports/map/stage18_room2_1.lua.gz,fcae90d4b221d9d1faffdb05ae9098ee
5B0EF820EDF7DF15199D01354B2BDE2A,44689,src/imports/map/stage18_room2_10.lua.gz,c9e75ddc90db565efa4c9c5eda15e547
CC1F916837BA9F7CB756417E25ABB878,63718,src/imports/map/stage18_room2_2.lua.gz,5e6af58c5ec764f33dc431ab1d4da3fe
D599C9355B6103506F08F681494ED51C,63690,src/imports/map/stage18_room2_3.lua.gz,b205ad9564ece3a5643e3ce8dd4a78e4
E92B9836B793D359425DE66AA2285550,63718,src/imports/map/stage18_room2_4.lua.gz,3d49355e01586896ecaf359506ce5d76
41D00B108026A1BB5DAA2596CD4F2AAC,57250,src/imports/map/stage18_room2_5.lua.gz,310ceeed7592bc3de60444b88656e6ec
9D626D5E62DEC09905129C40F6796FFF,63718,src/imports/map/stage18_room2_6.lua.gz,492bb7826475c34909a5bdd97b55e0f9
6369A383715DC127F9B764F95C861B60,63718,src/imports/map/stage18_room2_7.lua.gz,dba67d245582372ddddaaf9c2803be8f
0D71982D55A39F55AB65FD95F973A54B,63718,src/imports/map/stage18_room2_8.lua.gz,266c89b5196ed2a3f6f82c9bb14778e1
C08A4F27F91D8F3AAC98106E1F5F334A,52310,src/imports/map/stage18_room2_9.lua.gz,5b900ae0e9ab374338aa31b702f3ff72
41187BFD7AB2B6DCF871028CB872EA11,60054,src/imports/map/stage18_room3_1.lua.gz,acbf745a8ef9c422be579c290464c71b
0FA4445FDF10DF0F6AED1B08895D850D,60058,src/imports/map/stage18_room3_2.lua.gz,dffb439002d431db744b1f3d9c2c7835
5298CCBA59B831560AD4BFFC20EC2665,60058,src/imports/map/stage18_room3_3.lua.gz,f84d6a2c5b80a3645f848c77ad222bb0
6915100415B842474EEC2650F351A9E7,60058,src/imports/map/stage18_room3_4.lua.gz,6d981ecd18e194d24ea96e03d1f2d0f9
E2F475704C81F36EDC9F43204C694B31,52522,src/imports/map/stage18_room3_5.lua.gz,28f139196e02a65bcdb6eaac745f7b49
C62A8589286E54C234DD62A0FB85A2F4,60058,src/imports/map/stage18_room3_6.lua.gz,4da1d22b21a479f1e196b10a77f7d790
6C3A132A3ADDD201C72440BC7069CE29,60054,src/imports/map/stage18_room3_7.lua.gz,40b3fa2fea6e81a3f4e7c962b93af384
D783DD437F0EFB960D34343B8A7BB694,60058,src/imports/map/stage18_room3_8.lua.gz,ddde35b866b3663fb0d2e601ce285f0f
B12FEF8F01484DC0636D5393BBCC7E3A,29528,src/imports/map/stage18_room4_1.lua.gz,b1573a70c700b46e43e007bb8c4fca33
7EEAFA090DAA902FE22A89A3E319459F,30592,src/imports/map/stage18_room4_2.lua.gz,5a5250d69094994c437904a92c954647
69EFB325C610D94F667F16C42C4F0248,54942,src/imports/map/stage2_boss1.lua.gz,0d039ed8afe2e4a3561328401add4e86
CC6DA1B8D874E688AE98A53C164C8C42,37025,src/imports/map/stage2_camp1.lua.gz,fcd36afbd734cfd094e725f0eade20a1
8180E0BF29F770B5536F44B743C0C0C0,53958,src/imports/map/stage2_room1_1.lua.gz,a8854c79ea8e56115e14fdce547503a9
862503C195FA991EEB83F06F94074457,72291,src/imports/map/stage2_room1_2.lua.gz,3648c72bdd9329a2bec81575d05ed84a
DDFCA7A93BD91A4416439ECCF7F7AF04,75319,src/imports/map/stage2_room1_3.lua.gz,e7695787a907f3258769b89d5dff581f
85FAB780F19A17CDF45D1F55C75DCC94,69603,src/imports/map/stage2_room1_4.lua.gz,75b2b4e11ec9f7a31af211fc388f5d1f
FE76EC50ED8E91C10A12EF79C01DE641,72103,src/imports/map/stage2_room1_5.lua.gz,5e6d0e182ad5ab98248266c8a34f9368
7487D0DB69E3F6E2B7601257254B31B3,63274,src/imports/map/stage2_room2_1.lua.gz,60815e9d664ee86eec56ebe8cec53eb8
3903713818CDC15FE9F469DB5BFA6176,45897,src/imports/map/stage2_room2_2.lua.gz,fb5ce3ed0cbcaf7273c3fc8a282dce28
DD53F318183EB79001E4861594AB0483,57854,src/imports/map/stage2_room2_3.lua.gz,87bd6d714e05cd4ae0d22c890e78eb9a
81C82D64DF490C665EC583217BCFF4C6,34673,src/imports/map/stage2_room2_4.lua.gz,4641b63e398edb75d3bc44cb50526cf5
CB650A3E721499EA1705B592C5C9767B,64078,src/imports/map/stage3_boss1.lua.gz,1790ed60f44fc7e1baf54e59d79bdcaa
9697F003ACF7EC647423DB54251AC093,61878,src/imports/map/stage3_boss2.lua.gz,f6fa5b3daa130e1823d794604bc1b0b8
F41C63058DE58460401721526DAA95B3,56286,src/imports/map/stage3_camp1.lua.gz,99790a51113be5321872fc521c46fa3b
D49559BA8C55E98E7061F3134DA70168,42525,src/imports/map/stage3_camp2.lua.gz,cf5d653c91c9788347d0e01ed5c157ab
2CC5D501210FC340B239D0BCAF722B84,65082,src/imports/map/stage3_camp3.lua.gz,7adf205145d78b788a53896d3d40eec4
6BCB22ED21978D77F7FFBB877A61E900,39177,src/imports/map/stage3_room1_1.lua.gz,4af0932a9dc09e5c6343b262dce2638f
3C97EF4532DFF9940C2CD301D68FBB22,59570,src/imports/map/stage3_room1_2.lua.gz,9f859726246638ac6294e02b2a306dee
784BA1AFD922599BEA18EB281447355C,55258,src/imports/map/stage3_room1_3.lua.gz,d409a20612ea71274eb348c6a34c969f
AE786229796971D654F7D0FC4B1172ED,40417,src/imports/map/stage3_room1_4.lua.gz,4d485d6a03cdf1cfb8484b16233c90e3
988F9F72DE25ED84CF9D7BFC11233E1E,45661,src/imports/map/stage3_room2_1.lua.gz,8c69a02b7d79ba32e3be5cd1c7f74a9d
E04A3AA543E2BA3840744613901637DB,51002,src/imports/map/stage3_room2_2.lua.gz,14c496df345c316f4fe1dcc73960a01d
DF23705760A8B23D88B16C6D0B326E76,33913,src/imports/map/stage3_room2_3.lua.gz,7ceb221864cb0f336fbd5cda649a9086
4A66627D5BDBD37ADEE6C0B8D473357B,50134,src/imports/map/stage3_room3_1.lua.gz,cfad80d77ceda0c0a7a812d55daab6c2
281282678B993B520F59FC20679A4FEB,65026,src/imports/map/stage3_room3_2.lua.gz,e3b5e8a7ab321379d4e694d881d9ccc0
50ECD2A84214CACBF2F87AB0227BF919,32588,src/imports/map/stage3_room3_3.lua.gz,f4450ba8b8a1f9aa421cacac93b00ad2
798B674DAA876BBE01B6A64AA220D27A,61862,src/imports/map/stage3_room3_4.lua.gz,f402c977eae337da4cdd3efa3f2a10ce
14E12FBB914124558D8207247893C9DF,23020,src/imports/map/stage4_boss1.lua.gz,eeb84aa090440c1d148eccb0af6a954c
3E950043FB2BA10BD6E06ADFF1C19B36,33189,src/imports/map/stage4_boss2.lua.gz,dfbb7872cdf14aaee145aeaaba1527d6
458B21F3EB0153F1274B2CB10199EFF0,25168,src/imports/map/stage4_camp1.lua.gz,41d83697938c40cfaee369bd0eedda15
A994A8A017584488ADFF36911E7DBD84,41381,src/imports/map/stage4_camp2.lua.gz,aa7f8257310fbf461700bbc1d664fbdb
6389C5692C1C500A44B6D9A2685F8DA8,34773,src/imports/map/stage4_camp3.lua.gz,067a29b822a0a534fe28a015d6ae83fe
0B61B01074F50B468B67FC64E22A7DEE,51026,src/imports/map/stage4_room1_1.lua.gz,c80ec0c04521303e12d24810fa475fb9
BBA0842F222C71E6C15E1E1A9D051AAF,53150,src/imports/map/stage4_room1_2.lua.gz,87039ad8047e5866acded2cfd3445eb1
A3419F067A361C6EFB65CA1F23D7CBA3,38157,src/imports/map/stage4_room2_1.lua.gz,0d5b88c1905f125fac190c0a80b9f08b
F708A37D4E75612DCE8E7FCC1273AF10,40201,src/imports/map/stage4_room2_2.lua.gz,9dd21eaa962116893be3357ffa452d5a
2FCC7E540C1CE169D9C41663164DE5E0,41281,src/imports/map/stage4_room2_3.lua.gz,6b99a6aabf26dccf94b2d3eeb1884c6e
E4BA67FC28354AECCE6450C2F0B1E641,36865,src/imports/map/stage4_room2_4.lua.gz,88cfef6412224890ada1f8276fa33032
FB8F05BE5F87EC12A9FFA1A03D3FCBF0,40205,src/imports/map/stage4_room2_5.lua.gz,6e0838cb6ceda6ee3639b1e1e8e33038
2A94DE6C39D04802EA91358A09D6DAE5,34957,src/imports/map/stage4_room2_6.lua.gz,3b13d6d6e7dd42679d1d71f8c6c6b008
6BD6264DD13CD317E27D4080EF774977,53010,src/imports/map/stage4_room2_7.lua.gz,413d1fa50cf396872fce59420e092827
C56B59A85996B791AD7C7A2AC3C12EC9,31560,src/imports/map/stage4_room2_8.lua.gz,2919ab5181d140f1ef15608de0e9ece0
EBAD17B2A64D2D303E8EABD4EEAF7460,38181,src/imports/map/stage4_room3_1.lua.gz,58bbbe4cba549d8129427119917d760b
38F186B2EFCA3E0A497D17E7697B7C57,41273,src/imports/map/stage4_room3_2.lua.gz,f9a472f3738e76fe4c6896fc12028fa9
2BD14EB9F57A4D181FD8F427EE7ED563,47841,src/imports/map/stage4_room4_1.lua.gz,94d1243e52a125c2a3621bbf488e9174
F616231447F0AD44C2790DB8FA8A52E8,36105,src/imports/map/stage5_boss1.lua.gz,65c89cc360ce9bf586f8447f7d65b56e
FDB9AB4C9EB4F80FA0ACD6326235CAA1,31784,src/imports/map/stage5_boss2.lua.gz,b148dd8b1790bd7e0db8ab34062191c0
ADCE846BF02FED95F2D62CCB686051B8,57686,src/imports/map/stage5_camp1.lua.gz,7b494780c336d7a61fe07cae3fa398ef
B077F02690768B55BED21F6EB35B672F,50054,src/imports/map/stage5_camp2.lua.gz,ebf7a56b258393202f79c1658059bc8a
DB6FF59DA6476ECD456679AF03416223,51194,src/imports/map/stage5_camp3.lua.gz,7a20418d766724fe211c0533643f9f8b
4C3F06588FA99C59F2059B9207FE78D4,89880,src/imports/map/stage5_room1_1.lua.gz,5f5ed5175bff7a747ec9b33f23469bf8
944D277855F7B833DFDF58292318B834,89840,src/imports/map/stage5_room1_2.lua.gz,2d134e405ef132c3ee13f8666bc0b4e3
751EAB81369E53D95C70FAE281CE7661,51162,src/imports/map/stage5_room1_3.lua.gz,829c50336a6b626e60b19a8d501143fd
1B5C146A4EEFCC081E812EA8DAF41CA7,17856,src/imports/map/stage5_room2_1.lua.gz,06e68fdacced41f55dd2f6b42e1d2e16
342AAA74819B125773AAED21BF4F86CA,31656,src/imports/map/stage5_room2_10.lua.gz,75929c79c9deed204278fb57666f3bb2
869805722194C76C69470BE3D7A8217E,16720,src/imports/map/stage5_room2_2.lua.gz,d755a8d9135d6cd85d4f58b511d9f2a3
0B94831AAB51B8EAD22CCFDEF1FC93EB,87632,src/imports/map/stage5_room2_3.lua.gz,9775bba8601ebbb11a3c967453f36518
42C779C14BDDF335EC3DD8B350DEC7EA,15707,src/imports/map/stage5_room2_4.lua.gz,ca1cae15300458cd3babb4abef443568
477C5118DE4BC82CA9C7B2C8BE962174,26244,src/imports/map/stage5_room2_5.lua.gz,9e881f8f639a506e94eb7e85d1e9bc20
5BDD8CDA3E6D2DA03DC2BAD709BE2097,26192,src/imports/map/stage5_room2_6.lua.gz,f4e025e3e6275889ee2f8c9a237b4d01
745CDF9752C5B5C14BE299FA68EE7B0C,28304,src/imports/map/stage5_room2_7.lua.gz,84678c0e6374a921e642a4c18d27cbdd
C47ACA53467E601103A7A90327CBF9F2,26188,src/imports/map/stage5_room2_8.lua.gz,057401aa808087eb8088ed2d8522705a
8BD9E21BB7DF71939943BC9CCD59E511,27252,src/imports/map/stage5_room2_9.lua.gz,e777405360eeff22bdd9ff013d40a05f
E9834F64BD5C41881EFE28916DBB7AC5,41497,src/imports/map/stage5_room3_1.lua.gz,8ef15ab0cddb2f530b96066bb653e548
3330F150671E3B406797F833247C162E,31792,src/imports/map/stage5_room3_2.lua.gz,21bd8dcfd94aa8391072b593f88fd66f
7A8D8F4ACEE45C8DABA6E0A6E535544E,47561,src/imports/map/stage5_room3_3.lua.gz,bb4978177344b31a9908429bf559f118
B2A980679A42C1CFCE2B046A75BF444E,34837,src/imports/map/stage6_boss1.lua.gz,b6d1bc09c3c0f98011f9d017eaec3374
96097DE3C179BCCCE8191707C2C5D0AE,27512,src/imports/map/stage6_boss2.lua.gz,bd44893408a8c1963e5016fda8d78a52
4E879132C6507A5D2707F43700AB324F,39249,src/imports/map/stage6_camp0.lua.gz,c290907e1ce13eeaa0569933ad9222f2
EB35D2CAD3B380DB1979CBDCE7D3A88D,33805,src/imports/map/stage6_camp1.lua.gz,d3718ca13b06ae76360c63ae4be8ba2a
4319FAB830AB3ACFBEF928172A873E1C,39849,src/imports/map/stage6_camp2.lua.gz,2eab96f272f2bfe03f564b9e86826f35
EACEEB55655C481F6F87D440F76D8410,27416,src/imports/map/stage6_camp3.lua.gz,2b9a23137e59e572959b924a92ae3e20
21FAECB6576DF5E296FFEF20A50E4049,34041,src/imports/map/stage6_room1_1.lua.gz,947bf23c6149c4d34163355a5cf976ce
145B147FCCEA823FAD2C8E72FA8D43FC,28408,src/imports/map/stage6_room1_2.lua.gz,1d9643c06c16d8610718c3e6fa659277
EF3D252E5B8A24DCBCA52DF81742682D,28404,src/imports/map/stage6_room1_3.lua.gz,f9ff8b5cbfe96c7fe3ed0a5ef14aa345
7A0952D30699C9049327EA347599F7BD,35057,src/imports/map/stage6_room1_4.lua.gz,1f99d5639a01e4cfed3c592b0b1b57c7
E35EEED2C1E57E192F2043C209756668,26436,src/imports/map/stage6_room1_5.lua.gz,47beab3109f9352b787fecd95e2a5986
904CA49ACF243A037CF68FDF7CC3AF73,31884,src/imports/map/stage6_room1_6.lua.gz,6028f01dace4a49fc7a630fff081de30
D20515FEA307B3A4BA0BFCE156AA3E9A,36165,src/imports/map/stage6_room2_1.lua.gz,dde2c863bf72cc9839509cf8f42b3bbf
4DE9F9886D4309161EEC5364092C9001,37185,src/imports/map/stage6_room2_2.lua.gz,1597b8cddcf238c6944dd89cd89810a2
F9928B185C126484AD4C69805DDFE928,35529,src/imports/map/stage6_room2_3.lua.gz,44363317544f0d351aa212472b38181a
B3C216B9DBA2EB467264350424DF2F3A,32396,src/imports/map/stage6_room2_4.lua.gz,b8a265bc1aad3c21c503ddde1e41da7d
F698CE3D4C40F8533679A5E49CC1026F,46313,src/imports/map/stage6_room2_5.lua.gz,be19996de755e7ed9a3bfe0dc6fd7082
087BE3AC502CABE76DA785EAC1C014D7,39193,src/imports/map/stage6_room2_6.lua.gz,4ed728f5db602b26cebf3fadd35eb5a7
B13E69E1E333BD38860957636D505002,28476,src/imports/map/stage6_room2_7.lua.gz,f6e5af89d38d5b11c5797d38f50d1b88
EFE0FDEA8244C50963BBDEC7DC017517,36157,src/imports/map/stage7_boss1.lua.gz,f5423da2e5123e180570d0df17e297af
BCBDEA1006A9A73A657BBDBC6464B627,42529,src/imports/map/stage7_boss2.lua.gz,9ba2481e10ef71c94491c79d276167b4
AEE9718D0ACE632BB5404CEA3FE2FA28,47925,src/imports/map/stage7_camp0.lua.gz,e48bd05e6b85bac78bf0523fe869787d
C6574EA4A07A53664E6826B95AF73BC4,37101,src/imports/map/stage7_camp1.lua.gz,4d5231946e6ee057bb0f5dbfe5f58928
D981E40489D339E01BB7C773E866378E,35077,src/imports/map/stage7_camp2.lua.gz,ff7f0ca9f67794b0eb56fa6f544e31df
75B9D0B1DF876CE6009F8DFDC5CF583A,39229,src/imports/map/stage7_camp3.lua.gz,89bdc7fdb5b098a23b99f883110d94c6
44FB8A5293540792E1B0F5BD5C179CDF,41433,src/imports/map/stage7_room1_1.lua.gz,e6b84dfeed466d083a3da1d85cc1bc86
4FF90F08856524BB179D4369D6BFE272,37173,src/imports/map/stage7_room1_2.lua.gz,18b8e505fc8a9c7118c9bb7a7aefc831
228DCA16B08425D371E69AEF2C72AF36,28552,src/imports/map/stage7_room1_3.lua.gz,096b8926cc1d561c1fab80b21f84f77f
35F5BBACFB4DBCFD68447F8FBFC50605,31788,src/imports/map/stage7_room1_4.lua.gz,6f0567cbfef111adc551935e2f6a5f83
624D2A0824E84998C610336B0B4BBAD3,13367,src/imports/map/stage7_room2_1.lua.gz,70c486d756e5534af89bceb8cb590596
DD87BC42F9588E9340D08C3D215099A9,37277,src/imports/map/stage7_room2_2.lua.gz,33effda915e56a6e6b70524993ec6eb2
1964449F4D3473897BF6F6A304A2ED76,31844,src/imports/map/stage7_room2_3.lua.gz,c6d89af2bb0619230eb784468b9beffb
E4DE97EA846FF467CA2D65252580DB18,12311,src/imports/map/stage7_room2_4.lua.gz,b1a8cdcd5b8e89becc02b95a2c4dca34
61C50072635003E73EEAC176149DC06D,37313,src/imports/map/stage7_room2_5.lua.gz,d2e1349b99277764359c8ab25542fd14
0FDC24AEB65ADB9645D7542106826E15,30804,src/imports/map/stage7_room2_6.lua.gz,2c286fc255488c8c481cbf6af1407285
76D2ABAA29BF9DEF24EE91333717F951,29792,src/imports/map/stage7_room2_7.lua.gz,42ec14953d0355789475123e21af399b
A8D49EE317E6D7935CCAB12246795C64,36057,src/imports/map/stage7_room3_1.lua.gz,d0c47146f4b736a061afbf8269b09c37
53CDCFB91384F771D76B0B21071D5338,46293,src/imports/map/stage7_room3_2.lua.gz,3fd02a111cac1b84b4aaa3d737aab972
597766AF379EB333CBEC48FA7CF085E7,29708,src/imports/map/stage8_boss1.lua.gz,10fbb28be3f1692aa8df49c02ab8e781
B1AA9E66FD3B1F50F0DD2498BC11F67F,49193,src/imports/map/stage8_camp1.lua.gz,79a6318b2a2c7f4096f2b2d74225b9dc
469565A745FB92747E20AA6C88F09D4C,43693,src/imports/map/stage8_camp2.lua.gz,ee7b8e347edc5e63c194d9e3913ba9b0
376A75862B17ACAA501D44D2CAD3B3D6,45809,src/imports/map/stage8_room1_1.lua.gz,64c599289b6995b698be8b5ce88d4035
C87C435097ADF147A3118DB2D7B5EA3B,37173,src/imports/map/stage8_room1_2.lua.gz,5d616ad6e07ca46383dab41b0f5144c0
B7D130BEE06A9864F292B3C8358E0CDF,40393,src/imports/map/stage8_room1_3.lua.gz,03fa4568ad9bd15d765c1fd3ae0949ff
311AA17C2267A0D23286787896C97C6F,18820,src/imports/map/stage8_room1_4.lua.gz,ee0cfb4e4f52994b5a799d4f21c3fb57
ECC1E6F77587CD537E3E9952815BDCA8,17752,src/imports/map/stage8_room1_5.lua.gz,90dbccbf5d86ecd8cf6f9e0d87a14583
89B3764ACECBDF3B8F1B8BE18B4A1E29,17792,src/imports/map/stage8_room1_6.lua.gz,926e2ef271bd87c37223b81a4b77abd6
30A00039BE2C7A80DCF982603F36B6DD,35153,src/imports/map/stage8_room2_1.lua.gz,8a3a0c9304958ca710f28c80f3f82126
117021F2E81AF01F2F5A302D061BE17F,27508,src/imports/map/stage8_room2_2.lua.gz,3ee58c6aabb59521700734b94b08dca1
64D71B9AA3AC7A27827F112898D15E8D,49718,src/imports/map/stage8_room2_3.lua.gz,c6d6231082f91192c9cc911b124378db
F0B1F77E52701D361ED07E6CBF838FBD,39445,src/imports/map/stage8_room2_4.lua.gz,2fad9c6ddf217f657d053a4f137e468b
50F10515DD8CEFF85A1DD90811814E3D,34993,src/imports/map/stage8_room2_5.lua.gz,74896f083c599510b635d46164868cb3
81A05A47E5D1505DFAD97EB99F3F914B,27416,src/imports/map/stage8_room2_6.lua.gz,aa25fc8cbe5e98a3e03fe2626edd6277
9BEDE9743D8445F1EF66A9DA2EA5E567,50214,src/imports/map/stage8_room3_1.lua.gz,62b4d38a51232b19bfbd95e35916d3f0
BE71BC726A9F5A6CCC0C907F1F11D4E4,62030,src/imports/map/stage8_room3_2.lua.gz,233ad823468a4830480dcb279e75a553
29EF0BF6BF5C8F98C7B109407894208C,26432,src/imports/map/stage8_room3_3.lua.gz,c2a6c40d8fb95f5c5167e45ca94a70f5
C8047E228EC39FA3DB94093806587881,36165,src/imports/map/stage8_room3_4.lua.gz,9be71922443d75ba6a27205c650dfb9e
FD654D0A61660CC934A6AF60E9C4214F,23212,src/imports/map/stage8_room3_5.lua.gz,b7f455776c5305a5299972c2fcc2ec93
71826CA56F12040B89857AE9A4B7F3C1,25364,src/imports/map/stage8_room3_6.lua.gz,d34feac013f165790f28c097e7b3049d
318A233E9BA6DF72C50128E91BA3D37D,43569,src/imports/map/stage9_boss1.lua.gz,aa7dc047a56d9dbde2ae527ef398bf50
978AED2E9267074BA561A49D1CE68D84,42369,src/imports/map/stage9_boss2.lua.gz,31bd4497746975f2caf3276c612c5c16
1499E8316796B647317C5AD2149DC1B4,31616,src/imports/map/stage9_boss3.lua.gz,9aa117bd9085afb4c110e21fa52432c1
C33E70D1181D74941421221B2627BCE5,31824,src/imports/map/stage9_camp1.lua.gz,8a76a4817585359d042f6a08ba20ef7a
32A6CE32F3B93C71D113FE06891F3E5E,27504,src/imports/map/stage9_camp2.lua.gz,4d7ca730ce220fb7de8041102dfd15fb
4249283AF402346B7237C14EDA8E1CE0,28632,src/imports/map/stage9_camp3.lua.gz,4c64193c950d2eebd04fecde95f971bc
FC87AFE17C820A2540BE0B4AD3233E3A,52814,src/imports/map/stage9_camp4.lua.gz,c3e2f2d08321eca5bfe905da3139566c
82BAA475B3D22DD7F6BE8C05B858E815,39685,src/imports/map/stage9_room1_1.lua.gz,af8e8334dd8ab5cba9a9954e878885d0
BE88CE82E6EC13F0CA4245C45F3BB07A,34457,src/imports/map/stage9_room1_2.lua.gz,ef8cd34e77a3925ea4be88295ebb1725
1B6C3758C886D256F726700E0F6E22A3,40345,src/imports/map/stage9_room2_1.lua.gz,43d9581049d179f26b774d2d67bf96d6
921C0476C68EAB6ECBC8B23FBF5432A6,26260,src/imports/map/stage9_room2_10.lua.gz,cf8b371b1da9be32e8ee52908b4a6221
9B551B7E1475C7E8967ACF30CBBD48B0,34477,src/imports/map/stage9_room2_2.lua.gz,c0ade49bd132aa00de916317d323028e
20A4D42D924734E8B818091A5A40AB4D,44145,src/imports/map/stage9_room2_3.lua.gz,130b8bad5de4deb882a8f97761e3fcb0
A36EF925208268804537D9CE7567BC56,27512,src/imports/map/stage9_room2_4.lua.gz,0a15cc2c21c8b137d908a82172579359
677A44EDD9D036EDFCAECDF854776838,48837,src/imports/map/stage9_room2_5.lua.gz,d7a373834e88fabc03c47c14bca30b01
3C68E48AE3BEC5A7EE87B3C7B6398DB0,45897,src/imports/map/stage9_room2_6.lua.gz,e443edc534ca8f509a2365eac5002dc6
D9DA9D065EF3172E6BDB0F6DE4AC1152,27512,src/imports/map/stage9_room2_7.lua.gz,4f323987c3a8e3626e365337ab03fcd2
BDB7558AF7A651A749B5E1648C16A994,19868,src/imports/map/stage9_room2_8.lua.gz,1522c0ad9eca2f512a213976d5375187
2B4BC1AA248D28AAB16FBE6DC1BD3DB9,28368,src/imports/map/stage9_room2_9_1.lua.gz,5c2237522109e12d26bd92e2b0f2fd8d
4A722EE70C76016B8290D723FC532124,29472,src/imports/map/stage9_room2_9_2.lua.gz,2291521c7013b5c176724109546143c6
7E393B65351EAA73425CD967DC4B33EF,29456,src/imports/map/stage9_room2_9_3.lua.gz,2e4b64705b55a49f3189e8882c300780
EEABA8D9A86800FB3B2DD0A9FC7694E0,32712,src/imports/map/stage9_room2_9_4.lua.gz,ba874355fdebea62898d9bb539516dbb
07313283A0BA76BB5F0CFE4F4AF750F9,60406,src/imports/map/stage9_room3_1.lua.gz,0988d23a3cef4ac84b92348ce2e94b6d
8F721C5CEFD291EAC576A0D7C7267B7C,72811,src/imports/map/stage9_room3_2.lua.gz,6d26721b40de46d86b4e66d0e0761651
2A684C5556018B39EEEB52894AEFBE55,76355,src/imports/map/stage9_room3_3.lua.gz,54d74f3365bd16456009070a7067d507
E77E8433618E0087C9B046292833C66D,39193,src/imports/map/stage9_room4_1.lua.gz,05a15f979dde8d0f7c5445e3835e5e60
75C2E51C8A06502BF1CBF54CC037A2A4,34877,src/imports/map/stage9_room4_2.lua.gz,29912e62d585e352cf6b69dee3b7a09d
6A7E5DF30AC31153FCC0FFCE3860BD7E,39109,src/imports/map/stage9_room4_3.lua.gz,8461493fc876f82508a391e19f6e65d1
EFF3CDC98CB9B882F4568D22A796E712,28508,src/imports/map/stage9_room4_4.lua.gz,05011880bf934021cafb0493090d43d3
F73F21480E9D75F4C3DB897BEA620DEA,64758,src/imports/map/stage9_room5_1.lua.gz,162b27227bb0fe4712a5ea6ae127ef67
D8E820F8D4DF1900CB9C275A9EEEE72E,67931,src/imports/map/stage9_room5_2.lua.gz,1103a21e574ca7d6f23e821d8dac23c9
3F79DBA5F42D10E94197CB28E652E4F2,298,src/imports/shader/black.frag.gz,84d7c4fca052ffe591a612b40bbf246f
F9F9875A8E42EB6A42805542E9A4A847,310,src/imports/shader/black.vert.gz,695a7f230e9460f871090650d1f3a02b
0FB811608FBBECEB87AD96DD5576D7E7,362,src/imports/shader/black_etc.frag.gz,22d557dc90d0fd6938de97edca169422
BF27541735EF2081CEB6ABEEBE5ADABF,310,src/imports/shader/black_etc.vert.gz,695a7f230e9460f871090650d1f3a02b
32380A242FFC13FF010E888785286DB2,600,src/imports/shader/blur.frag.gz,788007f61d89b2c35d87cbe0cd66982f
265A3047DF39E9063B7CCDABF1491C75,310,src/imports/shader/blur.vert.gz,695a7f230e9460f871090650d1f3a02b
59649CBAB4C2FEF4208D46C6374A8191,602,src/imports/shader/blur_spine.frag.gz,91b4269807bdff0c23ccacaaa331f0cc
7A31262EB64CF6750D3B0B86ABB2AB52,310,src/imports/shader/blur_spine.vert.gz,695a7f230e9460f871090650d1f3a02b
72970098A32F49BF90BADE9101FB830D,733,src/imports/shader/blur_spine_etc.frag.gz,e4bb7df7c1ab032b1c581e38fb184aee
A6F9EC83EC0FAD650536257B75821C05,310,src/imports/shader/blur_spine_etc.vert.gz,695a7f230e9460f871090650d1f3a02b
817364809231817A6EAF39EBB455FABF,466,src/imports/shader/clarity.frag.gz,36b9d351a084c727e36436ddf02ded5d
ACAD76A9DD103D8D9A1ACFAD8E51D5A4,323,src/imports/shader/clarity.vert.gz,3ed3621d8532b0930502281eef3a3057
7A271D9E78BF61A93C6E7C0429FF3EB6,454,src/imports/shader/flow.frag.gz,feb8df488bef0d2e2b06aaf43dd3b3ef
3152146A0A6AF6F7002A80AB402EFB13,25946,src/imports/shader/flow.png.gz,2127fa0240073dc5965df1dda8292738
5C1CD61F7E9FD0821AB4B97DAA12F795,310,src/imports/shader/flow.vert.gz,695a7f230e9460f871090650d1f3a02b
CACCC5D349373E5A8133FEB84CB08797,337,src/imports/shader/ghost.frag.gz,22aa06fe63357df594490b7a51fe2a88
40D9FD3FBF34275813552D3C9FA66E63,310,src/imports/shader/ghost.vert.gz,695a7f230e9460f871090650d1f3a02b
B79FA09057B49248041D119BDBC9ADF0,295,src/imports/shader/gray.frag.gz,391fd1d316c95e05d3853653d8464c01
B921828AC27D30A059EEF87914209B5B,310,src/imports/shader/gray.vert.gz,695a7f230e9460f871090650d1f3a02b
3A499A0831830CBDFB2A3B78877478AB,359,src/imports/shader/gray_etc.frag.gz,302e0b214dd10d8a92c2d3c4b8c9498f
CA76B5C29264A058B4CF35CDFD566549,310,src/imports/shader/gray_etc.vert.gz,695a7f230e9460f871090650d1f3a02b
9DF6BE917D8672857726103B053033D4,224,src/imports/shader/light_spine.frag.gz,c5e4151c6f1b1b012778bf0834aed465
AC8A5BF068D5EA3C13AFBD8DBED75F76,310,src/imports/shader/light_spine.vert.gz,695a7f230e9460f871090650d1f3a02b
94B803F232A7EA99B3C8F40D1FBCEEB1,297,src/imports/shader/light_spine_etc.frag.gz,90a4cd61abbced1ab7e0e00648d0b99d
941CF91A254479803B9B0521B238DE9A,310,src/imports/shader/light_spine_etc.vert.gz,695a7f230e9460f871090650d1f3a02b
7D8E703565BBC8FBD635C770A566BC18,710,src/imports/shader/plasma.frag.gz,8f89b6f01ff7678bbabeb81654734e0e
0D5EBE3F8DAD808055BB8703F562EC27,310,src/imports/shader/plasma.vert.gz,695a7f230e9460f871090650d1f3a02b
6EE6BF7B90BCAFACB22C80E03E19CB29,1728,src/imports/shader/superArmor.frag.gz,90141c112ab12ad8bf82182a7a93d93b
7FCA5E51461A56E7B8FEF6BE9B540DCD,323,src/imports/shader/superArmor.vert.gz,3ed3621d8532b0930502281eef3a3057
C97E08D8B21500FD30A932F07CCDEE75,399,src/imports/shader/tutor_gray.frag.gz,cd495096cbdd3cc34b3c57ba09376e48
83F3842CE6278DF67AD381B5F1BD1D8E,310,src/imports/shader/tutor_gray.vert.gz,695a7f230e9460f871090650d1f3a02b
B7C00769F75837CDB685224211C61BBC,440,src/imports/shader/tutor_gray_etc.frag.gz,38c738ba49592b64d412326e01a55057
A425B4DD91C4F000CCEDCB8A66A47FFA,310,src/imports/shader/tutor_gray_etc.vert.gz,695a7f230e9460f871090650d1f3a02b
A03EA09AB0CC4E8A066366F9D3E94C16,692,src/imports/shader/twinkle.frag.gz,cf64f74200daee7578b1cf784d8d200a
A9676190A7BA20D4723FF1678E6D2C5A,310,src/imports/shader/twinkle.vert.gz,695a7f230e9460f871090650d1f3a02b
8AE09B23C84FDA238488A67E4F684545,907,src/imports/shader/wave.frag.gz,5eac0972d8d7d048357bef1f5f428521
1C6EA60427B271F2104B8474ACC65BE1,90012,src/imports/shader/wave.png.gz,4299d4071ad99217ec4902eae430194c
680D3FF2D552FD42A1766482BC529792,310,src/imports/shader/wave.vert.gz,695a7f230e9460f871090650d1f3a02b
AD058D8E5CF1CBDB5F5184AB66EF4098,1892266,src/imports/table/action_attack.lua.gz,4e18d87bd14a818b2ccbed3255f2b5c4
1DD756D9CF397D3CDA858EAD70576A68,1699762,src/imports/table/action_attack_effect.lua.gz,02abe5a5e0fac6b3c60602609976901e
5FE2DE1E3EAFB05B0AE8656E0DA22F8B,1421937,src/imports/table/action_attack_effect2.lua.gz,afbd6c2d96d98ade30017e50aa1e268e
84CCEC4FA7DF2A93BB3F568D0D18D7CD,7763,src/imports/table/action_camera.lua.gz,211210b5f1988d46903edb50bc7a34e1
B1DC8A2C812F410BE53F03713C0EC5FD,1562714,src/imports/table/action_displacement.lua.gz,8eedf1c02b1d4bb0192b74de3b7babe0
388249C5FA835A6934EA00A09ABA9D7A,4359,src/imports/table/attribute_change.lua.gz,a3655a29b2c6f78d2b59380081d5bc53
7BAE5E28DED71F7679BACBC0B5C4BBA9,3179,src/imports/table/bt_gm_freecards.lua.gz,56c4d91c7ee70ddb6ba77240658bada7
D87CF7BEBC371DABD9483B7367420814,991,src/imports/table/bt_gm_freerecharge.lua.gz,64d86d20d0d8cf3f51ffe331d65323cb
0284599A71581FA6D228BC8A877DCE95,739,src/imports/table/bt_gm_freeresources.lua.gz,194e64f85eb3e9b560c29e50311e5783
1799D412123DAB0F94ADC65E1BEE3C0B,1931,src/imports/table/bt_gm_gold.lua.gz,28c2e439a3cd9a052a1304a2fa0008ba
6399FAD68501861B07EBBCC47D01BDF1,2251,src/imports/table/bt_gm_shops.lua.gz,4c20db0254c0dc90c37416554b39b082
1944FC6FA6310206498D3AE6D284A844,567,src/imports/table/bt_god_choose.lua.gz,d5cac79c1a0d4197e7a4fa240eb528a0
9831BC4D8DF2433FED4AA621C1D8B69D,351,src/imports/table/bt_pay_back_diamond.lua.gz,8d6c29fb62a8f6bb6b7e9a77ab639054
CA8A02592A4A9D69309D802AFF5873B4,52498,src/imports/table/bt_pay_back_mult_day.lua.gz,05ee7f2ae4bf8ebbcbd028a186d35ff4
A9559E32089AC094F7DBA6B090727319,1267,src/imports/table/bt_pay_back_once.lua.gz,cdc7ae59f369f58de644cd4d6a1628a5
A05CDA1AEF3E459514535606ED389CD3,347,src/imports/table/bt_pay_back_order.lua.gz,042e236b43b42be4efeaa35c4198f203
5A84CD038CA26A3612A99FEAD281A8EF,123294,src/imports/table/bt_pay_back_single_day.lua.gz,0759e88bfa6080c61ace011499747ff0
52230D4D9657B68BCBD37F08AE5591C2,1151,src/imports/table/bt_pay_voucher.lua.gz,c2069d700e6f9307483cddbb70e85450
627B1BF0D0CF20F3DCB7A37DF75E8925,919,src/imports/table/bt_recharge_rewards.lua.gz,f8d82123d9252dbc0db20333fd04a018
D64F4B05906FF1C39F5C267CC4DE39A9,1159,src/imports/table/bt_sx_shop.lua.gz,7f89d683e8df8e1c60b943be6cb88eaf
32D4FB01D623F492F7BFE9F5A6413118,3395070,src/imports/table/buff_base.lua.gz,02b21c6dc7064a2b4c97832e4474013c
BE223BDF71276FF63E33C7E726A80C94,10831,src/imports/table/buff_rule.lua.gz,3f38760d8f859b6022ddbb1f8f3dde57
3885B7092EB44EDC221B2BF8002F5EB8,415,src/imports/table/config_activity_find.lua.gz,e30c38f1e093605e6170c12dbff831fe
747C8F778F7589ADBFD919D7F700D3EB,2195,src/imports/table/config_activity_notice.lua.gz,ed6dda78a778e91dd9ca184331cc45f6
449F51C09E61E0990E3CA256F26658B2,2511,src/imports/table/config_agility_task.lua.gz,3c800ec56f5657f03edd2e36f77e9e75
9C7BB3096DCA460731855E099E24F67C,535,src/imports/table/config_auto_bourse.lua.gz,f5e19b4812d915abfefadef4c45107c5
8D2F5765985A3E539A604375EA697D06,3547,src/imports/table/config_banner.lua.gz,2f80f02c71aa7b719658fe6856548212
925CFFE70808C19BF266B5F04AB6BCEA,16880,src/imports/table/config_color.lua.gz,a4a64ef9e1c8df67a9b73f48645eacd8
5BA37258E0DD6A04C0DB0160B7EE1E94,95296,src/imports/table/config_common_dialog.lua.gz,b7ec434e266e44b7dca0b254d1745fd8
3FE50122C33A979D22480F70B867208D,29072,src/imports/table/config_get_type.lua.gz,d74155d71a42f26d9c93076fd7d4329c
12D6002E4F8F79133DD06D87E2E9CE3E,18772,src/imports/table/config_head.lua.gz,9fac30cd174bc57069cf1145f8329602
41B73DFAEC3A23E101E270CE0EA946D4,7231,src/imports/table/config_lottery.lua.gz,fb2a85ba79e1fd40ff2dca07c413cef4
423588DA3B9DF5A773705215548828D9,55710,src/imports/table/config_operating_activity.lua.gz,4d404c1738d1e7e76118b049af27c16a
18C417F75D332F912AB196766A3CA65E,9203,src/imports/table/config_pvp_ai.lua.gz,ebea64ffb5df6dfdbd01b7bff2257e5f
EB17C62295EBB4F9B22CDA323E963F5B,25356,src/imports/table/config_quality.lua.gz,b6e322b7cfd7bc143d43ef174ac5e6e0
42333355EA6FFE5ABC5C21E587ACE59A,12871,src/imports/table/config_system_times.lua.gz,1391ac6fae5901b82dc8310fb7ed2414
24B1A869CC84FF5C470F861DC2ECE5E7,1287,src/imports/table/config_team.lua.gz,4f0cd748306ff431347d666cbe7a54cd
AD87651D930967B4DD562E2286058D6A,9347,src/imports/table/detection_third_party.lua.gz,0a8a025af065a0aa3b9bf2545804f91b
75E581957D51D2605CBCD52C33EC753F,1320195,src/imports/table/entity_ai.lua.gz,72621cf84ace1e447d41f09f019dd07f
66BEB532FF6793AE0B40F7C427C58250,12483,src/imports/table/entity_attribute.lua.gz,8a59cf9c74e1fa3b7f35484e59c2fc5a
D8FF1D8B14DDB096278EE5D504CD0CCB,3171952,src/imports/table/entity_effect.lua.gz,252703ea9a76e906607f8124f6e6e4e5
31C36D46F2AF2D1043841882369AD8DC,2131601,src/imports/table/entity_effect2.lua.gz,2d4adfecd8ca5b123a4a1202827feb87
FA8BD424A8563AD95D0B25D0A587B00F,45177,src/imports/table/entity_fight_value.lua.gz,8d24f8efb8f63959a55e0ceda3bd17bd
46CCCA8CFFA99C5BF68FD3949D08A663,14659,src/imports/table/entity_goods.lua.gz,e1d885d336fa14e3048dc6bd9e9355dd
6C902BFEA671462B58B670A220F3890E,51714,src/imports/table/entity_npc.lua.gz,e7ab0934840052d7ce0b2fe71998d030
39D032535A6329A3318F952BA43952D1,1607,src/imports/table/entity_obstacle.lua.gz,640157d9e519ecf09acd9f45871721ea
7E1D05C942B0667F2911C4BBF7214FE9,12287,src/imports/table/entity_pet.lua.gz,589da177522885f9da7e32db638238c9
B754F4605559DA4F080C0D0B57970C79,25872,src/imports/table/entity_portal.lua.gz,6a8750cc247cedc77c0d671f1ac5ea49
FBAFCCC1E9D706442EEEED57E119210E,1091117,src/imports/table/entity_role.lua.gz,baa4526db674f5ce373f34a59918fb6d
7A9B86581B771150D65343535C56E663,75187,src/imports/table/item_artifact_config_type1.lua.gz,5aa0f041f83fc4e471beb8f4548251ab
5A328C96B8066C0CBF3BA0C0226AF250,75787,src/imports/table/item_artifact_config_type2.lua.gz,a6dacde435b485cbad85f0b5a7055273
D8481AF10B120BB82BAB6B28AEFEAB2A,60450,src/imports/table/item_artifact_config_type3.lua.gz,31245e5170c90f2d2b65a63febc6f0de
84110CE376D32EE303AF67701AC2E913,76411,src/imports/table/item_artifact_config_type4.lua.gz,87d7f9049f8778eb10aac546935f3779
5BC310055B79A91E30202042AF92530D,10827,src/imports/table/item_artifact_extend.lua.gz,34504ed8a3acc8afe640c622f7d63c57
D06A3C3340DC4E94821C8A8919B17561,48885,src/imports/table/item_artifact_level.lua.gz,56b48cfd40b1eb1981bcd64706ef39c0
93A576348A679D59335CBBBFBB0F6683,7635,src/imports/table/item_artifact_progress.lua.gz,ab9d0ac011db871ed4eecdb8fa70dae8
DC7A13B3655713615C3A9207CEE0F000,454094,src/imports/table/item_artifact_skill.lua.gz,2785b8ec7102fca8cd7cd6372877f125
2D35AA01685B6B0C43AAB42A3AE3EA5C,863,src/imports/table/item_artifact_skin.lua.gz,ea96b9deba0548a5e0d6a095273192de
354D3A6DFE622003CB633A0A64304F65,1209940,src/imports/table/item_artifact_star.lua.gz,48e83972f8ad0816b29b85bb09af0061
70A357AB8E278533DAC715EAEF8377E4,29588,src/imports/table/item_artifact_starup.lua.gz,1cc99dd39a045116be8f2c8c1bcae4f0
9FF5C94EB78359DB65103144161411EF,1315,src/imports/table/item_artifact_strategy.lua.gz,189ad6c1cca73a0c59baa4a99149255f
A808F013A2303F81A03BCEA7D1949CFC,5103,src/imports/table/item_base.lua.gz,d3318655d927627816422e7398e5febe
6E6EF5602A352573244EDF8ED55F3E0A,715,src/imports/table/item_buff.lua.gz,647d2853197adbceac8b9cb6fe3d43c7
F6B87AD45B28D8FEEB293DE92D15827A,6371,src/imports/table/item_competition.lua.gz,ad3ca5634098806901d983b3f24f3e4b
9726C7F20ECD38217709E39EEEC37527,2419,src/imports/table/item_competition_gift.lua.gz,4d9f4ee2b5d6a5c715c6ce8b5a5a897f
3F7E298577D2B4976F7687E753C50291,9027,src/imports/table/item_competition_task.lua.gz,d944c988a54ad1565d90c76997489a26
5556A397391D84CB918112F89B86A1A1,49530,src/imports/table/item_crest.lua.gz,d956343a1a7b7d80782663602e262510
752A50A5D1E44A597EFD7520EFBE6BE1,120062,src/imports/table/item_debris.lua.gz,f93c01ab7bf5e943338ae882d92df77d
C58B4B1A5677F02131F90F6A454A3556,3539,src/imports/table/item_debris_change.lua.gz,428680098475c652161d377fd7a0e627
830B7B2AEDC0F93AABD4C9D05457BF5C,20696,src/imports/table/item_enchantstone.lua.gz,630603519563dc0ca85c7750cca0fcc8
8B8E04A1C7730EC24D0568F847D55170,2179,src/imports/table/item_equip_breach.lua.gz,1aa2378f1e2156e61f3960bb7ef3820f
E068F667584661C0DD494682C2D618FA,1543,src/imports/table/item_equip_common.lua.gz,2774fe1ef805b6370bd9ae81552120b7
231E6A593A5ADE6A02B8AF526B3E3107,627657,src/imports/table/item_equip_intensify.lua.gz,63a22c8b981e5cbacbb87ecb08a56f2b
D728563D6B2D0310B6610F82926E5135,15379,src/imports/table/item_equip_intensify_body.lua.gz,079fc4b3a17f70812cd8e2f060778dba
AFF4FF2DA2A9D7403B7CA4F41D007F84,603,src/imports/table/item_equip_intensify_value.lua.gz,051b9babede4d13a353bbaa582486770
84F89EF41134DBBC0714C4C5CA0843F1,91532,src/imports/table/item_equip_role_type1.lua.gz,2b76d5fc02c458478843b1284520b892
EC2E26428568F0BBC2B6B2F86A5373DA,91748,src/imports/table/item_equip_role_type2.lua.gz,d0b8433b05c3c18ad19f5c31e0efb643
A49475B1ECBFD583144A42390DBE127A,91796,src/imports/table/item_equip_role_type3.lua.gz,29c1a4b9eb86d045e5cb697492988559
BA215C95A355AD1380B92E0D87849AF2,92032,src/imports/table/item_equip_role_type4.lua.gz,a240c641b84cea9e455be518de64de8d
1531224A378D0F9C7BA9FC04C5FB2482,1127,src/imports/table/item_fashion_common.lua.gz,d5718063343061d48b3ec20831435b3a
351AB09DA83E1C96B3B5D0E4D34BD296,495,src/imports/table/item_fashion_phantom.lua.gz,a4e96ec6fa7029aaeea072b0dfa4a79a
0EA351E974A7896122C51D7EB899ACF0,124670,src/imports/table/item_fashion_role_type1.lua.gz,2bf9ee1a749c66c6e05b68d73b6adfb1
862412437215FB61FC12B3AF8789A684,123778,src/imports/table/item_fashion_role_type2.lua.gz,5ce01f86208e6668c651dfd78653b6bd
9F5BBE4E590740DCDFD47538810A2D67,86472,src/imports/table/item_fashion_role_type3.lua.gz,b39750b0dbca6871ddbdb30220d5def7
ABF6BC6E5935E26B42EA16F982B1E207,125850,src/imports/table/item_fashion_role_type4.lua.gz,7078a29bdc17198f9fb7939c17689f1d
211E28C0D2C77230651E0E049D863715,11583,src/imports/table/item_fashion_star.lua.gz,45196f23a3db9b52eb443e2d87a3f3c4
D299E91437E808A35F67D1793AABB79D,25884,src/imports/table/item_fashion_suit.lua.gz,a49a1b910c37aeec827067fcd1cb67b7
AD85F7BAE8E7CF84822CFAFC2B93617C,587,src/imports/table/item_forge.lua.gz,a7da9d895d420eaed14de5b8c07d6f53
C1B09FD2AD6E50A4139844D8BCE1AE6E,1931,src/imports/table/item_gashapon_probability.lua.gz,d9cb17d3bcf7231a81f57e3b1329e34a
686FB7D0EB11A084AC0299FBA9111A20,6055,src/imports/table/item_gashapon_reward.lua.gz,a5d2b046af8400194854caecb16ba8de
AA271B814C71AB4FEF83C2B1664EFC47,4347,src/imports/table/item_gashapon_reward_preview.lua.gz,ce86ac3d9b833c513ea8d4fedb1fc5e6
5C7218457A2067BE7F23C8145AB24689,63106,src/imports/table/item_gem.lua.gz,296e027d686b41ba946ec5cc6276184b
810A4C8F362528507A1DAE34E8C67377,76779,src/imports/table/item_gem_level.lua.gz,8496e41512ecf10409a03ddba65e623e
7AF79C54F0AAD82C10D1B5201205F876,101265,src/imports/table/item_gem_levelcost.lua.gz,a7c18575b0a52ec720428cfd68fe350f
920AC192CDC542A7693E61D22E3A0E28,399863,src/imports/table/item_gift.lua.gz,87b667aefb094752d98e623879df5eb3
7C19F1B7CCDB84A57FBBE659196ABFC4,1939,src/imports/table/item_gift_exp.lua.gz,faec45b1234bb249b1d4a3ed320aaf08
D732B22C2431203E7117D5E15533C97A,12443,src/imports/table/item_make_equip.lua.gz,3c2a47741f00d3142c149abad99d0bac
E786F744ECD4DAF1C9EA8F345A6D157C,2035,src/imports/table/item_make_equip_suit.lua.gz,be80aab880d978ab7f544be5aaf42593
5C48A253C8E79A3AC2D166C9E3C4D270,12003,src/imports/table/item_make_paper.lua.gz,05e41b3d2d3ae6e70f3e91ce89650729
CF98087594EFFB18EADE08AA92EF68ED,145035,src/imports/table/item_material.lua.gz,f8d175b7148f4727a691e1400a0d10c1
ADDCF93DFD16E101460753A3FB57809A,8583,src/imports/table/item_money.lua.gz,778a43698438721305be550768998526
05495DA3853EF7E274C0768E40475B45,7079,src/imports/table/item_partner.lua.gz,b30f4a46154ad9a03d62bdcb10192838
9E4BE8D07E58B3B5033B4D346DD5F3A8,2611,src/imports/table/item_partner_fashion.lua.gz,9b6f9e710345e0cd4ef6ab080e154d08
D6848702775339B8C391383C55A2B590,25656,src/imports/table/item_partner_skill.lua.gz,f5cc677befdbc3bc6a73b2aa3839e51a
032E67B3903DC45421F12BCF62D43EAF,12315,src/imports/table/item_partner_star.lua.gz,7568595c0141f49b56f78d47c85e06ec
581C43397660B60011593C24B03B712C,2595,src/imports/table/item_partner_story.lua.gz,09a18844f840698ba43c4a7de1dbfbab
BAC9AA65036F1D6F2768268FE498CB07,5383,src/imports/table/item_potential.lua.gz,1d346c0b809a637cd85985cc08e5e7e0
E57168DF46D3676C9D20E57BF23A251E,5487,src/imports/table/item_potential_task.lua.gz,ce64b384f02891272ef3f70b0e03a1b6
73F9995C782E5ED629AE8BE28D8E3366,25128,src/imports/table/item_profile_role1.lua.gz,7809440d032b60b150f214e60ef80b30
E948FEDF9497C0A6751726F81EBA1B31,25116,src/imports/table/item_profile_role2.lua.gz,d1e00655b9560108d5174f4b89daf85f
0C572A91DEC8C2A10E210DA321974435,17496,src/imports/table/item_profile_role3.lua.gz,83133fa0402f50fbaa3a9c91bd3a307a
733FC97DAB07FF0A11E84E00A97DC78A,25116,src/imports/table/item_profile_role4.lua.gz,41aa1a47429de6c29a9294322ca77048
A3404DFEEF8EF956A5E37908287D5CA2,77735,src/imports/table/item_progress_material.lua.gz,c00bfbc5a2472ccf209a5f41974b97a4
59A5C7E092978BE2290EABC4CB157E48,15083,src/imports/table/item_redpacket.lua.gz,c6356e5be852677d8995e13e4b922f0b
CD25E9B3F502372E1B0A8EC86180F0F7,10399,src/imports/table/item_refined.lua.gz,9468e535da2af7489ed9d1ed39a0c160
355B0385DF7304C83D05E71F1D4FDF61,76535,src/imports/table/item_spirit.lua.gz,2ae6a6275ee7d9cc5be627eea6a54b3f
B05DF7D7D57C9DE42B6A30EBE1159734,4991,src/imports/table/item_spirit_awaken.lua.gz,47364c00994921b376d5df48fce30ae6
68DD9DA166CABD3C21D05E2F66D47C9D,1219,src/imports/table/item_spirit_breakthrough.lua.gz,02f2f36b5a29a53a1e707d15c0178ff5
7B821B7E1DBAEA523212DF614FD512FB,32536,src/imports/table/item_spirit_evolve.lua.gz,5ee62bccc61948b09fe93e3cfbccc19d
0E0BB346216FC51C4159D7275C86F016,983,src/imports/table/item_spirit_progress.lua.gz,6082ae48ba316f43993a24b3fde03a4b
ED076CC051089122DFD702A97C076514,3879,src/imports/table/item_spirit_progress_material.lua.gz,6b826d7da6b6598a691457a10e419883
35BD0E42EECA40D2FD7FF6083C257249,52082,src/imports/table/item_spirit_star.lua.gz,74fbd7ad3035658b27da49950291a301
363CC84A8948CF51D657759B447EEAD7,17048,src/imports/table/item_spirit_star_ticket.lua.gz,6bb995d2544c5405b2778ac4a3fcce63
5D469E0AB1D21899540A2991819B7952,2027,src/imports/table/item_spirit_upstars.lua.gz,a38952572e58977d3b1fa5ba93bdaa5a
7A0AB961CEADDA2FBBDFF835E0C25A52,3739,src/imports/table/item_spirit_upstars_attribute.lua.gz,a7bf4eab5ac9c92ca535af6c8ec80b24
B92B6E40200D6369B09F0EBD2078F637,20592,src/imports/table/item_spirit_value.lua.gz,7b824439c314258e862ce8623446cf4c
3A52B7CB6FE1536A04380E36EC89B2FB,19012,src/imports/table/item_sprite_skill.lua.gz,c5e3e749f8477f21da29d66c61a15c97
E8B08D6EF005B7C91BE1492C871D65F5,14807,src/imports/table/item_sprite_skill_random.lua.gz,f141082fc6b40a9344ebf293c49034ee
055D2004CAFD50733736EDDF9311E501,9911,src/imports/table/item_suit.lua.gz,2b9549cec856f6e4a6b5863a2ff0a7db
E783F14E2B2C05958B29A1AB05520C77,21964,src/imports/table/item_superskill_config_type1.lua.gz,262be67cf1ff8289e1c6a28de60f4713
83262EA852C2B189270A5F60CACCF4F4,21968,src/imports/table/item_superskill_config_type2.lua.gz,1c6e1619a0d12414ecc03310346fa066
18864F71E5D5B383082BE462CA0C38DB,17468,src/imports/table/item_superskill_config_type3.lua.gz,d8f86afab9be098c6cafacd7daef421d
A765286D2300FA207C5E1073A9FADDF6,21968,src/imports/table/item_superskill_config_type4.lua.gz,b2c97f3cd77d04bae728c353f8f2dd3d
8A0BCD87AC47DF9C16F44500256A6189,47969,src/imports/table/item_title.lua.gz,52871b184822a31c6fafd56d667e18bb
E98954A583780C65291AFAF8FAE3F933,2439,src/imports/table/item_update_material.lua.gz,ca5ad93bd143bdb79fb1338eef54651b
099ADECF0ABD8B78528BD7A9480BDBE4,4083,src/imports/table/lottery_armed_limit.lua.gz,599d524dde6a88d34265ac56535875ac
BC4ADC259816E41E5202838E7E949F64,4087,src/imports/table/lottery_artifact_area.lua.gz,a7be038a09bd2ea9e7a5b7bcc305cd30
2374A1FE03725E1135A7208DE5F183F0,1179,src/imports/table/lottery_artifact_limit.lua.gz,4ae71b66f8e59f2ee3ac182f6ff7c284
450338C47ABC9F18518B221469F20171,1915,src/imports/table/lottery_artifact_limit_time.lua.gz,d56aa59ea09bd75de41b7f03f736d5e0
D82701C435AE6AD4626340EFD855C7D0,1175,src/imports/table/lottery_artifact_pond.lua.gz,dc487cc2a0c30d9abb463d90e71cabb6
27CF2E1107B7D5894ED6C3ACBE70B6E7,4743,src/imports/table/lottery_artifact_probability.lua.gz,e025b3b1f89a43b73ec52f0cb0e4ff1f
E4FD2E33D863C637AFE7649FA353F0AA,635,src/imports/table/lottery_equipment_area.lua.gz,86aa21b7e70eba5922672c6478878072
2DA5D4BF380007401DBA3821E92ED0A4,647,src/imports/table/lottery_equipment_pond.lua.gz,d423be867c3144ddf163cf791902b621
142E84A7F06A7930B1115DEE4D42414F,639,src/imports/table/lottery_equipment_probability.lua.gz,a6fc6d661b8c79bc4b51209cb8d1f198
9DF0DCCE6FE4AE52F6BEF4B6556CF531,37389,src/imports/table/lottery_fashion_area.lua.gz,b430d2bbdf5024e3994d7d16085d3334
7E1E667055926561CDB7505A71E1C659,12455,src/imports/table/lottery_fashion_pond.lua.gz,9f6e689e45b1b2bbff3a68006d0683d9
9D97FB1D5FDFAAA8B24CFFD582211EC0,41909,src/imports/table/lottery_fashion_probability.lua.gz,3ea8d72aa29e234644864cae5ff05e18
1F7E0B742FB94976802BED788E929F72,1243,src/imports/table/lottery_fashion_reward.lua.gz,c524538b53f256513bf457c49209c20c
669352AC3D4CB206143FB8BB4EBCD383,1747,src/imports/table/lottery_limit_time_points.lua.gz,bdfbd0747dfc97a7c31166080580e59c
3A25A0E152824390ED136444B4519D82,1467,src/imports/table/lottery_limit_time_rank.lua.gz,95b6200e9ff77d7db5c1b8e71b76cc15
D677BC957C51333DF7D0104F4A9D1928,3599,src/imports/table/lottery_spirit_area.lua.gz,0a761e181d4abcaa5c6de5652a010e01
B83C87AE50558C8D7B2472FC4DE70858,735,src/imports/table/lottery_spirit_pond.lua.gz,24da55cb5c46178a9ff99330d4643540
624739DF7ACE5982D216DCD979598529,1435,src/imports/table/lottery_spirit_probability.lua.gz,c0bd25f41ed3eaca571dc8d4be2fe41f
80FA9766CA97B2385D78B5C30BF24625,1503,src/imports/table/lottery_spirit_sniper.lua.gz,7348651809f27d4555701cba3e8fc20b
35340EBCF164FF254EBE9D263C88B7F4,3295,src/imports/table/map_activity_chapter.lua.gz,f67e6f3a716cc80cffa9366c7ba3e09b
7FF7B2140CD78596E42081964FFE50CF,20164,src/imports/table/map_activity_copy.lua.gz,cd441e91345b7914de2ca7d42ab02f21
8FBAF2C293700610E258683B00C29BBB,41881,src/imports/table/map_camp.lua.gz,e92078eb65b04089be1204cf6d36dd7d
1F9A07CC7D5EFD0497210A9145C47C05,20484,src/imports/table/map_chapter.lua.gz,86edddcd677e4d6c09df59ed1687cd4d
2E09C121F99F2072893D580B691B30AD,13679,src/imports/table/map_city.lua.gz,06347b69951f0bb43704ed863c04c6e8
F779B7B3E864797D911BBBE5DE5B6896,210479,src/imports/table/map_copy.lua.gz,953329356fca04fb9b3e547f1f6c8bcb
2A0EDC1C63B082FCC2E762CF883CD842,2759,src/imports/table/map_copy_bestdrop.lua.gz,aabcbde2676cbea2155c4261ebc84eb1
09933DC9389A2D7A6554FC20CF2070BB,16972,src/imports/table/map_copy_card.lua.gz,de4e0e5430a87746023fae7a534bd657
67FD1B6F049E3887C2EBE2BDD245EA97,159176,src/imports/table/map_copy_main.lua.gz,3b28c016aabec1882bb6590186b67147
6DE291B9A8CCAD8747413FB482BD6793,2207,src/imports/table/map_copy_main_task.lua.gz,e2e55bb4b232104ba146422c7b19d4bb
30864E61CE075E5080ED41F1ED0DFEE8,2767,src/imports/table/map_copy_partner.lua.gz,a817d55151ba3b9116ca7ced7ac0583b
1AD5A5931D36F1F1ACB91FF7CA4130D7,551,src/imports/table/map_country.lua.gz,3f2041a19116041f853664cbc9987486
C3880DFEA4DD003B2799B141C3646A59,184074,src/imports/table/map_data.lua.gz,e3b41a5a2ac365744d5d7b23766d6a99
1906CFCA5F77A7DCD7A954CD4758C140,2283,src/imports/table/map_province.lua.gz,7ca2d6a2888b37b64d3d1952264c28d6
6174300E043EB7FDBFEBDB00A5A286D6,1151077,src/imports/table/map_room.lua.gz,e84c031c6d672092f41437b4a1fdc4a6
2EB7CCF00254C5A39D778C5E1452E98C,1703462,src/imports/table/map_room2.lua.gz,3978cdd2049615fc0581335ec2205b41
A130567DF0A41679FCA8A97F77F51716,1234050,src/imports/table/map_room3.lua.gz,9dc009f80f6867c22192a7dc4780bfa4
61A774B1CA9B061846CE2ECA3BF6CB1B,474683,src/imports/table/map_stage.lua.gz,9563939ae23fa34bc14e394f50575ae7
32648F517A58BA912B375760C466E176,1587,src/imports/table/map_stage_appraise.lua.gz,902159ce3024dac6220e6bf8310ef682
4CDC28CA26F950FA2D8A27EE831D6F3A,6927,src/imports/table/name_first.lua.gz,3225e25da9b258204eb00f6d4a2d6a51
5F88BB68FE062F71021381CDAAEBAC1A,6275,src/imports/table/name_man.lua.gz,cb6b12dd2b77db377f77cdd2bde5302d
B77DD45E324DD5B5857A7DA35FB422BC,6391,src/imports/table/name_woman.lua.gz,156ee73adfb8d07fbc502a389a7e7e11
F4431E96EF2C903646449C7754B0DA36,1231,src/imports/table/official_account_gift.lua.gz,c386b915838ac999ee37e1851bbeba91
D8E4BD2D0BBC73CA0A608522F3AC907D,1391,src/imports/table/other_7days_activity_award.lua.gz,44857d36ee39a552b33d596d1953a7d3
4E68C028EC8A56241C4FB02FFB1059F6,8719,src/imports/table/other_7days_activity_task.lua.gz,20b31e0309f6293b934a69fafcdeae92
FDDFE22E9951D5BC3F633934711E2F2B,1095,src/imports/table/other_7days_sign.lua.gz,1bb076b971b652a5900abd75730a7635
60A7E9F6A4774BAD5E901362405B649B,3551,src/imports/table/other_across_server_arena.lua.gz,ab9ec7d565eefa922a03007d4deaaeb1
6F1D9721058AB1F709CF900146D7902A,3947,src/imports/table/other_across_server_arena_award.lua.gz,888fdc1c48761af7478aac2f43bbfd90
FF6BC0D07365F7A359BA4315AB89089A,136463,src/imports/table/other_across_server_arena_robot.lua.gz,772160910895ee6d02b5cc6e1fff54a4
C31872E65313AAA4391818D2CC3F8602,160608,src/imports/table/other_across_server_group.lua.gz,171abc6e1ffa0faa2dc7158791ad4020
344831A245B786A6F03CB8C3A5C7D92C,1687,src/imports/table/other_activity_atlas.lua.gz,2e79adda57d6573c1b8d05b4ce74c05d
0B36BDD1E1068D1695CF05635C53D156,643,src/imports/table/other_activity_dimensiontrial_rewards.lua.gz,59309f819fada05cf2209ace3615554e
331A0DF3100C4CCD46D6BF44657BE545,8303,src/imports/table/other_activity_dimension_trial.lua.gz,bab0bf23da549a1c526cc429dd193bf6
CC4B83152DC41B0C57EA2F9DF728CF88,955,src/imports/table/other_activity_instance_sign.lua.gz,b4738b70791507accedca82b736e8c10
C841B7398760B4C9AADD8A6C76FF4567,29204,src/imports/table/other_activity_linkage_task.lua.gz,270e250905aeaa35fdf893cd38814540
CE1F8057AA605D9130F5438292B37B30,567,src/imports/table/other_activity_menu.lua.gz,cd3cffba1f3507efece42e18d7653bcc
091E534C40E8F3CA8A0C243690D15E9E,4871,src/imports/table/other_activity_sign.lua.gz,86d06b9dfdb00ba595db26e02759b14f
C0467F54662DF4A59233ADFCACEEB8D6,12363,src/imports/table/other_activity_task.lua.gz,a72f34f16d0ea7eb205e73aa90f44bdb
E38B0939970C945E1FBE1D38DFD54827,4463,src/imports/table/other_activity_trial.lua.gz,b51fef036c558ad53cf16f4339394b6b
C2603976C69D1F756C760C1E7304EC3A,1235,src/imports/table/other_activity_trial_config.lua.gz,3bb89bc7c309897dcd49809a5df46947
3486383365DCAE76C2129553424FF776,947,src/imports/table/other_activity_trial_rewards.lua.gz,4ed40d327dfc494b1e0b80bf16562ee2
E709B3C8D735290FAD236FEFE7D55C98,455,src/imports/table/other_allstar_rac_gift.lua.gz,647b52d30f6c12f6d8f795949fa78c46
40708403E247453ABACAC37D9A30652D,78879,src/imports/table/other_answer.lua.gz,9ed0ebced1f18b3d5b98d7af7f0dfd7b
5AA10EB9B1541298D5D2AB3C365A1DCB,307,src/imports/table/other_answer_random.lua.gz,c9e6f6fab62addddba50724bbc5f97e5
044B1A8D2DADD7D4E981A93413379489,3507,src/imports/table/other_arena.lua.gz,471f943598ef3a1a16886ae26de1d0f8
637F25610B373AA0081CBBD81DC601EA,4955,src/imports/table/other_arena_award.lua.gz,a299a04798a6bcc4a4cd2d410c2f88cb
28188822CC8F59489CDD5B293D0D74A5,156832,src/imports/table/other_arena_robot.lua.gz,1abe4fc952737a4e12b2331ad7a7333f
CF4518091E281CF472E3A9C5A35CC307,3471,src/imports/table/other_artifactway.lua.gz,b135cc0dba2c66fe9198c3bc2f7d57a1
66961568DA80BBEEC9BC565A82EE1784,17460,src/imports/table/other_artifact_comboskill.lua.gz,9b1e9e322d3d57081e1cabc911f09010
DBB8449C49F747CF193A59205F96F2C4,1407,src/imports/table/other_artifact_skin.lua.gz,ff25431ed7efc24db3071e3dff2518d7
CE651A84C89C9E3B668E701A3B22B71F,15639,src/imports/table/other_auction.lua.gz,29dc25da2c58d0a72d2fe0623fab151d
1FB133709754B16340C5FAAB6A8A8D44,11203,src/imports/table/other_auction_condition.lua.gz,16e9de7d80aff0304f08befd628f9b21
114FC38B6C2759A56296D8578620FD1F,4731,src/imports/table/other_auction_pool.lua.gz,b650ef5a0e9ad94b507039dc557af699
4C11032459E96E56DB347B044D1E3519,1579,src/imports/table/other_awake_road.lua.gz,7e8c21fb876dce97827c86ae9c3b005d
01364CC01F18448F374BCC33C31E5D6D,1747,src/imports/table/other_backflow_gift.lua.gz,ab9a8f6f55ff3e6e0eeb4818fe900ca4
97F5C031E4C6B124A1205DD7CBEEFC49,1975,src/imports/table/other_backflow_recharge.lua.gz,38fa1397248ef462feb20a5d64eed5c5
A8DD794A9649C12586FD3758943AEB22,1407,src/imports/table/other_backflow_sign.lua.gz,eda5186678f2269b0a7cef72f3d2a625
FE9AAC76A4D9FF8D13136CD2FC993F32,11031,src/imports/table/other_backflow_task.lua.gz,d8b944a19506af9275acbaf83b76966b
DDEEB49F4C38A68E1ECCDD2733A29E4A,3043,src/imports/table/other_battlepass_config.lua.gz,f1bfba8f38140501f81b84537c398b84
E6601498866424F66365BB99866CD2E7,23724,src/imports/table/other_battlepass_level.lua.gz,f3eb82a624805e9dcc60096f3d01880d
8C941E0D3721F6BCCDBF11101AA53A0D,9171,src/imports/table/other_battlepass_system_level.lua.gz,97029b57df8e718645c96e6708927181
D88AE9FC11692E9F5DF314D55F9008A9,5739,src/imports/table/other_bossrush.lua.gz,48f25d89f4252ecd2f967466feb8b9e7
6C67FB1CA37AB72726BFC9471E7F8948,1095,src/imports/table/other_bossrush_award.lua.gz,6c9aa2bd7ce45701dd8b09fc64ba000e
4F0B33D4FC7EDC40D428F07452F65233,1675,src/imports/table/other_bossrush_buff.lua.gz,fa8a23fce17cedb6a24337fb3842858b
6EA33B4272CF56BB8DD1D3D9F5FFAE08,14167,src/imports/table/other_boss_skills.lua.gz,d35c2770f1fd4b4e02a0133f091b0904
D27F6E647843B621512BBA3E12EA92C0,10051,src/imports/table/other_bourse.lua.gz,a3e588fba9c982584520e8ad68cfa9bd
5E56C919E80257DE5800E0D1C4E9BC82,467,src/imports/table/other_buy_popup.lua.gz,914ab96bacb427cc185a670c8d9ea3b3
58E84650ECDF3D7852C8FDB539FEF2EA,1747,src/imports/table/other_cashcow.lua.gz,e15ea62a2d1d7b67fe159f8e19768291
AEC88E102E9650466BC044E239410EE9,2047,src/imports/table/other_chat_expression.lua.gz,f07fdb88f27f73bb541776cdafbd5664
D5AA296CDD76D0B6BCF2C0321D9DA03F,2155,src/imports/table/other_chat_title.lua.gz,f08bc7c42f549eaa5e79c6dc8d3a0885
36481B05D2C6AEDE777FCC14B033426A,8955,src/imports/table/other_coin_tree.lua.gz,4407b2d03c5b85a52cc78620e7081c3e
268D094483F75FC39DA85923E121A8C3,3487,src/imports/table/other_college_award.lua.gz,2cdbe760c13c6fdc549b8896a83fb304
70F865D2B114A409CBC08561A2EFAD0D,35049,src/imports/table/other_college_task.lua.gz,0efa7d21700a944ff1eaae03e28654f4
CA50DB4D5511CE293322B27B0F14B33A,12839,src/imports/table/other_commonfunction.lua.gz,c4ee3f3607d05f1c143004966cfed5e5
9BFA8E4FD6F6219ADEEB135F51D2C191,11911,src/imports/table/other_constellation_buff_base.lua.gz,d53ece83b081e088cab7fe975dfe9969
6B2CA35C0D44277AF37E2CE78A0D9B47,4979,src/imports/table/other_constellation_buff_random.lua.gz,b2676d8ff49c10c151aa4e833202a68a
0DD7B11F811BC6F66628B9F34FD9770B,5791,src/imports/table/other_constellation_floor.lua.gz,a548546b60278ba5b881593cfd530a53
2F1F23209751567183DC95E910B7BE02,751,src/imports/table/other_constellation_reincarnation.lua.gz,24bbd1e141f3a56abf15399bf5e8ce7e
C449DD2511C7B64D06A15F4DA90B7216,3871,src/imports/table/other_constellation_stage.lua.gz,891a2901d67a851325fcf214162973c0
34F447D8EC3384C1F93E1096DC06C23B,2903,src/imports/table/other_dailytask.lua.gz,1227ac8b064897a41c13a5194c7605a2
329EFC5FE2C39A5354116ED1B6513FAD,603,src/imports/table/other_dailytask_config.lua.gz,171a63ca10122733ca804222bbb417dc
0E41A486DDAD3035C58F9B4A1D2A7E0C,8579,src/imports/table/other_daily_activity.lua.gz,8a22da3acd65bd4d252bbce70ac36aed
95009F1B0E422151ECB3CADE1EF50E93,683,src/imports/table/other_daily_liveness_reward.lua.gz,4b8672551606bb1583be9c4889851c4b
B2B96967D8B3DE94B94493F9BAA41EBB,4663,src/imports/table/other_daily_liveness_task.lua.gz,1a2dbe1211cd9fe794fc22afe54a9af2
641028B2AA76FDEF440A06299F03D8BE,1199,src/imports/table/other_daily_reward.lua.gz,e608d18d56a6639e634acfa4f8a44c4b
7F986A6DB526D18D447DDD23EB881583,51070,src/imports/table/other_data_collect.lua.gz,090b487ca897fa7ae1f3aa28a826ec62
586E7A582E56A067AC114B06F16ABF7C,8803,src/imports/table/other_dimension_copy.lua.gz,adc68a3bfd24b0002ede9a2e5924782b
3DE715962311A0BF557745C01B8F306C,7427,src/imports/table/other_dimension_drop.lua.gz,8fb7f437e6be7684ec0eec028aeb7b53
AAF0E97C70CB50355871C516DBF0D45F,10371,src/imports/table/other_dimension_reward.lua.gz,80a12efd9b3e941ee843e8ed6ff800e4
C5DAF98E3229FA05525AB9EC7B2F9DFA,555,src/imports/table/other_dimension_task.lua.gz,e2f12158d6be8996412917304a0135a0
C16477301BA27D5EEA9B795A152F1629,137727,src/imports/table/other_drop.lua.gz,3b06feb07ba428dea0d4760c1b83dc13
CBA959CB7646C8E0F4F48A08BBD8A7B7,5151,src/imports/table/other_enemyattack.lua.gz,3f86c89dd2774f98ff3894b740d996e8
834F4CB853561BCF8B313F1CFB2BE334,3995,src/imports/table/other_enemyattack_random.lua.gz,c792bc552e9229729bede8162b1f80dc
9665A07F2A9775D9A169315E05AEDA8A,831,src/imports/table/other_everyday_online_task.lua.gz,b79ca35e1bdcc53cc3f1c0be95f9d461
B2C75E589E7A8404A929DA0F2106670D,611,src/imports/table/other_exchange.lua.gz,a2f7d82b7a06dc75ec0aaee8e1b9d927
6A42C7A184FC51B085D1F2755D922004,53650,src/imports/table/other_exp.lua.gz,3f8b3bc98bd4b06097f5d7fa082d5516
7E01F51BACC679161BD7A6017BE514DA,1675,src/imports/table/other_expedition.lua.gz,905cd27b6e2dedf285506d5362fcb2df
97FE682F7CD249C256258F35920A0B0E,11687,src/imports/table/other_fashion_warehouse.lua.gz,83318de8bc374cd90c8bb6989287bb51
6BB245B5C5A2C43372994E3321BBA5B2,13591,src/imports/table/other_formula_config.lua.gz,5075cf606110b4e457a5e5fd6c6832cc
850CE1A4A71242B12F6F102EA415D64A,4003,src/imports/table/other_freegifts.lua.gz,50f4c4000b6cf639cde0633965f8f46a
29E0D42E1A244F193E2DACAAAFADCAE7,671,src/imports/table/other_gashapon.lua.gz,86da18974fe0c34d60f9fe7ffa72df0d
3713EC08B9108B36C6525E2350AEEB04,2075,src/imports/table/other_gashapon_collect.lua.gz,a358b57f46cd16648e80d06af2d3b263
E265D882FC5F78B6D071C89DD80F8FB7,1731,src/imports/table/other_gashapon_task.lua.gz,1c250a69f20759f7eb8fcd11aa5138d8
B7BD9B47A19F8C47810773F52C18B8A1,5039,src/imports/table/other_gemstone_tower.lua.gz,fed0cdabd090f2cc5f223a4f1b0c9e97
0ACEEE75B7A511FF8C2017EDE8BCBB30,1579,src/imports/table/other_get_stronger.lua.gz,18951c171c34424a3ea1468a01cc0608
9AD7C9C9A845104AF68089F6BEAAB05B,6107,src/imports/table/other_get_stronger_module.lua.gz,bb4065d38623cfb2a7e64c3df81dc42d
71E18ECCC33408AC5F925CC2A0F7845C,28536,src/imports/table/other_get_stronger_task.lua.gz,1de6f9dcd949a67292cc075a7c78892e
DBB299E63988A09308CA319B4346963A,2139,src/imports/table/other_godchoose_config.lua.gz,31b6b9ee883a2f4354cb10fb7734a31e
78A869E8CB49559F371519F458A721FA,2315,src/imports/table/other_godchoose_level.lua.gz,d57bde1ba530013714d61190e48a1793
3369E962B0914DE120FB54EA0128A58A,59858,src/imports/table/other_godchoose_task.lua.gz,f7e340686d53f8a024d6740a3d3a87a2
3F5DC7BEE4A76B88DF4CC3E99CD947C5,3311,src/imports/table/other_growup_gift.lua.gz,2f5efe375e2a71a66cda142d2e34dafe
5D122B798F83885209B1400766ED699F,7039,src/imports/table/other_Infinite.lua.gz,1caf004a37dfdb7de6912ba936fa02db
81D0570FA3C486F80B8E0BC4CC3773B1,17952,src/imports/table/other_Infinite_car.lua.gz,34442178f51c8bd672f3280b288d0e84
49C603DBC5E2591945590F2C4E46608A,1207,src/imports/table/other_Infinite_drop.lua.gz,45c7d0c61a92a1a6db3967e558112866
176960AE2DB26EADA4DFA07E14708989,1747,src/imports/table/other_Infinite_fast_drop.lua.gz,d3aba66368d474c594c667ed5e52d6ba
4668C7234C151C00EDD8CFEDC9BED9DB,535,src/imports/table/other_Infinite_gift.lua.gz,05c2aa86b8260346d1b944df45deefa4
8628778EF3F9FBF2BE5B280A1D4BD2F1,739,src/imports/table/other_Infinite_lv.lua.gz,60c70ab5d7c0611cd51b734a369b5acd
C0D88B36C358E2A9B278A12530051A22,8203,src/imports/table/other_levelreward.lua.gz,1e34fc9254bd81a7b555cd094f170979
2F2C81D13CD4597B997CE0B4E747DBDF,959,src/imports/table/other_level_guide.lua.gz,bc22f98bb353506a9b6d83087126ad1e
95E2DFF9F2BB9CA314B4DAF2BBD4266A,395,src/imports/table/other_level_limit.lua.gz,780f5000351a3796940d2f4454e3d1f3
7349378FDF6800B35626B3ECA8A2E499,319342,src/imports/table/other_limit.lua.gz,6bce1e0e9598ebb048104b7e9bacdf60
3E07C148DD6EF57022495EFE96D47994,1799,src/imports/table/other_limit_exchange.lua.gz,f0f436b69dd805bb2a9286fd91d1cdac
FB530771D90D75801CA26A29DB8ACA18,1467,src/imports/table/other_limit_gift.lua.gz,a541328301421d34e782afbc75585d96
6EC923929021D085C2537AECD1B460CE,8463,src/imports/table/other_mail.lua.gz,2c146b5134b8dd9f4486538c1983fa03
BA7F220DE4E5B42EE450CBD12A99625A,11927,src/imports/table/other_maincitybutton.lua.gz,1f1c037433d5ec5daa175e5a525a924f
7FDB968D6D10A8229174DB08595A02AC,8295,src/imports/table/other_message_push.lua.gz,1d85512a5d5c88b5b44115a939f6194f
CDF268A9885BA4DBAE02AC28A237E7E6,4451,src/imports/table/other_money_tower.lua.gz,4af69a050a61118ad3c3fa0453a6d3f6
7E31D62CE71317A7CEFDF2E1130323F9,24528,src/imports/table/other_month_sign.lua.gz,6a0261c304ed6c56ba62c617a95ac8c8
542BBFEE8427B3946F9EA117C252A43F,44329,src/imports/table/other_nest.lua.gz,74b66354f81d6c0da300f88262a812fc
30E8ECFEC40C6FEA11DEFE33A2177173,6751,src/imports/table/other_nest_card.lua.gz,f5952bab37e246fe23cc7882e33b0980
0D7EB4420BE51571A4D5C32619EE87DF,38337,src/imports/table/other_openfunction.lua.gz,9fc144f6a567406e926a51127a183251
D18E8E1ED267930ADD1574FDC18F607C,1491,src/imports/table/other_open_server_online_task.lua.gz,ae16c2ba8ef247a0b62ef10f96bbcec1
864457A07890EF0FAC486C3AE4662BA0,4823,src/imports/table/other_open_server_upgrade_task.lua.gz,d68f3625730e116c586b5188432a67e1
C50482FA94E4A4DE2EA8A91204A1E18A,8871,src/imports/table/other_partnertower_tier.lua.gz,6952697bce84ef9c7a168311848960d3
0048D643AEB3421AE06BE9B9560ADE42,771,src/imports/table/other_partner_activity.lua.gz,c703af997b7f8473c5b6a8cc85b6c88d
FACC33FD8DB430460A4C2AFC28211EB1,2031,src/imports/table/other_partner_arms.lua.gz,c554bc5afcdd48c34fc90b91c417096d
46A73667D20289466919E8E5AE5A4AEA,17724,src/imports/table/other_partner_exp.lua.gz,2f3e1a9c9a926704267f07762a1d659b
DB2A97533D23BB5701B30F44123F4ADC,1479,src/imports/table/other_powers.lua.gz,eb926e7758dc92911062b2c9be668b67
E02D7C8D424F4C1BBE3D30326BE708B6,3127,src/imports/table/other_powers_core.lua.gz,24b42632c5edda6f0c62913506af5c29
8B388F335978220809490D4C27B147C2,3759,src/imports/table/other_pvp_award.lua.gz,5b7ba2706c9d24d722b02be2a8a26af2
61B1A69005F0DBDA7F49FEE40E0BE322,1143,src/imports/table/other_pvp_config.lua.gz,ee1cfdbc79baa19f9d54340a1a9106cd
D2937D78E601EE2F4542706DBD26E50A,1639,src/imports/table/other_questionnaire.lua.gz,c3e26864e3c46ca29b425062564e39e7
458C73F538AFE841E4F72EF178A1904A,9751,src/imports/table/other_ranktitle.lua.gz,a4862daaef29eabecdf60d7a28227501
42B814DE47AFEEF207BD5C3C20620FE5,599,src/imports/table/other_rapidlychallenge.lua.gz,3465386df9ba16e53484556d19a83652
F44B53DF617A19E4214ACEF9111FA140,1631,src/imports/table/other_rapidlychallenge_task.lua.gz,10f9a4f716567ce7fd0d9895ee4c9cdf
2075EE20E1F61536AD1A25B672E2651F,3271,src/imports/table/other_redpacket.lua.gz,cda99b5b27d74415ea72a7e9da9ee90a
4DD7D80847942F8E5D27F957304C8EDC,2367,src/imports/table/other_resources_gift.lua.gz,d67e430f33128c348494cc1ec45c73a7
8A2F62B5A96E461F1AE2CA340C670659,2079,src/imports/table/other_resource_retrieval.lua.gz,859ae2d921647fca56543e314010e398
7879ACAA8A1BFE5D82EF6934A6AB0368,1587,src/imports/table/other_resource_stage.lua.gz,92bc6801a01a58e8060d2966acff6bd7
1413059FA3A8A2084C24F1DA24AD68D7,9959,src/imports/table/other_shop.lua.gz,1c95759436ee625d5fd4c7062979a875
F7F22E4DB5768C11F95087DC76EE6353,1175,src/imports/table/other_shop_fashionbox.lua.gz,9ae206f8e650d854a8b5f96f20ab2aca
DB48D4F15E7A8B2FE2FF4C22C3103B8A,86208,src/imports/table/other_shop_goods.lua.gz,30dda2ae201aff17b4465176331d2653
8ED8E7E0C936FC8947CF8CE5A18FB3D2,1063,src/imports/table/other_shop_main.lua.gz,a1ddcec2749a2a63c3ddd0357a0dafd5
A5A6CB90E2F9FDE07884C231D3EFF822,12495,src/imports/table/other_shop_shelf.lua.gz,4f00d42db97b51cd5a6c915f187a84bb
1757334D87A29DCAEFF5E9531D8749DB,579,src/imports/table/other_shop_skill.lua.gz,4bcbbce387e8caebc0bca7df7b22f1b3
6A7D2746CBD9822F959660CFB1399C5F,1055,src/imports/table/other_sound_talk.lua.gz,3800bbb2903b140014b3f71a503c7876
3EB64CDAA9F571611A0464D1C2113D5A,65326,src/imports/table/other_spirit_grade.lua.gz,84f9fa2e2d66207ec80323968f51d7c7
E83B24048AD794963DA178DCCFAB4339,75839,src/imports/table/other_spirit_level.lua.gz,46733c70be38de190d79c535f8c47ebf
B8330BBD75F74040877C35B4CCC3D7EB,669183,src/imports/table/other_story.lua.gz,b45cf59447a45eb53c27d32cbc4e9ad3
66DC402E82646A80DC6BF69AB1C29A0D,2143605,src/imports/table/other_story_data.lua.gz,9c64669d5b6eccc28c452cbc7a980db0
18FBA4FBF0A30E3A50B4083671EE2F27,87520,src/imports/table/other_story_set.lua.gz,6b44c0e8bf11bb0b6dd24aaf05275379
9F7B7D91DB2E2FB5686ECDE1A0A05FF7,1395,src/imports/table/other_strategy.lua.gz,83d1bdf3819c451590c812884714e5c3
CCDED1FF9B6752B01D891F919548EE08,3387,src/imports/table/other_strategy_task.lua.gz,5e5997bca75bac2233c90c1a7e8e3505
B60403677E9E54CFCB9C97DB95CFFB9D,11599,src/imports/table/other_superskill.lua.gz,2783a7050538bcfded0f3f078b756502
110FCCA5041FC40A36FED68EB3C527D6,3963,src/imports/table/other_superskill_level.lua.gz,6655e4e29a20afc0fe030e46c33aa735
A2419DFAF16D53E176F8E35578761282,79115,src/imports/table/other_superskill_star.lua.gz,e70f965d515b783fa7c7161326a64b5c
2065087FBC1B9AFF10085F65CF4867B0,6339,src/imports/table/other_superskill_starup.lua.gz,d3d418b2256b58c9647abc0857bbccd6
EFCF1C7EBB5F149B803B62D7413B3883,67779,src/imports/table/other_superskill_studybuff.lua.gz,d0603a187fa91a597679abf183da259a
79ECFB12DC0203EA77E90A80521CDFE6,507,src/imports/table/other_system_menu.lua.gz,0a2a45d13808d74ecec213d6b0850f20
6D9E4F9D6E729685AAFC0B65D5358526,1339,src/imports/table/other_system_new_menu.lua.gz,9fb90e21faf835268c0c376f5ba26f0c
AE91142A46BC9B933DB1BF889DFB027D,194594,src/imports/table/other_task.lua.gz,ed05c3ad1df751b6d0b831d0ba7f0f82
01832BA64660482658D3C7752E4E2DE6,1903,src/imports/table/other_topleague_matching.lua.gz,177745117d4d5fa2091be23cf8d9d906
C0B31794D807DC15342B63DC9F9DB855,2691,src/imports/table/other_topleague_reward.lua.gz,3db3ea58932777a22e00ca1ee93aac3c
A4FC68AE4291AED48613CCFC2E44621D,6531,src/imports/table/other_topleague_score.lua.gz,155ea3f78a8034862ed6b8258cafac40
6CDE4BDD9849AF59F3D037CEDA82E5A4,2339,src/imports/table/other_topleague_task.lua.gz,99e7c109bc763d2eaabc81640211b893
5E4F7474564C5A0604F5EACA2DCE0D22,10591,src/imports/table/other_tower.lua.gz,8b22044b14957d33c5f1ff1c42e3f2bf
7D5AA8A49B51109B805AF66EB100662E,3071,src/imports/table/other_transfer_data.lua.gz,155a58e832f7ad6f2145fda58d5b5c6e
8A7BBD94E3E0ED482383ED48361603B6,10495,src/imports/table/other_trial.lua.gz,ade9864cf5bfadbe23c8a82adc1655d4
555784D5D8E894F5A1B7344FE03218A3,1191,src/imports/table/other_trial_rank.lua.gz,fb51cff171997c3526d9d98575be2935
97370BAEF3CC49CEBEE76F2511C5254F,4031,src/imports/table/other_trial_worldboss.lua.gz,773248f2413a0639f09f41496f5f5df4
5E3874BCA35D24BFB7EA1A7BC9555167,14479,src/imports/table/other_vip.lua.gz,a3e1d48570c71aa8925047c838c44c00
0ACAFF23A3B34E33319114E2227891F7,4987,src/imports/table/other_worldboss.lua.gz,3c2d9b945d558219f1373475c5dd8f23
D90D3FDDCBA438BCFD995D6CDFEED99D,5895,src/imports/table/other_worldboss_auction.lua.gz,03f5e9bb416f455749b704b157af7dc2
41C991FED934A35BBC0F996C7AD373A7,1787,src/imports/table/other_worldboss_rank.lua.gz,3f621d1405041210338f9e5afe735068
61D7827365EF4A408107E222FE9DA7B7,523,src/imports/table/push_system_massage.lua.gz,70eb0cb37d184de33953016db7db3118
19D179E71B1DB5B9FDD35DB1541532BD,1523,src/imports/table/pvp_activity_rewards.lua.gz,68e2cdfe5155ed131d62c2db1c06aef1
AD1167F2D46BF2CFBB14CF62E060BBE4,26696,src/imports/table/pvp_ladder_score.lua.gz,31cad0e9864a5f6e8b475bddf6148a63
9911D101AB9D6137B17EB6899F7F1066,12579,src/imports/table/pvp_ladder_top_reward.lua.gz,af8aaa6b1bc02c0d1a62baa20ccc9dcc
7D56457E3D35CEEBA3F1C7CFF835EE08,1059,src/imports/table/pvp_match_score_plus.lua.gz,511ec940b5fa77e28991275013b7da9e
073E6F79EED5A6696D16A71783BF943C,6199,src/imports/table/pvp_score_steak_coefficient.lua.gz,87ca619be4659331bcd6eae5d36de033
7FD3CE1DFF1F59819AA230111554F050,2007,src/imports/table/recharge_accumulative.lua.gz,7ebc24f1f3d7a3bcdcb9de5d15ed212c
288CF918A3FE7AC06C4BBE45EF98441E,603,src/imports/table/recharge_card.lua.gz,d974ba89bff9869191d65b5fc1e8240a
835DF63B195D32D4C817BEF0A97CEB66,1539,src/imports/table/recharge_daily_gift.lua.gz,1868e18aed860422f26a5a6436c26068
E7E95081F84BA048B348C8F66A6F3F3F,1107,src/imports/table/recharge_everyday.lua.gz,b9df352d2eb8007646a51886400dd934
07E3CB682EA858B41F759CFA88041F91,1043,src/imports/table/recharge_frist_rewards.lua.gz,621ce552a2a85ec430f87d52e895854a
A8B1C1D5992089F36480288B6E10A103,839,src/imports/table/recharge_fund.lua.gz,18d1b1b8f1e9818317c5db47a41e33a1
107E8240888F32FA11A015BD623A429B,6847,src/imports/table/recharge_main.lua.gz,c2cce3d7fd680556e165719e8d2af285
A7EA5972BD203FF1F4AD4AA0CD6B5026,1719,src/imports/table/recharge_official_account_gift.lua.gz,56e14e206ece7ac33bf17e537f381120
21F7DE2373DF5ED2FBF419E2197F24B1,415,src/imports/table/recharge_return.lua.gz,13611802d7a87a386b1eb230dda84069
7D9ED78ECDB8CC5B26AA18740410BB4E,88208,src/imports/table/res_fashion.lua.gz,35bf0c98f4367391e7b9a6e102abc154
E1828E7D4239F1F8EC8889365C34137A,213872,src/imports/table/res_image.lua.gz,6a25e7a9c5f64bb068be33ef9361ae30
D4F492DEF3BACFA4C94F1DAB4E3B6653,75067,src/imports/table/res_sound.lua.gz,2e1b6c3d5bd88b1f2f1459fb3ab9ecff
B263DFE28B979FE8844E02D86A199091,252614,src/imports/table/res_spine.lua.gz,80178e9827e4d5d81b893a3c250ce02a
B17FA080D856BD11E041FDB2E7559362,33009,src/imports/table/res_video.lua.gz,63a60f1cd142a7704695f4bc9ce8a416
F8998D443DB049E3078E561EC654C5B3,28628,src/imports/table/server_enterkey.lua.gz,ada54994f6401b7d21fe3b792fb885e2
68F915E0D4135BAC991FD5C0E7A391BD,838254,src/imports/table/skill_ai.lua.gz,6deac36ec26c2e38427b317537d29cee
BAB6F7C185282A83BBBA6046ED624E0A,941356,src/imports/table/skill_attack.lua.gz,d4c0fd5c60afab2b554e115738a4db44
0269CDC20B9A0BA77A28BCA0406EDA1F,3335,src/imports/table/skill_change_system.lua.gz,a8a7298149b3ada445c832f8c7be2fa9
112B80B02CA92A16ACE5F4C4A026ED5E,45405,src/imports/table/skill_chip.lua.gz,a2d1845c7cf32699f6f80feeed41df8d
67734883951D0E2B5E7319EFB892D8DA,1075816,src/imports/table/skill_hit.lua.gz,346fd8c520bee7dd076496072ae33161
83EAC077CFAB2107E063047A85A0DAED,30424,src/imports/table/skill_hurt.lua.gz,9f3eb701a7095fd83da2e94bc2a8cf4f
B34B5EAEFC4C07B6C8374C5AB7016F56,69683,src/imports/table/skill_leaf.lua.gz,2346657778abf0abe27bafbebf05b505
810FDAE96E5B8C8A7ABF7BB290539B29,11547,src/imports/table/skill_recommend.lua.gz,a6a364025c968d20f061a93d58cae63d
0AF1086D34C6B757F25E530136C04A7A,539,src/imports/table/skill_rock.lua.gz,3929ceb0ac5dcff65ca98482225e0843
9BB0B0EBD07B0680230E4A4242507322,3479,src/imports/table/skill_tree.lua.gz,982c9ab3a57bdabb352a07299b5f9910
92EF5B888B1BC878ACDC488829F550B0,2071,src/imports/table/sound_map_spine.lua.gz,13ffa7747ad82c1e8c7c82af0d0b67ba
0E1F4E9C17F861EEB53655DDF2AD7EA3,727,src/imports/table/sound_sendmessage.lua.gz,b782ad47f7bd22bf18c9fe65724992b0
9323FE12A38C0161CC257F09B61EDC12,12507,src/imports/table/sound_spine.lua.gz,40aed2d25ec034b86538d5f52ad21585
EAD395B1105C58AB3E2722BF81D33905,1039,src/imports/table/sound_spine_bgm.lua.gz,d8cf2b566a54905d14fc8e0a0bd1dbdb
1077137B260AE9F9C73082D8AC253948,213564,src/imports/table/sound_ui.lua.gz,3d846d73c13aefa219fdb60a8842075a
F26A688AC818DD0248E9074B1FF08BD6,304285,src/imports/table/specialability_base.lua.gz,a994d0b2c64c171133ee5679595be357
36F659343FE59C84D719DBB3DB5C893C,17360,src/imports/table/text_announcement.lua.gz,6b94217cc459e90e8efa27fb17f3d298
32E3E80416BE1CEC3DBA472D42946CB6,161712,src/imports/table/text_answer.lua.gz,b966a0bcd10bf99e55b46e7230383d35
8C96A7E35026D57162E8836BCE9E1A7C,1709159,src/imports/table/text_content.lua.gz,47e5a92ca27d42403f705f769522f3ad
3F7FC562D9EA1528628769B0377F9B59,43761,src/imports/table/text_error.lua.gz,4ad318aa9644201154408b94365462b2
F2CB88FF2EBD90C8F6B4083501875DDD,23844,src/imports/table/text_fighttips.lua.gz,b215107e1de39a39736802e592a40433
47B468D0990C02401678A24B3FEC68AC,76847,src/imports/table/text_help.lua.gz,e03beb9a71c165c206a0764bbfa05f13
1A3120F0AC335E222FD99505E2DAF8EE,32881,src/imports/table/text_mail.lua.gz,712a0721ca329cb9b1f0cad7342a5c1e
3914BAC3CC0DAC79DBF8AC248C324255,1197952,src/imports/table/text_name.lua.gz,4ae9c4e90d370a58de1b92657b58530e
1F87815A37E1A8C3B32312DDA77EF4D4,1555,src/imports/table/text_sound_talk.lua.gz,7670185de7b5653083b5d5e72f25033f
760FDA48D302BB36F4EC130DAF132E03,2883710,src/imports/table/text_story.lua.gz,20fc320db7457a3f8baea36a318893c0
A691F1F67AA28992BDA997EF8B96F726,453410,src/imports/table/text_task.lua.gz,289f45e63b101a589216e101a0080845
F0715CD7A4C15B25CA91D1F105968592,40925,src/imports/table/text_tutor.lua.gz,91a3e273f12d9f2ea3b8d60bfaf23c14
A3CB53529E9D3CE40AF758F16B35C4DD,694637,src/imports/table/text_ui.lua.gz,a765cbec0a398931a114204f27146358
B291D4EDE2DF74A1529811AAFC19AAFB,503,src/imports/table/tutor_func_priority.lua.gz,9acd9da79dba1c7ef1adacf39c02578f
2359E97A7C8C4357077A736CD1D309F1,4911,src/imports/table/tutor_process.lua.gz,82265e38009440d1119db14abc92b9c0
99677598CAA43BAB601A9E080212E589,7935,src/imports/table/tutor_tips.lua.gz,b1d89abf75b64b5a91ec4cae11bb3792
D07C22A12DB4921263041C682E47AB3F,15655,src/imports/table/union_achievement_redpacket.lua.gz,f259540401048977257984e8aef28e7d
45C71BB4AF11A554D5893D2F1726F816,7631,src/imports/table/union_activity.lua.gz,da6df15a44099526379a96a73a0e81ce
8308B1D00E6648E3B20C00071E4CD72E,1851,src/imports/table/union_activity_rank.lua.gz,1afd96ab1024e45b55776870be29345b
110CC6A0759F251B4B586BF053E8B796,691,src/imports/table/union_base.lua.gz,7cd4cb50358260d468eec449ec921e6f
5FC6EBCFF91A5DE59C7A8D010EA91C18,771,src/imports/table/union_boss_chapter.lua.gz,180e22b7d6740bf291661e48a3c7328c
B7FA4EBFC63C60A3425F6B803F32837D,3471,src/imports/table/union_boss_stage.lua.gz,e7a5fb5ec301b6057fc138fe824c9124
7D1D0677B07B8FAD7DA82622BD3B89E6,4227,src/imports/table/union_citywar.lua.gz,82b9fda6a473f75dc445a284c70618e7
A7EF98E85B87233C481C8D1B337F970A,663,src/imports/table/union_competition.lua.gz,5fe23193081c92668f9482f74bd027c9
F477CAD488A507CD64B7DE7F40C401F1,5843,src/imports/table/union_competition_city.lua.gz,6daf8a5220b1d69fe4009254c8fccf19
EF0BCE37B6CEF4BDDDD43E9A0A692AA9,3871,src/imports/table/union_competition_coordinate.lua.gz,42c6b4552a270d732512ccbf75154d90
50E51433C3994DBCFE0D3A774F3ED04B,1387,src/imports/table/union_competition_formula.lua.gz,85c15417c23331ef7f53af30966ca9c8
9C8C962E499CEC07DE57147E929B085F,859,src/imports/table/union_competition_merit.lua.gz,4660ea970b040d7e9afb3c961bf65f95
F840262FD4B35B642E2EAB9A7113A3C4,3023,src/imports/table/union_competition_show.lua.gz,ff44afe80cba9044719b493d6a777ba7
5603358AE838D9F5EF05F7CC041C103A,347,src/imports/table/union_competition_time.lua.gz,6fe2715c4cded11799eba93f27a5996d
125044C471FB2C8FEB7828C9D78795EB,1491,src/imports/table/union_crystal.lua.gz,261e0e7e5a8a04d76cd58c0c0c4f8d57
2A936E50D35BB2C02A34E9382E596809,851,src/imports/table/union_crystal_other.lua.gz,016d4c96f2b57f86fd157e33341932dd
185B9CBE04A7C665A4144AF4E8755671,1135,src/imports/table/union_goalkeeper.lua.gz,1ad5e733f5c1d0ccf99828c5b27c3fac
CB6B4140B38D8161F1B7F8FA5DA24394,1759,src/imports/table/union_goalkeeper_rank.lua.gz,6cb64f207272c0d13f54933b19e1ceab
8EF44A3745DC7A60938E1EFEC04D92AA,4047,src/imports/table/union_guild_task.lua.gz,69628acab4fde72e0d165e4200de4f1d
DD46F7009CA6D08ABD06C9327ABF0203,995,src/imports/table/union_positon.lua.gz,eacf4dd42b44023f1727147b353e86e7
E9661CFC03675AC4EB0EC6877BD0FAAC,983,src/imports/table/union_salary.lua.gz,61d02a91925cb256cb654af799862e2d
5503A325E6A43A7C3F23E5F465C8E593,1831,src/imports/table/union_salary_gift.lua.gz,bdbfbd4f553c2fbc77c652a77cf7226b
0D20755B375CB63CE05FB8996242F86B,751,src/imports/table/union_sign.lua.gz,a2aef414893dd137be5a48f57b666af3
CCE6DE9BF95B28DFD4488BE0B0F4E4CA,595,src/imports/table/union_sign_gift.lua.gz,4979a6c2716e7c2b5a68eddbb817c598
64A6831DCD317AB35F4B3CD450C751F8,635,src/imports/table/union_sign_redpacket.lua.gz,6c86f28d4205feb5ef27cde785ec986c
78C380863FE9CC48BB0500206205B3BA,151736,src/imports/table/union_skill.lua.gz,b0f9fd5f4c7f40c9c546862a7a96a608
49CD7BD3E951E94BB3D4A392B7FEF825,18364,src/imports/table/union_task.lua.gz,3113082d37198fb58cecdf1758236e6b
D34C05D34818D11EF0F74F161D9D7222,101145,src/imports/table/world_config.lua.gz,382e92ed0ccc208c851c52187be7402c
D31551B1835A621B14EBB13183123C15,5643,src/imports/table/world_lv_gift.lua.gz,0695c959a5b8c6b7c35fdd1a94eec4de
C1CD83C8F06FDEC8ABFED9094FA92749,4775,src/imports/transform_files/assemble_camp_npc.lua.gz,88586ad001c2eab4bf9e4c1e51456888
03F332B92E854A0CC544575085DFB646,1423,src/imports/transform_files/assemble_camp_portal.lua.gz,9b9e6fe37ff8853f447f69c3bc07771f
8A21DB07AABDC42395910DCFB661B712,1543,src/imports/transform_files/assemble_city_npc.lua.gz,60fb1d32753985e296c71a6e08f32fa1
9EDD28FE09BAACF56F4B25685860D493,1431,src/imports/transform_files/assemble_city_portal.lua.gz,9bf716b79d09bbc7724878d191d3551e
4D80E1A74AFC243D6F9C5D558C658B69,11643,src/imports/transform_files/assemble_fight_npc.lua.gz,09d3f9b9dfab94fbea81c5e0197bcead
36C1C8285587F231F7B05BC223A1AF8D,79335,src/imports/transform_files/assemble_fight_portal.lua.gz,b42a4dda3f14fae13820fe5ceafe1de3
E79C0F0522F1BF9E9DDB8743725E7460,1563,src/imports/tutor/Tutor_Activation.lua.gz,ba8a170163b8edf12336fb6ae79da863
B388FB5772A73EDE85E794C71E73CDAC,2003,src/imports/tutor/Tutor_Arena.lua.gz,30da34868a021e85bb0a3eb4dcb14eef
25E3D34C1092A610EE664E445E048625,731,src/imports/tutor/Tutor_ArtifactAdvance.lua.gz,477623d3946e7b2d51ddc727e40ab897
468CE479126035228C46FED98BAF50BC,2147,src/imports/tutor/Tutor_ArtifactEquip.lua.gz,bd85f20c8c91dad466835213e0d4c689
0AE97A7546E5FED636EBA0F69FAEC8EE,3275,src/imports/tutor/Tutor_ArtifactEquip2.lua.gz,df103561a8cba81858c51f6f116f550f
D17FE9E98CA82A8156715402A932A275,1507,src/imports/tutor/Tutor_ArtifactHope.lua.gz,b4f7531813eaab4b5097ae655668c068
9328F1BC5D9F931004CDF9D5A3D7151F,1983,src/imports/tutor/Tutor_ArtifactLottery.lua.gz,12fe95b4183e713e4704e3ef70895821
E3807243C3FE80B2F3EEB66474135F0B,3179,src/imports/tutor/Tutor_ArtifactLottery2.lua.gz,492eee5d57e6d4f28a8fd554b1250d57
61040538720299BAE5FD9410CFC89B91,1891,src/imports/tutor/Tutor_ArtifactLottery3.lua.gz,23cb82dd64d04d7f68193fe812397b31
082DF8CC383F3B78E6C924338AE6F7A3,739,src/imports/tutor/Tutor_ArtifactSkill.lua.gz,f5897f9ed0deb31d75de8e602355b330
5FA5BB2CE8C60D475DF36AA78693CD71,4099,src/imports/tutor/Tutor_ArtifactStar.lua.gz,e172ed1da1d7dc48219d9d28a17d7452
445532C3DA840A3605531F1E23F54785,715,src/imports/tutor/Tutor_ArtifactStar2.lua.gz,11b228ca1422c12d8334b064d9286675
BA7B3574F9EB6283181D63F46514F7DC,1407,src/imports/tutor/Tutor_AutoFight1.lua.gz,7c2afd5df0bf70eca0e461a0ca24f86f
240A2C1454350D391BA305911BCECF45,1391,src/imports/tutor/Tutor_AutoFight2.lua.gz,2a8cb9f2ed7ee5d633fff51c3c51d2a3
245BBECBFFD37C4E91D7D342AFBF8A76,1383,src/imports/tutor/Tutor_AutoFight3.lua.gz,0ad326989797a80e27dc0513bb39e2cb
BA05D4259E8C4F6D6B0DCE9E793E6B0E,2163,src/imports/tutor/Tutor_Awake.lua.gz,4541a712b40ca5e7cf1b6452691d435f
CF93F2DBB33D77C011F7373499679AD6,563,src/imports/tutor/Tutor_AwakeRoad.lua.gz,b8dd491f72fbee09cedfdc21225cf63c
4E67E742BE3D33D2106ED5870580DF6E,1291,src/imports/tutor/Tutor_AwakeSkill.lua.gz,b9730d5609fb17b21e78bb53d7dcafaa
26C8FE3F5A5DB45B9C4DE21795F26794,2743,src/imports/tutor/Tutor_BossRush.lua.gz,a5f4f2b99c4c3de68d26f43a0f313785
091CF4E9787406ECF75CD6C2EA320A3F,691,src/imports/tutor/Tutor_Bourse.lua.gz,dc1069f146f247df2b6128342a410101
23727965F006F47471907F50F2AEBA22,4191,src/imports/tutor/Tutor_BTGM.lua.gz,7ae979f6f0b9079749bf3e0e6a101c48
E34D0BCB5D8F58FF60E10590B4DA3EE1,1539,src/imports/tutor/Tutor_Buff.lua.gz,a9b16df6e1e2074bcf148a3ed6a05588
1E261A418CB82C53D2F154477A7F6374,1383,src/imports/tutor/Tutor_Camp.lua.gz,f8c7b384ea77fb2713a77d65767b87c7
B5263ED0E3481D7DEF2B76AFCBB871E7,6207,src/imports/tutor/Tutor_Combo.lua.gz,f4ef8db292d520b6b4067dacb54cba20
FD2C61C6B8326B91197C197A9BE203BA,2667,src/imports/tutor/Tutor_Constellation.lua.gz,8f6b5dfdd9edc6cfdc2ab0bbc6691596
B34ADD2D1D7EC1F7BBA198DECF242135,1791,src/imports/tutor/Tutor_Crazy.lua.gz,0074c36a212016920d5e7d435dc6d670
8BF6E0AC6282D7772E86108B16959E62,1455,src/imports/tutor/Tutor_DifficultyDoor.lua.gz,66fdb0752e1c256888eead46e93a0e3d
D60122EA68CAF07FC4BA3704FC48F210,1875,src/imports/tutor/Tutor_DimensionDoor.lua.gz,623ff3b099eedc5a5af0c2b937f2d31e
681E910C1ADF6ADA08765515071A2C45,1887,src/imports/tutor/Tutor_DimensionDoor2.lua.gz,137d24fc64a9271c1ba53abfa41ca1d2
742445D8E30C1649DECB230E471BDA6F,3207,src/imports/tutor/Tutor_Dodge.lua.gz,1db44ed02b1598d70011d9f987a9695e
D6A378EBADB1CEB0BF63BF2B92623763,715,src/imports/tutor/Tutor_EnemyAttack.lua.gz,005720d3370e2c94131b6191d2411c92
079A3124F07C7CD1BE888674A1DAD95F,1575,src/imports/tutor/Tutor_Ep.lua.gz,863bfc6c79db49b3fd9c8612c8cdf379
F795A5D06E2C6B3EE8BC7FE8B3E1FA11,679,src/imports/tutor/Tutor_EquipRefine.lua.gz,6411a610f20ee43f83b25164742cf334
796895B474A73076D2ACC926BE08358C,2515,src/imports/tutor/Tutor_EquipTip.lua.gz,8dd856259b063234cdc568dd84dcde6d
AB113770E9A4207FFDD24DC6616D01A8,1283,src/imports/tutor/Tutor_Explore.lua.gz,7befed2281a88fc17d0aefeb5f223839
9BA2105D6EE667F63F1FCAA1C87C3716,695,src/imports/tutor/Tutor_Factory.lua.gz,44e03bbec7c47812c5bfdd578fc42465
B968EBE727738B2E57D66172A4EA4530,10451,src/imports/tutor/Tutor_Fight.lua.gz,3db2c749d0b8734ecb458d93b16d81dc
85AB0A6CBC4AC9B1B2888C74642F2FA4,2259,src/imports/tutor/Tutor_FirstCharge.lua.gz,10295a841810674fb6a1fb3625e6f0be
77552DD7FF2EC66F6340666A2C4FD7DA,1047,src/imports/tutor/Tutor_HideRoom.lua.gz,5914a4ab0785efd0cf743b634eb5bde3
868938DE85CC8ED1FA990BADAD371D01,3747,src/imports/tutor/Tutor_Intensify.lua.gz,727973f22b913a2abdb27aea0565410a
C933F3CFC9A20A3ED5114025596397D4,695,src/imports/tutor/Tutor_JoinUnion.lua.gz,72c85803a2ffee4d155cad00e47f0a84
D70445BC25AD2EF243BF17F0FAD59A8B,1439,src/imports/tutor/Tutor_KeyDoor.lua.gz,d8d5f0da969ee80a5a72f9975b6c831e
E037DC763BB4522519A602CA9A05E468,2023,src/imports/tutor/Tutor_LimitFight.lua.gz,f2d1c5e79c8374b95e307b5fa818d02c
337CDAC5A8E9BB3988B4D2C669C43D1C,2735,src/imports/tutor/Tutor_Limitless.lua.gz,e187f72c772e1a15e0402bb78e8c7f72
D2DDBF2AF8040353F81CBE926A6A036A,1375,src/imports/tutor/Tutor_LinkSkill.lua.gz,7548b9bcf71cd5bd6e35dc838e7b4154
DA5AF1834FECCF4C951F91D3A1E24D53,719,src/imports/tutor/Tutor_LuckEgg.lua.gz,ab80b9184812c551cabcadb010f5b921
F15562BA73E144D1FBA7DEE25055215E,2295,src/imports/tutor/Tutor_Make.lua.gz,a6210daf9f0e0c1b85a1d906d2d3aab9
941C05734ED195181A33374B9822FA93,1979,src/imports/tutor/Tutor_Nest.lua.gz,c8b40320e9b3b825a745aa3b5f5f3a62
E310EAD9ED8E4499DC5A3BF39883563D,783,src/imports/tutor/Tutor_NextDay.lua.gz,b6d30ae2a6bedddc71fe204fcdcc3d7a
5F55748E724C57274046BCB3455AD27D,2307,src/imports/tutor/Tutor_Partner.lua.gz,16ba076946fdcee12c1594b0da34dded
4BE80169F385F58DE3B370AC385DFC25,727,src/imports/tutor/Tutor_PassGift.lua.gz,e58beb7b25609862e7c9668ccbc22407
C434460D1694493A687C22BECDE64BD2,695,src/imports/tutor/Tutor_PetAwake.lua.gz,96ada97e576b1ef36c432abd0a42e43a
2FC8246ADFC121191C524E84B8B2F907,703,src/imports/tutor/Tutor_PetGoBattle.lua.gz,0eeead2078aba23b4997fbc669872ce2
87D5D65474B38AA3242EB88B754968D7,2315,src/imports/tutor/Tutor_PetLevelUp.lua.gz,239e545d7475b933b3b02c1fe4836fdc
D2EC2F1B3C3FEF60DBC759F830AD4F0F,3019,src/imports/tutor/Tutor_PetLottery.lua.gz,47b06a87602bf5a706f62d71b25d649f
AC2ADB28E1D201ECFF5825F84A8654B2,703,src/imports/tutor/Tutor_PetStar.lua.gz,80b964cd30fe538b9c8cfa58d64858b1
7EC7702C26AB575BF3486F11B0E55901,2515,src/imports/tutor/Tutor_PowerStone.lua.gz,16814fbe3a701598c280af5818ca76ef
665D30EA4E66ECF44A5F4A96BC6686F5,727,src/imports/tutor/Tutor_ProvingGround.lua.gz,3238d32dcbe03eceb19ba736abe0d2f1
A8BC6ED08925532BED535F4B544EAA07,1959,src/imports/tutor/Tutor_PVP.lua.gz,31b1c92b1ef8916da335d60c287d71a4
66168ECF69CE681B45D0C3CA3A096F59,699,src/imports/tutor/Tutor_PVPList.lua.gz,dfb691f83e2d39008e510e1bbff4cdea
7784CAE9CB4BF118E6A0B19FB77AE1CD,1531,src/imports/tutor/Tutor_RubSkill.lua.gz,5270bd09b8118ca020a0e27076bcacb0
8D9F70C3AEE047A5C45FAEA8FC373B3A,2071,src/imports/tutor/Tutor_SevenDay.lua.gz,31a239a6b6176faa62f0b62bb379b502
548857AB49BA95C70A69DCB3FDDD7851,4075,src/imports/tutor/Tutor_SkillFit1.lua.gz,6bd3311f7cf8d9ddded88a46b5147256
DED6281C2636056752FA9283913EF8A7,723,src/imports/tutor/Tutor_SkillFit2.lua.gz,746338c03b690a9b3c5811caa3886821
7C01D2C97262F3026A8C464ABD1EE5B4,3107,src/imports/tutor/Tutor_SkillFit3.lua.gz,c66dc8a13f46e6a06b7752fb3efc9433
107714713550489FCD704E4193C13E32,2003,src/imports/tutor/Tutor_Stage.lua.gz,ca14887c4a596bd545eccc1f94741c3b
CBB176358B15708BE29ACA6F790D8FFC,1839,src/imports/tutor/Tutor_Stage2.lua.gz,8f308bda67e7b01b889a542829e6f04e
A5457C16572B7B10243394CAE707327A,2223,src/imports/tutor/Tutor_StageSearch.lua.gz,6bb08a05c9e338082e0bab7fd82d79bd
C127189BC038B61998CFCAC3590D4960,759,src/imports/tutor/Tutor_Sweep.lua.gz,58e8779e3a36003bb5e7f4bcede9d3b3
8FA59627A7B8264F1F83A2E6A1B8C055,1511,src/imports/tutor/Tutor_Task.lua.gz,ec10150ea80012ee5d4cc6fa5e078f1b
6193B61BB5B5B37386064CEAF97F0766,1239,src/imports/tutor/Tutor_Task2.lua.gz,f68e9618d2ef6d0e29ca988b96e31598
A7DF7852FFDE714CE41C08AE87469082,683,src/imports/tutor/Tutor_Title.lua.gz,c2a3ecb6f52a4b33a3960f5412010630
B7CF8229E0FAE5209188E84FEDB597A4,683,src/imports/tutor/Tutor_Tower.lua.gz,0c6af934e692f095c3cc6729e374ae9a
01409E84BDBD61D5E907740CA7B206EC,699,src/imports/tutor/Tutor_Trial.lua.gz,6e68c82d1001d0d0fed4d69603e26786
ABB035CACBC0743DE31985588BE86F33,691,src/imports/tutor/Tutor_Union.lua.gz,cc8866bf6ce7d90371c6d45691922611
CBDBC10295164CF69EDEDC53CA7FEACE,727,src/imports/tutor/Tutor_UnionActivity.lua.gz,20d2d1867d4981c90899051ca91fe05a
23134C986B16A64EDBC10F718A60199D,5651,src/jit/bc.lua.gz,9ae87110262fd3cc026d7f7d03ad01ce
6E169E6C266F1188F4D6C3C720943895,18304,src/jit/bcsave.lua.gz,abd701488b33d24c72e44350d0196f0c
A46C4EF643DB256D5F115A71B8F04566,19400,src/jit/dis_arm.lua.gz,4695e32d31750c64f258886e7b14cff9
4FA22EC5F8685570AF71F88E52774839,13255,src/jit/dis_mips.lua.gz,fd2d19821e32e2aae341d66802b7cad4
B71C6970D10F330C10685B58932830FE,747,src/jit/dis_mipsel.lua.gz,5e70e3e5d1ac0385db14ca322f371fab
520A0BB16DC9E7353BF03B991E13964C,20356,src/jit/dis_ppc.lua.gz,72b3ead39672fc3ee62578397b988ff5
40FD62A8F59A1992352D078BE49C5DE5,743,src/jit/dis_x64.lua.gz,bb45aa7d2e0b06594c95de23336a0dfc
6ABDC4ADC9533944CE6B65E7AC46CD53,32764,src/jit/dis_x86.lua.gz,697f013fcc1540e09b676aefc83bde3a
893A5D2C03347D127E1B176FB6C0C2DA,19840,src/jit/dump.lua.gz,f4abdcce032950b77f2e1679339aa81e
2D823F4346B596DD8590923090F37568,9123,src/jit/p.lua.gz,95688856444bb01d39af68051c13167a
E9051893CD26D4EE91BE0500D8FA9F09,5787,src/jit/v.lua.gz,402c3efcae55cac237c4ca0ca7f4692b
3EAEF0CAAD45067A607B0ADA7E35E1A9,7751,src/jit/vmdef.lua.gz,95a2aec5e10857ce0670b0727ff1050f
1B106E7D7B95247F80CAFE24432C460E,1035,src/jit/zone.lua.gz,162ed346b0982a9e5220bba68230930d
6DF7233A60F5E30A5B0C9EFD22CEB8CD,1143,src/module/_init.lua.gz,cbee4da8681e8c6fee5956504a148e3f
ECD7FCAD8B728B9D798F94604C1A65D7,27220,src/module/ai/AiAgent.lua.gz,57ed43964a63d7db8a1256fdd04647fa
A4BC59BE6CBDD8CBCD4B4A1418DB0A6D,2191,src/module/behaviortree/BehaviorManager.lua.gz,0532a9657d113127d0996aa1d093f4c2
1B715B914CEB9B90CA7500D462FD9226,3291,src/module/behaviortree/BehaviorTree.lua.gz,7efe63ad300b4fea1c34c85f5e85a095
90E59E958EE355AFAA4CE5F6CB6B94DA,243,src/module/behaviortree/actions/ActionActive.lua.gz,76cf3e33c0714fd16d17bc63d3c666fb
36A219866FF59BF64BCCF5067F93999D,2683,src/module/behaviortree/actions/ActionAlert.lua.gz,323e5da046a1046ab64160bdd26989af
8AAADF95BB79C803D33807607A4E3DB7,9595,src/module/behaviortree/actions/ActionAttack.lua.gz,0ea0ea07cb8293d23bd47004986f5ef3
6C6CCB69E546AFDBE7DCCDF6DF858CB3,6027,src/module/behaviortree/actions/ActionBase.lua.gz,f791947bba86f00035ba59c80500698d
1699B86849A31A170BA0E40F456828FC,1147,src/module/behaviortree/actions/ActionCanBreakBase.lua.gz,dbfe28dc02c9e2870eb9c94ef0651db6
801D008CF54072E928DD0FFD9AC65C31,2215,src/module/behaviortree/actions/ActionChase.lua.gz,d845f86d326344bea5dd678e9dee3b6d
71E3C8D0532D74C7F11C0E5B303CC205,4431,src/module/behaviortree/actions/ActionCityRolePathFinding.lua.gz,b8f4db0a1fffb65461f4826b7c20974c
79422C91FC26736D8B15C76CA57A9BBD,939,src/module/behaviortree/actions/ActionCollect.lua.gz,7d97560f57b00087f3bf23e777d03700
A59FEA63B049586E03CCD032D33AFE63,6783,src/module/behaviortree/actions/ActionControlled.lua.gz,ec076dac0c65a4323522a7df33deda95
B422267272E2EF9A1249915038DC852A,9515,src/module/behaviortree/actions/ActionDeath.lua.gz,d2e637d08648856ca2f29bc5b8239433
8F0FC74A43FFB83F7F61B8A13540F98B,271,src/module/behaviortree/actions/ActionDestroy.lua.gz,0c449cb1af07c730e140fd79b041f885
018CC2B2186BCA6D7D8B21A5F83363C6,343,src/module/behaviortree/actions/ActionFall.lua.gz,0a31344e86ef66c58f19e6e5b777298f
814F7ECAB678995A05AAA3FAD64E0D00,7031,src/module/behaviortree/actions/ActionFollow.lua.gz,dc9678643a07d7b4480c5c4566918c0c
8FF7EB262D0ACB66E011B27ED40D3B0B,1383,src/module/behaviortree/actions/ActionGetUp.lua.gz,e0f1c4627ecea1d45eee5c77b7640609
CE1123260B90B0BF46CC9BDB8863CA18,6983,src/module/behaviortree/actions/ActionHit.lua.gz,e0b2c3d18ad3537d7f581b9575e5b2f6
C0972F1DD5D812B967B09BE3B6023944,3163,src/module/behaviortree/actions/ActionHitDown.lua.gz,56350e663f04d27d71519123f6c2cef1
3516E7748A3144CF84462991E5C037DB,4287,src/module/behaviortree/actions/ActionHitFloor.lua.gz,3dcb2454f4c5b5c940b075016f0c5954
67858787B451EC90BDB0BE7CD170278F,987,src/module/behaviortree/actions/ActionHitSwitch.lua.gz,1baf572b95ca3f9861a2077a62b4af96
6635F82699A963FE40F86DDF50B3656A,3255,src/module/behaviortree/actions/ActionHitUp.lua.gz,042382ea617be6cf318da9df6e3b8854
C9F27CB3B3C63C9F89E559182F1149A1,947,src/module/behaviortree/actions/ActionIdle.lua.gz,41eae43e90a32d40f3f6053e1af9d05c
F0A8A12A2ACF67E3314FA57845B2E753,1563,src/module/behaviortree/actions/ActionJostled.lua.gz,58fc92817d6715787b5f43caa1491b4c
CF127BABCD06C1D2F3A6B4D4EAB02A20,3403,src/module/behaviortree/actions/ActionMove.lua.gz,599ad733c6ca41a75364a6460245e28a
A605686205A71E0658002180A8706B78,923,src/module/behaviortree/actions/ActionNpcIdle.lua.gz,dc0f4ab1592ed6ff43b21241a0981378
CCD55768DE186F6B9A480E3AB1466152,891,src/module/behaviortree/actions/ActionNpcSpecIdle.lua.gz,4dffb1bf282406d5e1a5cbbc72cc3d4b
C465440C1D30C9AEB92BB5DBAC880647,5435,src/module/behaviortree/actions/ActionPathFinding.lua.gz,542897a0dc596dd69d212d1659886a92
7F65533BAEB198FE0CCFBFC82BAF1729,2723,src/module/behaviortree/actions/ActionPatrol.lua.gz,5a87c0535e3036f283d663ffccb38203
11BA0B3B8FF8F6174BAF16A36FB2DE75,495,src/module/behaviortree/actions/ActionPortalActive.lua.gz,532782b59cfe537dbb044cc9fa6f58a9
0AAFE72605DA38186AB498182D3C1ADD,591,src/module/behaviortree/actions/ActionPortalClose.lua.gz,16f1a8ee2631124457b01e6b9a0e3993
E7E4C93479A9CD8C471CA02F01A70BAF,639,src/module/behaviortree/actions/ActionPortalDifficulty.lua.gz,98c6e86b45f7ca4073dc35e72946f272
DDC9CABE517A6E83E87AF223852280F1,595,src/module/behaviortree/actions/ActionPortalKey.lua.gz,af64c7ee81359b0edc8bafdb9e92a8f4
A2F5050A7823389996B30654DE6BC2FF,591,src/module/behaviortree/actions/ActionPortalLevel.lua.gz,a520e7e8209a7d9ce966d100fe152022
94F5B8A12BBF47EBAEAF682D99628D43,623,src/module/behaviortree/actions/ActionPortalProfessional.lua.gz,c225a78ad6c36716a05750b49d2d855d
74140E96DDC024C61BA4C57963A29DA4,623,src/module/behaviortree/actions/ActionPortalSpecIdle.lua.gz,ca3d37d76d4a6a607e202980d5bd1036
DAFBEB2913637489BC324B791EB8EAB1,599,src/module/behaviortree/actions/ActionPortalTask.lua.gz,cb96df5374085c2b16aad6669f6aa6ef
6E1AA815AFE9379120C5BF53DEE443E2,619,src/module/behaviortree/actions/ActionRevive.lua.gz,61e3e8036e1d38e8d2d3bfc90e710a03
8B8A675FED36509D7B031AB13DBC5BF4,2259,src/module/behaviortree/actions/ActionRun.lua.gz,2f18592b396eed8f8cdebfef92f80d37
80BB8ED34EA370702879201AB1779CFD,435,src/module/behaviortree/actions/ActionSpecIdle.lua.gz,35ca092f88ccbea00022fb74aad5ee58
4427FA5448E3CDB6FC6E898BE7687A6C,2247,src/module/behaviortree/actions/ActionSpurt.lua.gz,3802fb4aca0abd99dbb53a1860970869
9D112B64A2782AA2F7F24DF84AB61D29,911,src/module/behaviortree/actions/ActionTransfer.lua.gz,a8a7b382d6d709d0f78cfea6af44178d
91D76D8DCE6EF2AC164F1AD56361AFE5,1239,src/module/behaviortree/actions/ActionWake.lua.gz,8c7d33e253f2dd85a4859c77cf833f27
7C2CA51BF8F2186CB5F5D54285E23C19,2295,src/module/behaviortree/actions/ActionWalk.lua.gz,78884980ff78215c7820cef4e7aa1720
E427F682868BA6E18B074A42FFF7DA7C,8747,src/module/behaviortree/actions/AttackEffect.lua.gz,b1835015f3f3721efe61448a4cabd16e
FF82AFBAE6B6D71951AD0C8A103D701C,22220,src/module/behaviortree/actions/AttackRole.lua.gz,23547f670882367c0c0eb3554f19a782
95610C3638D48D8318664182DD8B9814,471,src/module/behaviortree/conditions/ConditionActive.lua.gz,79b4673dc8853e29c19a2fa0a66387a0
AF384E5E0ABE95406CB4A41FCB04EBEF,583,src/module/behaviortree/conditions/ConditionAlert.lua.gz,4519227450e45b557421ab8ad18dc262
5D5337E10E5A4F01C63BB082331FEB6B,523,src/module/behaviortree/conditions/ConditionAttack.lua.gz,663bc95b8e710da19bf46b675e9bcf22
A16C3463B8B41B083C4FBAB827758D46,1735,src/module/behaviortree/conditions/ConditionAttackPipe.lua.gz,59ad3339bd6eb67e3f0a9bb95103676d
515620486F5EFED4ACE48940C90B4E68,495,src/module/behaviortree/conditions/ConditionAttackPress.lua.gz,4552f0838575374bb6e48f653e50bdc9
AE1549C1AC2659AD13C2FCBFBCEE76C2,475,src/module/behaviortree/conditions/ConditionAttackRelease.lua.gz,3509c44501347793e607aa066bbbaa2f
DE3097A644DD8926C6A6823A8B5BF2CE,1559,src/module/behaviortree/conditions/ConditionAttackSkillMode.lua.gz,36322cab08b49c77afcf5c5652becc0b
E7DA82EC57ED8A786CD05416DEC038FF,1587,src/module/behaviortree/conditions/ConditionAttackSkillStep.lua.gz,4577896ce85c45382fc034cdd2744664
6D920F2D68FFEA030D1A365CCC7C8048,927,src/module/behaviortree/conditions/ConditionAttackSlot.lua.gz,363a5a58c352f29de6b1695821f5cfd1
C6DFB90295F3EF088647016E8FCFF672,1159,src/module/behaviortree/conditions/ConditionAttackSlotIndex.lua.gz,a12b9283c17852b088e9a0d2603e21eb
984D59FF5F8AEAB2626FA6D5BCF174E3,1747,src/module/behaviortree/conditions/ConditionAttackVectorIndex.lua.gz,22082f740d08367c0eaefa339dd82039
DB0DDE14F217BA9C715FDD9F8F44C33C,5107,src/module/behaviortree/conditions/ConditionBase.lua.gz,900596ccd35448516e0d6dca1a60ea09
9AADA41B468B24225957309AB0AE225F,315,src/module/behaviortree/conditions/ConditionChase.lua.gz,6a70124b93c4ab6ddbf99632f8295dc5
6EEC7AE5628E5F1108817858D1D9BF06,395,src/module/behaviortree/conditions/ConditionCityRoleIdle.lua.gz,09a56fa056903e3fac312cef3b08c9f1
A632E35352C37423FF5B752E07A4BE87,379,src/module/behaviortree/conditions/ConditionCityRolePathFinding.lua.gz,0cbb4cb8448c1d916add4c2320077d05
C521A1EF0829378C9C199A445D7155C5,335,src/module/behaviortree/conditions/ConditionCollect.lua.gz,60c92ef3d568d44072c47e2df6f04132
CD1FA03396E40CD3234F914093EFCFF6,479,src/module/behaviortree/conditions/ConditionControlled.lua.gz,d942e4aa9d13223511b576a25c7133a1
1CB29C4FCDED67FFF073356668447BCB,315,src/module/behaviortree/conditions/ConditionDeath.lua.gz,8c767d82ea31c35051fab2e754fc13e8
11ED7DF9814AA2B4861BCB818BC58864,331,src/module/behaviortree/conditions/ConditionDestroy.lua.gz,f334c431b03701a15a7e65dcee6a19d3
70DF6B325836B65F2BBD89ECA1642E8A,347,src/module/behaviortree/conditions/ConditionEffectAttack.lua.gz,ac87db00d22bff1144e3b06292ffab03
AB05B859997ED11DB42406E914E35986,315,src/module/behaviortree/conditions/ConditionFall.lua.gz,9fcc75e710cc0b17d6c9d3f7fabe5f0f
374573761D78F46997AB8819FA3B0DE2,323,src/module/behaviortree/conditions/ConditionFollow.lua.gz,e97590bd2ee62069381e1c04734c095b
FD66BAC560EF5C5EA5EDA31830EBB9E8,315,src/module/behaviortree/conditions/ConditionGetUp.lua.gz,00e306906b83fb99094f2fdf798e2cd4
AB5F5D2F6BFFA938C8DB2784F1FDF592,479,src/module/behaviortree/conditions/ConditionHit.lua.gz,934720d251d561886806ad16f5af7c93
278BD11FECA968ABEC77EED01DD3789E,503,src/module/behaviortree/conditions/ConditionHitDown.lua.gz,db1cbf8b1cc3d51783756798c8081edc
8F164598015735537466236691E9E312,511,src/module/behaviortree/conditions/ConditionHitFloor.lua.gz,c956d2c84f4a489e30a6fa41e0e837f5
117CF6A24641F8A2110789EC58CC8053,531,src/module/behaviortree/conditions/ConditionHitSwitch.lua.gz,fdf87460e2f8af3f96463df9c52b1b8b
F51FA0F3ADE02A726DBB4535F9E1EC7E,487,src/module/behaviortree/conditions/ConditionHitUp.lua.gz,e214c60cee415a8b823cb77105e4b780
DDCC3C51CCB113E9B55AB109233A90D6,219,src/module/behaviortree/conditions/ConditionIdle.lua.gz,1047c4bf5553c99c08defc72526dd914
6D0A7E022733D4C9DCBBEE475203C6E4,335,src/module/behaviortree/conditions/ConditionJostled.lua.gz,fd20aea63b8036ae8c04bbc8436cffce
D02C4789EE58ACCCA84F8051E51A8314,323,src/module/behaviortree/conditions/ConditionKnock.lua.gz,01a0d26120e3d2e480c9be7a3f94c22f
E874613169F1BEFAE5499409E153FC0D,227,src/module/behaviortree/conditions/ConditionNpcIdle.lua.gz,76058c58d5da30d827b3e278481f11a3
318D596EF6BDF7EB16E8C2A8F85AAB1B,347,src/module/behaviortree/conditions/ConditionNpcSpecIdle.lua.gz,e25a451512c0d39b491858102ca49991
CDCF8DD52C549374CA03F11B33CC663C,343,src/module/behaviortree/conditions/ConditionPathFinding.lua.gz,ebe4d8e6e67246b01265a4aba0039820
22E6FCFFB8629AB68C7541F1F2AA0597,323,src/module/behaviortree/conditions/ConditionPatrol.lua.gz,70337479662e6d9c15fe570f4480aea8
19BC1CABD7E58AA32406122449FBA993,367,src/module/behaviortree/conditions/ConditionPetIdle.lua.gz,1f341645f26db8dd1573219aa2665aa6
0775B97E30AEAFFFE60672FB42D84DC3,495,src/module/behaviortree/conditions/ConditionPortalActive.lua.gz,5a94836c5c374c269abb72a6d9bca5ec
D1A7F84D1345639380F7C91239D48870,355,src/module/behaviortree/conditions/ConditionPortalClose.lua.gz,7f84a0768481b0a4406128309e993e86
DC2CB12B08CB07ACC884209868F94D8D,575,src/module/behaviortree/conditions/ConditionPortalDifficulty.lua.gz,7ca26b732e78ae31b2c0c9f45698f56e
6A6401103279D6CF5508CC299D139A9C,379,src/module/behaviortree/conditions/ConditionPortalKey.lua.gz,f9683f44da81c7843e5961ba0a5cbd75
84600ABCC80AB5B11BD3B62690CBBBF5,479,src/module/behaviortree/conditions/ConditionPortalLevel.lua.gz,5cd8fcc05e40f5411ef1992e73105c77
1DE12CDDD455FF118D4AE9E7C4C5A35E,555,src/module/behaviortree/conditions/ConditionPortalProfessional.lua.gz,fff34d4d52435c8f001a55203bda9707
C3F3B30A495B034C65F4BAB470EFB4E0,611,src/module/behaviortree/conditions/ConditionPortalSpecIdle.lua.gz,0906d6b21a0e7e8f25506665abe3d0e3
3160C6AE83C03496F8389A4BE5446B66,387,src/module/behaviortree/conditions/ConditionPortalTask.lua.gz,bbea7434c31e82eed91d85775edf593c
F349A95681770637CD68265B6EE43305,399,src/module/behaviortree/conditions/ConditionRevive.lua.gz,15d81db5887ca209af575e002ff39762
4E5ABB5EEB089CDCA79998441D331DE1,619,src/module/behaviortree/conditions/ConditionRoleAttack.lua.gz,7d0c051cb792f57abcd3be542e001463
3A9C543E2B1C6564FA806A54B9276027,487,src/module/behaviortree/conditions/ConditionRoleIdle.lua.gz,43df1450e849c5571c32e517cb7e3773
369558E2E3DC319A8580E0186288AE11,599,src/module/behaviortree/conditions/ConditionRun.lua.gz,bd1fd6198a6d9c685f26b9f17ad3aac6
92C10E13B5E6878BDA9C128CC6E021E6,423,src/module/behaviortree/conditions/ConditionSpecIdle.lua.gz,5f7d024977a98fc88fb396a31a05657b
6334C890189057BA87C0103F7F7B9E66,323,src/module/behaviortree/conditions/ConditionSpurt.lua.gz,c647d4e14994d8670701c6f28d9315c6
C3A7CF32EB9B02375A26BAA36DB9ED11,343,src/module/behaviortree/conditions/ConditionTransfer.lua.gz,23c644cd470ea21e6850587bdd23e3a9
EAA65DC7D28E3A83596570170B21EE5E,311,src/module/behaviortree/conditions/ConditionWake.lua.gz,5e4ab2d86f2305e7d0d2c88e63c4cd6c
02B36FB107889D39B7D54AAEA02DB63F,607,src/module/behaviortree/conditions/ConditionWalk.lua.gz,d451ac8b4f2e6ea4ec99d35558da340b
2CABE04BF81FB2437796DF0059F4D625,33913,src/module/buff/BuffBase.lua.gz,9349c849596bf105a296e833e119de94
3D97EC2EA98AE89A787761100697A234,40137,src/module/buff/BuffCondition.lua.gz,3644e178338734400d2aea9be1b9ffa6
02042F540E2EC7819DA6DD45DDDD7885,45029,src/module/buff/BuffPool.lua.gz,719026f136fc48619c189bbb787e61b8
C0611F81754D14857420CE4DE2C71DFC,1647,src/module/buff/xbasic/BuffAddByApplicator.lua.gz,4ef37c817d7516bd9c7fe7bd5c7b6c77
AD5069C7973BEE2338161AE9834DE359,1335,src/module/buff/xbasic/BuffAddByApplicator2.lua.gz,33f6194de8608221209dad50cb84f4dc
AF1C5195B110621F582D4AB1D120F6B1,1159,src/module/buff/xbasic/BuffAddByApplicator3.lua.gz,6a4a4ae377b8d88cbd071199fec94765
B8F3A839D9FD6CFCC0B7C8140F74D30F,619,src/module/buff/xbasic/BuffAddByApplicator4.lua.gz,9d0ba07ea7c29204becd65610647f2f0
6786DB945405F6EC61F684F98496DCC9,615,src/module/buff/xbasic/BuffAddByComboEvaluate.lua.gz,ea956a5880d1639418369b0cc3ca009c
E427F50E54483B5BDB94CBD316A3C759,1215,src/module/buff/xbasic/BuffAddByCounter.lua.gz,a1ad6bbc31e47585da61885c55658915
83AF6266DB8BBF4B79AE79B3FEA93938,3695,src/module/buff/xbasic/BuffAddByDetector.lua.gz,f60b3593e3bb02cae3b443648952c078
D21BAF8A579ABD39EC295E3993BAB501,1263,src/module/buff/xbasic/BuffAddBySelect.lua.gz,7b897c214a48ca24f0ef6fcc1236f426
A77E4334F8A21EB1FBF6303D8CA572FB,2715,src/module/buff/xbasic/BuffAddByState.lua.gz,a96e0a0f263ae5787a8d6798d4453dd7
4A6EC5B55BDDB1BAA947DA3A2A48CCE6,559,src/module/buff/xbasic/BuffAngerAdd.lua.gz,a69f813282d9b573c6af5416d888eceb
CA77C3CA7D69121DB7C8345BC33DB2BF,671,src/module/buff/xbasic/BuffAngerAddScale.lua.gz,10f6c20eb810a3ee75d8d4e97260d680
BFF323188C0A9C591F9BF4D547D0AFE4,3643,src/module/buff/xbasic/BuffAttributeCombo.lua.gz,c749cd91830b3a3779000b898601cc4f
6319594A59E929757AA36E7FCBC86D60,1999,src/module/buff/xbasic/BuffAttributeSlotCD.lua.gz,dda3b8572d7318a7f6908e257cd44fa3
59D68E227D53CC71665A91E3CDB719C2,1003,src/module/buff/xbasic/BuffAvoidCrit.lua.gz,c469d7415b099d36961d12b5ac96df94
FC8246F186F33B6EB5D562563C24CD26,1011,src/module/buff/xbasic/BuffBreakArmor.lua.gz,08b1aa990e93236384ecde3dd5b47433
114E9E5F5B6458931437A06F672E74C0,2011,src/module/buff/xbasic/BuffCDArtifact.lua.gz,1229ecf822506fdc7fbaa14ae8171bd9
74049A9DFA5678417E9C87855D091277,2319,src/module/buff/xbasic/BuffCDSkill.lua.gz,a076e5b2182e625e3e8713fb8daf83e2
BAC84C8D86605D653C10EE583FADE47C,1343,src/module/buff/xbasic/BuffCDSlot.lua.gz,9d6591e6f2b44b3f7b9adc2388a000df
97A99B5D3648E5B4279DECC35A46464E,911,src/module/buff/xbasic/BuffChangeRoleAcitonScaleTime.lua.gz,ba80915448520bb7b18ca8091f885f03
E620269B7F0113031D1AB7C0B8B2FA9D,203,src/module/buff/xbasic/BuffCold.lua.gz,b703cd3164eda2f8cc53179e04f8cb5f
53171B7D743D920463460F18043113CF,655,src/module/buff/xbasic/BuffComboExp.lua.gz,b0e669515210e0a7f1bdefb80baafb5c
6DECC4725031176B4A4CD378E85FCBA6,431,src/module/buff/xbasic/BuffConsumeCrystal.lua.gz,e40a5a9e710d2f2d0bacad8b0a885619
F47DB95EB947E0666C37B2FCE91CBD04,903,src/module/buff/xbasic/BuffCPConsumeScale.lua.gz,5f441810ef1fd3b7e100138dfd9c338d
052B0FB7B642048C2555053926A50B2E,967,src/module/buff/xbasic/BuffCrit.lua.gz,8f691681f5bd9129382c1b17e2b28805
20AA55DEC37CF4E1B8F7C48D8E8FB0F9,1827,src/module/buff/xbasic/BuffCritDamageTypeGradation.lua.gz,f69fd5b9dab989e9302f4b8f77864a04
A79A6396F50E8DFE0A888CE3A6C40E20,767,src/module/buff/xbasic/BuffCritEPPercent.lua.gz,61a0e48798175dc3e1d6efc95c23de29
11293B18630BA14EE91FDB8C6E732903,995,src/module/buff/xbasic/BuffCritHPLoss.lua.gz,c79958f48c5d72ceddcb152d53d28792
7A56E2679321371F5325F040FE23161B,1771,src/module/buff/xbasic/BuffCritTypeGradation.lua.gz,39b669544e990a606f01ef23689f6023
54DEB033AAE42A61F6B3A1C392B90C5D,1267,src/module/buff/xbasic/BuffCurtTPLoss.lua.gz,e92b8ad9e17c299f53eef965aba16eda
F442E48FEBCD0336A33ED5054EB8E589,1279,src/module/buff/xbasic/BuffDamageBySpeed.lua.gz,c72c23769632e2f37e8b6cd5001a765d
C250C3E712A5F1681D9F0930C02DF66E,1019,src/module/buff/xbasic/BuffDamageCrit.lua.gz,8b9180129c60d7f318d908ff71e05dcd
207FA005A25ECA91B55844D9031C1D78,1063,src/module/buff/xbasic/BuffDamageCritByHPLost.lua.gz,6af02e4d0e7b3169f5d11d26174e2b5d
DB2274DCA6ED4367EF1E69F35AC41DB4,1051,src/module/buff/xbasic/BuffDamageCritDef.lua.gz,73d583ab0d9b129b290f1521e251732d
4F87B07A50B89F22E708750771420794,915,src/module/buff/xbasic/BuffDamageCritHPLoss.lua.gz,30e69569a61d5fc1db4440106dfff894
26A76A98F5422A3B391596214A023283,1063,src/module/buff/xbasic/BuffDamageEndLink.lua.gz,af2b5249677a8ca25ab5a51c89290248
2F13B19E494291E63EF6F1D33D9F07C9,1007,src/module/buff/xbasic/BuffDamageHPLoss.lua.gz,3d4a72b4c0792beda78952dc9f693107
55C7586F8300BB23233F0B32985F4C66,995,src/module/buff/xbasic/BuffDamageHPResidue.lua.gz,19b72ced8b02e9567b2df89b6e678b47
92155BA18BF1CDE6C8E867936A200E41,955,src/module/buff/xbasic/BuffDamageHurt.lua.gz,e064146456c55b0624021dd99bf765fc
CA7C78296E3D0DA96201BFCCD4FE2DA6,935,src/module/buff/xbasic/BuffDamageHurt2.lua.gz,1be7533f66d2896b5e058bb0868dc1b0
5B131531D73FC2AF13AE9246D559AC1F,907,src/module/buff/xbasic/BuffDamageHurt3.lua.gz,1dc19de76a23e4254b2b585596abce27
FB15BF941A7FF4A1E446E251487FE528,1039,src/module/buff/xbasic/BuffDamageReduction.lua.gz,6bb415e4371857880e0a2af556b29842
5FAB2F342578CD395A6E3458A1AAC355,1847,src/module/buff/xbasic/BuffDamageSlot.lua.gz,f3c1084c58dd6169c3ad8a036e1fab49
45ECC43C8AB739369579CFBEC04718C2,1007,src/module/buff/xbasic/BuffDamageTPLoss.lua.gz,4c559044e37f08bf150635fd412b5884
67DA810BAE74439A50680C4FDB07E700,995,src/module/buff/xbasic/BuffDamageTPResidue.lua.gz,98ceef0f7c0d4a937f568dcebf680944
381616EC26889A78B9D393E09BDEEB75,1803,src/module/buff/xbasic/BuffDamageTypeGradation.lua.gz,774c6680e24fd8b738998882320a9b04
609BE308FD790C90E044947ED91608C5,839,src/module/buff/xbasic/BuffDeductEpReplaceHp.lua.gz,5a0db894b0ead892d1a9fd295c2db0d2
B350A4CE630013905DCDF4482385EF1E,463,src/module/buff/xbasic/BuffDeductTpReplaceHp.lua.gz,dc67594c92ec8364cdaee63f181ae46e
063AD34D2C5312D0DB118EC2922362C3,1027,src/module/buff/xbasic/BuffDefendHPLoss.lua.gz,053b8ad2caedf539ac3b6d9924f8308c
3F59E8B0E695C0C75F9423C2007B1FEC,1015,src/module/buff/xbasic/BuffDefendHPResidue.lua.gz,8b58c977c9c33156342a442e2dc31b09
BFAA0F7E72582B5C5D2D402547C9034D,1791,src/module/buff/xbasic/BuffDefendTypeGradation.lua.gz,f554a8c0adee5d9e561a5754f5183d52
1737581697182E6208F938B3C54B1BE9,975,src/module/buff/xbasic/BuffDodge.lua.gz,418c7061f0fcbea3d3d1f74ac7ddc7a6
CC95B37257005B05B3B03FC0226D9693,555,src/module/buff/xbasic/BuffEP.lua.gz,6ca98218fe781a619e86bdb1f6056130
722E31063610E40AC7CBF3B4AC041E97,903,src/module/buff/xbasic/BuffEPConsumeScale.lua.gz,c8ad4aa214f00029ff9a1ce4b8016f4f
411A80EC60D0AEAE72D99A01F30C00DD,3791,src/module/buff/xbasic/BuffEPPlus.lua.gz,9b76ff027cf936f8292b29886d759973
F641663DF6FAB5F7273CCC1EE7355351,911,src/module/buff/xbasic/BuffEPRecoveryScale.lua.gz,473bbc9e7309b784f403439bb98120ab
D7E9A32551881E84B2E215E8F2F4EC12,591,src/module/buff/xbasic/BuffExtendDebuff.lua.gz,ffc004e8c77ffdc3cce9618858ede05c
52DE0B75E938BC6C304F91AC4B4B178F,1051,src/module/buff/xbasic/BuffFloorTm.lua.gz,ef3f831d07995869d907a61efe1b80fc
6B6DF2892893FB0181ED3D7264F2654D,811,src/module/buff/xbasic/BuffHemophagia.lua.gz,c6d85ee8ca6eb051fc9e2688f3aa467c
B50C7438EAB4C04BA47E47ABC5D35C76,955,src/module/buff/xbasic/BuffHit.lua.gz,c12682dba296969d13ec6f09b3d3d890
CE714D4940BD40ECFA4087F20590A569,1227,src/module/buff/xbasic/BuffHP.lua.gz,05b07c36f2494d868bce1082e8731c83
D7A6739C8D51055577674937E2D87E53,1403,src/module/buff/xbasic/BuffHPMAX.lua.gz,0a988b4baba62913665112046d903bd7
29DEBE8A7FF85F37093E29B984A0A797,1195,src/module/buff/xbasic/BuffHPTypeGradation.lua.gz,6563558623174e8cea8ac02db0b6a058
A52F8A750FA06A573C845FFD3AE82981,919,src/module/buff/xbasic/BuffHurtByAdder.lua.gz,65461d8317216183cdba5f1bf72b7f70
B2574B7013957E3BA839EE9D6844E33B,1207,src/module/buff/xbasic/BuffHurtEPPercent.lua.gz,3d1a6c9cc4b74fcf717f562f424475a1
23AF25EF71A4876984013779F10643E4,951,src/module/buff/xbasic/BuffImmune.lua.gz,eddbdf8f8c64036a9d2bc737122a976b
ED0937B86EDA05CFA8655E6AFC018B52,1247,src/module/buff/xbasic/BuffMagicUp.lua.gz,2ffee413a0d482f620b578f619a7417c
A39B91C135041AF827FF07A67377E3C6,1027,src/module/buff/xbasic/BuffModifyCDSkill.lua.gz,0fc73e68e88f3d6274f8c1fed5debffc
8711BEB12A49FFAC95860ABD609A6A5E,1123,src/module/buff/xbasic/BuffModifyCDSkill2.lua.gz,526978d1e209c96231c327dcc4a94483
0BBA034ED7602C802D1FD65B34187E31,2823,src/module/buff/xbasic/BuffModifyCDSkillNew.lua.gz,601b2a7bfb3e33ba6a4af9887893890e
133A3C3E615A27FD7FB3166D7D9B1FC7,99,src/module/buff/xbasic/BuffNotConsumeCrystal.lua.gz,92e14bd19f0ab3250ea81a888acaa316
F06DD4755E89504E83381794B231F324,575,src/module/buff/xbasic/BuffRemoveById.lua.gz,3878ea3796ab8256d27d413ee0fc1504
3A7C651388F278D4D5DE224329336880,587,src/module/buff/xbasic/BuffRemoveById2.lua.gz,700ea67c03ea13ae12d21b4604ed0848
596CAA0F914C707980200F5A3F4E404E,583,src/module/buff/xbasic/BuffRemoveByRule.lua.gz,65236bfc0d88e52f4bb44ae9c11883ea
8A515EBAF2F180485310789BE94B8832,583,src/module/buff/xbasic/BuffRemoveByType.lua.gz,9b0ac7a3246f67e57be7731fe7f27603
C9F6EEFE98FE063BC7CC14B3F526477A,2375,src/module/buff/xbasic/BuffRemoveByTypeAddExtra.lua.gz,753e81ad481187e93ebf3bbe173833b3
ED1630F16339D17DC6BB63155E552435,1071,src/module/buff/xbasic/BuffResetArtifactCD.lua.gz,2df3398954ab002309bbd15874a53fe6
1425B09D417FB4C12E7EEBAEB7CB38C8,1715,src/module/buff/xbasic/BuffResetSkillCD.lua.gz,9fe2df0c74965301d99dba2e6c92fcab
03404A9A7BAB6B10524599E9E9A228A5,1427,src/module/buff/xbasic/BuffShield.lua.gz,493c37958da5b4fa9e49caf663f8261e
1F2889264F41571322CF6B3FA37CFA92,943,src/module/buff/xbasic/BuffShieldConsumeScale.lua.gz,c66d320181ab8db8fdd335ba893af657
48E8CCBBA73FCAEC5EC59086D78DD22B,75,src/module/buff/xbasic/BuffSign.lua.gz,b45d6723a1b287f4a6f46053dd08f4f7
FC9839F1579A0053BCD48386B1AEC684,779,src/module/buff/xbasic/BuffSpecialAbilityApplicator.lua.gz,91affc3cfd1ad1caefb0b314c03d49ab
DA2B274E169213C53998C99B226B4650,555,src/module/buff/xbasic/BuffTP.lua.gz,ac310b64329a0996e360b4a647ddb889
37FFCC3E0FAD594ED17CDCDE77265286,419,src/module/buff/xbasic/BuffTpAddNewBuff.lua.gz,111d771ff52bf91514ce1e235ff93017
173226C0C9257467315CF4EF206CD757,2351,src/module/buff/xbasic/BuffTPConsumeScale.lua.gz,7bc560d9d42844a49b3cf9314c932319
0F8DD344CE339115F472E307AD05163D,683,src/module/buff/xbasic/BuffTPConsumeScaleSlot.lua.gz,b06a9c7a55150f1d0a9b8ca185b51896
22B7316CAF2858E71494B2DC00B2287B,911,src/module/buff/xbasic/BuffTPRecoveryScale.lua.gz,5e29b794ac1a3d7d67fb01a927b37ef3
207B5FFACCAD399B651D7BC828557691,1215,src/module/buff/xbasic/BuffTPRecoveryScaleBySlotCD.lua.gz,21e44f4a9ba7eca5a5192c3d8811113e
E3E499CF9AAC7787991AFDD719BBCB32,1215,src/module/buff/xbasic/BuffTPRecoveryScaleBySpeed.lua.gz,cfe75d5c6141fc4368fb82163bce6af0
A26A7C262C07476422947CDF4DBC9EFD,859,src/module/buff/xbasic/BuffUpdateArtifactCD.lua.gz,81c8f91a435316c8f4a7cedc817b62fc
1A62E22C17097AC431A492DC8051A1E2,3063,src/module/buff/xbasic/BuffWithTypeAddBuff.lua.gz,9adce6618e2c68906efbafad494c9f7c
6F0AF0DFF87A63378864388CC9231B5B,3075,src/module/buff/xbasic/BuffWithTypeAddBuff2.lua.gz,8b85c229b67484f2f25c1f7e240ceab9
F5D18C7477196D316D64E9CF5ED16DE3,87,src/module/buff/xstatus/BuffAdjudication.lua.gz,ddeec35eee77d004c11aea2abd2bdd5f
F15D7DA2C2C808A14895089560D157F2,219,src/module/buff/xstatus/BuffBleeding.lua.gz,8fa7f04377b6d8ee6058dce2cb2f0bb7
A7768E6C7516A57D1A7EA1AE08911171,967,src/module/buff/xstatus/BuffBlind.lua.gz,9b225766a19c4e3ca9c0bed57473e86a
304AE65AC7CD36B45686F68704F237BF,1039,src/module/buff/xstatus/BuffBloodBeast.lua.gz,a68f1a0b8d1392698dedfddbda0c3fd7
DB76F0C8BF9FF76F9C71AAD603994131,207,src/module/buff/xstatus/BuffBurn.lua.gz,8125600da7b58e6b91887c9e593680ff
37E32CAADAC7E77EACC84B827144F941,211,src/module/buff/xstatus/BuffBurn2.lua.gz,0ad3d4e022ed9814473d8390af00da99
3858D2DA63E1BB984AD04A85DBE87642,211,src/module/buff/xstatus/BuffChill.lua.gz,0cf783c11ebc1811103996615717f2c9
58233890449CAC46C396BBD4845BF6D9,763,src/module/buff/xstatus/BuffCrazy.lua.gz,5e54a7d02ba06e147ccdd18747a97809
DAA2ABD849AD1363067922E315662F55,79,src/module/buff/xstatus/BuffCutSakura.lua.gz,a899a7469f01bcb53ff89a4d3d1df01e
F3CD328355AF0A122390C418B5C4262A,71,src/module/buff/xstatus/BuffDark.lua.gz,e784b8df1c623c5a59ec5d6499acc7e0
6417E38F34AD1ED416CC741218C9EAB1,75,src/module/buff/xstatus/BuffDark2.lua.gz,5c08b22782126a73164ab7a92d5e41a6
241FD01408A42B1242798332A0E2A75F,79,src/module/buff/xstatus/BuffDarkMark.lua.gz,7331d4b4b29492e952798f371083a474
FD3733E55BB107B775DA30AA1E9B5CD4,79,src/module/buff/xstatus/BuffDarkMark2.lua.gz,ff067da4487ce462e67b8ed347ce73e6
2500A7E5AB3514F54DBFA50CEC3A5EA3,79,src/module/buff/xstatus/BuffDeathMark.lua.gz,90f40553694395b96d9a47596ca1cd19
B1AE85621E3AE478BF0102794816C9EE,479,src/module/buff/xstatus/BuffDisableArt.lua.gz,4eb1ee6884475c13871647345c2baf29
06E179955E35EFF634B6A3458C9D5FA9,535,src/module/buff/xstatus/BuffDisableSlots.lua.gz,f60bc5d8e1dbc90eb988074cd2ad7419
27D02CDA41C34893FCBAA7E4B9B1E80A,755,src/module/buff/xstatus/BuffDummyDeathRattle.lua.gz,ca94fd885f617c918fe411440db8dde6
0A322B853526563148946AE45566D276,1187,src/module/buff/xstatus/BuffDurance.lua.gz,55dbfadcde27f20691f4c480fca0bcb3
A361C8FF92ACD3B26DE3F00F4BA87999,83,src/module/buff/xstatus/BuffElectricEye.lua.gz,aa3387961a47a927f5b7311e33a94f28
1005011DB7D4201DF2E71AC9F6E59E6C,215,src/module/buff/xstatus/BuffElectron.lua.gz,7043bb1f0d98c0fc3278f14fea687b51
C3DDDA01049DDA4B5E2205C6DDEA7904,79,src/module/buff/xstatus/BuffElectron2.lua.gz,65afe6c329196d26cbfb7bfdbf0d17b1
AAD421765B3B2B2BC6FFD30DEA9E753D,1147,src/module/buff/xstatus/BuffFall.lua.gz,76363fba130b6efdf1095dc96ad3f665
CF96918E10EF8DF6F9EC1B2F1CE6ACC5,75,src/module/buff/xstatus/BuffFlames.lua.gz,6e9191a2f4ddcd89f3a35bfd2184e894
F95C972CC65BA456DD66B5F2D240B7CD,1151,src/module/buff/xstatus/BuffFlaw.lua.gz,3787e3c95697206b02418ef9895810c8
425C773F87F5F003F02452D627DEC1EE,823,src/module/buff/xstatus/BuffFrozen.lua.gz,d3dfd41b5b6fc8062507084cc48b67b5
B915C631215B28D28C3ECC0D4CA56DA6,1191,src/module/buff/xstatus/BuffGhostWalk.lua.gz,ca40348dab5741004baeecf203976382
67A573ED5DCE6298F9B5382D5F5AD179,71,src/module/buff/xstatus/BuffGuard.lua.gz,5832eab2cc40640f758bef302875e21a
725A337621B16589E46E860A018D46DE,103,src/module/buff/xstatus/BuffHealingChange.lua.gz,d10a4d0f3bc973eccaa5fe5813f6a17f
37D7DDCD08FFFC5A146772C49E2F1BE6,595,src/module/buff/xstatus/BuffHPLock.lua.gz,3115fae33ad1643aa8051049a67a985d
39506A8261ACFDE5D5046E3461BD41D9,87,src/module/buff/xstatus/BuffImmuneDebuff.lua.gz,be9e55b1b44c5e01cf8bfc091a58c7a8
336F4A3A31D5AEA00FF7C42EABE5F5BA,739,src/module/buff/xstatus/BuffInvincible.lua.gz,3a74213f06b79778a869a25e7e0c4695
E6634E4F9E746163E43E7070E6C722F3,1251,src/module/buff/xstatus/BuffKillIntent.lua.gz,9d7ecd9ce522a25125ce7805826b1cf1
2DFA44EC6A2E891A5028CADCE1440DDE,79,src/module/buff/xstatus/BuffLightMark.lua.gz,d446ffb945120e8468821b8955f67e82
83927E847C26C3EFB840E9EAE6316A20,79,src/module/buff/xstatus/BuffLightWing.lua.gz,22975165236359e799a397e7c07663b9
7ABAD6105513BA678F8BFD3111354274,1319,src/module/buff/xstatus/BuffLoopCheck.lua.gz,b0053967ee9a20463560c213467c9206
27F0B8DE28259AC1BFBE65F0E4EBC265,1363,src/module/buff/xstatus/BuffLoopCheck2.lua.gz,8bcbe3e8ffa25d0f76af64fdcf053d08
848BEFF64C92541021E32B9EA1A5FD33,251,src/module/buff/xstatus/BuffMeltingArmor.lua.gz,92205f621f2028513af2e971bb8c01e6
C889CC215D729C99EEAAB0AF5B92A292,79,src/module/buff/xstatus/BuffMercenary.lua.gz,78589e702cf0a43283c35e365ac93f77
6777AAA16CB0D62CB61C38231C631476,71,src/module/buff/xstatus/BuffMight.lua.gz,88021d6dbdaae938153124a7599d8d75
3EFC28EEA87274DC75E460D699AA2245,919,src/module/buff/xstatus/BuffPalsy.lua.gz,c32c7d3be46fdee6e72de8a98e6346fc
06A9EBEAA7F38FE591DF86C1B167B6B9,1015,src/module/buff/xstatus/BuffPassivation.lua.gz,133f9409a5eb787224c829b15f395e43
E397447F9229A2F43F2DE07722830C54,75,src/module/buff/xstatus/BuffPawMark.lua.gz,1e0cedfefd7c00aca19ca28a4c712fc1
9332325A4D8999873EFB2E325F2BA1B5,219,src/module/buff/xstatus/BuffPlague1.lua.gz,507eb5d6515fd59ca640d501597cdd59
8779A62B1D56911B574EAE7022300232,219,src/module/buff/xstatus/BuffPlague2.lua.gz,8b1836ab33aec4eb9a53dc7105037e24
97B6617F80FF4BCBCF736CA2AA226B25,219,src/module/buff/xstatus/BuffPlague3.lua.gz,5231fe4c264abc22de6ece714efe1c97
83B4CC5361698C158E06E3D334C89687,215,src/module/buff/xstatus/BuffPoison.lua.gz,a29937d51029be97981c127434a1e7f7
1225ACE871E6AF05D595311987D02EAA,591,src/module/buff/xstatus/BuffPurplePoison.lua.gz,34359e93fc35586d088919dc74ecdd6c
DFB63D48EC93AFE833835A3605BF116A,79,src/module/buff/xstatus/BuffRedPython.lua.gz,ab73f6ca5b45537cdf60da2492ac6a2b
571E88D1B302139C330789BACA267D0D,215,src/module/buff/xstatus/BuffRepent.lua.gz,4b07c88927cfbc0bbff56c1375ad6c4b
D2AB12FC96DC1ACB7DDC4D3243E60042,75,src/module/buff/xstatus/BuffReverse.lua.gz,8144b9cf4c109f2634d193f423d00110
EAB1008BB6F4DA20C1C55F46D3EA1E94,1447,src/module/buff/xstatus/BuffSealSkill.lua.gz,96d74ffe8d3a0d339fa9679b53128a00
79140478C221246228BA56125533D980,335,src/module/buff/xstatus/BuffSeparate.lua.gz,62e5bd360320a266c546ecc22c9fd6bb
E0886996E3840E6252CBA85786B52009,371,src/module/buff/xstatus/BuffSilence.lua.gz,907259fd404f0783cf8e9f84ba039234
D8EEEC3EFC132923487D4DA213F056BE,83,src/module/buff/xstatus/BuffSkyProtect.lua.gz,66f69105b800e14d70fd2dbe6d732668
BE8835326DF50CFE9C5273C57EF208DE,399,src/module/buff/xstatus/BuffSneer.lua.gz,bc45f9e513298583bfd134083681b96f
E1353D6A89CF0E223D9222AC8161A703,967,src/module/buff/xstatus/BuffSpeed.lua.gz,05641d353c4a7f1b3f7647a3c2ee4299
30D9E53F060A445DEFFF51AF18FA44C8,999,src/module/buff/xstatus/BuffSpeedStep.lua.gz,71e228e03667c295172adf1da210ac7d
61B0D7720B8CF13E13B8B45DC262B5F3,1191,src/module/buff/xstatus/BuffStarShield.lua.gz,ce52c27710ce4b41351362f3b296387a
E623B8FF4065237833CEF12690C809F2,2135,src/module/buff/xstatus/BuffStealth.lua.gz,5ea4e68f80d39557ab4325ed266b1ec3
91ED078DD33EC9B46EFBC5E014F56A92,79,src/module/buff/xstatus/BuffStoneSkin.lua.gz,9656ae638a4fcbb75577bac3483c9dd7
CCC30F14052D57080B38E6315A34FE53,959,src/module/buff/xstatus/BuffStun.lua.gz,514a84a1e129b3fa1fd84055e762b057
38F9F4671E850AA9E2924BA0AD0A56FF,2507,src/module/buff/xstatus/BuffSummonDummy.lua.gz,9e19dfadf38b656d71292a70bf3a17e5
29BF8E6B8BAD5F3592DD9493EDA736B5,955,src/module/buff/xstatus/BuffSunShine.lua.gz,e14ba60a01965da9f602d73ad5ae90bc
81B04189D854454C87F03E4602A53559,2175,src/module/buff/xstatus/BuffSuperArmor.lua.gz,842628eade938e717f58fda180327b80
85445A4D8E81AA653B8F525A5EFC2010,971,src/module/buff/xstatus/BuffSuperBlind.lua.gz,490eb46e587fcf7feed30f85948258c4
9155474D7DE98CB95F2638BEDBB3EE8E,79,src/module/buff/xstatus/BuffThunder1.lua.gz,84aa28eb840b7033479fbd7594140d18
AE6629785872783A02B8C1902587F4B6,83,src/module/buff/xstatus/BuffThunder2.lua.gz,5a22175897ebb2a51f49c6d677f83a62
533A5C3FE350F392BC18A3BB2310785B,79,src/module/buff/xstatus/BuffThunder3.lua.gz,1583c9101ab3777fe8918050905896ac
28C5D8978F1F391692910B32F544F197,79,src/module/buff/xstatus/BuffUnstable.lua.gz,a3baf007e62bded267f604b03711c5be
C292B0446A9588E09712FDAD617EB4A8,831,src/module/buff/xstatus/BuffWhiteFrame.lua.gz,672ef3e62973cfa5eb1c8aaeadcb8b2d
E91A99DEDD6A0ADAB83A3CEB32801518,2251,src/module/camera/CameraFreeze.lua.gz,494e5043de9ea571338bc7b133ca7508
0421C25F03A81F531CD3213463967A44,15411,src/module/camera/CameraManager.lua.gz,78d38acce28cee238fbbc000c66b9c46
1D362A117A98B49CCD23127D7F75D7C3,2511,src/module/camera/CameraMap.lua.gz,73b18a91c851ed27c86b8e3a5cb92388
E3D45285C379C045F0746E79F65DE9DD,3075,src/module/camera/CameraMoveControl.lua.gz,091bbb466c9415ed656dfa5211cf2aa8
CAEEEA42281CA31C76E1F92B063DC146,2347,src/module/camera/CameraShaker.lua.gz,e2e3cb3eebcaf64da2ac387e8cb8335e
E2BF8B57B99F4631C1F0BEF8A9CB2ED6,2055,src/module/camera/CameraSlow.lua.gz,09f85c90b2aca6d72b94afd78d96e570
49593E991C48CBCCBE221D11681E2E67,30632,src/module/component/ComponentAvatar.lua.gz,7c5140e668f704b80bdce9616057eead
43CCD8CC08CC543FDF15E04753522431,1603,src/module/component/ComponentBase.lua.gz,9eac9aad2ef94749a802c2169d95d1c5
A09B7A99DE22D9C75F51203720248F12,6803,src/module/component/ComponentCollision.lua.gz,e877293b8842f3f4d424327fb2b9849b
912BE98228A0D108AEF066F0621453CD,1343,src/module/component/ComponentControl.lua.gz,8c44691133779f7323235933010f3954
62B68AB4BD813A636520B40548540851,17344,src/module/component/ComponentDecorator.lua.gz,d1d4c3c2f9d2452632438cdd7ba1a2d1
AC2F185B115D2D3004A25E289B8EA550,10267,src/module/component/ComponentDialog.lua.gz,9758f458b129fc52a9c150824486aa57
010205D2869C243C0B6A21C276CDC874,23616,src/module/component/ComponentDisplacement.lua.gz,2c83ee4a57e744c29f55b49ea8dc4ed2
BD5859333CD8520E8ED40EA57B1CF31B,2195,src/module/component/ComponentGo.lua.gz,eb225946064ff563803c584c49e7a34c
4EB41A884E8678287A376B89B5FEE8A6,1395,src/module/component/ComponentNpcChat.lua.gz,959b676755fa9374ca390271c414aed2
AB6ADB1D0B12325B2D132C16B24372C0,3923,src/module/component/ComponentTask.lua.gz,056c225f1105737d2eec187a23d57c02
4AAF492D03EBC90BEC7816C26E462870,22912,src/module/component/ComponentTitle.lua.gz,f5fda6fd9b3f54606ea8e51c740cabf5
4852E3709CBA8C6040AA2952CA507847,2187,src/module/component/ComponentTouch.lua.gz,e5dad04310ef44b41948623aba82f49a
A9F00D79254165196236D55E0D4E5205,5627,src/module/component/avatar/ArtifactSkin.lua.gz,c9df12c2aa30590ba9a912f9cc2197e6
0DBF7DAFC3C28D07C069B7FCA4735ABF,2007,src/module/component/avatar/AvatarCityRole.lua.gz,499dfced09b5b711c8b8c2cc69b10243
85A9A7A0E673635BF0A1E9F66F8ED4E7,2295,src/module/component/avatar/AvatarCityRolePartner.lua.gz,87f8b52d8883b595f40545cd13635835
88286E741CECB21A3826A3424AF824C8,1831,src/module/component/avatar/AvatarMainRole.lua.gz,48df9d7800be7791dc863616aeca835a
7664309861A44690E03A657A9891CB3D,5755,src/module/component/avatar/AvatarMainRolePartner.lua.gz,d6f5bb53212ad13b24a2a3ceba255caa
2631F5FFBED08E57D4D54751EB3AA83C,2319,src/module/component/avatar/AvatarPet.lua.gz,4156ba798517bfdc8bd71eed66e67891
52922E2A8F2572BAB0E9B73F56860B58,14219,src/module/component/avatar/AvatarRole.lua.gz,07b7ec6c70e18a80f7a8f5bda7b50308
A9B3B36148C209AD66D50DA169372373,12511,src/module/entity/EntityAttribute.lua.gz,a6110197f55b656aec39bed144e966e3
2391BFAF7A175C92CB8FF9F9D2C32960,23948,src/module/entity/EntityBase.lua.gz,cd1f7b7d31f0973a5b5a88d25e7682e5
BBD8FB4150F08DFE2DC1D0F2CD120398,5723,src/module/entity/EntityCityRole.lua.gz,1c9c66caf154490e696d03371816df96
60285B9B3C72C7BC17FACA1B6ED33D1A,30372,src/module/entity/EntityEffect.lua.gz,4e1e4eafee8bedb5c9172317745c62e3
610F4E16A8A3089319BDE0D314AA5CC4,3779,src/module/entity/EntityExtraState.lua.gz,d7d5b7288b4f31d4a900ab860d8c9310
43619298C06F7905682547902AC833BD,8391,src/module/entity/EntityGoods.lua.gz,de367f0ac02fab5a4486509e4bc1cb53
0DDCC6C261DE58FE91F9AC4842D7BFB3,73555,src/module/entity/EntityManager.lua.gz,fdd519d5e1923e5abd3b1f03b7af7eb1
818284A9B2746266163B989FF0B0568C,1411,src/module/entity/EntityModel.lua.gz,54b5e8ac718a27479fb1a337b7a6a7ab
B386C11B7771DDABB90D0B79AF1CFE8F,7927,src/module/entity/EntityNpc.lua.gz,2d80db5288600193634634329aff4981
6C4108DC5D94A603A11A0B9340B5B726,8855,src/module/entity/EntityObstacle.lua.gz,c1990ba38411fed71ba8ba8d12189f93
A1823F74E469C435597A87D3E8E413DF,5263,src/module/entity/EntityPet.lua.gz,c5da0b3d12b60ad008b6b1b831426540
FE50E9651CC99B39DD57378324AAECB8,18432,src/module/entity/EntityPortal.lua.gz,5af530cc1bb22639cf7da5db50df1549
193B56EB15CDAAC9F1ADB9E4ED91E885,141127,src/module/entity/EntityRole.lua.gz,3272dae0848a42970b452a4c96921669
04DE2CF089307D4299D908F26E7EBA2C,2003,src/module/entity/SkillAttribute.lua.gz,2988ac7887c218784f15ca89cbe4d199
F61B3C72EBB8EEE82DFF84FF60A50902,415,src/module/fsm/IState.lua.gz,64a54b8b45ad7e99d084360699b02f00
D6830011630C6D6F18AB918DAE384923,799,src/module/fsm/SimpleFsm.lua.gz,90872172f0de1236f8c321e272f6516e
F3A2A3A71B909B41BD8329089D44589D,1043,src/module/layer/LayerBase.lua.gz,4939a745d5915b69c565e191db134e2e
09DB17E379196B33321B0D3285E088E5,407,src/module/layer/LayerCover.lua.gz,e4bfe96e5967b6b49f21657568f3ab00
0692965322C778061D66073A329C8263,1103,src/module/layer/LayerDialog.lua.gz,22d864d1f3625991a5f1b80f5b3d47ed
78FBAEB37C186681E1821C70AC07A115,315,src/module/layer/LayerFloor.lua.gz,c60b378d3e3b7595cc2cd32088239e11
9C130D1909098B93B2006D0B0AA50432,399,src/module/layer/LayerFrame.lua.gz,4811fd4d0e93b98e6b564fddb76b01db
A09B70845F2E24527C564E57C0807E16,423,src/module/layer/LayerFrameFull.lua.gz,2680a38e78736b8e4a615cdff4340798
48E476741C6D32514A5F96C5D28CE745,1599,src/module/layer/LayerMain.lua.gz,e8836689c7d4c8535fbcdbd2a2fd4d42
F406D2B4B6E741D84E71EBFFD7029DB5,2207,src/module/layer/LayerManager.lua.gz,60c9ce4e5b3061d56b8b46d2a49cb447
91C3ADB967A53DCD415FC777478C84BA,1999,src/module/layer/LayerMap.lua.gz,d047f7b2d61b406aeb5a4431752ce4ac
8E676635D34BE9DBFCDD5FFF4E344741,587,src/module/layer/LayerShade.lua.gz,9878a4fc4f5d8c39e568fde7e1f07c5c
8BB20DB3644812433BE31C4671BD0840,583,src/module/layer/LayerTips.lua.gz,14923d0fc5754b97c672fdda32a2155f
025399A5B6E1A2FEB7C104E70A09BDF8,1855,src/module/layer/LayerTouch.lua.gz,10c075c34097f69842afcc5f42f46da3
EA30009CCF34A4DE5C30D5ACD15C8418,1407,src/module/layer/LayerTutorial.lua.gz,9874021ddaecb3b1530e2584171449b5
742222942CC490AC00B47754A0A43A8C,1583,src/module/layer/LayerView.lua.gz,2fcfd85c119dcea1da919e3ac17b770d
F419D305E644DA60B6C644D88B3F362F,4663,src/module/login/HotFix.lua.gz,5b0161feeb733ca4544d6a321ea530b0
4EEAC0AB04F1939CBD3C1D33B769D215,1623,src/module/login/InitRequest.lua.gz,c62cfafedd7522d2ee1ee6fe0b45d6ca
16BA29B923CEE0DBAC7A15FB457FE3C3,24944,src/module/login/LoginProtocol.lua.gz,7bc60510a9febb6218307a3d3e49d1bb
CB48181AE24742378EE01DC89480F1D6,2855,src/module/map/MapBase.lua.gz,97d3b7e740d37c437ae507a3bc1aa74b
7A0D3C95CE0464E43F74E19926DE8E10,563,src/module/map/MapCase.lua.gz,dfbda51b6e36a0e892f082a2785f67bb
B9094874C28EF2F6558A71AEDA39FF57,563,src/module/map/MapDistant.lua.gz,67e931702ddd0ddb5b4239a04c50bf30
BF339427985CE094A879FACE12583F93,11483,src/module/map/MapEntity.lua.gz,ed9f15b4e5d0c44e2139fad98bd91c2e
2A8872F4C452896C0A795DB4BBC67BAD,227,src/module/map/MapGround.lua.gz,187461f7b6d4f46652f1a411ce977af8
D5C6807887376B554119A7410404EE57,571,src/module/map/MapLight.lua.gz,285ad55970962ad37c288177454e2a21
A2AFF5A2776DC884F4CDFF4AF1D66B8E,6731,src/module/map/MapManager.lua.gz,8d05db3bc8559d5904f0b6de6c8fd6f2
34B6E556F9E832E7035270DA38E1E2D8,575,src/module/map/MapMiddle.lua.gz,bfd22dbec9f111e4dc808d94e315bc92
F6EB84BE9488F7A63AD64C2416C02F15,575,src/module/map/MapNearby.lua.gz,c43aafa9c51aaecd73c61c1b72999c19
3AAF0256C8229DCD787156C52D641C6E,43705,src/module/map/MapRegion.lua.gz,08b2cdf151dffa3e71118cc70dea6254
C28421B60F6B4D0F11036E2A42107D28,267,src/module/map/MapShadow.lua.gz,be1a02adb01ba475a97ecbd81d5b4cd7
F78E417786185EF661DDE03FE81DCEE6,351,src/module/map/MapTrigger.lua.gz,89ecd983db0c418c56c3ab57df11af6b
27C511A10CC7CE5986D1BB77F5B3CE47,2183,src/module/service/FightServerControlEntityProperty.lua.gz,c241785422e88995dac0012ce2948e2c
C0EB0B94AE7DAC045BFD87E2155BA7B9,1319,src/module/service/FightServerManager.lua.gz,2d01f67202c13f57396c4580f7791b52
08B8E4F32189C9BAA4977C0A7607CD4C,1139,src/module/service/FightServerSkillDodge.lua.gz,0b921552ec6bc0029dd8bb49506287c4
45E6C2B139655E1882D614442F793828,803,src/module/service/FightServerSuperSkill.lua.gz,b7b1d16da9d9e41208dc84e71567ba01
34C37BE9D327549050D2895B55068AF1,899,src/module/service/FightServerTaskData.lua.gz,0b58dd23826ecae1c2083f744951e29a
0F7000F420390B636AA5C35726A4AA46,279,src/module/service/_init.lua.gz,ece0ef489234a6a6ebc64868a04c9f42
DF1455ED725210D41F62275C9D578CD5,6415,src/module/skill/SkillAi.lua.gz,1bc65a4d897ee300ff9d2473b5d6416b
03BC37BD9AB4DFEBB0C8BA951505F5FA,34953,src/module/skill/SkillBase.lua.gz,c56ce4671967258431fde105b9d611a7
1F35CD468054B41F2F57689BDAC77A82,8979,src/module/skill/SkillHurt.lua.gz,a78706f0857b223e1854e0d3c0f149b8
091E63C622B2661AB71507F9C1A6B243,41661,src/module/skill/SkillPool.lua.gz,a2d07d9c7c882fb85810bde4a198c9ca
C8812C272DE3FC0A2A31DD132FC3119A,20808,src/module/specialAbility/SpecialAbilityBase.lua.gz,fafb3f21e9f1b07c3f1f2b7fc0bddeb8
4660F09B1990F879AA9A13189108B17A,1491,src/module/specialAbility/SpecialAbilityCondition.lua.gz,1494545288ba08a3a82245406cc86605
7F5DEE4382D641AABF4F53C3FC357756,8775,src/module/specialAbility/SpecialAbilityPool.lua.gz,80441546b23e784bd3662815668e5886
F9DDC18206904B3841F32E37BB16EABB,10707,src/module/story/StoryManager.lua.gz,ff9c201bd6f8df8b40e47ee416fc2b93
296364AD6E98A3B1F5FD824D703F83DF,7339,src/module/sync/SyncCityManager.lua.gz,15111240656a5cb5ada5afd4149d234a
40058C4A41E8F83E76CF9A8C20815750,29160,src/module/sync/SyncManager.lua.gz,b98121b5cd4390af39d3336d3729b73a
FBEDE9723A1CEF2FD4731377274EE3D0,30400,src/module/touch/ControlManager.lua.gz,865bd7ac90c6d62232a231f9c582ba66
0888105BCDD924F8FA47A3A0AD1E2189,4307,src/module/touch/TouchManager.lua.gz,e32a30fcb0e8b1e9d999af1edeea13e3
AF99054C465D2557D1A40C3C76520B17,46821,src/module/tutorial/Tutorial.lua.gz,77c7c3560df55c61863498edde1522e1
89EA0F6F7AA647F81FF14E9BCAAF1E8D,5691,src/net/NetBuffer.lua.gz,77131d78607f87fb3d212a3bbc1149c5
5AEDDA0F2EF8A807B17EF5B06C1283B7,21104,src/net/NetChecker.lua.gz,b941a33f6b8bc1b5a70b900b831d413f
10CC4B9AB68A8AA355A71F99A5EBB122,13431,src/net/NetCommon.lua.gz,7e7505a5c422163706b33bc9282ab09c
7DEE0541BAD565238F5B30F484958E41,17620,src/net/NetConnect.lua.gz,7b82b7b9f71ca71cd037561aac9530b1
9D1964EBB34488E57716B3D582F4DD6A,4775,src/net/NetConst.lua.gz,17f058a54315d47d2bdbf93302b3a6f8
4FABE5BD161B83C0FEB2837AD2952770,5695,src/net/NetError.lua.gz,96bd1eb9b851eeb2c6794610603457d6
0DB07B9FA8D5BB1187E3828F1D85FF7D,9063,src/net/NetMessage.lua.gz,12af8675748adf2e2b5737e1c1628362
ECC588C235ED137FE65849E84F8135E3,903,src/net/NetSafeReq.lua.gz,fdde2ef29d2cbaa67a1911938506e7c4
804DC6FB66C461808BE3C22EC631726C,4595,src/net/NetTime.lua.gz,7ed1b6a5177cdf4c69b07efcbed08176
9D70121B795DA84BF79873928F3756D0,23508,src/net/NetWork.lua.gz,8d154d3cc75a79e7d678ba48ccae4d92
720F58497C4FBDCC2E767A2FB60EB173,271,src/net/_init.lua.gz,952a6baec6820313f01196703d129121
44D424DA96AD228C4A3E4FFC80177D34,4015,src/protocol/msg_cf_fight.lua.gz,15bb5127c49b1909773319f56ebbde42
5FAD262556494A9D8FA8FD5A8974E5DA,5847,src/protocol/msg_cg_across_server_arena.lua.gz,0344632f8672bffc11c9dc7e35440c7c
3BDB037505891A1994FF62C7FF3F6B93,13615,src/protocol/msg_cg_activity.lua.gz,82433a0e95e791aff4814f0924e534f2
1E366F6D96FB2DBBD3A7C6945D87FA75,3043,src/protocol/msg_cg_arena.lua.gz,612d4313ffbb1d037f09f9433d8e7a1f
6B88AC73D3DA8E85E8DDEEB0C19F01D5,6403,src/protocol/msg_cg_artifact.lua.gz,6bd7998abe428ffa1cd2293b72283507
0F9C18670DB9928C4C8099985FD83F46,3635,src/protocol/msg_cg_auction.lua.gz,29c0cfab206e72d82d99a93a495a16a7
4678AAED8CCFA3CDF336C195993A2611,2155,src/protocol/msg_cg_awake_road.lua.gz,5cfce36f438bfa96cc9214bd1f99c3bf
50EA37B071A74CF1EEB8B5289B63B6E4,6007,src/protocol/msg_cg_base_tournament_activity.lua.gz,9f92893977195a472d5c9c2924a7296e
5F691C7841E78158B9B4416D5F537E0C,1995,src/protocol/msg_cg_bossrush.lua.gz,5a5e8995971333b29bd6a562bb60854e
C763B825610426D7DAED018D6FF75D9D,2927,src/protocol/msg_cg_boundary_challenge.lua.gz,b8436041871a7f42078c34c4e94bc275
91E7D4BCCD59F1C6E6EBCC4A539B92BB,3911,src/protocol/msg_cg_bourse.lua.gz,0a08cf6f4b2ec8b72e44f76c8f00362b
8120D1AFDA42BC04EC97CCC4131165ED,2187,src/protocol/msg_cg_campuse_hegemony.lua.gz,70f3406d91ed837a391c832582ddea35
1CC25817A43566342FA668FFAD846561,1943,src/protocol/msg_cg_chat.lua.gz,69330f63d27ec1b86f2d15364a4a4415
45184813E5D71231789FBE632C532E8D,595,src/protocol/msg_cg_cheat.lua.gz,8fd318f530a64c08bf3a4bf76bbbda1b
95C6A0CCE3D7F72500C59469666F7AE6,45965,src/protocol/msg_cg_common.lua.gz,07d85d94f996c1cdc226b2577bfc5a5c
E6C15CE7DC740BC16AE8DCAFF0E85F45,2183,src/protocol/msg_cg_daily_activity.lua.gz,b5515e3124e5bac34b1f168a1238f893
795536A04CC09DBB2D2939CF50DD2B65,2307,src/protocol/msg_cg_dimension_gift.lua.gz,633aebeaab9e3a0bd933ce8622bba808
DAFC1C1FB6B0191134C747D66DBF0CD0,4575,src/protocol/msg_cg_dimension_trial_activity.lua.gz,e0b0e4fde8eb86ee59b6d84309b61284
5B8683861A0444A438B61F129A22A4B2,2191,src/protocol/msg_cg_enemy_attack.lua.gz,cc802bc1cd911b840a185c60632a3b0c
98089CB05F063D557224D0DEC606B869,3895,src/protocol/msg_cg_fashion.lua.gz,c2f33fe16af9573181a20766985d18ea
8F6CD0BAB9279220BAFE91D2CCAC7C02,795,src/protocol/msg_cg_fight.lua.gz,ce7e51f7bdb652615b8dce577974feed
C4062C10D812FBD40F91F1996275B07C,1055,src/protocol/msg_cg_flower.lua.gz,7ecfa164ea10457bab02ca9c6fb98f42
C958B7BCA23FDF988773BCDA69F3835C,4171,src/protocol/msg_cg_friend.lua.gz,eefd9497bfbcea5aa34ddf32b7ad9175
6C022781E9741D89BC6A42B0B60688F2,3715,src/protocol/msg_cg_honor.lua.gz,844c010aea7a67b9cebb47fd54fb493d
B345869139FB90ADF11E382C219B4FD1,25732,src/protocol/msg_cg_instance.lua.gz,f799249b44f279bfe090fea1b6c59ef1
CFD7A9277FD31BDC83478F6BE921998F,15751,src/protocol/msg_cg_item.lua.gz,86f49bc640aa151f306e4ceaebf00d78
32558B4E215AE7FB4C7099E3FA419F67,4287,src/protocol/msg_cg_limitless_instance.lua.gz,2a9db343ec0d87d01e40afb4553a2e8b
9F244FC052E6FF40B8C6D973BE5FEB37,1739,src/protocol/msg_cg_mail.lua.gz,c7e87d3098066396835f508e2b5d7dfe
7056974DB3C61371A3578F937D062D90,1555,src/protocol/msg_cg_nest.lua.gz,63f67aeab01148a7b3e1917f1f70bf26
249D53F0DDA9BF95A491B78F74BAD5F0,5147,src/protocol/msg_cg_package.lua.gz,55a26e003934d80d0a3df687c5acbd5f
DE1BA38B94DE2A98D96D89FF942958F3,8911,src/protocol/msg_cg_pvp.lua.gz,8a5e0114aef2de6b3f9ac36c08855d77
C2EE3F78A632A92B3FEF0DB5AFFC2865,17824,src/protocol/msg_cg_raffle.lua.gz,2ccc46b224c1f2838b91e1c44bff05fe
BEA69E5A63CAD09DABB7503A0336CB35,731,src/protocol/msg_cg_rank.lua.gz,63c7ae3b2e2347f9a339bf219c962992
B345B5A9C6566E2A975CEB027CB1C44F,4287,src/protocol/msg_cg_ranklist.lua.gz,ab0a34989efc85dce5738f356827db62
C4C7C522F976C03484CCE20E9E13ADB5,1031,src/protocol/msg_cg_rapidlychallenge_activity.lua.gz,3bff356982bbe075f68bf50150d3bbf7
97B1FD858152A97415040BFA2EB3AF0E,13999,src/protocol/msg_cg_recharge.lua.gz,6ad6380b40be37835c63a63f7d99b517
3C1B99D4428E46278522E9B81CD542F2,12947,src/protocol/msg_cg_role.lua.gz,40d33a7cdb8768480f59444db550aa38
2BF326AEC8018FD692943DF79A732B83,2219,src/protocol/msg_cg_seven_day_trial_activity.lua.gz,ca2ec2b0f751cee77f99f1c6a38d2f7f
DEF64D8027C13CBCF572946B90945426,3343,src/protocol/msg_cg_seven_task_activity.lua.gz,c414ae8f090b796c1fd55e72f249aadd
7C9595EE9AB324C627FE20E7F30C2298,4163,src/protocol/msg_cg_shop.lua.gz,964e3ccdf889734841be34bea1093993
28EF688E70D13A75BA258A5F36F34716,1899,src/protocol/msg_cg_sign.lua.gz,efac28286b7b7e9168791f2f659f4369
B67411D96AA102137F9973618D875362,4335,src/protocol/msg_cg_skill.lua.gz,9afee75ac403c434ecd905505159f218
D682C93ED22E27CBEA43B95E4A37B333,10407,src/protocol/msg_cg_spirit.lua.gz,f8ba4a7bccf09945a2eb246ce0d8da4c
6A0A3FAE656CF6AC3BF81492732183D2,3623,src/protocol/msg_cg_superskill.lua.gz,88ba19745966a711b3f8bc8404f67ddc
47D9B3BFEE856149EC7879BB88D1761C,1767,src/protocol/msg_cg_task.lua.gz,6ceba3ab778db0d73aa3db3d57c4837d
D191C2AD25A091C35CF6E681DF636D50,6583,src/protocol/msg_cg_team.lua.gz,f0f7e355f8ef4dfec8c30d79d79b5037
A71BA33EECBF86278B58471C458B2092,6259,src/protocol/msg_cg_test.lua.gz,61b48d34ede9650674f66fe6e9067e6b
60F2A32BC7753FB8BCAB031C96E3493A,1355,src/protocol/msg_cg_title.lua.gz,6b95e96321541d00f6f9561fb53822d2
2B426E9E41FB80BAE29826A2011E4907,1435,src/protocol/msg_cg_tower.lua.gz,1bf276ccc6033b9ff9c3488b43806453
475A457A32D54E54153535ED635E5C23,1883,src/protocol/msg_cg_trial.lua.gz,cb06365bcba665761add1e97aa266947
2E8FA4543A90AB2A0A59F472BA091694,9675,src/protocol/msg_cg_union.lua.gz,099822baf608885d07d954c6a32b9909
35A2FE4663B11345894185B1EAAF96B9,3447,src/protocol/msg_cg_union_boss.lua.gz,0a84092a805aa03f63386bd08fe915b7
54339358B1351164E54DED63DE449072,4311,src/protocol/msg_cg_union_city_war.lua.gz,f9c1b6338c22e859bc0fdfabb3e56909
25630DCCC76152FA2BE505F282355C36,2655,src/protocol/msg_cg_union_crystal.lua.gz,5bd1758a9839c04d27d09a4726341a2b
4C2A2DB28B8DAF35E13BCB333688F61F,2467,src/protocol/msg_cg_union_guard.lua.gz,eac7089d6bb027e775ad8f10befa3875
BC5D9E342C78CDFC91C978F15CD9DB0F,5823,src/protocol/msg_cg_util.lua.gz,70c9ccb7a33a4d6ab12aec4c5a8cd066
022FD35C2AE40CCBE3E1B6B5A278FE9F,2703,src/protocol/msg_cg_world_boss.lua.gz,6237357b170536e23abb367d7db6d510
B48DD1E93D06886711E41406971376E9,1455,src/protocol/msg_fc_fight.lua.gz,678365f89c5ec69a8b334fe9b63514d4
2D4259C4B0FAFF33D63208AF26CF11F4,28248,src/protocol/msg_gc_notice.lua.gz,783a5bc7253354341ac1aa29d5b6cf17
2386A00BF0542C3771E2D77E162D507F,4587,src/protocol/msg_role_login.lua.gz,f3f20bd8e7c4c86b68ba3d76e390f14e
BC425C3DB5D36A40528870F0579F5D17,42769,src/protocol/msg_xx_apiserver.lua.gz,0091fbf5e4356ff53f443c00cb0bda6c
B668234BD002AAF0315147A1D59D19B0,145835,src/protocol/msg_xx_common.lua.gz,14fcef99f8f43411646422c93ec4d2b8
CAB6DFB86793499AE5D715328C652EA7,5275,src/protocol/msg_xx_config.lua.gz,b1dd93974a4793e3f84c5424538256a7
C0CF25F678DC5635F1545D838D9AC7F2,5843,src/protocol/msg_xx_entryserver.lua.gz,bb8e584a106f0d8baaa3bbfea5331019
8F76EE35EF579EB8A997965CC9754C7B,45609,src/protocol/msg_xx_error.lua.gz,61e4bcda2a6c4b7b76897591b511a52b
8BCED8C1B8DBA3E779DC4191A2897A94,16612,src/protocol/msg_xx_fight.lua.gz,83188698bb13db6dd80652bbc058aeca
95D6F8655709BF0A0645B387338E9B29,2331,src/protocol/msg_xx_global.lua.gz,9d42112a6c24207b1fc16ce0cf6e0973
AFF02FBFBC0FC61EE0CEA8C0E818304E,2435,src/protocol/_init.lua.gz,934ab4847e9ffb89b4b1f5b2258066b2
5FFFEBFC9DEC5CE601E3578B2A2C39DD,10471,src/scene/CampScene.lua.gz,5621b833a411832703d2d8a09912b520
843C02F3BE52D1CD7A08CC1E62ABC29C,49850,src/scene/FightScene.lua.gz,0de5ef1ac3a2b790ba74d31b54694792
01C3273E9DB3A5831572ADDC725E7303,10311,src/scene/GameManager.lua.gz,6e04096024ceaab7c308768f58c10ed2
FA0BB05AE7A7E5AE53209F354ED65977,38353,src/scene/GameScene.lua.gz,9e07d8caff21974587a60e9316c10047
A20D12758DC9AF10DAD10F0E3439FE3C,1167,src/scene/LoginScene.lua.gz,a8bece9753224b3d8fa8581be50fb674
AF8A9D0C59214BBCBE7A6706A612FEF3,1339,src/scene/LogoScene.lua.gz,a12525530f64f8eb6e324fb9035385a8
9FD907143F574150A66BFE9975AC3B39,12823,src/scene/MainScene.lua.gz,24fa9fdb8786dacd2211ec41fe4dfaef
A5A75C37AD6F318FEB4D7BD1E0649D1F,20572,src/scene/NetworkFightScene.lua.gz,2c00566f70350381988e9e9918ae553b
4EB25145ACB4DFB5E7BFBE8B82EE943D,275,src/scene/RestartScene.lua.gz,710102fbb5df95b84ed6289f5a7ced3f
57B9D4C520502DD29D381A3D61528CF3,4671,src/scene/SceneBase.lua.gz,bdeac9663d628e67280c23dd82332122
B7650BE2D54221641A79C2B87D89F731,9339,src/scene/SceneFactory.lua.gz,25d45e928707e9cb1c93b6cabe4646d7
7E7F34BAA94334109CE7602EA9292D08,13075,src/scene/SceneManager.lua.gz,98de10876558e75ce1416113de30b49e
30BA4DE3172AC61721DE4107FE75E109,6271,src/scene/SceneManagerExternal.lua.gz,ce7fef2e951d2ac13fb5bcb270471f97
E38E3B17B18F89C44E222FDE5B2CA6A3,427,src/scene/_init.lua.gz,cfa6b3afc83f74471aa59003f6bab362
B730CBE9A985A11237D8A91280C08431,5263,src/scene/game/ActivityCopyFightScene.lua.gz,21adaa3abfae5413b4ac3a9f60f52d34
1F09F6C07DCA7B48339FBCD41CD30F5D,28240,src/scene/game/ArenaCrossServerScene.lua.gz,348b7e48fc87e388f924d51f16368cb0
0CCF346BEC007F65D07C00BA5D5B8C42,15959,src/scene/game/ArenaScene.lua.gz,f3e5dc97f44d470b043035a5ed7b3d50
B65BEC36472D2C61A7267D03DF134AA5,6471,src/scene/game/AwakeRoadScene.lua.gz,f07d633433c411df49ebe5cc92b06724
85F6FD1811E8FA5927C079BDF9C2120D,2331,src/scene/game/BossRushScene.lua.gz,133d777b42dbb4add09d1cc6d6b7a94e
EB88EF309E199D75429E85E7BBA8275C,4403,src/scene/game/ConstellationScene.lua.gz,b1c77e176fd049e49d2c245122f3d1c3
75446293F4E4F5BC9C0DB4718668B37B,3983,src/scene/game/DimensionChallengeScene.lua.gz,91fd8d9f8026a66fd09c137d2fba32c1
4697B1E77AEAA40E7310649E7E1C04C8,14775,src/scene/game/DimensionDoorScene.lua.gz,b4e291ef23cd3f97299d4d9973ada4c3
BB480EE18CB44AC4431C2B4A6A6B8976,18748,src/scene/game/DungeonScene.lua.gz,918c8debf0d63340037a0bbaa6f4f327
10C5FA4D101DFAD4AC28AF222EF8881A,1807,src/scene/game/EnemyAttackScene.lua.gz,82545185474474d230e1c9f59e10fa64
52EB75DE03F3FF7C177A7F031741835B,3263,src/scene/game/FightDebugScene.lua.gz,1bf38273a2fde2fd6b212d69ab4f6b21
B8AD7914E2950DC3F576A764DC51DA25,4499,src/scene/game/LimitFightScene.lua.gz,0c3b326dedeef5c7c875b2cc24518373
2DC4225D1C8DEA13D8D38667739F0C51,9987,src/scene/game/LimitlessScene.lua.gz,81b511c58e8c58aae4caf712befc7eaa
C7D93121ECFF0455E76F2040DBA0BA01,2419,src/scene/game/NestPlaybackScene.lua.gz,0a8e891986dfbe8df4e6ab9228240155
1079B31ECA38D859210277D79EC9E9D0,4543,src/scene/game/NestScene.lua.gz,99046179e8eab5c927573ccc0b898e49
2649762F4AE89FEF35E9D7063FE527C6,755,src/scene/game/NetworkFightDebugScene.lua.gz,f9686b2309b3f51472c24ab133038f5d
941139FBF4FF9FDC6506EA475B0B19BE,2099,src/scene/game/NianDungeonScene.lua.gz,b69057cd2f3c5b4ddc6d52753ec0fb19
EB05BA70876AEEADACDB06BFB7BE15FF,5911,src/scene/game/PartnerStoryScene.lua.gz,2c865a11c40c20314d1cc4e895995faf
0DDF73E5E86206D8381EDC3768C54A98,2159,src/scene/game/PartnerTowerScene.lua.gz,ed6dcd28299d664a12dc80f6962d35e5
CA47D79A5F8CB9913A160785F11E6186,21504,src/scene/game/PlotScene.lua.gz,06923185d5b4b4683b9986bb8c012a03
78DC40DAABE3E936CD2AB3277CEA9DFF,1467,src/scene/game/ProvingGroundScene.lua.gz,34488495704562d67d0be35112672452
957CF9CC5AC95D16F984AF8DF42CCA97,1919,src/scene/game/PVPPlaybackScene.lua.gz,f35ab1c44adf17fa193735da02c75bd0
741FFE03174A9B397331D4B7389A34A6,1523,src/scene/game/PVPRoomScene.lua.gz,07e45baacc0e34e5cb61b22c9b8ab6d4
05B02A90B881E5868ABD765EE7659559,13579,src/scene/game/PVPScene.lua.gz,c8511e7ecb26b528b05b7031ca27fed3
EC4CE33A0C926668E27DD8E3434436CE,1231,src/scene/game/PVPSingleScene.lua.gz,f1a2ecb2f4da11e3c5aecdb803a12c9a
C8884C000FF10BF458867A6EE9D7C0F6,3727,src/scene/game/PVPSummitScene.lua.gz,96b7874b8fc5471090ab114f841fe3b6
E52F5BA5DD90E02C068A3804C19F0AE8,6431,src/scene/game/PVPVideoScene.lua.gz,4de1f685d517e541c687d5fcaad8ab94
8684B06153AE4051954ED64B313D242C,1755,src/scene/game/ResourceStageScene.lua.gz,ea035de35a5d503a9306bd3aa867e332
980678D782B68BA2B46D4A018DAAF305,5575,src/scene/game/SafehouseScene.lua.gz,2f7226ad91f597543d322f1bc07cb5d8
8731BEAEBDA0FEB51BF53810F235E6D6,3211,src/scene/game/TowerScene.lua.gz,bcbfc14b25def31c177d3fb0860fea97
74D06EDE7570DD5D951D5F87E9D9B049,2527,src/scene/game/TrainingScene.lua.gz,946c8eb07b82a0aaa346253562f49e02
324DFC632CD100BA41D6365270E9128C,3887,src/scene/game/TrialChallengeScene.lua.gz,92e6732eb5c7080e5a3a23ecd7f53ab9
78AC62EC25D2FE6592CA55FE53A375B0,3611,src/scene/game/UnionBossScene.lua.gz,71fd427a975a7eeb829ba2ac0d08b1a6
ED6D25531CE3111FA0DC2052FEEB2B75,3307,src/scene/game/UnionCityWarScene.lua.gz,99f6474aa0811a9b51f739f13c4e2b58
4C91E001248F5321746BEF99AA1A5393,3359,src/scene/game/UnionCrystalScene.lua.gz,c50d48b9d5319fbc9ec1397237dd7888
18FE3BBC9588EFC2DE4E9300C37D2994,2583,src/scene/game/UnionGuardScene.lua.gz,9ee74b29e0a94d745e7897d00963d695
076DA1CFD22D573DCE6FB8085ACFDC0B,383,src/scene/game/UnionScene.lua.gz,edfd795c7ee05b3e6e566a8bd85e56de
1EA48FBDF71B3C1090D809752F030317,3511,src/scene/game/WorldBossScene.lua.gz,dd62e2d20b9de547c69f68915b18a647
C1E1F0C34064AE8ADAAA5D28A818FFF4,1479,src/scene/game/_init.lua.gz,c71b29bd85c08d97c39b694f8526a464
CC5AC75D18B07BDE1A078B79DC7891B9,10259,src/task/PathFindingManager.lua.gz,a0431237b2adc253b9f250012c0d37aa
B6F054CE388A4B7DE11BA08B11C04F3F,67,src/task/_init.lua.gz,f0c4798e76a4a9f5b8ffd1b3af77ab0e
D37A439B454EED701775D3838019407A,311,src/tool/_init.lua.gz,17cdb1ccf2db8b3ebba7a3377ac7f7d0
EFA100798DB3600786060704EE07F48F,17608,src/tool/NetworkFightPlayback/NetworkFightPlaybackManager.lua.gz,cfe8fca4ea3d31df0c344b01c674a81a
2C56C8891F5EACF05583AE0FB1217486,64378,src/trigger/event.lua.gz,23d448a6daefffc48b2da907d631cb18
00E1D9997561781C002B2B6924441117,3051,src/trigger/EventTrigger.lua.gz,800139a11e587863fcc58145b49696c9
15D9726D0946652FDE7A6FF6B7E389AF,2471,src/trigger/LogicTimerTrigger.lua.gz,faadeca652d92e4db44f2be4d6c82a1e
0B5162028646C8A2EDF0E10983A4827B,1783,src/trigger/TimerTrigger.lua.gz,015aa912095b2d253e54bebd4e10d243
995C96C1A257F3CE3615369267F5DFFA,1015,src/trigger/TutorialTrigger.lua.gz,5d3b4ee08f690663c720aa43a4a1d6be
4D358A2AC930901D96434D1C40B866F8,3203,src/trigger/ViewTrigger.lua.gz,90e25fce54978da7aa70a9d47f05cdc6
A3BFB2DF136DA53908F3C9D620480E9E,219,src/trigger/_init.lua.gz,50f767f4df0ecbcf711a9a4700d27858
CDC272D59732659F68B7D15040C6F6E0,4751,src/ui/AutoDialog.lua.gz,460a8c8a9b710591e4729e7c3aa5f2ec
EC78DF58F94916F21AB28D040491C2FD,5779,src/ui/ListViewSub.lua.gz,bccf38f828c03b9939220eb446cd03b8
A08301DC38E2582D63E1E42CC65928F9,3959,src/ui/ViewAbstructClass.lua.gz,0a30eaeaa95c04c925a2879a4374d11a
76A9E51AED3E0A75E6F1EC628F0C302D,22400,src/ui/ViewFactory.lua.gz,95bc995c69edadf1f7fe8e2c6d538f5b
87F77521CB8DE195030E8D57145C2E22,26952,src/ui/ViewFightManager.lua.gz,7b6d6f86bb1d9421794f2bd8e925f7d8
BC5A7462C159680CD1746F586630DA8E,11543,src/ui/ViewManager.lua.gz,b6be3923d9793f74361e9b1c9ca04afc
7DD4E90F9D2B17C419B45ABB2110DBDA,13323,src/ui/ViewTutorial.lua.gz,7bf08aca4508d5d4ae7242603686266d
2D0D24D1DF6B4D840ECBCEE85272CFEE,62610,src/ui/XViewFactory.lua.gz,0d72ac18fc79838c0e132d3b83c6bb76
3ED96A4AB37CAD4B705E6DFB99B433A7,2015,src/ui/XViewFindManager.lua.gz,6f1bc406c518b1e8b17537e745d8f43c
CBB9B8A358596380E422D02238030D03,25148,src/ui/XViewManager.lua.gz,b2c59f89882c1efbf102f7595d7bf9e0
583CDEEBF7C49B263BB1620480A3348C,527,src/ui/_init.lua.gz,c54a81924305f1c2dc87e8e8488b399a
B8D40304EE8D96A8CFB1F4A451BC465A,24364,src/ui/basic/XViewBase.lua.gz,8772fc5804a8a43ff4576f164b6c5303
9C33665568582C3252139E7A2371BDDE,331,src/ui/basic/XViewCover.lua.gz,aa89b9619352a4456ef94ece6cf2e948
B72BFD0B49A0B6E4CCB3A44AD2D707A4,683,src/ui/basic/XViewDialog.lua.gz,b3e4c7fb222d408ad6a4818590622ecc
B4AA30EB3D401DB30734000DB13A4FE0,595,src/ui/basic/XViewFrame.lua.gz,5ff2220c59a6908200f0a323bcc628ec
6BBF6DAC9EA101DA4FD1A0AF8CFEFF2F,1399,src/ui/basic/XViewFrameFull.lua.gz,76c2635344a5276af098b0eaee554547
B87634CD88B9137651BE336608AEFE7C,4555,src/ui/basic/XViewItem.lua.gz,18baaaa7f858a0f5af64d650f729cdb3
7D13DDA9D2628392C792FF336CA442F6,1807,src/ui/basic/XViewItemSub.lua.gz,d74d7a25c2f9a66901d99c4f2c89eb38
AA328B572A7BB8E7F2E59C68B51F8E94,1723,src/ui/basic/XViewMain.lua.gz,ce566bdc4a24411bd406afa7738a239e
19C003107F1B48B6F10EE50E3B700A31,463,src/ui/basic/XViewShade.lua.gz,de0dfb9a39d5cd2eaa728f690560e98a
8E34190B7F0361E5E68D1413A64C117F,459,src/ui/basic/XViewTips.lua.gz,86f3d088f350e5911bd60661568a5090
1987121269508A636A99EE133652643C,415,src/ui/basic/XViewTutorial.lua.gz,5b0fd673a815a615ea7cf8d351eb3f1c
AEAF5DEB7A5791F5DD4A0D5E69FB46B4,379,src/ui/basic/_init.lua.gz,d779bf2cbcd19a3fd468a9c0af55ad07
03B6FEA9B454908AFA06F3A601F63C87,2491,src/ui/navigation/NavigationContainer.lua.gz,a6a23d6a9bd8638076d6aa5c2eb0610b
200E236B807C3A069E61D19D9206E82B,815,src/ui/navigation/NavigationContentLoader.lua.gz,db93d21c4dd81a33ac289ac36bbc2ee8
F71EF3DB1A767B967981046C0DED488F,1015,src/ui/navigation/NavigationDelegate.lua.gz,8516c5e3b5bcadb0142c08db896be434
5F9557C78E03386131EC0102DFB17797,2467,src/ui/navigation/NavigationMain.lua.gz,75a2225698c868201e599644d9deae91
E723A501063D1F1B7DEB8D6298C03637,2535,src/ui/navigation/NavigationMainItem.lua.gz,d04fa10f50d61ad066d7f493301fda58
587422463E288015CE3F209D5F65E104,2595,src/ui/navigation/NavigationMenu.lua.gz,8b5711fcfefe0fbe0a3dfae48d946d03
C0D702EB436111C92820AFB7C3371654,4723,src/ui/navigation/NavigationService.lua.gz,6723d7126bbc5af3d307302132ebbbea
0B895E1863010ED031AFCCB6E32C1A94,4119,src/ui/navigation/XNavigation.lua.gz,ac3ed578b4ddda5f6573bea073d1b149
A2A0F2F96B8F891ECB51C7289E37D1AC,3047,src/ui/navigation/XNavigationContainer.lua.gz,8effe12540f5dd64fe250f2adfbfbe6d
C76EDF362AD1DF122B83A635BEC9AF76,1211,src/ui/navigation/XNavigationContentLoader.lua.gz,72fa2af77a50f5c0c05cdff9500c001b
E73C0FAA8A594FC4FC009181EC891D12,6803,src/ui/navigation/XNavigationMenu.lua.gz,888fa6bde6e5b6b37a58508d30ab73bd
44254E3A543D839DBB819AFC28D43498,4051,src/ui/navigation/XNavigationMenuItem.lua.gz,a0a72a4e2ff7e3a4fbc67ee0990ad358
BC269B42B2B837606B9FD9AAB4E97BEE,5883,src/ui/navigation/XNavigationService.lua.gz,636530b40ffa45f3bfd3975c95cb1c72
4F8D1EB7943AA88373499AE48854567D,2187,src/ui/navigation/XNavigationView.lua.gz,d189c30fb2807183a219b7ca93144fa6
F0611EDA81B7564725D41848B1B65C44,643,src/ui/navigation/_init.lua.gz,aabc9bfcced15822c505541b39f78f2e
FB3ECB42DF2F9AB11D78CA6D66080554,3555,src/ui/uicomponent/UiLoadComponent.lua.gz,935b07550a23ecce90c6311ca90bf65b
C15217289A462327C1425DF380EDA33E,6359,src/ui/uicomponent/UiPopTipQueueComponent.lua.gz,bf931933d777ba56769688b8d8126724
7E42055EF7808FE942420A46732D0D0D,123,src/ui/uicomponent/_init.lua.gz,4a8945313a9d9e233fa6e6c1ca853e42
E5DB42621F0335F36B37D3B9608519BE,2699,src/ui/view/_init.lua.gz,2c1260a0c9828f98dac5c63b5278453c
BBFB004D1E6618783535D2E3291DDCBE,4051,src/ui/view/UiActive/UiActiveButtonItem.lua.gz,5cdee1d306f3d3280f387eacc281cac1
EA701C8F332E1871765FF31F6FAA55B5,3027,src/ui/view/UiActive/UiActiveMain.lua.gz,3a60dcd881c2c78c6f3acaf5225f4ca2
895B134A02D8BD72CFB46E8366464646,175,src/ui/view/UiActive/_init.lua.gz,d51bca8fdd414a05777a340b8220a232
424111BD91749FCC5170266FFF54E9D8,2787,src/ui/view/UiActivityCenter/UiActivityCenterMain.lua.gz,a73d3809ae6c5bd07db5362f9c3f21ce
C9208E26018EBEDBF7F205CD980FBBA2,463,src/ui/view/UiActivityCenter/UiActivityCenterMainTab.lua.gz,f41bca7327494dabfb80821efb207770
9C442471174A41785B9E64D93E4F6A00,2867,src/ui/view/UiActivityCenter/UiActivityCenterReco.lua.gz,a89313c22c995f6b3c880a5c59badc33
9397A038DEA3D1DE3E459169558D5179,1443,src/ui/view/UiActivityCenter/UiActivityCenterRecoPage.lua.gz,9d744bc2aa7b469b5bcca9fda1d2297b
C19DE75DACA48702A20E1AC0F8DE596B,587,src/ui/view/UiActivityCenter/UiActivityCenterRecoTab.lua.gz,897610ae5d2aebddf669b04b13f9ad87
1EA5FD851B30F32F58AAC147BB012E9D,2471,src/ui/view/UiActivityCenter/UiActivityCenterReport.lua.gz,39b9f03f25e87170a24ef08d4bcedfe9
9FE2CC9C587D91B8D879673C903E5620,343,src/ui/view/UiActivityCenter/_init.lua.gz,7020d1c205e45950d5c9e7865bb3fcc5
C60D2E20BFC2E0A78D379BDEAF93CDB4,6231,src/ui/view/UiAileen/UiPartnerTower.lua.gz,30b34e80f0356f923664fbcd5591b20a
CEEBFB0F64E9522912838E3CD745FD89,4195,src/ui/view/UiAileen/UiPartnerTowerItem.lua.gz,3ab1bceba8b4958ac2f670d2f07a481f
66366FC78790F98EE8542E6583F11836,175,src/ui/view/UiAileen/_init.lua.gz,84e401172875be6d8854e99d9456e5d7
2EB72722158F9E81BC551F68F5E44FB3,16720,src/ui/view/UiAllstar/UiAllstarHonorMoment.lua.gz,1e2d04349f050bd45b42111542e5f5a4
2BCF45BA54CE9C28EF7C3D732DFDFFE7,12787,src/ui/view/UiAllstar/UiAllstarHonorMomentTeam.lua.gz,c5a40168d450fbbf821e6929b4f9a813
6591327C2F1CB915F32FB3DAEBD8288A,5919,src/ui/view/UiAllstar/UiAllstarMain.lua.gz,904ed9bcef627c7382f73b55ad2cc58d
63538DDDEB784F6DD1B29CF7586D1D36,11731,src/ui/view/UiAllstar/UiAllstarRank.lua.gz,4e55d00e89e8f2403d6e811a216139d4
8638385E138419745D8F831EF40B69C0,1631,src/ui/view/UiAllstar/UiAllstarRankGift.lua.gz,e67d43a93a4a84f34de198f6bce34984
65B3250E40A9A0D67613029B1FF9123E,4699,src/ui/view/UiAllstar/UiAllstarRankItem.lua.gz,2f75ea5b728fb325d22f5ec60af0c11d
DDB00B066FB8DF87E615EBBEA20D44F9,4947,src/ui/view/UiAllstar/UiAllstarRankItem2.lua.gz,ffe3052b6d6510b8c6a5565e47aa7a17
02C846FD3EDD00F88DAE2E1C4AB832B2,6055,src/ui/view/UiAllstar/UiAllstarRankNest.lua.gz,d9a04ce6ce7fca887264cb1110c212d6
3B299DEDB1338F0F650561734EC0B9F2,1327,src/ui/view/UiAllstar/UiAllstarRankNestTeam.lua.gz,4cc96585ccc4635d216ea59e547011aa
60DC4764A1256B53407B419AECCF6823,3039,src/ui/view/UiAllstar/UiAllstarRankNestTeamItem.lua.gz,00cdc08a08122095806faf822c5eeaed
CC43FBC0E553D1692E9EC4930E7D564A,5783,src/ui/view/UiAllstar/UiAllstarRole.lua.gz,b14ba3525d1d38a3c239c05bcbf2aef2
C9E7CBF6B2053873055B4115E38088B3,2611,src/ui/view/UiAllstar/UiAllstarRoleItem.lua.gz,020a136c1fa2b8d75a9968714a2323fb
9ADBB9CAE7F6C9B13D3A5D7893CF2CEF,10315,src/ui/view/UiAllstar/UiAllstarRoleTeam.lua.gz,e9f14f48465d3f672701675283c3f7ed
F7E20DF854484D7F525792CBD9E68B40,3775,src/ui/view/UiAllstar/UiAllstarRoleTeamItem.lua.gz,8ff5911d6902cc1214fee043817d962f
9B9D9277EF799079A9DF4464E0C8964D,3951,src/ui/view/UiAllstar/UiAllstarTypeItem.lua.gz,0978249a68abf41b2c3d096e403bcee8
86E678A4FA880EBB87DEB9AAF62B3C8C,1931,src/ui/view/UiAllstar/UiAllstarTypeListItem.lua.gz,81eb66473c411254e95b874221b5957d
26DE5AE371041DB5CDAD5079154876C9,1491,src/ui/view/UiAllstar/UiAllstarTypeTeamItem.lua.gz,f57cc0f48a8bd2f3e2d20f53d7c4cced
5891896479670D61844AF71D6D9FBE6E,1811,src/ui/view/UiAllstar/UiAllstarTypeTeamItem2.lua.gz,03bdb7e04c7a0a30d98e3385b39cc4e6
13457FC7CCAFA6AACA8CC88F0CA7DF9A,719,src/ui/view/UiAllstar/_init.lua.gz,943e9f4d3410e857f0486193e3b8d4bf
2B3DB9488D48355713A86D28D54D372E,1667,src/ui/view/UiAnswerMatch/UiAnswerMatchItem.lua.gz,30b9c8bc4b461c421440569e74a4a624
70CB08EE3761F9CA644B4B594F33505C,11491,src/ui/view/UiAnswerMatch/UiAnswerMatchMain.lua.gz,a68b79438a97bf309fde30cbb381c6fc
BBFF574C8293DC5B6D4A16FF6398BB91,615,src/ui/view/UiAnswerMatch/UiAnswerMatchRule.lua.gz,b147eea4bf9c3a98baf8a94dfa6d3127
62A3A3E19E1D02F411DEC5776C0CC85E,915,src/ui/view/UiAnswerMatch/UiAnswerMatchTips1.lua.gz,76860788b435b47446957ad9994c00b0
C0B0274555F4EDB79EC2BF3EC00D31EF,303,src/ui/view/UiAnswerMatch/UiAnswerMatchTips2.lua.gz,7933f9180a69e4498cb46eb2009a6c10
C73F4FD936AA3F5870FF876A57A4F9D4,283,src/ui/view/UiAnswerMatch/_init.lua.gz,9cb880be2d931f056ed573ee1a15d3bb
93ECEDAF1800A6E6600E221920B58745,1707,src/ui/view/UiArena/UiArenaDayGiftMain.lua.gz,55099ce8fd2fe8e580169574fd1688b8
5512497E129535C99D4C14350302A4AE,1595,src/ui/view/UiArena/UiArenaDayGiftMainItem.lua.gz,888281dc74bb77af9b43b1c6a3495a7f
FDE751B5551A2C2A9630896A71974659,1135,src/ui/view/UiArena/UiArenaDayGiftMainItemItem.lua.gz,fa8a0f939ea96184576a5de246d1d040
94E544E353A1B1E21A8BE583D6DD81E3,5671,src/ui/view/UiArena/UiArenaFight.lua.gz,0d6985e98e3a35dd0fd35748f38a238c
862759772D5DEA4086C4E7AE6B3CDD50,13831,src/ui/view/UiArena/UiArenaMain.lua.gz,df724b67916e70d307e57e8a8d284bbd
03627341F202ABA4BAEDA7CA452EBBA5,871,src/ui/view/UiArena/UiArenaMainItem.lua.gz,65a4f219848d10d1adf078c4cd2403cb
540984BEEB2A3B091F419BCB91322563,1099,src/ui/view/UiArena/UiArenaMainRankUp.lua.gz,4a67a5d3dd63c4a115df2395e4465d83
55367E51D459DA8685CB746B96FFD448,823,src/ui/view/UiArena/UiArenaNotReadReport.lua.gz,e3ae32f86b5ad961898bb65b02c9969d
12877AD765F6779AF0480F8945B37269,1247,src/ui/view/UiArena/UiArenaRankGiftMain.lua.gz,f8d37ee7939e34a7a839f7ca05cc29c3
EFD3C3F5E3E7E9CA234DCEFB27C37C87,1911,src/ui/view/UiArena/UiArenaRankGiftMainItem.lua.gz,123994eed8f8871bceb35df4ec6b9f4d
18B88EFFE7DA168A9D9C6791C6BAF34E,503,src/ui/view/UiArena/UiArenaReport.lua.gz,6c148124e23fc5c95d23fd66818b70c7
526547594583D11A0353F26BBE53545D,5655,src/ui/view/UiArena/UiArenaReportItem.lua.gz,8ab50652352192a3e4922fc947674b90
BB699E086F1656A92906629D1FE044F5,879,src/ui/view/UiArena/UiFightFailureArena.lua.gz,7928560ea2131afe53d68768195132a7
A50BC3230739065759FA4BC30D4B449A,1111,src/ui/view/UiArena/UiFightWinArena.lua.gz,e1360fde56fc3c18bc46ea12f6f868ff
3197671258CCAFD9227469DCE4F2A5CA,1155,src/ui/view/UiArena/UiFightWinArenaItem.lua.gz,f4b96b7d79780c2e1498cf7afd637fa1
2C9C3295720BE6595A1D11593A01168A,603,src/ui/view/UiArena/_init.lua.gz,32245690806a98a3e680383b411610ec
109A2370BBB92B24F507215F7418872D,2419,src/ui/view/UiArenaCross/UiArenaCrossFight.lua.gz,53131bc39640ceac386cbd82900e2068
9B628B579629F1FF8715C764149D3719,315,src/ui/view/UiArenaCross/UiArenaCrossFightFailure.lua.gz,2ea576ea1732a772ff92b9c3a6e4027d
B33CD41CD8B31D617388C79E23C450AC,295,src/ui/view/UiArenaCross/UiArenaCrossFightWin.lua.gz,6dc6f17b9615db246156fe515a8b2f33
6FAE591860F9191B36E687370454BE89,8663,src/ui/view/UiArenaCross/UiArenaCrossMain.lua.gz,8de15c3f14ff2f06f4e60060de188bea
600A04D22F6B9A78B7EB6C5A020AA1DE,987,src/ui/view/UiArenaCross/UiArenaCrossMainArea.lua.gz,05a18b05a83d3ed1b8cb8fee83b90c19
5EF9F8CB454C7BB861433B40C736EE62,1015,src/ui/view/UiArenaCross/UiArenaCrossMainAreaItem.lua.gz,11bc1404aa4997d200f80191aef23916
78EFAA41CB1C2E787371A1857C0E75B4,1443,src/ui/view/UiArenaCross/UiArenaCrossMainInstall.lua.gz,c6b968fed35b58dddea50e5e54f75480
C6E3705886265A0CE8BFC27CAC8F41AE,1735,src/ui/view/UiArenaCross/UiArenaCrossMainInstallEquip.lua.gz,9d4a3e35c65008dac1ee2ceeeeca3c5d
5A01A301E91D2FAC75E759592FD7397D,2843,src/ui/view/UiArenaCross/UiArenaCrossMainInstallEquipItem.lua.gz,ced43ecdc244ee44d7143635a72b75c9
F27BC57E807A0625457B0AC796F26AF8,2827,src/ui/view/UiArenaCross/UiArenaCrossMainInstallItem.lua.gz,e68ee77c2204c3d89f0b2b422d9a4ce3
CFCDA194434535F586BEB117374CA115,2991,src/ui/view/UiArenaCross/UiArenaCrossMainInstallOther.lua.gz,2904aed3c12b138feb410af40636a7ad
CF10F568855D50E0D1DB4C598DA00498,1379,src/ui/view/UiArenaCross/UiArenaCrossMainInstallOtherPetItem.lua.gz,97cb3c3064aab0e3025180116a54eacc
58F9C13EFBC421F12169DDA2B2A6EDD1,679,src/ui/view/UiArenaCross/UiArenaCrossMainInstallOtherPetList.lua.gz,c5dc3c87364cba93071f44fd829aa5cd
A898C18A70D70156C6B0B569281D53A9,1783,src/ui/view/UiArenaCross/UiArenaCrossMainInstallOtherSkill.lua.gz,7840985c1afb7bde2e4efff501f9d627
A72186CC21ABBB772CFED591D343FB94,799,src/ui/view/UiArenaCross/UiArenaCrossMainInstallOtherTitle.lua.gz,382ebff20332f573dc9fa03662dc20dc
97F7CA8AFCE67086FFFDD31C12FA3744,5783,src/ui/view/UiArenaCross/UiArenaCrossMainInstallPet.lua.gz,1d826c975c3faff9f0a39cdbaf481f27
7F9EBAD6DAF86AEF65DE2D44C2F52DB8,3203,src/ui/view/UiArenaCross/UiArenaCrossMainInstallPetItem.lua.gz,68935031a74f98768133d06846537fb5
C65154C069AC40224265228B5438AF11,4723,src/ui/view/UiArenaCross/UiArenaCrossMainInstallSkill.lua.gz,874028cd6ed831c6b06a0bbd1b701239
8EA5235411598911FEED17F63F83EDCD,3871,src/ui/view/UiArenaCross/UiArenaCrossMainInstallSkillItem.lua.gz,64ecf4a9a4c3c311da6441830d7106c3
0292268192EFEDC39C2D3199AF8ECFF5,1095,src/ui/view/UiArenaCross/UiArenaCrossMainRank.lua.gz,796c2fb46bab174c4f4927e6d27dd6a1
82A3C5628BE0371940C76559B5281D10,4287,src/ui/view/UiArenaCross/UiArenaCrossMainRankItem.lua.gz,e6b45bc2a92c6f7ed7f522d935b3eb12
0140C18404FCCFACDE2B61B832C514AC,2403,src/ui/view/UiArenaCross/UiArenaCrossMainReward.lua.gz,e4b74cf192949150bbe41b2233b0f30a
423F57E38373303C0949F7B19DD10310,3795,src/ui/view/UiArenaCross/UiArenaCrossMainRewardItem.lua.gz,04d269cbd3fe9487cd5c8504cfe23af9
E9586DF5C11EAF547A9F6FFF982A0EEF,9259,src/ui/view/UiArenaCross/UiArenaCrossMainRoleItem.lua.gz,c1310a2c77ec3f04765e535c7b49f39f
D7454264571F50FEA2136A0513D0C4A7,1407,src/ui/view/UiArenaCross/UiArenaCrossMatchResult.lua.gz,97c691afc82defac9a6efab220e33282
34BAE5947575670A19CC653CD0AA76D9,899,src/ui/view/UiArenaCross/UiArenaCrossNotReadReport.lua.gz,ee604462ece8068ca8099b5a6c550137
61F1B33F74D41A5AA4F4EBC8B923F914,467,src/ui/view/UiArenaCross/UiArenaCrossReport.lua.gz,26fc163b0412e9db0c471d0ccc4371e7
0DF72717CB479BED0DE81B7D7A2C8812,6499,src/ui/view/UiArenaCross/UiArenaCrossReportItem.lua.gz,e053f5da60d6f082d08241dc39f15bfb
52003EE618E11CF35CB4A7D7E99BF49C,815,src/ui/view/UiArenaCross/UiArenaCrossRewardItem.lua.gz,0fda3717b07d4271eb2a2ca7d80c0dc4
F7E59491331027E9CF63C4940370E408,1923,src/ui/view/UiArenaCross/UiArenaCrossSweep.lua.gz,8e4ab336ba34b3f4257cb83fc5d44a37
C6A05500E4FB17E1F434E5416510A067,1327,src/ui/view/UiArenaCross/_init.lua.gz,6f3abfdef52587f75a1a256b749f2070
E0869DC3EC767F50333FFAC99C3E8BE7,4595,src/ui/view/UiAssist/UiAssistMain.lua.gz,b6b6c4515ae84c348a5c07fe86e9f5c2
3FA3A69B871A81B6798D217D292FDAB7,1799,src/ui/view/UiAssist/UiAssistMainItem.lua.gz,9c0dbefcfe137a27684780ae34e05981
785389E1E2E6F8F108BB842775D3E42C,767,src/ui/view/UiAssist/UiAssistPassword.lua.gz,4410e4be53ab1e105fb22d7ff256ab22
85096BD2CB7E574E3A8B073FCD5B4732,203,src/ui/view/UiAssist/_init.lua.gz,4999cda7ab96d59fff399f87513f1759
19F2EA33391C54A1DA335F138223E69B,1003,src/ui/view/UiAwakeRoad/UiAwakeRoadAllProRankDialog.lua.gz,0ac6618aa79e6fe4030bb9c47831de78
ED9A2691018D5F2A9D43A6067254D5DA,1659,src/ui/view/UiAwakeRoad/UiAwakeRoadAllProRankItem.lua.gz,73b6c58c3c4a649e4816582db354bc39
1E1953453180F6C1A8F2807E4EDB74EE,3451,src/ui/view/UiAwakeRoad/UiAwakeRoadMain.lua.gz,1723268d5af91271b2e5de116c20a793
D973A7A5A5EAABA065C51A039C3B19F0,2699,src/ui/view/UiAwakeRoad/UiAwakeRoadMainMenuItem.lua.gz,420f7cb9357138edd77cf8f95da10731
31C6CE1E2D1091EBD4E56CEDF7B0BF9E,7483,src/ui/view/UiAwakeRoad/UiAwakeRoadPage1.lua.gz,b200e541a27a0b955c2f3e3f9cc09c55
A8F15DA7A5E1BC9170BFC6E978313770,855,src/ui/view/UiAwakeRoad/UiAwakeRoadPage2.lua.gz,47514153a434fdbb653038a39d4ff85e
B92872ADAB5FC8E5F155CDC44B26F43D,831,src/ui/view/UiAwakeRoad/UiAwakeRoadPage3.lua.gz,a656375c5227826ef2870e812d1adcf4
3EB18997A9735CA07775A83A05E0F50A,819,src/ui/view/UiAwakeRoad/UiAwakeRoadPage4.lua.gz,f7a4ef6c77085bd0d018ca5478d146a2
CE81B51EF40E58E18ECA1B1800FF2833,5955,src/ui/view/UiAwakeRoad/UiAwakeRoadPage5.lua.gz,208e010c6736c0dd7db8fdb727a1b895
C66A27F2FA5131469673DD4C23BDD4B3,6559,src/ui/view/UiAwakeRoad/UiAwakeRoadPageBase.lua.gz,da6c73796e92fe0d3f6a84d0d817ae0c
9153BB4DE59EBE942082BFB5E4A84BA5,6559,src/ui/view/UiAwakeRoad/UiAwakeRoadPageTransfer.lua.gz,03aff4d38d03fbc836f67417c86674e5
C587D5B7641B4C8F1093B693FB2681B3,3115,src/ui/view/UiAwakeRoad/UiAwakeRoadPlayerItem.lua.gz,8cf547ed3766cbf66fb22583f30238b3
82256F98238BA8ECF9F27ECFD359C294,5383,src/ui/view/UiAwakeRoad/UiAwakeRoadProFamerRank.lua.gz,9eeb658e729f970406095c4a8ea2408b
0E5AFD36E33CF3DC0DC618AB2756B9CC,2619,src/ui/view/UiAwakeRoad/UiAwakeRoadProFamerRankItem.lua.gz,33c9f0f62050951fd26d49d9cffa4d67
6574449DB2FA6D9658FA6C66B667C772,2279,src/ui/view/UiAwakeRoad/UiAwakeRoadProFamerRankZhanLiItem.lua.gz,fecaf3cf2f5a667b5ce4ce666f3be387
84E208F75DCDF2AFAC8906E00F8C0C81,1331,src/ui/view/UiAwakeRoad/UiAwakeRoadSupportMakeSureDialog.lua.gz,e6b0cf3a76e6d7ebe478995c11cc74d2
E218C79A73300974C63159447D42BEEB,1219,src/ui/view/UiAwakeRoad/UiAwakeRoadSupportSuccessDialog.lua.gz,13058ce36e98d8cd80fd8f280c0515a1
834642A4FB3DFC4B45B510F03D153C01,751,src/ui/view/UiAwakeRoad/_init.lua.gz,4d94792bb2b8889a72e53085f644e524
CD348B2C7147580AD02EDD0CE428E158,2975,src/ui/view/UiBackFlow/UiBackFlowActiveTask.lua.gz,1aa36c38d2dec078af555546155c9f6e
917278C7966FBD353A3DF0C674A493CB,1763,src/ui/view/UiBackFlow/UiBackFlowActiveTaskBoxItem.lua.gz,ea43ea109f74d7ea54531e96755adc4a
546B056C0BE0FBD2CB0A10FA88FD3E47,1895,src/ui/view/UiBackFlow/UiBackFlowActiveTaskItem.lua.gz,d34022d546aecc9aec6ef0fd9d7d41df
BDA30832053AA49B05969549D798617E,1451,src/ui/view/UiBackFlow/UiBackFlowGiftBag.lua.gz,910fda347c2a6aca69f4076e544909ea
45B6FFAA3848070CCFE2EE1BE549CE60,2439,src/ui/view/UiBackFlow/UiBackFlowGiftBagItem.lua.gz,707f9a53e12e4333b703897bb5bde83f
3663B0DF4E534C5A63C3CA95C808C2D6,971,src/ui/view/UiBackFlow/UiBackFlowGoodGift.lua.gz,424dc01622169f92080fff6026bb03ad
D06618B35919F5BA6BF22524DE2FCBBC,2083,src/ui/view/UiBackFlow/UiBackFlowGoodGiftItem.lua.gz,100ac8767394d5eba243405dc0c4bce1
370288439B7166844EA7BDBBC2C2DC52,771,src/ui/view/UiBackFlow/UiBackFlowHomePage.lua.gz,7a3849fbf7c4b78c4fa2b4bf9fa2782a
80671E0FEDD72207A8997387D4098E1F,1143,src/ui/view/UiBackFlow/UiBackFlowHomeScrollItem.lua.gz,3f8f3c695e8892ceaf2106641047f474
D47A75B2F2F7D236D112984F4BA86197,1287,src/ui/view/UiBackFlow/UiBackFlowMain.lua.gz,e6078b6e1f66e28ef83707b1e6350779
DACA52B5A3105E9B4D6F128756193AFA,2403,src/ui/view/UiBackFlow/UiBackFlowMainListItem.lua.gz,c1266578526e5a8f7c9960d9495d3ebc
7C80EAABB0ADA6CD34B1764CE7C1C4E5,1011,src/ui/view/UiBackFlow/UiBackFlowSignIn.lua.gz,5c6baf550ee60ad6885e0696a99054b4
BCE82C79B2B4165CB21D36CB4A1AB095,1535,src/ui/view/UiBackFlow/UiBackFlowSignInItem.lua.gz,6df87e78c04c2441bc7e6f4ed60ebd31
3EEB115D12197F5970DE803C60CCDD71,343,src/ui/view/UiBackFlow/UiBackFlowVersion.lua.gz,a67b4a67032a0adec6c7aecdde1eacb0
6A0AAE92D18DD00E5B10F076E8C273F9,603,src/ui/view/UiBackFlow/_init.lua.gz,c30ca83e242f05250f13a9a576516bc2
5576DEBA2738A5B7994E2B12CF5A1EE7,3031,src/ui/view/UIBattleStar/UiBattleStarActivity.lua.gz,01657c3a42d9db8f346fa7fa46811d64
88C63A272B55DF3EF3E9E545000EE1BA,1247,src/ui/view/UIBattleStar/UiBattleStarActivtityItem.lua.gz,a0248ba76c529cb70d0b0f75f5008bc4
0286730B81ACF374F86C6B59D9DCFD18,2443,src/ui/view/UIBattleStar/UIBattleStarChapterItem.lua.gz,b13c4e01a0f1c7fff3ece6ab3242309a
879515181923BBAA7572089233D2F503,10495,src/ui/view/UIBattleStar/UiBattleStarChapterPointMain.lua.gz,9114546be5eb061556950bda992dc53c
92ED8FFD070CC5CACD52FFDADD88E30F,5855,src/ui/view/UIBattleStar/UiBattleStarCollectGiftItem.lua.gz,0f6e270ba0dcafdff1f56adf4ae7b385
2775E2C49161A531A863D00899826C0B,2791,src/ui/view/UIBattleStar/UiBattleStarCollectGiftMain.lua.gz,aedb677f34e73a79c26dfd4d415de947
E46484DB73F2FA9363D3377F3051BDE0,8159,src/ui/view/UIBattleStar/UiBattleStarCopyMain.lua.gz,4b7c920d75484c68e15028c63a0b4437
204B471D328745A42A0046D95450A96A,1219,src/ui/view/UIBattleStar/UiBattleStarEggGetReaTips.lua.gz,7ae77e2b561998d527b21a96e5f2fe02
65C917360454B5848A771CEBCAAB6CD1,1207,src/ui/view/UIBattleStar/UiBattleStarEggNormalTips.lua.gz,7d98bb33f7db9223e647795dccd2f26c
9F22E0181D869CAC1DB1129B3023ED3F,4499,src/ui/view/UIBattleStar/UiBattleStarEggTips.lua.gz,b5b956bd3faaeb20e33704d981a848fc
D92FE8224374D3BB50D400DD7D1E9C2E,2235,src/ui/view/UIBattleStar/UiBattleStarExerciseButtonItem.lua.gz,1748658ac0beb6e1ec7f87e62d3e3fee
D9E440D07101AB3303D7ED2E61B0465A,3375,src/ui/view/UIBattleStar/UiBattleStarExerciseItem.lua.gz,05f0a5a27ab89db7dc0a6047d7e69f8e
67FDA4AFFDDF078D267685D9C4F05550,2351,src/ui/view/UIBattleStar/UiBattleStarExerciseView.lua.gz,7c97427963d68fccabc65b51c6663bc4
19795CD2A5EDD42A6851482DF9D66ED8,1991,src/ui/view/UIBattleStar/UiBattleStarignInMain.lua.gz,d17bbcc34118a60360f96e494f105724
397D91F62ACD10D1A06247651937F64E,20612,src/ui/view/UIBattleStar/UiBattleStarLuckyEggMain.lua.gz,ce555abd64b87d6a3c8c0539f3fd7abc
82A908579A2CD8DAC2891E71D00DD818,6727,src/ui/view/UIBattleStar/UiBattleStarMainCopyDetails.lua.gz,8c04713b0b99ef27704a9fa7685f287e
78FB4A55F062FDC759EE54A372A29E80,323,src/ui/view/UIBattleStar/UiBattleStarNPCTip.lua.gz,485127694c1eb6f4d43382a50356cff8
021667DA53125D4D8FFF8910D17C5228,12023,src/ui/view/UIBattleStar/UiBattleStarPatrolMain.lua.gz,59a8cc78331acb09d25d8ae18706eaa7
953A49C91F0B0EF611446EF2935BB4D8,5407,src/ui/view/UIBattleStar/UiBattleStarPatrolMapView.lua.gz,d8720d66942ced5f343daacc3306df6b
F24D304A1A0C9DC4F5A9CD6A65B653D9,919,src/ui/view/UIBattleStar/UiBattleStarPreviewItem.lua.gz,ff7eda1c14f0e09c9dfe26050c4d8a19
867C2B0EE2440F9258857BDD6CBBB262,9779,src/ui/view/UIBattleStar/UiBattleStarPreViewMain.lua.gz,40da70fc7d394ae76b53d07a080f5677
7685F8DB096010F3622AF5E7D5547464,3271,src/ui/view/UIBattleStar/UIBattleStarSignItem.lua.gz,3c925698fdb7fd210d7100f116da1c0a
E02F4D22407E161990B6CC4BC805E3E4,1151,src/ui/view/UIBattleStar/UiBattleStarSignTips.lua.gz,7cee713dded851cb91b9ac2815578948
3C6DA55457E6F6BCCAC9BB59E2DD4DF5,943,src/ui/view/UIBattleStar/UiBattleStarSkillDesc.lua.gz,496bd14fd6e3d7ccc6485233bd2add40
A13382F54C6421F02C8A2C74FC92EC8E,2575,src/ui/view/UIBattleStar/UiBattleStarSkillItem.lua.gz,3cbf955ef9eb188dec73e0722b246570
427CDD3552337F37AE0A743F709F6DD9,519,src/ui/view/UIBattleStar/UiBattleStarStoryDetails.lua.gz,304f90feab33a36b362241c5bcbdc62f
D4055339FCCABE3F73177B39E2523A50,2283,src/ui/view/UIBattleStar/UiBattleStarStoryItem.lua.gz,593ef1b9874d8c2789a8252f8c5181d3
D653D2CEC95EF256E3313941C01AC2BB,1059,src/ui/view/UIBattleStar/UiBattleStarStoryMain.lua.gz,22cd4783b75e356f64ddb3f58fe30532
90766E9EECC130C7B726CC31098A9BE9,3295,src/ui/view/UIBattleStar/UiBattleStarSuperSkillDesc.lua.gz,fa268de963c58f1276715ccf7daed27c
7695AA556BF1E3B92328B4A8443F5A49,5255,src/ui/view/UIBattleStar/UiBattleStarSupportItem.lua.gz,5856bff923e5c79a95da5140662df0ba
B841AF96FD1F5FF098FFA41192325F5B,3495,src/ui/view/UIBattleStar/UiBattleStarSupportShop.lua.gz,e9b8943de0a8ca2c6c6b616f9b8a1ece
31710C8C6E601602456E82C091D0403D,1247,src/ui/view/UIBattleStar/UIBattleStarViewItem.lua.gz,632ec7b1265bec1c4cabac0578752dd6
8344A7A4DDEE3FEC7EB2D961C6DB7DBA,1339,src/ui/view/UIBattleStar/_init.lua.gz,c68fe25024ba0aa26b7b35aebd925eb2
C85C70C42AAD80598D3598DE2D6D1565,1943,src/ui/view/UiBossrush/UiBossrushAward.lua.gz,85cc480c95259316142b10667c694f97
871F19176D5CB5DDD274E16ADE84BCEC,2731,src/ui/view/UiBossrush/UiBossrushBuff.lua.gz,a48d7127a38fceb4ab5a8c3187c29b68
7EED207F25D40412CE6C6A48959D4B40,18392,src/ui/view/UiBossrush/UiBossrushMain.lua.gz,67e728a69acdeb5b5e3112ac8ed79f6d
230BF6AD4BB4D2C3C8B272E31CB4D597,511,src/ui/view/UiBossrush/UiBossrushMainTips.lua.gz,8345d6e1fb1421e9f1edbdc936ccddc7
163848E7ECCBB3DF609EB5683E2CAAA9,3459,src/ui/view/UiBossrush/UiBossrushRefresh.lua.gz,534c5c13adf1b8976956a237e5320a0b
A0E3D218120F4BC4745300B960F552D9,1903,src/ui/view/UiBossrush/UiBossrushResurgence.lua.gz,62ce3b02f49f8879d8a1b1d7a53c7f25
52FD4C6AC9868D41B57E3A6F517C5898,483,src/ui/view/UiBossrush/UiBossrushStar.lua.gz,c60d8c86017143b1455fc4dfd6ef2c90
1F8396B4FE1FF76814E52827B3F511DF,467,src/ui/view/UiBossrush/UiBossrushSucceedTips.lua.gz,d09430a350e0bd5fb8f128b7c249f563
AB64DF0E73689333D18A0F772AE3EF96,371,src/ui/view/UiBossrush/_init.lua.gz,4cf67254529c338798819e5ef4d5c5bf
2C6F5668611008D61294DA97DD325AE3,2111,src/ui/view/UiBourse/UiBourseAuctionBonusItem.lua.gz,baea4ff8bc7aedffbff607b3d403b11b
A8FBFC6150B0EE672DCCB6ADD847B70A,15707,src/ui/view/UiBourse/UiBourseBuyMain.lua.gz,f866c5b89569ed136266101654197f26
F766439CB611B37BAAA10239AC84D252,4879,src/ui/view/UiBourse/UiBourseBuyTips.lua.gz,338ce2c483f1f4ed2c960a9857402c85
A0DF05F8C4F0897B3AA28A3A8EA8EC86,1543,src/ui/view/UiBourse/UiBourseClassifyButton.lua.gz,bfdfb85fcf3d5c605e062dbf1e2194b6
2BD037662518156FA585DCAD7DC20144,4843,src/ui/view/UiBourse/UiBourseItemListItem.lua.gz,3695f0dac4bee90796b71272ff14625a
0000C49A94689BFF92A9B6A8AB2444B6,3003,src/ui/view/UiBourse/UiBourseMain.lua.gz,1ae0f6200301a10017383f0a96b364f3
53EBF7201D539333AD0CB807DF0D83D5,15255,src/ui/view/UiBourse/UiBourseMainAuction.lua.gz,9402bea73b29eff7e0cba2f60eb0bf0b
78860FD01FA689EAD36C8DF71D1F4211,9727,src/ui/view/UiBourse/UiBourseMainAuctionBonus.lua.gz,f6e14e0bf5f221186ee2f2d0b70e28eb
02DEE1B3BD2D1614A53047C4CD9371B5,2175,src/ui/view/UiBourse/UiBourseMainAuctionBuyTips.lua.gz,e71ccfdf731750192166b0729c1c9e46
357B0CC3174D1363A9276163E8BA9CD3,9563,src/ui/view/UiBourse/UiBourseMainAuctionItem.lua.gz,351fecf54824536824aacebcea278a32
DF86BAE10A241956975164A4325F5A29,1259,src/ui/view/UiBourse/UiBourseMainAuctionRecordList.lua.gz,bc690bfe79eaf25a20b3e7ffc5df6158
A751201FF979825146D7FF3935BB0BCD,2319,src/ui/view/UiBourse/UiBourseMainAuctionRecordListItem.lua.gz,9257ec123ff2b849d2a43fe079175bf6
E4363FC2D9E10F8D2AABD8761413BAAA,1159,src/ui/view/UiBourse/UiBourseMainAuctionTopBuyTips.lua.gz,a25c397c9af299c1b31ec59fe4591612
9C3AE61693E66E02E3313DA4FA09EFBC,2555,src/ui/view/UiBourse/UiBourseMainAuctionTypeCassificationItem.lua.gz,35e3c6ead76ecc3ce13dd9dc7fd2a10f
DF4B6C0430CCD667E36F5467E577B921,7055,src/ui/view/UiBourse/UiBourseMainAuctionTypeItem.lua.gz,bbfac34f6da8caacd264d9b57ddee320
E789B67BF44E02DDB18E8282D71014DE,1343,src/ui/view/UiBourse/UiBourseMainMenuItem.lua.gz,a0703df316706a26ac5fc75f902bd6f7
913D024FC9873D755C359F76854EE8C8,5939,src/ui/view/UiBourse/UiBourseSell.lua.gz,1134cc08e67e4b5a69836c94344b9c5a
428BFBB8686E0BDDC3D340D68708A665,3303,src/ui/view/UiBourse/UiBourseSellBagItem.lua.gz,26f1aff580564716cc3d0109159eb459
148F78E96F2CE73651DDCD8830C46C90,2607,src/ui/view/UiBourse/UiBourseSellShelfItem.lua.gz,859c55335bb564547c89ce4d897ff86a
20EE0695BBB271398438DA2AE5EA9323,6711,src/ui/view/UiBourse/UiBourseSellTips.lua.gz,63ea17f620f66a1c6f968659b742eab2
CEE22DEE799475A9752B8A60056023A1,2655,src/ui/view/UiBourse/UiBourseSetItem.lua.gz,a06754cd09547b9e7e9336963c1467d1
A86829845E6B6DAB879E9A074A305255,7379,src/ui/view/UiBourse/UiBourseTypeItem.lua.gz,d1763b1ef1995706df62e2563327e958
38DFCE7E0F4565FB8CD079A5ECEFD1ED,2019,src/ui/view/UiBourse/UiBourseTypeListItem.lua.gz,e94bcb23f011334d01f26cabad98ed80
48E4592D89C5CA445F6BAC2467529A4D,955,src/ui/view/UiBourse/_init.lua.gz,9b80f0cdf90d7c289a9aeb80ea39e358
557E95B070DE3BBB8147BC8ED6B4FE71,1567,src/ui/view/UiBT/UiBTFirstCharge.lua.gz,b951ddb3471173749c1b820983bfc626
B1553BBC53A0BAA5AAB7C95BD9E0E650,1391,src/ui/view/UiBT/UiBtFree648.lua.gz,ca2266163c691cc3dace01095f32b1a1
4AE5D9D803F431E463FB2A0F75F3ED21,2779,src/ui/view/UiBT/UiBTGM99off.lua.gz,dc0f56167fac0ae99929f97cde561bb3
2345A0A83C56ADEBB2AEA3B72D87F5EE,2863,src/ui/view/UiBT/UiBTGM99offItem.lua.gz,a5d03b8e01184f6d3770c61a1aec8d7c
955E83C6BC35DC1B502C748AC531048D,1355,src/ui/view/UiBT/UiBTGM99offTipsHelp.lua.gz,31847def1e4057c4191ba3391962482c
E0CBE8E4AE5C9C95BCC431854E6B7118,1399,src/ui/view/UiBT/UiBTGM99offTipsHelpItem.lua.gz,cd2e7f30612001690684740dc712b703
C7B1DC5C8DAD271FE946BC6F31FEA60E,2255,src/ui/view/UiBT/UiBTGMBenefitsMain.lua.gz,da35fcdc70096fbb3891dafdee224bf3
73819DB02DE860BD6A100C32021CB841,243,src/ui/view/UiBT/UiBTGMBestTopup.lua.gz,c156962cbaec87271992c9e613afd1a3
16CCE89D9F94FDBFB7954CB42D76E3BA,251,src/ui/view/UiBT/UiBTGMBetterTopup.lua.gz,3da2faa4e28235c1d2907e41cfb6f9a7
57F2853842979B56F8F74E2FAFB49A4A,4031,src/ui/view/UiBT/UiBTGMBuyPoints.lua.gz,3a2c1b24bb0275ea0fb1db0ba1b09941
CED46857CCF6AA1AA69242AC05C91CBE,1343,src/ui/view/UiBT/UiBTGMCommon.lua.gz,9c923c9c3ff054cbbb95547080fef4dd
ADB9A64C5277AF56CF3B8CC6C4FF7827,563,src/ui/view/UiBT/UiBTGMCommonItem.lua.gz,2914d1f8e2eb627cae3b40b16b2f75f9
6B1A1BD2FCEAE90D9F0E5817540178EB,695,src/ui/view/UiBT/UiBTGMFirstTimeRecharge.lua.gz,75a849833f2f6789cfcb52c503e2f859
9D00C20386EA60D6D11B42B81D75699B,1739,src/ui/view/UiBT/UiBTGMFirstTimeRechargeItem.lua.gz,b28395ccad13832c323a5254715708cc
C2885906893FFAB6D22CF6ABB01ED5E3,339,src/ui/view/UiBT/UiBTGMFree.lua.gz,d281bdb2e5d441dcd974ce24fd84a3d0
88A4E225079E1BE6D25F925FFCF0183C,3887,src/ui/view/UiBT/UiBTGMFreeGiftMain.lua.gz,f6e9c67acc1be04eae7950d193845e4a
EB2988797833E6BC067693A84744A17C,551,src/ui/view/UiBT/UiBTGMFreeItem.lua.gz,b53acdb00f596917632bbad92b143133
047F5A686FCA220A801E7552EFF626D4,835,src/ui/view/UiBT/UiBTGMFund.lua.gz,4e083544d8de537719da0d8c0577d3d4
4247D55D9351FCE17684710A4ACAD2AC,4343,src/ui/view/UiBT/UiBTGMFundItem.lua.gz,fdd5ace0c80dd8c4c21814b759476151
B50EE982BE17E201672780EA3088C5A3,2183,src/ui/view/UiBT/UiBTGMGetUltra.lua.gz,03ebccbb0abc6bb9c145431666f6a77b
8413563AFA95719AC2EC328BFCF204A0,247,src/ui/view/UiBT/UiBTGMGoodTopup.lua.gz,e79044df1e2db1e343e7cd471d64da65
6B422AEFE19A225747E1620A1FEAF289,427,src/ui/view/UiBT/UiBTGMHacking.lua.gz,814733b0ddfcc34c54772267d68afb1e
4153E36C137CB87B50AA0553CC0CC3B0,3559,src/ui/view/UiBT/UiBTGMMain.lua.gz,7c4137596271c2ba12fc4b2ee197b57b
75F0CAC7244065CB1D2EEF85E2ECEDB3,3727,src/ui/view/UiBT/UiBTGMMainButtonItem.lua.gz,caf79d86925b116f19898f123d468583
F2A80493578FA0E6F89DAB82974CA95E,5303,src/ui/view/UiBT/UiBTGMNormalTopup.lua.gz,657a7e2f90a6966d989ac4eb510e2bf0
F4144D7DABD8F628A629878C00A9CD06,3407,src/ui/view/UiBT/UiBTGMPrivilegeStore.lua.gz,28f87d8e9f1465e5a637c68804967534
2DBB496CDAC40B2DCDE3E12AC8F4242C,5523,src/ui/view/UiBT/UiBTGMPrivilegeStoreItem.lua.gz,03654aa9fc85f473b214d79a6077ca7b
01CFB9DD56E95D9834A05897E2CCAEC9,359,src/ui/view/UiBT/UiBTGMRealRecharge.lua.gz,c95f8cd0161132d1f864244cf772787e
4003C13E5D8BA5E8FE5E91D7F6FB8C5E,743,src/ui/view/UiBT/UiBTGMRealRechargeItem.lua.gz,c5384842ae84b0c49c6dd472db8adf43
22244DED4E128F657F8B18914CC9F00A,3439,src/ui/view/UiBT/UiBTGMRealTopupPage.lua.gz,c317b3d5a8157f53cdad9789dffa7732
23504085CE3B82F31E65D20A0F1490FE,1959,src/ui/view/UiBT/UiBTGMRealTopupPageItem.lua.gz,1e424bc8433ef7e720f3f974c2d4018d
1847201CC7B1DBAD9B726618E3FCCF96,1999,src/ui/view/UiBT/UiBTGMRealTopupPageItemItem.lua.gz,e85078c873d6ca928dac847ad00755fe
BCF65944BF29BB6C190DC64E1BE7E142,463,src/ui/view/UiBT/UiBTGMSuperValuePrivileges.lua.gz,7e98777488e7e21b3154b0dc2064372a
FF7BB57E7D684A6E6825EB20467777B0,5151,src/ui/view/UiBT/UiBTGMSuperValuePrivilegesItem.lua.gz,7fa6aacc161175cef9a7551b6dfebcb6
ED1E40FC5FAB3F9AE5A056D2EF07CD96,2267,src/ui/view/UiBT/UiBTGMTopupMain.lua.gz,ee648a7dff7a86b5c4fc45285b73c688
5468B0A1E47F9AF206ECDB0EA372E5AA,783,src/ui/view/UiBT/UiBTGMTopupPage.lua.gz,31190f16d2dd46a12494281b0c2c9a2a
DE07D60DB67240B84A291F7DD1C557A4,1103,src/ui/view/UiBT/UiBTGMTopupPageItem.lua.gz,ea5cbce51aa19e25d989ac73a511378a
EAE753C0E9F04FE0C6F2F3AE1E4D0F8F,339,src/ui/view/UiBT/UiBTGMTopupTip.lua.gz,2cd8ce7288dbeebbc561db6d216504f2
BD2ACA28ABF98AF279653F71A4E99D45,371,src/ui/view/UiBT/UiBTGMUnlimitedLottery.lua.gz,e612c472204851fdacf1aee07c1faafa
10AD262AD20BE04BEFABB2B1ED261C83,871,src/ui/view/UiBT/UiBTGMUnlimitedLotteryItem.lua.gz,ecc151251ab124f3a04114dd5a54ef07
64EA454E6CF6E229FFFFED2811B87E1E,383,src/ui/view/UiBT/UiBTGMUnlimitedResources.lua.gz,503cc0c906c3c83788327e91b5e6e955
D682855487E1BC0040332A9E3714B5A0,3835,src/ui/view/UiBT/UiBTGMUnlimitedResourcesItem.lua.gz,b5cbd947e927459d80f53137a5518c1e
1C064328655A420D27E1256F5F8C4B0B,4347,src/ui/view/UiBT/UiBTGMUnlimitedResourcesPage.lua.gz,751c1629fe91b06eede2793af5e71f4b
D33E3A1DAAB06031054EE5ECFF040C5C,1927,src/ui/view/UiBT/UiBTGMVideo.lua.gz,4ff0a79229e81a0095b2e2c1f5c88a86
6C34ABE5C6B695486963F49D2A361134,2783,src/ui/view/UiBT/UiBTGodChoosePrivilege.lua.gz,ff41197b1fc47fcbf9147ccc0a90558b
4AD71C063DC54AAC24C943E43FDA1765,1611,src/ui/view/UiBT/_init.lua.gz,945caa99bb254991adaf63e8e924c896
AB6425A7CC55877EAF96CB1649345BB6,7687,src/ui/view/UiChangeProfession/UiChangeProfessionMainNew.lua.gz,44573e7c3a5b9dedbbd8bcc4cb89e525
BB47AEEF4503864489B848BD7F56A8B4,8139,src/ui/view/UiChangeProfession/UiChangeProfessionSkill.lua.gz,00aa1d835a0e32fd7167adc01dcb080a
B7436A543955CF5375DCCA1A9FCFE859,4643,src/ui/view/UiChangeProfession/UiChangeProfessionSkillInfo.lua.gz,5f7fed4fce91296ab8115eacb391de85
CF191C5B014C6A8CE8C495CB912AD907,3595,src/ui/view/UiChangeProfession/UiChangeProfessionSuccess.lua.gz,b9988b2ed57d211b3d6f91d044423385
4B32C196AF362D661CDE210428C77857,2707,src/ui/view/UiChangeProfession/UiChangeProfessionSuccessSkillList.lua.gz,3733bdee3452af13b128f8a6549e7af0
F308D663FBE563C16649612189CA7C12,1655,src/ui/view/UiChangeProfession/UiChangeProfessionSuccessSkillListItem.lua.gz,9eea171f79ecdccb7ea03782b4d40b68
8B62330EA0B7693388961DF44CB5103B,1295,src/ui/view/UiChangeProfession/UiChangeProfessionTips.lua.gz,28621f809fda8bd0ccb649f4b1d8db50
E92A62A70F677DD0F58639C5A1146C2F,423,src/ui/view/UiChangeProfession/_init.lua.gz,9910063b6fc0da53f4c2c4648537aa56
C717EEAF4FD8C567A229CC1A2140A480,2143,src/ui/view/UiChargeActivity/UiArtifactCollectItem.lua.gz,31d0b1f7bb211619b5c8b606abe481fe
A7FCBA862AF40FF0A9B56D5C048C4FF5,1459,src/ui/view/UiChargeActivity/UiArtifactCollectItemSingle.lua.gz,8577a8fb2909e6fe51738de60d766c73
42BC463D4BA09E023C320799CE8F2477,3211,src/ui/view/UiChargeActivity/UiArtifactCollectMain.lua.gz,b0d3ebab862d31e8feeef7ecf9bf0750
81A7A11DA92F6A7A2D5AB30256F25E14,5123,src/ui/view/UiChargeActivity/UiChargeActivityButtonItem.lua.gz,12bd2f38aed45b2683f1cc0b9e261f1b
39A995785BCCFF309F81CCE1F31B6D9A,2487,src/ui/view/UiChargeActivity/UiChargeActivityButtonItemSub.lua.gz,29adf24a5c0309b7a480c478ce54228e
4F15AA9BD32371E92AA946B4CD94EBA4,5431,src/ui/view/UiChargeActivity/UiChargeActivityMain.lua.gz,22b411bdc8b07307f73ab87ea6194729
E4FC29D6884D735A5E1B8C1428C3DAE2,1719,src/ui/view/UiChargeActivity/UiChargeAwardItem.lua.gz,798c38c7350315f2a9ae950cffd69b42
67843194275B7E0C06959301A0FA7E68,3355,src/ui/view/UiChargeActivity/UiChargeGrowUpGift.lua.gz,563970bb1a4a3e51de0d773e2988f947
90F4700AF706796C183BDFC53A4F41D2,887,src/ui/view/UiChargeActivity/UiChargeGrowUpGift2.lua.gz,2644d1c32a93b07130c17df62f764f50
A71B1FB915CDDDF42D34993B184C3868,2655,src/ui/view/UiChargeActivity/UiChargeGrowUpGiftAwardItem.lua.gz,2503129d45d7e5eeef8730428ca7f232
8A15CAAC96B676B4D907464C98B27F97,5115,src/ui/view/UiChargeActivity/UiChargeGrowUpGiftItem.lua.gz,6840af373211b35bd41a250ed6b2bc1d
00009107C72F3CF4EBAEC184242C4704,8719,src/ui/view/UiChargeActivity/UiContinueCharge.lua.gz,2489881e88f4149c4d0d872b9c44b728
20DFD30A5671CC52BF28818E6DF10AE6,859,src/ui/view/UiChargeActivity/UiContinueChargeTips.lua.gz,d8b07c015f490d6c0ebfd214277e8571
FCCA7CFBBB76A0475F6DC3162D37E173,2587,src/ui/view/UiChargeActivity/UiContinueChargeTipsItem.lua.gz,4f91d366b46e9e7f59352ddb39e5f8d1
CD13BC647EBFD0C33AF2C6F2D64F2A8C,1679,src/ui/view/UiChargeActivity/UiCumulativeConsumeItem.lua.gz,dabfd7ba03553ebe0201d8cbdcfb1eeb
F0D8045A1BDD8A48F0F7880B95C2BDF3,1599,src/ui/view/UiChargeActivity/UiCumulativeConsumeItemSingle.lua.gz,f102aa9a47495586de44bb7048f96304
C23D684CD6DD0A05A2B2DDD85E8F5F0C,2363,src/ui/view/UiChargeActivity/UiCumulativeConsumeMain.lua.gz,89e23e3aaaa528eb4529e0d39d30ceed
644B40DE0BFF8F094F862D266937AEC5,3135,src/ui/view/UiChargeActivity/UiCumulativeConsumePage.lua.gz,118fa02afc88ae629e46f1df693c98b7
1AD5D15F82C5DC5D8C5247248C3B47A8,695,src/ui/view/UiChargeActivity/UiCumulativeConsumeTab.lua.gz,599ef157c12d0679030b27fa09e0d3f0
664580D8744F95DF0F5C97A87982DA58,4643,src/ui/view/UiChargeActivity/UiDoubleMonthCardMain.lua.gz,0a256710c2d11640ad8a092da1bc8434
FCA80039EF7F6E6B338EB9BFDB1C0C83,2887,src/ui/view/UiChargeActivity/UiFastChallengeMain.lua.gz,bbb19f2db41e68129eed577e57019c8e
16C36C5121C967AA1F7195303A30731A,5339,src/ui/view/UiChargeActivity/UiFastChallengeTaskItem.lua.gz,05ff02c2f6f6baf1615e5354f871044b
66EB7221FB21A5DC505DAACF4979D91A,9599,src/ui/view/UiChargeActivity/UiOpenRankRewardMain.lua.gz,0051bfe18d5015f698da1e0366eeee9d
7B8B2B0421C22D879D2D1572FE5FC957,5863,src/ui/view/UiChargeActivity/UiOpenRankRewardMainItem.lua.gz,4e9adf10c31edd73a1926b230dc3c3c9
939EF091AA7E4A81FAE1FE4A0D0B9DE0,1907,src/ui/view/UiChargeActivity/UiOpenRankRewardMainItemSingle.lua.gz,63370b951d96bf5ed5bd8e0ea9aca4ed
9017B70BC53658327967FC895B2A781F,1559,src/ui/view/UiChargeActivity/UiSevenDaysAwardItem.lua.gz,536249344c8f69b00ec6de7f878e5bdb
9055CEE5209AC8CCC53BF7AB1B2F8F40,4359,src/ui/view/UiChargeActivity/UiSevenDaysAwardList.lua.gz,e72e375ca5728dda42875f6d0dd521d8
59905D4C6FB982209532C56E787C765E,6047,src/ui/view/UiChargeActivity/UiSevenDaysAwardMain.lua.gz,e2d050b02ba26cf3cbec06d920eb5ef3
E8E09EAE46C3FF627B8B2F5412A0C668,3199,src/ui/view/UiChargeActivity/UiSevenDaysButtonItem.lua.gz,4afc0eb46bc6bfbaf9d1a4570987f1f7
9293669C2466F79AE624236BC7E81CF7,3939,src/ui/view/UiChargeActivity/UiSevenDaysScoreBoxItem.lua.gz,1a1512d090b7f8f3c8c8549c8ef20fd2
381D4529E10A12FB689D470158DE3849,1499,src/ui/view/UiChargeActivity/UiSevenDaysScoreBoxPreview.lua.gz,a9ad0ef31b72bc334550e5790b8393eb
D1075C923278B631646D23EE86A2A342,2127,src/ui/view/UiChargeActivity/UiSevenDaysScoreBoxPreviewItem.lua.gz,0dbe176df43d7fa889a6e1df2bf5c71e
B25D2C7F3B1CACE21C12E204CCF931BD,1775,src/ui/view/UiChargeActivity/UiSingleChargeItem.lua.gz,9b8a93057aa14baa0c9df4bff1fb7a90
4D12ABC7A02F83F03DBF5FBC71005508,9131,src/ui/view/UiChargeActivity/UiSingleChargeMain.lua.gz,5465bf626f136b18e30e49ce39860bb6
E4CBC391822D772CBBBDC74CE4FC7615,2055,src/ui/view/UiChargeActivity/UiSingleChargeMainItem.lua.gz,7985ce6e907488dfc0770adf37658d05
9C070FA82ABD5408AC5F32EB19FA365E,2459,src/ui/view/UiChargeActivity/UiSpecialGiftMain.lua.gz,68e3c06c0163e3cb9a0f0f05ede0d774
434D156C0AA173A4CEC7FF1118FE3B54,4767,src/ui/view/UiChargeActivity/UiSpecialGiftMainGrid.lua.gz,b8431a5888a55df4eb38361b5f6c3c92
5A17E11539316BD734A23DB427AAE156,5599,src/ui/view/UiChargeActivity/UiSpecialGiftMainItem.lua.gz,4c3730c7fc04bbe23e0193e104a67306
4DD77756A4E3E98FDD8D6DEDB950334C,5263,src/ui/view/UiChargeActivity/UiSpecialGiftSelect.lua.gz,37bc2e856227f7d6d752c87af35895f5
8B0FABB1621F7B5CD7B34F9C7219C565,1583,src/ui/view/UiChargeActivity/UiSpecialGiftSelectItem.lua.gz,e595c41cd87ab516a28c33810831a3f8
3B82FB487F6861338042E6851E1E2E4E,1931,src/ui/view/UiChargeActivity/UiTestRebate.lua.gz,57915b75cc21d9f7c037eb2897c18322
5E4AA1955AF6BBB256BF4663C1E78E48,559,src/ui/view/UiChargeActivity/UiTestRebateAgreement.lua.gz,ee088d87887aa703fdf263760854a585
2FCA8BF391B3E17244B5722319C41601,1051,src/ui/view/UiChargeActivity/UiTestRebateItem.lua.gz,0e06e1d6ea5a95aad1d9661c7b1c820c
A98376FEA93BA26BCDCAFE6843787141,2627,src/ui/view/UiChargeActivity/UiTotalChargeCommon.lua.gz,dec0bea9a9943eeac8d6248b21034999
F163456E754D9259BA604D71F71759EA,1931,src/ui/view/UiChargeActivity/UiTotalChargeCommonItem.lua.gz,0cf3588803bf16346a2c2c42e8424ce7
E61E0A5183BF554C911078157EDF35E6,3307,src/ui/view/UiChargeActivity/UiTotalChargeItem.lua.gz,b1ed4340d3ba18f318ad9596186c3041
32F8CBA8AB5B0E1E7A2CF31001F4C4BF,1763,src/ui/view/UiChargeActivity/UiTotalChargeItemNew.lua.gz,d86e7f69c7c6f750a02a6976c8ce0b4e
4864D1F9035E9111A42B8B15B6F8D013,4883,src/ui/view/UiChargeActivity/UiTotalChargeMain.lua.gz,99abf8831eced90b16bae3493ed42621
364FFC851163B84A40A980E8E3402D86,1383,src/ui/view/UiChargeActivity/UiUpgradeWelfareTaskAwardItem.lua.gz,507c464d0b1cdf471136a5c1d92ec2fe
6823E1247A7F0E6FECE3D7795792E0CB,1895,src/ui/view/UiChargeActivity/UiUpgradeWelfareTaskItem.lua.gz,f03faca53550ced739288cf663ca2ed9
EDB0DCD8C3EBB608842FE687B32C5CD3,1727,src/ui/view/UiChargeActivity/UiUpgradeWelfareTaskMain.lua.gz,506a5d212bc58cafae4d0926bfa3a1a1
BFE0DC34E1E9214BC6B18F20B050F702,1991,src/ui/view/UiChargeActivity/_init.lua.gz,76e2251c88e0b7a6a7b4ad654f752c5e
2BFC004A829BCB465BDF95E01D5AEC30,931,src/ui/view/UiChat/UiChatEmojiItem.lua.gz,489095907c2899bb61633ad838a94dfc
6529CB018237584D4A0E96C1BB29856F,815,src/ui/view/UiChat/UiChatEmojiMain.lua.gz,6071fab809b7e58643f441831181dab4
41FF0C6A685769A072E58BD6B0551ADA,25328,src/ui/view/UiChat/UiChatItem.lua.gz,c719e3913d124b9c66077019d91a52dd
082CCABF19C0FED080FA86EDE154A3C3,2983,src/ui/view/UiChat/UiChatPrivateListItem.lua.gz,f62d3a64e972feadf243613e42f689ba
20F7597E9732CFAA1C47723C9ACB1FF0,28640,src/ui/view/UiChat/UiChatWorldMain.lua.gz,ea9fc99d7f8e0b5338ce98ad973d135e
3FC8C77331575F910A618B139A5491FF,263,src/ui/view/UiChat/_init.lua.gz,bbd28148d909825b31845e94774dbb7f
FE929369D8F97974CFAAA37FE48C1300,2231,src/ui/view/UiCollegeTask/UiCollegeTaskAwardItem.lua.gz,87a2037de68420cfb354970ca9b2978d
EE92D380E6CCED08A6E8531FF1B702EC,5911,src/ui/view/UiCollegeTask/UiCollegeTaskMain.lua.gz,6db841266e06226bd65346fed14721b9
9BBDC5A438FC18E11C39FB0F5FF1B80A,187,src/ui/view/UiCollegeTask/_init.lua.gz,346247c3109d4efcba4f4cf32c0cee3c
F0A004D753CCD70E24FEFE35271CF9C6,327,src/ui/view/UiCommon/UiCommonAnnouncement.lua.gz,b2f6e460089857d4fde48ce9655f5117
2AB945473CBFDE13DFB32D640954F2B3,755,src/ui/view/UiCommon/UiCommonAutoReconnectTips.lua.gz,54a97b6da1225ebb81e09074b6697c06
C148DD5BA92F78F30988605AA2D82594,8943,src/ui/view/UiCommon/UiCommonBubble.lua.gz,720feb9a55016f5565f0505c6fc5dda5
365444C8CFD08F01EA398CE45C6E1AB3,6627,src/ui/view/UiCommon/UiCommonBuyPowerTips.lua.gz,f9bd1b615364e6703aaf07cfff5ba378
6B5327952329484330429DBC1A185263,5679,src/ui/view/UiCommon/UiCommonBuySystemTimes.lua.gz,0e89e88c1082355583ad83dbdb844f8d
2638EDF9DB83BF27D73009FCD647BD9B,1367,src/ui/view/UiCommon/UiCommonBuySystemTimes1.lua.gz,0f0984f74138acdfe98bdb714fda8e2b
47691CF8CB11D409D76CDD6ACA3F5A94,299,src/ui/view/UiCommon/UiCommonBuySystemTimes2.lua.gz,da2f3b3d022530e501ef46914df003e1
4F888A763AD6D5E38AB7CFF78543CABF,2087,src/ui/view/UiCommon/UiCommonChoosePlayer.lua.gz,bebabcb915196a57f639f0caf5be979a
3F06AB12D86C57CDC685779FB1B2758A,3207,src/ui/view/UiCommon/UiCommonCityGoodsLitleTipsNew.lua.gz,8660a7d3ce4898a4ecd3142880b0b188
3D4DD9F3320C5908C87BD03189B47A0C,3411,src/ui/view/UiCommon/UiCommonCityGoodsTipsShowNew.lua.gz,5fb7cda0fe67ed102814ea6bc83c3f72
0D19A1BA2EFBF165A4167DC1FE4A96C5,1471,src/ui/view/UiCommon/UiCommonDailyActBuyTimes.lua.gz,8c3bee5580fba6b891d15e7ea675b660
E63F56043F249F7D41EDA6DECF4EA125,5207,src/ui/view/UiCommon/UiCommonDialog.lua.gz,066663647e1a373f100fd372e272cf37
88B8E67B5661306CDA0F76C83D541695,2811,src/ui/view/UiCommon/UiCommonDialogSub1.lua.gz,3dbec2648b4d425ec1cdc3947d101302
9E9DA0E63AB9C28129898D4A6BCA5140,155,src/ui/view/UiCommon/UiCommonDialogSub2.lua.gz,2d62ba3097f4a7fb0af9759fa0043ae3
F81AD9ED1EBB1E183C8BE7172804D55B,111,src/ui/view/UiCommon/UiCommonDialogSubItem.lua.gz,ddd263ee3341642d1e4cd1ab3509fab9
87315A645D3B878E541C464C050F3CA1,1183,src/ui/view/UiCommon/UiCommonEffectOverview.lua.gz,38f63d1c08251e9d85a446bdcc0bac2f
CD2C1125190E078C0CADCBF6B33A3C49,1303,src/ui/view/UiCommon/UiCommonExitTips.lua.gz,a4137c24cc40ec3843833abdeb7719fc
EDB64A640DD03E62CDE1E3CA40B5F606,1003,src/ui/view/UiCommon/UiCommonFairTips.lua.gz,826ec3c306a8f614d88991449154a0e4
D1AE46BACC5A785D1CEA1B6044F2987D,9459,src/ui/view/UiCommon/UiCommonFightRecommend.lua.gz,028b398f39f9cebcfc41d07aa38e0a71
709D9CB783EB970954AC06C346768013,7427,src/ui/view/UiCommon/UiCommonFunctionNew1.lua.gz,5a98cc87e4c42eefa5ba8b1562ac1c4a
EEC8783EFC94660F55A9D4624A01463E,1179,src/ui/view/UiCommon/UiCommonGiveVigorReplace.lua.gz,4763e98c612fbdc7faec01d91285c74e
57E51CDA5C2FAFF2E833E632381147DF,1503,src/ui/view/UiCommon/UiCommonGiveVigorTips.lua.gz,153bbdc5e87fb4c19c8d7c09c7a844f2
2C39BFC7BD3C8E5A8E8FA1CA01C1BF6A,3043,src/ui/view/UiCommon/UiCommonGoodsLitleTipsNew.lua.gz,67e1447d467db57f3e37c58e6dcf5cf4
7EED6539CEED8571664FA0346DDECAA3,1503,src/ui/view/UiCommon/UiCommonGoodsTipsShowNew.lua.gz,c9d97cd44dec7f2238119c841cdd2f00
DB04AB6E06F4657EFEA81843694C4483,2375,src/ui/view/UiCommon/UiCommonHead.lua.gz,568bd23c5ed3313937043050d39fde2b
2C4A974D2A14247EE392BECCC96B8E35,795,src/ui/view/UiCommon/UiCommonHelpMain.lua.gz,64e75cbb50ee29e242d0f9abf5f8458d
7C3D624DC3EF235ECB83688C44D6F7C6,799,src/ui/view/UiCommon/UiCommonHelpMainItem.lua.gz,b6a443e83437544ffb347ee26a1ebd7b
6695FB52E8120ED13EB6460BD57CE6E9,2271,src/ui/view/UiCommon/UiCommonMainCopyDialog.lua.gz,cc5864dded0b1fed736795596f173b4d
3616BDF0DA604843E0F227A7D0557511,2711,src/ui/view/UiCommon/UiCommonNavigateMenuItem.lua.gz,68b80c12d9b7381cf4f5cfabe4b3df2d
35993836E962D0FA51CB0EF5029D8669,515,src/ui/view/UiCommon/UiCommonNoPitch.lua.gz,4dcf21b412b635e98284e5e809430b0f
4F3B84F4C6382C8A5FCCC9926857C225,1843,src/ui/view/UiCommon/UiCommonNumber.lua.gz,6d52ad37eb9b48c2fb083496ac6fac39
907945B4ECF248077D93C8E5B372F505,663,src/ui/view/UiCommon/UiCommonOutlineTips.lua.gz,0b95fce9dda55075aa3f3763c207c635
0A75E4BB86958E01D693CDA36F29A9F9,1579,src/ui/view/UiCommon/UiCommonPacksackListNew1.lua.gz,73998a2972c0eb179ea72c2286931085
62D9EEB8EF101FF5AD9E569EE883F773,979,src/ui/view/UiCommon/UiCommonPassword.lua.gz,ac163e2d9544b115bdde70d092b93bb1
C9412EEFE5FD457AE0C4074C66EFCF72,1823,src/ui/view/UiCommon/UiCommonPlayer.lua.gz,a45e8c9f7497f9b3a946d7ec63996af3
8A62ABD7CB22B01625BEC74CDF76A080,2631,src/ui/view/UiCommon/UiCommonPower.lua.gz,11ed26af99cbdd6644823bb273ceddff
C5F2120A8E6D551BF8267F277EF27681,339,src/ui/view/UiCommon/UiCommonPowerRule.lua.gz,9c398bc4ebf597affd6a81201fce00cf
D04C7AA42FACE5BCA6D47BA595BD762B,11883,src/ui/view/UiCommon/UiCommonQuickItem.lua.gz,82b5ab2c6c21f148973a62ed74f6d024
C0221C380521020B8D7AAFA262E8DCD6,1927,src/ui/view/UiCommon/UiCommonQuickMain.lua.gz,87c583b948b5f08ff2b3d4045638b1bb
DFA79B26CE1248BD56511E42FDFC8F33,3743,src/ui/view/UiCommon/UiCommonReconnectionTips.lua.gz,77f4d9484a927838863d80ef0dec1a2c
C7B5F0DB774557918DF605ABB9627E2D,1287,src/ui/view/UiCommon/UiCommonRedeemCodeTips.lua.gz,97ead5fe682ecb48be6e094a000aed3a
DC54E166C37C27D7B5186742E374B0AC,2443,src/ui/view/UiCommon/UiCommonReLoginTips.lua.gz,a9c74432e75aece00dc8670715b55d77
A4892E116F0229149F57E46C9E533A75,9167,src/ui/view/UiCommon/UiCommonResBar.lua.gz,7bf541871e478a0ff615cdb4ce0e80a3
37E559F01F03CC15391DF2446DEFC043,1823,src/ui/view/UiCommon/UiCommonResBarItem.lua.gz,373df8b7e2cada2804551c73229deeb7
8704B87D61E1B07FFEDC1D6440FD9781,6335,src/ui/view/UiCommon/UiCommonRewardItem.lua.gz,7357b50a9f0d89c9d3af2f6e4ef85b02
26E28F3890AC8921763A7E61FFCBFCA9,1955,src/ui/view/UiCommon/UiCommonScrollviewList.lua.gz,ad76e29eb51c46a1f3a41d726263b735
F2B68A033C274AFE972F4187652BA258,1659,src/ui/view/UiCommon/UiCommonScrollviewListItem.lua.gz,a91defa7f89d62f283188210efed22b8
A0E1A3CF35D26BBB80A979DD1B704437,839,src/ui/view/UiCommon/UiCommonShadow.lua.gz,f492f36bfaecf8636433e7fe88a99031
7B440F6A1F012ACD3655DF59AF2CB5DB,4843,src/ui/view/UiCommon/UiCommonSubtractSwitch.lua.gz,a9db85b3a6b36147dd370b1654a2bf26
ED7665B4DD1510179120538885F0E99F,3087,src/ui/view/UiCommon/UiCommonSystemGift.lua.gz,a17756b20af5d82e92f9717d4cc22100
18282213A1505C673CF5973E051319EF,3571,src/ui/view/UiCommon/UiCommonSystemGiftBuy.lua.gz,6d12b722218787021951c94d3bee57a6
225A0F9CC11F196CF717A4981A413D12,1647,src/ui/view/UiCommon/UiCommonTips.lua.gz,01fbcb9b3110ed15cf27971ca69a393f
DE2ED89F66F2648C4FE1F1CC87A922C4,2407,src/ui/view/UiCommon/UiCommonTips2.lua.gz,796ec6abde82ee0c101ff72d6e4c3fec
139A99F56B516234E29777AABC0B2AAF,1103,src/ui/view/UiCommon/UiCommonTips3.lua.gz,66bbdfcbf9eb0dff8bc03042f3da2161
2AA0061EF6CB9118367B078AAF9F8AF6,1175,src/ui/view/UiCommon/UiCommonTips4.lua.gz,e707cfba18b2cc5377562678c0cdba35
28D632B19F661C21AADACCE27D804A1C,1051,src/ui/view/UiCommon/UiCommonTips5.lua.gz,d3308fc5988adb374bbf171ab90bd485
53C7AFED5A5D1A0988E29096FE38B429,1195,src/ui/view/UiCommon/UiCommonTipsHelp.lua.gz,8614d350e19e9ed2c79e11cf3d01ba40
9EE37234428C4A8545139895F2281048,1203,src/ui/view/UiCommon/UiCommonTipsHelpItem.lua.gz,6f182fb922c181f565acab8aff24459e
8995870CB1018BE6A604AD7DF8C7E436,831,src/ui/view/UiCommon/UiCommonVipIcon.lua.gz,cf01a96ecbbc66258a688834698b928c
BC14BA071222493947ECC024671E9F98,1435,src/ui/view/UiCommon/UiCommonVipIconMainCity.lua.gz,c07523ad9686907da88556c77149dfb8
0180797500396354AD48975EF3CF426B,1579,src/ui/view/UiCommon/UiCommonXViewBaseItem.lua.gz,a14dfa65548ac0ffeeaf06470e460604
E85B3EF12FB52D8667799E7A187C7651,1439,src/ui/view/UiCommon/UiCommonXViewItem.lua.gz,5e6dc5865b4762ce08025ae349d6df00
6259DE4F826098818CADA13077B2480A,3995,src/ui/view/UiCommon/UiCurrencyItemEx.lua.gz,97d3e0d51cbfa80f5304b9a2f3d7e669
841C83C571C2149408EB1B13F69815D6,2735,src/ui/view/UiCommon/UiMainManuCommon.lua.gz,5f8db9d45bf88d4e2436bb92e301b2da
F6C6230A3200FAC68F25E17B12F405DC,3531,src/ui/view/UiCommon/UiMainMenuItemCommon.lua.gz,42050224da1081074f4adc8b1fb3365e
FC896C576F28C46BE5457A8D5C06D06E,13831,src/ui/view/UiCommon/UiPlayerModel.lua.gz,b2f093234b8be6c033d3b6f67dbf88e0
175BFE293D98BFF860AE6219BD3DC4DA,495,src/ui/view/UiCommon/UiSwallowTouch.lua.gz,7b63d2cd7cf0a5b440d949de9b02de63
159E58E6D3A30BA6CF3AE096949850E7,443,src/ui/view/UiCommon/UiTeamTipDialog.lua.gz,1722372388d7b6d72c9f6388874fce8b
E30DA994D06F092A05B06DA55825F250,2411,src/ui/view/UiCommon/_init.lua.gz,5bcf26a1c88089fc67740c852bc452aa
606EC78A3A0579B0B983B4271D3718C9,1079,src/ui/view/UiConstellation/UiConstellationBuffItem.lua.gz,f3cce8c8f5f303866311ac6d2a4325d5
541DAFCBDD6775E1DC63E769134ED5B7,639,src/ui/view/UiConstellation/UiConstellationBuffTip.lua.gz,ebe09d385fcb95a2eace447da363cda8
80D42CF6DCBC512A773D635B75811602,1319,src/ui/view/UiConstellation/UiConstellationBuffTipItem.lua.gz,d0c20b7bc5e36b47b0b1cea2cbd15805
BF7CA893A3184F8EE70FB6FBEA4AFC0B,883,src/ui/view/UiConstellation/UiConstellationBuffTipItemText.lua.gz,99310297dc1490aa8b1181de066f05de
E8F235FC84A213B1FF91EC97BF6DC643,2587,src/ui/view/UiConstellation/UiConstellationGiftItem.lua.gz,64ea15f52b9445a57dddf6db954f0776
BD43AC1FE285090730D8F04E884A7E0D,12443,src/ui/view/UiConstellation/UiConstellationMain.lua.gz,f7f412c50871a886e746507d09d12fab
711D5C0B239B560F44BAC28F1C721882,2299,src/ui/view/UiConstellation/UiConstellationMainRewardIltem.lua.gz,ea3234ad15b0d56a6f5d8d4a16946685
0E0C8776DC9ACEA3AD29BA427BA6BE3B,1335,src/ui/view/UiConstellation/UiConstellationMap.lua.gz,0664d1b28d39c845de34f05f9ed73d14
6D46C1FDA7E8A3A8F675568370963480,1639,src/ui/view/UiConstellation/UiConstellationMapItem.lua.gz,8805469b781274f73f0febabdfb9450f
63AA2242E1CD640248B32AEA803B1B1F,503,src/ui/view/UiConstellation/UiConstellationResetTip.lua.gz,c988c29238b618abc0785745bc50bf74
F30DD8E62F121A6BE3E3F15150CA6CE0,4331,src/ui/view/UiConstellation/UiConstellationSelectBuff.lua.gz,7b40709a60955734ce2f94f2904b7589
793B537CB43B5D6FB9D6AC3FEFA9BE2D,879,src/ui/view/UiConstellation/UiConstellationSelectBuffText.lua.gz,f42afab9d85e05f06699ab0d221d49ab
2E1B96FDE52DD2CBE67E2CF89B6AEB5F,2079,src/ui/view/UiConstellation/UiConstellationSweepItem.lua.gz,66937885b9d00151a222911028c56ed7
386405BFFA33830A854DAE47C5B2E3CE,6091,src/ui/view/UiConstellation/UiConstellationSweepMain.lua.gz,eeb63eb8eb1ede45b924ebf42a6ca829
7F6CA15049961AC66FE8F5B14C6ED077,871,src/ui/view/UiConstellation/UiConstellationSweepMainText.lua.gz,72169dd55d2feac7efcf59cbd98a08b1
275DC39800381ED210A6F6E8FA5FA0C6,711,src/ui/view/UiConstellation/_init.lua.gz,265aaaadf05f64a491be829861508976
E928A21FB6CB0BB5DE05E674B8F92403,1079,src/ui/view/UiCrest/UiCrestAuthenticateNew1.lua.gz,57880823db1357b1e705305dc8774e61
F57C5A81DACD1ED8F7447369A68D5EA7,9727,src/ui/view/UiCrest/UiCrestMainItemNew1.lua.gz,a2938ff65c258ba3f525457eb6fdf604
D79AFB3FD4E4840433640D8371BEB539,7867,src/ui/view/UiCrest/UiCrestMainNew1.lua.gz,3e9ffe28831ce9747448406a50da22d8
AB1FCF93E76274DF6E1CD7A9BF4A4AA6,4947,src/ui/view/UiCrest/UiCrestPacksackItemNew1.lua.gz,b29b4462a343b1a69cb55f023c59ad39
CC5E6BE62ED256697F81F3245E46D2A0,4435,src/ui/view/UiCrest/UiCrestPacksackNew1.lua.gz,da05e2f08bdada7ec3280acafb2adfb4
95768C64B35E292C1D3CE72C74843236,435,src/ui/view/UiCrest/UiCrestShowItemNew1.lua.gz,694985fab4c9f495460b32ad7ece7a64
6389745D34FCE45273C98DC5630F87CA,607,src/ui/view/UiCrest/UiCrestShowNew1.lua.gz,577d6900a53e55b134602440f5828b08
5ED754C975894D2EFD57FCDE8FA878C0,351,src/ui/view/UiCrest/_init.lua.gz,24cc3535e17b0869b83d0d729798fb7d
4240BBC48893EBDAB3E9B93F939E2B34,2679,src/ui/view/UiDailyActivity/UiDailyActivityAwardItem.lua.gz,e9d9b2f44d2450ca2a7c27f28382e58c
837390295B7E1F6C564AB7318547F848,3863,src/ui/view/UiDailyActivity/UiDailyActivityLeftItem.lua.gz,eeb4761eda30b68edb7793694eba76f2
982269AD5757612D99C675FDCCD0BC88,3035,src/ui/view/UiDailyActivity/UiDailyActivityLimitList.lua.gz,0ce57d644f2e15c840d241104d045c13
538103618DE5CE8FED658C060630E8FB,4587,src/ui/view/UiDailyActivity/UiDailyActivityLimitListItem.lua.gz,1da727af8786924dd78a2e90b1368196
651B357930957C7A8973273C5E3753C3,3431,src/ui/view/UiDailyActivity/UiDailyActivityMain.lua.gz,5182c7c7fa8973682b0c7ffa16779f7d
6AEAE23242D17FB37DD2BDC36A5CD5F7,6623,src/ui/view/UiDailyActivity/UiDailyActivityMainList.lua.gz,cb3f8117de62ce776f437e2bfe1f9a6f
BBD86B6A2C641E3D9C1CAE9BEE545312,13095,src/ui/view/UiDailyActivity/UiDailyActivityNormalItem.lua.gz,268fce98ca026a8cb5f0ac6207d68821
32A267BCC819C3EE57AAA97E8E8820AC,1323,src/ui/view/UiDailyActivity/UiDailyActivityNormalMainAwardItem.lua.gz,e44c2a66a7ecb74ddddff5ed35d5a4d5
FDD0438654CFF22657027A80C72E257A,3415,src/ui/view/UiDailyActivity/UiDailyActivityOffLoadingList.lua.gz,13cc4b13de10c8fbe3510ad42b26c127
9992B8749907A1C1A2BD24B23F201684,2543,src/ui/view/UiDailyActivity/UiDailyActivityPVPLayer.lua.gz,2c6c062aa7fa384983422d5f054a46e6
15EE0FDBA45F1FED33CB0373E329AB78,1495,src/ui/view/UiDailyActivity/UiDailyActivitySpecialList.lua.gz,3008c411de4d797d270ab16945d0fd69
6DBE6940CE72EAF76675E99BCCD530EB,4507,src/ui/view/UiDailyActivity/UiDailyActivitySpecialListItem.lua.gz,5e66f690643f247ace1f1baad2df335c
1A083BCABDE9378CB1C228CBBCCBE6F9,5139,src/ui/view/UiDailyActivity/UiDailyActivitySweepBossRush.lua.gz,a9ccd8ea0c5059738065eb8dd65c6d3f
CFAE47765B05350D2B2FB49CB870DB43,7967,src/ui/view/UiDailyActivity/UiDailyActivitySweepCopy.lua.gz,c47ac46695ab3d90e4df3dd127280b49
6D2CF7B8C7B12E83F0EBD58678460D29,1615,src/ui/view/UiDailyActivity/UiDailyActivitySweepCopyItem.lua.gz,60a17fa6d3e661f58e29cff9a88e71fc
7B2C9AD9E3E16423710526CDE99EEA96,1175,src/ui/view/UiDailyActivity/UiDailyAwardDetail.lua.gz,0194551215dafb4525817c56ac90fed8
57C96F41D7BF76FBF6720B5ADD720119,1499,src/ui/view/UiDailyActivity/UiDailyCopySweepActListItem.lua.gz,5f7bffd6c680b8ba3b4e6dc9730a6a62
3E9697F32F089790302E998441242547,811,src/ui/view/UiDailyActivity/_init.lua.gz,cd9c0c6829caf2375ed77bd3bbca6095
86E5278EA667D64DF46D5061DA80EBEF,3039,src/ui/view/UiDailyLiveness/UiDailyLivenessBoxItem.lua.gz,65fd2420c7a1209d7eea8f801abc8874
FBE41C096A8EB7491E0FC60CC59B8E7F,2215,src/ui/view/UiDailyLiveness/UiDailyLivenessBoxPrizeItem.lua.gz,895ee6d7df422a83356214a10c2afa06
D4B61A8776E65C04AB388EA2D712FB0F,1131,src/ui/view/UiDailyLiveness/UiDailyLivenessBoxPrizeTips.lua.gz,b48d104feadb1b3eac39fe5fc62a6e06
71D6DDA7EDDA18FBB23EB667B51D0A8A,2827,src/ui/view/UiDailyLiveness/UiDailyLivenessDimension.lua.gz,a92f5423d38942a72fd07b8bdde3e805
2AD23952EDDBC423AA5BB847000918CC,1451,src/ui/view/UiDailyLiveness/UiDailyLivenessDimensionItem.lua.gz,9a6c3e5849dc68f3e4659c8ab35f44cb
4435EC4E6E2BA94131BF6DE92E5DDB8E,3927,src/ui/view/UiDailyLiveness/UiDailyLivenessMain.lua.gz,add830852373eff479f90caf9263ea7d
7602ECAA32770C60C96AE59AD305C451,3271,src/ui/view/UiDailyLiveness/UiDailyLivenessMenuItem.lua.gz,420dc00ee5ca8328985c5c3b87fdca6a
3DEA82981C911A1C1898303C29F7FD57,4287,src/ui/view/UiDailyLiveness/UiDailyLivenessNormal.lua.gz,254f8c4f54dc30a06e5750abe4959743
5BA2F19EDBC7CA3584187CA9BCE54815,3943,src/ui/view/UiDailyLiveness/UiDailyLivenessTaskItem.lua.gz,1b6e780bdf1213171cc1cc3697a3295a
13EC8D4788B1D79CA16167635534BFDD,2179,src/ui/view/UiDailyLiveness/UiDailyLivenessTaskPrizeItem.lua.gz,e6416a7fe5c9374fa447ad9c1a9822df
80730510397AECEA5334AC91D4AB38F2,515,src/ui/view/UiDailyLiveness/_init.lua.gz,c7cee9aa92517bb476f18ec06d276072
B4EBD51617D275529395F4542269B6DC,7759,src/ui/view/UiDimensionChallenge/UiDimensionChallengeBossPassDialog.lua.gz,a44536b5dbef3f9111561cf8d2fea69a
3BB57DA5AD7C8016DE7F2412FF487E22,6995,src/ui/view/UiDimensionChallenge/UiDimensionChallengeBossStrategy.lua.gz,09b2fd91b1a1cae9e841d6450d95acb2
63E7F7AB371672AFF1153918F9E0B7CA,3315,src/ui/view/UiDimensionChallenge/UiDimensionChallengeBossStrategyItem.lua.gz,9e191cea375b4b73396680a684c3bef8
8AC340D6CA87F0C7625A4099BC897A44,9807,src/ui/view/UiDimensionChallenge/UiDimensionChallengeMain.lua.gz,d559e14c1e5525df08398696f3415e0d
20648750192E930D8D25A89E85C4C0D0,27264,src/ui/view/UiDimensionChallenge/UiDimensionChallengePageBoss.lua.gz,c077e8932582823cf266ba4ddc02235e
FB28063A91BA88E4CF4B912F6EA80E61,4247,src/ui/view/UiDimensionChallenge/UiDimensionChallengePageIndex.lua.gz,971a1f16468f8e54804b9bff7ed4fe24
629262CB31341831F48425852448BC40,2815,src/ui/view/UiDimensionChallenge/UiDimensionChallengePageStore.lua.gz,2bf8551e856055a58ebc43e3b21cd513
728DD4BF1E12824350A26FCE9D4CA72C,7083,src/ui/view/UiDimensionChallenge/UiDimensionChallengePageStoreItem.lua.gz,05abc221c87f1002e3bb05639182f59d
F909CDCCDC97042A6AF47CD253321FAA,6331,src/ui/view/UiDimensionChallenge/UiDimensionChallengePageTask.lua.gz,077d5ae324ff396691a705e421b2ab91
EEF02E51DAF4390E643F91F97539B6B9,5335,src/ui/view/UiDimensionChallenge/UiDimensionChallengePageTaskItem.lua.gz,d435594b863c1a46834e23c5d487cf77
6430C7AFF43534DB818BBC2DF09495D6,2547,src/ui/view/UiDimensionChallenge/UiDimensionChallengePageTreasury.lua.gz,f8ec44e5504bc417234c1d01219af592
D1E2F8D5DB71B046265E21BF4DBAE07F,7111,src/ui/view/UiDimensionChallenge/UiDimensionChallengePageTreasuryItem.lua.gz,cbdae0bd40b4ba9bcbe4dc2417fe0870
61C028EA039FB0FF4212E17007A25727,683,src/ui/view/UiDimensionChallenge/_init.lua.gz,4492e8183e4655805a8fda622a6647e1
ADAE1A5EF0D6F36D69E3461E75FAD6E4,9147,src/ui/view/UiDimensionDoor/UiDimensionDoorMain.lua.gz,cd669cb3a35868eb96171904a208097a
4EDE1354CB8A0B2B6BEAFCE603F26D71,1679,src/ui/view/UiDimensionDoor/UiDimensionDoorTimes.lua.gz,92e45477ccd7471e5ba5732aff91b696
6A3BB51EB3295F3AB4B66476DEB6BA52,2823,src/ui/view/UiDimensionDoor/UiDimensionDoorTimesItem.lua.gz,3a0bdba7171c1a45043280915a76106a
3DC0DF2B79C8D9C653C07B3B5647B981,4555,src/ui/view/UiDimensionDoor/UiDimensionDoorWin.lua.gz,ea568c4918d7f7918d740956d6ae3824
1BFCE0D7BDBF74CC4D689509910B10D5,1295,src/ui/view/UiDimensionDoor/UiDimensionDropItem.lua.gz,c6870e9f3c4e63a9a750497fc0dfe3bb
A53D3288D1A0F7187489E18EE8306EC9,295,src/ui/view/UiDimensionDoor/_init.lua.gz,ce745e58d1e615a44b8a4915aba516a4
11C879370185BDD0C399E5E949ACCEBF,10243,src/ui/view/UiDimensionGifts/UiDimensionGiftsMain.lua.gz,368da9dc0ad459a004dd84ec28da5ed0
91A8A0745AA6336047C67A02B638D32F,9419,src/ui/view/UiDimensionGifts/UiDimensionGiftsRewardDialog.lua.gz,2655fbbaac973679b463fd5d85d177d4
E92FF55C70DBA2CD61F5F651E77352EF,1767,src/ui/view/UiDimensionGifts/UiDimensionGiftsRewardItem.lua.gz,8bfb792f9004649b0d959c556fa3e6c4
22C818B62D634E67BC35D38414B28080,2759,src/ui/view/UiDimensionGifts/UiDimensionGiftsTaskItem.lua.gz,e1d1b34804bf15bcc8186d94754a6382
54BE2A363ACE65581201685E08CF08DC,279,src/ui/view/UiDimensionGifts/_init.lua.gz,900e5d21b1c3c8190c354923d664fbd7
20C6F03364941C5A9FD05F7BDEA413CF,22420,src/ui/view/UiEnchanting/UiEnchantingMainNew1.lua.gz,4f9db4c10b1dcad1971fd64b01b02101
BED628574A97EF8D16424F590268979A,1351,src/ui/view/UiEnchanting/UiEnchantingStoneAttributeItemNew1.lua.gz,55852f08ba1658a81f3183b5f2fb4d44
468BC7486E65A5785ED618BB02A42244,1051,src/ui/view/UiEnchanting/UiEnchantingStoneAttributeNew1.lua.gz,7cdc585aa5e503c32a8c7f67bc06ea6e
C77EBD27F0BB3C89C7F1C1B547E65195,2523,src/ui/view/UiEnchanting/UiEnchantingStoneItemNew1.lua.gz,7233974289cfc1eae30db330c59e5251
DFCCF6A6D908524F1238C5B11CD268A4,287,src/ui/view/UiEnchanting/_init.lua.gz,c5f52f464a7e214d6b9a0aadec4e3724
4A355B810D401B1A5C82233B29DEBE52,2859,src/ui/view/UiEnemyAttack/UiEnemyAttackBoss.lua.gz,d9d93aae1aef0709aabf220b4436cd4f
FAFCB7CE9512EE68F8150DEE172F6658,1791,src/ui/view/UiEnemyAttack/UiEnemyAttackEnemyHead.lua.gz,9b1b9b3f0e85c8f9fa194d09ab57000e
DE1E642E239C5B9CC68CB7F8FAB48ADD,8435,src/ui/view/UiEnemyAttack/UiEnemyAttackMain.lua.gz,00442157aca3976bcf3d4a0d7bc81aa4
6410B4C35006F216CEFDF196286E0F41,1203,src/ui/view/UiEnemyAttack/UiEnemyAttackRewardListitem.lua.gz,b34656aabee5dafded559e1f5db29b20
F7C896929E2E2635A5581A2DBAF322D3,2299,src/ui/view/UiEnemyAttack/UiFightEnemyAttack.lua.gz,af14e512dd6a5817fd5497db79ad063b
97071E052B811A922F3D35E38D3FC798,2927,src/ui/view/UiEnemyAttack/UiFightReviveEnemyAttack.lua.gz,28f2d0f33eaa426e8b0e0935dd243c0b
221D83086A06388A99093BA6D84AD86B,1187,src/ui/view/UiEnemyAttack/UiFightWinEnemyAttack.lua.gz,7ff76cd5f0860257d106269156123dbd
3342CB656EDB5D49FD7CD175E42D611F,891,src/ui/view/UiEnemyAttack/UiFightWinEnemyAttackItem.lua.gz,37dcf9b1fa82a64e830a6fcc166df796
C13D141641F9E5A08B7C93F1A0C526E4,411,src/ui/view/UiEnemyAttack/_init.lua.gz,dd0a0ebd0e22012559f69d4efd97fbef
3556335E91E9EB18B59333058E888BD4,11615,src/ui/view/UiEquip/UiEquipAttributeReset.lua.gz,50a05c92d98648cc631c449063634fc0
2181F208A2160E5FC5B5E2D7D81E4F74,347,src/ui/view/UiEquip/UiEquipAttributeResetAttributeItem.lua.gz,e6703b3c24ac7292301d7aae068693bd
CA721A103B5DBF9C0588389A42A30E9D,4735,src/ui/view/UiEquip/UiEquipAttributeResetEquipItem.lua.gz,aa0420c7ce79758881475577352f5948
F10D94CC9EEA63547A6D801B405DFAF8,2551,src/ui/view/UiEquip/UiEquipIntensifyAttriItem.lua.gz,feca266c5c3bdf07011db451d92e5ad8
4220111D6DA1CFDD33C69591030344BD,3827,src/ui/view/UiEquip/UiEquipIntensifyBreachLayer.lua.gz,65764251e3c8d229c3639e5d418a0b34
0A38CB143B4C46A9BB78B3E8A8093C94,3571,src/ui/view/UiEquip/UiEquipIntensifyCostItem.lua.gz,a9866decb1d02db3496cdd9139430868
A744ED0D5361D392E71871D449558E0C,4627,src/ui/view/UiEquip/UiEquipIntensifyItem.lua.gz,f2fdc4759b8e6eb1b87a957b0d915826
F2448DA95E80C382D26387E7C13B03FD,11883,src/ui/view/UiEquip/UiEquipIntensifyLayer.lua.gz,7e0c3bea19a075e0f5a0cd6c59297825
95C2E9F6C48BBBC8E39A73AC90A8E9CC,17956,src/ui/view/UiEquip/UiEquipIntensifyNew1.lua.gz,e0bf7eddeeae2e2fc27e045ec6d407ac
5EE196001276E63DB41FD07F15F60C90,6623,src/ui/view/UiEquip/UiEquipIntensifyNew2.lua.gz,3713792fb6f12bddd560fce11a504d3e
B15555DBD0689F8B86DD93C37CF2DDBD,8635,src/ui/view/UiEquip/UiEquipItemNew1.lua.gz,3bb12cd5db38889b34b2fafe6ef308ed
E0260E76E97CF7E48FFD6B3E1243FED9,2427,src/ui/view/UiEquip/UiEquipMainMenuItemNew2.lua.gz,e260096a49dbf9ff3de4d29c9d98de44
0C16B30246B2559686A9758F6746810E,2363,src/ui/view/UiEquip/UiEquipMainNew2.lua.gz,e8ce16a5683023eb5fe13da731476e19
2DCBB3DF4AE497162CED51D85705D38B,4275,src/ui/view/UiEquip/UiEquipPacksackItemNew1.lua.gz,5c999d13aebf873c2e03faac382d6e5e
52ADAC53B3BDE9833B97C3BD85797C56,4859,src/ui/view/UiEquip/UiEquipPacksackNew1.lua.gz,0ca4b57eb2adf3ff1755e1abd0da09e2
2F0FF6CF28A15B6E99F503B30DAE360C,11235,src/ui/view/UiEquip/UiEquipPlayerNew1.lua.gz,153b210a0ef0fe975da65e168782a34c
615699BC4BE174A8BD88B2C267AACD66,4443,src/ui/view/UiEquip/UiEquipQuickChangeMain.lua.gz,77391573e3f6d1f778bb0bd02d113857
7BA8C24CC44D8202DD8E577F4712D99B,9411,src/ui/view/UiEquip/UiEquipRandomAttributeReset.lua.gz,fb2d46037e68586a4668710260f5e72f
078C4E450393E59F4C3677319966BE78,4815,src/ui/view/UiEquip/UiEquipRandomAttributeResetEquipItem.lua.gz,71a3bd350d358d3d02bbcff2f240988d
20300EB2CB7BAC77A4A0B1ED713E8586,3647,src/ui/view/UiEquip/UiEquipRandomAttributeResetItem.lua.gz,2637ef4c42d248a5bd1d7655e3f1ea34
45ABC4259FF7DF487D2F36946AE115C0,951,src/ui/view/UiEquip/UiEquipRandomChooseTips.lua.gz,24759e011c0b306a7565bb7c1ab89009
599E2335803738F2B418A88F42637081,6295,src/ui/view/UiEquip/UiEquipRefine.lua.gz,632abf1ff31a1795393166161c7f68fd
344A90FAB7EE06F29DA81B123D01D1DE,499,src/ui/view/UiEquip/UiEquipRefineCostItem.lua.gz,0b88a79df0ead43c97091327774a375e
345C0BE233BB3EBE9D4ECEEC7C432D7E,943,src/ui/view/UiEquip/UiEquipRefineIntroduction.lua.gz,351d57586834fbfe897de0f0f4a1197c
75A7DD2FC16F20FF6A46990F1A8CD612,3351,src/ui/view/UiEquip/UiEquipRefineItem.lua.gz,03f17f04c68f7b5e270319b2b28a2471
15C338AA1CCDDEFD55C58643886E6558,759,src/ui/view/UiEquip/UiEquipRefineTips.lua.gz,3c58da4bd636ef8ddaf4f1e3087e84ce
AA3871540241CC4BECF30507F39EA837,1219,src/ui/view/UiEquip/UiEquipShowNew1.lua.gz,d134eaf7fd1d18f16f77e98ebb015422
8510A5A1A717FB3E4FE1E8CDBAA83608,491,src/ui/view/UiEquip/UiEquipShowNumberNew1.lua.gz,f4e865fb0079d5f215a8f94af47c918d
4CE68EB22DDF6B94DC32F3A71524F77F,383,src/ui/view/UiEquip/UiEquipShowTitleNew1.lua.gz,f4b3f1f6f84a0d3546799f0e6964e504
5AB70FF26391F0FF87DE0A582236863B,1311,src/ui/view/UiEquip/UiEquipTipsAccessTypeItem.lua.gz,badf9f6248841fc2bc0665b7fcb10000
30DDF6A128C066B0AC6A7FD74EED35C9,9395,src/ui/view/UiEquip/UiEquipTipsAttributeNew1.lua.gz,0b4db57446249fa2d65054c9c40a199e
BE34EDFE314A65CB0700B2830125AD5E,1099,src/ui/view/UiEquip/UiEquipTipsAttributeOrange.lua.gz,8ed6da1816a49a87c5db8b0264b1de19
4DB13A89A803E799415CBA32219CEC2C,1115,src/ui/view/UiEquip/UiEquipTipsAttributePink.lua.gz,b18e8eca9afd4a210d85e96ae7610df7
3AFAC95F4485A30BE898A768696ACE9E,1595,src/ui/view/UiEquip/UiEquipTipsAttributeRank.lua.gz,d4e801107ebaf4f8a91c7fa01d19731b
1398803969CCD7F71816844002C6633B,3783,src/ui/view/UiEquip/UiEquipTipsBaseNew1.lua.gz,086367e53e233a2ed1fc4828ef45c0c6
65095E7CC9E756550E52C2F86D928578,2279,src/ui/view/UiEquip/UiEquipTipsChip.lua.gz,b01cceb1b2d52ae422b540afcff55e6a
0562E2D035DE3502BB59EB51BABD6C32,855,src/ui/view/UiEquip/UiEquipTipsChipItem.lua.gz,c8f5ee6372d8c684a897af312ea700f7
1970F35EDAF67A32A0780C1A9076C1C1,2431,src/ui/view/UiEquip/UiEquipTipsEquipList.lua.gz,92c38646a37bfdcb28ec443192567514
8D07FB4533543348F66428C13157F644,4539,src/ui/view/UiEquip/UiEquipTipsEquipListItem.lua.gz,1a05e47665b2d53d7ac2eca736ce2b26
593A8D4FC73FE52D0579AD6BEA87730D,49390,src/ui/view/UiEquip/UiEquipTipsFatherMain.lua.gz,897a00d11021f63f37345b262c5dcd58
1F03DAE7DA5E1A1FBFE8A3156EE17DC3,2555,src/ui/view/UiEquip/UiEquipTipsGemItemNew1.lua.gz,b27c4eefb74ebf2e1dac8828479e0f60
90C4F65FF53D5C63CC665B8AB62B84F5,899,src/ui/view/UiEquip/UiEquipTipsGemNew1.lua.gz,80cbba88f5f50e316dc56b7f5c29915d
1706C5FA4FA30E2696990DB6A46A650C,12431,src/ui/view/UiEquip/UiEquipTipsItemButton.lua.gz,90ed4be6708f97e7935ea40ff75b150c
50C6703BCBF9C30FD1B7B4B9FE5B6853,42161,src/ui/view/UiEquip/UiEquipTipsItemNumber.lua.gz,0fe0b72bcfae6f323f0ac3fc7aa40c56
D11EF61D38E5DBFDF1743759CAB78D6F,255,src/ui/view/UiEquip/UiEquipTipsLineNew1.lua.gz,cd83c5d2d46506f7771a78bf4cdf481d
49B5A9AE4ED9C4E8494F5513B99AF076,39949,src/ui/view/UiEquip/UiEquipTipsMainNew1.lua.gz,29d17805033f1291e90d716a41269c0a
6A91C4BECAC9AC0C624C86F52513D925,375,src/ui/view/UiEquip/UiEquipTipsSuitItem.lua.gz,b5adaf9baa701786e7e5467fad12bc1b
48C5F2C722BD032EBA9313500E0B58D2,2675,src/ui/view/UiEquip/UiEquipTipsSuitTitle.lua.gz,d9d92ec62611351b71974eae7a169b56
883725CB4FD11B1D65BF90711A408CD0,19480,src/ui/view/UiEquip/UiRefinedMainNew1.lua.gz,f103686df87eed9010309355aca07322
510EEE9F1AC2AA35F757F3BC7BB77D92,1907,src/ui/view/UiEquip/_init.lua.gz,a2559000d48e8d89d23380a19167f97c
C51B09FD8A8D5A31EFC8D97D1497D73B,1171,src/ui/view/UiFactory/UiFactoryAlignment.lua.gz,15522615ef605a239d4c8b7ddead259f
167C3644DF6F615E2DD376976833EA13,4699,src/ui/view/UiFactory/UiFactoryAlignmentItem.lua.gz,3a64112ce251afe093284a922b9b0403
0DB2A3C13185122B104256CE07097B1F,1191,src/ui/view/UiFactory/UiFactoryCamp.lua.gz,5a2f720100fe2b2f2b6149efce7e621a
75565773D321DF4DABCD4C5BAAFB41B8,1019,src/ui/view/UiFactory/UiFactoryMain.lua.gz,02d4c5282a687a77e55fcf3d567b9639
6B0A5CF09452E002C1D76B9E4A8286E2,7479,src/ui/view/UiFactory/UiFactoryMake.lua.gz,dde2abdaf2f51f28057edbc6ff421b85
4C2057FD136EFA3222B6B13CEA8B6C2B,3439,src/ui/view/UiFactory/UiFactoryMakeItem1.lua.gz,a822ea52b96e260d52a63771fd7d254b
39410966027FB0F746E41D98D523B869,1839,src/ui/view/UiFactory/UiFactoryMakeItem2.lua.gz,173694628766cab653164af0a2bbe5b7
3CD683D25DBA5692C74348F6D9CD39DE,1579,src/ui/view/UiFactory/UiFactoryMenuItem.lua.gz,09a01aebea216edd25f23688b1de8ec9
A0946F04DAB70103849C17D31D643549,475,src/ui/view/UiFactory/UiFactoryTips.lua.gz,010f6da389260ccc19b18ffbb474bb65
C0ABE340A8481CE8F9A21ED84EE724D9,1331,src/ui/view/UiFactory/UiStoneFactoryCamp.lua.gz,259bb82c1be6d56915e404847daaa96e
CF00DD2CBC11916ADA67051B1DDB4E58,427,src/ui/view/UiFactory/_init.lua.gz,1c8eb2575c9c771831b48c35b3f50d83
3C9B602C4ED98B45AD1DEEE1657E07BC,5487,src/ui/view/UiFashion/StateFashion.lua.gz,c137582433c2d39a238f28a1344b4dda
2CA50BB0AEF22E0B29F3BB3F6A0DA638,8559,src/ui/view/UiFashion/StateSingle.lua.gz,2a68f17783345702a384d6abca082617
9A1E57CF791DF08D9C16D79907564794,3915,src/ui/view/UiFashion/StateSuit.lua.gz,d3a68c6cd629977ee3693204efe26172
65FB60B5A59173295CFDBC2E06D4C66E,8295,src/ui/view/UiFashion/UiFashionApparel.lua.gz,1245c6486e71e7ccabc87b0d7c1b637f
926A762FC5EB9317BCC11B2F8BA5A90B,1967,src/ui/view/UiFashion/UiFashionApparelSuitMessageItem.lua.gz,b88326d22bad5e14b91388a1e8746e86
2A7D10099E84701231C1F190561CE3E8,4327,src/ui/view/UiFashion/UiFashionBagItemNew1.lua.gz,b653625c21da4dbe68e905f2e182ac78
04A2BDA9A90DEC96E50B8C963BCA636C,2159,src/ui/view/UiFashion/UiFashionBaglistNew1.lua.gz,213af3b374fb67d0ce1d83a52707e77c
81E71CDAF7549964FDA1AE8075CC1E91,2739,src/ui/view/UiFashion/UiFashionBagSuitItem.lua.gz,43c0eeae0153dd79276fb31155ec5f82
A3AAD8866348F6E7F235926B48D9CD81,475,src/ui/view/UiFashion/UiFashionBagSuitItem2.lua.gz,33b8339737a766585ff171980525d57e
58DEC8CD696A0B11FDBAD8A09A7A2297,343,src/ui/view/UiFashion/UiFashionBreakeSuccess.lua.gz,c67e79ffbee54601b6bf473061771530
8AE85566507486E346F09350FDD12125,7959,src/ui/view/UiFashion/UiFashionCollect.lua.gz,c696bb7c15f6cef1d95f992a6a53c24e
483952E9AD949106A6654D32461B442F,1491,src/ui/view/UiFashion/UiFashionCollectItem1.lua.gz,16e874f5134fb194f8c16111a96e00b9
D92B12325CF6CDD2BBC07358783CDEEF,1759,src/ui/view/UiFashion/UiFashionCollectItem2.lua.gz,dbec370c04e1194a82457c9270b2ebde
970979F43DA4CD2BA30CD6A5BF99D4DC,1359,src/ui/view/UiFashion/UiFashionCollectItem2Cell.lua.gz,2afd9bbb98b6534d8d699faecf5337aa
50930F68BC98169A170B544B911A89C9,5351,src/ui/view/UiFashion/UiFashionItemNew1.lua.gz,2a9e81125e11200cdbdbf44d67222f72
CCBACA5B04B686F05517E0ABFAB9A4AD,563,src/ui/view/UiFashion/UiFashionMainMenu.lua.gz,e9fc6520449538419321aaa0079a6511
07EE9A765B0ABC14C7ADEAA9F3E0BCC4,315,src/ui/view/UiFashion/UiFashionMainMenuItem.lua.gz,b1f5b6c1aebe6f17024782937fad0a4f
90CC2F8B9575223EE5FF377BCB13AD6E,18976,src/ui/view/UiFashion/UiFashionMainNew1.lua.gz,0bc35ba7afab4d07092c110c3449694b
ABB0EBEBDB76EE31FA78056D8A884106,3983,src/ui/view/UiFashion/UiFashionPackage.lua.gz,66049e604645ccf25c931518f753fec9
8D4E9BA703996F0B72535915D980B7D0,2307,src/ui/view/UiFashion/UiFashionPackageItem.lua.gz,fa2485118b1db1ded2a9ce24488f480b
2DAA3103C40642D0515C1EB19A3B1A6C,579,src/ui/view/UiFashion/UiFashionPackageTabItem.lua.gz,8d5485840a9d84fc140a6b3a5c147674
FD04D704C107E32A9F2BFAD571B630C2,4591,src/ui/view/UiFashion/UiFashionPacksackItemNew1.lua.gz,a941ff4e365ac853a953a4296546b8f5
AC1014F8A9F3B096DD4685D8AAEC9BCB,6731,src/ui/view/UiFashion/UiFashionPacksackNew1.lua.gz,3da5db682de3f2f819cbc59e07d2cba2
12A9C9A0CAF3185E2B3D58C26D73CDC1,8899,src/ui/view/UiFashion/UiFashionPreview.lua.gz,304f9e40cf65a0dca35745775ad569a3
6F1EA23DD02BCA71C5FE27B898F1FD03,1951,src/ui/view/UiFashion/UiFashionResolve.lua.gz,89df97ad27bfd8d4bf1775ad8a5a4826
D90284B91AB7D646BA961899E0C7CE7C,1763,src/ui/view/UiFashion/UiFashionResolveItem.lua.gz,bab8906424155b2766f736f225f71e82
6BBCBB1BF615EEBEA4EFF50AAAB51EBE,1411,src/ui/view/UiFashion/UiFashionSettingNew1.lua.gz,fadcca53c86e2d510416986a0aa14881
75B5768217730F20FA24B8752913B982,651,src/ui/view/UiFashion/UiFashionShowItemNew1.lua.gz,737679d72e799fb592b1415f06844961
0375145AC173DE6F28F1110F391867C2,1087,src/ui/view/UiFashion/UiFashionShowNew1.lua.gz,715198fa6ac1a957911b8a27a2e95daa
C13255869968C33A577177DCB3C33CBE,17540,src/ui/view/UiFashion/UiFashionUpStar.lua.gz,71130091a985408b5c56e6653d61e61f
EB7E27C1CE8D195CACA8DB905AD9B5D7,1523,src/ui/view/UiFashion/UiFashionUpStarChoose.lua.gz,46d5c081992d05ab6db9bbcfa1e635b6
797A87406B1823E30F7FFCA50C86EF15,1843,src/ui/view/UiFashion/UiFashionUpStarItem.lua.gz,7b64db8365dc6665b343c4c217a20d11
422E4301FCAA57F881AA1339228FC53C,3083,src/ui/view/UiFashion/UiFashionUpStarSuccess.lua.gz,a0125559a9fc2aa08541e76b65523c97
E4C2AB55A96CCEFB0364DBE32CED0585,2555,src/ui/view/UiFashion/UiFashionWearPreview.lua.gz,c96c20c4fccedfe7f4a9bc70ac419501
498FA774D8E510593C2A25DAD1A4BDA0,1275,src/ui/view/UiFashion/_init.lua.gz,202fc3f67c65dfc9728df4d188f2e838
F3CE68F1AE228F50703A0F45B26E3BC3,2147,src/ui/view/UiFashionLottery/UiFashionLotteryAnnouncementItem.lua.gz,b5323ee8672a5bfb8f87d70c8a7f9bd5
11C76555D82583CF791D51ED82EDA0E3,2795,src/ui/view/UiFashionLottery/UiFashionLotteryItem.lua.gz,9a92041db35ba378acdaac79d9396b79
58267B8631234D12694456EE699415B7,12803,src/ui/view/UiFashionLottery/UiFashionLotteryMain.lua.gz,6584a302dd59ca26cee233a73328fe83
1D41907B4C2DD8DA75CC19B935064EEE,651,src/ui/view/UiFashionLottery/UiFashionLotteryMainItem.lua.gz,17f85cee90093cbc62705d0f07754b42
7FB48630D98A38668EB6A2B02716200F,5447,src/ui/view/UiFashionLottery/UiFashionLotteryPrizeGet.lua.gz,b3ff2a6fe5670a7c04a4c0477109d690
4654FE1ACD4D5A82F2A07EC4E8D4BC60,4459,src/ui/view/UiFashionLottery/UiFashionLotteryPrizeGetItem.lua.gz,b997b7fcb7a396cf1816cc67a1efed1b
B6CB2DFADC31A19D87223F1D097A5B18,1195,src/ui/view/UiFashionLottery/UiFashionLotteryPrizePreview.lua.gz,6ca115a7b22b46635e592920a8ad8cec
ECC8A30A212DAD119FFC1EFC743899EB,1927,src/ui/view/UiFashionLottery/UiFashionLotteryPrizePreviewItem.lua.gz,6765c13203cebd1e8e305f146b9453f4
E482752BAC94EA323D80D33603597C41,2135,src/ui/view/UiFashionLottery/UiFashionLotteryPrizePreviewListItem.lua.gz,1a9f160c38d31e83e0d00b26177e2719
74156C11390ADFB4B54D9BD9EC0FA352,855,src/ui/view/UiFashionLottery/UiFashionLotteryProbability.lua.gz,505df5233e3ceac6bbce2f07833430b7
CA2D8AB8E197245337B18CDCB930340D,963,src/ui/view/UiFashionLottery/UiFashionLotteryProbabilityItem.lua.gz,b89c4bc4933d77405e01e57fce26ea04
76B7A2C6CC5C548AB10380C39EC50149,2335,src/ui/view/UiFashionLottery/UiFashionLotteryRoleItem.lua.gz,c3c5abab267aa2451f75a3f526de4871
AB6661A1364D421D8D65EEC7095262ED,2667,src/ui/view/UiFashionLottery/UiFashionLotteryShop.lua.gz,4f9cddcd7ee9ea4259727a2ebf278556
7619C85C118AC8E3CF47220AD3FEEBFE,6479,src/ui/view/UiFashionLottery/UiFashionLotteryShopItem.lua.gz,b9f3ba7a58426c327632700da1814e94
07A77E61C485C3E8C0156832D78DFA54,7391,src/ui/view/UiFashionLottery/UiFashionLottryGiftItem.lua.gz,e9dd51803e46220af8a489982e698459
941A15E043D0B8CF2461757217B7D734,1459,src/ui/view/UiFashionLottery/UiFashionLottryGiftMain.lua.gz,30ace303e7911a39d04d35139a0cce08
66CAF43CCCED00B401139C8BD162D466,779,src/ui/view/UiFashionLottery/_init.lua.gz,508472b6f97a5d04957a2b11debda4e7
9C8965C0A279B31F3D24995C8441C626,1823,src/ui/view/UiFight/UiFightAwakeRoad.lua.gz,8cb1cf3bb1b086acc9336dc7ab632f8e
DD07A1D65D631AC03D3525D0D07B4011,1747,src/ui/view/UiFight/UiFightBagOpenList.lua.gz,d621163551aedfa43d01951fe38ed0bd
662C680D6411DE472419BAF5CCA753A9,1635,src/ui/view/UiFight/UiFightBagOpenListItem.lua.gz,e7a34746d15a4094280e13b88f5d34ae
8D1D8584A36799C3D34162A1967A24B0,2811,src/ui/view/UiFight/UiFightBuff.lua.gz,ce8881e89a8afaa6c7e44493e0d366ed
76B174070FF1E5A0829136DCD7291A70,2159,src/ui/view/UiFight/UiFightBuffItem.lua.gz,23221a18fb6f452326d75de855ed26da
844F40D23683789438821607AE836822,1131,src/ui/view/UiFight/UiFightBuffTip.lua.gz,41366451211a7c70e9ffa081f55094a6
144DD74B2CA85AB05732E02FE09B7AF3,631,src/ui/view/UiFight/UiFightCampKey.lua.gz,d89785eb422505a76290e008f9169c5d
5230226858CEE594E6363442DB5572ED,10147,src/ui/view/UiFight/UiFightCampMain.lua.gz,fd407c8eef1d660fa01a7371f88f022f
5BBE0E1FF1F132B8106E10768BF474FE,2539,src/ui/view/UiFight/UiFightConstellationStart.lua.gz,43ef907e6f94a9046583af77977af884
53B323E981A85CAF3613A06EE2B8A7A6,879,src/ui/view/UiFight/UiFightConstellationStartText.lua.gz,9e64613a4ae42ffc84fca2f7b35c843b
83E7BC8E012F02AB2470BA4A3A80C8A8,8951,src/ui/view/UiFight/UiFightCopyCard.lua.gz,d435d6236d41b97857680197a5015892
CDC7C70301C6779B42D15C3FB99EA52C,3903,src/ui/view/UiFight/UiFightCopyCardItem.lua.gz,06dfe4f5ce0763f80c62bdff80b5e8ea
D222F23831BC45FFCA0CF3155892F55B,4903,src/ui/view/UiFight/UiFightFailure.lua.gz,aeb15828bfed4fc9387672448e82573d
1D96CCA2933A45B24706FDCD01F6DDC1,563,src/ui/view/UiFight/UiFightFailureConstellation.lua.gz,bfea7e9c1fd61643d8e9eb2865e1eead
445FD9DCA0C82509D63C0CA57DF1307E,2871,src/ui/view/UiFight/UiFightFailureCopy.lua.gz,7a9a1be76742346c328103d641043872
6784C22FDCC329AE23665855B7C339C6,1211,src/ui/view/UiFight/UiFightFailureExpedition.lua.gz,eb2d48d0cb900786967841b8d58bc4b1
6F908858C4B5CD35F3E7E9802326176E,3091,src/ui/view/UiFight/UiFightHudStatusPrompt.lua.gz,f49906c63904d4513486507c76860e8d
63A165A471E67578F09E36947FF17023,2075,src/ui/view/UiFight/UiFightingTips.lua.gz,ff67ac310c19b6d17cc23164f6888b41
EDC4C7731F25FB0087B31B494561C13E,2635,src/ui/view/UiFight/UiFightLevelTip.lua.gz,3e815f6d07fc1e737eb40776af332b6b
4522F6821E0CEF7745DEDC3CB2A6E4FA,43745,src/ui/view/UiFight/UiFightMainBottomNew1.lua.gz,2006b534e992a7c161df94eb0ca02adf
1B859410BCD917A6BCD4FCCE85A7901F,8451,src/ui/view/UiFight/UiFightMainSpine.lua.gz,53c3b77bf077eb6077c59858992ae19b
A5651347AE143B064C4684A8A292DD29,3711,src/ui/view/UiFight/UiFightMainTopNew1.lua.gz,43dba4c374dbead4a38f1859acf8e3ce
F683395754A8219FDA99ECFD931DB133,259,src/ui/view/UiFight/UiFightMessageItem.lua.gz,8e031a4861098867014477615cf76787
DD99839BEC3E917C77368C7489EADA8A,3631,src/ui/view/UiFight/UiFightMonsterLifebar.lua.gz,33508a44903914a35b9022dff68ff964
29F71B978F0D9EFBCCE92485AC7A1EC2,11007,src/ui/view/UiFight/UiFightMonsterLifeBarBase.lua.gz,4dd4223786d163099cefc99330f320e7
4C26E275875E845B2BD129511A5C3E83,8283,src/ui/view/UiFight/UiFightMonsterLifebarBoss.lua.gz,a49628369199cbe58fb94270151358e6
95E12F9393E8345E9D12E080EF813C2F,1791,src/ui/view/UiFight/UiFightMonsterLifebarLittle.lua.gz,cd3eae63026302add7756f8773563386
E5B0E3D14D2EF50BC1AD3BB1E91C68D9,855,src/ui/view/UiFight/UiFightMonsterRageTime.lua.gz,00f06892249fbf2177f6dbe6da06d2a4
7C3B464B1BE0FD19C102E9FAF8907820,1859,src/ui/view/UiFight/UiFightPause.lua.gz,875cdeb795fd7bf1187753ca99da2112
92D6131EB2F61C671DFA058223C6BED0,659,src/ui/view/UiFight/UiFightResurgenceTips.lua.gz,24e2bfb0ef5686deeccae7005f030394
E95B691909BAA25D2421511A1ACC2ED1,3155,src/ui/view/UiFight/UiFightRevive.lua.gz,f4e8b2eabaa99b67d9c759a48829018f
5F893FDFB015A6B04542F9C2E3AC4495,3523,src/ui/view/UiFight/UiFightReviveBattleStar.lua.gz,5822f5df98a2ab86e8f7f69426227de8
5221BF10C3C4B66051ACD6774C22C986,3163,src/ui/view/UiFight/UiFightReviveDimension.lua.gz,b06b92860c8f75578c55e340456f27e0
CF20A0B5CA33CB48BA30C9C142FC8240,2591,src/ui/view/UiFight/UiFightRevivePartnerTower.lua.gz,5899df27217ef2278b1b4eab17bb23a2
73ECBA947EFD90C904C67229F56AA00C,3287,src/ui/view/UiFight/UiFightRevivePlot.lua.gz,9af903a7fd2d97f62adeea8943a34c7a
2D40FA68E03079CE211FDBABC74F8E11,763,src/ui/view/UiFight/UiFightReviveQuitEnsure.lua.gz,6e753ad8f044c2b962d1edc32b6492bc
66C59456A2C1A3FA694D1BBEFAF80498,2259,src/ui/view/UiFight/UiFightReviveUnionActivity.lua.gz,d703cfd12831b42a792f880f1eb05f68
37FB958592C3E5E99ECF1974063203CC,2183,src/ui/view/UiFight/UiFightReviveWorldBoss.lua.gz,3120070bb24589efe3cdd68460c2a30a
C5CE42ACD7949B09F1A06329AE6276F3,2179,src/ui/view/UiFight/UiFightRock.lua.gz,ff7849f49118bccd8921dad9131e2dd6
FBDE14DFF0666E08D39BCCDCA06C87A7,8731,src/ui/view/UiFight/UiFightRub.lua.gz,45b3bb567480091c447d611a986b2b2b
E49155D484A7019C231FB76B06F1520A,6643,src/ui/view/UiFight/UiFightRubItem.lua.gz,3b5ebd1b54004c8dd531292057b44daa
3A871988503743F1A5D50D121B912CD2,5603,src/ui/view/UiFight/UiFightRubItem2.lua.gz,dcc536706a9286241444cd12e849b0e4
D0B7341B7C0B0255689D9726A93F65D0,5515,src/ui/view/UiFight/UiFightSenceInfo.lua.gz,468948765c86731316d7ca5e2e482e26
D240601E89452A734BBE99CDFC5A2A15,1475,src/ui/view/UiFight/UiFightStart.lua.gz,0ec54531633c9803b15c58a3dc77eb0a
C66EEEAFAF2CBA4566CD5FCCABFEA9AB,771,src/ui/view/UiFight/UiFightTypeBossrush.lua.gz,1a8459bb348dd00f16b33f43c62a7473
2A59BC901D4A7D09110E4035763C2C74,983,src/ui/view/UiFight/UiFightTypeConstellation.lua.gz,0c3e4f0357f2dacb78a6027fccf9d971
2A68447CEF2C3B6791E34E8E23046C32,7807,src/ui/view/UiFight/UiFightTypeCopy.lua.gz,50b53ad4377da7df9934dc75f919b3cc
462DB8B9614C066290041270E79BC5FE,5787,src/ui/view/UiFight/UiFightTypeDimension.lua.gz,476a6325e05d3a2c9eb2f343f62244c8
173A11C9516C71F63B67D8DA5D3717D1,1691,src/ui/view/UiFight/UiFightTypeElite.lua.gz,642dfff640b47368d54bacb8ee1529b5
79BCBF5CAF50831649A3034C8484208D,751,src/ui/view/UiFight/UiFightTypeExpedition.lua.gz,8135a8c3ee9ba736113dafa7331a4e81
DF4343132A5A61B2A03DEEA7340365A4,2491,src/ui/view/UiFight/UiFightTypeLimit.lua.gz,026a4b211bdcd1f85e17fd52811ffb36
36FEFB1149CC0426569A45E0B7CA4DB6,2111,src/ui/view/UiFight/UiFightTypeNetworkFightDebug.lua.gz,8acf096956f1f30bc86027167a9669f5
33F357A003E6202D9A28035D154FB5C9,2059,src/ui/view/UiFight/UiFightTypeOrdinary.lua.gz,a88c5d6378905057e91ee0bf332f6809
B6E8FFD77A42C58CBD0FF231CDD7013B,1315,src/ui/view/UiFight/UiFightTypePartnerTower.lua.gz,12b9c5f6d5d6fe2f233736ceed690701
57A164D32CFAB608EC6474D73A9B4372,15399,src/ui/view/UiFight/UiFightTypePlot.lua.gz,34ec566ee0ce4f2d206ab570bf60028f
D519E5E2005EC54D60C7F5424DD4A22C,1359,src/ui/view/UiFight/UiFightTypePlotStar.lua.gz,da9c02718b7e5db6c64b89d4fe923543
0213330E6343FCE1DB0479590A53257F,1911,src/ui/view/UiFight/UiFightTypeReplay.lua.gz,d3228ebf9e5706fb0801c1c1751457b7
BF07FB3D6479A3FA6954A9C3E42A4BDE,911,src/ui/view/UiFight/UiFightTypeResourceStage.lua.gz,07703903651befac139e7fa4948f39d7
8320C306693B7DF62549B21414AA070E,4287,src/ui/view/UiFight/UiFightTypeTower.lua.gz,d6710ecde2c65e39f092fe0e54ed5015
A74287641534B26ABCF32B430C398F5E,2015,src/ui/view/UiFight/UiFightTypeTraining.lua.gz,551ceebcb5e254406c753b588605780b
0A5D5A78D79558510E4D209C62EB0A6E,10887,src/ui/view/UiFight/UiFightTypeTrialChallenge.lua.gz,8a6af12db16a0deaa90b1572e3cd226f
BCE4A516A067544EB29343EED79D89FE,1767,src/ui/view/UiFight/UiFightTypeTutorial.lua.gz,d17939ab437005fd41d944476b4355cd
6D972DFD64156894CE400E9640349180,9227,src/ui/view/UiFight/UiFightTypeUnionActivity.lua.gz,dd6e42181a4af2f4ab5291234d1ab192
8B78345815CA220EA9F47904C9894CDF,1407,src/ui/view/UiFight/UiFightTypeUnionActivityRankItem.lua.gz,2d1547bd7ea177caaaad3cd2aea7679f
BD51B626E3BB6D8AF63FB60269AABBBD,351,src/ui/view/UiFight/UiFightTypeUnionBoss.lua.gz,aae32a9881859b8a92b4320ae685c521
520B2D8B2B57B0A213220B767F2737B6,2059,src/ui/view/UiFight/UiFightTypeUnionChampionshipFirstStage.lua.gz,3774845b915b8c38b1094e3b28157424
A7DEF590436B5EF78AA3CCA9021D4259,1111,src/ui/view/UiFight/UiFightTypeUnionChampionshipFirstStageRankItem.lua.gz,48e41c4488bc23372d9c47fd159b6bd4
E53BCBAF438D88F528E4FE167CE437D6,3479,src/ui/view/UiFight/UiFightTypeUnionChampionshipSecondStage.lua.gz,c076fe156310e2a57e42cb5050b33780
D256861918BFE32FEF398EAAAD26FE8C,3411,src/ui/view/UiFight/UiFightTypeUnionChampionshipThirdStage.lua.gz,9f7f9eda3f4a3e9a98abe58bd5df4e9c
69F03A267F320786E09FA0A47DBA5FBD,9947,src/ui/view/UiFight/UiFightTypeWorldboss.lua.gz,ec7ad5161951d084b0362a770ffa25b6
71D1A8D04898BFE81A25CF3B7C4E6FF2,743,src/ui/view/UiFight/UiFightTypeWorldbossInspireItem.lua.gz,b18e7e0858846bcfa36f56e15421faa7
ACB4AB90902C70754B9E9CFF9EC52E11,907,src/ui/view/UiFight/UiFightTypeWorldbossRankItem.lua.gz,1844dac5cfbfca0004ddbb666d3f844e
E25A475B72A8DDB024BA288B953FFC55,1307,src/ui/view/UiFight/UiFightWinAwakeRoad.lua.gz,3f4ca3f61b6e2e5a4085c81a35a46260
172BC88209A1EC0F4AF83A0B783188D6,12703,src/ui/view/UiFight/UiFightWinBattleStar.lua.gz,59acb7703839fc5c0c8240b8437c0446
4F8EE8388D4697ABB8EAA01FECFA4168,4815,src/ui/view/UiFight/UiFightWinBossrush.lua.gz,11f276ccf80368869ae7f2ef3567ab82
8694AB90C590008C22F3B33A322BC2CC,2031,src/ui/view/UiFight/UiFightWinBossrushItem.lua.gz,2886fd4001ec078d3d088a63e176d00f
D785C4396A703D8985A9F6AB6279E3EF,2343,src/ui/view/UiFight/UiFightWinConstellation.lua.gz,5ec5693510d468724d941b5eacc58aa6
A02B7A2E6B819740FA07496B72115202,3231,src/ui/view/UiFight/UiFightWinConstellationItem.lua.gz,c5b4afcff4ce4fd1e7bf0db5c0117c7c
C80FBBFE0EA2C227BDBB3CD6A0B86E4A,15551,src/ui/view/UiFight/UiFightWinCopy.lua.gz,c92a27b7e8284787897848d0df4d8d71
C7904D102B8E3B23C2212153786CDCB2,2007,src/ui/view/UiFight/UiFightWinCopyItem.lua.gz,b983f4cb7080d3fdf4110da3c755199c
8A7F72310F3A07D73206F1EF4B030EFB,2919,src/ui/view/UiFight/UiFightWinItem.lua.gz,630dc962a265f8e6052d909785b2fcc0
695BFCF1BADEDF924787385AE137B9CF,7595,src/ui/view/UiFight/UiFightWinLimit.lua.gz,74d1f0633fd0c7b392c1bb425b0daa29
54DB3BC79544F7D76C072146521731A1,1379,src/ui/view/UiFight/UiFightWinPartner.lua.gz,96e86ddc25ab136fb7d881c89b490505
EFFBD0A73F3CD20B44A416D91CEB07EE,1375,src/ui/view/UiFight/UiFightWinPartnerTower.lua.gz,18f39c0d53b3d505f20db414754da4e6
4A370C409A3DFAC7C95C1951D1C06A4E,18520,src/ui/view/UiFight/UiFightWinPlot.lua.gz,88bceadbaebd6b1b596f42467bb6a8f4
46DAADF24978E9764F66E22131F3E5E2,5315,src/ui/view/UiFight/UiFightWinResourceStage.lua.gz,a3c7ee962fd25645cee6ea4fca66c19e
F254A6E6C26A5AAA3EBAF3058126C09D,15611,src/ui/view/UiFight/UiFightWinStage.lua.gz,6bc058ed0394fd25fbf7cd093dd2b088
1E9AD46D66EEFBD5713DD4FFDC5188DD,4979,src/ui/view/UiFight/UiFightWinTower.lua.gz,b0a5a8dd4d4955a304e24108394cb785
B816B3340EC37687FF6BCF8B0A9B48F7,15775,src/ui/view/UiFight/UiFightWinTrialChallenge.lua.gz,88857bdff2bc66c525d43f688c70a9e2
ABF136C57B8247EAFCA2768510854406,2615,src/ui/view/UiFight/UiFightWinUnionActivity.lua.gz,66e375384de8b1d970605a756d79927e
2991FE5E699D02D7D1CCB1A679314480,799,src/ui/view/UiFight/UiFightWinUnionActivityInspireItem.lua.gz,ee4d48c6afac74659bbe79e1659d190f
5A6C95CFC28F4ECAB5D16E069DD4652A,339,src/ui/view/UiFight/UiFightWinUnionBoss.lua.gz,44be8ce453d5ae501932daed651a83bd
4BAD984FA5EE81036697A4264B7B96B6,299,src/ui/view/UiFight/UiFightWinUnionChampionshipFirstStage.lua.gz,552575d1121104130aefc1483b6eabba
0DCE7BA4A56715BD55674A1751F008ED,303,src/ui/view/UiFight/UiFightWinUnionChampionshipSecondStage.lua.gz,0d86e2d470d20a4b457ed70e49e73c44
B7B80C43994F1F044EDD25F98DD388E8,299,src/ui/view/UiFight/UiFightWinUnionChampionshipThirdStage.lua.gz,a4282b9b1bd499cbea31521f19eb091f
3DB113CF08C70C39D17C28EDAE875C17,1567,src/ui/view/UiFight/UiFightWinWorldboss.lua.gz,c5df79c955d55379360fe7621816a6b3
4A101BE76417FC30560C21EA2E56245D,2079,src/ui/view/UiFight/UiFightWinWorldbossAwardItem.lua.gz,1b9e22bb99093ac5f719eecc993f82b4
78EA9140EB78F3DCE613D04F80D1FE0D,675,src/ui/view/UiFight/UiFightWinWorldbossItem.lua.gz,63153ad3bbe149f48ef8faae138449d0
781A272B2C42AFDEBFE6996624B30016,1519,src/ui/view/UiFight/UiNetworkFeedbackTip.lua.gz,2cabd51b94384da7a3b0a7325bae6d04
46F26E84803A0B620AC46D309D312218,6791,src/ui/view/UiFight/UiNetworkFightAutoFight.lua.gz,fb60b1bdaa5333531f99ec4e7322710f
E59FC3A75B680FD6C0ED2B56F6389795,3103,src/ui/view/UiFight/UiNetworkFightDebugSetting.lua.gz,33334c08ede130fa863850831c86c9f0
A26F4FC74DA0706B0723911AC6852A82,6715,src/ui/view/UiFight/UiNetworkFightPlayback.lua.gz,b967d5e6f39b17f48244e5384fa727c6
DBFE074A9CB2450358818968CE49B714,2807,src/ui/view/UiFight/UiNetworkFightPlaybackItemFightType.lua.gz,62cefc2498217ba37c82bd0974509b25
42D1251C06E339D1CE13570A55F5203B,1583,src/ui/view/UiFight/UiNetworkFightPlaybackItemRecord.lua.gz,7d97e06fd5846740c69c38e379a6f526
03703BEF402EE6FB6A0CC4CC13B5BE85,5119,src/ui/view/UiFight/UiNetworkFightPlaybackNew.lua.gz,456d05221384be4eabb194197f846f7a
B8E6B8DD1EB352B3ED4349161F86C8EB,3939,src/ui/view/UiFight/_init.lua.gz,6fb3b2d00f24002442cc072893fbfb31
A1CFC710A12102840BBC8EEF18759DEA,7367,src/ui/view/UiFightCommon/UiFightLoadingBase.lua.gz,c9334739946929c7fcda89740a7bf842
55480BDFBF3371C259CF2D24B916DA66,6383,src/ui/view/UiFightCommon/UiFightMatchBase.lua.gz,9f4c125df91605940c852632d897d85b
6B524FD8E26CABE095127D76F3715363,15639,src/ui/view/UiFightCommon/UIPVPFightCommonUI.lua.gz,a224f4ec6f7bf13cb85e15cb95090321
C36FB62226C9424FED265F25B7362E51,215,src/ui/view/UiFightCommon/_init.lua.gz,96e19ac78ee51f8c1bf9881b0f05cf36
EB0BF9448A41B90D6922AF41BEF8B9F0,7855,src/ui/view/UiFirstCharge/UiFirstChargeMain.lua.gz,cb7a82cec408813fbed1be19f6838658
97FFF9206E3A6D82287AAAD1978F8E3C,8103,src/ui/view/UiFirstCharge/UiFirstChargeMainNew.lua.gz,52d615d1f2d103229fe47a6c89e1a466
0CA93D66F6F5BCDEE6E7FD4DD5D8F95C,519,src/ui/view/UiFirstCharge/UiFirstChargeShow.lua.gz,31be4fd1ff84f532a79a233328e929e2
9EDB66E83F545BA2D8E7467ACF95B06E,219,src/ui/view/UiFirstCharge/_init.lua.gz,e887bd3ed39c5bc3ae347f5b53b965cf
25C69A76E9808345F25EB05607CE349C,4807,src/ui/view/UiFlower/UiFlowerMain.lua.gz,5685c7b99710256b9e8e2828c12be4e2
89A4B0ADC8B65A8B6905FFE92B82D6D7,1051,src/ui/view/UiFlower/UiFlowerMainItem.lua.gz,2f9c93e91bd9946638d26f7aac4edef5
906ED8562F418100972BC2BA6D1312BE,4659,src/ui/view/UiFlower/UiFlowerMine.lua.gz,f6ffd7765bd66c2056661f638a5b8cfe
E55A0E20B0F7253EA7253C368B2A0C3F,907,src/ui/view/UiFlower/UiFlowerMineGiveItem.lua.gz,b5521124d1c24304c40bcf551ca23b75
7E22339FF97EC9F2D2C2E44CA875F843,803,src/ui/view/UiFlower/UiFlowerMineReceiveItem.lua.gz,228cf2da3c07a20d29c3843dc8e2d7b9
2EE3EE0F7E36D70B45A3DB28A45F4A67,271,src/ui/view/UiFlower/_init.lua.gz,70066cea8fe9de579802836fca85751c
5FCDA5931B402DC964ECC606659609A4,2547,src/ui/view/UiFourteenSignIn/UiFourteenSignInItem.lua.gz,f963ecf020affe773d75fea370e24f5d
0AA712AD311AF3E4EFDB45C9844B292B,6919,src/ui/view/UiFourteenSignIn/UiFourteenSignInMain.lua.gz,2457cacd4c4165f1d3480363d9ddf36a
415F6277C9191332256A2CE980E45834,507,src/ui/view/UiFourteenSignIn/UiFourteenSignInPeopleItem.lua.gz,e2ed1eee992bb64879e2018404f6274b
38E4237E65E3843652433C6584DA6B1E,235,src/ui/view/UiFourteenSignIn/_init.lua.gz,00463af2c1130791d4b7e8821a54b021
91C52E5BFC0CAA48D01859B8F35EAB26,1827,src/ui/view/UiFriend/UiFriendMain.lua.gz,0b81d697051efa2ecb9ec2d04c1aa42e
60ECDF90964F54C78CB817EFDB15E3FC,3495,src/ui/view/UiFriend/UiFriendMainAddFriendTips.lua.gz,2e124876b5032ecb841462af66415cf3
46E8B242F56AC0A887E7202EEBB96B86,1431,src/ui/view/UiFriend/UiFriendMainAddFriendTipsDetail.lua.gz,afd07e375f721572aed4ce90018cab66
3774DF9A60E42B7C9D53CC70F5F4053C,2715,src/ui/view/UiFriend/UiFriendMainApplyFor.lua.gz,1a67c9b54f898b2cbcdfa1eaa882a8da
BD4AAE69213A637B5041423D841B84A0,2115,src/ui/view/UiFriend/UiFriendMainApplyForItem.lua.gz,f2fa4fdb2a9bfc72acdb2a4d055eced0
0BD58BC0B3EB36DD63CBFC37F2A11452,2167,src/ui/view/UiFriend/UiFriendMainBlackList.lua.gz,b192cad826026e0f07aa21cbace674cf
7535690664054708173169CA6FB58952,2123,src/ui/view/UiFriend/UiFriendMainBlackListItem.lua.gz,183d51fbdcd11351dc8c5dcf6b1db3b6
D14F7BAF09709FB3CD4BBE68499F9291,2459,src/ui/view/UiFriend/UiFriendMainButtonItem.lua.gz,b223f70c9bd2ab9a2ce9ad10ad91c615
4F2F83C3D08D71B0DBC5763E1C79356F,4831,src/ui/view/UiFriend/UiFriendMainFriend.lua.gz,edcd78923dcf2d9642b6baf06c7c7ea3
95F2642EA0F21ABB8A45F85810AADD47,3291,src/ui/view/UiFriend/UiFriendMainFriendItem.lua.gz,1aacc999168e34b26d986e217a1e3705
FD01F9FA94A0D4FDBA7D0C78E564137E,1207,src/ui/view/UiFriend/UiFriendMainRecommend.lua.gz,6fc1d0af19ba1dae8520d35d447160a3
F76815E24731697280557621D7BEE0C7,2535,src/ui/view/UiFriend/UiFriendMainRecommendItem.lua.gz,f109acc25f840b80f3c0231e020d40ba
440FE2E3D5E5FA103EAB9C25DE3343C3,903,src/ui/view/UiFriend/UiFriendShipPointRecord.lua.gz,01840a0c6e265d614af066009ca8300a
182FE47CA3382B039A8CF42DBAB60D29,943,src/ui/view/UiFriend/UiFriendShipPointRecordItem.lua.gz,16e80ffba31cf775099bf2ec2d478c27
68E6A314E27E8B0023595E381E353A4F,639,src/ui/view/UiFriend/_init.lua.gz,3f566807598cd85047f8e64d1fd256a6
0E6F084DC48FAA7BDDD83A6CF54E832A,9951,src/ui/view/UiGem/UiGemBlend.lua.gz,2339dd1e1bd81536dc27f5eeac8ad670
21494079A5F14A769206FFD897FAE8FD,1655,src/ui/view/UiGem/UiGemBlendAddSet.lua.gz,b9a17f0e16a932a497e1eab7088fe57c
36CB7B60E52182E58223C19AA288C228,1183,src/ui/view/UiGem/UiGemBlendAddTips.lua.gz,af89575d55aa14f822b64b00ee524b1f
4D0AF221758B1D12B5F86A7CE4946DCC,1027,src/ui/view/UiGem/UiGemBlendAddTipsItem.lua.gz,a8dede6302979d37a6350270b184e4bf
030F8414550EA29BF2620E5CB8E41937,3363,src/ui/view/UiGem/UiGemBlendBagItem.lua.gz,a12995d34f734516fd143b5e3e08a1e5
5EE3F5CF8AB02A6398D1D3FDBD8D5810,519,src/ui/view/UiGem/UiGemBlendBagType.lua.gz,1a3d4bd7c787215113569a69f0847b80
03F445A9385CB5234F650D6151395EB5,387,src/ui/view/UiGem/UiGemBlendGem.lua.gz,2063d1a2503fb5219156d92548eaebce
EF82A019DA4E3CD056E91E44D4258CBA,327,src/ui/view/UiGem/UiGemBlendResetTips.lua.gz,5214017cc2bb93b47696605a01b02781
419CB1BCDCFE3F435F1ED036C664B4DE,1923,src/ui/view/UiGem/UiGemBlendSucceed.lua.gz,a4b28bc1370731d1603d44238447fc79
5AEBBE140430C116F94121C2E1D2FBC0,3915,src/ui/view/UiGem/UiGemMainItemnew1.lua.gz,253202a4891d40ec7e33e72b80e69162
873776CCFB4CCB4EF36C90D16835E1AC,18276,src/ui/view/UiGem/UiGemMainnew1.lua.gz,c05979cd4807c5ebd105a1b5eca78678
C4AED7AE6557DDD57B5107DB9627BF25,3411,src/ui/view/UiGem/UiGemStoneItemnew1.lua.gz,160492902efe797407d9c9b8220411dd
CBEF209920F575D84E924A871441EA77,6551,src/ui/view/UiGem/UiGemStoneNew1.lua.gz,9dc49fe3fe7e42416162759a716afad2
A2FC4B91EC7CB6B41105C74B5AD353F0,6683,src/ui/view/UiGem/UiGemUpdatenew1.lua.gz,c95b374e09c8d05206bad3afc75c5c14
8B5FD85ED0D6709B1C7C403B1AC44A56,547,src/ui/view/UiGem/_init.lua.gz,3023b1be9b7b21c52a812086b91c8f6a
DD2E32D9E83A4E215AD91F44F629C243,935,src/ui/view/UiGetStronger/UiGetStrongerBuyMakesure.lua.gz,a8341664dce8fbf0996f573be17827ac
2705D696261F567EE7BD4B9F9ECA73EE,2311,src/ui/view/UiGetStronger/UiGetStrongerLevelButton.lua.gz,d2806bead16df607264f1e54d8cd5fa8
159D88E99B1A1D69C72933C2CB750386,5711,src/ui/view/UiGetStronger/UiGetStrongerMain.lua.gz,15e9a37675e81245ca5ce1ecf9d72752
25D4283EF09EFF4B76B5DFC567B4EF4B,1319,src/ui/view/UiGetStronger/UiGetStrongerModelGiftItem.lua.gz,54429c30699378c35811cb9c978a3d32
A21C3D34D193419B3155A5D472597A56,2927,src/ui/view/UiGetStronger/UiGetStrongerModuleButton.lua.gz,87afaf6ef8a655998947c935d27f70f2
3243C05018D0B5626EA3B166FCA91DEE,1831,src/ui/view/UiGetStronger/UiGetStrongerModuleGiftPreview.lua.gz,4000708ed6edddc14fecd78ca834aa86
955E860C08C3BB823AF317E7AFAEF9C8,1611,src/ui/view/UiGetStronger/UiGetStrongerNavigationMain.lua.gz,bd3a16d3b2ef20f4dc526f571fe19f81
D77800EF9DE1ADD6EA3907DD91E7B1F9,1891,src/ui/view/UiGetStronger/UiGetStrongerNavigationMenuItem.lua.gz,ee9b29e2a7eeec7ec1a9f362d0d9d0e2
FA9BE9AF46E95B02B97997CB27E4879A,4215,src/ui/view/UiGetStronger/UiGetStrongerTaskItem.lua.gz,27f870eca6244f1fbd003e225d11b66f
138D6127E2B1C8A08415D32368064C4C,711,src/ui/view/UiGetStronger/UiGetStrongerTips.lua.gz,d314efa2ad56d6efb7bf32eeeb8925cc
AD3C6ABA47FD9926E81A5AA823D574FB,511,src/ui/view/UiGetStronger/_init.lua.gz,b1d191768f52fd291c612739c522ed9e
6FD449DA1A87B5F9F83D36AEE11407BB,2103,src/ui/view/UiGodChoose/UiGodChooseArmKyiExplain.lua.gz,1a6a5129168aee7e00ca77a7d696c3a2
2C22C727CAB00D4481E5351F5A499FEF,711,src/ui/view/UiGodChoose/UiGodChooseDialog.lua.gz,10e1fe7b730b33f603d44f72a287bb12
43A1526DEA83A9199018E617F62A290E,587,src/ui/view/UiGodChoose/UiGodChooseFashionPreview.lua.gz,f9ab445c8c632326502014ae23cf777d
DFD0440F90E4E6BED48027C305A97D82,2447,src/ui/view/UiGodChoose/UiGodChooseLevelSelectItem.lua.gz,f2cf9b1482250e40d8facc11d6c49887
A71A7D572A2FFA0459385DF193466ADB,127,src/ui/view/UiGodChoose/UiGodChooseLevelSelectItem2.lua.gz,fd431c198a3b19b447d1a3cc11389718
F8D420DF72E6FC28BD15D4F925F201B6,19448,src/ui/view/UiGodChoose/UiGodChooseMain.lua.gz,30ed1e232a65e2e09047c54d304f8e07
A304CB6BF060529241F967CFCAFB6024,7671,src/ui/view/UiGodChoose/UiGodChooseTaskItem.lua.gz,1a5c038cbf337e478391f0441ad66cc7
24869D252B3DCC2F8E01590696CF25D6,375,src/ui/view/UiGodChoose/_init.lua.gz,536e32f963874f814dd7e87e5673e706
2914775A0BBC3AB8A62F2394B7DC45E5,779,src/ui/view/UiGodWeapon/UiGodWeaponAccess.lua.gz,447d4d70f012eb78a3b007d2d0f29927
9CA517B4F50B486CA3C26C92A386EB40,12607,src/ui/view/UiGodWeapon/UiGodWeaponAccessSweep.lua.gz,0506911dbf57dbc97903a6da8641d3a2
E1B3EF5E3B2663B9F89E46CD3EBFB9EA,11003,src/ui/view/UiGodWeapon/UiGodWeaponAccessSweepNew.lua.gz,fb8b4556893052ab636c60e52b322c5b
20D4F5021916EE5D9F6BC2F5E6B925AE,1083,src/ui/view/UiGodWeapon/UiGodWeaponAccessSweepScroll.lua.gz,94b2869946946d06af97a253e850fa0b
DD621B9F3A2B18A26560CF18613E5FA3,1727,src/ui/view/UiGodWeapon/UiGodWeaponAccessSweepScrollItem.lua.gz,a52a4d5c7988f8dbddcd7ca3ef10e46f
A7F5B213DDE5396C9FD9CDA90AD3A5AE,5847,src/ui/view/UiGodWeapon/UiGodWeaponAccessWay1.lua.gz,6d166259ae2097de075f0c80bc6dedd3
E10FCCF5CA1415968BF6F431BB5E5D48,7531,src/ui/view/UiGodWeapon/UiGodWeaponAccessWay1New.lua.gz,69e235b1a6c5a2d14a81176d296e1676
DF9FA043D0189BEAA83582FCADA12577,10843,src/ui/view/UiGodWeapon/UiGodWeaponAccessWay2.lua.gz,a188eeee2044bd819e2c64355d61b278
FB086D4F00C7436D9F77F9647747B3EB,15679,src/ui/view/UiGodWeapon/UiGodWeaponAccessWay2New.lua.gz,94e8cdec49c264e124f66a5e1a4702bb
D1CB82680B030EC15D8867F82F7AE878,2611,src/ui/view/UiGodWeapon/UiGodWeaponAccessWay3.lua.gz,40961e51dad315a2e1a667585dc13eaa
00A449816ED8A99F97B2C8B240997FBD,1331,src/ui/view/UiGodWeapon/UiGodWeaponAccessWayAwardItem.lua.gz,b5b6922f122c102e2a42670f37e712f6
2AC874A4DFD30F7FC6A1AE67448C3037,9683,src/ui/view/UiGodWeapon/UiGodWeaponAccessWayTypeItem.lua.gz,2783e38009a84f2ba8c5bf137b0c3a7b
51DF8A6CF379261F72DB1811C418300E,547,src/ui/view/UiGodWeapon/UiGodWeaponAttributeDetail.lua.gz,aa6a7517c1976cb53fe9f6ec04656189
CD042DED8EFD2F05CC889E85589EB9A7,487,src/ui/view/UiGodWeapon/UiGodWeaponAttributeDetailItem.lua.gz,2ea70818d5428ba8fc94d2f5354139a5
0B12DA318C0F90F40160ED8932E1F4FB,107,src/ui/view/UiGodWeapon/UiGodWeaponAttriDevideLine.lua.gz,1082bb46f3752d8e96940364696a59b0
9CD368EAEB88EC9EE5F914232C1F0689,9623,src/ui/view/UiGodWeapon/UiGodWeaponBattleFormation.lua.gz,76696731c91a84e4b194df4abe91530e
B02F9B4DE0869A21A9743C73ABFE2B7E,1963,src/ui/view/UiGodWeapon/UiGodWeaponBattleFormationItem.lua.gz,3d42ae3fcea4b73f67382a79502751ae
52236B310749D07D8147030F07233DB2,1099,src/ui/view/UiGodWeapon/UiGodWeaponBattleFormationSkill.lua.gz,336fc5d2ca751d094e7f2a576b95ef5f
9D36C52FF54EE3847D1E376ACB5AE588,6975,src/ui/view/UiGodWeapon/UiGodWeaponChoose.lua.gz,9d9ba8c481ac58fdc26b4a1e3373b1bc
E3C00130B01EE797AF0F003B669969E8,1283,src/ui/view/UiGodWeapon/UiGodWeaponChoose1.lua.gz,97393663f3a622bc04868f26250446b5
16E1FAB8EC0DF76F707D3D47D6050E7D,4575,src/ui/view/UiGodWeapon/UiGodWeaponChooseItem.lua.gz,7353f26c83f91edd5a20a4c1930898d8
71FE07CCBD3A09B12B767E97F3EBCB6E,1327,src/ui/view/UiGodWeapon/UiGodWeaponChooseItem1.lua.gz,fb5085f5a44144d64354d55d1bc54d1a
973CA83D613EECCF283FF130B0997CA5,1199,src/ui/view/UiGodWeapon/UiGodWeaponChooseMenuItem.lua.gz,73faaf10f4b692c2ec761eb993940dc0
02A8BE0DF0AB434BA98457A60AF56E33,2963,src/ui/view/UiGodWeapon/UiGodWeaponComboDetailItem.lua.gz,5df07d858ee6795ae833c672485e1971
DDF9BA906132199A8948F2976C35E603,1291,src/ui/view/UiGodWeapon/UiGodWeaponCommonSkillItem.lua.gz,41ea621959c1e24c6791ed06813dec08
11E162079A29D0BF44C52A9EF8A38E3D,3099,src/ui/view/UiGodWeapon/UiGodWeaponCultivateMenuItem.lua.gz,34ebe8f029d546f20824b569320ec465
2A855BD4B98FB9776B59BC2292DC4BCC,4675,src/ui/view/UiGodWeapon/UiGodWeaponDetailBase.lua.gz,240520e602ec1979ea41ce807fd09587
B2E0EB5931EBFEF4FD0ED5204F3107FA,16660,src/ui/view/UiGodWeapon/UiGodWeaponDetailShow.lua.gz,aae3c52cbceee46e0427490d5c66cbbf
28927247ECAE493528F2760A6CDF8FD0,539,src/ui/view/UiGodWeapon/UiGodWeaponDetailShowCollectAttri.lua.gz,a5c23d95d1132f8703fb131ef35c6b17
AA93BF9F8DB3C7CE09F2A6FEC218E403,543,src/ui/view/UiGodWeapon/UiGodWeaponDetailShowCollectAttriItem.lua.gz,d50dd25069e68d8a7bec8f81cc2fe7be
EDBED38E7E477DFF75F04B68A9542301,1635,src/ui/view/UiGodWeapon/UiGodWeaponDetailShowComboSkill.lua.gz,f0eb5f5af76bb9f57d7558287997a371
3C3EA096D20B8A8095620AE9ABFCC71F,811,src/ui/view/UiGodWeapon/UiGodWeaponDetailShowMenuItem.lua.gz,ddba254095a4bebf9de0dca520560072
6AD22B56DA2073C5AD45E1CFE762F8B8,3495,src/ui/view/UiGodWeapon/UiGodWeaponDetailShowSkill.lua.gz,34eee83ef39ad9be36bae3445da524bc
7712584918419A579B83C52A5703DF4E,1231,src/ui/view/UiGodWeapon/UiGodWeaponFatterSkillDesc.lua.gz,0e90abec82fe58703485ad747c17e986
71EFDC46825F1FAA70EAD2A296A5D527,3379,src/ui/view/UiGodWeapon/UiGodWeaponFatterSkillList.lua.gz,81f636f2f7de2ef03f7b07789e6aca83
7CD012FA7F706C6825BAACB03A3FE59D,587,src/ui/view/UiGodWeapon/UiGodWeaponFeatureTag.lua.gz,dec01849da23ac751930587170e2b3ee
A7C05777676135889B626391B8E6C868,9479,src/ui/view/UiGodWeapon/UiGodWeaponGetNewArm.lua.gz,a028e614c3cb6f58cf31e775cc99aff7
74A89948A5FA368B4B83A144BCD8A126,159,src/ui/view/UiGodWeapon/UiGodWeaponGetNewComboPlusItem.lua.gz,8c33f7fded5e2fc4822fc37755507147
0F674D084E1788AE1E4AD75455091683,2575,src/ui/view/UiGodWeapon/UiGodWeaponGetNewComboSkill.lua.gz,521dc0f4bd8f1a838618dc9abc943eb2
B1720E6B0A47DD4662D940A6A6B6A3E2,1947,src/ui/view/UiGodWeapon/UiGodWeaponGetNewComboSkillItem.lua.gz,f5fbb4d5ab4326ba63cfc890d7f6e377
4398757FBF72420447030283843A8D2F,13667,src/ui/view/UiGodWeapon/UiGodWeaponHandBook.lua.gz,28a2c65d30bfad7af12a591eee2d746c
C325E29E39AE2E5884A6586AF7E0A8A0,1807,src/ui/view/UiGodWeapon/UiGodWeaponHandBookActivate.lua.gz,32a534827b6c41aa1361938c9ab11b6c
11F399D2A8968E0007E758968A1550F9,479,src/ui/view/UiGodWeapon/UiGodWeaponHandBookActivateAttriItem.lua.gz,d9607d9ed94f57b294a929a4efe12da6
D401B71565563AFB01512D152AC16C1C,1139,src/ui/view/UiGodWeapon/UiGodWeaponHandBookActivateItem.lua.gz,364888fade20f5a0134dca082fe93d8a
850CEA2113D72D24CCD07E4FDA52DBEE,495,src/ui/view/UiGodWeapon/UiGodWeaponHandBookAllAttri.lua.gz,c7644c276e6f4dce546259c7e48df63a
659EF0394B9796A8EF508ABB2152D4A9,807,src/ui/view/UiGodWeapon/UiGodWeaponHandBookAllAttriItem.lua.gz,67c3323e28e152e5af2cc5bb74cec871
9B8BFB0DEDAB1B4556DCFCDB846AA0BE,175,src/ui/view/UiGodWeapon/UiGodWeaponHandBookArmDevideLineItem.lua.gz,1cd7b600649eea3d4a9aa90d0497a31e
4153962B889D539F15231473ADA560A5,9391,src/ui/view/UiGodWeapon/UiGodWeaponHandBookArmItem.lua.gz,5cca55a596b1a40adfd381e14f6820d3
0BCCAA7C6B71E460F777F08BDB31108F,3331,src/ui/view/UiGodWeapon/UiGodWeaponHandBookArmRowItems.lua.gz,910a3634aa17006e13253890808c7a31
D6F8988AE5F7F1768E390171B5C04648,1723,src/ui/view/UiGodWeapon/UiGodWeaponHandBookSkinItem.lua.gz,22e11c984b4ee781020eb6543f907c97
EACF9ADC6DCAC32A6A7ED991C1A4BC3B,211,src/ui/view/UiGodWeapon/UiGodWeaponHelpTipsAll.lua.gz,af34fe66a800a7099ded086959ee4a79
0F0A0619025A752BFEAF22FF013E10CF,1395,src/ui/view/UiGodWeapon/UiGodWeaponHelpTipsAttri.lua.gz,c0bbd6472bf4bffadf04892ffe0e48f7
849D0A800A024C5D1C6A68187367A2AE,139,src/ui/view/UiGodWeapon/UiGodWeaponHelpTipsSkill.lua.gz,4049aa6c5c43cb3d41564299ca90bd1b
64DFC45124A592005462E72D3392AE96,383,src/ui/view/UiGodWeapon/UiGodWeaponIndependentStar.lua.gz,27ebd64cba3061147dd275d13bfb75ec
39365C830D1CEE3A463729C1EDBCD506,1267,src/ui/view/UiGodWeapon/UiGodWeaponItemNew.lua.gz,3a5374d741d4d4f45a1369fe64dcacbf
E4CF643EA18D1A8C83AE2ED4B85BB266,21812,src/ui/view/UiGodWeapon/UiGodWeaponLottery.lua.gz,70507767d4ec7c2c0a9b9ba691d2b074
7CD95E5F91EAA50D24565E696580A97A,1267,src/ui/view/UiGodWeapon/UiGodWeaponLotteryBuyTicket.lua.gz,0710995043f14f8fb2e6f11903443fdf
2CF93EA80EF589D0E0CCE0D9787EF9BC,1091,src/ui/view/UiGodWeapon/UiGodWeaponLotteryBuyTicketItem.lua.gz,d8ae96f59f9396ffdc2f8d511fcfc13d
2FCE16BE742BA753B82D420D4CA273CC,5731,src/ui/view/UiGodWeapon/UiGodWeaponLotteryGet.lua.gz,d99d4eb37172fef5b9bfda5aa77fed4d
3920E7A230C2CA0E427C05A4F501150D,5511,src/ui/view/UiGodWeapon/UiGodWeaponLotteryGetItem.lua.gz,f47af86c3f08edb2bd503f8cec13171d
090EACE3C9D2D2E95BE28316C0F76FC2,915,src/ui/view/UiGodWeapon/UiGodWeaponLotteryHelp.lua.gz,e64a4eeb189d9a489d98a22f760b5ea4
EA2BD5A95656709FFCAB5A4C806A2E63,2107,src/ui/view/UiGodWeapon/UiGodWeaponLotteryItem.lua.gz,a3b05cf287617fddef577b1ea7af774c
2EC5F47AADC067AF6DE08893E806A746,2711,src/ui/view/UiGodWeapon/UiGodWeaponLotteryItemNew.lua.gz,fc4acd4a4c4cfc30bc79c32f46de8d54
2A3034F93EA151178501C7F47D11A5D5,10827,src/ui/view/UiGodWeapon/UiGodWeaponLotteryLimit.lua.gz,45df4725e041bcabcc69bfe5a9a77f86
739FA5CD11E5414A35136A7621172BDA,9187,src/ui/view/UiGodWeapon/UiGodWeaponLotteryLimit2.lua.gz,dfe251f0643e7cf62ca1d31c254a3bba
EC4D940C6484675B3368A24D06E2D219,2067,src/ui/view/UiGodWeapon/UiGodWeaponLotteryLimitItem.lua.gz,8f2d6b2163389a6577cc7d75f4e10a19
DFC278275B8F653434E5D367B258E02C,1735,src/ui/view/UiGodWeapon/UiGodWeaponLotteryLimitItem2.lua.gz,17315bb1970809b3bc5b041e71ed1c2c
0EC48756C292B4691C5C0D588413399D,551,src/ui/view/UiGodWeapon/UiGodWeaponLotteryLimitPopularItem.lua.gz,db8d20e2d65c2cd6a66fe01964be03b9
9267ED0550832830BF987399E4E3E079,1451,src/ui/view/UiGodWeapon/UiGodWeaponLotteryMain.lua.gz,5918b7349f7fbcf0a172d090d6de4ca9
8400E5D5E0EB35B025B29FD9ED4C4961,2371,src/ui/view/UiGodWeapon/UiGodWeaponLotteryMenuItem.lua.gz,66979552527661ba3a84a4c5c5c74571
8AF181D4DFEB69E2A3AE94F260529327,675,src/ui/view/UiGodWeapon/UiGodWeaponLotteryMessage.lua.gz,69559c1edc2862a168dcf4ac88385563
ACF0D88AF26B247A5AC728BC26EA215A,1591,src/ui/view/UiGodWeapon/UiGodWeaponLotteryMessageItem.lua.gz,296987d1e8c8e01f6603bd5b4d1ec56d
F590F33134DE57BE4B1BF1994ECD6455,531,src/ui/view/UiGodWeapon/UiGodWeaponLotteryMessageItem1.lua.gz,d135599d3375e571776946fb2dd10640
4F6F6B53CE052EA686EBBEBA083FE01F,7955,src/ui/view/UiGodWeapon/UiGodWeaponLotteryOpening.lua.gz,3841b64ef9656d27f49e0687a60dcc39
D56541CE2B6D38D0CB1E43221EF200FB,651,src/ui/view/UiGodWeapon/UiGodWeaponLotteryPageViewItem.lua.gz,51896b270240917ab3808120627e20bc
5308E66895C598301F82A055B60314A3,1063,src/ui/view/UiGodWeapon/UiGodWeaponLotteryPreview.lua.gz,7ca418a7c76d027db20d4d512dc0f2d7
7377EC86664C1BD644CCD46A825C7748,2083,src/ui/view/UiGodWeapon/UiGodWeaponLotteryPreviewList.lua.gz,03447a929fb46f0691588a36c25a3112
B8F124B9717581F2656AC97E4821D7C0,2079,src/ui/view/UiGodWeapon/UiGodWeaponLotteryPreviewListItem.lua.gz,ba781084d5ce0ea3da64924fe4bcec7e
A01AE240C600708C90AD807FE5CC6E97,4075,src/ui/view/UiGodWeapon/UiGodWeaponLotteryWish.lua.gz,76832e8dee44f28a5be5ab87f2957da5
7F34042E6CE9FBF93D28160E297AE991,4075,src/ui/view/UiGodWeapon/UiGodWeaponLotteryWishItem.lua.gz,777c8e4b1de917952309441d34f3c1ce
C5A8BFA2CC2F4DDD4DB12E5232993798,19024,src/ui/view/UiGodWeapon/UiGodWeaponMainNew1.lua.gz,22e47492b82323c7d9e3c9aaa1910e6d
AE95222C95BF716F0229F3B25B4A1AFB,635,src/ui/view/UiGodWeapon/UiGodWeaponMainSetItem.lua.gz,e8394bdc47c653137aea4912bb5b6883
827626CD677D7BD3B25E7B8E28EF428E,5755,src/ui/view/UiGodWeapon/UiGodWeaponMainSlotItem.lua.gz,0c1b2742e5809206357217b8d86f4c52
8F91D46ACCF379C8C91C51F92089C9E4,4127,src/ui/view/UiGodWeapon/UiGodWeaponMainUpStar.lua.gz,f64563aed7bad28363febbf93e73c910
7D98A8EA725DC7834582ECC1C566BC8F,1847,src/ui/view/UiGodWeapon/UiGodWeaponPlayer.lua.gz,0432b607dbbaa202e0a999ea49ba6119
AB73AF016C5D0590FF306A5A69F4E396,1743,src/ui/view/UiGodWeapon/UiGodWeaponPlayerItem.lua.gz,f4b5e0ee1bb5573001cf3622700dba03
FB21E43559EF90D36614C27AB0815A99,663,src/ui/view/UiGodWeapon/UiGodWeaponPlayMenu.lua.gz,4b9fadae9212f5f5a5dc8778bb63482e
5B49382B3B4EBD960181C836D3967D8D,291,src/ui/view/UiGodWeapon/UiGodWeaponPlayMenuItem.lua.gz,88ea5613abda9ffa07908b8143cdc72d
608D88F0886F590BFE81005165814095,699,src/ui/view/UiGodWeapon/UiGodWeaponPreview.lua.gz,565dccbbd6d1335cc91d491fcc07661e
E10188F7CB10FBB80F33769D1050919E,2911,src/ui/view/UiGodWeapon/UiGodWeaponReturnMats.lua.gz,f0d8de01971cab21dd29f2b11c37d404
40DF1C7923C70095B039BADC7BB911E8,815,src/ui/view/UiGodWeapon/UiGodWeaponReturnMatsItem.lua.gz,829fff914e603164e3ee8c9eede52bf6
2DC5136DE8FC8014C10B69FC844076D3,519,src/ui/view/UiGodWeapon/UiGodWeaponRoadAcquireItem.lua.gz,25d457a9e7c9327e7d4b4a7b9a81a397
40C8026B85552C627E3F18CF14331180,2151,src/ui/view/UiGodWeapon/UiGodWeaponRoadMain.lua.gz,2f035df23accf5218a8383b770ffdd4a
4D08BD8B3C576E9B8A8FFD7FEB901845,4955,src/ui/view/UiGodWeapon/UiGodWeaponRoadMainItem.lua.gz,0d50e2e771615cbdda1db1f1756dd1df
21884CF0B8F787A5D2CE9FA45A359BEE,5387,src/ui/view/UiGodWeapon/UiGodWeaponRoadMessage.lua.gz,07a3f4585f8074986baeb33c2379893f
1EAF35581E032652D1FB5A226BE9ADEF,2431,src/ui/view/UiGodWeapon/UiGodWeaponRoleSpine.lua.gz,223fad1319f1c9f2c87bc3bf9747e1c6
24C5B75663FFB7B5F7616B2CA6132FC7,839,src/ui/view/UiGodWeapon/UiGodWeaponRoleSpineMenuItem.lua.gz,a3f5f5c8d6278f181096a64be11ca79d
0BEA506154584EC21F30D73F3ADA907B,5703,src/ui/view/UiGodWeapon/UiGodWeaponShow.lua.gz,67e6f6b0a8a8c97ab13a05fb1bbb3080
13221FB68869C4819E4A7A01A4D8CACF,1603,src/ui/view/UiGodWeapon/UiGodWeaponSkillIconInfo.lua.gz,eaab64ac0c1a329f1f16379fe32c5e20
72BF7CDC061369DB8D08DE32D1282BF2,6891,src/ui/view/UiGodWeapon/UiGodWeaponSkillInfoDetail.lua.gz,8d20385ad91a6e4e968ce9f288cd8165
55F3A52B6EAA342A58553ACD09F42CDA,1983,src/ui/view/UiGodWeapon/UiGodWeaponSkillInfoDetailItem.lua.gz,ad1012a3a34c671fc6f14e3137135bcb
21239E5483171CE5B000F6CBBC687238,155,src/ui/view/UiGodWeapon/UiGodWeaponSkillInfoDetailLine.lua.gz,f47357ed707f8f067f50cde79fe2255c
A223093C5A69D0634D0356B8BDB73AB9,2427,src/ui/view/UiGodWeapon/UiGodWeaponSkillInfoList.lua.gz,c8e5b6fd66213ed00d146202f2fe4c76
64867CB3CBFD49EFC63A96BFDD92251D,491,src/ui/view/UiGodWeapon/UiGodWeaponSkillInfoListStar.lua.gz,2e60000fd1861584d125ebe1e35db04c
1CEF9BA9150FBFB99E9A9D07992C3FEC,1827,src/ui/view/UiGodWeapon/UiGodWeaponSkillStarItemInfo.lua.gz,511cc847b8af2a72546fff56339b32fc
86F79D00B525AF9C1E66E8D0852638E5,1943,src/ui/view/UiGodWeapon/UiGodWeaponSkinGet.lua.gz,eef8011c3d547d515b08441fdab9d533
EC601C80B2C3E1A72BD7B5ACB0BA817D,8035,src/ui/view/UiGodWeapon/UiGodWeaponSkinMain.lua.gz,2a864277b5306589ce6db65bb6536eff
B56BA50F4F569B8789F356D88D5BBC74,2199,src/ui/view/UiGodWeapon/UiGodWeaponSkinMainItem.lua.gz,38649573dd365de6427b3955c03bf873
AF538E9C1F856BAE115536914A1B4670,735,src/ui/view/UiGodWeapon/UiGodWeaponSkinPlayer.lua.gz,9059e929154311c623e951a9ce737d4f
60BAB8726DFCAF5184ECDA52C617D54B,915,src/ui/view/UiGodWeapon/UiGodWeaponSkinPortrait.lua.gz,63420109522c7e57085c9e2c561886e1
314403E87C015998C6076558A1760673,3171,src/ui/view/UiGodWeapon/UiGodWeaponSkinPreview.lua.gz,716955cb8f88e95680fed9e31b9eec3b
DB23879996D0849B774F851F9BF77D63,751,src/ui/view/UiGodWeapon/UiGodWeaponStrategy.lua.gz,4b48a8ac61fbc07f5a71c2fdb3f57676
17696CEF4091C54ADAD1A83E2E89DC57,1187,src/ui/view/UiGodWeapon/UiGodWeaponStrategyItem.lua.gz,585df9bbfa90a8522f1adb001d6a2021
3FD791839BF1D4911E43720EB7E0DC41,1583,src/ui/view/UiGodWeapon/UiGodWeaponStrategyItemSingle.lua.gz,e381f31bf2b50ed9ec9dd570d7ceb457
012FDFF41D42BA913FC4B272EFC0CBA0,1439,src/ui/view/UiGodWeapon/UiGodWeaponTips.lua.gz,4c5999afd007d716050060d9162ea756
CF01DBC0F6C5D63D2018DF803986564F,1295,src/ui/view/UiGodWeapon/UiGodWeaponUpBase.lua.gz,daa71a9ec19e50e926fb954bed2d2ec9
792FD2DD5C787A72437771728BF4AE5E,10187,src/ui/view/UiGodWeapon/UiGodWeaponUpDetail.lua.gz,ed0314c5e21f78061c477138e9abe4c0
3E804BF5DA3F5A186EFCC60B6AAF5D9E,1051,src/ui/view/UiGodWeapon/UiGodWeaponUpDetailAttriItem.lua.gz,e7ba81455a8d3cbb76fc5775e898b4bb
0262E19D8617C3527A27E468C261FEBB,11831,src/ui/view/UiGodWeapon/UiGodWeaponUpGrade.lua.gz,e8bf59e624638face01007d613ddad37
F665502F405FF16D309F0BEEE14F2DE7,735,src/ui/view/UiGodWeapon/UiGodWeaponUpGradeAttribute.lua.gz,9f7fe727e18c02a745ace01f22ca2edd
4778D4B095A6DD4588519324A9F6B757,1219,src/ui/view/UiGodWeapon/UiGodWeaponUpgradeBase.lua.gz,0e38c1d52c01a48709681f40701b1668
4B0202165DC8A7171091E4DFCA880B19,1907,src/ui/view/UiGodWeapon/UiGodWeaponUpgradeDecompose.lua.gz,3a6c125ee3673f81ccdaf773a9582d89
C3711C6C649F7D99FCCB57CFD962E2BD,1279,src/ui/view/UiGodWeapon/UiGodWeaponUpgradeDetail.lua.gz,dab38cef5214997c22a72acd47b949ba
DD29C0DBCB062D4E5F027F0C8088D934,7987,src/ui/view/UiGodWeapon/UiGodWeaponUpGradeItem.lua.gz,d1db6300e3802497a4aebd22bb37b8db
F90D283F2B8B0F15AAE924DE977B4262,1991,src/ui/view/UiGodWeapon/UiGodWeaponUpgradeLv.lua.gz,ed87d498c9d8f055c7738490160fcb17
8A04655FFF7174C719CBB9DA4F1574CC,8723,src/ui/view/UiGodWeapon/UiGodWeaponUpgradeMain.lua.gz,cdce73d3a6da7177bb8b26a37b3bca69
105C3733B7CB597DCFBDE3AB1BFE1B49,915,src/ui/view/UiGodWeapon/UiGodWeaponUpgradeMake.lua.gz,248b714820d53409ba4d76b495632872
9FB17A90F504C3BC600EAE79212F3B77,2943,src/ui/view/UiGodWeapon/UiGodWeaponUpgradeMakeItem.lua.gz,29aec3ba2e363d064cdd1e9b75a94a88
92EE81CF778C2E267C75C2FA2C4975AA,391,src/ui/view/UiGodWeapon/UiGodWeaponUpgradeMenuItem.lua.gz,19cfb4dd9989de17e7d5d3491692b7c5
6D0F76CFD14663EF74352A064BA30354,2175,src/ui/view/UiGodWeapon/UiGodWeaponUpgradeNeedItem.lua.gz,2fbafbc7d69c1daf896d3e3777774359
03F36E7FF5F62A6575F3A5A43CFD3F99,131,src/ui/view/UiGodWeapon/UiGodWeaponUpgradeNeedItemStar.lua.gz,0a04ccf6d88d44667b442e9255564c29
8AF56E823DC50FD92D93A35CFF42FD93,6059,src/ui/view/UiGodWeapon/UiGodWeaponUpgradeSkin.lua.gz,cf28c31a8da50a8d452229a6b931f76d
12F98B51CDBD2A9C23E4EE4C417A7B95,2763,src/ui/view/UiGodWeapon/UiGodWeaponUpgradeSkinItem.lua.gz,54b955d960e60c92d69be76225d912e5
A5566F36C0BF5FAE16EB3ECF7712961B,343,src/ui/view/UiGodWeapon/UiGodWeaponUpgradeSkinPlayer.lua.gz,070765f6b199c4a47d05842749ea8e07
484CB5DD4706B5B1B5325DB6D237084A,1995,src/ui/view/UiGodWeapon/UiGodWeaponUpgradeSkinPreview.lua.gz,2624e6cdb7c7eb5efb72246809edd426
D0DE59B69A859BD0450D143FC9A65743,4151,src/ui/view/UiGodWeapon/UiGodWeaponUpgradeStar.lua.gz,d482b7e2b97d8c1e512a506259fedc56
9CC645F7AFBAEE2CC61DCC4F17BBB58B,1683,src/ui/view/UiGodWeapon/UiGodWeaponUpgradeSvItem.lua.gz,937283a92b17deac59fcd43312854f3c
8CD29A6652260FAEB68442D1DCAFE21F,8871,src/ui/view/UiGodWeapon/UiGodWeaponUpLv.lua.gz,06fd40027741f3249645556ed7b0211b
421461D566CFD865CA8B6B68E8C5C497,2491,src/ui/view/UiGodWeapon/UiGodWeaponUpLvItem.lua.gz,43e89a784bf9cd6ece87faf25a3925d1
CF2CEA144F3DB80BEFCCC9E46C6A4D8C,2383,src/ui/view/UiGodWeapon/UiGodWeaponUpPieceSelect.lua.gz,5fa5624c24292c5cc046cbd2b9179269
CFF4E0E783E9388223AAC81C24DE1229,6991,src/ui/view/UiGodWeapon/UiGodWeaponUpPieceTransform.lua.gz,669ed43325a4c2ff2504f522e59436d2
EC64CE9B4690D694C8BAA269C8B5A78B,771,src/ui/view/UiGodWeapon/UiGodWeaponUpShowAttriItem.lua.gz,13006467bbf19b75ab417189cb440f23
D15AF309C8FF77EDBDB05A56B4E7DD40,1215,src/ui/view/UiGodWeapon/UiGodWeaponUpShowAttriItem2.lua.gz,a0d31a2690f9bf2f86e47dde814c0d32
246672152DCF40AC69E620BF6823C192,1447,src/ui/view/UiGodWeapon/UiGodWeaponUpShowBase.lua.gz,2b02a8bf6d6c7d18ba7955a57de1e30c
DC2D2DFC23663826B5315DE8A8D0C4B3,859,src/ui/view/UiGodWeapon/UiGodWeaponUpShowProgress.lua.gz,aca29327c7d392a26034dd52be4328dd
C53F5D6742D289E763DDBFA5F0764760,1283,src/ui/view/UiGodWeapon/UiGodWeaponUpShowUpGradeNormal.lua.gz,16e50adb5d051e430e09d627a8cef7eb
8E18F3667D6367D0949B1C69CBC21684,1923,src/ui/view/UiGodWeapon/UiGodWeaponUpShowUpGradeUr.lua.gz,d55b9bc6328bb62fc80580c9c519c951
813EDF41544F4B7879D429DECA9DC8A9,2859,src/ui/view/UiGodWeapon/UiGodWeaponUpShowUpGradeUrSkill.lua.gz,79d8e8d7275af26c87137476dfba9885
64F273A9D5EF16B07C1787687AD44463,5239,src/ui/view/UiGodWeapon/UiGodWeaponUpShowUpStar.lua.gz,a235793d33a7b934819ff67c8f5d5d0e
BAC55C0404E90C161EB2BF68007DB35F,247,src/ui/view/UiGodWeapon/UiGodWeaponUpSkillDevideLine.lua.gz,cd67d305e4e62310af437a425e47a8a5
E468E878A327AC1CEFF5D435AB7885F9,34129,src/ui/view/UiGodWeapon/UiGodWeaponUpStar.lua.gz,d11d57e784ea94ab2f830d3f71d37634
7BA078F905860B3956495CCD6D95AD29,695,src/ui/view/UiGodWeapon/UiGodWeaponUpStarEffect.lua.gz,8162130ea7258372fbb50859db621cbd
F58CA119067FCA20E82DAC0FDC02A052,711,src/ui/view/UiGodWeapon/UiGodWeaponUpStarEffectUr.lua.gz,e53151ac4abeee1fac18d7825b253807
CF4930FFCFA0708FDC623BFC92D296CF,891,src/ui/view/UiGodWeapon/UiGodWeaponUpStarGradeAttriItem.lua.gz,378fce17f6d6c6f4cc7b5d1d5fa6eba7
253371712E343AEAB8143ED06EFA6262,2575,src/ui/view/UiGodWeapon/UiGodWeaponUpStarNeedItem.lua.gz,ab84b7f96ca453a15487e0ac607d3ed6
9CE7FA2A0700C5C4C0DD144DCDBC11A5,711,src/ui/view/UiGodWeapon/UiGodWeaponUpStarNeedItem1.lua.gz,fd1c23c7fefa8611ce7a3b8e68c3966e
3DE2E461FC16FAE44DDBECA3390A4F82,1007,src/ui/view/UiGodWeapon/UiGodWeaponUpStarNeedItem2.lua.gz,1bb84b01709ea183342864b84ecdfb1f
57DD30968BDACC06309C81733142BE13,3291,src/ui/view/UiGodWeapon/UiGodWeaponUpStarSkillItem.lua.gz,e75a09242ddc87e86124946a4804bb41
0077B19F52B7539E82BFE68064943A3D,4623,src/ui/view/UiGodWeapon/UiGodWeaponUpStarSkillItem1.lua.gz,7075c422b24fef9a79a87ec13d7c056e
B16CC759D924A3ED695112F7CE3C46C9,943,src/ui/view/UiGodWeapon/UiGodWeaponUpStarUrAttriItem.lua.gz,92ead647dd4adf4b8dde1b1ce186fd0b
811EC75C705BC2E3C94A1A15001FC7BA,7987,src/ui/view/UiGodWeapon/UiGodWeaponUtil.lua.gz,a0fb8d2c778ac4dab562cb86af111885
7E14E29B209635558BA7740C7625B7F2,6511,src/ui/view/UiGodWeapon/_init.lua.gz,2e3ed28133674b6bfeabcaa2b54843bf
E9D8CFBBA8C6AAF6C1F450DC1C6674D4,131,src/ui/view/UiInfinite/UiBuyInfiniteTimes.lua.gz,6476a769b60f4a264f6693cc9e8ff23b
0601F224497D78965A5DD8B60D6081A9,8851,src/ui/view/UiInfinite/UiFightSettleInfinite.lua.gz,9f17fabdb471599e6df0c6599ef1e564
4820EB62D0CA79296C0468B339FE0A56,4171,src/ui/view/UiInfinite/UiFightTypeInfinite.lua.gz,f21871fc20131fd66b059c17993a973b
A18D58787B072626E5CBD18F6E797D17,371,src/ui/view/UiInfinite/UiFightTypeInfiniteSafe.lua.gz,f35f9026f6b649aca74d447ceb4658bf
0577CD3B2CED5E8583440CE16F2B29E8,6711,src/ui/view/UiInfinite/UiInfiniteAotuCar.lua.gz,165aac2c03300244bdfe62840de10eaf
504299A063390C1877A46B894CD22D96,279,src/ui/view/UiInfinite/UiInfiniteAotuCarItem.lua.gz,72abac2abc586b408199be00e0a10dae
8391D470F95986E96D20D36855368433,899,src/ui/view/UiInfinite/UiInfiniteAotuCarMore.lua.gz,0b7cd020dc5ee8600436fd0b47192e67
EADD5A33F4FA489D5AC94F3805AD750C,151,src/ui/view/UiInfinite/UiInfiniteBuyMineCarKeys.lua.gz,d4db705f8d4523581077e6bc6526570a
C7C15700930B5E6B81B1C30743130FC4,3483,src/ui/view/UiInfinite/UiInfiniteChallengeDialog.lua.gz,b55604c99ab65966afc6275c91d6ffa6
DF6F104C1F6A7D8E392A31433D5E686F,239,src/ui/view/UiInfinite/UiInfiniteChallengeDialogItem.lua.gz,f2ebc618893018e9cb1f61f40caa65b8
8D4595871DFFC82578CD9C6D3260B3F1,675,src/ui/view/UiInfinite/UiInfiniteChallengeMakesure.lua.gz,92ce96fb27a1a8b06f64f5b7ffefe726
4985CA8366C8ECD11C04EADFB8F8CE5E,499,src/ui/view/UiInfinite/UiInfiniteClearTimerNow.lua.gz,10ec890b5f321e198314e61ff7ef5c68
DD6DDF158F69F79BF2770711930B4A81,951,src/ui/view/UiInfinite/UiInfiniteFightNextTip.lua.gz,7dd084f91500242f6264a77ca28e94a1
1C77355A87CD97F7D05386F53755543F,115,src/ui/view/UiInfinite/UiInfiniteFightNextTipItem.lua.gz,492736aa86e3ab8fdabedb3d9a01a702
BD578C7676B02BD7CC6C58EEF98AD14B,2351,src/ui/view/UiInfinite/UiInfiniteLevelUp.lua.gz,72ffa9bbb7977616721cb7ba3053c84e
77F0461FEE64A32FDC69ECD80F0C8EBB,507,src/ui/view/UiInfinite/UiInfiniteLevelUpItem.lua.gz,e4b44ff0d4a1fd5b5485924854651eba
967371098E03B743413E0C8501280E90,6691,src/ui/view/UiInfinite/UiInfiniteMain.lua.gz,3e5350620e8b39a69eebb415936c9985
4F452ED824B7FC5CFC1B3F7E0238E0C8,2215,src/ui/view/UiInfinite/UiInfiniteMain2.lua.gz,aff9b8ed17bf3b8efbecd6f2c20c6448
0C0F7B19207D1D0663A597BA2987CEAE,795,src/ui/view/UiInfinite/UiInfiniteSettlementDropOn.lua.gz,292d2987def82fa49b90c298d5572c3b
03FEC0D728F9D32F1F4044898CAD6486,2651,src/ui/view/UiInfinite/UiInfiniteSettlementDropRight.lua.gz,709ed2bfe9d8bba171b75d68056ec65d
74BCD80B4F7698F52868CE53DE9A29FD,571,src/ui/view/UiInfinite/UiInfiniteSweepReward.lua.gz,5cfb5e4d917529043bef1024b3142f1a
1AD71D0340DF027794EB5CC38EDCD1DD,1191,src/ui/view/UiInfinite/UiInfiniteSweepRewardItem.lua.gz,87774eb974e51c646e92e2fd6f1594e3
8EEF531B48CFF0DB97BFB4E17B8A24B4,1715,src/ui/view/UiInfinite/UiInfinityDailyAwardItem.lua.gz,138fea7be1b57e0dc85f9c9431125376
C3E49B91F5FE710ACFD3CC77E3D334B7,1255,src/ui/view/UiInfinite/UiInfinityDailyAwardItemSingle.lua.gz,ead4036df260adc5ff1fe88c957353fd
0038FF74C0CCACF34B07A66D6A966EC3,1015,src/ui/view/UiInfinite/_init.lua.gz,aea08b0429faec3c822dfb63b7c3fdfd
4D1094219BC3B6BE6CA12E0F748172FF,547,src/ui/view/UiIntensify/UiIntensifyBodyMainItemNew1.lua.gz,65dd9b020d6581209ecb9babfa064377
A70ACD10874E5B89BB1E4F6B2299518A,575,src/ui/view/UiIntensify/UiIntensifyBodyMainItemNew1_1.lua.gz,45bcc30ab721b424b33b60c78c705671
7C977ED8E154C537804A86FFBD3CB9A9,1051,src/ui/view/UiIntensify/UiIntensifyBodyMainItemNew2.lua.gz,9a33fef57f63e1cea1b554c3dd15085c
0AD33A0ABBB37B995E7F6A93BB231CD5,1095,src/ui/view/UiIntensify/UiIntensifyBodyMainNew1.lua.gz,d935f1c39ecba55867042c4d0f08fb72
8888A83207DD870BDCFA36D402FC0907,2215,src/ui/view/UiIntensify/UiIntensifyBodyMainNew2.lua.gz,70b8d969c8b2adf2a7ba47eaad98fae6
45FE9A48DE594C0C83A965BE2773F559,1015,src/ui/view/UiIntensify/UiIntensifyBreachTip.lua.gz,ec2b2b9a399904ce04275d78c2f2c438
8F9920770593165A1F4120A9064DDF45,355,src/ui/view/UiIntensify/_init.lua.gz,23219fe0ff3dcf5f1dc5b2a59b65501a
6B7E0D7DE2C4483B66A35E3E5ADD4DCF,8907,src/ui/view/UiJokeBox/UiJokeBoxMain.lua.gz,93a9407ee423a709f0bc6fcddb55c8e1
CD17C424BB7C1AC544B93D44420A296B,211,src/ui/view/UiJokeBox/_init.lua.gz,21b00cb9be746777e43297e10a90d917
D3AF8939346B2BC8F82E09D1E5014E46,4127,src/ui/view/UiLimitFight/UiLimitAfkSpurDialog.lua.gz,a49465451394ce19b171372df10d6a0d
5D645FF38FC2874C736D9429AD4974EF,8423,src/ui/view/UiLimitFight/UiLimitBossInfo.lua.gz,3d8b95c7febe1cf35f873e1cc1a1132f
87FE7FD86F236534316ECA732B1DFC76,339,src/ui/view/UiLimitFight/UiLimitBossInfoHead.lua.gz,c5a2400954f47f4d9ea7ed0653480148
68A91A504E8796A842E2CB2A4A8AC361,927,src/ui/view/UiLimitFight/UiLimitBossInfoItem.lua.gz,9f5e4afbdacea0d354f310ce5839af61
1CDB30FB6445A7B2EE4741631D6A7DBF,115,src/ui/view/UiLimitFight/UiLimitBossInfoRewardItem.lua.gz,e57be6c3878f69f866fa43151ca271b7
BD48846F901CE3D1DD17E8D109B5DA71,2383,src/ui/view/UiLimitFight/UiLimitBossSweep.lua.gz,a152bef616c617515b111c733da181e5
17AF5E514542872DE04A65043C272BB7,1619,src/ui/view/UiLimitFight/UiLimitBossSweepItem.lua.gz,6273f6b41f06757f0a77e5c979392e74
4D95C16909A2A1E2807EF31AD5E3D91F,1011,src/ui/view/UiLimitFight/UiLimitBossSweepItemItem.lua.gz,0c388ddb10302e144d98848e86a5cfc3
01E642A16565AACC2841480E8B81AC61,767,src/ui/view/UiLimitFight/UiLimitFightingNotEnoughTipDialog.lua.gz,c3ffdda5743b00baf23593c723b16e0a
FA0855096092933DA0B08E752377F145,12467,src/ui/view/UiLimitFight/UiLimitMain.lua.gz,6f9d864ef412d5839417d5d6bfd86427
96869982267ACC019CA8F0581CFCC705,863,src/ui/view/UiLimitFight/UiLimitMainAfkItem.lua.gz,6e5acffedf2e55c50bad19e8ca8a3cd8
A4E84383D3F74EDD7E5E894D6CFE7373,1071,src/ui/view/UiLimitFight/UiLimitMainDropItem.lua.gz,10e9dfac216a7991fcd88826f96dc388
7B8C2AB100BC33F45C102ABD16F58168,1355,src/ui/view/UiLimitFight/UiLimitMainPassItem.lua.gz,a0faf5a712f5efc192ede8ead7740ca6
475D7E80FE1A03AA619AB625C8E415C6,1731,src/ui/view/UiLimitFight/UiLimitMainPassOneKeySuccess.lua.gz,e0c57f13de0d78e24c454ad30a08425d
2FACFC769D93240ECD33E76B0F0C65DF,1619,src/ui/view/UiLimitFight/UiLimitMainPassTemplate1.lua.gz,76b94511bfb688040e6725fb4830bcc3
88F3119D1A3BAA2DC7C3641C9D274A22,155,src/ui/view/UiLimitFight/UiLimitMainPassTemplate2.lua.gz,9fb9012c1557663202ae140542502757
16A52F52F0BD486C61D981EDBD9C7F27,155,src/ui/view/UiLimitFight/UiLimitMainPassTemplate3.lua.gz,205674ce7799de0b9ad6ca17d03cb270
53AB3F582547DD4F657502822640C4F6,1471,src/ui/view/UiLimitFight/UiLimitMainSpecialReward.lua.gz,8e23ea4a4fd83ed0c850d4fe4f304416
F9C8A6754CC8E5947AB71D787427393A,1571,src/ui/view/UiLimitFight/UiLimitMainSpecialRewardItem.lua.gz,65ec9957848a1ea863e91c6d39bf264f
EF53A5A1877B6625EAC230F84C65C34D,399,src/ui/view/UiLimitFight/UiLimitMainSpecialRewardItemSingle.lua.gz,ca4ec08eea2935abb1d04c0c78dd4781
72905E6BF32D8E5DD3B34E33037CD53B,1559,src/ui/view/UiLimitFight/UiLimitOneKeyTipDialog.lua.gz,9e9957f445a8109dfdc0674e3d706425
2BE5E8536C91E16C75B7174A3ECFF6AF,1447,src/ui/view/UiLimitFight/UiLimitRewardTipDialog.lua.gz,1e253e553950fa25ddfc27341357bd8e
3F5C46054CAC5912AB9E06FCFB999FAE,935,src/ui/view/UiLimitFight/_init.lua.gz,682727a170db407d4e44a5de84c50af3
0DBD427AA3740E98C15033F592F4DD8A,1435,src/ui/view/UiLimitSign/UiLimitSignItem.lua.gz,ce1cd66a2abbe04049950ef73b79fb66
5136335527D9BDF0D1DAAA40A511CB24,3323,src/ui/view/UiLimitSign/UiLimitSignMain.lua.gz,5da7233f0193938b6621350cbee944e9
76B421998BCFE8A4865C91F48E96B4E6,1487,src/ui/view/UiLimitSign/UiLimitSignXViewItem.lua.gz,299d155b980ea5d3c83066021bc76d70
2EE208B1CCFC1CA488FC0D1864C1E022,211,src/ui/view/UiLimitSign/_init.lua.gz,63e57485abae0f5165c65578637087d0
E4B3A91CE03DEB1711C6EB91BA296247,1911,src/ui/view/UiLimitSupplies/UiLimitSuppliesGiftItem.lua.gz,bfda6a69e29cb256ecf87c131fa0403a
71D4A306E7F227246A33A92E1D199D44,11447,src/ui/view/UiLimitSupplies/UiLimitSuppliesMain.lua.gz,7d22682b314f7d6d9f55d07b02a1d8b3
7874021E2B6A48410275FF028B046B8D,739,src/ui/view/UiLimitSupplies/UiLimitSuppliesMainTips.lua.gz,3ebffb635b5da7e264a64ae910d204b1
EFDD45D79C2D99670D99140F565A1C16,1455,src/ui/view/UiLimitSupplies/UiLimitSuppliesRankItem.lua.gz,75cba6121d5bc3749ff5908b8cb0ae01
E6CB01BAF880C19B643E8DCC6D1E1436,2895,src/ui/view/UiLimitSupplies/UiLimitSuppliesScoreItem.lua.gz,51e366f3fd617b3b7fcc88fa326b2cc3
F3C73B400F31FBD25DB057997CF0F4C2,1523,src/ui/view/UiLimitSupplies/UiLimitSuppliesShop.lua.gz,99d06467f0d0615ed75056570f84bea3
E3D60297763438DFF05E7921B1700310,3143,src/ui/view/UiLimitSupplies/UiLimitSuppliesShopItem.lua.gz,4d50cb81b41590fa43aebf89d2517587
53D0F0AD5C78C09B63F8A0F1761F5034,1223,src/ui/view/UiLimitSupplies/UiLimitSuppliesShopItemContent.lua.gz,d4b93c5c12de1b93842d9527f56a6995
E2497E4CBFCAC2616895B569850EEDD8,4111,src/ui/view/UiLimitSupplies/UiLimitSuppliesShopTips.lua.gz,116a1c8b35771e3ac7ce8aefcaf44c7e
D80D05F2468CF88E05B1FC474A99E2DA,419,src/ui/view/UiLimitSupplies/_init.lua.gz,76f7d8c9bc328f73fb4ed834f44182f1
9793B5C599CEC256E7C8634D840C7679,1199,src/ui/view/UiLimitTimeExchangeShop/UiLimitTimeExchangeIconItem.lua.gz,101d95ecf33b27a0d4c6669858593f81
1CC0727FAE0E127C440E3D38F95E6C47,6779,src/ui/view/UiLimitTimeExchangeShop/UiLimitTimeExchangeItem.lua.gz,4dc83663f902071c74f245880e87b56a
B130A92674093CAF134D73E8A2EA5368,5163,src/ui/view/UiLimitTimeExchangeShop/UiLimitTimeExchangeShopMain.lua.gz,e0375c9e825a0e01e44e4e0471949790
82E48B2153514468DF58682493E86074,251,src/ui/view/UiLimitTimeExchangeShop/_init.lua.gz,a5207c6610171831ec76ce02018b9b8f
859927B73E74097F82CB97B81DFDF018,1467,src/ui/view/UiLimitTimeShop/UiLimitTimeButtonItem.lua.gz,42eb5df8ff1e7ac2dc75a87e0c62048b
B71545A3E4B288509E9C9956D312462C,547,src/ui/view/UiLimitTimeShop/UiLimitTimeShopIconItem.lua.gz,d1a5d77fcf79960c12f16cb451c08fb6
073CBD12F0F1F7A1160075ABDE28D76E,5639,src/ui/view/UiLimitTimeShop/UiLimitTimeShopItem.lua.gz,f5d0766cd3502c066314a75f87928bf5
8BBB0996D12F7456D636731460E4F184,4791,src/ui/view/UiLimitTimeShop/UiLimitTimeShopMain.lua.gz,bcb8931ff95dafc742acb14e6998720c
0A25278B02C39063717928A61A9892AB,263,src/ui/view/UiLimitTimeShop/_init.lua.gz,69a57b71745a49c33d4863ddd24c7ad0
1DE8CFBC5ACFCF19829E8839E00CC278,115,src/ui/view/UiLoading/_init.lua.gz,4be31c83242334ddfd94be952e15fb77
2F7B6B8D56070E2252F4F438044B8E52,23796,src/ui/view/UiLogin/UiCreatePlayerChooseClouth.lua.gz,38535422f087e85777eeff7e25192ea9
28FD5AF192B0F191FED13192B495BDA7,555,src/ui/view/UiLogin/UiCreatePlayerMainItem.lua.gz,977b0d13e4d503078bbcef438f34ae99
9ECC68242DAD9F155DAC3333D1334FB5,20744,src/ui/view/UiLogin/UiCreatePlayerMainNew.lua.gz,64797ae6c5ff93d4f13005880a566339
28C591EF22CA11F5A6B9B36E8A42DF0F,1531,src/ui/view/UiLogin/UiCreatePlayerVideo.lua.gz,ce84b7dbcbc2e95eb39c735fc5c46a76
E5317014FF08948DA301BA80DC9184E3,1387,src/ui/view/UiLogin/UiLoadingMap.lua.gz,6ea4cdff22f9b4f23db828d1d4595625
775B79EA156256BF42F93403D3BCA3CA,3747,src/ui/view/UiLogin/UiLoadingMapNest.lua.gz,ac4e641af243507693f1661d014f15be
2829DEFDA4CE15B64CD209D8C7A314B1,7807,src/ui/view/UiLogin/UiLoadingNew1.lua.gz,b2cb6c085f38edee946f70e2389640bb
50AD07F549E18E01F3D9C9FFE46C7338,1899,src/ui/view/UiLogin/UiLoadingWorldMap.lua.gz,64766fe0a9bb7c530787c61ce1c6f741
73FF7A991450F05FE2FBCB5ED7CC25D7,2187,src/ui/view/UiLogin/UiLoginAccount.lua.gz,163e750ed7b18112dc17bac29008a5f1
CAB3A46BE8C8A085B493D171B7A107DC,1655,src/ui/view/UiLogin/UiLoginBinding.lua.gz,e4673b7b4efe830982bd3d30a4d4e31b
BCF7F631C4A56F80936891FE4CD85B98,2635,src/ui/view/UiLogin/UiLoginChange.lua.gz,723ecf169abfe2d5cc3afa0ba4012154
7E8618FFE0403A9A0BDE7F11BC1FB4B8,8567,src/ui/view/UiLogin/UiLoginChoosePlayer.lua.gz,894bda13923bae14b4894c9447fa5d66
2351A855DC5DDCD0696F0E31943D90D5,2587,src/ui/view/UiLogin/UiLoginChoosePlayerItem.lua.gz,3e13bfd02697aa8979731ef3ec16130c
E1390638C492F0A76E48CED677A588A4,1123,src/ui/view/UiLogin/UiLoginEnterKey.lua.gz,39d90c9cc199608132468aab0f2a3b6f
0BDB4A168109719B55CCA78727B59E1D,4219,src/ui/view/UiLogin/UiLoginNewSever.lua.gz,02c89e3a27268e42f497a2a0d46febb5
8F87EAAD3077EAC84CD3323F3E851C30,7859,src/ui/view/UiLogin/UiLoginNewSeverItem.lua.gz,5e199512fbb7d4ff3ebb3f7c1e3073bd
A27CBF4325D90097475A3602F4A32008,743,src/ui/view/UiLogin/UiLoginNewSeverListItem.lua.gz,8f5473f463b2f20a85ad26b8fd441737
2BF26AA2310E4B65134121FACD703280,6103,src/ui/view/UiLogin/UiLoginNewSeverListItem2.lua.gz,6209f5dbeaf4e81b25bbb7b59b8f34a0
E0162BF980A9B6447CB497E22806DA5E,471,src/ui/view/UiLogin/UiLoginNewSeverState.lua.gz,eabf115bb0fd54ae9385adb40c3f294c
DB54DEAFC2383CD9758C8C70C00F0B0B,791,src/ui/view/UiLogin/UiLoginNewWaitingLineTips1.lua.gz,358a6ab6fdcef5e6a859597772a00c68
4DEDDBF2CD2E6E0AB8DEC9DF8B1760F8,1807,src/ui/view/UiLogin/UiLoginNewWaitingLineTips2.lua.gz,55e68f01d4c565b2be1cf858ac5cdfeb
BF55E152B28503DFE5FD1B76F8C84D8C,423,src/ui/view/UiLogin/UiLoginNewWaitingLineTips3.lua.gz,aa19f3b130958c2409d104ecb348be38
C8F3C9E6A13D9796E9F88B47657B76A8,2379,src/ui/view/UiLogin/UiLoginRegister.lua.gz,31e4d3f64a5e179707f6af8f55006e5a
53FD1ECB82A772272E94A951CA7106EB,911,src/ui/view/UiLogin/UiServerCloseTip.lua.gz,0d932391e2eb45a93364508879355e69
42F7D31AC6415D71D6F64487F738ECF1,927,src/ui/view/UiLogin/_init.lua.gz,82b2fcc0117214e97f94b242c47031f2
0222C461195DCD8046A21925C8D9C906,2683,src/ui/view/UiLuckEgg/UiLuckEggEveryday.lua.gz,5ca53d8f96362205730c26e5aca54ce2
A85F11D6CC7E119DCD1A05FB87F51C14,1155,src/ui/view/UiLuckEgg/UiLuckEggItem.lua.gz,7e046c8eef902cbe16355f56f6400882
259A2BE1B095CC9FBB789A6A494B4C9E,3835,src/ui/view/UiLuckEgg/UiLuckEggMain.lua.gz,66de28bfe3b2c5f32f74e3ff1b14a392
44BBF74F11DE819C8B78694B94269866,6047,src/ui/view/UiLuckEgg/UiLuckEggShopItem.lua.gz,562be15c5445d4c9c6c505eeebd92cdf
C35D2E32BB72BDA34A708DEE5F30CC11,1171,src/ui/view/UiLuckEgg/UiLuckEggShopMain.lua.gz,c7da604089bf41273ad2db838bd41f45
FB23101CECFB4C0F765BA99ABD8E86AA,267,src/ui/view/UiLuckEgg/_init.lua.gz,1f401c91ec3eeaa86c6cde66c05d5718
5D8098A7AD0804470BF4A2CDE8F360F4,947,src/ui/view/UiMail/UiMailContentItem.lua.gz,57ac6c867ca8a42a8937098b4018e66b
2B1922C59C7E71D021337219A6D03B80,2519,src/ui/view/UiMail/UiMailGiftItem.lua.gz,17e0f7a75ecec61a6446538191226bbe
69851CD97D9D61CCE262D1F4328F17F8,3287,src/ui/view/UiMail/UiMailListItem.lua.gz,e48a8a9d8e466d173f33011b27cd782e
F6E63FDCEBCD8207B2E7673655538654,10255,src/ui/view/UiMail/UiMailMain.lua.gz,945165539b0d6e38391bbbc344f51197
A9FE0CDF9FB85FD477A11C9DF64FCA86,227,src/ui/view/UiMail/_init.lua.gz,8274403383a33d763b28e093c412519f
9397775FF789BDD35E8D6B001B7B2136,4339,src/ui/view/UiMainCity/MainCityTipsHelper.lua.gz,0192ceaa83169ca0de062a52daed6583
62C8CEA0084B4AFD4D12C2AD82DAF871,2179,src/ui/view/UiMainCity/UiChapterAct.lua.gz,7b9c895cc2ab9a6c825cc009d39a9a3b
82AFF4817503671FE8E78BB788B07F02,3311,src/ui/view/UiMainCity/UiLevelUpMissionItem.lua.gz,1142c5542a2df2e02d65950df520f138
275EFAE48B2C09F9324BC32EF4070BBF,723,src/ui/view/UiMainCity/UiLevelUpMissionTips.lua.gz,cea301f89ff5160f4d0f31d6c1cf5c59
FE57F0D55E22D3B33DFDE2EADFA3B819,2767,src/ui/view/UiMainCity/UiMainCityActivity.lua.gz,e958fdf4b6ef4d35e08dbd28a9443bb3
88B255920C4D7E5D52C6BFD4C1BB60F4,8499,src/ui/view/UiMainCity/UiMainCityActivityItem.lua.gz,f2b50408e00c354c8a54dbc7cb407bea
52D57D5014A28BB58C23C62D95326995,5291,src/ui/view/UiMainCity/UiMainCityChat.lua.gz,407c9982ae8ecbad7ff54cc75287203f
2CA82E4DFCE5BF2AB80FC686FD631FD1,5403,src/ui/view/UiMainCity/UiMainCityChatItem.lua.gz,ba67b117a60db75d9c9e822e16a10747
8C34C08D4974E92ED2C10996E588D3C8,1675,src/ui/view/UiMainCity/UiMainCityCultivateItem.lua.gz,07cbfca4f21f83d8f4c1d753a0135b0e
1B8740F3F22474DAD4A7E9F5E231EC28,4611,src/ui/view/UiMainCity/UiMainCityMessage.lua.gz,a7eb5a1d1d0f287df39c481974ae3c20
2941F36B5D9377D02EE034477ECE5DE2,2431,src/ui/view/UiMainCity/UiMainCityMessageTime.lua.gz,b386af992c827e5ea5dbdc24891f12be
372727224220E36FF08C2609F5BA543B,1923,src/ui/view/UiMainCity/UiMainCityMessageTimeItem1.lua.gz,4a5e15d2bfb8211c39cf2f51d14d856a
927B16686A65E9B76B3018EA1247ECB1,3115,src/ui/view/UiMainCity/UiMainCityMessageTimeItem2.lua.gz,4646e64ece26ea5d4fbb3a655a85329d
C38E2C8B4F226AC48D817864665A65CF,71603,src/ui/view/UiMainCity/UiMainCityNew4.lua.gz,99a9d6a80696c3ca824448e9ab3abcab
D30F54DA6DD2A9F5DB8A55CC391D0BFE,5299,src/ui/view/UiMainCity/UiMainCityPackGiftsOpenTips.lua.gz,6d801577d6d59a8a0eb012263be7a766
00465B60641CEA901CCE6AC5B47496E8,3683,src/ui/view/UiMainCity/UiMainCityPackGiftsOpenTipsItem.lua.gz,a460ef14212d66c7d56922bdf6575aaf
97A3A54017EC5949EE66B3A1047D7441,1231,src/ui/view/UiMainCity/UiMainCityPackGiftsPreview.lua.gz,79d37a98606381d9052e035888b1a2f4
D0B0224CC2FD4E3B2385E34782DA5145,1599,src/ui/view/UiMainCity/UiMainCityPackGiftsPreviewItem.lua.gz,0e6d3ff4285fd4a96b0922ade9f3ffa5
387B6E2F3BB58C817E28DF38677A72F9,7919,src/ui/view/UiMainCity/UiMainCityPacksackItemNew1.lua.gz,6c7ae04dac3dd2bcb7835b85fc275ff4
4902B31B7ED285DE094B416185E2535E,7555,src/ui/view/UiMainCity/UiMainCityPacksackNew1.lua.gz,d48bf713cc6b8531e288f5c6fd434570
AF8E74E0B37EC4B65D876DCE2F0DF966,3619,src/ui/view/UiMainCity/UiMainCityPacksackSell.lua.gz,ffaeeac0df228f3d962be4de46d02efe
5A0DCBD5F1BE648A0FA9459349C39110,3031,src/ui/view/UiMainCity/UiMainCityPvpNew.lua.gz,17317ef5e6caabc06053a89013223842
A8CB4CF54BA1302366EA15C8CA6616E9,12199,src/ui/view/UiMainCity/UiMainCitySystemEntryButtonItem.lua.gz,05b810e7ead0ef58bc9961698aeb4912
B78AC8E9CD74949B6847F722CE7B818F,615,src/ui/view/UiMainCity/UiMainCityTaskGift.lua.gz,5277f81ef6c75293d49d588034ec317c
CD4FEEFC3BD1D4113DF4CB6961A16887,1439,src/ui/view/UiMainCity/UiMainCityTaskGiftItem.lua.gz,6d001726e9b527db4a660ca52dce2c15
25DC4617A249A603BBF99054174A16B7,17644,src/ui/view/UiMainCity/UiMainCityTaskInfoBG.lua.gz,9cf236ccc08d48f176bdacd540a47f1b
65D4AC51DFFF4900CCDA4CD1D99C6483,6471,src/ui/view/UiMainCity/UiModel.lua.gz,823c4d6508923a84f86c6a3f228f3d92
6015E3C21CAF2E99560541AC6F88A85D,1395,src/ui/view/UiMainCity/UiNextDayLoginAwardItem.lua.gz,befae475cbf72a8f8d51a428e983f910
FF4CF6A82D9D3BF0A26BF4392121FC88,3299,src/ui/view/UiMainCity/UiNextDayLoginMain.lua.gz,40f9ac0c1131b8b1a476cd0728043201
A89530F3F3A169516AD3B80DFA44FC22,4371,src/ui/view/UiMainCity/UiOpeningSoon.lua.gz,1d6ebdbd7652fda0f1208593f1ce2db8
4C834422EAC58BBD897A1BEC63947883,1427,src/ui/view/UiMainCity/UiOpeningSoonBlack.lua.gz,37fe646ad721e9405d2c9acc91963875
C9E67B7043A781BE8239B9100740F50A,5251,src/ui/view/UiMainCity/UiOpenServerOnlineWelfare.lua.gz,d88bbe43e4b3a3076d79c75e56013074
C7366633DF21388814A0D090686066DC,1503,src/ui/view/UiMainCity/UiOpenServerOnlineWelfareItem.lua.gz,5799da3d4501742f01732110c175b8aa
403DE90B5584355CEF0B902E6155DA96,2099,src/ui/view/UiMainCity/UiTaskListCommit.lua.gz,90c6ed4b755c9e1264ca974c64e43824
CB9F379063014EDDB9A426C505826DF2,1855,src/ui/view/UiMainCity/UiTaskListCommitItem.lua.gz,ffc5ae3de0eb88115a4154fb6f2d572b
C49C326EDD7576E93EC4DD82ADEF9A63,1003,src/ui/view/UiMainCity/UiTaskListGiftItem.lua.gz,7d017d6271bb83b038d7fccafb2db560
D5DD085AFD6CE934126ECCA710C93099,22584,src/ui/view/UiMainCity/UiTaskListItem.lua.gz,fe76e632057ad1cc4dd2e8904f8b8efc
18DDDDFC8CB8BE06672412CAE5A7EC05,2227,src/ui/view/UiMainCity/UiTaskListProgressItem.lua.gz,5f1fc6724dabc7c97d40d2f0597fb993
CC371C8469ECCF803A95E768557B07BD,2835,src/ui/view/UiMainCity/UiTaskListTitleItem.lua.gz,649722f82331c487536b06968af6a5b0
F6E6FB31BEC959CFB08E983012EFBD10,2191,src/ui/view/UiMainCity/UiTaskRefresh.lua.gz,b6e16bfdfcb0ec7248bca7cee5b0206c
9A214E7676DCC918BB850943B369DF22,8167,src/ui/view/UiMainCity/UiUpgrade.lua.gz,26704e1e6b260396367c8a3f6c0f6b65
42C438037E246D8753DF6367304DD361,1555,src/ui/view/UiMainCity/_init.lua.gz,d6af43378e08d22e79241c28fe2431ca
92BFE7933C96CDBE7CBC3A409EF339B0,579,src/ui/view/UiMake/UiMakeEnsureTips.lua.gz,eca2003e0656e1c03987ec6ae21dc252
EC0CFBD702742906E78C74033FCA8B5E,3131,src/ui/view/UiMake/UiMakeEquipMaterialItem.lua.gz,31890d79c1c5f4eb6acfa41ba3736b85
7100E1B2BAC93EBFE56ABF2BB301875A,9519,src/ui/view/UiMake/UiMakeMainCrest.lua.gz,c1096ffa8cc9ba9aebd7722caf9a9c8f
BC3771C83A2948F3ACA47DACA1E73B89,3571,src/ui/view/UiMake/UiMakeMainCrestPaperItem.lua.gz,bf4ec80c2f269dfd4be89d6bfcb4a0ee
7D19D0EBCFE031864CBBCCD59FDED20A,8239,src/ui/view/UiMake/UiMakeMainEquip.lua.gz,0f2efdf73ea98a4f194bdd09f72197ee
745E3F0BD22639C9C0A7283B801EFE80,2307,src/ui/view/UiMake/UiMakeMainEquipLevelItem.lua.gz,7d86c11fa52a9218bc6deeebb843897d
398593ADAD8F0495D088C10052BEEDAC,3455,src/ui/view/UiMake/UiMakeMainEquipType.lua.gz,196269ff2461e5f8cef461656ef799df
79C81FC08F4219C6F42F19EC349A7827,5539,src/ui/view/UiMake/UiMakeMainEquipTypeListItem.lua.gz,286316162e78db6bc307996f9cdad3e3
B5BDDC66F7D547198CDD322F467F74C4,3055,src/ui/view/UiMake/UiMakeMainMenuItem.lua.gz,be5cfd07e4613d348a652a7b0ccf0957
5199129594DE9C2378C07A02A6B96DEA,2235,src/ui/view/UiMake/UiMakeMainNew.lua.gz,a2bb0efeab19e7378d4666aedc445d66
234BF540A4D8AE3621E3FD99A3684D6E,3203,src/ui/view/UiMake/UiMakeMaterialItem.lua.gz,24b046bf882032827b98aab36ac49c76
28F8E373861F669130309268AF6D3674,3691,src/ui/view/UiMake/UiMakePaperItem.lua.gz,c452c115bad458b120a679722bc430ac
B0518DD4466C463287C21994234CE09F,1131,src/ui/view/UiMake/UiMakeWaiting.lua.gz,5a3b155dbf4048e505c0f848b9d4ab69
5B2ACF80C13F2BDCF339275AB643BF0C,547,src/ui/view/UiMake/_init.lua.gz,10dee5351b737c89abcc6569e97bd0a0
500FADC0A28123F06F34D754E88B4476,11999,src/ui/view/UiMiniMap/UiMiniMap.lua.gz,42d6f4ec5f091b878d86def09ffff6a5
7C48A9BA3D47A8CBAE173D72472D01C3,6135,src/ui/view/UiMiniMap/UiMiniMapWorld.lua.gz,7a4f3282f4745439754cec6ed3273394
5D495600CA25B6239D5A1AE3E3E51DC8,1735,src/ui/view/UiMiniMap/UiMiniMapWorldAreaInfo.lua.gz,c73491d20394318b945548212ec98e0f
451E0F5E2329F97200E064AAB43167E8,899,src/ui/view/UiMiniMap/UiMiniMapWorldAreaInfoItem.lua.gz,f1804d0dec15cce5a2421161d2ca6872
52C74972F32917AFD644479E5282B011,3883,src/ui/view/UiMiniMap/UiMiniMapWorldAreaItem.lua.gz,23fbbf042b1f06b9d01930f3b1290377
F9FB8BD8533B28FBA5DDA950AED04F54,283,src/ui/view/UiMiniMap/_init.lua.gz,223c277b8f5d2ebe39f9a086715f44d8
807723E744C165A560FD8C21E06740A9,651,src/ui/view/UiNest/UiFightFailureNest.lua.gz,e5dbcb8a77f17673335d27092bb89c7a
A343AC0D03E691304311AAA412859505,4891,src/ui/view/UiNest/UiFightReviveNest.lua.gz,9c506126bffb969b6f40b4c1f1b4e5aa
F7A29F1A7C9A3B245B048A2AA8A600DA,755,src/ui/view/UiNest/UiFightReviveQuitEnsureNest.lua.gz,6a3a4db4ad67a90c643487ba22874a2f
E9C67E6DC0FF9F68631E7E1218AB7EAC,3103,src/ui/view/UiNest/UiFightTypeNest.lua.gz,da11daf98ac513a91463a683ff888a7d
C0AA5CB6250B58643FD3B8918F637DE1,6087,src/ui/view/UiNest/UiFightTypeNestItem.lua.gz,8e2c0b575c23eb361a4331c8921afff3
DD872361196A54D41558841CC926AE50,1679,src/ui/view/UiNest/UiFightWinNestNew.lua.gz,9187a04e091d9bd04f0aff18b3ea5a93
5F65CC944EBD8FA66612A1BDEE334E55,1111,src/ui/view/UiNest/UiFightWinNestNewPlayerItem.lua.gz,8a4ed5430491102ac02a0112911598f1
7FD5F59196BDA372649B54F5E9990BDB,987,src/ui/view/UiNest/UiFightWinNestNewRewardItem.lua.gz,32504b2dcebe16948aab8ef92169968f
8D5F13766C795C1BD3A98F44C37839F0,4555,src/ui/view/UiNest/UiNestBossSkillInfo.lua.gz,4186673c9a61e76a98f09117744b656c
0F5505404D6E05B48950D8E28CD658CC,2015,src/ui/view/UiNest/UiNestBossSkillInfoDetailItem.lua.gz,bd2ca00746b7a41f0daa47e05c36015d
8B4F618F0D78A2C756140E14EA2CCF15,2563,src/ui/view/UiNest/UiNestChooseType.lua.gz,36003afb6d771644d5feb096507a05ac
7B99AC9148BF51A3C1691564ED89DB36,4947,src/ui/view/UiNest/UiNestLoading.lua.gz,570e6cb34d1de66d8b718d640be0f24c
076EC7E20CD89305F99039ACEACE4F52,3591,src/ui/view/UiNest/UiNestLoadingItem.lua.gz,61109828dc1d9850f78e08b16a9d05cd
CAB7F16FA1FCF608E186BE2C7B09B6D5,7227,src/ui/view/UiNest/UiNestMainNew.lua.gz,716bb777a34b1d407646a13fc9b971c2
61B0010D0CD0AE030A2F40BF589111F3,951,src/ui/view/UiNest/UiNestMainNewBossItem.lua.gz,b7758c092d8e4c60ab76d4f249ad3ef7
25A068AB9CD0D59D13A9E68CBCACB229,1055,src/ui/view/UiNest/UiNestMainNewBossNameItem.lua.gz,66ba1c9866ab162c80bfbf17c463776b
2795929D45D7484101006508D28B4A29,6987,src/ui/view/UiNest/UiNestMainNewDifficultyItem.lua.gz,d961e1e7d96d0491d9b46e1743b9be50
802A780BC1F0FA3936595397E8FE886E,943,src/ui/view/UiNest/UiNestMainNewRankItem.lua.gz,397747dded4966603cc031dc1004de5f
2B435A756C6150DC1992240706D4821F,1267,src/ui/view/UiNest/UiNestMainNewRewardItem.lua.gz,0160f0cf1afea0bc4084870326f1f980
D1CB73062C357EB25E9344C060C0D4A4,1047,src/ui/view/UiNest/UiNestMainNewSkillItem.lua.gz,f96cd81b2f4c7822dec546395de72e1b
1A42999A6E0E8AB861EE97EE36955DB2,759,src/ui/view/UiNest/UiNestRankHelp.lua.gz,61cdeff746dbe4b597fcb650f2c8080d
14E4E2DDBCDE24613F73DE3827890F82,1119,src/ui/view/UiNest/UiNestRankHelpItem.lua.gz,6b0f7f90a9e83f7733c3710032eab0af
5970D2526510E5C045F80853D7414D98,1115,src/ui/view/UiNest/UiNestRankTeamPlayer.lua.gz,ff744b51be15463f30c1f98dd021ba0e
0BD2E44D5B2F7398AF0BF9344F11AEFA,2447,src/ui/view/UiNest/UiNestSweep.lua.gz,ba87c63e685b840d37665041f030c5c6
95CDE8432A653731233CB0DBB8D1589A,1847,src/ui/view/UiNest/UiTeamEnterPassword.lua.gz,f1017eae7b53cee196bf77de32142ef5
60AAE68A338BB450736726859D87BB87,1115,src/ui/view/UiNest/UiTeamFind.lua.gz,b7b29510b4a14b7d4c7b0effa44ced45
3E31A6BC4955D68988448AF846339E3E,2383,src/ui/view/UiNest/UiTeamInvitation.lua.gz,3792c3405a868ae3a52a996a1068b675
CB544543F061AA1A1B5B8C852C229092,971,src/ui/view/UiNest/UiTeamInvitationEnter.lua.gz,931bd3012bcfd3667b885f4f621aa034
1155AD0897D11C51E9678CBECA3C72EE,1771,src/ui/view/UiNest/UiTeamInvitationEnterItem.lua.gz,e4298a5134617835ab0827138eb58360
022D05A2581C3C15884B66DE432EC4DA,1707,src/ui/view/UiNest/UiTeamInvitationItem.lua.gz,95a694e9f46e5bce5191f9a8ef1d0935
A0D5B75A7F8FA2B87FFCEFABBCFD9DDB,2247,src/ui/view/UiNest/UiTeamListItem.lua.gz,0e81ad9c4329f1ed33e87ebd7b4d7ba4
5CC4DD14967AC0F1E570D7EDA9FDCE96,1487,src/ui/view/UiNest/UiTeamListItemHead.lua.gz,6381f2da0f24a2a469caf6ac03c7eb84
97649A3515F6FD3F7CB1E3ECA63BAAC5,4583,src/ui/view/UiNest/UiTeamListMain.lua.gz,b38eb8203d5e4646deb46d8933d03046
66A26EB0C932943B76022AFE9C3B5FD0,1083,src/ui/view/UiNest/UiTeamMatching.lua.gz,bddb62962d72053628d583e5d8114190
212BC29F8F83D92CF09BFDE8C9BDAEBF,2683,src/ui/view/UiNest/UiTeamOmen.lua.gz,2b88b11277a1c626dec23cc858e6daa6
A961FF9A429197D720051A88B861073C,5371,src/ui/view/UiNest/UiTeamRoomList.lua.gz,95ef1eb30c9fddb55ba211ea1025f3ff
408A60CE4E80C183E0E9D7F3944395ED,10103,src/ui/view/UiNest/UiTeamRoomMain.lua.gz,998fc070a5fc9f44fa96243c18e889c2
F7C23C8AC116F3A49692506FE09C4952,815,src/ui/view/UiNest/UiTeamRoomMainItem.lua.gz,aeb5bf5efe94c2959991f53bcf98a940
CC4AC94C31B4CA54E50BCC4548A3F8A4,3267,src/ui/view/UiNest/UiTeamSet.lua.gz,160f83d1fdc0eab1a693a9bdeb9bae5c
076A7B231FC92DB6E90DF7B94BE10F90,1411,src/ui/view/UiNest/_init.lua.gz,8d52198bbc34e04d7222668ede148623
72C51B2E1E14E656BF5BA785D7339B2E,6983,src/ui/view/UiNewSystem/UiNewSystemMenu.lua.gz,0cac8a6e9c376b384fa5e1ac85aa320f
74A20E8B4C7B52A9BC77E80D45195DDD,1103,src/ui/view/UiNewSystem/UiNewSystemMenuContentSrollView.lua.gz,3c93fedb9ab8f6866c2c68e51011e54e
2ABB12CB02C85162220A9F9B41F4A9DF,391,src/ui/view/UiNewSystem/UiNewSystemMenuContentSrollViewItem2.lua.gz,216d9470fa0d65f0305f6bc0d375d30e
6A8E1E92F5065E93506D86A38CEA0405,391,src/ui/view/UiNewSystem/UiNewSystemMenuContentSrollViewItem3.lua.gz,440478a11a0ba235a7223953d6302bbb
9C0BDA743F685DE0ED744D9386814BAE,391,src/ui/view/UiNewSystem/UiNewSystemMenuContentSrollViewItem4.lua.gz,131a18912cd0b96e4f4e071ed7a4134a
EFA32382B04AC1D6E13F81C74AD3CFA3,4115,src/ui/view/UiNewSystem/UiNewSystemMenuContentSrollViewItemBase.lua.gz,4fa8e71959b3cc759cc6d08722f6f6ad
968CEB4E606B2C4E5E6C8BE5AAA5F576,1155,src/ui/view/UiNewSystem/UiNewSystemMenuTitleItem.lua.gz,fa721b2965b95f319437d8d3f2f2e3df
368F11A28A722849D9A2CD3B6477737A,439,src/ui/view/UiNewSystem/_init.lua.gz,91179b55d3ea6491e207c2be7a8e0802
4F79BF69B56376C74E9DADD29E532812,2359,src/ui/view/UiNianDungeon/UiFightNianDungeon.lua.gz,32392961ee004db49a317461c64ddda4
0C37F29B51CB49D906EBB8C14862CC2B,155,src/ui/view/UiNianDungeon/UiFightReviveNianDungeon.lua.gz,af8b6fc83572c1de223e82d2a927e559
F799EF9E98B7DEAB8DDA98CA36390971,279,src/ui/view/UiNianDungeon/UiFightWinNianDungeon.lua.gz,03576564229f1a73dae0011d9ab3b1e1
06489E6F0757DAC9AACB16A49167761F,159,src/ui/view/UiNianDungeon/UiFightWinNianDungeonItem.lua.gz,4ddcb45ed7cc8545d0cb1583a93def94
033D3573181348173C38F19EEA8A5852,2567,src/ui/view/UiNianDungeon/UiNianDungeonMain.lua.gz,cc6bf559936c6766aeb0d9b13f732498
AE626E76043D219653A6D5982411A308,303,src/ui/view/UiNianDungeon/UiNianDungeonMainRewardsItem.lua.gz,465f5ebcb4833b70112e3d4352ce4011
9A9815BC36DEF7DF1F249B6E23686456,343,src/ui/view/UiNianDungeon/_init.lua.gz,348a4258e017e3a2bda29588fb6d30f2
88EAAC91A2D26BBD16A29C576C9E2176,2379,src/ui/view/UiNotice/UiNotice.lua.gz,1425bdafc54168a8d72a81aaa3d24709
6501958F4BB5ACCFC93D5F6FF02D42F3,863,src/ui/view/UiNotice/UiNoticeItem.lua.gz,b13daf934b12bcc1c7b0fb27dfc4bbe8
896FDE7B79C13091377922B17107069F,899,src/ui/view/UiNotice/UiNoticeTitleItem.lua.gz,4749b5f724a8d03b72bb8b18019dfecd
9B541AEB27C20245F01E1AD7F944617F,195,src/ui/view/UiNotice/_init.lua.gz,3a95d3cca9d6231f0f56b324ed4322e1
FDD817865724C8D7E2CFBADCE644C296,3107,src/ui/view/UiOddsWorld/UiOddsDimensionDoor.lua.gz,28b2ef42438b770ab6430774ed5cec79
D547A3CA39B52ED47ED0A2F956F9F6DE,5131,src/ui/view/UiOddsWorld/UiOddsExploreCopy.lua.gz,c3e91df69cd4862efd457c5e49b3ef9c
3C9CC37ABAF0E15AE4A7061190EAF7BE,10179,src/ui/view/UiOddsWorld/UiOddsExploreCopyDetail.lua.gz,72b517bee111710f0267bdb347d29698
E8D1A2EA80A8786DCCAFD19D08C89287,1659,src/ui/view/UiOddsWorld/UiOddsExploreCopyDetailAwardShow.lua.gz,03532e5deec26e8df1b533c320d0fbf9
9EFE1737277C3D9764A5ED2FEDCC094E,1459,src/ui/view/UiOddsWorld/UiOddsExploreCopyDetailAwardShowItem.lua.gz,d2f97d0fc6517e8285dc117f3a000a0f
29C82B08046D6FF0066E82C8CFC42E4F,711,src/ui/view/UiOddsWorld/UiOddsExploreCopyDetailDropItem.lua.gz,46788ad1caa19ed64d687059aa19fba6
30FFD8ECA100C564E621D776FF6419F5,1979,src/ui/view/UiOddsWorld/UiOddsExploreCopyDetailGift.lua.gz,4b763df727ecf38bbc82eb809a501643
9B6B0FC4478C0BA08A4EC12C61615A92,1419,src/ui/view/UiOddsWorld/UiOddsExploreCopyDropCommonItem.lua.gz,b6d449be163304d080865f3d06ef13f3
9445395806ADE4B33AE1BB42854B42EA,9543,src/ui/view/UiOddsWorld/UiOddsExploreCopyItem.lua.gz,ad7bb4045e9764bf37c054bd229c0654
19EDBE7E0F59E06349BC6F259DC3A733,1595,src/ui/view/UiOddsWorld/UiOddsExploreCopyMiniMap.lua.gz,13f880066ae6a1f169846896b237013b
7E232CDA9D8E9139062303DC7C6B8176,1463,src/ui/view/UiOddsWorld/UiOddsExploreCopyScroll.lua.gz,4faccbb462a15ecb3f9e308119738003
9DDB5FBF54F69733853F8642C7218863,13687,src/ui/view/UiOddsWorld/UiOddsExploreCopySweep.lua.gz,37d9a1254d7caa9600775ade85f43c7b
B0FC38D88F8FD309F174DD4A9408E21E,655,src/ui/view/UiOddsWorld/UiOddsExploreCopySweepDropItem.lua.gz,fd47b9088e35ac2178a7d73961d040bc
A9DFCC547659E5B5F34A9E0E2DF293EF,3387,src/ui/view/UiOddsWorld/UiOddsExploreCopySweepItem.lua.gz,8b647c7052d45d77a0c419a483218054
1679A490006370D13FAD68782A96A3E0,8415,src/ui/view/UiOddsWorld/UiOddsExploreCopyTypeSelect.lua.gz,3d4012d03f39f1ebf075188148eba350
6D14BE31160041F52B92A458B2A7BAD8,5875,src/ui/view/UiOddsWorld/UiOddsExploreCopyTypeSelect2.lua.gz,7dcf38e1998068eecf120b43226eb671
5398FE7706460782CAFC5C000293DA7B,1159,src/ui/view/UiOddsWorld/UiOddsNestTeam.lua.gz,f4fdc18fa809388c0bf7c0d261e0bb51
D3633217AA19838714A7E7B8A65E48ED,2523,src/ui/view/UiOddsWorld/UiOddsNestTeamItem.lua.gz,b644ac839700c2f29c977ef0756c3fb3
78BB354FCC842D2B63122FD443F0F287,2791,src/ui/view/UiOddsWorld/UiOddsWorldMain.lua.gz,c7ed6cf6d08eb6f67ad3e7659f9efd4d
3EFB02121195E9D3A6555C818C82C53F,1703,src/ui/view/UiOddsWorld/UiOddsWorldNavigateMenuItem.lua.gz,63d97d67123e83596d3b1735d97bd9a7
1281C9637DFD393749C1985C37864E85,907,src/ui/view/UiOddsWorld/_init.lua.gz,3a54fa205d2aad19773d2bd3474e1f13
52616018356149ED0ABC53DD946B7A2E,13519,src/ui/view/UiOpenServerRank/UiOpenServerRankMain.lua.gz,aa627399a09024b8fe9b4988a5cb4d82
035F4EC409FA68559BCA526818626365,3263,src/ui/view/UiOpenServerRank/UiOpenServerRankMenuButton.lua.gz,2f5a111e483920f2454a48a1559ada16
A5CD6C8B666F9FC7D496152045FDA637,1707,src/ui/view/UiOpenServerRank/UiOpenServerRankModuleButton.lua.gz,e9077a60d54b10f7da767cccffe80f25
CDB957503E6C3185F082A6AD618D2D02,4003,src/ui/view/UiOpenServerRank/UiOpenServerRankPowerData.lua.gz,1b5a0684d4765ce527f71273fedec528
9A58EB61D3A8180236D3635B6D5B6587,5303,src/ui/view/UiOpenServerRank/UiOpenServerRankPowerItem.lua.gz,8bc0e7f4658f97bc19c089a4acc50306
110C5D2FE84496D94BF1FEE36BAE163F,2175,src/ui/view/UiOpenServerRank/UiOpenServerRankPropItem.lua.gz,458fd0ab877e3d42ced5b80ac6980e52
628B4A8E6FA359C1DCD2AB656B872886,4515,src/ui/view/UiOpenServerRank/UiOpenServerRankRecommentItem.lua.gz,ff68baf07b006be055920c12423ff4a1
17B7D6AC04AB6693BE71F08BC4504079,4115,src/ui/view/UiOpenServerRank/UiOpenServerRankTaskItem.lua.gz,7e12ad6c9f2cb1fdc16c08379847e843
3DD27E1F1916327F1B075D1E37EC1C3E,443,src/ui/view/UiOpenServerRank/_init.lua.gz,d939883587ca818e67b180b8d1d4bf62
7208196D9770BB9BED218ACB5295A292,9727,src/ui/view/UiOperatingActivity/UiChargeFreeGifts.lua.gz,9fd1040e7d36725bdcef5073c29f377c
39C740DBE9AD679A899D3FF95000AE9D,1443,src/ui/view/UiOperatingActivity/UiChargeFreeGiftsAwardItem.lua.gz,727933d4978ecabeec829b5a9e889abb
4BCB75BEAB03429DD8B89EBB7C09E0DF,4279,src/ui/view/UiOperatingActivity/UiChargeFreeGiftsItem.lua.gz,468c7a6ab293bf89937ca71928611698
156B7E758F0260C022C1BA91A70E1672,5307,src/ui/view/UiOperatingActivity/UiCoinTreeMain.lua.gz,7d6be9724477f91f15ed5102693deded
DA51AC145403CAF8F7A589A0AEFA71D7,2931,src/ui/view/UiOperatingActivity/UiCoinTreeTip.lua.gz,a05a82fb089ab8d590fae04fb828066b
21DAC7207CC591BAE15B88BCDF2E88C3,7359,src/ui/view/UiOperatingActivity/UiDailyGiftMain.lua.gz,44625b2b3efdb4a7ba56481735af43fd
70C79E9D1E089561BACB48F084DD62E4,1963,src/ui/view/UiOperatingActivity/UiDailyGiftMainItem.lua.gz,8bb8c48fedc9897f77da95aa5e0fda44
7156D4AB2EFB35F27B3123395876D95D,1115,src/ui/view/UiOperatingActivity/UiDailyGiftTips.lua.gz,4559dc5118321c69cd62aba246b2a056
D509F969A1E6077D764AD6A3B052E751,2819,src/ui/view/UiOperatingActivity/UiEverydayOnlineAwardItem.lua.gz,170d369d44b814bca2c300f49e4484bc
D52884330787C3AA57DEF2B54DD8F685,4939,src/ui/view/UiOperatingActivity/UiEverydayOnlineMain.lua.gz,536f920a2ad248fe4cb36249d8a81a30
9E368B6CAA53F2E996F4BA712E9EA0A6,623,src/ui/view/UiOperatingActivity/UiMonthCardDetail.lua.gz,e998b15914a4e7d6983bf51cb85c4db9
913A005B88F0BFF18BA8360734F4956B,803,src/ui/view/UiOperatingActivity/UiMonthCardDetailItem.lua.gz,f26bd49ebe8923766c4225bb7c8a71fd
4E372850036CA5A7E8F746AB6C0CB06E,8067,src/ui/view/UiOperatingActivity/UiMonthCardMain.lua.gz,5f6053e2b043cf0854d91fa96370f412
2357ACAE8CCF9391A7B73384770641E3,4375,src/ui/view/UiOperatingActivity/UiMonthSignItem.lua.gz,50f2cfff532d7d2810a9572bebc08066
BF79C9C7044DD867E96ECA0233F5EC28,3919,src/ui/view/UiOperatingActivity/UiMonthSignMain.lua.gz,537969d5190232f661b7e313f6e9a82f
9E8FD307B3F0AC9C948EB74F1C4E3CEF,1727,src/ui/view/UiOperatingActivity/UiMonthSignReplenish.lua.gz,7fe1047a6df0106d0e52331bd96abda2
CFC8695781D39865F9A1F6C71F696B75,7875,src/ui/view/UiOperatingActivity/UiOperatingActivityButtonItem.lua.gz,568c17aa9566880f7d32a9bb78a9cbc4
A555F24271B0B6B837DB3DA3F2F1C6E6,3643,src/ui/view/UiOperatingActivity/UiOperatingActivityMain.lua.gz,a798bbd81e1ea7a89e9ff88c68dde4b0
6122DD63B60AEBB5B0A1212380F4E592,1491,src/ui/view/UiOperatingActivity/UiOperatingActivityResourceItem.lua.gz,708048c2a20d1e6ce0a82fc44cd8c27b
2FA94A6141F0502763604BEC69633F03,3999,src/ui/view/UiOperatingActivity/UiPowerFindActivity.lua.gz,fcf687005161cf3c4dceddf527dbbc32
9407D3A4BDAC4B82E27E030F47AA4933,3483,src/ui/view/UiOperatingActivity/UiResFindItem.lua.gz,fd467facbf9502b5850bfa892d405156
2935CCBBA48CEA6F5742F637B6ED275B,151,src/ui/view/UiOperatingActivity/UiResFindItemAwardItem.lua.gz,2ea3b53936d0012f10ced4e62ae81879
CE9057594A8DAF0733A5FC2EE7C2D8BE,3883,src/ui/view/UiOperatingActivity/UiResFindMain.lua.gz,6f05b01ddcb51784a771d05f63147353
7E5C83E54E62958694D1732798D7F7C0,911,src/ui/view/UiOperatingActivity/_init.lua.gz,2d8d3ce92dd47aa361118cbf7ba42356
5907F6B090F3518B504C6841981E63D6,3607,src/ui/view/UiOther/UiAccessTypeBuy.lua.gz,69dffcdf3fcb5828c9badf7d9377967c
CEF996C8A1C6E6F63F9E5BF55A81B061,1415,src/ui/view/UiOther/UiAccessTypeItem.lua.gz,2df679bbb9f8e4ce41c1fa0c774caced
B72D5834DF6365AF31673D201ED17333,1591,src/ui/view/UiOther/UiAccessTypeMain.lua.gz,9e92ec88db2ccb044796aa82f68ec3a4
B965D5708F15840C110487D62594B1F6,331,src/ui/view/UiOther/UiAllstarAnnouncement.lua.gz,96b27ed4294036b33feb35eb18ac9cde
1C72789EA8192A3445B09E4DC1BCEFD2,2803,src/ui/view/UiOther/UiAnnouncementBase.lua.gz,08f9d6e958c3370e0393cc4cf65ca86c
B9C90E1303BA3FBBFFF096481250D939,2027,src/ui/view/UiOther/UiAnnouncementHorn.lua.gz,916c1abcbe4d90dacd9ffb18e3ace0fb
B5DF5AF68EE738FA798B10AF5B358A83,4787,src/ui/view/UiOther/UiContactUs.lua.gz,b1466c1bca6f69ae9c5fc35867e8c7e0
E8933ECD883B69624BCFD2A0BD47B776,4167,src/ui/view/UiOther/UiCopyUnlockTip.lua.gz,25dd093a1b713a09914e1a0a2691a904
C7CA213AEBA54BC349D20A87D472EBB4,1855,src/ui/view/UiOther/UiCopyUnlockTipItem.lua.gz,f82d11ba7b130da74a4a91f6f121ce72
19A95ABF7EDD1550D9B1CDB90EEB228D,3179,src/ui/view/UiOther/UiCostInfoItem.lua.gz,485469537f2ee9a52452171f05e066c7
139EF1FEB9A16B49B3E902817A332028,10959,src/ui/view/UiOther/UiCustomRocker.lua.gz,61341eb537f20e07a6de91056c98c7fb
38D1226BBEB99F40FDDBA5F52084BE53,1767,src/ui/view/UiOther/UiFundMain.lua.gz,2e0a40fe96f4879554e6f7a691d372e7
1AB119C9F258F14E86F1476BCBE3B397,2995,src/ui/view/UiOther/UiFundMainItem.lua.gz,59cc71f7d643396b25647e0d8196ae43
458E75D5A0C9FF1AFCF4885A14B7C9D6,7939,src/ui/view/UiOther/UiGiftBagItemNew1.lua.gz,050ae210d616b7398723a24f8448ecce
047D242DF3C95031C45BB4EE092A7547,4919,src/ui/view/UiOther/UiGiftBagNew1.lua.gz,c7f9e0087ad030b1b2f9eac60cbdc4ec
FD52A53256CE02C24D7758EEDE7E40C4,407,src/ui/view/UiOther/UiGiftBagNew2.lua.gz,547dd6f29981be6083e2ea06a708733f
BFC90F85C6AB2E9A1AEA7524EBB079E0,4359,src/ui/view/UiOther/UiGiveVigor.lua.gz,f575cdddc39334721f94d2632378e6a9
C3A1EA614344334340DECEF9D793F648,3511,src/ui/view/UiOther/UiGiveVigorItem.lua.gz,c9f163ad4f186a86b33682b0daf01939
2D43DABB45E940ED0693C95C77015F25,10075,src/ui/view/UiOther/UiInfoBarDetail.lua.gz,2847caebee52cdfb6b81a1c3b0199197
28070B0271D5BB869FEB88CB7A06FA74,491,src/ui/view/UiOther/UiInfoBarDetailLogItem.lua.gz,c5512c813d3da48ab71cf9d92db38b9f
50D83FB7006741C65BF4B9831ADE3185,643,src/ui/view/UiOther/UiInfoBarDetailTextureDetailItem.lua.gz,aba82dfe64623928e22ee997acc09534
9BCBA6FF4461A191A9EA635F87BE1F55,791,src/ui/view/UiOther/UiInfoBarDetailTextureItem.lua.gz,fd243565c1e2171463e73af1966e5109
182B23A1E0B54E18D078A8FEF31982C0,3511,src/ui/view/UiOther/UiLanguage.lua.gz,e68bcbdaec96a16207316a1a4a062071
9DD48C0273331F46C2263D838C793599,1307,src/ui/view/UiOther/UiLanguageItem.lua.gz,35d93b273daecfe6c92103f04b416a9e
71E085F89C344F349004BE375CDAD454,3223,src/ui/view/UiOther/UiLockedTreasureChest.lua.gz,c025767bdbf3dace9533dc293a934526
FFF45F96ED8F7F509745739AC259158F,963,src/ui/view/UiOther/UiLockedTreasureChestDescItem.lua.gz,691bd009d42773de2491dde8cb0bc357
80E5F25FED654701D0922699BE8F1AC2,115,src/ui/view/UiOther/UiLockedTreasureChestItem.lua.gz,7bd4ac2cf78b543f54e1820fc5953f5d
FA8CD3C4B86CDB2EA411F3F2653392E9,1607,src/ui/view/UiOther/UiLockedTreasureChestKeyShop.lua.gz,0867e041815a4dbb6ec025d3fa9721f4
5FD227FFFED9E2B072CBFAFBAE2424A8,5923,src/ui/view/UiOther/UiLockedTreasureChestKeyShopItem.lua.gz,411c0ea23245a3793a6decd60c876042
05787B8DAEBAB1F9B2DCA06CA47DD192,8475,src/ui/view/UiOther/UiLotteryRoulette.lua.gz,33f36446bfec79ae579d99db31c324ef
D50262C1DE577F2D9500862B24631D23,1007,src/ui/view/UiOther/UiLotteryRouletteAwardItem.lua.gz,c429c2474f60113f423043fabfc95471
27E5679213C0B3086E39FCA8890CA19A,2607,src/ui/view/UiOther/UiNpcChat.lua.gz,ad9f6696fe9e495dcdcd6ce80314da9b
5271285A992B7156AE5A0D5C2738B823,1479,src/ui/view/UiOther/UiRoleAttributeChange.lua.gz,167425572aa1a26211c2a916f5aa235b
518E9BFDE2C400B7E8D00D182E7FB0C2,2123,src/ui/view/UiOther/UiRoleAttributeChangeItem.lua.gz,12edc4e093b77be3a9c041bb3a848fbe
AE79E372F3767478F04EA08A255FE8A7,1691,src/ui/view/UiOther/UiSendHornMsg.lua.gz,c19ef901fd651c3f85324b2b0164f4fe
FA8BF732CF635B95D1D4C1D5C5983D87,2119,src/ui/view/UiOther/UiSetEffect.lua.gz,c6cede41a3554197274844c9a97ea0b3
7BA9951B310FB25613B1E31FEB281A9E,1419,src/ui/view/UiOther/UiSetEffectItem.lua.gz,e729f24e19d1caf2fd77e8481a4ff095
DDAECB24EBF73EFC59ABDB16D08F1AF9,20540,src/ui/view/UiOther/UiSetUp.lua.gz,ab88e5226f91e76d907e48a2aa1d0466
4FFFDA7229A773757F6E495FB02426A2,2663,src/ui/view/UiOther/UiSetUpMessage.lua.gz,5b082ae80f3f214a49b06f826c5b0868
E9EED706034DEE70ED2B8BF746A164AB,7331,src/ui/view/UiOther/UiSetUpOperate.lua.gz,47a7278f358e40278c645dc8539710de
264A04ECBCADC02D31503364385E2783,883,src/ui/view/UiOther/UiTeachOperate.lua.gz,74676a126e53b612ee003a1f38642c8d
C2D5AA49266165F2EBF7843149348EE0,11775,src/ui/view/UiOther/UiTool.lua.gz,bc486751b2fb567a223d6cb98828b00d
ED42BBEAA79724DE4BDD18C9416E2443,947,src/ui/view/UiOther/UiUnlockSystem.lua.gz,f5c936c110197643ccbe5e868d3de83b
A6D44C58B9D33F6D4E24FFADE6843B68,4347,src/ui/view/UiOther/UiUnlockSystemItem.lua.gz,4ae0158c8e21e21aac68b128cbb0ed48
65C503E514A57965A777BEBBFBA90859,1139,src/ui/view/UiOther/UiUserAgreement.lua.gz,75eaa4e80a6b099ff97d5ada0aa7cb21
4868421AFC846F9A8E51C28BBF523674,1551,src/ui/view/UiOther/_init.lua.gz,b1c4c6758a3eb85cd2d81a9f0091769d
CC8CC0753D19D91263EBC22AEB1C1673,6979,src/ui/view/UiPartner/UiPartnerArchive.lua.gz,e524d5566efd5daf9d486cd38866d21b
36ED57C4586CB8F4B323F8AD3C5E5D94,3771,src/ui/view/UiPartner/UiPartnerArchiveStoryItem.lua.gz,bbf2252a503af4ab12d318f846da9f45
305725D5941F2E654772C187686F9D00,9611,src/ui/view/UiPartner/UiPartnerArms.lua.gz,7c8293862d451751503874c4cfea266a
FBCD5DA1600BD60B868EBAE4EC787B63,3027,src/ui/view/UiPartner/UiPartnerArmsPartnerItem.lua.gz,8da5775e4a6b0d459270bae6f018d876
34FFD617ACF5DD8DAB02C579921FB31B,1811,src/ui/view/UiPartner/UiPartnerAtlas.lua.gz,e03fce18616cb9070acfb04fd17078d9
CCBBE8FCA00F8D27A6FA4D2CF5E49909,4271,src/ui/view/UiPartner/UiPartnerAtlasItem.lua.gz,ff2aa0c550cd7a6eb6d1f4db43465e3e
0A7D6D285E0AA3DACCB72878927B6975,2119,src/ui/view/UiPartner/UiPartnerAttribute.lua.gz,17701cb3aa35a98fb123ad0e11a977c2
74D6060753AEEC7E3B0979801D465EAB,17072,src/ui/view/UiPartner/UiPartnerDetail.lua.gz,9d409c43e68df34caa189a6360b7cb14
3DB40C1AB83DB26DEA9CAAD077C1444B,7287,src/ui/view/UiPartner/UiPartnerFashion.lua.gz,ad9fb3e76b4d160fbcaec251274324a6
DB526FCA33F57EB4A29CF37DEC988A62,3591,src/ui/view/UiPartner/UiPartnerFashionItem.lua.gz,12caa6f780ae06e5c3d2e5295712ffb4
E18AA388120E490C2C0F6A98603269D9,3811,src/ui/view/UiPartner/UiPartnerInfoDetail.lua.gz,0f0fa83eb28a40753c4b4e83aa99b175
435A04CF2659F983F80B9CFAEF374E89,3803,src/ui/view/UiPartner/UiPartnerLevel.lua.gz,c0235d7ac2c57e6bf04d43f0b5b7a748
C27DE99EC8E4A26A79FE6540309C2830,2287,src/ui/view/UiPartner/UiPartnerLevelRewardItem.lua.gz,9699e30bd1f655e7aec5c44c6cf2100e
CFE9B406C2526D31DFF54AA28D42F9A3,2367,src/ui/view/UiPartner/UiPartnerList.lua.gz,196ae5e57ea905ec28672bda406f6d65
624E6D71089660DB501E6CB21335E890,5331,src/ui/view/UiPartner/UiPartnerListItem.lua.gz,c4d5efac0be90b3ac4ee3f518a0c30c9
843588A2246E9E42BD94EEA1A8BB1060,1575,src/ui/view/UiPartner/UiPartnerMain.lua.gz,2e39ec2b467bab09ea718727a3ee0607
158D4F70C7EA31019203E0E4A3D817DA,4195,src/ui/view/UiPartner/UiPartnerResetStar.lua.gz,03f8acabd61ea79f3fdef932f46a8676
E205AB9A8EBF2FC9DCABACE6859F9138,1475,src/ui/view/UiPartner/UiPartnerResetStarItem.lua.gz,7f08345263834a42893afac4bacb048d
55E676215EA19761F49A4DED1469EBB0,2959,src/ui/view/UiPartner/UiPartnerSetup.lua.gz,c8f98178d8e020e41a1baf97f5f4bfdd
C9D7479DA21FA0AF88A44B9F64BBF086,9831,src/ui/view/UiPartner/UiPartnerSkill.lua.gz,ca4898e1f05ce7ef1eb4ed67f34d5705
6471F9C8FB09146C30AF3DC4C7D31369,1871,src/ui/view/UiPartner/UiPartnerUnlock.lua.gz,166e3b6e7215b4d2e3ed334288e2222a
BB423DECEFAACCFB65634A71F28DE040,13671,src/ui/view/UiPartner/UiPartnerUpStar.lua.gz,7751770c8640b5c73a46c8868a9d3566
E465D80BEF825C4E37B8055FB7F31CFB,5995,src/ui/view/UiPartner/UiPartnerUpStarSuccess.lua.gz,08eae75729b446317da89d45984eaaac
5E1189C449BA90B65E2E66E274B48A8E,859,src/ui/view/UiPartner/_init.lua.gz,5ed5f54bc48b484cef3ea8254514a500
A0CC01E4D6099144465A55DCC6950A28,10707,src/ui/view/UiPassCard/UiPassCardAwardItem.lua.gz,fe79861ed95b5df15b45df2acf14bb29
EED22CA51936416CABC48314868EE28F,5303,src/ui/view/UiPassCard/UiPassCardBaseMain.lua.gz,a9f0b5fac78a4b7fb08fb3b7f5e11afe
22F631D5351A20163232BBC87EA1805A,6311,src/ui/view/UiPassCard/UiPassCardBuyLevel.lua.gz,8460e707236a4fabc9763ff8dc1768f5
96570A8DF741F5932A8BCDA282D2F181,5735,src/ui/view/UiPassCard/UiPassCardCommonLevelAwardItem.lua.gz,7c9f718d6ee86cdc483adeca0cdf1952
36A141B406C94A0D921108F3F4F17A6F,1023,src/ui/view/UiPassCard/UiPassCardDialog.lua.gz,b8df734a5fcf83e53600e6297fc6b364
BB39E6B342CC974A82A9D8722B04829E,7835,src/ui/view/UiPassCard/UiPassCardGetAward.lua.gz,c04fba6f3689eb6d52632bd55105ae4f
3DCA80D029744632C4766D020D136822,1051,src/ui/view/UiPassCard/UiPassCardInfiniteMain.lua.gz,73667fb75b5a86c8369373315181e194
9E7FBA7E52953B20E4BF4B7EE00C2D6E,2083,src/ui/view/UiPassCard/UiPassCardLevelAwardItem.lua.gz,09ff2b452a9fc1d53722ed6c370186ad
C3F0702239399496FC38BD0E67B9E806,731,src/ui/view/UiPassCard/UiPassCardLimitButton.lua.gz,5e4fe1d0c47ec899e4f96c0b22daa0dd
325716EF401BE77B50710B99A4556999,3035,src/ui/view/UiPassCard/UiPassCardLimitMain.lua.gz,4fb23d14dab3169ec6c65a2a634e8b3e
A1D678764FFA3048B507A444F9AF15AB,14527,src/ui/view/UiPassCard/UiPassCardMain.lua.gz,2041ac38fc0ab8312a7b520bb7e9d69d
6DD0376C2018E452260017092419680A,2023,src/ui/view/UiPassCard/UiPassCardSetup.lua.gz,5fd08dd7a689b5f5101b3a3f6ec82835
9A387B91B1B036361A3DB333563E2FF5,519,src/ui/view/UiPassCard/UiPassCardTowerMain.lua.gz,890ea2ef11450b9581148b621f98addd
1DC1F2734FD2FAA0CC7C34108930608B,563,src/ui/view/UiPassCard/_init.lua.gz,a27b8e1a6270acb7fd9535b54485d9c2
5EC4C4CB15345AC9EB354B212A1D66F9,12439,src/ui/view/UiPet/UiPetAccessSweep.lua.gz,b080d650101d6230ec59d6e3f755469c
1963E7B522442C8A9A13C308F45C7839,1051,src/ui/view/UiPet/UiPetAccessSweepScroll.lua.gz,2730f22eea76809c18de630220548343
B71026FA6C4F71F757C19FF7954EAE76,2367,src/ui/view/UiPet/UiPetAccessSweepScrollItem.lua.gz,c5c055da65dacf468ed997c12f600056
A14E20E5B7B4C5776300182E06B4A38B,6711,src/ui/view/UiPet/UiPetBagItem.lua.gz,2b6ea252634ab51cb854b1fe2d1f505f
2B1660885A352678B575AADEFCFC2542,3391,src/ui/view/UiPet/UiPetBagItemSub.lua.gz,2fd1072577be68d2da21ede850fe6518
5480821F8C6A101915C2AF5FA3B13BB2,4163,src/ui/view/UiPet/UiPetBagMain.lua.gz,519494e5b3eb30a35a0b7a5806cc6a2c
1F38F06B755E260C92398725B64EFBDE,787,src/ui/view/UiPet/UiPetBreakAttribute.lua.gz,eeef66f5348a0642c8d61c03b1c33ca1
8D2703832C1793301F42F8E04E14212A,851,src/ui/view/UiPet/UiPetBreakAttribute2.lua.gz,e9904c57ebb2ea390cc3b40306d39ce5
D278F18FF8B5719CB82E434E5F6ECBE3,1443,src/ui/view/UiPet/UiPetBreakAttributeItem.lua.gz,7bee9c35816e108f18e2082f44877d0c
E5A1432FAB90B6FDED66017D775EFF97,3567,src/ui/view/UiPet/UiPetBreakMainItemNew1.lua.gz,a8126415ede64d3b619650a96d810030
E37E438954BF3974FF2661CEB1F726A1,8323,src/ui/view/UiPet/UiPetBreakMainNew1.lua.gz,b9c3698488fd3faa488fc691f5c6f245
0513E71B6F07C63B3FB27473E7EE05D9,1455,src/ui/view/UiPet/UiPetBreakSuccessShow.lua.gz,2b8fb8b9b58ee2fedc1f3f03345e228b
832F2FEE05E641F97A89FBE52470EEF6,3671,src/ui/view/UiPet/UiPetBreakUpTips.lua.gz,18754c208e9773305f2af57eb86a905a
6A8EE22F75CA5818F7DF0C3E1635FB6D,5927,src/ui/view/UiPet/UiPetCultivateFodderItem.lua.gz,2010aad7f9d06236e2ca90ad6a55bd9e
11A5C8A714F6A447B5C6CC028B60EEE8,7119,src/ui/view/UiPet/UiPetCultivateMain.lua.gz,5f98046799d704f994abdd76d0941d90
4EC59DB9DFAFA1E3CE7FD46652F197DA,2695,src/ui/view/UiPet/UiPetDebrisShow.lua.gz,bdfd0aab8e381c1ef3c280b25a24c196
65A7BE0310F675EBA74B295013BC52D7,2447,src/ui/view/UiPet/UiPetEvolveEffectItem.lua.gz,af5f3b0328bcb5e0ea7ce1bd6a1ed973
5C8501A09FB39E4C40DC4DCA4AE6B81E,7595,src/ui/view/UiPet/UiPetEvolveMain.lua.gz,3214a46fa8a60f9264edf13ceadeaa4b
B04C3F5A9B91F389207A4A85F35DCB77,819,src/ui/view/UiPet/UiPetFashionSelItem.lua.gz,c61ae510ad1e60bc4de16209717b9a3a
BE5D58D0D452EF23D673680320162841,883,src/ui/view/UiPet/UiPetFashionUnlock.lua.gz,6bf252c3153ca563bce165c3884b18b8
AF339D51E4190B015EB9A495E637AB91,1143,src/ui/view/UiPet/UiPetFetterItem.lua.gz,75628325dd10c6c3d2d56a1c357f806e
AE890216F1C64733F71C5E73F7256011,707,src/ui/view/UiPet/UiPetFetterPreview.lua.gz,f10204da949c393479452d43a814cfd2
3C8A18D6E5E1A0B82E0CE41967F19238,2551,src/ui/view/UiPet/UiPetFetterPreviewItem.lua.gz,259ea95fbd2295a85d13ae4ea19e838b
70341F23AED90D352CC1750162206A47,21088,src/ui/view/UiPet/UiPetInfoShow.lua.gz,475017f8b0e7fc119beb2b5433db5c4c
814C34F55573C58D4D073FD08F287621,8707,src/ui/view/UiPet/UiPetIntensifyMain.lua.gz,87aecb59c6d4fbd7591ebeecbcb5bc98
590E40FA9CC7DF6CFA11BE53617D4140,11503,src/ui/view/UiPet/UiPetLevleUpNew1.lua.gz,978d7208ff9e7ed6f920162b8663deeb
B592191DF694114D15475C41ACC67A93,3439,src/ui/view/UiPet/UiPetLvUpTips.lua.gz,cc2c8a533beacbfb57bd4eb72b859f80
053C9C92168CBD580AD9589C276144D4,3559,src/ui/view/UiPet/UiPetMainMenuItemNew1.lua.gz,fa80bc889dec708eee4d855cdaaf6f54
E350C4B417EEBA47B304E9500FC19094,3499,src/ui/view/UiPet/UiPetMainNew1.lua.gz,8721af026ed175bbceb224ceb4021f05
D3FF0057E11A695D7B6A4C9F1F42009D,3691,src/ui/view/UiPet/UiPetMaterialBagItem.lua.gz,74ca227a506eb18d1e917481e48a8709
C99E1BE69831D35AD3520038E43BFB04,4267,src/ui/view/UiPet/UiPetMaterialBagMain.lua.gz,dd945c7959a573c6615813f8a451517b
97221E8D496948C04797A3813541C017,5039,src/ui/view/UiPet/UiPetNodeInfo.lua.gz,ad047d24eab26740fa91ac0a367e02e7
95CAA484F2585D2762F4494F3866D29F,12255,src/ui/view/UiPet/UiPetNodeInfoNew.lua.gz,29a68abfded0340a0f502dff2c3c8278
09728AD7264F5C531E779B9D0E5237BA,1035,src/ui/view/UiPet/UiPetReset.lua.gz,ab5e32703e19abd1234f08d1bc85e993
48351593584CFEC5EB02B466BAE40B0F,1803,src/ui/view/UiPet/UiPetResetItem.lua.gz,4bf94b2ff54971ce47055f5526a13df1
427C25052099FFD19A5C98C271C9602A,1107,src/ui/view/UiPet/UiPetResetUpgrade.lua.gz,fca7cadb2d7ca9a70b949979686b1dc4
42489DD61C7ACC81A42E9BBFF7D4F2DB,1003,src/ui/view/UiPet/UiPetSelectBag.lua.gz,c0aac3dfb16db646a9bc6148494ab15e
00453ACF82A3A8E8862FF3887710F4B8,4335,src/ui/view/UiPet/UiPetSelectBagItem.lua.gz,58c60629d4c3d47bdf865b99a5ac831e
2ED797811668FBB958ABAC812D37598C,3179,src/ui/view/UiPet/UiPetSelectView.lua.gz,08e5480b1321a19c646744c3cb50cd26
3F9510A3BF457C9F1A443B1896A5AA61,939,src/ui/view/UiPet/UiPetSkillDesc.lua.gz,a0f31552d885e56f2b19da1a14a0e904
63D0D4E93A517803F7D2EEAFD44E4E69,943,src/ui/view/UiPet/UiPetSkillDesc2.lua.gz,f89c16a98bb6ebb2791e45c9777bcc77
CDB1876C3B57939D62475C5FB6CBC494,1431,src/ui/view/UiPet/UiPetSkillInfoItemNew1.lua.gz,81b659bfeb22fb1d4dc3d4c1563eb670
31B451B48DFB8B71CF25DB31BEDED1E0,1959,src/ui/view/UiPet/UiPetSkillInfoNew1.lua.gz,80e49e01225435aa29c77e89fc2e7b53
A024AB747FCE3AD9A632A7E43B219213,1931,src/ui/view/UiPet/UiPetSkillItemNew1.lua.gz,ee2c269179cc320eecdf9a39a7454844
2677595DF1F3336F1F7B2436419549B5,9147,src/ui/view/UiPet/UiPetTeamMain.lua.gz,39c1a2a98496be9a5912bc2a9f2bf28e
6103A6AB4F599EA56D3814E3375E99E6,8179,src/ui/view/UiPet/UiPetTeamMemberItemNew1.lua.gz,951d1e2cc0e33ab9d5630883a6c42eeb
E56CA1B84F9B5A149A56EA2D41921F5E,8243,src/ui/view/UiPet/UiPetTeamMemberSettingNew1.lua.gz,0b90e70f841006371919da5b650559c6
2EA7295C2FE746AE6D5BAF39F5819EA6,1323,src/ui/view/UiPet/UiPetTeamMemberSkillItemNew1.lua.gz,29645dec6ff7a710f8f27d1625dcc359
69F8128BDCA742F9C78728232AF22CA6,2499,src/ui/view/UiPet/UiPetTotalAttribute.lua.gz,111ed9c1e0ca7ec30070f5a7e7bc901e
BF2BE3DA59E0CFE99FB19AC93BCC597F,559,src/ui/view/UiPet/UiPetTotalAttributeItem.lua.gz,9a897243a698d9e7b565e687a68b838c
81CBD6EAA52630E69DCB9A817177CF87,1131,src/ui/view/UiPet/UiPetTotalAttributeItem1.lua.gz,94a8a0ed3dd529322c9863e0a85e0189
ED1096EA42C11166324215C5736ACFD6,971,src/ui/view/UiPet/UiPetTotalEffectItem.lua.gz,d2ca135f9ec2ed87846913c58c7ccd61
178AE9EBBC5F1D4C14052793B6586570,16708,src/ui/view/UiPet/UiPetUpgradeStar.lua.gz,01e58f5ae53b984ca4afc96f6021ab26
CEFC802CFFA099DE4CB45B6079C8088C,1451,src/ui/view/UiPet/UiPetUpgradeStarRebirthNew1.lua.gz,213d538105008b3ab2dc8213eee84acc
51E7AA5995ABEDC81E3E111CF65F82D4,3807,src/ui/view/UiPet/UiPetUpgradeStarReset.lua.gz,feb1364be707320d80bb7ca4f5af9d5a
ABBE6F8F194BE69B12B17AA2C30BE1DF,1151,src/ui/view/UiPet/UiPetUpgradeStarTipsNew1.lua.gz,ae30c2d0f4d9346dda4000cd64e391b6
2F3A0E02FE093ADA222CEB5303A70803,747,src/ui/view/UiPet/UiPetUpStarAccess.lua.gz,41d98bb56e06f0ffe26dd433061d8e80
8076FAE3158A0D2EA7392289D32A7450,1255,src/ui/view/UiPet/UiPetUpStarFetterDesc.lua.gz,2668559ed6b70d095509160963693104
092578D86B9A2C7834D28FF978502FFA,1383,src/ui/view/UiPet/UiPetUpStarItem.lua.gz,e8b1c89f72ccbcc7e15be33d587e5917
D96901A83FFD8170B404856FF59B96EB,12003,src/ui/view/UiPet/UiPetUpStarMain.lua.gz,35bc4b03a4c4312657f95ba706350522
6A0A8EA5B1A3B1FB9AC9422ADAABC615,1347,src/ui/view/UiPet/UiPetUpStarPreview.lua.gz,80e908779701d4c86ea3c59ebd36dde1
6C423DB41E8DDEDE11CB9B5FB8109355,747,src/ui/view/UiPet/UiPetUpStarPreviewItem.lua.gz,c10ef17387d10c9be746b46bc703316e
930AFF4AAA372C8DA96637D02B698346,1259,src/ui/view/UiPet/UiPetUpStarPreviewMenuButton.lua.gz,0c3d1a74fde433720f92eed5cd0fe442
8549355FC3EB87971FB65886614D4017,7015,src/ui/view/UiPet/UiPetUpStarResult.lua.gz,a42275833e8a2c3ecaada29c8ff25945
9DE7BD0BEACBC80C25A40CBA718439B6,3947,src/ui/view/UiPet/UiPetUpStarTips.lua.gz,3d56d12012a07ea88f2b01acc8339d0e
4818FF8A54E2B52611D785DF3DFC7472,1343,src/ui/view/UiPet/UiPetUpStarTips2.lua.gz,593ca6fd576c633eb18b3b8cbea10613
EB7EBD67707BF03127B6B7C56E0292F5,1135,src/ui/view/UiPet/UiPetUpStarTips3.lua.gz,15e27af9fbfe3b3c2cb98784b3ff5bbb
E2C69C8B26BD05A8299F9736A4EEE526,1963,src/ui/view/UiPet/UiPetUpStarTips4.lua.gz,5461eb1f6d305bc9b0bdb307ded12a77
44C563941AD0B65DE315D08A39E8E990,2379,src/ui/view/UiPet/_init.lua.gz,61773c8e14d1d06694a910cdf9843f21
862E3EEBC5DC5171D756C2A3493812A9,3827,src/ui/view/UiPotential/UiPotentialEquipListItem.lua.gz,dd0032b5e3df498b4a0f438cb835e5a3
BDFF0B83DFA95C4337206A0ABA41503B,4343,src/ui/view/UiPotential/UiPotentialEquipPage.lua.gz,eb0c9c438cb37575f3e8f515303f785e
FC6EF66D331AE4CC7DB303BEB3997474,3131,src/ui/view/UiPotential/UiPotentialEquipSkillItem.lua.gz,88d41b34d5f64df2acfe4c606669f849
171DC9C1C72615954D1585EFB29A7CCB,2431,src/ui/view/UiPotential/UiPotentialMain.lua.gz,469349e31156c5c92bf5e0b549491e89
F893A1BDFCAC491D70D830D9E79F1A08,2839,src/ui/view/UiPotential/UiPotentialResearchPage.lua.gz,d2e6778db524894cc2945da9fc76cc21
27CF1E770AFEA2DB3E7450225CC30364,2551,src/ui/view/UiPotential/UiPotentialResearchTask.lua.gz,7a8f9707f126878712864128df0c5175
059922AB1E999538B8532886877C510C,3927,src/ui/view/UiPotential/UiPotentialResearchTaskGoodsItem.lua.gz,ff4bc3d633c73db210c319783623eb3f
297B9A611E1F044CA33F3EA8BAEB1B6E,2499,src/ui/view/UiPotential/UiPotentialResearchTaskItem.lua.gz,ea1db209e29877f0c7c508539d0e6bd3
751AEC1D8E24BE5B2007B6D81BE3BF40,2383,src/ui/view/UiPotential/UiPotentialSkillInfo.lua.gz,2655e18bc645fc9154b3b02db908d3af
F26716551CD1D2FD4DB676ACE786B1A9,827,src/ui/view/UiPotential/_init.lua.gz,cc6e7bc7dd84e23670fc0f9eecf1a9e7
8C1AD22E56C5573C2C63D82979DDB47F,1063,src/ui/view/UiPowerStone/UiPowerStoneAttributeInfo.lua.gz,b7e371d6f56c5579b13ded3b79acd927
4E0A2AEE8E6EC022CD87B52F689B4A6C,751,src/ui/view/UiPowerStone/UiPowerStoneAttributeInfoItem.lua.gz,e5bd0190b72563ee5e1de32b9165541e
F313D81D1907BA6BCA4BDEB943E1665D,1079,src/ui/view/UiPowerStone/UiPowerStoneAttributeLevelInfo.lua.gz,d1f43c82e1f2323a7d2ed5385b0f778a
F47E2727EE1F158B9C64539F3098FCC1,1351,src/ui/view/UiPowerStone/UiPowerStoneAttributeLevelInfoItem.lua.gz,4dc5c15c1df6b4915975908269fb53f7
8AF5C5C877DA794E34907734555DE09F,2395,src/ui/view/UiPowerStone/UiPowerStoneBackpack.lua.gz,1d7454957106abf7d7379de1fc75ea59
EFF3760EAEC9E499DF194F828D703CFB,1171,src/ui/view/UiPowerStone/UiPowerStoneBackpackCompound.lua.gz,e5345402be626c821d7b392f77aa262e
DD4B0D8634D1FF35AD53D8EC52EB3338,1255,src/ui/view/UiPowerStone/UiPowerStoneBackpackCompoundItem1.lua.gz,5f0d16487ec311bdcd159a2b192c34ae
FD0326A20CAE321887B0A9525C5B3092,1191,src/ui/view/UiPowerStone/UiPowerStoneBackpackItem1.lua.gz,3e1a012baa1cc13ff70a8951b3eebcc6
6E0E919823853664C585791B4EBBC3D2,1379,src/ui/view/UiPowerStone/UiPowerStoneCoreUpShow.lua.gz,e960c7911b1a8070ee11860217f33cd5
EDB44B46B79660591DF2E0D992ADA3DC,7603,src/ui/view/UiPowerStone/UiPowerStoneDetail.lua.gz,52025343da7142e589d51f2b96a4a827
A1351A12A66E1E4BEAD373070D8B2647,4075,src/ui/view/UiPowerStone/UiPowerStoneDetailChange.lua.gz,1a8a9d7a91a60369b4cf065652a29f84
44A9F2692DADFD6E9F7A8B02F577BC60,1367,src/ui/view/UiPowerStone/UiPowerStoneDetailChangeItem.lua.gz,777eb2fbd2437f1ca22a83977f4142c3
636D6804B575CE12B6D66E775455FB16,859,src/ui/view/UiPowerStone/UiPowerStoneDetailReset.lua.gz,59df11c4efe89aa739198923deb16677
27FE6A5E269E3E36779179CDAF5CA6BF,1259,src/ui/view/UiPowerStone/UiPowerStoneDetailResetItem.lua.gz,dd06bd69b2a8b8588f03b3c11da683b1
69A3ADDC62597C3525AC9A07DC11BB96,4063,src/ui/view/UiPowerStone/UiPowerStoneGemDetail.lua.gz,ac24c19ba859b14a80d5577fe28d0c1a
F9991A60D70C2DD20D7FB9E23400E06C,10763,src/ui/view/UiPowerStone/UiPowerStoneMain.lua.gz,7a18092c6e03e586f3949f5a68b87544
57F1646F5DB240D457CB1741C9FF9D99,5023,src/ui/view/UiPowerStone/UiPowerStoneMainItem.lua.gz,328e075fd9d744239dade07635813a59
06E706DD3945246CD50FFCEA9F70B1F4,2163,src/ui/view/UiPowerStone/UiPowerStoneRightMenuItem.lua.gz,72ef7552792114431c62d07b65cb8b13
E0230651C812E7C5260F507C61DEC015,14431,src/ui/view/UiPowerStone/UiPowerStoneUpLevel.lua.gz,c8fb569be2714559ad91e1ce53d1c1fc
F4DB5EF39B9AA40EA162D318977E0F29,20180,src/ui/view/UiPowerStone/UiPowerStoneUpStar.lua.gz,15e37519c5c424eb524b1fe11e866df0
BF4BD1771107CAC0E7FF6CE5AD9C8C3F,2215,src/ui/view/UiPowerStone/UiPowerStoneUpStarShow.lua.gz,021d07a873dad9fbc3f9338cbb2dbebb
CB14B2A2AFCF553F65C613FE0BBD64F3,1859,src/ui/view/UiPowerStone/UiPowerStoneUtils.lua.gz,cbde821311c6cd7ac4babe0d5c753396
9CB06F4D6A7744A44CC03F781E825939,971,src/ui/view/UiPowerStone/_init.lua.gz,74da9e5cfafc74ca0c363a4f8bad4243
9ED542D5C887974A0C8846862A0BF4D2,2999,src/ui/view/UiProvingGround/UiFightProvingGround.lua.gz,7b01e8147502510943ab1e44d83e1fd7
9BD6EEB404E1240DEC64C0345D86C01B,1735,src/ui/view/UiProvingGround/UiFightProvingGroundItem.lua.gz,fbae185df15ebd9d6bcffc0e83eb648e
7DAC1D0E2E272AF56A06DAB41413A538,3251,src/ui/view/UiProvingGround/UiFightWinProvingGround.lua.gz,0ef1fb58e1ffd5c2adfb3edefa8092f9
0C65314B584433D12180AF7CE92A70AD,995,src/ui/view/UiProvingGround/UiFightWinProvingGroundItem.lua.gz,4ea9c65d79f3de13fb2a843ecb7ff17e
D7A2EB21AA5B509A219DA57682F09F7D,843,src/ui/view/UiProvingGround/UiProvingGroundAchievementReward.lua.gz,4110da67c42358a35b45ff83d0c2607e
66250A5F112D9C0CF1E1A3D47CE60D8C,6791,src/ui/view/UiProvingGround/UiProvingGroundMain.lua.gz,d7c5bc9174df99697b1d96e5f3e02e2c
6E8D0A18C9F624442970556A6FEF119B,1647,src/ui/view/UiProvingGround/UiProvingGroundMainItem.lua.gz,e943aaaa0564342e4a162469e4468c82
7AFFC20C7E314CCCADBC5D6A6D3C6C6E,1811,src/ui/view/UiProvingGround/UiProvingGroundRankReward.lua.gz,c1bf96844830070ebbaffb61706f7e4a
33E4FF6FACC82EDC45A7BCD028D614C9,2363,src/ui/view/UiProvingGround/UiProvingGroundRewardItem.lua.gz,4a933233e3487a78a19c2405b6f44c09
7CA5C4A12F825AD68E6E066DFD47339D,175,src/ui/view/UiProvingGround/UiProvingGroundRewardItemSingle.lua.gz,3ae0578fc310ac555f2b907de39aad6b
850697B5098AEE9685920C33164BA797,175,src/ui/view/UiProvingGround/UiProvingGroundRewardItemSingle2.lua.gz,88d4c5f235c9b4e91174468e87a9a6a2
2FAD8EC8C15535A3CECCC1253D0D92EC,567,src/ui/view/UiProvingGround/_init.lua.gz,a9393740778c42378c8ff3292c0bd3cc
FE36EE7E2E159558E492210E2E849B0E,2203,src/ui/view/UiPVP/UiPVPArchiveCollect.lua.gz,9c03c2bf5a99070e28be9b421d0a316f
009C081C2F66664FE19D463CD9BC2112,903,src/ui/view/UiPVP/UiPVPArchiveMain.lua.gz,f50d360a2921c7e7781e0f06280706dd
01AD76459ABADC31E783DB57D93C5915,2443,src/ui/view/UiPVP/UiPVPArchiveMainItem.lua.gz,b9bfd8a22247337a2cc8186826dbf16a
2AB7D17B52C7AB052F2047D8C21BC6C0,2943,src/ui/view/UiPVP/UiPVPArchiveMine.lua.gz,74d9b3ae3adfd88ae8d880a058b6eb34
DD5E94CB57C1E4CA083246B7782408FE,2167,src/ui/view/UiPVP/UiPVPArchiveRecord.lua.gz,d377bac5876f89ab42a90ae098a04f33
94131BD59A60C73C5A9C49549FB0155A,7351,src/ui/view/UiPVP/UiPVPArchiveRecordItem.lua.gz,d4f260dad820710f98ea08c279096ad5
7729F297F7C61A00EF7900C4DD20FF8D,467,src/ui/view/UiPVP/UiPvpFightNew1.lua.gz,1e9fdf8eb3043dd8605527e9745db0a8
35EE1C271FED7E2DDAC32048DF39648B,20168,src/ui/view/UiPVP/UiPVPFightResult.lua.gz,02ae7e857d640bb971a7af275d700b68
B4192D9B61AE0F5FC85BA9E41E4B85DE,5231,src/ui/view/UiPVP/UiPvpLoadingLeftItemNew1.lua.gz,0a0666081756002fb93641d8247674bc
B205238D9243DBEB482F4B1C197FE1CF,5195,src/ui/view/UiPVP/UiPvpLoadingNew1.lua.gz,2b3aec9ab7a362ac4659868b04e57fb7
4E6A6501C070B46EBCF76B6D6D1866FC,5055,src/ui/view/UiPVP/UiPvpLoadingRightItemNew1.lua.gz,0867772916788fcd785d8f51dc55cc7d
EC0CB01F2781723628F8B511A3D3EDD1,9043,src/ui/view/UiPVP/UiPVPMain.lua.gz,cb2f27ae02e92691d1157b8706105097
D61A3AE1B150DCF370DFA6EB2E7C88DB,9435,src/ui/view/UiPVP/UiPVPMain2.lua.gz,6e3db17aaf5fb977acf85aeea53dc422
11A8B566A8340CEDD0ADCFD79DDABE39,8187,src/ui/view/UiPVP/UiPvpMain3.lua.gz,3f6e7f0b4cecdfce78284a54236bff27
68270E9A80F2AC140690176A00525BE1,1687,src/ui/view/UiPVP/UiPvpMainItemNew3.lua.gz,c584fdc92e339b75a3dc1ce24cbf7ed5
AD9305265596A6B18BC56C78938B06BF,763,src/ui/view/UiPVP/UiPvpMainItemSingle.lua.gz,828e12145ed8cb610097b014b38d3b36
08D506FA9DF15DB3B655151EC95A27C6,2323,src/ui/view/UiPVP/UiPvpMainList.lua.gz,0221c2b75da26f7db29fcafa4d497aed
B7023B3093DAEDA4BA5802982FF8ED9A,3351,src/ui/view/UiPVP/UiPvpMainListItem.lua.gz,9b4727c389da36020490a0cf369a1fdc
AB07EF3B03AC9F0581763291545B1C9F,775,src/ui/view/UiPVP/UiPvpMainListItemAward.lua.gz,048ee9260c2e82d807a366c45538b39a
B17B24946DF412BF4661CF4D3362A546,3823,src/ui/view/UiPVP/UiPVPMainRank.lua.gz,6e8c566fd5c62728cb207af34f37e503
EC9E8B0FF55CE0F2CB44643BA2EB1E5D,3095,src/ui/view/UiPVP/UiPVPMainRankItem.lua.gz,9d981b5b750a930c3c596fa91ec5a7c1
D9D52F9548EAF7F118E76A72454EB7C8,7031,src/ui/view/UiPVP/UiPVPMatch.lua.gz,e322aebb80cdd96847c90785098be458
A2BBF23F785BEC22B269B4BD9D4AABD3,471,src/ui/view/UiPVP/UiPVPPlaybackResult.lua.gz,a5b885a14a494e752addd908fd1822c7
31AC6481D8F540273D9B6ADD087598CC,1011,src/ui/view/UiPVP/UiPvpRankUpNew3.lua.gz,0b31bd1cd83fb6ae9dd12611a5455e3c
9EEEDF15266081265A0EA14E4E233B4D,1819,src/ui/view/UiPVP/UiPVPSeasonReward.lua.gz,aa4183b41a7a62a0bcb445b8873bf263
B043D7F186B3EE5B579EE8C6F3FDD936,2175,src/ui/view/UiPVP/UiPVPSeasonRewardLadderItem.lua.gz,86f1073c35c2307a74f9908907e18a87
E339D64F6374B73FA37281F27A2A3A6F,2003,src/ui/view/UiPVP/UiPVPSeasonRewardRewardItem.lua.gz,2a77084d3c5588c88e10a42593b30580
E9A37D237890A242F772A9FE090F15C8,1403,src/ui/view/UiPVP/UiPvpTips.lua.gz,42468a6e7854fd90b45e8ce25a469f5e
BDD2942F1EFDFD43BBF14C6BAF8C160B,1007,src/ui/view/UiPVP/_init.lua.gz,0b937e7ac3eb5468b5be59b245402ff1
DFDA6842CF42670FF8317A77B9A57F0B,3059,src/ui/view/UiPVPRoom/UiFightTypePVPRoom.lua.gz,01e37b2b50235e82977da831da935789
6EA5F5B468497605B41D40A78FDF297B,2111,src/ui/view/UiPVPRoom/UiPVPRoomCreateRoomDialog.lua.gz,51197b01e35a74d8dd43d73c8e06ca0b
FF9823B92FCDA07E515CF8B3C92D8A0B,1875,src/ui/view/UiPVPRoom/UiPVPRoomEnterRoomDialog.lua.gz,054a9d5914943c4d1d777fda6553b3b3
29A398DF1B23422B424818702859D4EF,2795,src/ui/view/UiPVPRoom/UiPVPRoomInLayer.lua.gz,d24b8a4c2795165ba648d610cb865840
B6F2ACD41E9EC6A77B52AC27DF46CABE,8783,src/ui/view/UiPVPRoom/UiPVPRoomMain.lua.gz,ec52b5e0f751405b09997819250d86ca
B3FC2E0507B6A6049171F95A06B31FF6,3931,src/ui/view/UiPVPRoom/UiPVPRoomOnlookerItem.lua.gz,72641e5f0a4ef09c8f0586c8c9db1a3c
0772B9DD6673D94F366F78E17DF7D468,3867,src/ui/view/UiPVPRoom/UiPVPRoomPlayerItem.lua.gz,235606e81f73a14c1898d5bc66a06aad
4357EE4C881AA480A69EF66AEAFAEBB3,939,src/ui/view/UiPVPRoom/UiPVPRoomReport.lua.gz,60128c9d8baeffc5de4ac9837488e68c
81D873716226B80E5CB0BC0F1CA190CC,1639,src/ui/view/UiPVPRoom/UiPVPRoomReportItem.lua.gz,64982767aba33b8dd7fcd62137b36a13
2D6D2768886C287633F007A64FCE1113,1319,src/ui/view/UiPVPRoom/UiPVPRoomResultFail.lua.gz,5a91918c2b2c4c1218b88ecbaa57205e
4F3885CE0B4862FAF2FA1446BCF884EF,1143,src/ui/view/UiPVPRoom/UiPVPRoomResultWin.lua.gz,576ce8487072714398cd4f3d2cbb4fb8
F49A2DC0A9E37D1FA523CC58D64748FC,1227,src/ui/view/UiPVPRoom/UiPVPRoomRoomInfoDialog.lua.gz,aa307f919a4c2516687bde8974dd83e8
AA0E53126C3A96BDE36CE81BAD8C933A,651,src/ui/view/UiPVPRoom/UiPVPRoomRuleDialog.lua.gz,32bfbdd8c4bcbe211192402f1cff65f7
E051DE1941679D11A465F7363FC24CA3,559,src/ui/view/UiPVPRoom/_init.lua.gz,d980a7e1ccbbdc445163cba9faee0b37
3998DD1F0D6A09489B66B781C6E1751C,1499,src/ui/view/UiPVPSummit/UiPVPSummitArchiveMain.lua.gz,a4dd28b4bf359bf51793d260d6dff3a9
841DCC42F9A0A59401EE4555495C5E90,2375,src/ui/view/UiPVPSummit/UiPVPSummitArchiveMine.lua.gz,79f3e3e320ee16eda694f56c5c4db10c
1EAC653383276F9D47B9F0ABDDBE7746,1563,src/ui/view/UiPVPSummit/UiPVPSummitArchiveRecord.lua.gz,7f1a5c698f8e47825c928c39810a6b23
FFF5B57192A9303BE4A4032D4CE19A1D,5503,src/ui/view/UiPVPSummit/UiPVPSummitArchiveRecordItem.lua.gz,8fdb9cc36df00874d1c85b529a4292d4
5E4B70494EEC038B6062A365494B421E,2659,src/ui/view/UiPVPSummit/UiPVPSummitGetRewardDialog.lua.gz,965781027e33f615bdba742db2480399
A8F640BA693ECF2A68BB7CF2416A99E2,1415,src/ui/view/UiPVPSummit/UiPVPSummitLoading.lua.gz,5a907eb2004c9a2e38077e99edc70f62
3A6637B91B269E1FF689AB8A6F707DF6,1079,src/ui/view/UiPVPSummit/UiPVPSummitMain.lua.gz,aa2bc46896de8639cf5648ef3226ad7c
4D47E62481F050A71465B4046BFA2D2D,6003,src/ui/view/UiPVPSummit/UiPVPSummitMainHome.lua.gz,0c1c342edc066553beaae179fba2c0b1
80839F0AC483D494D856AC0A1C328D61,6175,src/ui/view/UiPVPSummit/UiPVPSummitMainSwitch.lua.gz,e83bc02b0297249d21a789960f34d3df
9C9DFD5C72A2B8015EF6437165DE639F,6231,src/ui/view/UiPVPSummit/UiPVPSummitMatch.lua.gz,99d33f2a6862ac5f0ffaf88c234dda63
E1CC3A45D123B9054B3FAC1D92029662,5391,src/ui/view/UiPVPSummit/UiPVPSummitRank.lua.gz,a925dcab8635ca94ccc44d3c171252f9
BFEA2E33C271054BB2FAA6B5BB52EE25,2779,src/ui/view/UiPVPSummit/UiPVPSummitRankItem.lua.gz,f9977da090717fcd2f8671bc17defc34
718875E0F71BDD59E0B18C480221B96E,3047,src/ui/view/UiPVPSummit/UiPVPSummitResult.lua.gz,320ab2d3c128fd0001e017c80d6fe2e7
05C85AC6A281526BB272716F53E702DE,4751,src/ui/view/UiPVPSummit/UiPVPSummitReward.lua.gz,fc6f16b6638d9ea434a78a3c3d5f1bc2
66A4366532A9173117CB5EB2BF9158EC,1495,src/ui/view/UiPVPSummit/UiPVPSummitRewardItem.lua.gz,bab74f4e43f83e5b4e0da5629db5bd88
979C7E7622134C08C6F5BB0071A85184,3287,src/ui/view/UiPVPSummit/UiPVPSummitTask.lua.gz,f5a3cf606e7a71ab965258338fd55ff3
183938E59B6880C2C53C72DC1591778C,699,src/ui/view/UiPVPSummit/_init.lua.gz,1de8f1e22bc8f8a3164e6e5c41d27f97
D32E25DCFA51A75397ADF9D61D2270C3,3411,src/ui/view/UiRankingList/UiRankingCompetition.lua.gz,75968ab5e60fd82b780b13f2bc816cd8
3039C90965E595C6C5334E2EF712CD41,4499,src/ui/view/UiRankingList/UiRankingListCharmItemNew1.lua.gz,9b533172662bde90d4fe58986a9c9f65
6904F02C4715484824FD671A8FAB9CF6,11435,src/ui/view/UiRankingList/UiRankingListCharmNew1.lua.gz,bb9d52ee1abc05c6a0666bc5dd1199c2
7C8AEBC248E5C67476C9BC9BB53B495F,10171,src/ui/view/UiRankingList/UiRankingListCommon.lua.gz,1c2ce9bdb04c010b9bd4a5497d893e0c
307360002E6DEF483EBF258C1DE15D32,7039,src/ui/view/UiRankingList/UiRankingListCommonItem.lua.gz,271c8c2c2147c507cb33ab1b2b78893a
8E6BF7233CA5CDE44C61B859B12B2A6C,4143,src/ui/view/UiRankingList/UiRankingListConsortiaItemNew1.lua.gz,ad6f54161fe9abffb598c833706d8912
29A94D66F497D4CE712FBD030A9EDC9C,6107,src/ui/view/UiRankingList/UiRankingListConsortiaNew1.lua.gz,109c433d22b32aec7c4242ff6a073172
206A3D408E5CE4D22CF24C6C1B03D7F2,6567,src/ui/view/UiRankingList/UiRankingListMainItemNew1.lua.gz,bf046cfbb16c61c77dd951337709b9bf
486C8116FB5304820A889627E4EC771C,13551,src/ui/view/UiRankingList/UiRankingListMainNew1.lua.gz,13ea5d8a831d18043fb9481d28d8edaf
B707524515D815F21B20C3319D9728FF,4115,src/ui/view/UiRankingList/UiRankingListUnionBossItemNew1.lua.gz,815464480aba6764a27df24e8a2a3c36
AEE2E211D1A45783A97E8B90F2891ACD,5275,src/ui/view/UiRankingList/UiRankingListUnionBossNew1.lua.gz,150e00f50a85b225e03bc7795c3f68a9
B8F8E431D1F4E5E9828E1A981B14D83D,3411,src/ui/view/UiRankingList/UiRarityRankingListCommon.lua.gz,9a5e6afdc1e31fc61c0250bc17f3a989
6FCEB8CED0739A458C6FC4FE3E67CDC6,1931,src/ui/view/UiRankingList/UiRarityRankingListCommonItem.lua.gz,4c2e27e64795ab402635b1c20aef532f
4F2A8FEB9AD734606486B17819BCC538,5611,src/ui/view/UiRankingList/UiRarityRankingListMain.lua.gz,d49500f6756f1c41511ad5ed7605b302
9370160151C4757224025244255072C1,1287,src/ui/view/UiRankingList/UiRarityRankingListMainItem.lua.gz,48dfcd25f2d25cd29fca07e2235452bc
9FDF9E9293E26AE3FB84B5C6A22D4617,715,src/ui/view/UiRankingList/_init.lua.gz,104e0ae02c70655ab572d84d7d458157
77AA2C189BC3073E1CC0C88C31F1714F,1755,src/ui/view/UiResolve/UiResolveChooseNew1.lua.gz,d5e17482eb1777545009ea41d0fde930
265B0756D6B3D202F2C13EF451826B8A,8603,src/ui/view/UiResolve/UiResolveMainItemNew1.lua.gz,d4fdc87427b491bc952f16314f09d733
E194F38D04A9D1205395029A2795F829,11991,src/ui/view/UiResolve/UiResolveMainNew1.lua.gz,3cf02d7f7028af01cc049345c28f9b61
8D9EF731E8AF95E009A0C2AFB9433702,219,src/ui/view/UiResolve/_init.lua.gz,c55bb20b2ac17936d158d7cc03f013ab
91BFE779DE9819075EFBE8348B416CB7,8271,src/ui/view/UiResourseStage/UiResourseStageMain.lua.gz,f05d37eb5357a2b7ae0df43c2a602b10
C5278B04A0B9B1EB2B26D22372B79379,2667,src/ui/view/UiResourseStage/UiResourseStagePrizeItem1.lua.gz,6f2f513e9d9cec2f1bfd6f33ae211aff
8F288E1AFC0756E1B70B831973067EC1,3139,src/ui/view/UiResourseStage/UiResourseStagePurchaseTimeTips.lua.gz,b3eefd2d3687713e61ebd01dcf6f1c6e
6EDD6B2B5C393B31232CC8A15DC92DBF,243,src/ui/view/UiResourseStage/_init.lua.gz,6db68c962888f2d58a42f65668319bec
081D5A92F587F91CB455E12E0A072681,2503,src/ui/view/UiRoleMain/UiFashionWarehouse.lua.gz,a7937be57b4e2cc6a658cfdc8d6cebb2
810C03C51B52990858E7DC6223AC70CE,167,src/ui/view/UiRoleMain/UiFashionWarehouseHelp.lua.gz,eab6e77410532812e9b2a14197138c50
B1B93A1884AA686265C328D810C1F1B3,4723,src/ui/view/UiRoleMain/UiFashionWarehouseItem.lua.gz,55a31ca254a3b9dd431e20afcb2fff33
4DEC1A132D02C61AEC68FDE1CADD440B,1263,src/ui/view/UiRoleMain/UiFashionWarehouseUnlock.lua.gz,9d8c31f215b5fec07e3adee3058b2f32
75437C9E69DFC3BD8031778B7E55E59E,12519,src/ui/view/UiRoleMain/UiRankTitleMain.lua.gz,2a2927ab7b30cdb93407cf4335e546e3
4EAB6A24B6B3C9A1791A36DE1E62865B,2791,src/ui/view/UiRoleMain/UiRoleInfoAllDetail.lua.gz,2873c24c8dca04dd21ecdcd7217a40b7
A685EF285E16FEE5A858CC869B058731,2987,src/ui/view/UiRoleMain/UiRoleInfoChangeHead.lua.gz,616e776da19c0d13c52c4e2c17ee13dc
6515BED7A1643D0A3D13CDE6B1ED601B,487,src/ui/view/UiRoleMain/UiRoleInfoChangeHeadFrame.lua.gz,27af988d6722e769ab11be4ccfd65e5b
428329E0DD937F542BD055F6319F830B,167,src/ui/view/UiRoleMain/UiRoleInfoChangeHeadFrameItem.lua.gz,caa81a87962d3f614c5f03a64e637e2b
FE4CA6F9BFA966F298F42900B22527C3,2051,src/ui/view/UiRoleMain/UiRoleInfoChangeHeadItem.lua.gz,48289f7d8edaebf559e515d07fb469a3
6B4CDFA1640EE1EC5D5163CC76185239,3435,src/ui/view/UiRoleMain/UiRoleInfoChangeName.lua.gz,6b56f2b9eb95565e3423e3317147c102
2D1E7BD7DDE2651A7943A21CB66D5241,5603,src/ui/view/UiRoleMain/UiRoleInfoChangeNameFrame.lua.gz,ff70c9c238542016f1291d910d6e5f13
D447E58C1C9BBB60EF41AE30D10505D1,1835,src/ui/view/UiRoleMain/UiRoleInfoChangeNameFrameItem.lua.gz,2083268b3735d9694dd58c3f89cd845a
48428816C61A6F319D10FDAC45151C91,3079,src/ui/view/UiRoleMain/UiRoleInfoChangeRankTitle.lua.gz,03623721db41a962ad067e3eecce1643
DDC4D4AB2D2050B0E289DFB16BDDFD62,2035,src/ui/view/UiRoleMain/UiRoleInfoChangeRankTitleItem.lua.gz,e0e821da21fdfa66cabf54a5ed22e57d
1C7728CA31EB07320792D8831063F0B0,3415,src/ui/view/UiRoleMain/UiRoleInfoDetail.lua.gz,6250a9a1c0817a6ff62b5746dc6855eb
2B8ACB005F7756EE64912DF64797CC09,823,src/ui/view/UiRoleMain/UiRoleInfoDetailItem.lua.gz,a0f176c6f4eef61e92854a4e2204095a
37FA4E4095C5AFB8CB3511C5C4BA481C,1075,src/ui/view/UiRoleMain/UiRoleInfoFashionDetail.lua.gz,c97fdb192ca369cefa062ce62bffa47c
1BE3A572FC687ACAEEE9C17BA2775A08,827,src/ui/view/UiRoleMain/UiRoleInfoGetDetail.lua.gz,80a4b41399fa226e846d659252e8aad4
1D6B1138E0D9ABEFF8CB2B842610050D,4355,src/ui/view/UiRoleMain/UiRoleInfoMain.lua.gz,97e356e7af48db65ae0d78d45cddfb9f
A043AC8533373E76439437C05278935D,2051,src/ui/view/UiRoleMain/UiRoleInfoMainItem.lua.gz,4a7a9cd58f8fe7a4ec66566132e96024
2846D74D35CC2CBAC2C7F7A9457F6EAC,1587,src/ui/view/UiRoleMain/UiRoleInfoWeaponDetail.lua.gz,df4db671d0a2a266803107789d760504
918F866ED8975AEFE98EEDB57EAC1A7C,1451,src/ui/view/UiRoleMain/UiRoleMain.lua.gz,5123c7b167c224bbcf1d2897401b1e37
BA22FD4C8189785F76329085159E119B,531,src/ui/view/UiRoleMain/UiRoleMainMenuItem.lua.gz,f18d5331c753c5cc26676af754f760ea
452B4F9F673D8C12CC44A5CF54256860,1927,src/ui/view/UiRoleMain/UiTitleAttribute.lua.gz,b945c92c53926f9a70186a683e78f16f
9FC059E3D5CBF1E88108F3BAE4E99A18,2819,src/ui/view/UiRoleMain/UiTitleClassify.lua.gz,00a2d04d6db020cc6405eac29e841063
962F52DE1B8F048D89C327640368E3E3,7571,src/ui/view/UiRoleMain/UiTitleList.lua.gz,1221cc26af3d960c7a04a0fa24c9b144
B2F1E4FE8E6DE4EA294D46183472436B,12331,src/ui/view/UiRoleMain/UiTitleMain.lua.gz,9eead977ff4cb6c1ec7a4ae5e3e11bb3
06D75CB127AAABEF5BE96B7DD1C36822,2643,src/ui/view/UiRoleMain/UiTitlePreview.lua.gz,394529f5b379891a58df4e80a5e41af7
E123F1CD58CE1601F20C82C7060EDBA0,1123,src/ui/view/UiRoleMain/_init.lua.gz,c6983a293269be1f4d9f37f2b37fdee4
94F0BD0039A721A41D985174E4F215F7,1251,src/ui/view/UiSchoolBuild/UiSchoolBuildMain.lua.gz,8e0244008bb14f7e8ca04fb29c98575d
152A325BA4555E80D51C8EAF3D74C3A7,6771,src/ui/view/UiSchoolBuild/UiSchoolBuildMainBuild.lua.gz,6f51e0ed8160dbe1267978b02b37d646
5DC5395271DA9DD45D0FD77EEC3E8B38,795,src/ui/view/UiSchoolBuild/UiSchoolBuildMainBuildGift.lua.gz,df8d53078587e52fee11d60190c714d3
0943EAFA5F03025CD34C08614FEEA158,2535,src/ui/view/UiSchoolBuild/UiSchoolBuildMainBuildGiftItem.lua.gz,29911ed7dfa9ada9e97b345f9c943cb5
2362A1D250DF9404106C7589E87E5213,1979,src/ui/view/UiSchoolBuild/UiSchoolBuildMainBuildTips.lua.gz,7266f0983c5ed1c6e795294b886f6e0f
9F1E837C888C8956AD609AA333E53D77,955,src/ui/view/UiSchoolBuild/UiSchoolBuildMainExchange.lua.gz,9a02ccc7e72f1d7edde3c23e54a100f2
8E0D0137E08825BEEC8FB81532FBF54D,2803,src/ui/view/UiSchoolBuild/UiSchoolBuildMainExchangeItem.lua.gz,64039f19540f795c43115c90cd095a10
3114EACCFDC1C8DDAAB88F366815B9E0,4135,src/ui/view/UiSchoolBuild/UiSchoolBuildMainExchangeTips.lua.gz,94ba80edc89ede41b89b004ff08aaf06
1B9A997A61C7BAA03BA6A6A760263689,1871,src/ui/view/UiSchoolBuild/UiSchoolBuildMainPage.lua.gz,938cda80d899c234a502aa7afa9ca701
C9B564835FE9F8B1CD78DC8735C9EA75,2203,src/ui/view/UiSchoolBuild/UiSchoolBuildMainPageItem.lua.gz,dc5f3e0d746128043348d65de0e0c867
AE8F8A3C2B344B440C3A44FA059E5064,835,src/ui/view/UiSchoolBuild/UiSchoolBuildMainShop.lua.gz,9849f6bfcac8035092e0b8d198ec7b93
2F2FF62527F348457C185F3CEF8889A4,4715,src/ui/view/UiSchoolBuild/UiSchoolBuildMainShopItem.lua.gz,56b3a50247e323410e72d1e4963918fc
2D7C266FDDA16ACAE479D60A8BDA4DEA,1691,src/ui/view/UiSchoolBuild/UiSchoolBuildMainShow.lua.gz,3387053755efc1784cf6107a295757ac
B0E0C7271DF57F676F555E438335D0E1,3239,src/ui/view/UiSchoolBuild/UiSchoolBuildMainTask.lua.gz,e7d9dfc5920e8230012d62c510b9ee3e
1609755A23B8916057E52EF02BC08185,2579,src/ui/view/UiSchoolBuild/UiSchoolBuildMainTaskItem.lua.gz,a4da0e7d1e0d3cb5305946cf815e05ba
DBD0819AFA8BDEB506D81CF2CC4A23E4,911,src/ui/view/UiSchoolBuild/UiSchoolBuildMenuItem.lua.gz,271680b45bc7a7ea1ba30b334184e895
FFD37D7BDABCDB35FBBDD38BB3927B60,927,src/ui/view/UiSchoolBuild/UiSchoolBuildRankItem.lua.gz,7cf625a767d6346a8b80f33650ed1e58
916E6D0E6E3BA07A9C05698FBD72FA21,779,src/ui/view/UiSchoolBuild/_init.lua.gz,9c41decb617852cd83b987625e36fc42
952992F1CF34D8D8D6BD4C2C332DE895,3787,src/ui/view/UiSchoolFight/UiFightWinSchoolFight.lua.gz,c7a3e59a6c99dab3048ec37bdf2de7b6
76A914CAF93855670F413111572A5FA9,1183,src/ui/view/UiSchoolFight/UiFightWinSchoolFightItem.lua.gz,18a7eec0414458aa1b08682bbfbec709
CFC925C8F9DA561F44C05F52E81864D1,6775,src/ui/view/UiSchoolFight/UiSchoolFightMain.lua.gz,82a099fc5f27767b7d278a7bc25f3776
27398D17F623222640B5205F940E1F1E,3583,src/ui/view/UiSchoolFight/UiSchoolFightMainItem.lua.gz,045854cf34a03337041cad9f58495cb1
A260BCE299FCCE8284FFE86BE9D81247,5715,src/ui/view/UiSchoolFight/UiSchoolFightMatch.lua.gz,30a6c4fb4c814983b47b427b74bc49ac
255464DAF8F050AC36076D98D772B947,295,src/ui/view/UiSchoolFight/_init.lua.gz,28f80c4597cb962a0c81be064dea041c
BBFDF567C92A26BD8C82BF0B4D2763AF,5215,src/ui/view/UiShop/UiRechargeTip.lua.gz,bbbee651693021c897b867751913f7db
B8E0AEA57EDBD41E3D7ACCCD0CFD00C7,10027,src/ui/view/UiShop/UiShopGoodsItem.lua.gz,24414fa788d6693098972ba6ee79a113
EAD541745EF6CA651B616107593654EE,3471,src/ui/view/UiShop/UiShopKeyboard.lua.gz,b736dba1053d8c326351c8045e2110ec
890241EF5319B5D1F8B9FA93AF0E7D5A,2959,src/ui/view/UiShop/UiShopLeftListMainItem.lua.gz,b75819f16b13d28df8817a9465664d97
5967FD852A18DFFA4C9EAC5B7978D589,11719,src/ui/view/UiShop/UiShopMain.lua.gz,9c35a0fb4b2967f1b2661396346d24d6
27F7C5368661937FB5A7759FFC93B5D7,5799,src/ui/view/UiShop/UiShopMainBuyItemDetail.lua.gz,44287e47752b7a812faf172020007a33
116CB4C43527C992E6646980D757D4FF,1363,src/ui/view/UiShop/UiShopMainDrawCard.lua.gz,b207c0e32860f48e2079773835794d61
3268C9F80856F1F24E0B23834FBCC4A1,1263,src/ui/view/UiShop/UiShopMainDrawCardDetailList.lua.gz,e054d4a25437aeaf6d50c3fe8299dbf6
54829200A44BCBA371EB1DA6B19813BF,3283,src/ui/view/UiShop/UiShopMainDrawCardDetailListItem.lua.gz,4ab43cacd45311a1d7a4bac0f2ca00eb
D91827047922E3094C9EF2DA9CA8C979,5043,src/ui/view/UiShop/UiShopMainDrawCardGet.lua.gz,9eaa07ab5421947e17340cdeb7bf01dd
1858B26E00C7EE52784BA6FA5AA7B491,4119,src/ui/view/UiShop/UiShopMainDrawCardGetItem.lua.gz,e8fe01d2b9b80c7fd6519718c94e4029
859970FC23723E2744383E1766626CCF,11903,src/ui/view/UiShop/UiShopMainDrawCardSuper.lua.gz,416ade2aa6d245b869fcc467064318eb
3D4AAF3051E28BE712AED479D5B62578,739,src/ui/view/UiShop/UiShopMainDrawCardTab.lua.gz,418f4e21183dcb3169747f829e25915d
E3467E7F2830C82E7E431ADB66F03EF8,2807,src/ui/view/UiShop/UiShopMainExchange.lua.gz,413687093d68a43126940d63153f56e2
178C68FEE94906EC0C408C3538364011,3507,src/ui/view/UiShop/UiShopMainExchangeBuyMakeSure.lua.gz,3cfee9f99ca592c093dd1ff7350d2c79
28DD497D0440C1765F1F661892C072FE,1659,src/ui/view/UiShop/UiShopMainExchangeItem.lua.gz,9dd2d56ed5a267377d7a69cae848f5aa
45FA581E16F07F6632803035986ABEFE,4031,src/ui/view/UiShop/UiShopMainExchangePage.lua.gz,f86dad82669cb35c45700d815bbd9947
E3833AEABCF44B05FEB4C94504CA62C5,2347,src/ui/view/UiShop/UiShopMainExchangePageVoucher.lua.gz,d931bcfcdf1dec7eedb566e6e8a93c7a
EB945AEF85239E866AEA80B69506A507,139,src/ui/view/UiShop/UiShopMainExchangeTab.lua.gz,a6ed782315d3dd1f9f993a736810d310
87C43A0854491294050D4E426572C31F,1343,src/ui/view/UiShop/UiShopMainFashionBuy.lua.gz,194b2d312e439db4b244a257062d944a
C60FCE875524A605CCAC88864C46AEE9,5531,src/ui/view/UiShop/UiShopMainFashionBuyItem.lua.gz,66f85dde8d6ee234867058ee0eed8fb9
1F9F4E20F9CCDF1DDE1337D6DED9F1C6,8623,src/ui/view/UiShop/UiShopMainFashionBuyItemDetail.lua.gz,b4527bda0c86e73791aea2ef4c3707dd
00E31E6C771C84FE29FACE849E48EEC3,1579,src/ui/view/UiShop/UiShopMainFashionBuyMakesure.lua.gz,dca7698f7398bcb49b5e2bc38a1e512b
D70BE887223A8F63BCE1B9D07803E62F,2243,src/ui/view/UiShop/UiShopMainFashionBuyPage.lua.gz,df3fb1b56f20f96ae3984c1daa86ce3c
26113E3D9D5DC352079F134E92E051E9,151,src/ui/view/UiShop/UiShopMainFashionBuyTab.lua.gz,3e4d4cf8a0163f414b690fff222b5109
55544297540D7EDA4F14D30A6ED67016,3839,src/ui/view/UiShop/UiShopMainLifelongCard.lua.gz,3bbf398dc739373ba536c79942757f94
F9B515E3EF45D467010BA6A8CF238D31,8559,src/ui/view/UiShop/UiShopMainOtherMall.lua.gz,99c404dfaab5ef59b283e1cd32504f21
4E2E754160625A32FB8D70D4011290E9,10939,src/ui/view/UiShop/UiShopMainOtherMallItem.lua.gz,e157a82a3307909aa168c4a27dc22ee2
FBA89A040E9C0ED371D1A0106F5B4438,1815,src/ui/view/UiShop/UiShopMainOtherMallListItem.lua.gz,3fd0bc48f92a9a835e788349b0c2393c
E7D010EFD69DAF10CB308F370F5C28EA,591,src/ui/view/UiShop/UiShopMainPreviewItem.lua.gz,abe86f871193166dada887c7afc7a1e3
CA41D58E9D525C65A983C909F65C3BE5,1463,src/ui/view/UiShop/UiShopMainPreviewItemSingle.lua.gz,b8d2db3614a11a434aac52330098b9e3
133A8AC05D04861E40D8AB48D2FCFBAB,3027,src/ui/view/UiShop/UiShopMainRecommend.lua.gz,62d84bceefc0770accb4359f66b6fbcd
1038B8B3FA0324FDC6AEF09D22D189BF,2099,src/ui/view/UiShop/UiShopMainSpecialGiftBag.lua.gz,34d80323e9a2140b39a3ffa3feecffbf
D4495FA3BA2B845420EC3A31F21A746B,6383,src/ui/view/UiShop/UiShopMainSpecialGiftBagItem.lua.gz,505d2e963c4f0f6d35ef87881e444be2
FB27052759F0448B2A9B8B02E27478B0,1291,src/ui/view/UiShop/UiShopMainSpecialGiftBagItemListItem.lua.gz,e7bc480edeca1e7d53e5437c14f30002
EB3A0AC08B6A613DDB47FAA084B27181,995,src/ui/view/UiShop/UiShopMainSpecialGiftBagMakesure.lua.gz,1f6bd9b7b52ca1da9b2579fab5f02dbd
B2A92BEDFE829DE15C5BC2438D53210B,4815,src/ui/view/UiShop/UiShopMainSpecialGiftBagPage.lua.gz,53ccfe828c548bc1c926bb58c23eb1d4
692272C9DCB468FD67409E5171C7C380,4783,src/ui/view/UiShop/UiShopMainSpecialGiftBagTab.lua.gz,7d43036e3109b5716491c02fb9d1a760
69FF318F6EF739C3822C17A4DE50AA34,1415,src/ui/view/UiShop/UiShopMainSpecialOffer.lua.gz,a163d649c6e5b54e68864dd6c05c401d
48EE9901421700CBBAD65DF7D15924FC,7471,src/ui/view/UiShop/UiShopMainSpecialOfferItem.lua.gz,838db830cb32eeabe345827aa99c0654
6A97EAEF14B0BC86EE949FC53D372F30,983,src/ui/view/UiShop/UiShopMainSpecialOfferMakesure.lua.gz,f13af21a75e058c4fbe92c2301c56876
7942E7A4FAC8A1FF700D2AF7908DBD5F,1919,src/ui/view/UiShop/UiShopMainSpecialOfferPage.lua.gz,86a16b2f068022e9947d0b972cbb5ff6
E7D06B31D1B91641955768FE32DA086B,711,src/ui/view/UiShop/UiShopMainSpecialOfferTab.lua.gz,71b0b1f20f47de8cd95a0c2ba5c807e9
2A9C053C6DD3B89BE8FCB29CF3F8AC99,1323,src/ui/view/UiShop/UiShopMainStronger.lua.gz,0c99d5bc20c68aa449f2d93293c80f43
F09D8565349A7526973B97B9C50CDC06,1891,src/ui/view/UiShop/UiShopMainStrongerPage.lua.gz,adbd1bc76a5e57d3d117cc701838b55c
1DDA8567DE00125EF15EA100A9B23F2A,1699,src/ui/view/UiShop/UiShopMainStrongerPageItem.lua.gz,3de01ea153cf24adc9906c72f9e7d13f
D86E612F2D4951FE1399E1E5F95AF08E,139,src/ui/view/UiShop/UiShopMainStrongerTab.lua.gz,dbaf99fb926edffee234cc37daea08cf
E6848A998D13069D5A688F6E6DFE81E1,7855,src/ui/view/UiShop/UiShopSpecialBuy.lua.gz,a3ef8326377b95d7172923e9b6e0269e
42393E94430019773E7488057AC10FCE,9799,src/ui/view/UiShop/UiShopSpecialMain.lua.gz,1915358d2eaabe77ae46ad0f79d472bc
59FC5B9716ACD473DA4CB9486481B0ED,1471,src/ui/view/UiShop/UiShopSpecialResource.lua.gz,67c207cc3f8f4190cb72aa4142358105
7F06122D23E01D12D9B9DFFD2D17B835,1655,src/ui/view/UiShop/UiShopSpecialTabCommon.lua.gz,66ba6d2c14875639c7b09075372af36a
977F6EED37D609D45779876AAFBF00A5,1419,src/ui/view/UiShop/UiShopSpecialTabItemCommon.lua.gz,646be363589e379f2591951f85f80a6a
BCD386A941D4997E0C40588753B43560,567,src/ui/view/UiShop/UiShopSpecialTabPhysic.lua.gz,9f0ed4fe63f799ee1830054627e9a921
D07EC2CFF825DF60B4AF38A6DBDE94DE,399,src/ui/view/UiShop/UiShopSpecialTabPhysicItem.lua.gz,1ff71a314417fa303ca3d23b46fec2ba
3475B06B68597A32313198392E149003,387,src/ui/view/UiShop/UiShopSpecialUnionLevel.lua.gz,f25762d4793df39669e3418eacbe7536
F01AF8C184D3B8ED62DB24C775FE6B56,459,src/ui/view/UiShop/UiShopSpecialUnionLevelItem.lua.gz,5627ab5a82fcad559e2505777518dc90
494D3D8FB5C4FD4853A260C414636B82,2019,src/ui/view/UiShop/UiShopVoucherItem.lua.gz,968eb49635fdb3d5cffbbd3411823c7f
4C8D90E5AA5660581F585689312696B9,2287,src/ui/view/UiShop/_init.lua.gz,03ba30ee59c96dd4a104ddf8ca327096
B0E58C6A5B24FA599AA1F7E34D591402,11207,src/ui/view/UiSkill/UiSkillChipChipItemNew3.lua.gz,cddf00f341ad33b058df0d852e2059cb
953D6DE0D2B110E133D5C29992E6B5BB,1727,src/ui/view/UiSkill/UiSkillChipSkillChipShowNew.lua.gz,270bb89efcc71f8d9fb1610ebda7788c
569CCC72689BFEFEC2EB73E5D81D5442,1971,src/ui/view/UiSkill/UiSkillCommonVideoNew2.lua.gz,b63dbba4826688fdeb8831d1777c1b45
879250A38E42EEB552DBA62BFEBB7AAB,81799,src/ui/view/UiSkill/UiSkillConfigNew3.lua.gz,f86375f2ea4fafe1e5ffe448c5cf455d
07E0518C9302506CD6C2F19C6317E8EB,11339,src/ui/view/UiSkill/UiSkillConfigSkillInfoNew3.lua.gz,51a808fb5a1bce9bce4847aa8d476aff
2834BC7922F6C1B41A3D504E8154397F,1995,src/ui/view/UiSkill/UiSkillConfigSkillOrderItemNew.lua.gz,c922b5d39231abacce244b54317433bc
ED12ECDD2EDFD6B5A516709A83179895,1207,src/ui/view/UiSkill/UiSkillConfigTips.lua.gz,50d07acf9d34d4928e1a3d1cc946410b
05B4B773819B679FE722BFA4D5786A59,5915,src/ui/view/UiSkill/UiSkillRecommend.lua.gz,bdbdf79fcf4f1ecaf60b3cac8949bd16
01EC31503F3740620A790EDCC5A983D0,807,src/ui/view/UiSkill/UiSkillRecommendButtonItem.lua.gz,31cf70ee17420958e16b116231635fd3
F05D0ADFAEE1ED2FB567BD35076DA777,1831,src/ui/view/UiSkill/UiSkillRecommendChangeName.lua.gz,d110bb3290108aae3ad528d083f7f1c8
F3ADF3F01824D678F91048D6638E9735,1515,src/ui/view/UiSkill/UiSkillRecommendChipItem.lua.gz,630789786b5dcfc4975f3b975d83de76
DCEAC5A63DCEB395D294C6C56E710662,715,src/ui/view/UiSkill/UiSkillRecommendChipList.lua.gz,522671be7379ba07b9976ece3a193195
139B01D5140EA428FBF08674DF32A150,3135,src/ui/view/UiSkill/UiSkillRecommendItem1.lua.gz,806b8d8270ae73a28358c8b000428467
8BD96CED70CA7F5209DFD1D462A136AE,1275,src/ui/view/UiSkill/UiSkillRecommendItem2.lua.gz,f4b73658f7474be34bbe1287d0463e52
D1033EF89CC7259C1705F6295D7A090C,1207,src/ui/view/UiSkill/UiSkillRecommendItem3.lua.gz,9b2a021bdfad60d40a9ae758f78a93c1
7F2EBD466AA09C233E3B0DE13DE79852,9171,src/ui/view/UiSkill/UiSkillRecommendItem4.lua.gz,fd80844963b518f268da8d1e501defda
9A41987EF573B0C933267231250F843F,2351,src/ui/view/UiSkill/UiSkillRecommendListItem.lua.gz,94031986bff96892c2e4914107d263b5
86DCCF5538571FFF7A592A9841749ABA,1251,src/ui/view/UiSkill/UiSkillRecommendTips.lua.gz,efeeff2d16c9cfe861bfed3883a5c993
29766F80276C8DE7999BCB4833CD198C,5923,src/ui/view/UiSkill/UiSkillRemouldChipInfoNew2.lua.gz,d866da33b9d1e098b12d4552b4b77da4
5F0F217C74CFF3DD80F75EAA607DE7B4,32236,src/ui/view/UiSkill/UiSkillRemouldNew3.lua.gz,23c7958a72700bfa245a15849a891601
5D9EF9E60AA93AC9BF29040BA900ACE4,2235,src/ui/view/UiSkill/UiSkillRemouldResetTipsNew2.lua.gz,705a75aefc108babe2fb7dadd6d69157
3841D590811BFF86BA2E07A7DE4420B3,1299,src/ui/view/UiSkill/UiSkillTips1.lua.gz,417d9d87964643f38137a45dea8b9b84
17599DA8BAB8CFB9881578383DE2DB32,187,src/ui/view/UiSkill/UiSkillTree100Max.lua.gz,07729a78b38b8d171a5bae189ff59a4e
96741BBF7CC301B0F35C7741BD2689EF,191,src/ui/view/UiSkill/UiSkillTree100Mini.lua.gz,dff3b56f9e812c4250160c475995b2c6
18E285C100452445D7F5BF80D078BB2B,187,src/ui/view/UiSkill/UiSkillTree110Max.lua.gz,6c10dc3a8b876f1c6c80b36484524f72
8EB7E69C78C9394081C1B9924DDB9A64,191,src/ui/view/UiSkill/UiSkillTree110Mini.lua.gz,2b68105cfb660d76971301b3ea0dffd9
4BFF9BB940167E13FD3BCC4DABE526C9,187,src/ui/view/UiSkill/UiSkillTree120Max.lua.gz,fa97813dd2bf9f27197d857a2c9825f8
7661773F51050412689BC6483AEB2444,191,src/ui/view/UiSkill/UiSkillTree120Mini.lua.gz,15ac9786249b4a59d19460467229a334
FB0E8B11541288A6DEA07611AC769B4F,187,src/ui/view/UiSkill/UiSkillTree200Max.lua.gz,e12834e0b18bd5d855f2b15f16206280
EA35867DBB10ED8E98C6319CF0B07EBF,191,src/ui/view/UiSkill/UiSkillTree200Mini.lua.gz,b44d9004e78174251bea078fad04e631
7A4F0A5F49B6D56843458805046CF336,187,src/ui/view/UiSkill/UiSkillTree210Max.lua.gz,843eac23f8d9289a88bc2579bb092f59
EA31EF7ACDA1D2B73A9D8E60E2F1F795,191,src/ui/view/UiSkill/UiSkillTree210Mini.lua.gz,125c1205a24d0c5be901978ceef2eab2
87F8580292C904A0C46AC9E160ED0C8B,187,src/ui/view/UiSkill/UiSkillTree220Max.lua.gz,1aa752396f5f22f83ebdef117bdad261
C49FB74AA8A28D4F5821FDF01F182743,191,src/ui/view/UiSkill/UiSkillTree220Mini.lua.gz,c390405e26fea36ddcae13d6347a87ee
54B89C263C3EF3108A4A3CEA57E9F395,187,src/ui/view/UiSkill/UiSkillTree400Max.lua.gz,a08e86e43ebae19ae0f95290f4a9f6f8
3C58E50020795B61CC7F9A21E8200383,191,src/ui/view/UiSkill/UiSkillTree400Mini.lua.gz,36da0310777c706c554895dc7879b7de
FA4AAB53861C1DB9E6BFE75E49D60FC8,187,src/ui/view/UiSkill/UiSkillTree410Max.lua.gz,fed51014b553e181bf56c7c37863039f
58D0CD12D90381517178EF1E13E71D50,191,src/ui/view/UiSkill/UiSkillTree410Mini.lua.gz,cb4cf1e4ed988c99eb61cb9d5be27a4a
9B68983862DD6FC7A3507D880222121A,187,src/ui/view/UiSkill/UiSkillTree420Max.lua.gz,8f70b8f9c302388ba8b0de7819866f07
7E469F1BF850DE632C7B837C43646279,191,src/ui/view/UiSkill/UiSkillTree420Mini.lua.gz,a2b0d1d436846d8d8d51e653e15dde4f
389D1504EC065010EBAE7CE80DFFAF1C,8303,src/ui/view/UiSkill/UiSkillTreeItemNew2.lua.gz,30a78bf33d5e5b4343d8cc31bb4e8df4
5C429FDD3A0387A743ED303A34542CC9,12739,src/ui/view/UiSkill/UiSkillTreeMaxItem.lua.gz,2e7ab6870cecbbf96ab66e5ba27aaa30
1519945355224C6922638DDE25749170,179,src/ui/view/UiSkill/UiSkillTreeTips.lua.gz,0dc65c99e9df147452c8688e67b0eb7d
771584D1516E98601C7309943C602756,20256,src/ui/view/UiSkill/UiSkillUpgrade.lua.gz,fa1ba5dd403566933de20f6337489b5d
2D061B88D46A2C707CD5B265FBA7CC12,719,src/ui/view/UiSkill/UiSkillUpgradeSkillInfoItemNew2.lua.gz,dc6a892ea345009f2562a8f1e8592d68
46781D55E8AFCE6649BE56ACD767FF5E,15515,src/ui/view/UiSkill/UiSkillUpgradeSkillInfoNew2.lua.gz,53683be4b21aee4e995688f789be0630
336491F930EE8153048DE125C92A4946,1731,src/ui/view/UiSkill/_init.lua.gz,f0bbc1794ff8b6313288de585dcf5c6c
B145607DB7A8F0A13EEBC2149B1E4D25,431,src/ui/view/UiStageMain/UiMainCopyTemplate1.lua.gz,76f7a7920318fe0513c20ea5fc32e170
D179709B716EB54A2FDBF55CB5DF9292,431,src/ui/view/UiStageMain/UiMainCopyTemplate2.lua.gz,3991ff66c75cc704bc93dfa5d6870407
615DBADDF28BD694D827FE0540CE928C,431,src/ui/view/UiStageMain/UiMainCopyTemplate3.lua.gz,5387b03969eeef4054fcbcb16de97a98
E503CF8C4BCF8424F5554E76A498D96B,431,src/ui/view/UiStageMain/UiMainCopyTemplate4.lua.gz,ae52ada154cfac0a5cbe1a9199e8d8d8
48C0D372484C73C7313683FAC80822D7,431,src/ui/view/UiStageMain/UiMainCopyTemplate5.lua.gz,13078ef12589fee1eb1f6a799aaa6371
7E651FA77467B325BAE73E98CCB52F46,6499,src/ui/view/UiStageMain/UiMainCopyTemplateBase.lua.gz,15992983c5c65dd560f2fd8da78aa878
971E515803F90670EB653E5A9411FCE4,3431,src/ui/view/UiStageMain/UiStageMainChest.lua.gz,a9bf3d23266d406ba8303cd6bd4c28c8
82C3F4C1FA582013DE79F5A74EDC0477,1851,src/ui/view/UiStageMain/UiStageMainCopyBuyTimes.lua.gz,9dc1a36274f6b226fd0e8a07a4b301a7
80850E6673F25D85307BF5F94C5F0C8E,16191,src/ui/view/UiStageMain/UiStageMainCopyDetails.lua.gz,44b3b7ecea5750665b69163d54690f12
4C595F8CCDE39AEC35DA21A21A28199A,1963,src/ui/view/UiStageMain/UiStageMainCopyDetailsDropItem.lua.gz,203439cd680024892f243b3c2236ce2c
EE6B514CFCC9C1E82FDFD7EAB484F6E6,871,src/ui/view/UiStageMain/UiStageMainCopyDetailsHelpTips.lua.gz,09d7e283cc034403683d5fa10494e269
E584BC5CA7C1BDEE155570F832998F49,12035,src/ui/view/UiStageMain/UiStageMainCopySweep.lua.gz,8d5b42e6523c5ce1a7c0b9cbddc9706e
99E20CE5863F15C7C07CAEF3FD3F6D25,1263,src/ui/view/UiStageMain/UiStageMainCopySweepScroll.lua.gz,018d83bc6aa08b077919d7d1864dc774
4998DE52314D1684519AE4AA9B34DB9E,2931,src/ui/view/UiStageMain/UiStageMainCopySweepScrollItem.lua.gz,363decd2f6e1a9274e5b5c99dedf769f
E7A946B341721052A895DB3EC609730A,29364,src/ui/view/UiStageMain/UiStageMainNew.lua.gz,9b49dab49304059dac0a03e7e2a8ae60
3DDE7F43CF8AA6B94D0F6891BA754DE1,5539,src/ui/view/UiStageMain/UiStageMainNewActItem.lua.gz,b3ce35a97b3906b85beb85c6e92cdb62
FB29250D458E76B098CEEFF5E68357F7,14367,src/ui/view/UiStageMain/UiStageMainNewMainCopyItem.lua.gz,37b75c2471c54939b6413531fa3f86c3
0908FEB158060BBF9F8144501EC50A87,1879,src/ui/view/UiStageMain/UiStageMainNewSearchRewardTips.lua.gz,848c77e039a190b5a806eb5d283a64b2
CEEF586BB3C9196EE1A2189A47BC2BC0,3327,src/ui/view/UiStageMain/UiStageMainNewSearchRewardTipsList.lua.gz,f47947fcac9d7e8ae2e5983723f6e317
389EAB79220F0E562BBBD04D0A13C143,2559,src/ui/view/UiStageMain/UiStageMainNewSearchRewardTipsListItem.lua.gz,98f8e5ab28451e037cc75907730cd29a
2E1A53D382A121E087B18C4A7D829E10,759,src/ui/view/UiStageMain/UiStageMainOneKeyTip.lua.gz,f1f357722ee5c99646a82db5990f101d
A19F5575B2CF72D3213E1241364B82D1,951,src/ui/view/UiStageMain/UiStageMainOneKeyTipItem.lua.gz,fd4e6468701e6697c2f9bc3e50ea6352
50BF2D71940FABDF829B8EE77F0CA94F,5931,src/ui/view/UiStageMain/UiStageMainSearchCopyAllStar.lua.gz,1900b8b70929dc682a404e808a1384f1
E5AF3D8279045908ECFE186CF551C215,951,src/ui/view/UiStageMain/UiStageMainSearchCopyAllStarScroll.lua.gz,2b754e020740c4a3f213ae4daa38d0fb
92D23BA3C60C014288C32261C5C6338A,1951,src/ui/view/UiStageMain/UiStageMainSearchCopyAllStarScrollItem.lua.gz,7084b5b7722f1c8ace7ec916544c55cd
AD3BBAC14C59FF64C39A1841CBEBBEA6,1115,src/ui/view/UiStageMain/_init.lua.gz,189f9b1fda1eb19cad6a4cb55862ee1c
1B2B99C5FFDAAC7C1818159B786808BB,455,src/ui/view/UiStartApp/UiCoverAgeTips.lua.gz,019f59c32a390cc87e9beba6a800d142
D5C0026225801FC883330B6402D60F82,33845,src/ui/view/UiStartApp/UiCoverNew1.lua.gz,10735566cb69d17fc37c6971231882db
3DD240B77CCD69B66C4AE5C150020542,1903,src/ui/view/UiStartApp/UiCreatePlayerFirstVideo.lua.gz,96bae420ac256d9e3a95f4c93925c258
ECFCB0C46F9BFA301E6B87D7A0A9587F,7511,src/ui/view/UiStartApp/UiDownload.lua.gz,fa2789d8f918f67949f1023f19826c6b
44042B665E21CD864B70EA778A69611F,8807,src/ui/view/UiStartApp/UiFirstLoading.lua.gz,a8e874ad074fba3d68c7d700276e3331
272ED0CE3DFDA78C733ED9EC3F618614,8479,src/ui/view/UiStartApp/UiLoginLogo.lua.gz,e2d602bdda8068c38f5a1151a0f858a8
9E46B625C385F2C9D1582F462C013AF5,755,src/ui/view/UiStartApp/UiLoginNewMainItem.lua.gz,9fe00894b4721d9289f621879ff732cd
EB04199C1C4F3B6933DA73DF53141D53,22268,src/ui/view/UiStory/UiStoryChat.lua.gz,342a00600d417e4313d41d1e11d67ffd
528B63A8090FFC83BDF058988F04E743,24608,src/ui/view/UiStory/UiStoryMain.lua.gz,b47c603d72e9a01df78abc2b58bdea06
2AFF826600D10E2F5EE0F1B05106B2D1,627,src/ui/view/UiStory/UiStoryMainItem.lua.gz,473ef7fcc4f2de66f065aa64ffaeb5b5
F25552C60FBB6A2E6942668D5F9B547F,651,src/ui/view/UiStory/UiStoryMainSystemItem.lua.gz,b16bd5239502087be43c06874ba58b5a
CF7C34E9C4098468949E81F8588EF53D,231,src/ui/view/UiStory/_init.lua.gz,b1fd995918d729acc21a1bd943ff1cae
94E47F74F19DC26D77E31BC1CF489565,1591,src/ui/view/UiStrategy/UiStrategyButton.lua.gz,08c9eb7bd44699f321c787e109ab84db
A5AEC345EFFA08D80030F2ACDD0D0823,2571,src/ui/view/UiStrategy/UiStrategyMain.lua.gz,c1b24b2ed9b8dffb7e73d991105d20a3
919C4974CBD681BB9FC06DEF09D147A4,1875,src/ui/view/UiStrategy/UiStrategyTaskItem.lua.gz,3f3a25a5d594550646ffeae75ec31b07
93C0E5739D8FB5EB8D9C06241F817C2D,211,src/ui/view/UiStrategy/_init.lua.gz,b7c82b1fd30d60a0bfe8b4ee6f36d68a
0AD988B8CF2901FD73E6DE2725DC9537,2439,src/ui/view/UiSuperSkill/UiSuperSkillConfig.lua.gz,5819546d64c0e6202de5bd530612418a
B0B4E71917E3B272E1C3304CBB76AAC3,3603,src/ui/view/UiSuperSkill/UiSuperSkillConfigItem.lua.gz,ed2cd8dc3f167503d1f2e0db39d81995
86AC51630F6BAF5F6D5FD4CF7DA64621,2815,src/ui/view/UiSuperSkill/UiSuperSkillDetail.lua.gz,5d1871546fe1f2055bcea34e436281e6
54EEA1C0B8D90EE666B44914DA2AD7BD,3823,src/ui/view/UiSuperSkill/UiSuperSkillDetailBase.lua.gz,cea2906f5070833595b37e46ecd321f0
3B1DEB1BEF47C81692ADE42960D5C436,4543,src/ui/view/UiSuperSkill/UiSuperSkillDetailBase2.lua.gz,4bcbf70934f10e87816013ffbc5bb428
E739F8A99141BC5398050C932246873C,2715,src/ui/view/UiSuperSkill/UiSuperSkillDetailDialog.lua.gz,e47a6cb9d4e5890e306482720fcb870e
36367E7E62EA1A60258ED2F78AAEBECE,5663,src/ui/view/UiSuperSkill/UiSuperSkillInfoDetail.lua.gz,ebc49a3ec53c6d32b5e1a90dd763d781
C7CD5BDEA6165B870BDE405064D34AAC,1707,src/ui/view/UiSuperSkill/UiSuperSkillInfoDetailItem.lua.gz,7433d03f39d3d382455ed9e6144618e3
8D756E540398AC2E71ADF636517E63A6,1363,src/ui/view/UiSuperSkill/UiSuperSkillItem.lua.gz,208a64d4dad3905065f661ec06b1a510
7538AD590297C10C81E709B26F00CE96,2319,src/ui/view/UiSuperSkill/UiSuperSkillItem2.lua.gz,0167131d6f7aa154befd7816aeedc70c
EAAE1BD4447080598261648212A25262,9815,src/ui/view/UiSuperSkill/UiSuperSkillLevelUp.lua.gz,abedbf5833343f45e05763a9a9925cb6
767D05A39E7EDA03EA50C500A640C78B,851,src/ui/view/UiSuperSkill/UiSuperSkillLevelUpDetail.lua.gz,4f8196734c122874ff05059da323629f
77232CE431307CD34270F798FEDA8FF4,451,src/ui/view/UiSuperSkill/UiSuperSkillLevelUpDetailItem.lua.gz,055621774a3a8ec763065bff610a6a13
3E8F3D3AD9D7967C55791CD2834769B8,3323,src/ui/view/UiSuperSkill/UiSuperSkillLevelUpItem.lua.gz,d1bde3fe1aa9ca435357587a281d482b
2DE7F697B460A53402070F0BD3EC55BD,355,src/ui/view/UiSuperSkill/UiSuperSkillLevelUpItemSingle.lua.gz,4afb1d0eb442b078b4322ed71fc587ac
F435752C82F9B7DC8B219EFB2CA3D6AF,123,src/ui/view/UiSuperSkill/UiSuperSkillLevelUpItemSingle2.lua.gz,55a14d0f8b1a888c3c8c79e8894dbcac
0DF60277DC98C27B8513772FB190BC04,463,src/ui/view/UiSuperSkill/UiSuperSkillLevelUpMakeSure.lua.gz,0e5ae70ebc33ccd1e4aede9644b3c367
7026DEF1D3C3B13327D899E25D4A9965,671,src/ui/view/UiSuperSkill/UiSuperSkillLevelUpReset.lua.gz,4c3c55f13962e0b1e61b773832e62847
DB0E2E4BEE76EB786BB09833F192A71F,1283,src/ui/view/UiSuperSkill/UiSuperSkillLevelUpSuccess.lua.gz,fc25bb6dc97976bae2d7b3b033c3f61e
3A3AF4958C08B2C9DDAC15C3C3925861,6051,src/ui/view/UiSuperSkill/UiSuperSkillMain.lua.gz,b034375fba08a597bd3fe719f28f4f5c
23D2141829A11C59688DFB2BE05A8EB7,1807,src/ui/view/UiSuperSkill/UiSuperSkillMainItem.lua.gz,d2b1cf7ec96484d4af213dc7d71664ca
477AD12CE4B7DA8075F9D5B5A4E923C7,899,src/ui/view/UiSuperSkill/UiSuperSkillMainRightItem.lua.gz,1e36326d502bf896ac348109da354eb2
74B18EE290186E71719642020E6AC174,2227,src/ui/view/UiSuperSkill/UiSuperSkillRole.lua.gz,449323e2e9ca3deee6c4c8fe0e7917dd
3286145629C674340E261714AF9B05AA,1235,src/ui/view/UiSuperSkill/UiSuperSkillStarUpReset.lua.gz,c0ce16d537863f52f302b59231b84c7e
59A7C14D60E111E211A97BD632A27A28,1763,src/ui/view/UiSuperSkill/UiSuperSkillUnlockDialog.lua.gz,98e3df5d7c871af546e24d1a5821d2c6
DBFBCE84F8B5A29990F78447C820E515,12255,src/ui/view/UiSuperSkill/UiSuperSkillUpgradeStar.lua.gz,01477ccebdbaa230b0fc06da4d77ca5e
21C78B173D6CF8EA29C84DF01E74C106,571,src/ui/view/UiSuperSkill/UiSuperSkillUpShowAttriItem.lua.gz,e599205cdb82e7fb2261fc3c9ef7bee5
EE8FE74E1C02CF35BF94D069978CCEBD,1967,src/ui/view/UiSuperSkill/UiSuperSkillUpShowBase.lua.gz,a126b7d3efa232b878fa8bba7730bfa0
4E65BE6A85E8E39467DD79D882059B48,967,src/ui/view/UiSuperSkill/UiSuperSkillUpShowUpGradeUr.lua.gz,088991d3bb8eb07e820aed04545c9d72
99B74BC7FBC90DF7884834CC38558802,1435,src/ui/view/UiSuperSkill/UiSuperSkillUpShowUpQuality.lua.gz,e1a0ecda4cde260f6187bd7cc3a33a38
4D599B62C12AE1808C58D1E8D9390BE9,871,src/ui/view/UiSuperSkill/UiSuperSkillUpShowUpStar.lua.gz,4e018417c9bf8fb2d6f2078813ac16a3
A53BA62324A0B4C1B02EECE1F809DAF2,1299,src/ui/view/UiSuperSkill/_init.lua.gz,37ae0908cc27d276761d31ccf562580f
1035C470ED7371D90E7374A124812D2D,1683,src/ui/view/UiThirdLogin/UiThirdAgreement.lua.gz,26a9ddf9619f435db205d23c252fbb15
60B681E32884FC76F542811F5BA3B496,151,src/ui/view/UiThirdLogin/_init.lua.gz,b535a5082f8906a8283a8edcf07e97c1
78473576CD05399515955CC72F7DA7D9,4375,src/ui/view/UiTips/UiCompoundTips.lua.gz,a30106ba26b8f49d57c23ad0c823fc6b
FF6AAFFD665D048EC2AD77FCE2C0E9FE,847,src/ui/view/UiTips/UiEquitableMainTips.lua.gz,4c25ffab1af79fe5491cd84682b83137
05D4E57F13DF883EE799F079521E7DE1,1391,src/ui/view/UiTips/UiFindPowerTips.lua.gz,7269b72e4da80b58f863629de7554218
7083651EADD0E5D1BF3E16503BAE0C7B,5423,src/ui/view/UiTips/UiForgeTipsNew1.lua.gz,0f3da48828f1ddea9f962a1d348f0516
75540F45237C35BCA97FA8F17780E373,1783,src/ui/view/UiTips/UiIntensifyTips.lua.gz,3817ffa6738013dca5ff27df23a4ddbd
D39732A85F2733C7F183315A9180AE9B,1215,src/ui/view/UiTips/UiItemResolveTips.lua.gz,1c0e0ed0134c4e8c43496d5cdee056e5
08B541CDE3D032A6993A4A5278349AAA,1951,src/ui/view/UiTips/UiLackItemChangeTips.lua.gz,003852c2ad0e02e98d32a7ef11945f4c
BFE5DF06E53CA8CEBAC887BF2E729289,1343,src/ui/view/UiTips/UiLvLimitTips.lua.gz,cfa58b6c0da9c3b9298c98582e28ac04
71BDD8BE736663262B3033C41B335E68,599,src/ui/view/UiTips/UiMainCityPacksackFullTips.lua.gz,bf788a5824af0b40f7c34de71f6fdcf1
5312F92CAC22A86A909F45D2BF82B4BB,3155,src/ui/view/UiTips/UiMoneyExchangeAutoTips.lua.gz,28542151ca9c822067dd4ad2ecaf4ad3
F74A9B2ADE3401EA52BF67F87CEA2DB1,4019,src/ui/view/UiTips/UiMoneyExchangeManualTips.lua.gz,ab32fb14bced2353714c0cf25627c488
5C607D58AA1370A056D99BCF8B473BD5,719,src/ui/view/UiTips/UiOpenBagTips.lua.gz,9a20903b75961ab6ca01b8ef8e12cfeb
9F8409C4982C222F1977ADB9CF611CCD,1627,src/ui/view/UiTips/UiOverLevelTips.lua.gz,98514cc222bd1db07d77a4f65ab40fb0
0778C6BE11E6A98DE219B240E1C693D1,2475,src/ui/view/UiTips/UiTipsStageTextBig.lua.gz,9a59f18eec8e6b86e1eaa03aa36a7f70
EBE1B33B445C578834DC6FA9825041C3,735,src/ui/view/UiTips/UiTipsStageTextBigCity.lua.gz,09c13af95f56d849a3c0995feb2e0025
E6828BB732E1E66D0DEB08A230AB37DE,1771,src/ui/view/UiTips/UiTipsStageTextLittle.lua.gz,db82d912388ed95d543f3e41feb381a1
17CBE247322D118F29B443287D71FA47,2307,src/ui/view/UiTips/UiTipsTextLittle.lua.gz,d81c0a3963c0b5feebdf4ed4090fdae1
52375D79CF9750BA34BDDFB3BD5036B5,1183,src/ui/view/UiTips/UiTodayExpFullTips.lua.gz,41c10b6175a701099e424b4a1e587bd9
236E8173B37E8A09AB9B8A4FFF455C3E,2191,src/ui/view/UiTips/UiWeaponMainTips.lua.gz,1bfaa59f2f30f5ae11b08bcf0b7cdc2e
61155BA993635C2308576BFB408D2284,739,src/ui/view/UiTips/_init.lua.gz,a60205fcf238796c19ebca5ee4c09b46
DF2952EACCDB0254DD30D9EBE60E21B8,5735,src/ui/view/UiTower/UiTowerAward.lua.gz,800c42ee3cd83699986fe033eb8cd8f7
48C9CF9F5B0687A7335D9CA236EC948D,1219,src/ui/view/UiTower/UiTowerAwardItem.lua.gz,18a922f1ffc3e355cd07b26a6f569c6c
6281191FDCE9A2705F395D9D904C32BD,639,src/ui/view/UiTower/UiTowerFightLevelNotRecommend.lua.gz,fe2f744fb5213a32392dda1ea35d5eaa
A21DA68DA18E519B8F588BFBC9E36B12,1843,src/ui/view/UiTower/UiTowerFirstAward.lua.gz,1c5a9c8934a2b6b9890edd005297a024
FC7168DF4479232D3EF6E7A5C1F7AF60,2275,src/ui/view/UiTower/UiTowerItem.lua.gz,e33c72d920f5e7a5213fa5c4f0aee862
FB8856A796A1648C49B3E883DD153205,9299,src/ui/view/UiTower/UiTowerMain.lua.gz,9a0d72c8c02d5fa710cb7a287ef94782
97436E34FF65580D643A20CA9F04BD47,3699,src/ui/view/UiTower/UiTowerModelSelect.lua.gz,d7580ff8c3a53851ff236b554aa2d599
FECAEB6413706CF6DA30D1E250388E96,151,src/ui/view/UiTower/UiTowerPreviewAwardItem.lua.gz,38cd038e801d5d6404334316738dcb92
06316EC8F3DDA868D93E6BE3F11783FE,615,src/ui/view/UiTower/UiTowerResetTips.lua.gz,d4ac0034d274968cb1970a5d1601fea7
B42A6032AD22194050D5394499174FAC,4007,src/ui/view/UiTower/UiTowerSweep.lua.gz,14500a344d60ed130bf5d03f97c408e2
CE4ACFE2DF297EC7BDBAD709D17EF78E,427,src/ui/view/UiTower/_init.lua.gz,6cb656c37cb545ca702b29a4c6cb32d3
9BBF1D4E375F864045A2F8713DAB61EE,4551,src/ui/view/UiTrialChallenge/UiTrialChallengeLevelItem.lua.gz,e45ab547f7c7168b04dc1ecb7a5e3ddc
8336A0BCBC41BDD5F62889233C69B380,9887,src/ui/view/UiTrialChallenge/UiTrialChallengeMain.lua.gz,a9b2fa9d9ee72cabcc3467b73af1442c
5484635C1C9F224893A67FCCFA22F470,2835,src/ui/view/UiTrialChallenge/UiTrialChallengeRewardItem.lua.gz,0721fdf2cae46b2587bf5e752398705e
914A72AFE6D343E0FA73AB4181FCBEBA,5315,src/ui/view/UiTrialChallenge/UiTrialChallengeStarReward.lua.gz,0f3fad8cce0c6cdf1c82b906c2df1f1b
2F5890FB138B11A5105E326584849E2F,5903,src/ui/view/UiTrialChallenge/UiTrialChallengeStarRewardItem.lua.gz,defcaeb9eeffa1f3a933b03e1bb67318
D65E4D1A110FB1065DF84DEFDFD3091C,2215,src/ui/view/UiTrialChallenge/UiTrialChallengeWeaponItem.lua.gz,637b87c08c200cb901ad18dc595d71c1
5054FBF19D0F8732559B434C2FD39405,367,src/ui/view/UiTrialChallenge/_init.lua.gz,52429cb36af2e2ad74b7918a2379f23c
804E628FB01E8DE204BB39865513D093,1575,src/ui/view/UiTurnCards/UiTurnCardsAnnounceItem.lua.gz,0f48c86042c4a6f5370b3426b35d8414
399C0E7671F7375BB268FE4A34C803CD,2007,src/ui/view/UiTurnCards/UiTurnCardsAwardItem.lua.gz,c68d0aec4abeaff5c7c68bc2d70c8eef
95FFDBB71435923DC6F39BFCEDD2B24B,2003,src/ui/view/UiTurnCards/UiTurnCardsCommonViewItems.lua.gz,9faba308e06f23c5ef712ab25e599e5f
A5E615108DB38F63520BDE09A2B1010F,875,src/ui/view/UiTurnCards/UiTurnCardsDetails.lua.gz,c2e49d46e4bd402508c52f0bba01f488
867E3B22EA674DCE7CB7961D11117DCD,15935,src/ui/view/UiTurnCards/UiTurnCardsMain.lua.gz,f6fb17a6aaef08e2ca6440e0edfc10f6
71B75749EBC709ACA333736EB1D86014,3335,src/ui/view/UiTurnCards/UiTurnCardsRankItem.lua.gz,9b6ac916e91f0da1896c2857c02fe214
6A40BB70B7E6CA4719BC89105778919A,1827,src/ui/view/UiTurnCards/UiTurnCardsScoreItem.lua.gz,5550347a0dee56abd13cb4f4005491a5
156136447D9A09FD412220895BD4276D,4451,src/ui/view/UiTurnCards/UiTurnCardsScoreMain.lua.gz,9a874512294150d99ae9d92e7b560677
F6565D5C237608664BEBD15EF447C6A5,6679,src/ui/view/UiTurnCards/UiTurnCardsShopItem.lua.gz,a55d0263bf17d8af5827f9870afd8dbc
E84C8CBE0B7959DD5CABEAC7780DDFB7,1199,src/ui/view/UiTurnCards/UiTurnCardsShopMain.lua.gz,050434a24016fbc0b4b534359fae4c37
0AF575827676C86578B4D9177C616B54,1415,src/ui/view/UiTurnCards/UiTurnCardsTips1.lua.gz,b319659e708780f2ceefa86fd1dd2d39
B20198D557592E0EB6807D96E3FF207D,2131,src/ui/view/UiTurnCards/UiTurnCardsTips2.lua.gz,058f53acc15ee42f27e7b505ebf7913c
545C0FEAC364B89A5CEF20C7241DDC9C,3479,src/ui/view/UiTurnCards/UiTurnCardsTips3.lua.gz,6a2c9fab14f8479e047ee4d4a6c3e90d
BD3551AF1236C50A3C1342910D6A9755,5675,src/ui/view/UiTurnCards/UiTurnCardsViewItems.lua.gz,08b2cbd2cc699441a6ef76168a5c3ab6
2C9427BF6159D8A6E358FDA8FAC84A66,603,src/ui/view/UiTurnCards/_init.lua.gz,29cf812ba73296382f0d067d01a8cad7
12E5B3EE2F7D067FF243F81A1F94F423,1707,src/ui/view/UiTutorial/UiTutorialPicture.lua.gz,4bdfe8e316a6f7ad39ba4790483a6c5d
02CD314EBBA79AE486BAA1BF50A1CC6F,515,src/ui/view/UiTutorial/UiTutorialTalkTips.lua.gz,7a084339f86a0337276397110b8ca762
971AF557052BADDA6499713E074EB444,6031,src/ui/view/UiTutorial/UiTutorialTips.lua.gz,5b684becc26ae98c04b48e465795c0c3
1C5C3C933B63251357ED84D909429803,211,src/ui/view/UiTutorial/_init.lua.gz,a76dd4a6be9f6d43037e3a4d830a08d4
BD1AB2D84562574C131EA5CA73B8F108,547,src/ui/view/UiUnion/UiQuitUnionTips.lua.gz,61ccb76371dd0a380a1b24cfe772d20d
499F1EAFC9C692598C66E566758B0333,1291,src/ui/view/UiUnion/UiUnionActivityInspireTips.lua.gz,e32b85089830ab29525cae4f0cce84cb
B98C773C487C02B62AB412413B04DD5E,5251,src/ui/view/UiUnion/UiUnionBossChatItem.lua.gz,7c598790f0067a3cebcf52da6ec13df2
C8503F77B466E6B37E4CA022B5AD7780,3655,src/ui/view/UiUnion/UiUnionBossItem.lua.gz,7b1696a14a80cecf0943270d212e20a4
320795784F53653784F7494403F9CF91,4643,src/ui/view/UiUnion/UiUnionBossMain.lua.gz,5ef2abb867b83f807a1f4170d612957b
C14BD6ACA3DD0F838C35062A4E6B42E6,13939,src/ui/view/UiUnion/UiUnionBossMainNew.lua.gz,97e242326e696eacf20fb54b39a26410
DECC1F33C24039210DCE0AF3B945AF00,1855,src/ui/view/UiUnion/UiUnionBossMainNewItem.lua.gz,108ad933e4e8c8e3263cc8b3153cab27
B546D5FA2AE83119326E69FEA57B060A,999,src/ui/view/UiUnion/UiUnionBossMainPrizeItem.lua.gz,731f76878139e2868aa945670d0cffbb
F2C6A82348A3A302945552D876C9494E,803,src/ui/view/UiUnion/UiUnionChampionshipApplyTips.lua.gz,bb7900b0e7e1ad9fc69b39c2780a981d
51FDA92039B5D0814B9C1C28BCBBA958,1479,src/ui/view/UiUnion/UiUnionChampionshipAssistTips.lua.gz,9151952b593cafefd362787f3102499a
04B2AB73736187F81066603C5124BBCE,7999,src/ui/view/UiUnion/UiUnionChampionshipFirstStage.lua.gz,a13a268ad6d83921f3d9e4cd91299257
488E06B9C46BD8A8233A0DBE13A8BECF,811,src/ui/view/UiUnion/UiUnionChampionshipFirstStageGiftTips.lua.gz,f47e672624496553f86712b34d014450
0D3CA520C46B88443D868267C7039D85,1047,src/ui/view/UiUnion/UiUnionChampionshipFirstStageGiftTipsItem.lua.gz,f5418f16b1cc6b0132dac05c8ac906ed
FEA5A2600692BC2F8691852FB1ED4E30,4663,src/ui/view/UiUnion/UiUnionChampionshipFirstStageUnionListItem.lua.gz,6481829a008980962259e1745b3c739a
A38C24FDB45BB37A5054739BF1EDB80F,24704,src/ui/view/UiUnion/UiUnionChampionshipMain.lua.gz,0b4ea6fedcb149a7c9517e918334ddf6
432BD6F2BFB3F692BF81EC1F7A907887,7195,src/ui/view/UiUnion/UiUnionChampionshipSecondStage.lua.gz,c5b149de1f1e703ecd7eb026864b511b
10C9B012E1EC070CEEFC11A419D88E9A,2075,src/ui/view/UiUnion/UiUnionChampionshipSecondStagePurchaseTimeTips.lua.gz,4e5bbb8598c7c3e01c6f6b033b0ea9cb
A51707A1B172B44D143A479A0AEC2411,6299,src/ui/view/UiUnion/UiUnionChampionshipThirdStage.lua.gz,c6b36ff5f03c4c3c8e9364956be593be
5A77DBC3CC99864847AFDA33014DA795,411,src/ui/view/UiUnion/UiUnionChampionshipThirdStageAnnouncement.lua.gz,09555bbb1fed4c0639788a732ca57ec4
4FAA0B9A8AF4EB9713190E716F8046EF,4263,src/ui/view/UiUnion/UiUnionChampionshipThirdStageBigMap.lua.gz,1ed80bef14c074b06cf670d4da0d82b3
D9E870E22FFEE7FDB9B60FE9D2C240C4,4683,src/ui/view/UiUnion/UiUnionChampionshipThirdStageBigMapCentreItem.lua.gz,efedc16d2c2e78eee7b6679c813d8fcc
133B6F2A33C4A65BDD8024A18F72C2B2,4943,src/ui/view/UiUnion/UiUnionChampionshipThirdStageBigMapItem.lua.gz,d8dd5a6dba3f339c7608116d66ea0b9c
62D152E538F656D7118649807318819C,2251,src/ui/view/UiUnion/UiUnionChampionshipThirdStageMiniMapItem.lua.gz,a20142ee30638941933a22ead7012920
47B52041FBB29ED3A02E0366C4A87524,2299,src/ui/view/UiUnion/UiUnionChampionshipThirdStagePrizeTips.lua.gz,ea48ed2fb8fa9c1bb999143abf0acff4
2AD3CEFA6F7ADAD89F0D79421C7589B6,1943,src/ui/view/UiUnion/UiUnionChampionshipThirdStagePrizeTipsButtonItem.lua.gz,a18e1a545daf2d28c01b60db92e5f149
27622F84FCF10A493639C5A46A0C95C6,1059,src/ui/view/UiUnion/UiUnionChampionshipThirdStagePrizeTipsCityItem.lua.gz,8dc9b3c50d6942f7657b154761b76794
14625916E60E106C2901482233D19FCA,1203,src/ui/view/UiUnion/UiUnionChampionshipThirdStagePrizeTipsCityItem2.lua.gz,129726b3416a46615ba8d0e0e90f7b9d
0DCC2450F1579CB3519B95347D2C49CE,1423,src/ui/view/UiUnion/UiUnionChampionshipThirdStagePrizeTipsPrizeItem.lua.gz,155f8eea7e584d3f7312b05e04f5f3ea
5977935D6CBF2CB7AC505589C0841962,3263,src/ui/view/UiUnion/UiUnionChampionshipThirdStageReportTips.lua.gz,db2b082e8379e41489a8b255ea52de54
D8F7120FAD8E1108EA3CBCD07C0B1EA9,1703,src/ui/view/UiUnion/UiUnionChampionshipThirdStageReportTipsCityItem.lua.gz,849fed90bb937d9f38d95183a825a516
D4EE29163F26DDCA3525A24E5E01860B,1559,src/ui/view/UiUnion/UiUnionChampionshipThirdStageReportTipsRankItem.lua.gz,ccdd63a573f90a1fcecf92a545268de1
4A421361F509FBBBD5006843E8F7E40E,3387,src/ui/view/UiUnion/UiUnionCreateTips.lua.gz,85989efa00c61dc83a4953dc1108c127
1606822CD1618760B7940DB162A2CEC2,2851,src/ui/view/UiUnion/UiUnionDetailedInformation.lua.gz,8cce0b49217e3ee770aa01e27a25dae6
00B12E7625B442F382F328CF7C3A772D,3011,src/ui/view/UiUnion/UiUnionDetailedInformationMemberItem.lua.gz,648fb8b18c0c9817422a3025388bc952
8A23276C5AEC2D2DF5EFBF5B8FDDB241,1947,src/ui/view/UiUnion/UiUnionFinalBossItem.lua.gz,36876fa0ef9d5b81c6289437d81521c8
66DC2DFCE3E3FA785A6836B9D350E282,4211,src/ui/view/UiUnion/UiUnionInitialList.lua.gz,c1b4fd4221fbb6b0f1e2f8576c5b0808
E338ADF8573AB04BB3196BA6E5A1D290,3519,src/ui/view/UiUnion/UiUnionInitialListItem.lua.gz,933156e351f6d93fac0738c95df5cd9b
19C9E278A12419CAED6C137DFA93A334,6343,src/ui/view/UiUnion/UiUnionMain.lua.gz,869d44d84f3b1bc6aef87539883ce5a0
7BBB73D7EC8C7D9F352140A7001C09A3,1363,src/ui/view/UiUnion/UiUnionMainAcitivities.lua.gz,280bb81041508d40d358d285c6021b1b
E55DECDA9BCA3FBCDC32F444F8D2F5B5,3123,src/ui/view/UiUnion/UiUnionMainAcitivitiesItem.lua.gz,f806ca805ee0c547ac9640ba0695e941
4B97BDF42726D7514D9C2F90FA3AB10D,9827,src/ui/view/UiUnion/UiUnionMainHall.lua.gz,76878238f33b3323671b33ee378ca705
1BBB104B8E64113259C6987B5763CC21,231,src/ui/view/UiUnion/UiUnionMainHallBaseThumbItem.lua.gz,338631d00a02d15165acdd35185de90e
758E748EB932895811AB179DFB8460A1,239,src/ui/view/UiUnion/UiUnionMainHallBaseThumbItemBig.lua.gz,874b3ba9ee464f68f0bb8e3599408143
92DC82A5DDEFA80A742B1004EB1513C2,1219,src/ui/view/UiUnion/UiUnionMainHallDetails.lua.gz,6ce5ea6741f7ac7b1a8647b49a62409c
C712A4024D99AAC91225D6F8340B3530,2011,src/ui/view/UiUnion/UiUnionMainHallFightItem.lua.gz,da1642983d3db3825b6702246f04b5b6
E865B28D5A3F42BD990BC345D69A0E01,2855,src/ui/view/UiUnion/UiUnionMainHallNoticeTips.lua.gz,52126a1459090625f7c1948dc31ad6fe
D2AF07F721C310F736DCBBB87208FFE8,2851,src/ui/view/UiUnion/UiUnionMainHallTaskItem.lua.gz,0ef1bd06f05f7cf7f07f54e390b0e47a
4C7728025021928158E8372A044612EF,3079,src/ui/view/UiUnion/UiUnionMainMember.lua.gz,e3c3d669ef463a1603b85ad3d5631ad9
6B428E85B72209209662A2B15A4C0A75,2835,src/ui/view/UiUnion/UiUnionMainMemberApplyList.lua.gz,5416a1fe046bb27067a74f3a6fb358c2
9861D1B26322F9136A62B6F3F31362D0,3191,src/ui/view/UiUnion/UiUnionMainMemberApplyListItem.lua.gz,6f0803da2d97e412e1b30c1ea7d03279
7C80765CF21AE04362BCC582B4F800E2,2287,src/ui/view/UiUnion/UiUnionMainMemberApplyTips.lua.gz,ed32736b7d8262c861f31705324c6c0e
174D2684906DF03A67B76AE6C4254E48,6251,src/ui/view/UiUnion/UiUnionMainMemberAppointList.lua.gz,f88c224c8dcce051f9cdc70c96d8143b
7F2187B96849E47751919D4221DDC6E5,1251,src/ui/view/UiUnion/UiUnionMainMemberAppointListItem.lua.gz,1e7220436b5c1b6717267d266828a26b
4A971496DAD6D15838293CD285B0C2C1,3667,src/ui/view/UiUnion/UiUnionMainMemberList.lua.gz,3aa0ba63effbdca5e2d2041f76a001b9
96F6E93DCA95792FECC9819AB2502B88,3451,src/ui/view/UiUnion/UiUnionMainMemberListItem.lua.gz,7e23c96221e0f95a832936ccbce722ea
E8FAFBA079C7EBD1E8344B933EF7826D,2867,src/ui/view/UiUnion/UiUnionMainMenuItem.lua.gz,eabeedc7b267ab7d20ee896e130c7bd0
B0268766963C07260CB55296A34D40D9,5539,src/ui/view/UiUnion/UiUnionMainRedPocket.lua.gz,985c49b97ace705dac3058af87d60959
F46ABD5926754F3036115F007C4EB16F,1431,src/ui/view/UiUnion/UiUnionMainRedPocketAchievement.lua.gz,1e82804976c001574bf5b25fc8186630
B406FC54FE5C4D142DC4C91742B28081,1035,src/ui/view/UiUnion/UiUnionMainRedPocketAchievementItem.lua.gz,8e432edddf36b2aed1e65c617b8e0df8
6F7ECA68113B63223B54E32B9A9E6273,1843,src/ui/view/UiUnion/UiUnionMainRedPocketAchievementTypeItem.lua.gz,0e99014c6d06c2df54ab606fb03288ff
6772CD1E324863048C27F7FDE7493CE1,2147,src/ui/view/UiUnion/UiUnionMainRedPocketAcknowledge.lua.gz,0d93a1226535b982c83913d1a64685d9
D3E58D0A20593CF311C9FF4D765EED00,1195,src/ui/view/UiUnion/UiUnionMainRedPocketAcknowledgeItem.lua.gz,184a819576a3edde1638ea6b4be84f01
6744956BA6BC3083F4D90070B6FCBDE8,1819,src/ui/view/UiUnion/UiUnionMainRedPocketItem.lua.gz,cebee7ea7ccc9302d69b7a112fb0d652
35267FC98864FA82E5714AF3B4BEC816,2467,src/ui/view/UiUnion/UiUnionMainRedPocketOpen.lua.gz,9784e4305300100b6348568f1dccbf6e
13B8D58103E980FAE2168D0755F15AFF,831,src/ui/view/UiUnion/UiUnionMainRedPocketOpenItem.lua.gz,d73602d08d64c1352ebd7ff7d0500d08
8A9123776F52C2936DB500A372BAD125,1331,src/ui/view/UiUnion/UiUnionMainRedPocketPond.lua.gz,46db15ca5ce5b536394fe1de45f60108
B4E75E7BEA3AF21CB7AB7740462FAAD2,1607,src/ui/view/UiUnion/UiUnionMainRedPocketPondItem.lua.gz,fa04e5968c412b1a01484044f52b738f
66364AD4EBE684184A36A92BD7655215,8599,src/ui/view/UiUnion/UiUnionMainSalary.lua.gz,c1bc6932930ea6617f233b899f8dddca
2E18CE7CBE89F4B5AE20D370F4DB3D37,1135,src/ui/view/UiUnion/UiUnionMainSalaryActivityRankItem.lua.gz,8999d911b0838609f4376683d463d27e
987752963F7D4633A81E12ECB4ACC153,951,src/ui/view/UiUnion/UiUnionMainSalaryPrizeItem.lua.gz,aedf199446ec7e56b29db7c882b12db4
B4F814144F20B7D9C56A66D1FE1A2B99,1563,src/ui/view/UiUnion/UiUnionMainSalaryPrizeTips.lua.gz,67cf7d9fa64d9df77bb0e9e068ba7e4d
ABFABE9D8C94CF0649180225274607AB,3431,src/ui/view/UiUnion/UiUnionMainSalaryUpgradeTips.lua.gz,ae14682b159cd85150767e9a89d7523d
A3DB79674B6A77833CF39C54DF01EBBD,1463,src/ui/view/UiUnion/UiUnionMainSalaryUpgradeTipsButtonItem.lua.gz,0b395ee35e2e72a62477d5f8fd114144
A453615EEDD6A6A31C6790A66AB84FCE,503,src/ui/view/UiUnion/UiUnionMainSalaryUpgradeTipsTextItem.lua.gz,3fa4aa9c072047cf9b9682440c4ea047
40BEDEDA662A77E6227F39B9D0E0AE71,12879,src/ui/view/UiUnion/UiUnionMainSkill.lua.gz,718157995d389a2ed5ae2703ec1f7511
F16A6D1008716A1DD4896914D6A9A89E,5299,src/ui/view/UiUnion/UiUnionMainSkillListItem.lua.gz,c44b5e3815726789faf9b08b474c6123
4D2A1019C4A09D3E9BAF5CE2E7A36B3E,6935,src/ui/view/UiUnion/UiUnionMainSkillStudyTips.lua.gz,a7b9a85bdb1701d927cc404d9d08f956
CF6940317389BBC9D1D3564C2C88DB0F,8595,src/ui/view/UiUnion/UiUnionSignInMain.lua.gz,3b312ba4119e0afc8429f70222afe2b5
2EBE07185A1601BA9DA236F994B36473,3975,src/ui/view/UiUnion/UiUnionSignInMainBoxItem.lua.gz,b3e0d93a20671e533e1d2d4962895aee
881DF27E2EC1BC43F29FD419EE7C7391,4339,src/ui/view/UiUnion/UiUnionWarBase.lua.gz,32bf54818a435eae970853f0d6fe3b71
CFEC990397B2E903750A0E8A45CE1415,2303,src/ui/view/UiUnion/UiUnionWarBaseAwardListItem.lua.gz,b95713a3a7f3150252ba241d6a50f9f0
0F08ED9781D50B770A03D64E87823183,2839,src/ui/view/UiUnion/UiUnionWarBasePlayer.lua.gz,89cf9d638cfc11f6a74fe598823a766c
63203BCF8E9EEC01C2076CF3C0D26043,12191,src/ui/view/UiUnion/UiUnionWarNew.lua.gz,274ab39433fb3a36493ffb67348d5b6a
9491510991B37B6B9759F9C9D083A832,2879,src/ui/view/UiUnion/UiUnionWarNewDropItem.lua.gz,5061f3e53c4b7158792bd97e3b8ad52f
40FBCCB2ED153DADA3CB5C670C534680,1151,src/ui/view/UiUnion/UiUnionWarNewRankList.lua.gz,01d72e723b6d9d687c6c945de7174cef
DF7FF9313CF8619FA33125D2F40C8D94,2499,src/ui/view/UiUnion/UiUnionWarNewRankListItem.lua.gz,b024578831a33a8864805e0312b1a5f1
0AB0C1BFB6FA002155D177B7310FFCEA,3811,src/ui/view/UiUnion/_init.lua.gz,7e9571dd05ca53441f1421c8ebdb036e
710A4A7CD28D908B7AF139FBA5CB22DD,1323,src/ui/view/UIUnionCompetition/UiUnionCompetitionCoreOwnerTip.lua.gz,5478cd86f10cde7521dc0b9f35b686a0
A784FC2973AB92CC26131EA09042BAEC,1563,src/ui/view/UIUnionCompetition/UiUnionCompetitionExclusiveRewardItem.lua.gz,899d22e9fd581ec0b3126ae0d893e54e
3AD1C100A33CB6C6EBFD3BDB293F8182,1387,src/ui/view/UIUnionCompetition/UiUnionCompetitionFeatsAwardItem.lua.gz,6a2fded42738b2f204cd81985d15e94c
9B97DB89BC46D0BCB4E0470503B02C25,1375,src/ui/view/UIUnionCompetition/UiUnionCompetitionFeatsRankItem.lua.gz,bf2b7c15f0a5d9464a787d1c09ffd6a4
CF4708877BBB69BACC34F2C6BE739A13,63398,src/ui/view/UIUnionCompetition/UiUnionCompetitionGameMain.lua.gz,60e1112379f55be40c106c0450e07941
239A91B44144BC03C91719DFBB479321,14087,src/ui/view/UIUnionCompetition/UiUnionCompetitionMain.lua.gz,77a1b1988ba5718c7b1e4b91db3e69e7
92CEDE97AB8029C89CFE46491F939B45,3671,src/ui/view/UIUnionCompetition/UiUnionCompetitionModel.lua.gz,de8718df343dfa1a0655beae4cdc52dc
A3F42F5220DCF7F5D92F804D89312486,1471,src/ui/view/UIUnionCompetition/UiUnionCompetitionNormalFailResult.lua.gz,d318f605cf11c5b6ede53069baf1dab5
79C7B4F468599FCC01EB09E3DA21E677,1011,src/ui/view/UIUnionCompetition/UiUnionCompetitionNormalResult.lua.gz,c957338a91c9bfed5f520e89022d2b71
D89DE74A8A49B664AEA0CB518CDC7919,1031,src/ui/view/UIUnionCompetition/UiUnionCompetitionNormalWinResult.lua.gz,c6d351fefd84b6193eaa8ff290d2ca4b
972F38BA52DB47111E41FB9837648360,2831,src/ui/view/UIUnionCompetition/UiUnionCompetitionPointInfoItem.lua.gz,07a5fdde4579b7b8084b42a42d33ba2e
355CB1E8246523DB6F1E09BADDFD7C43,1263,src/ui/view/UIUnionCompetition/UiUnionCompetitionRankItem.lua.gz,73dd93ac08ebd3063772e86ba39d2eb4
54809C6DE7ACAD89D3059990AB68EDC7,627,src/ui/view/UIUnionCompetition/UiUnionCompetitionResurgencerTip.lua.gz,9a3e2bb5d23bfed059a88d69129bee15
C55B13518A147E7D59F0770E3BE3230E,2315,src/ui/view/UIUnionCompetition/UiUnionCompetitionReward.lua.gz,d07aa092d793f82da38f6a95b29614de
6F7D04FB5CCB42368249BEFCB9DEFDF8,1471,src/ui/view/UIUnionCompetition/UiUnionCompetitionSignTips.lua.gz,87137b37dc8e9a5212ea556de3608892
921C0365785EDEFC28A79D336C9320EF,3975,src/ui/view/UIUnionCompetition/UiUnionCompetitionUnionInfo.lua.gz,d6e0a9429d0caaf12acd0f9ec616ea9b
44CF20DBF351A36B0867A8F9E9DC9157,2407,src/ui/view/UIUnionCompetition/UiUnionCompetitionWinningStreakTip.lua.gz,6c6f4592e8ff75b63050457ada43aed0
8626A7DC050B9C7CD500ADB01505F082,1827,src/ui/view/UIUnionCompetition/UiUnionCompettionCommonTips.lua.gz,b9518978aaee90f283ba41908c6ff753
C43CE93E2F956D9B9F1A8B54B35F3D78,8071,src/ui/view/UIUnionCompetition/UiUnionCompettionLoadingView.lua.gz,59c848135033bef93a7b01171bab5df7
B64AABB5D0C6646C73F4F27B6C5E684F,1151,src/ui/view/UIUnionCompetition/UiUnionCompettionResultTips.lua.gz,da420207891766e8036f44747baf8c71
E14E6168A2DD391B72AC72977A805339,1003,src/ui/view/UIUnionCompetition/_init.lua.gz,613bceea5c2c86838295dcab67c74458
9E0F7E400A69AB8BCE0B71639D817958,11967,src/ui/view/UiViewInfo/UiViewInfoCommonNew1.lua.gz,6fc4c833e8ec926b696611ab04c454c9
7443A6383A25B8EA42BF8F376D704E7D,5207,src/ui/view/UiViewInfo/UiViewInfoEquipItem.lua.gz,42c142c0d2f5a320f64ef517702232d9
E01A64CF41ABEA1ECA1C34CD7D90CAF8,9567,src/ui/view/UiViewInfo/UiViewInfoGodWeaponTips.lua.gz,4bc6ed84a13685f682be3da0894aaa00
501D53CCD84BD23BA39BC90726241600,7887,src/ui/view/UiViewInfo/UiViewInfoGodWeaponTipsItem.lua.gz,625fbdd5d359f43f10273fe0d58f0ff5
91792115600DD637B191FE3733D92B07,699,src/ui/view/UiViewInfo/UiViewInfoGodWeaponTipsItem2.lua.gz,1567e3208ab33bd148ff5fb54fdfe564
CC5E46F1115ACD5374E8FD8993D0F4BE,8495,src/ui/view/UiViewInfo/UiViewInfoMainAllPreview.lua.gz,5a28a07e14029d147c84000c70f22c92
59D3D15D204E8B45A06430D7995F7CE3,1951,src/ui/view/UiViewInfo/UiViewInfoMainButtonItemNew1.lua.gz,cb1a7d53e3c76a8b95e8c2e987a6d698
E14E53CBFD21E68A128B54ACE5C4C372,4383,src/ui/view/UiViewInfo/UiViewInfoMainCrestItemNew1.lua.gz,20307321a101b78b22d40a4450e054e4
3359F007627E4C99882B9433796EA8D9,3575,src/ui/view/UiViewInfo/UiViewInfoMainCrestNew1.lua.gz,205e5cf20c667d938e3ebc1115a9602b
41128144A9810F7B4EBB9CED7F8A5C58,511,src/ui/view/UiViewInfo/UiViewInfoMainCrestTextItemNew1.lua.gz,acf7cd21b68c28aafc35b0f459fed90b
E549E042B1825ACDC2FDC94DFE51F1E8,4711,src/ui/view/UiViewInfo/UiViewInfoMainEquipItemNew1.lua.gz,668bcaeb368b50344cf1dfda13fa024a
7D78541AFF477A0B51A79D6F1F9711EC,3159,src/ui/view/UiViewInfo/UiViewInfoMainEquipNew1.lua.gz,54ecf2bd9165423963a1c5d808d74276
6C3DE83E28F559B6C07FF8F0AE5DDDE7,5975,src/ui/view/UiViewInfo/UiViewInfoMainFashionItemNew1.lua.gz,d97a21528daf8473dbded27d34ee548b
97CCE76F7DDA3629F77C6AFA777CD451,5843,src/ui/view/UiViewInfo/UiViewInfoMainFashionNew1.lua.gz,8877f5d2259427f28c7afecf23cc0f61
E215F87318A61DFA679CDEB2CD617340,2011,src/ui/view/UiViewInfo/UiViewInfoMainHeadTitle.lua.gz,20504976465e07c806484b8e104e79b6
74F9EF3423C47BFDE78D2FCCD0DC40AC,3699,src/ui/view/UiViewInfo/UiViewInfoMainNew1.lua.gz,fa115baa4ba5b9b5c548ae2c7b740de6
26DECF06A61A296588F5E0C3E412D886,2367,src/ui/view/UiViewInfo/UiViewInfoMainPartner.lua.gz,71d74a4434158f1fc268884d5c40df93
F394C6257F19979709248BF5B94ACA47,2143,src/ui/view/UiViewInfo/UiViewInfoMainPartnerItem.lua.gz,60245501d744fd2973fa2b1fc7a6bfa7
FE9A23C1FC64A0F467F1638EE81AE1F2,4643,src/ui/view/UiViewInfo/UiViewInfoMainPetItemNew1.lua.gz,4cc441d85d9e9d148d3adad13c914f98
7892C5C8B7B3278F70AF5A3521DDAEF8,3659,src/ui/view/UiViewInfo/UiViewInfoMainPetNew1.lua.gz,d62ed1ed0905a8137c1e761f63eec0b5
1419160373082FD384D11459DE021520,1267,src/ui/view/UiViewInfo/UiViewInfoMainPetSkillItemNew1.lua.gz,7443c1829a581f66364cb2b24455c728
CDE07B04F8DBF7205698DDB25B3E2CD4,1731,src/ui/view/UiViewInfo/UiViewInfoMainSuperSkill.lua.gz,bb80a3ab446151152d5ddebf2ca8d1e5
E6EE3B07CE6C52E5FC7DFE4E0BA0338C,2207,src/ui/view/UiViewInfo/UiViewInfoMainSuperSkillItem.lua.gz,ea01daeed699a30678aeb421f347f8d9
31B59C1939EDFC7A4BEBAA6C3587B8A5,4011,src/ui/view/UiViewInfo/UiViewInfoPowerStoneMainItem.lua.gz,4e1cd30af8bcfda90d1e67ccd53ab69b
3E3A27A6FE926D3ED76702D179FAB666,7247,src/ui/view/UiViewInfo/UiViewInfoPowerStoneTips.lua.gz,8e6888e590ed87eeca5a248c99346201
E3F0ABE58EDB631A8FC770C862F05888,1111,src/ui/view/UiViewInfo/_init.lua.gz,409abd775a8c97de49d21f8a07c60a1d
B7547C1F0468A6AAB6F5C698D9CFA424,631,src/ui/view/UiVip/UiVipDetailDialog.lua.gz,0f1dab551b29fc6dd48b558f049dc6fd
3317D387A2E3636D85001CE39F6F9422,899,src/ui/view/UiVip/UiVipDetailItem.lua.gz,aaf969ddf9bffbcf3aaa0dcd409b98fc
061F60C5A8B958ABA58CB4B3308636FB,2051,src/ui/view/UiVip/UiVipLeftListMainItem.lua.gz,cf491e887fa1312c324a7084deff0b74
67914937E01ED29A6DEAC84076BE3D83,7455,src/ui/view/UiVip/UiVipMain.lua.gz,fba94783d2c148668bc8f8633b3b4760
58357B767EE3FDFAC8F74DBF254529D1,123,src/ui/view/UiVip/UiVipRewardItem.lua.gz,36fa1298fbd7f32f36a4c731f9a9c52c
4143BFE3C72A4128FA9E335416F79D8B,263,src/ui/view/UiVip/_init.lua.gz,6cf206209b992a91c7fa2a3f70f955d7
2502E420C7B9B786F82968C2A76E894C,2947,src/ui/view/UiWorldBoss/UiWorldBossGiftItem.lua.gz,5e8d1777ecc69a408221ac83e0fc0865
FE23835F4971ED76B4C735B6C65324E0,1663,src/ui/view/UiWorldBoss/UiWorldBossGiftShow.lua.gz,dd308575cc5675cd192cea0ecd3dfa62
9F35CE9B3388A240EF20024AA3DF1F1B,2303,src/ui/view/UiWorldBoss/UiWorldBossGiftShowItem.lua.gz,31ca0afa5cf35c2f0d85a485c4c548aa
CD020296918158E934506F34D0ABFCF2,615,src/ui/view/UiWorldBoss/UiWorldBossGiftShowTips.lua.gz,a7f3f75c7336db0f07bc9aec78b90ed5
D7E778EA6608B03478E838788C366D04,1015,src/ui/view/UiWorldBoss/UiWorldBossInspire.lua.gz,70d4b0f7b92257d9d0e1c6f4ab27d042
C5398A3A90FB12879F9FBD30FA632472,11415,src/ui/view/UiWorldBoss/UiWorldBossMain.lua.gz,e08eae9bcb5a3220eff08dc670301f1f
F26077B0552DBAC5F3EEB94C5E83D5F9,615,src/ui/view/UiWorldBoss/UiWorldBossMessage.lua.gz,ba018f10f89bf3971e0779af71f45ec5
F83767C47D3A0DF14AD0D7FBC875C3A0,3323,src/ui/view/UiWorldBoss/UiWorldBossMessageItem.lua.gz,faa7977a39cab431066b1f849077ac04
6FB0D3BC22FE59657BE236B7303C0DB9,4507,src/ui/view/UiWorldBoss/UiWorldBossPersonalRecord.lua.gz,f4955aef48d400b02d83f30ebbd3135d
F6BEBD520F863C84E7A5EF5D748F72EB,1383,src/ui/view/UiWorldBoss/UiWorldBossPersonalRecordItem.lua.gz,43c28d796b498d75a8c7d9dba2a3dbf9
A26467152D0AF7648BBC2F26ED89C0CF,687,src/ui/view/UiWorldBoss/UiWorldBossRankGift.lua.gz,d916b337f1b78a698aaf2452b1c0b97e
9E11AFD40E83992B0B65BDFBD1B2BD8C,1611,src/ui/view/UiWorldBoss/UiWorldBossRankGiftItem.lua.gz,1f1971cba331eebc514094e04a60f283
3F6EC2140813038B4053BAA2E1FDB2B6,3167,src/ui/view/UiWorldBoss/UiWorldBossRankItem.lua.gz,f747e8ad6f00a0282c8e33c11dbdd255
112AABC7EB806FD216A8F25BC705CACA,867,src/ui/view/UiWorldBoss/UiWorldBossTips.lua.gz,4ecd795d2ac8c3ba73fb05cc8f911d36
DC9AD01A1DEC9B11A1EACA06F237DA61,703,src/ui/view/UiWorldBoss/UiWorldBossTips2.lua.gz,efe0abf629cf8410231d41f4eeaabc6c
2D54401BB75797C5240105EC9ADA3D17,655,src/ui/view/UiWorldBoss/UiWorldbossUnion.lua.gz,fdc6ae18e034856ef96d6eb0794a86e4
37A327BBA7B37FC0AD6AD9B8DCC2DBD4,1491,src/ui/view/UiWorldBoss/UiWorldbossUnionItem.lua.gz,a6c67f3d736c231053cfaaf5e7928c52
AD1033FF7DFC02F9108E4F18D56B3C16,711,src/ui/view/UiWorldBoss/_init.lua.gz,d7a84ea50de5326ab4b411ecadc92a05
0D7F95B1EB3AD3DA80058ED94DA186B9,2671,src/ui/view/UiYearCelebrate/UiYearCelebrateMain.lua.gz,7cc03e901cd4a12db37ce5b040ad0031
C8D32F342F66384855609105157643EC,155,src/ui/view/UiYearCelebrate/_init.lua.gz,28bae779b517aa3aa51b53f9e39c5c6a
F7D97C91C7596C28BAB446EA7EB85473,5939,src/ui/widget/ArrangeNode.lua.gz,e2850b4e36956b1c58509a38aacafb4d
6BF890A6644BBCCC6AD13FE02979354E,4087,src/ui/widget/BloodEffect.lua.gz,53ae590f2c441fa774e06d36bc9ed5fe
3CAB8ED7EA59E02DD7920DBF9760C4EF,10143,src/ui/widget/ComboEffect.lua.gz,d376861b9ee318fc9b05bd8dc7978d94
E59129FE7EC2FBCDA1943603B789B8B6,10007,src/ui/widget/CrossLineEffect.lua.gz,bbe5bedc9a5fedf63fcced9336c7ccc1
06E44012E0528FB71498BF2167BAEFDD,7447,src/ui/widget/DragLayerEx.lua.gz,8b5ed3a1f16f54658529c7585a02727e
05E05E3F49EB04E6CE5106F3945691D4,93912,src/ui/widget/Gamepad.lua.gz,3dc60ada85ee0369e46cf4fd4c4b2850
8E7C2FFC097A27916395875EBD0C77FB,4587,src/ui/widget/GoEffect.lua.gz,290802eac6d4fcf66cb1f2932a545147
813A89068BF13278942DA4572F204FB0,8999,src/ui/widget/HurtNum.lua.gz,c3341e86d667dacf204beaf991564aef
0B8381F9CEE54B092649FF61672EDE11,4135,src/ui/widget/LittleBubble.lua.gz,6ebb7ce637dc5a4bff2c5b4f913cb194
5FF42817E434EF05EC128AE9DA6EEF7A,10823,src/ui/widget/PolygonButton.lua.gz,c7c4a99cfdf56b396fd85aad90397389
BA16AC460D50A0D872691E3003CFCBED,4299,src/ui/widget/PolygonRadioButton.lua.gz,58e01124029242aa9917fa926512ec94
51981603799B2B4F2CE05E9957A647AD,4863,src/ui/widget/PolygonToggleButton.lua.gz,6628e0fc3e2f192402686afd595c7c33
6423F98E3579C0095AFD40EF5F68A394,2515,src/ui/widget/QuickChatButton.lua.gz,bbf5f69be6ae827d6e0f1bf897281b30
AB29C3A503D6CF5A064097E66CD914C5,22532,src/ui/widget/RubbingStrokesEffect.lua.gz,157b97c61bb23a9a9c70d2d7558d15e5
8CB86F762B12920186D31991085FA4A2,11915,src/ui/widget/ScaleLayer.lua.gz,84a61a85411dbda724928f03bcd4bdfa
4D5D43DB8472720045806120C2BB6446,15339,src/ui/widget/ScaleLayerEx.lua.gz,514ec5aa96f9a5c8dfc19112d4ff2649
1858251A58F7CCEA2F1FCBD25463A73F,15719,src/ui/widget/ViewCircularlyList.lua.gz,6ed8336816a0ce77834b360dda69aa6f
9B928EB2ED9140F5E7CB11D398904191,8219,src/ui/widget/ViewCombo.lua.gz,5cd1559bde1a02548b3577974460ff92
7D43B9DE98000ACECEB7A7A44FB2E70C,1251,src/ui/widget/ViewCrossLine.lua.gz,e4774843493eca6159d9198cfdee29fb
5A51174759E98A577A1982732D9E7F7E,2263,src/ui/widget/ViewFightBar.lua.gz,4694720c8b004480e28df1a0428b9c18
460FE9780C8E9DE5A770B7242120F3EA,1963,src/ui/widget/ViewFightBarEffect.lua.gz,269933a0bcc2aa5c2ce0e4d7aa252b95
08051327D1F2152DAB45F140AE16DED6,10491,src/ui/widget/ViewFightHP.lua.gz,5ff55541699b21ce4ed7c92c93577da8
9DBB71B57B49E9E23F27ED8FB5EC93EB,2091,src/ui/widget/ViewFightHpEffect.lua.gz,3dfc03a9f5a529aa22cd8d8928ce2792
EDE593E93231A38E5D4DCADE5E595389,3959,src/ui/widget/ViewFightRoleHp.lua.gz,f9f05abc62e958b25964f39b8f94dec4
E4C63132AE705E58347ABCFF0195BC41,1763,src/ui/widget/ViewGo.lua.gz,70b68f909ef80006525428e845c88912
828FB7A873A1A35C2D1FA6D9D586FDA7,8455,src/ui/widget/ViewHurtNum.lua.gz,f45c5bc401aaae7c806a476bbef6b6ea
54BFBA509B2B9A0C862E4592FF0B6300,3899,src/ui/widget/ViewLittleBubble.lua.gz,65865f742166553eebf553dee91e282d
79D05F13B219BE1FB7231C817DC794E0,17172,src/ui/widget/ViewMinimap.lua.gz,70311829c69c5203ebc1416867feb9b5
5E9C8D336E6716A5DAA50AB85E2B38CC,17408,src/ui/widget/ViewMinimapManager.lua.gz,aa5601fc288ecac98ea5fc1f1e9d4051
A76E963C8B45FA0A559F25367E97955C,3371,src/ui/widget/ViewOutCameraSign.lua.gz,3fda150eec49244f55f31a9b6a5497e1
6C8BE08D88F9233993FFC9A0C3CF3A88,3299,src/ui/widget/ViewOutCameraSignManager.lua.gz,ba3d614d9f7c3fb335b54c4ef9d8feb6
60C7294AB72F900E9E81D8AE30C571ED,3379,src/ui/widget/ViewPress.lua.gz,c27c01989222f8eecc52ee75458f9b67
058926B862DF7CADF6072B2FACE4708C,1611,src/ui/widget/ViewQuickChatButton.lua.gz,5ae423e4a70099b0d07827d609821fe4
DD690C39BDE16B7DDE3D49F712C57B9E,4943,src/ui/widget/ViewRoleStatusPromptManager.lua.gz,da1dfd659d10153074e07799356700e3
4B302A8815625CD2B434A1C694E6AC8C,2855,src/ui/widget/ViewRubbingStrokes.lua.gz,34a8d33a4544a1dc5d43066062f7d715
DA0F9944B8FD16617DB233F0870B6F10,8239,src/ui/widget/ViewSoundTalk.lua.gz,a78c5af136bdd201bf65f0a9e1fe5d70
766CB653C2DE74A402B887EA3EC553EC,1743,src/ui/widget/ViewTimeFrame.lua.gz,add27b66e8b8eb542c8e88819974bfee
142CA3C19121ADB80C5774C14429A109,1283,src/ui/widget/_init.lua.gz,79b573a4aae92f017d6c07655cddfa1b
A4F87E4412652EEE1742D74833E7EC7D,143,src/util/_init.lua.gz,9faffff85132ea7179ffc420eb660f2d
40BE3644A4840141A73728825C171738,2367,src/util/engine/AESpineEx.lua.gz,08ec9193853e9a281d45e867dcff3702
93133BBC4C91F3C04597656153DE54E7,3071,src/util/engine/AEUtilEx.lua.gz,bcf63e7831e138233f49a984b095aab4
2F2B0B93BADC20CA6BD90FA62CFBD7C1,14267,src/util/engine/CSBReaderLoad.lua.gz,5e77ffb05f30533d1eb960946fad1bce
6DDC064D02E91C39D888E0C017AD53BC,9475,src/util/engine/FactoryAction.lua.gz,1059cc41b9dbf224e40ad0029da46e13
6F8D0E41C03848D8D265443B3E070B89,7935,src/util/engine/MsgSerialize.lua.gz,0c2a5bdf9ca1bfcd6c3d9d56be99a9a0
98A607E05B1C9C163CC15506C8D814FF,4987,src/util/engine/ParseMapData.lua.gz,f3fd6111e81959c45fa83af70d940e20
62154856D1088847222B788752C718C2,979,src/util/engine/Queue.lua.gz,06e45fc7824a9ca3de7ed454f20fd75e
2791224AC795AC78DD44DBFBA36616A9,13647,src/util/engine/Sound.lua.gz,d5e47058db5e74349fd297e76e41d9cd
6616E3D66830CA61DAE349D1B49E87F6,4015,src/util/engine/SoundPool.lua.gz,9d364050a797ddbac0270e37f353bea2
CE3A3AEE1A792D8C2432C58FFA92F384,12203,src/util/engine/SpineManager.lua.gz,d3e8a7e0bd54b2f09c1968ca5e4ab9bd
29232807C248C8EF85489DCE2DEB8002,967,src/util/engine/Storage.lua.gz,4f1639a35357d366b72525aa89acf0db
025413AB9944A70AF675003E5BF9910D,3811,src/util/engine/Video.lua.gz,a6f761a9b04aa9ebfe047a64a36dda98
328875234554CA00D9A92B3215AD3C81,427,src/util/engine/_init.lua.gz,8f466c4997986586ed6ee4de8af4672d
52B4ABB7A1564EEECF9CDBE553905495,5883,src/util/game/InfoBar.lua.gz,61eada0587eed33e91d60145af34a543
CC2C153C4251D3B30429284D89785104,3375,src/util/game/LanguageManager.lua.gz,bd23ab2db9d891a7d7f1576f5656bc92
D3004A78907FCA88B10BE6C4A67D510B,3203,src/util/game/NodeEx.lua.gz,44843bd198a59d353072d28a8bc1545f
E97F2D7A6844536FECC273E0821ED2E2,46801,src/util/game/Quick.lua.gz,ab67658b14ddc457f10c12f0c6fdef5a
640C328224B4CAC0A0C5540BB3E98E22,35269,src/util/game/QuickUIRole.lua.gz,ed255ca8f71a49373db2a60afab5c26a
6BB78F5C0FED10EBC25A3F9C1FD37B6C,5247,src/util/game/SpecialEffect.lua.gz,e4859b83f28654afb363a235b17f5250
A64BCF6337F0E24B40568CC5618E78CD,851,src/util/game/WidgetEx.lua.gz,0ea6b515a6622f9c4f3de2bdf18fe389
A225225E4515D4E867B38589FE078949,187,src/util/game/_init.lua.gz,bcdf4ece04572b5061b3b1ee20fbb916
2384F48A1C14AA24755D5E9939E21732,699,src/util/shader/black.lua.gz,ffe0a4e4ebd23a67544320eab1f0d74e
A13F63864B3344075E06CFF23673253A,551,src/util/shader/blur.lua.gz,f2b88128ab52b9db8135f61a7cde257a
7D7E6CFEA35AAE46511949D330BCEC03,559,src/util/shader/blur_spine.lua.gz,2e51fe13eb9fe74709a3334ec161b815
09556747B55B5CA9311F95AB0781B7CE,1047,src/util/shader/clarity.lua.gz,51c56d636c6fbd70c1832ea7609503c9
723324EF7A0D08C24B1A8F02490E23CA,2219,src/util/shader/flow.lua.gz,e4528467776cc472a0f56e5283915aa9
E64117A54742040F96418627253F6E43,1103,src/util/shader/ghost.lua.gz,3beef9428e7d60bbcf5a531b7b2048e1
1290A0C75F36B6F76ACA11F3032E9380,651,src/util/shader/gray.lua.gz,46e1befcb452970676f6840e4634d137
0E29911931166299A1A8F4B5E7719F7B,355,src/util/shader/light_spine.lua.gz,cab02a894b87f001e4d2928acba9ada4
78394F2C774893E5987D39ACF7382135,635,src/util/shader/plasma.lua.gz,314f0495857a589c9115efb9488fa177
0D040C404CE256365183A40F884CD097,2751,src/util/shader/shader.lua.gz,aa04fb9fd74aabb98cfa67deb50b0737
290CC77535E96BCD6DA87E42C0439054,2299,src/util/shader/superArmor.lua.gz,c9017281b05051941ade054bcc05489a
C4561D5D997410CA8CB448F56BF87D15,1151,src/util/shader/tutor_gray.lua.gz,aa7feea73a98015ff14594de03f50ac7
8ADBCE42C32C424DFD6361C66AB6EEAC,883,src/util/shader/twinkle.lua.gz,a890dffc1f96e7fa79e19f6f40981e00
2833CC18B2ABA717A1054166966CE501,667,src/util/shader/wave.lua.gz,fba5f7df210fb82cbcd58517e0a87ed6
72D6EFA751F6E96D5BD824DAC520240B,463,src/util/shader/_init.lua.gz,c9b747f109d51c2e703a1689dc20ff88
CCEA37D8ED1CC2B6D5F9D2A1F5ABE341,4079,src/util/tool/ArrayEx.lua.gz,a778ab8b746f953192a27155e9e96d42
179967B68524876A18254E784C69034A,4359,src/util/tool/Base64.lua.gz,cbe6b76f04b7d668d87707c2db387f41
51AF378271FBED1223B3F48515E6BFC3,8483,src/util/tool/Checker.lua.gz,815f5bcf00f29ae572d79782d143ea2b
70A0775A51A9EEA17A0425266227AFFF,4771,src/util/tool/Common.lua.gz,0ac5dc2d16596394977ba91acb2062e0
4479317C529F2ADE7E14062961718CD0,10311,src/util/tool/Convert.lua.gz,98b92025bae2117deb37aa525c505b4f
8AD57FBB1E215C80DEC67A0D603E5D39,1627,src/util/tool/LuaJavaOc.lua.gz,61e4445854c97e8762d873aee36d2dfa
80423192869034D9CD838D9803F23440,735,src/util/tool/LuaProfiler.lua.gz,930639ef9b7fa533db8416746de52435
F35CFB8039E242B75DF9F2B60867F744,4531,src/util/tool/MathEx.lua.gz,670287896302ade0437174c014f3d49c
06FD51A95FB4C294107E8FD4530313CB,11231,src/util/tool/Profiler.lua.gz,282fb41e575fdc21048cabe2f547442c
714BB4F5E42C2748A60C1E34A8C6019E,15547,src/util/tool/StringEx.lua.gz,315c55132c17e7149ad333e439cc295f
B09735A3781CD74C9AF62AF9FA31F163,12843,src/util/tool/TestLog.lua.gz,c527ec100c70cd3a900918d9d8d76151
1CBA5AE3A9BA285594E6B31F9F8ED56A,15175,src/util/tool/Time.lua.gz,aecec6b54cd073126b1010a336567d66
30E42A66AA2B87603BFBABE741B8229E,351,src/util/tool/_init.lua.gz,711c7cbe328ef54b03256c54369764e7
69D7795C84CE742B1D980834D2960154,25,version.gz,a1a54e0d114beb50560a161432d6b44a
